x , y , z
1 , 0 , 0
0.999576 , 0.0206006 , 0
0.998727 , 0.0411925 , 0
0.997453 , 0.0617668 , 0
0.995756 , 0.0823149 , 0
0.993635 , 0.102828 , 0
0.99109 , 0.123297 , 0
0.988123 , 0.143714 , 0
0.984735 , 0.164069 , 0
0.980927 , 0.184355 , 0
0.976699 , 0.204561 , 0
0.972054 , 0.224681 , 0
0.966994 , 0.244704 , 0
0.96152 , 0.264622 , 0
0.955634 , 0.284427 , 0
0.949338 , 0.304111 , 0
0.942636 , 0.323664 , 0
0.935528 , 0.343078 , 0
0.92802 , 0.362344 , 0
0.920112 , 0.381455 , 0
0.911809 , 0.400402 , 0
0.903113 , 0.419177 , 0
0.894029 , 0.437771 , 0
0.884559 , 0.456177 , 0
0.874709 , 0.474386 , 0
0.86448 , 0.49239 , 0
0.853879 , 0.510182 , 0
0.842909 , 0.527753 , 0
0.831575 , 0.545096 , 0
0.819881 , 0.562204 , 0
0.807832 , 0.579068 , 0
0.795433 , 0.595682 , 0
0.78269 , 0.612037 , 0
0.769608 , 0.628128 , 0
0.756191 , 0.643945 , 0
0.742447 , 0.659484 , 0
0.72838 , 0.674735 , 0
0.713997 , 0.689694 , 0
0.699303 , 0.704353 , 0
0.684305 , 0.718705 , 0
0.669009 , 0.732745 , 0
0.653422 , 0.746466 , 0
0.63755 , 0.759861 , 0
0.6214 , 0.772925 , 0
0.604979 , 0.785652 , 0
0.588294 , 0.798036 , 0
0.571352 , 0.810072 , 0
0.554161 , 0.821753 , 0
0.536728 , 0.833076 , 0
0.519059 , 0.844034 , 0
0.501164 , 0.854624 , 0
0.48305 , 0.864839 , 0
0.464724 , 0.874675 , 0
0.446194 , 0.884129 , 0
0.427469 , 0.893195 , 0
0.408557 , 0.901869 , 0
0.389465 , 0.910148 , 0
0.370202 , 0.918028 , 0
0.350777 , 0.925505 , 0
0.331198 , 0.932575 , 0
0.311474 , 0.939236 , 0
0.291612 , 0.945484 , 0
0.271623 , 0.951316 , 0
0.251514 , 0.956731 , 0
0.231294 , 0.961724 , 0
0.210973 , 0.966295 , 0
0.190559 , 0.97044 , 0
0.170061 , 0.974158 , 0
0.149488 , 0.977447 , 0
0.128849 , 0.980305 , 0
0.108154 , 0.982732 , 0
0.0874104 , 0.984725 , 0
0.0666287 , 0.986285 , 0
0.0458176 , 0.987409 , 0
0.0249863 , 0.988099 , 0
0.00414398 , 0.988352 , 0
-0.0167002 , 0.98817 , 0
-0.037537 , 0.987552 , 0
-0.0583572 , 0.986498 , 0
-0.0791516 , 0.985008 , 0
-0.0999112 , 0.983084 , 0
-0.120627 , 0.980726 , 0
-0.141289 , 0.977935 , 0
-0.161889 , 0.974712 , 0
-0.182417 , 0.971059 , 0
-0.202865 , 0.966977 , 0
-0.223223 , 0.962468 , 0
-0.243482 , 0.957533 , 0
-0.263635 , 0.952177 , 0
-0.28367 , 0.946399 , 0
-0.303581 , 0.940204 , 0
-0.323357 , 0.933593 , 0
-0.34299 , 0.92657 , 0
-0.362472 , 0.919138 , 0
-0.381794 , 0.9113 , 0
-0.400948 , 0.90306 , 0
-0.419924 , 0.89442 , 0
-0.438715 , 0.885386 , 0
-0.457312 , 0.875961 , 0
-0.475708 , 0.86615 , 0
-0.493893 , 0.855956 , 0
-0.511861 , 0.845385 , 0
-0.529602 , 0.83444 , 0
-0.54711 , 0.823127 , 0
-0.564377 , 0.811452 , 0
-0.581395 , 0.799418 , 0
-0.598156 , 0.787032 , 0
-0.614654 , 0.774299 , 0
-0.630881 , 0.761224 , 0
-0.646829 , 0.747815 , 0
-0.662493 , 0.734075 , 0
-0.677865 , 0.720013 , 0
-0.692939 , 0.705633 , 0
-0.707708 , 0.690943 , 0
-0.722165 , 0.675949 , 0
-0.736304 , 0.660657 , 0
-0.75012 , 0.645075 , 0
-0.763606 , 0.629209 , 0
-0.776756 , 0.613067 , 0
-0.789565 , 0.596655 , 0
-0.802027 , 0.579982 , 0
-0.814137 , 0.563053 , 0
-0.82589 , 0.545878 , 0
-0.83728 , 0.528463 , 0
-0.848304 , 0.510816 , 0
-0.858955 , 0.492946 , 0
-0.86923 , 0.474859 , 0
-0.879124 , 0.456564 , 0
-0.888634 , 0.43807 , 0
-0.897754 , 0.419384 , 0
-0.906482 , 0.400514 , 0
-0.914813 , 0.381469 , 0
-0.922745 , 0.362258 , 0
-0.930274 , 0.342888 , 0
-0.937396 , 0.323369 , 0
-0.94411 , 0.303708 , 0
-0.950412 , 0.283915 , 0
-0.956299 , 0.263998 , 0
-0.96177 , 0.243967 , 0
-0.966822 , 0.223829 , 0
-0.971453 , 0.203593 , 0
-0.975662 , 0.183269 , 0
-0.979446 , 0.162866 , 0
-0.982805 , 0.142391 , 0
-0.985737 , 0.121855 , 0
-0.988242 , 0.101266 , 0
-0.990317 , 0.0806331 , 0
-0.991964 , 0.0599652 , 0
-0.993181 , 0.0392712 , 0
-0.993967 , 0.0185603 , 0
-0.994324 , -0.0021587 , 0
-0.994251 , -0.0228768 , 0
-0.993748 , -0.0435849 , 0
-0.992815 , -0.0642742 , 0
-0.991455 , -0.0849358 , 0
-0.989666 , -0.105561 , 0
-0.987451 , -0.12614 , 0
-0.984811 , -0.146665 , 0
-0.981746 , -0.167127 , 0
-0.97826 , -0.187517 , 0
-0.974353 , -0.207827 , 0
-0.970027 , -0.228047 , 0
-0.965284 , -0.248169 , 0
-0.960128 , -0.268185 , 0
-0.954559 , -0.288086 , 0
-0.948582 , -0.307863 , 0
-0.942198 , -0.327509 , 0
-0.935412 , -0.347014 , 0
-0.928225 , -0.366371 , 0
-0.920642 , -0.385571 , 0
-0.912665 , -0.404607 , 0
-0.904299 , -0.42347 , 0
-0.895548 , -0.442153 , 0
-0.886415 , -0.460647 , 0
-0.876904 , -0.478945 , 0
-0.86702 , -0.497039 , 0
-0.856768 , -0.514922 , 0
-0.846151 , -0.532586 , 0
-0.835175 , -0.550023 , 0
-0.823845 , -0.567228 , 0
-0.812165 , -0.584192 , 0
-0.800142 , -0.600908 , 0
-0.787779 , -0.61737 , 0
-0.775083 , -0.63357 , 0
-0.762059 , -0.649503 , 0
-0.748713 , -0.665161 , 0
-0.735051 , -0.680538 , 0
-0.721079 , -0.695629 , 0
-0.706803 , -0.710425 , 0
-0.692229 , -0.724923 , 0
-0.677363 , -0.739115 , 0
-0.662212 , -0.752996 , 0
-0.646783 , -0.76656 , 0
-0.631082 , -0.779802 , 0
-0.615116 , -0.792717 , 0
-0.598892 , -0.805299 , 0
-0.582417 , -0.817544 , 0
-0.565697 , -0.829445 , 0
-0.548741 , -0.841 , 0
-0.531555 , -0.852202 , 0
-0.514146 , -0.863048 , 0
-0.496523 , -0.873533 , 0
-0.478692 , -0.883653 , 0
-0.460662 , -0.893404 , 0
-0.442439 , -0.902782 , 0
-0.424032 , -0.911784 , 0
-0.405448 , -0.920406 , 0
-0.386695 , -0.928645 , 0
-0.367781 , -0.936497 , 0
-0.348714 , -0.94396 , 0
-0.329503 , -0.951031 , 0
-0.310154 , -0.957706 , 0
-0.290677 , -0.963984 , 0
-0.271079 , -0.969861 , 0
-0.251369 , -0.975337 , 0
-0.231554 , -0.980408 , 0
-0.211644 , -0.985074 , 0
-0.191646 , -0.989331 , 0
-0.171568 , -0.993179 , 0
-0.15142 , -0.996617 , 0
-0.131209 , -0.999642 , 0
-0.110944 , -1.00225 , 0
-0.0906332 , -1.00445 , 0
-0.0702849 , -1.00624 , 0
-0.0499076 , -1.00761 , 0
-0.0295098 , -1.00856 , 0
-0.00909984 , -1.0091 , 0
0.0113139 , -1.00922 , 0
0.031723 , -1.00893 , 0
0.052119 , -1.00822 , 0
0.0724936 , -1.0071 , 0
0.0928384 , -1.00556 , 0
0.113145 , -1.00361 , 0
0.133405 , -1.00125 , 0
0.153611 , -0.998479 , 0
0.173753 , -0.995297 , 0
0.193824 , -0.991706 , 0
0.213816 , -0.987708 , 0
0.23372 , -0.983306 , 0
0.253528 , -0.978501 , 0
0.273232 , -0.973295 , 0
0.292825 , -0.96769 , 0
0.312297 , -0.96169 , 0
0.331642 , -0.955296 , 0
0.350851 , -0.948511 , 0
0.369917 , -0.941338 , 0
0.388832 , -0.933781 , 0
0.407587 , -0.925841 , 0
0.426176 , -0.917524 , 0
0.444591 , -0.908832 , 0
0.462825 , -0.899769 , 0
0.480869 , -0.890338 , 0
0.498718 , -0.880544 , 0
0.516362 , -0.870391 , 0
0.533797 , -0.859883 , 0
0.551013 , -0.849024 , 0
0.568005 , -0.837818 , 0
0.584765 , -0.826272 , 0
0.601287 , -0.814388 , 0
0.617563 , -0.802172 , 0
0.633588 , -0.78963 , 0
0.649355 , -0.776765 , 0
0.664857 , -0.763585 , 0
0.680089 , -0.750093 , 0
0.695043 , -0.736295 , 0
0.709714 , -0.722198 , 0
0.724096 , -0.707807 , 0
0.738184 , -0.693127 , 0
0.751971 , -0.678165 , 0
0.765451 , -0.662927 , 0
0.77862 , -0.647419 , 0
0.791472 , -0.631647 , 0
0.804001 , -0.615619 , 0
0.816204 , -0.599339 , 0
0.828073 , -0.582816 , 0
0.839606 , -0.566055 , 0
0.850797 , -0.549063 , 0
0.861641 , -0.531849 , 0
0.872134 , -0.514417 , 0
0.882273 , -0.496776 , 0
0.892051 , -0.478933 , 0
0.901467 , -0.460894 , 0
0.910515 , -0.442668 , 0
0.919192 , -0.424261 , 0
0.927495 , -0.405682 , 0
0.935419 , -0.386937 , 0
0.942963 , -0.368034 , 0
0.950122 , -0.348982 , 0
0.956893 , -0.329787 , 0
0.963274 , -0.310457 , 0
0.969263 , -0.291001 , 0
0.974855 , -0.271427 , 0
0.98005 , -0.251741 , 0
0.984845 , -0.231953 , 0
0.989238 , -0.21207 , 0
0.993227 , -0.1921 , 0
0.99681 , -0.172052 , 0
0.999986 , -0.151934 , 0
1.00275 , -0.131753 , 0
1.00511 , -0.111519 , 0
1.00706 , -0.091239 , 0
1.00859 , -0.0709218 , 0
1.00971 , -0.0505755 , 0
1.01042 , -0.0302085 , 0
1.01071 , -0.00982913 , 0
1.01059 , 0.0105543 , 0
1.01006 , 0.0309333 , 0
1.00911 , 0.0512997 , 0
1.00775 , 0.0716451 , 0
1.00598 , 0.091961 , 0
1.00379 , 0.112239 , 0
1.00119 , 0.132471 , 0
0.998175 , 0.152649 , 0
0.994753 , 0.172764 , 0
0.990922 , 0.192808 , 0
0.986684 , 0.212773 , 0
0.982039 , 0.23265 , 0
0.97699 , 0.252431 , 0
0.971539 , 0.272108 , 0
0.965687 , 0.291673 , 0
0.959437 , 0.311118 , 0
0.952792 , 0.330435 , 0
0.945753 , 0.349615 , 0
0.938323 , 0.368651 , 0
0.930506 , 0.387534 , 0
0.922304 , 0.406257 , 0
0.913721 , 0.424813 , 0
0.904759 , 0.443192 , 0
0.895423 , 0.461388 , 0
0.885716 , 0.479393 , 0
0.875642 , 0.497199 , 0
0.865204 , 0.514798 , 0
0.854407 , 0.532185 , 0
0.843256 , 0.54935 , 0
0.831754 , 0.566286 , 0
0.819907 , 0.582988 , 0
0.807718 , 0.599447 , 0
0.795193 , 0.615656 , 0
0.782337 , 0.631609 , 0
0.769154 , 0.647298 , 0
0.755651 , 0.662718 , 0
0.741833 , 0.677861 , 0
0.727704 , 0.692721 , 0
0.713272 , 0.707292 , 0
0.698541 , 0.721566 , 0
0.683519 , 0.735539 , 0
0.66821 , 0.749204 , 0
0.652621 , 0.762555 , 0
0.636758 , 0.775586 , 0
0.620628 , 0.788292 , 0
0.604238 , 0.800667 , 0
0.587594 , 0.812706 , 0
0.570702 , 0.824403 , 0
0.553571 , 0.835753 , 0
0.536207 , 0.846751 , 0
0.518617 , 0.857393 , 0
0.500808 , 0.867673 , 0
0.482788 , 0.877587 , 0
0.464564 , 0.887131 , 0
0.446144 , 0.8963 , 0
0.427535 , 0.90509 , 0
0.408746 , 0.913497 , 0
0.389783 , 0.921518 , 0
0.370656 , 0.929148 , 0
0.351371 , 0.936384 , 0
0.331937 , 0.943224 , 0
0.312362 , 0.949662 , 0
0.292655 , 0.955698 , 0
0.272823 , 0.961327 , 0
0.252875 , 0.966547 , 0
0.23282 , 0.971356 , 0
0.212665 , 0.975751 , 0
0.19242 , 0.97973 , 0
0.172092 , 0.983291 , 0
0.151691 , 0.986432 , 0
0.131226 , 0.989152 , 0
0.110704 , 0.99145 , 0
0.0901347 , 0.993323 , 0
0.069527 , 0.994771 , 0
0.0488896 , 0.995792 , 0
0.0282311 , 0.996387 , 0
0.00756058 , 0.996555 , 0
-0.0131132 , 0.996295 , 0
-0.0337814 , 0.995607 , 0
-0.054435 , 0.994491 , 0
-0.0750652 , 0.992948 , 0
-0.0956632 , 0.990977 , 0
-0.11622 , 0.988579 , 0
-0.136727 , 0.985756 , 0
-0.157174 , 0.982507 , 0
-0.177554 , 0.978834 , 0
-0.197857 , 0.974739 , 0
-0.218075 , 0.970223 , 0
-0.238199 , 0.965287 , 0
-0.258219 , 0.959934 , 0
-0.278128 , 0.954165 , 0
-0.297916 , 0.947984 , 0
-0.317575 , 0.941391 , 0
-0.337097 , 0.93439 , 0
-0.356472 , 0.926984 , 0
-0.375692 , 0.919175 , 0
-0.394749 , 0.910967 , 0
-0.413635 , 0.902363 , 0
-0.432341 , 0.893367 , 0
-0.450859 , 0.883982 , 0
-0.46918 , 0.874212 , 0
-0.487297 , 0.864062 , 0
-0.505202 , 0.853535 , 0
-0.522886 , 0.842636 , 0
-0.540343 , 0.831369 , 0
-0.557563 , 0.819739 , 0
-0.57454 , 0.807752 , 0
-0.591266 , 0.795411 , 0
-0.607734 , 0.782723 , 0
-0.623936 , 0.769693 , 0
-0.639865 , 0.756325 , 0
-0.655514 , 0.742627 , 0
-0.670875 , 0.728604 , 0
-0.685943 , 0.714261 , 0
-0.700711 , 0.699605 , 0
-0.715171 , 0.684643 , 0
-0.729317 , 0.66938 , 0
-0.743143 , 0.653824 , 0
-0.756643 , 0.637981 , 0
-0.769811 , 0.621857 , 0
-0.782641 , 0.60546 , 0
-0.795127 , 0.588798 , 0
-0.807263 , 0.571876 , 0
-0.819044 , 0.554703 , 0
-0.830465 , 0.537286 , 0
-0.841521 , 0.519633 , 0
-0.852206 , 0.50175 , 0
-0.862516 , 0.483647 , 0
-0.872446 , 0.465331 , 0
-0.881992 , 0.44681 , 0
-0.89115 , 0.428093 , 0
-0.899914 , 0.409186 , 0
-0.908282 , 0.390099 , 0
-0.91625 , 0.37084 , 0
-0.923814 , 0.351418 , 0
-0.93097 , 0.331841 , 0
-0.937715 , 0.312117 , 0
-0.944047 , 0.292255 , 0
-0.949962 , 0.272265 , 0
-0.955458 , 0.252154 , 0
-0.960532 , 0.231932 , 0
-0.965182 , 0.211608 , 0
-0.969406 , 0.19119 , 0
-0.973202 , 0.170688 , 0
-0.976568 , 0.150111 , 0
-0.979503 , 0.129467 , 0
-0.982006 , 0.108766 , 0
-0.984074 , 0.0880173 , 0
-0.985709 , 0.0672295 , 0
-0.986908 , 0.046412 , 0
-0.987671 , 0.025574 , 0
-0.987997 , 0.00472465 , 0
-0.987888 , -0.0161267 , 0
-0.987342 , -0.036971 , 0
-0.986361 , -0.057799 , 0
-0.984943 , -0.0786014 , 0
-0.983091 , -0.0993691 , 0
-0.980805 , -0.120093 , 0
-0.978086 , -0.140764 , 0
-0.974935 , -0.161373 , 0
-0.971354 , -0.18191 , 0
-0.967344 , -0.202367 , 0
-0.962908 , -0.222735 , 0
-0.958046 , -0.243005 , 0
-0.952763 , -0.263167 , 0
-0.947059 , -0.283214 , 0
-0.940937 , -0.303135 , 0
-0.934401 , -0.322923 , 0
-0.927452 , -0.342569 , 0
-0.920096 , -0.362064 , 0
-0.912333 , -0.381399 , 0
-0.90417 , -0.400566 , 0
-0.895608 , -0.419557 , 0
-0.886651 , -0.438363 , 0
-0.877305 , -0.456976 , 0
-0.867573 , -0.475389 , 0
-0.857459 , -0.493592 , 0
-0.846968 , -0.511578 , 0
-0.836106 , -0.52934 , 0
-0.824875 , -0.546869 , 0
-0.813283 , -0.564157 , 0
-0.801333 , -0.581198 , 0
-0.789032 , -0.597984 , 0
-0.776385 , -0.614508 , 0
-0.763397 , -0.630762 , 0
-0.750075 , -0.64674 , 0
-0.736424 , -0.662435 , 0
-0.722451 , -0.677839 , 0
-0.708161 , -0.692947 , 0
-0.693562 , -0.707751 , 0
-0.678659 , -0.722246 , 0
-0.66346 , -0.736425 , 0
-0.64797 , -0.750283 , 0
-0.632198 , -0.763813 , 0
-0.61615 , -0.777009 , 0
-0.599833 , -0.789866 , 0
-0.583254 , -0.802379 , 0
-0.566421 , -0.814543 , 0
-0.549342 , -0.826351 , 0
-0.532023 , -0.8378 , 0
-0.514473 , -0.848884 , 0
-0.496699 , -0.859599 , 0
-0.478709 , -0.86994 , 0
-0.460511 , -0.879904 , 0
-0.442113 , -0.889485 , 0
-0.423523 , -0.898681 , 0
-0.40475 , -0.907486 , 0
-0.385801 , -0.915899 , 0
-0.366686 , -0.923914 , 0
-0.347411 , -0.93153 , 0
-0.327986 , -0.938743 , 0
-0.30842 , -0.94555 , 0
-0.28872 , -0.951949 , 0
-0.268895 , -0.957936 , 0
-0.248955 , -0.96351 , 0
-0.228907 , -0.968668 , 0
-0.20876 , -0.973409 , 0
-0.188524 , -0.977731 , 0
-0.168206 , -0.981632 , 0
-0.147816 , -0.985111 , 0
-0.127363 , -0.988166 , 0
-0.106855 , -0.990797 , 0
-0.0863004 , -0.993003 , 0
-0.0657093 , -0.994782 , 0
-0.0450901 , -0.996136 , 0
-0.0244515 , -0.997062 , 0
-0.0038024 , -0.997561 , 0
0.0168483 , -0.997634 , 0
0.0374918 , -0.997281 , 0
0.0581192 , -0.996501 , 0
0.0787219 , -0.995296 , 0
0.099291 , -0.993666 , 0
0.119818 , -0.991612 , 0
0.140293 , -0.989136 , 0
0.160709 , -0.986239 , 0
0.181057 , -0.982923 , 0
0.201328 , -0.979188 , 0
0.221513 , -0.975038 , 0
0.241604 , -0.970473 , 0
0.261592 , -0.965497 , 0
0.28147 , -0.960112 , 0
0.301228 , -0.954319 , 0
0.320859 , -0.948123 , 0
0.340354 , -0.941526 , 0
0.359705 , -0.93453 , 0
0.378905 , -0.92714 , 0
0.397944 , -0.919358 , 0
0.416815 , -0.911189 , 0
0.435511 , -0.902635 , 0
0.454023 , -0.893701 , 0
0.472344 , -0.884391 , 0
0.490467 , -0.874708 , 0
0.508383 , -0.864658 , 0
0.526085 , -0.854245 , 0
0.543567 , -0.843473 , 0
0.56082 , -0.832347 , 0
0.577839 , -0.820872 , 0
0.594615 , -0.809053 , 0
0.611142 , -0.796895 , 0
0.627414 , -0.784404 , 0
0.643423 , -0.771584 , 0
0.659163 , -0.758443 , 0
0.674628 , -0.744984 , 0
0.689811 , -0.731215 , 0
0.704707 , -0.71714 , 0
0.719309 , -0.702767 , 0
0.733611 , -0.688101 , 0
0.747608 , -0.673148 , 0
0.761293 , -0.657915 , 0
0.774662 , -0.642409 , 0
0.787709 , -0.626635 , 0
0.800429 , -0.610602 , 0
0.812817 , -0.594315 , 0
0.824868 , -0.577781 , 0
0.836576 , -0.561008 , 0
0.847938 , -0.544003 , 0
0.858949 , -0.526772 , 0
0.869604 , -0.509323 , 0
0.8799 , -0.491663 , 0
0.889832 , -0.4738 , 0
0.899396 , -0.455742 , 0
0.908588 , -0.437495 , 0
0.917406 , -0.419067 , 0
0.925845 , -0.400467 , 0
0.933902 , -0.381701 , 0
0.941574 , -0.362779 , 0
0.948859 , -0.343706 , 0
0.955753 , -0.324493 , 0
0.962253 , -0.305145 , 0
0.968357 , -0.285672 , 0
0.974064 , -0.266082 , 0
0.97937 , -0.246382 , 0
0.984273 , -0.226581 , 0
0.988773 , -0.206687 , 0
0.992866 , -0.186709 , 0
0.996553 , -0.166653 , 0
0.99983 , -0.146529 , 0
1.0027 , -0.126345 , 0
1.00515 , -0.10611 , 0
1.0072 , -0.0858307 , 0
1.00883 , -0.0655164 , 0
1.01005 , -0.0451753 , 0
1.01086 , -0.0248157 , 0
1.01125 , -0.00444602 , 0
1.01123 , 0.0159255 , 0
1.01079 , 0.0362906 , 0
1.00995 , 0.0566408 , 0
1.00868 , 0.0769678 , 0
1.00701 , 0.0972634 , 0
1.00493 , 0.117519 , 0
1.00243 , 0.137727 , 0
0.99953 , 0.157879 , 0
0.996219 , 0.177966 , 0
0.992501 , 0.197981 , 0
0.988379 , 0.217915 , 0
0.983853 , 0.23776 , 0
0.978926 , 0.257508 , 0
0.9736 , 0.277151 , 0
0.967877 , 0.296681 , 0
0.96176 , 0.31609 , 0
0.95525 , 0.33537 , 0
0.948352 , 0.354514 , 0
0.941067 , 0.373513 , 0
0.933399 , 0.392361 , 0
0.92535 , 0.411048 , 0
0.916925 , 0.429568 , 0
0.908126 , 0.447913 , 0
0.898957 , 0.466075 , 0
0.889423 , 0.484048 , 0
0.879526 , 0.501824 , 0
0.869271 , 0.519395 , 0
0.858662 , 0.536755 , 0
0.847704 , 0.553896 , 0
0.8364 , 0.570812 , 0
0.824756 , 0.587495 , 0
0.812775 , 0.603939 , 0
0.800464 , 0.620137 , 0
0.787827 , 0.636083 , 0
0.774869 , 0.651769 , 0
0.761596 , 0.667191 , 0
0.748012 , 0.68234 , 0
0.734124 , 0.697211 , 0
0.719936 , 0.711799 , 0
0.705455 , 0.726096 , 0
0.690687 , 0.740097 , 0
0.675637 , 0.753797 , 0
0.660312 , 0.767189 , 0
0.644717 , 0.780269 , 0
0.62886 , 0.793031 , 0
0.612746 , 0.805469 , 0
0.596382 , 0.817578 , 0
0.579775 , 0.829354 , 0
0.562931 , 0.840791 , 0
0.545857 , 0.851885 , 0
0.528561 , 0.862632 , 0
0.511048 , 0.873026 , 0
0.493327 , 0.883063 , 0
0.475404 , 0.89274 , 0
0.457287 , 0.902051 , 0
0.438983 , 0.910994 , 0
0.4205 , 0.919564 , 0
0.401844 , 0.927758 , 0
0.383024 , 0.935572 , 0
0.364047 , 0.943003 , 0
0.344921 , 0.950048 , 0
0.325653 , 0.956704 , 0
0.306253 , 0.962967 , 0
0.286726 , 0.968836 , 0
0.267082 , 0.974308 , 0
0.247329 , 0.979379 , 0
0.227473 , 0.984049 , 0
0.207525 , 0.988314 , 0
0.187491 , 0.992173 , 0
0.16738 , 0.995625 , 0
0.1472 , 0.998667 , 0
0.12696 , 1.0013 , 0
0.106668 , 1.00352 , 0
0.0863312 , 1.00532 , 0
0.0659592 , 1.00671 , 0
0.04556 , 1.00769 , 0
0.025142 , 1.00825 , 0
0.00471365 , 1.0084 , 0
-0.0157167 , 1.00813 , 0
-0.0361405 , 1.00744 , 0
-0.0565494 , 1.00634 , 0
-0.0769349 , 1.00482 , 0
-0.0972886 , 1.00288 , 0
-0.117602 , 1.00053 , 0
-0.137867 , 0.997764 , 0
-0.158074 , 0.994585 , 0
-0.178216 , 0.990994 , 0
-0.198284 , 0.986992 , 0
-0.21827 , 0.98258 , 0
-0.238165 , 0.97776 , 0
-0.257961 , 0.972534 , 0
-0.27765 , 0.966903 , 0
-0.297224 , 0.96087 , 0
-0.316673 , 0.954437 , 0
-0.335991 , 0.947606 , 0
-0.355168 , 0.94038 , 0
-0.374198 , 0.932762 , 0
-0.393071 , 0.924754 , 0
-0.41178 , 0.91636 , 0
-0.430317 , 0.907583 , 0
-0.448674 , 0.898427 , 0
-0.466843 , 0.888894 , 0
-0.484816 , 0.87899 , 0
-0.502587 , 0.868716 , 0
-0.520147 , 0.858079 , 0
-0.537488 , 0.847082 , 0
-0.554604 , 0.835728 , 0
-0.571486 , 0.824024 , 0
-0.588129 , 0.811973 , 0
-0.604524 , 0.799581 , 0
-0.620664 , 0.786852 , 0
-0.636543 , 0.773791 , 0
-0.652153 , 0.760404 , 0
-0.667489 , 0.746696 , 0
-0.682542 , 0.732673 , 0
-0.697307 , 0.718341 , 0
-0.711778 , 0.703704 , 0
-0.725947 , 0.68877 , 0
-0.739808 , 0.673544 , 0
-0.753357 , 0.658033 , 0
-0.766586 , 0.642243 , 0
-0.779489 , 0.626181 , 0
-0.792062 , 0.609852 , 0
-0.804298 , 0.593265 , 0
-0.816192 , 0.576425 , 0
-0.827739 , 0.55934 , 0
-0.838933 , 0.542016 , 0
-0.84977 , 0.524462 , 0
-0.860245 , 0.506684 , 0
-0.870352 , 0.48869 , 0
-0.880088 , 0.470488 , 0
-0.889448 , 0.452084 , 0
-0.898428 , 0.433487 , 0
-0.907023 , 0.414705 , 0
-0.91523 , 0.395745 , 0
-0.923045 , 0.376615 , 0
-0.930464 , 0.357324 , 0
-0.937484 , 0.33788 , 0
-0.944101 , 0.31829 , 0
-0.950313 , 0.298564 , 0
-0.956117 , 0.27871 , 0
-0.961509 , 0.258736 , 0
-0.966487 , 0.23865 , 0
-0.971049 , 0.218461 , 0
-0.975192 , 0.198179 , 0
-0.978915 , 0.177811 , 0
-0.982215 , 0.157366 , 0
-0.985091 , 0.136853 , 0
-0.987542 , 0.116281 , 0
-0.989565 , 0.0956588 , 0
-0.991161 , 0.0749952 , 0
-0.992327 , 0.0542991 , 0
-0.993064 , 0.0335795 , 0
-0.99337 , 0.0128453 , 0
-0.993245 , -0.0078944 , 0
-0.992689 , -0.0286307 , 0
-0.991702 , -0.0493546 , 0
-0.990285 , -0.070057 , 0
-0.988436 , -0.090729 , 0
-0.986158 , -0.111361 , 0
-0.983451 , -0.131946 , 0
-0.980316 , -0.152472 , 0
-0.976754 , -0.172932 , 0
-0.972765 , -0.193317 , 0
-0.968353 , -0.213618 , 0
-0.963518 , -0.233825 , 0
-0.958263 , -0.25393 , 0
-0.952589 , -0.273924 , 0
-0.946499 , -0.293799 , 0
-0.939995 , -0.313545 , 0
-0.93308 , -0.333154 , 0
-0.925756 , -0.352618 , 0
-0.918027 , -0.371927 , 0
-0.909897 , -0.391073 , 0
-0.901367 , -0.410047 , 0
-0.892443 , -0.428842 , 0
-0.883127 , -0.447449 , 0
-0.873424 , -0.46586 , 0
-0.863337 , -0.484066 , 0
-0.852872 , -0.502059 , 0
-0.842032 , -0.519833 , 0
-0.830822 , -0.537377 , 0
-0.819246 , -0.554686 , 0
-0.807311 , -0.571751 , 0
-0.795021 , -0.588564 , 0
-0.782381 , -0.605119 , 0
-0.769396 , -0.621407 , 0
-0.756073 , -0.637421 , 0
-0.742417 , -0.653155 , 0
-0.728434 , -0.668602 , 0
-0.714131 , -0.683753 , 0
-0.699512 , -0.698604 , 0
-0.684585 , -0.713147 , 0
-0.669357 , -0.727375 , 0
-0.653833 , -0.741282 , 0
-0.638021 , -0.754863 , 0
-0.621928 , -0.768111 , 0
-0.60556 , -0.781019 , 0
-0.588925 , -0.793584 , 0
-0.57203 , -0.805798 , 0
-0.554883 , -0.817656 , 0
-0.537491 , -0.829154 , 0
-0.519861 , -0.840285 , 0
-0.502002 , -0.851045 , 0
-0.483922 , -0.86143 , 0
-0.465627 , -0.871435 , 0
-0.447127 , -0.881054 , 0
-0.42843 , -0.890284 , 0
-0.409543 , -0.899122 , 0
-0.390476 , -0.907562 , 0
-0.371236 , -0.915601 , 0
-0.351832 , -0.923236 , 0
-0.332273 , -0.930464 , 0
-0.312567 , -0.93728 , 0
-0.292723 , -0.943683 , 0
-0.27275 , -0.949668 , 0
-0.252656 , -0.955235 , 0
-0.232451 , -0.960379 , 0
-0.212143 , -0.9651 , 0
-0.191741 , -0.969395 , 0
-0.171255 , -0.973262 , 0
-0.150693 , -0.976699 , 0
-0.130065 , -0.979705 , 0
-0.10938 , -0.98228 , 0
-0.0886457 , -0.98442 , 0
-0.0678727 , -0.986127 , 0
-0.0470698 , -0.987399 , 0
-0.0262462 , -0.988235 , 0
-0.00541099 , -0.988636 , 0
0.0154266 , -0.988601 , 0
0.0362574 , -0.988131 , 0
0.0570722 , -0.987226 , 0
0.0778619 , -0.985885 , 0
0.0986173 , -0.984111 , 0
0.119329 , -0.981904 , 0
0.139989 , -0.979264 , 0
0.160587 , -0.976194 , 0
0.181114 , -0.972695 , 0
0.201562 , -0.968768 , 0
0.221921 , -0.964415 , 0
0.242183 , -0.959639 , 0
0.262338 , -0.954441 , 0
0.282378 , -0.948825 , 0
0.302294 , -0.942792 , 0
0.322078 , -0.936346 , 0
0.341721 , -0.929489 , 0
0.361213 , -0.922225 , 0
0.380548 , -0.914557 , 0
0.399716 , -0.906488 , 0
0.418709 , -0.898023 , 0
0.437518 , -0.889164 , 0
0.456137 , -0.879917 , 0
0.474556 , -0.870286 , 0
0.492768 , -0.860274 , 0
0.510764 , -0.849887 , 0
0.528538 , -0.839128 , 0
0.546081 , -0.828004 , 0
0.563386 , -0.816518 , 0
0.580446 , -0.804677 , 0
0.597253 , -0.792486 , 0
0.6138 , -0.779949 , 0
0.630079 , -0.767073 , 0
0.646085 , -0.753864 , 0
0.66181 , -0.740327 , 0
0.677248 , -0.726468 , 0
0.692391 , -0.712294 , 0
0.707235 , -0.697811 , 0
0.721771 , -0.683026 , 0
0.735995 , -0.667945 , 0
0.7499 , -0.652574 , 0
0.763481 , -0.636921 , 0
0.776731 , -0.620992 , 0
0.789646 , -0.604795 , 0
0.80222 , -0.588337 , 0
0.814447 , -0.571625 , 0
0.826323 , -0.554666 , 0
0.837842 , -0.537468 , 0
0.849001 , -0.520039 , 0
0.859794 , -0.502385 , 0
0.870217 , -0.484516 , 0
0.880266 , -0.466438 , 0
0.889937 , -0.448159 , 0
0.899225 , -0.429688 , 0
0.908127 , -0.411033 , 0
0.91664 , -0.392201 , 0
0.924761 , -0.373202 , 0
0.932485 , -0.354042 , 0
0.93981 , -0.334731 , 0
0.946733 , -0.315277 , 0
0.953251 , -0.295688 , 0
0.959362 , -0.275973 , 0
0.965064 , -0.25614 , 0
0.970354 , -0.236197 , 0
0.975231 , -0.216154 , 0
0.979692 , -0.196019 , 0
0.983736 , -0.175801 , 0
0.987362 , -0.155507 , 0
0.990568 , -0.135148 , 0
0.993353 , -0.114731 , 0
0.995717 , -0.094266 , 0
0.997658 , -0.0737605 , 0
0.999177 , -0.0532238 , 0
1.00027 , -0.0326646 , 0
1.00094 , -0.0120915 , 0
1.00119 , 0.00848665 , 0
1.00102 , 0.0290612 , 0
1.00042 , 0.0496236 , 0
0.999401 , 0.0701649 , 0
0.99796 , 0.0906767 , 0
0.996098 , 0.11115 , 0
0.993816 , 0.131577 , 0
0.991117 , 0.151948 , 0
0.988 , 0.172256 , 0
0.984468 , 0.192491 , 0
0.980523 , 0.212645 , 0
0.976166 , 0.23271 , 0
0.971399 , 0.252677 , 0
0.966225 , 0.272539 , 0
0.960647 , 0.292286 , 0
0.954666 , 0.311911 , 0
0.948286 , 0.331405 , 0
0.941509 , 0.350761 , 0
0.934339 , 0.36997 , 0
0.926779 , 0.389025 , 0
0.918832 , 0.407917 , 0
0.910502 , 0.426639 , 0
0.901793 , 0.445184 , 0
0.892708 , 0.463543 , 0
0.883251 , 0.481709 , 0
0.873427 , 0.499675 , 0
0.863239 , 0.517433 , 0
0.852693 , 0.534975 , 0
0.841793 , 0.552296 , 0
0.830544 , 0.569388 , 0
0.81895 , 0.586243 , 0
0.807017 , 0.602856 , 0
0.794749 , 0.619219 , 0
0.782152 , 0.635325 , 0
0.769232 , 0.651168 , 0
0.755994 , 0.666742 , 0
0.742443 , 0.682041 , 0
0.728585 , 0.697058 , 0
0.714426 , 0.711786 , 0
0.699973 , 0.726222 , 0
0.68523 , 0.740357 , 0
0.670206 , 0.754187 , 0
0.654905 , 0.767707 , 0
0.639334 , 0.78091 , 0
0.6235 , 0.793792 , 0
0.60741 , 0.806347 , 0
0.591069 , 0.818571 , 0
0.574486 , 0.830458 , 0
0.557667 , 0.842003 , 0
0.540618 , 0.853203 , 0
0.523348 , 0.864052 , 0
0.505863 , 0.874547 , 0
0.48817 , 0.884683 , 0
0.470277 , 0.894457 , 0
0.452191 , 0.903863 , 0
0.43392 , 0.912899 , 0
0.415471 , 0.921562 , 0
0.396853 , 0.929847 , 0
0.378071 , 0.937751 , 0
0.359135 , 0.945271 , 0
0.340052 , 0.952405 , 0
0.32083 , 0.959149 , 0
0.301477 , 0.965502 , 0
0.282 , 0.971459 , 0
0.262409 , 0.97702 , 0
0.24271 , 0.982182 , 0
0.222912 , 0.986942 , 0
0.203023 , 0.9913 , 0
0.183051 , 0.995253 , 0
0.163005 , 0.998799 , 0
0.142892 , 1.00194 , 0
0.12272 , 1.00467 , 0
0.102499 , 1.00699 , 0
0.0822358 , 1.0089 , 0
0.0619391 , 1.0104 , 0
0.0416171 , 1.01149 , 0
0.0212783 , 1.01216 , 0
0.00093069 , 1.01242 , 0
-0.0194173 , 1.01227 , 0
-0.0397573 , 1.01171 , 0
-0.0600811 , 1.01074 , 0
-0.0803805 , 1.00935 , 0
-0.100647 , 1.00755 , 0
-0.120873 , 1.00535 , 0
-0.141049 , 1.00273 , 0
-0.161168 , 0.999703 , 0
-0.181222 , 0.996271 , 0
-0.201201 , 0.992433 , 0
-0.221099 , 0.988191 , 0
-0.240906 , 0.983546 , 0
-0.260616 , 0.978501 , 0
-0.280219 , 0.973058 , 0
-0.299709 , 0.967218 , 0
-0.319076 , 0.960984 , 0
-0.338313 , 0.954359 , 0
-0.357413 , 0.947346 , 0
-0.376367 , 0.939946 , 0
-0.395167 , 0.932164 , 0
-0.413807 , 0.924002 , 0
-0.432278 , 0.915463 , 0
-0.450573 , 0.906552 , 0
-0.468684 , 0.897271 , 0
-0.486604 , 0.887624 , 0
-0.504326 , 0.877615 , 0
-0.521842 , 0.867249 , 0
-0.539146 , 0.856529 , 0
-0.556229 , 0.845459 , 0
-0.573086 , 0.834045 , 0
-0.589709 , 0.82229 , 0
-0.606091 , 0.810199 , 0
-0.622225 , 0.797778 , 0
-0.638106 , 0.785031 , 0
-0.653726 , 0.771964 , 0
-0.669079 , 0.758581 , 0
-0.684158 , 0.744888 , 0
-0.698958 , 0.73089 , 0
-0.713471 , 0.716594 , 0
-0.727693 , 0.702004 , 0
-0.741618 , 0.687127 , 0
-0.755238 , 0.671969 , 0
-0.76855 , 0.656536 , 0
-0.781546 , 0.640834 , 0
-0.794223 , 0.624869 , 0
-0.806573 , 0.608648 , 0
-0.818594 , 0.592178 , 0
-0.830278 , 0.575465 , 0
-0.841621 , 0.558515 , 0
-0.852619 , 0.541336 , 0
-0.863267 , 0.523935 , 0
-0.87356 , 0.506319 , 0
-0.883494 , 0.488494 , 0
-0.893064 , 0.470468 , 0
-0.902268 , 0.452249 , 0
-0.911099 , 0.433844 , 0
-0.919556 , 0.41526 , 0
-0.927633 , 0.396505 , 0
-0.935328 , 0.377586 , 0
-0.942637 , 0.358512 , 0
-0.949558 , 0.33929 , 0
-0.956086 , 0.319927 , 0
-0.962219 , 0.300433 , 0
-0.967955 , 0.280814 , 0
-0.97329 , 0.261079 , 0
-0.978222 , 0.241237 , 0
-0.98275 , 0.221294 , 0
-0.98687 , 0.20126 , 0
-0.990581 , 0.181142 , 0
-0.993882 , 0.160949 , 0
-0.99677 , 0.140689 , 0
-0.999244 , 0.120371 , 0
-1.0013 , 0.100003 , 0
-1.00295 , 0.0795931 , 0
-1.00417 , 0.0591503 , 0
-1.00498 , 0.0386828 , 0
-1.00537 , 0.0181993 , 0
-1.00534 , -0.00229187 , 0
-1.00489 , -0.022782 , 0
-1.00402 , -0.0432627 , 0
-1.00273 , -0.0637253 , 0
-1.00103 , -0.0841613 , 0
-0.998903 , -0.104562 , 0
-0.99636 , -0.124919 , 0
-0.993401 , -0.145224 , 0
-0.990025 , -0.165468 , 0
-0.986234 , -0.185642 , 0
-0.982029 , -0.205739 , 0
-0.977412 , -0.22575 , 0
-0.972385 , -0.245665 , 0
-0.966949 , -0.265477 , 0
-0.961106 , -0.285178 , 0
-0.954859 , -0.304759 , 0
-0.94821 , -0.324211 , 0
-0.941161 , -0.343526 , 0
-0.933715 , -0.362697 , 0
-0.925875 , -0.381715 , 0
-0.917644 , -0.400571 , 0
-0.909025 , -0.419258 , 0
-0.900022 , -0.437768 , 0
-0.890637 , -0.456093 , 0
-0.880876 , -0.474224 , 0
-0.870741 , -0.492155 , 0
-0.860238 , -0.509876 , 0
-0.849369 , -0.527382 , 0
-0.838139 , -0.544663 , 0
-0.826553 , -0.561713 , 0
-0.814615 , -0.578524 , 0
-0.802331 , -0.595089 , 0
-0.789705 , -0.6114 , 0
-0.776743 , -0.627451 , 0
-0.763449 , -0.643234 , 0
-0.74983 , -0.658743 , 0
-0.73589 , -0.67397 , 0
-0.721636 , -0.688909 , 0
-0.707073 , -0.703554 , 0
-0.692208 , -0.717898 , 0
-0.677046 , -0.731934 , 0
-0.661594 , -0.745656 , 0
-0.645858 , -0.759059 , 0
-0.629845 , -0.772136 , 0
-0.613562 , -0.784882 , 0
-0.597015 , -0.79729 , 0
-0.580211 , -0.809355 , 0
-0.563158 , -0.821072 , 0
-0.545862 , -0.832436 , 0
-0.528331 , -0.843441 , 0
-0.510572 , -0.854082 , 0
-0.492593 , -0.864355 , 0
-0.474402 , -0.874255 , 0
-0.456005 , -0.883778 , 0
-0.437412 , -0.892918 , 0
-0.418629 , -0.901672 , 0
-0.399665 , -0.910036 , 0
-0.380528 , -0.918006 , 0
-0.361226 , -0.925578 , 0
-0.341768 , -0.932749 , 0
-0.322161 , -0.939515 , 0
-0.302415 , -0.945874 , 0
-0.282537 , -0.951822 , 0
-0.262536 , -0.957356 , 0
-0.242422 , -0.962474 , 0
-0.222201 , -0.967173 , 0
-0.201885 , -0.971451 , 0
-0.18148 , -0.975307 , 0
-0.160996 , -0.978737 , 0
-0.140442 , -0.98174 , 0
-0.119826 , -0.984316 , 0
-0.0991588 , -0.986462 , 0
-0.0784479 , -0.988177 , 0
-0.0577027 , -0.98946 , 0
-0.0369323 , -0.990311 , 0
-0.0161457 , -0.99073 , 0
0.00464792 , -0.990714 , 0
0.0254395 , -0.990265 , 0
0.04622 , -0.989383 , 0
0.0669802 , -0.988067 , 0
0.087711 , -0.986318 , 0
0.108403 , -0.984137 , 0
0.129048 , -0.981524 , 0
0.149637 , -0.978481 , 0
0.170159 , -0.975008 , 0
0.190607 , -0.971107 , 0
0.210971 , -0.96678 , 0
0.231242 , -0.962027 , 0
0.251412 , -0.956852 , 0
0.271472 , -0.951256 , 0
0.291411 , -0.945242 , 0
0.311223 , -0.938812 , 0
0.330898 , -0.931969 , 0
0.350427 , -0.924715 , 0
0.369801 , -0.917055 , 0
0.389013 , -0.90899 , 0
0.408054 , -0.900525 , 0
0.426914 , -0.891663 , 0
0.445587 , -0.882408 , 0
0.464063 , -0.872764 , 0
0.482334 , -0.862736 , 0
0.500393 , -0.852326 , 0
0.518231 , -0.841541 , 0
0.53584 , -0.830385 , 0
0.553213 , -0.818862 , 0
0.570342 , -0.806978 , 0
0.587219 , -0.794737 , 0
0.603837 , -0.782146 , 0
0.620188 , -0.769209 , 0
0.636266 , -0.755933 , 0
0.652062 , -0.742323 , 0
0.667571 , -0.728386 , 0
0.682785 , -0.714126 , 0
0.697697 , -0.699552 , 0
0.712301 , -0.684668 , 0
0.72659 , -0.669482 , 0
0.740559 , -0.654 , 0
0.754201 , -0.63823 , 0
0.767509 , -0.622178 , 0
0.780479 , -0.60585 , 0
0.793104 , -0.589256 , 0
0.805379 , -0.572401 , 0
0.817298 , -0.555293 , 0
0.828856 , -0.537941 , 0
0.840048 , -0.52035 , 0
0.85087 , -0.50253 , 0
0.861316 , -0.484489 , 0
0.871382 , -0.466233 , 0
0.881063 , -0.447772 , 0
0.890356 , -0.429113 , 0
0.899256 , -0.410265 , 0
0.90776 , -0.391236 , 0
0.915863 , -0.372035 , 0
0.923562 , -0.352669 , 0
0.930855 , -0.333148 , 0
0.937737 , -0.313481 , 0
0.944206 , -0.293675 , 0
0.95026 , -0.27374 , 0
0.955894 , -0.253684 , 0
0.961109 , -0.233517 , 0
0.9659 , -0.213246 , 0
0.970266 , -0.192883 , 0
0.974205 , -0.172434 , 0
0.977717 , -0.151909 , 0
0.980798 , -0.131318 , 0
0.983449 , -0.110669 , 0
0.985667 , -0.0899711 , 0
0.987453 , -0.069234 , 0
0.988806 , -0.0484665 , 0
0.989725 , -0.0276777 , 0
0.990209 , -0.00687677 , 0
0.99026 , 0.0139272 , 0
0.989877 , 0.034725 , 0
0.98906 , 0.0555076 , 0
0.98781 , 0.076266 , 0
0.986128 , 0.0969909 , 0
0.984015 , 0.117673 , 0
0.981471 , 0.138305 , 0
0.978499 , 0.158875 , 0
0.975099 , 0.179376 , 0
0.971273 , 0.199799 , 0
0.967024 , 0.220135 , 0
0.962353 , 0.240375 , 0
0.957262 , 0.26051 , 0
0.951754 , 0.280531 , 0
0.945832 , 0.300431 , 0
0.939498 , 0.320199 , 0
0.932756 , 0.339829 , 0
0.925608 , 0.35931 , 0
0.918058 , 0.378636 , 0
0.910109 , 0.397797 , 0
0.901766 , 0.416785 , 0
0.893031 , 0.435593 , 0
0.883909 , 0.454211 , 0
0.874404 , 0.472633 , 0
0.864521 , 0.490851 , 0
0.854263 , 0.508856 , 0
0.843636 , 0.526641 , 0
0.832645 , 0.544198 , 0
0.821294 , 0.561521 , 0
0.809588 , 0.578601 , 0
0.797534 , 0.595431 , 0
0.785135 , 0.612005 , 0
0.772398 , 0.628315 , 0
0.759329 , 0.644355 , 0
0.745933 , 0.660117 , 0
0.732217 , 0.675596 , 0
0.718186 , 0.690784 , 0
0.703846 , 0.705676 , 0
0.689204 , 0.720265 , 0
0.674267 , 0.734545 , 0
0.659042 , 0.748511 , 0
0.643533 , 0.762156 , 0
0.62775 , 0.775475 , 0
0.611698 , 0.788462 , 0
0.595385 , 0.801112 , 0
0.578817 , 0.813421 , 0
0.562003 , 0.825382 , 0
0.544948 , 0.836991 , 0
0.527662 , 0.848243 , 0
0.510151 , 0.859135 , 0
0.492423 , 0.86966 , 0
0.474485 , 0.879816 , 0
0.456346 , 0.889598 , 0
0.438013 , 0.899003 , 0
0.419494 , 0.908025 , 0
0.400797 , 0.916663 , 0
0.381931 , 0.924912 , 0
0.362902 , 0.93277 , 0
0.34372 , 0.940233 , 0
0.324393 , 0.947298 , 0
0.304929 , 0.953964 , 0
0.285336 , 0.960226 , 0
0.265622 , 0.966083 , 0
0.245797 , 0.971532 , 0
0.225868 , 0.976573 , 0
0.205844 , 0.981202 , 0
0.185733 , 0.985418 , 0
0.165544 , 0.98922 , 0
0.145286 , 0.992606 , 0
0.124966 , 0.995575 , 0
0.104594 , 0.998126 , 0
0.0841783 , 1.00026 , 0
0.0637272 , 1.00197 , 0
0.0432494 , 1.00327 , 0
0.0227536 , 1.00414 , 0
0.00224818 , 1.00459 , 0
-0.0182581 , 1.00463 , 0
-0.0387568 , 1.00424 , 0
-0.0592394 , 1.00344 , 0
-0.0796972 , 1.00221 , 0
-0.100122 , 1.00057 , 0
-0.120505 , 0.998514 , 0
-0.140837 , 0.996039 , 0
-0.161111 , 0.993151 , 0
-0.181318 , 0.989849 , 0
-0.20145 , 0.986136 , 0
-0.221498 , 0.982013 , 0
-0.241454 , 0.977483 , 0
-0.26131 , 0.972546 , 0
-0.281058 , 0.967207 , 0
-0.300689 , 0.961467 , 0
-0.320195 , 0.955328 , 0
-0.339569 , 0.948794 , 0
-0.358802 , 0.941868 , 0
-0.377888 , 0.934552 , 0
-0.396816 , 0.92685 , 0
-0.415581 , 0.918765 , 0
-0.434175 , 0.9103 , 0
-0.452589 , 0.90146 , 0
-0.470817 , 0.892249 , 0
-0.48885 , 0.882669 , 0
-0.506682 , 0.872726 , 0
-0.524306 , 0.862423 , 0
-0.541713 , 0.851765 , 0
-0.558898 , 0.840757 , 0
-0.575853 , 0.829403 , 0
-0.592571 , 0.817708 , 0
-0.609046 , 0.805678 , 0
-0.62527 , 0.793316 , 0
-0.641238 , 0.780628 , 0
-0.656943 , 0.767621 , 0
-0.672378 , 0.754298 , 0
-0.687538 , 0.740666 , 0
-0.702415 , 0.726731 , 0
-0.717005 , 0.712497 , 0
-0.731302 , 0.697972 , 0
-0.745298 , 0.683162 , 0
-0.75899 , 0.668071 , 0
-0.772371 , 0.652707 , 0
-0.785437 , 0.637076 , 0
-0.798181 , 0.621185 , 0
-0.810599 , 0.60504 , 0
-0.822685 , 0.588647 , 0
-0.834436 , 0.572014 , 0
-0.845845 , 0.555148 , 0
-0.85691 , 0.538054 , 0
-0.867624 , 0.520741 , 0
-0.877985 , 0.503216 , 0
-0.887987 , 0.485485 , 0
-0.897627 , 0.467556 , 0
-0.9069 , 0.449437 , 0
-0.915804 , 0.431134 , 0
-0.924335 , 0.412655 , 0
-0.932488 , 0.394008 , 0
-0.940262 , 0.375201 , 0
-0.947652 , 0.35624 , 0
-0.954657 , 0.337135 , 0
-0.961272 , 0.317892 , 0
-0.967496 , 0.29852 , 0
-0.973325 , 0.279026 , 0
-0.978759 , 0.259418 , 0
-0.983793 , 0.239705 , 0
-0.988427 , 0.219894 , 0
-0.992659 , 0.199993 , 0
-0.996486 , 0.180012 , 0
-0.999907 , 0.159956 , 0
-1.00292 , 0.139836 , 0
-1.00553 , 0.119659 , 0
-1.00772 , 0.0994329 , 0
-1.00951 , 0.0791664 , 0
-1.01089 , 0.0588677 , 0
-1.01185 , 0.0385451 , 0
-1.0124 , 0.0182067 , 0
-1.01254 , -0.00213905 , 0
-1.01227 , -0.022484 , 0
-1.01158 , -0.0428197 , 0
-1.01048 , -0.063138 , 0
-1.00897 , -0.0834306 , 0
-1.00705 , -0.103689 , 0
-1.00472 , -0.123906 , 0
-1.00198 , -0.144071 , 0
-0.998834 , -0.164178 , 0
-0.995278 , -0.184219 , 0
-0.991316 , -0.204184 , 0
-0.98695 , -0.224065 , 0
-0.982182 , -0.243856 , 0
-0.977012 , -0.263547 , 0
-0.971444 , -0.28313 , 0
-0.96548 , -0.302598 , 0
-0.959121 , -0.321942 , 0
-0.95237 , -0.341155 , 0
-0.945231 , -0.360228 , 0
-0.937705 , -0.379154 , 0
-0.929796 , -0.397926 , 0
-0.921507 , -0.416534 , 0
-0.912841 , -0.434972 , 0
-0.903801 , -0.453233 , 0
-0.894392 , -0.471307 , 0
-0.884616 , -0.489189 , 0
-0.874479 , -0.506871 , 0
-0.863983 , -0.524344 , 0
-0.853133 , -0.541603 , 0
-0.841933 , -0.55864 , 0
-0.830388 , -0.575448 , 0
-0.818502 , -0.59202 , 0
-0.80628 , -0.608349 , 0
-0.793727 , -0.624427 , 0
-0.780848 , -0.64025 , 0
-0.767649 , -0.655809 , 0
-0.754133 , -0.671099 , 0
-0.740308 , -0.686112 , 0
-0.726177 , -0.700843 , 0
-0.711748 , -0.715286 , 0
-0.697025 , -0.729434 , 0
-0.682016 , -0.743281 , 0
-0.666725 , -0.756822 , 0
-0.651159 , -0.770051 , 0
-0.635324 , -0.782962 , 0
-0.619227 , -0.795549 , 0
-0.602874 , -0.807808 , 0
-0.586271 , -0.819733 , 0
-0.569427 , -0.831319 , 0
-0.552346 , -0.84256 , 0
-0.535037 , -0.853453 , 0
-0.517506 , -0.863992 , 0
-0.499761 , -0.874173 , 0
-0.481808 , -0.883992 , 0
-0.463655 , -0.893443 , 0
-0.44531 , -0.902524 , 0
-0.42678 , -0.911229 , 0
-0.408072 , -0.919556 , 0
-0.389195 , -0.9275 , 0
-0.370155 , -0.935058 , 0
-0.350962 , -0.942226 , 0
-0.331622 , -0.949002 , 0
-0.312144 , -0.955382 , 0
-0.292535 , -0.961363 , 0
-0.272804 , -0.966942 , 0
-0.25296 , -0.972118 , 0
-0.233009 , -0.976887 , 0
-0.212961 , -0.981247 , 0
-0.192824 , -0.985197 , 0
-0.172606 , -0.988734 , 0
-0.152316 , -0.991856 , 0
-0.131961 , -0.994562 , 0
-0.111552 , -0.99685 , 0
-0.0910954 , -0.99872 , 0
-0.0706006 , -1.00017 , 0
-0.0500762 , -1.0012 , 0
-0.0295306 , -1.00181 , 0
-0.00897261 , -1.00199 , 0
0.0115892 , -1.00176 , 0
0.0321461 , -1.0011 , 0
0.0526894 , -1.00001 , 0
0.0732104 , -0.998509 , 0
0.0937005 , -0.996583 , 0
0.114151 , -0.994235 , 0
0.134553 , -0.991466 , 0
0.154898 , -0.988277 , 0
0.175178 , -0.984669 , 0
0.195383 , -0.980643 , 0
0.215505 , -0.976201 , 0
0.235536 , -0.971345 , 0
0.255466 , -0.966075 , 0
0.275288 , -0.960395 , 0
0.294993 , -0.954305 , 0
0.314572 , -0.94781 , 0
0.334017 , -0.94091 , 0
0.35332 , -0.933609 , 0
0.372471 , -0.925909 , 0
0.391464 , -0.917814 , 0
0.410289 , -0.909326 , 0
0.428939 , -0.900449 , 0
0.447405 , -0.891187 , 0
0.465679 , -0.881544 , 0
0.483754 , -0.871522 , 0
0.501621 , -0.861127 , 0
0.519273 , -0.850361 , 0
0.536702 , -0.839231 , 0
0.553901 , -0.82774 , 0
0.570861 , -0.815893 , 0
0.587575 , -0.803695 , 0
0.604037 , -0.791151 , 0
0.620238 , -0.778266 , 0
0.636171 , -0.765045 , 0
0.651831 , -0.751494 , 0
0.667208 , -0.737619 , 0
0.682298 , -0.723425 , 0
0.697092 , -0.708918 , 0
0.711585 , -0.694105 , 0
0.72577 , -0.678991 , 0
0.739641 , -0.663584 , 0
0.753191 , -0.647888 , 0
0.766415 , -0.631912 , 0
0.779306 , -0.615661 , 0
0.791859 , -0.599144 , 0
0.804067 , -0.582366 , 0
0.815927 , -0.565335 , 0
0.827431 , -0.548058 , 0
0.838576 , -0.530542 , 0
0.849355 , -0.512796 , 0
0.859765 , -0.494826 , 0
0.8698 , -0.476641 , 0
0.879455 , -0.458248 , 0
0.888727 , -0.439655 , 0
0.897611 , -0.42087 , 0
0.906103 , -0.401901 , 0
0.914199 , -0.382757 , 0
0.921896 , -0.363445 , 0
0.929189 , -0.343975 , 0
0.936076 , -0.324354 , 0
0.942554 , -0.304591 , 0
0.948618 , -0.284694 , 0
0.954267 , -0.264673 , 0
0.959497 , -0.244536 , 0
0.964307 , -0.224292 , 0
0.968694 , -0.203949 , 0
0.972656 , -0.183517 , 0
0.976191 , -0.163004 , 0
0.979298 , -0.142419 , 0
0.981974 , -0.121773 , 0
0.984218 , -0.101072 , 0
0.98603 , -0.0803272 , 0
0.987409 , -0.059547 , 0
0.988353 , -0.0387407 , 0
0.988862 , -0.0179172 , 0
0.988936 , 0.00291408 , 0
0.988574 , 0.0237441 , 0
0.987777 , 0.0445637 , 0
0.986545 , 0.0653636 , 0
0.984879 , 0.0861348 , 0
0.982778 , 0.106868 , 0
0.980245 , 0.127554 , 0
0.977279 , 0.148184 , 0
0.973882 , 0.168748 , 0
0.970055 , 0.189238 , 0
0.965801 , 0.209645 , 0
0.96112 , 0.229959 , 0
0.956016 , 0.250172 , 0
0.950489 , 0.270274 , 0
0.944543 , 0.290257 , 0
0.93818 , 0.310112 , 0
0.931403 , 0.32983 , 0
0.924215 , 0.349402 , 0
0.916618 , 0.36882 , 0
0.908617 , 0.388075 , 0
0.900214 , 0.407159 , 0
0.891414 , 0.426063 , 0
0.882221 , 0.444778 , 0
0.872637 , 0.463298 , 0
0.862669 , 0.481612 , 0
0.852319 , 0.499714 , 0
0.841593 , 0.517596 , 0
0.830495 , 0.535249 , 0
0.819031 , 0.552665 , 0
0.807204 , 0.569837 , 0
0.795022 , 0.586758 , 0
0.782488 , 0.60342 , 0
0.769609 , 0.619815 , 0
0.756391 , 0.635937 , 0
0.742838 , 0.651778 , 0
0.728958 , 0.667332 , 0
0.714756 , 0.682591 , 0
0.700239 , 0.697549 , 0
0.685413 , 0.712199 , 0
0.670284 , 0.726535 , 0
0.654861 , 0.740551 , 0
0.639148 , 0.754241 , 0
0.623154 , 0.767598 , 0
0.606885 , 0.780617 , 0
0.590349 , 0.793292 , 0
0.573553 , 0.805617 , 0
0.556505 , 0.817588 , 0
0.539211 , 0.829199 , 0
0.52168 , 0.840446 , 0
0.50392 , 0.851322 , 0
0.485938 , 0.861824 , 0
0.467743 , 0.871948 , 0
0.449342 , 0.881688 , 0
0.430743 , 0.891041 , 0
0.411956 , 0.900002 , 0
0.392987 , 0.908569 , 0
0.373847 , 0.916736 , 0
0.354542 , 0.924502 , 0
0.335081 , 0.931862 , 0
0.315474 , 0.938814 , 0
0.295729 , 0.945355 , 0
0.275854 , 0.951481 , 0
0.255858 , 0.957191 , 0
0.235751 , 0.962483 , 0
0.21554 , 0.967353 , 0
0.195235 , 0.9718 , 0
0.174845 , 0.975823 , 0
0.154378 , 0.97942 , 0
0.133844 , 0.982589 , 0
0.113252 , 0.98533 , 0
0.0926105 , 0.987641 , 0
0.0719284 , 0.989521 , 0
0.051215 , 0.990971 , 0
0.0304793 , 0.991988 , 0
0.0097303 , 0.992575 , 0
-0.0110229 , 0.99273 , 0
-0.0317713 , 0.992453 , 0
-0.0525059 , 0.991745 , 0
-0.0732177 , 0.990606 , 0
-0.0938978 , 0.989038 , 0
-0.114537 , 0.987041 , 0
-0.135127 , 0.984616 , 0
-0.155658 , 0.981765 , 0
-0.176122 , 0.978488 , 0
-0.196509 , 0.974789 , 0
-0.216812 , 0.970668 , 0
-0.237021 , 0.966127 , 0
-0.257128 , 0.96117 , 0
-0.277123 , 0.955797 , 0
-0.296999 , 0.950013 , 0
-0.316748 , 0.943819 , 0
-0.336359 , 0.937218 , 0
-0.355826 , 0.930215 , 0
-0.37514 , 0.922811 , 0
-0.394293 , 0.91501 , 0
-0.413276 , 0.906817 , 0
-0.432082 , 0.898234 , 0
-0.450703 , 0.889266 , 0
-0.46913 , 0.879916 , 0
-0.487357 , 0.87019 , 0
-0.505374 , 0.860091 , 0
-0.523176 , 0.849625 , 0
-0.540754 , 0.838795 , 0
-0.558101 , 0.827606 , 0
-0.575209 , 0.816065 , 0
-0.592073 , 0.804175 , 0
-0.608684 , 0.791942 , 0
-0.625035 , 0.779372 , 0
-0.641121 , 0.766471 , 0
-0.656933 , 0.753243 , 0
-0.672467 , 0.739695 , 0
-0.687714 , 0.725832 , 0
-0.70267 , 0.711662 , 0
-0.717328 , 0.69719 , 0
-0.731681 , 0.682422 , 0
-0.745725 , 0.667365 , 0
-0.759453 , 0.652025 , 0
-0.772859 , 0.63641 , 0
-0.785939 , 0.620525 , 0
-0.798687 , 0.604379 , 0
-0.811098 , 0.587977 , 0
-0.823166 , 0.571327 , 0
-0.834888 , 0.554436 , 0
-0.846257 , 0.537312 , 0
-0.857271 , 0.519962 , 0
-0.867923 , 0.502392 , 0
-0.878211 , 0.484612 , 0
-0.88813 , 0.466628 , 0
-0.897676 , 0.448448 , 0
-0.906845 , 0.43008 , 0
-0.915635 , 0.411531 , 0
-0.92404 , 0.39281 , 0
-0.932058 , 0.373925 , 0
-0.939687 , 0.354883 , 0
-0.946922 , 0.335693 , 0
-0.953762 , 0.316362 , 0
-0.960204 , 0.296899 , 0
-0.966244 , 0.277313 , 0
-0.971882 , 0.257611 , 0
-0.977114 , 0.237801 , 0
-0.98194 , 0.217892 , 0
-0.986356 , 0.197893 , 0
-0.990363 , 0.177811 , 0
-0.993957 , 0.157655 , 0
-0.997138 , 0.137434 , 0
-0.999906 , 0.117156 , 0
-1.00226 , 0.0968287 , 0
-1.00419 , 0.0764615 , 0
-1.00571 , 0.0560627 , 0
-1.00682 , 0.0356407 , 0
-1.0075 , 0.0152039 , 0
-1.00777 , -0.00523924 , 0
-1.00763 , -0.0256802 , 0
-1.00706 , -0.0461105 , 0
-1.00608 , -0.0665218 , 0
-1.00469 , -0.0869055 , 0
-1.00288 , -0.107253 , 0
-1.00065 , -0.127557 , 0
-0.998015 , -0.147808 , 0
-0.994967 , -0.167998 , 0
-0.991509 , -0.188119 , 0
-0.987643 , -0.208163 , 0
-0.98337 , -0.228121 , 0
-0.978693 , -0.247985 , 0
-0.973613 , -0.267747 , 0
-0.968133 , -0.287399 , 0
-0.962256 , -0.306932 , 0
-0.955983 , -0.32634 , 0
-0.949318 , -0.345614 , 0
-0.942264 , -0.364746 , 0
-0.934822 , -0.383729 , 0
-0.926998 , -0.402554 , 0
-0.918794 , -0.421214 , 0
-0.910213 , -0.439702 , 0
-0.90126 , -0.458009 , 0
-0.891937 , -0.476129 , 0
-0.88225 , -0.494054 , 0
-0.872202 , -0.511778 , 0
-0.861797 , -0.529291 , 0
-0.851039 , -0.546589 , 0
-0.839934 , -0.563663 , 0
-0.828485 , -0.580506 , 0
-0.816698 , -0.597113 , 0
-0.804578 , -0.613475 , 0
-0.792129 , -0.629587 , 0
-0.779357 , -0.645442 , 0
-0.766266 , -0.661034 , 0
-0.752863 , -0.676356 , 0
-0.739153 , -0.691402 , 0
-0.725141 , -0.706166 , 0
-0.710834 , -0.720643 , 0
-0.696237 , -0.734825 , 0
-0.681356 , -0.748708 , 0
-0.666197 , -0.762285 , 0
-0.650767 , -0.775553 , 0
-0.635072 , -0.788504 , 0
-0.619118 , -0.801133 , 0
-0.602912 , -0.813437 , 0
-0.58646 , -0.825409 , 0
-0.569769 , -0.837045 , 0
-0.552847 , -0.84834 , 0
-0.535699 , -0.859289 , 0
-0.518333 , -0.869889 , 0
-0.500756 , -0.880135 , 0
-0.482975 , -0.890022 , 0
-0.464998 , -0.899546 , 0
-0.446831 , -0.908705 , 0
-0.428482 , -0.917493 , 0
-0.409958 , -0.925908 , 0
-0.391268 , -0.933946 , 0
-0.372419 , -0.941603 , 0
-0.353417 , -0.948877 , 0
-0.334272 , -0.955765 , 0
-0.314991 , -0.962263 , 0
-0.295581 , -0.968369 , 0
-0.276051 , -0.974081 , 0
-0.256409 , -0.979396 , 0
-0.236662 , -0.984312 , 0
-0.216818 , -0.988827 , 0
-0.196886 , -0.992938 , 0
-0.176874 , -0.996645 , 0
-0.15679 , -0.999946 , 0
-0.136642 , -1.00284 , 0
-0.116438 , -1.00532 , 0
-0.0961869 , -1.0074 , 0
-0.0758963 , -1.00906 , 0
-0.0555747 , -1.01031 , 0
-0.0352304 , -1.01115 , 0
-0.0148718 , -1.01157 , 0
0.00549294 , -1.01159 , 0
0.0258554 , -1.01119 , 0
0.0462073 , -1.01037 , 0
0.0665403 , -1.00914 , 0
0.0868462 , -1.0075 , 0
0.107116 , -1.00545 , 0
0.127343 , -1.00299 , 0
0.147517 , -1.00012 , 0
0.167631 , -0.996833 , 0
0.187677 , -0.993142 , 0
0.207645 , -0.989043 , 0
0.227528 , -0.98454 , 0
0.247318 , -0.979632 , 0
0.267007 , -0.974323 , 0
0.286586 , -0.968614 , 0
0.306047 , -0.962507 , 0
0.325383 , -0.956005 , 0
0.344585 , -0.949111 , 0
0.363645 , -0.941826 , 0
0.382556 , -0.934154 , 0
0.401309 , -0.926097 , 0
0.419897 , -0.91766 , 0
0.438313 , -0.908844 , 0
0.456548 , -0.899654 , 0
0.474594 , -0.890093 , 0
0.492445 , -0.880165 , 0
0.510092 , -0.869874 , 0
0.52753 , -0.859224 , 0
0.544749 , -0.848219 , 0
0.561743 , -0.836863 , 0
0.578504 , -0.825162 , 0
0.595027 , -0.813119 , 0
0.611303 , -0.800739 , 0
0.627326 , -0.788028 , 0
0.643089 , -0.77499 , 0
0.658585 , -0.761631 , 0
0.673808 , -0.747956 , 0
0.688752 , -0.73397 , 0
0.703409 , -0.719679 , 0
0.717774 , -0.70509 , 0
0.73184 , -0.690207 , 0
0.745602 , -0.675037 , 0
0.759053 , -0.659586 , 0
0.772189 , -0.64386 , 0
0.785002 , -0.627865 , 0
0.797488 , -0.611609 , 0
0.80964 , -0.595097 , 0
0.821455 , -0.578337 , 0
0.832926 , -0.561335 , 0
0.844049 , -0.544099 , 0
0.854819 , -0.526634 , 0
0.865231 , -0.508949 , 0
0.87528 , -0.491051 , 0
0.884962 , -0.472947 , 0
0.894272 , -0.454644 , 0
0.903207 , -0.43615 , 0
0.911763 , -0.417473 , 0
0.919935 , -0.398621 , 0
0.92772 , -0.379601 , 0
0.935115 , -0.360421 , 0
0.942115 , -0.341089 , 0
0.948718 , -0.321613 , 0
0.954921 , -0.302002 , 0
0.960721 , -0.282263 , 0
0.966115 , -0.262405 , 0
0.9711 , -0.242436 , 0
0.975674 , -0.222364 , 0
0.979835 , -0.202198 , 0
0.983581 , -0.181947 , 0
0.98691 , -0.161618 , 0
0.989821 , -0.141221 , 0
0.992311 , -0.120763 , 0
0.994379 , -0.100255 , 0
0.996025 , -0.0797038 , 0
0.997246 , -0.0591187 , 0
0.998043 , -0.0385085 , 0
0.998415 , -0.0178819 , 0
0.998361 , 0.00275241 , 0
0.997882 , 0.0233855 , 0
0.996976 , 0.0440086 , 0
0.995644 , 0.0646129 , 0
0.993886 , 0.0851896 , 0
0.991703 , 0.10573 , 0
0.989096 , 0.126225 , 0
0.986065 , 0.146666 , 0
0.982611 , 0.167044 , 0
0.978735 , 0.18735 , 0
0.974439 , 0.207576 , 0
0.969725 , 0.227713 , 0
0.964594 , 0.247751 , 0
0.959048 , 0.267684 , 0
0.953089 , 0.287501 , 0
0.946719 , 0.307194 , 0
0.939942 , 0.326755 , 0
0.932759 , 0.346175 , 0
0.925173 , 0.365445 , 0
0.917188 , 0.384558 , 0
0.908807 , 0.403504 , 0
0.900032 , 0.422276 , 0
0.890868 , 0.440866 , 0
0.881319 , 0.459264 , 0
0.871388 , 0.477463 , 0
0.861079 , 0.495456 , 0
0.850397 , 0.513234 , 0
0.839345 , 0.530789 , 0
0.827929 , 0.548113 , 0
0.816154 , 0.565199 , 0
0.804024 , 0.58204 , 0
0.791544 , 0.598628 , 0
0.778719 , 0.614955 , 0
0.765556 , 0.631014 , 0
0.752059 , 0.646798 , 0
0.738234 , 0.662301 , 0
0.724087 , 0.677514 , 0
0.709624 , 0.692432 , 0
0.694852 , 0.707048 , 0
0.679776 , 0.721355 , 0
0.664403 , 0.735347 , 0
0.64874 , 0.749017 , 0
0.632792 , 0.762359 , 0
0.616568 , 0.775369 , 0
0.600074 , 0.788038 , 0
0.583317 , 0.800363 , 0
0.566305 , 0.812336 , 0
0.549044 , 0.823954 , 0
0.531543 , 0.83521 , 0
0.513808 , 0.8461 , 0
0.495848 , 0.856619 , 0
0.477671 , 0.866762 , 0
0.459283 , 0.876524 , 0
0.440694 , 0.885901 , 0
0.421911 , 0.894888 , 0
0.402942 , 0.903482 , 0
0.383797 , 0.911679 , 0
0.364482 , 0.919475 , 0
0.345007 , 0.926866 , 0
0.32538 , 0.933849 , 0
0.30561 , 0.940421 , 0
0.285706 , 0.946579 , 0
0.265675 , 0.952319 , 0
0.245528 , 0.957641 , 0
0.225272 , 0.96254 , 0
0.204917 , 0.967014 , 0
0.184471 , 0.971063 , 0
0.163945 , 0.974683 , 0
0.143346 , 0.977873 , 0
0.122683 , 0.980632 , 0
0.101967 , 0.982958 , 0
0.0812054 , 0.984851 , 0
0.0604081 , 0.986309 , 0
0.0395842 , 0.987331 , 0
0.0187427 , 0.987918 , 0
-0.00210698 , 0.988068 , 0
-0.0229557 , 0.987782 , 0
-0.0437944 , 0.98706 , 0
-0.0646137 , 0.985902 , 0
-0.0854044 , 0.984309 , 0
-0.106157 , 0.982281 , 0
-0.126864 , 0.979819 , 0
-0.147514 , 0.976925 , 0
-0.168099 , 0.973599 , 0
-0.18861 , 0.969843 , 0
-0.209037 , 0.965659 , 0
-0.229372 , 0.961048 , 0
-0.249606 , 0.956013 , 0
-0.26973 , 0.950556 , 0
-0.289734 , 0.944679 , 0
-0.309611 , 0.938385 , 0
-0.329351 , 0.931677 , 0
-0.348945 , 0.924558 , 0
-0.368386 , 0.91703 , 0
-0.387664 , 0.909098 , 0
-0.406771 , 0.900765 , 0
-0.425699 , 0.892035 , 0
-0.444439 , 0.882911 , 0
-0.462983 , 0.873398 , 0
-0.481322 , 0.8635 , 0
-0.49945 , 0.853221 , 0
-0.517357 , 0.842566 , 0
-0.535037 , 0.83154 , 0
-0.552481 , 0.820148 , 0
-0.569682 , 0.808395 , 0
-0.586632 , 0.796285 , 0
-0.603323 , 0.783826 , 0
-0.619749 , 0.771021 , 0
-0.635903 , 0.757877 , 0
-0.651777 , 0.7444 , 0
-0.667365 , 0.730596 , 0
-0.682659 , 0.716471 , 0
-0.697654 , 0.702031 , 0
-0.712342 , 0.687283 , 0
-0.726717 , 0.672233 , 0
-0.740774 , 0.656889 , 0
-0.754506 , 0.641256 , 0
-0.767906 , 0.625342 , 0
-0.780971 , 0.609154 , 0
-0.793693 , 0.592699 , 0
-0.806068 , 0.575985 , 0
-0.81809 , 0.559018 , 0
-0.829754 , 0.541807 , 0
-0.841055 , 0.524359 , 0
-0.851989 , 0.506682 , 0
-0.862551 , 0.488784 , 0
-0.872736 , 0.470672 , 0
-0.88254 , 0.452355 , 0
-0.891959 , 0.43384 , 0
-0.900989 , 0.415136 , 0
-0.909627 , 0.396252 , 0
-0.917868 , 0.377195 , 0
-0.92571 , 0.357973 , 0
-0.933149 , 0.338596 , 0
-0.940183 , 0.319072 , 0
-0.946808 , 0.299409 , 0
-0.953021 , 0.279616 , 0
-0.958821 , 0.259702 , 0
-0.964205 , 0.239675 , 0
-0.969172 , 0.219544 , 0
-0.973718 , 0.199318 , 0
-0.977842 , 0.179005 , 0
-0.981543 , 0.158615 , 0
-0.98482 , 0.138157 , 0
-0.987671 , 0.117639 , 0
-0.990096 , 0.0970697 , 0
-0.992093 , 0.0764588 , 0
-0.993662 , 0.0558149 , 0
-0.994803 , 0.035147 , 0
-0.995515 , 0.0144639 , 0
-0.995798 , -0.00622537 , 0
-0.995653 , -0.026912 , 0
-0.99508 , -0.0475871 , 0
-0.994079 , -0.0682417 , 0
-0.992651 , -0.088867 , 0
-0.990798 , -0.109454 , 0
-0.988519 , -0.129994 , 0
-0.985817 , -0.150479 , 0
-0.982692 , -0.170899 , 0
-0.979147 , -0.191246 , 0
-0.975183 , -0.211511 , 0
-0.970803 , -0.231686 , 0
-0.966007 , -0.251761 , 0
-0.9608 , -0.27173 , 0
-0.955182 , -0.291582 , 0
-0.949158 , -0.31131 , 0
-0.942729 , -0.330906 , 0
-0.935899 , -0.350361 , 0
-0.928671 , -0.369666 , 0
-0.921048 , -0.388815 , 0
-0.913034 , -0.407798 , 0
-0.904633 , -0.426609 , 0
-0.895848 , -0.445238 , 0
-0.886683 , -0.463679 , 0
-0.877142 , -0.481923 , 0
-0.867231 , -0.499963 , 0
-0.856952 , -0.517792 , 0
-0.846312 , -0.535402 , 0
-0.835313 , -0.552786 , 0
-0.823963 , -0.569937 , 0
-0.812265 , -0.586847 , 0
-0.800224 , -0.60351 , 0
-0.787846 , -0.619918 , 0
-0.775137 , -0.636066 , 0
-0.762102 , -0.651946 , 0
-0.748746 , -0.667552 , 0
-0.735076 , -0.682878 , 0
-0.721097 , -0.697917 , 0
-0.706816 , -0.712664 , 0
-0.692239 , -0.727111 , 0
-0.677371 , -0.741254 , 0
-0.66222 , -0.755087 , 0
-0.646792 , -0.768604 , 0
-0.631094 , -0.781799 , 0
-0.615132 , -0.794668 , 0
-0.598913 , -0.807205 , 0
-0.582444 , -0.819405 , 0
-0.565732 , -0.831263 , 0
-0.548784 , -0.842775 , 0
-0.531608 , -0.853936 , 0
-0.514211 , -0.864742 , 0
-0.496599 , -0.875187 , 0
-0.478781 , -0.885269 , 0
-0.460765 , -0.894984 , 0
-0.442557 , -0.904326 , 0
-0.424165 , -0.913293 , 0
-0.405597 , -0.921882 , 0
-0.386862 , -0.930088 , 0
-0.367966 , -0.937909 , 0
-0.348917 , -0.945342 , 0
-0.329724 , -0.952383 , 0
-0.310395 , -0.959031 , 0
-0.290938 , -0.965282 , 0
-0.27136 , -0.971134 , 0
-0.251671 , -0.976586 , 0
-0.231877 , -0.981634 , 0
-0.211988 , -0.986277 , 0
-0.192011 , -0.990514 , 0
-0.171956 , -0.994343 , 0
-0.151829 , -0.997762 , 0
-0.13164 , -1.00077 , 0
-0.111397 , -1.00337 , 0
-0.0911077 , -1.00555 , 0
-0.0707812 , -1.00732 , 0
-0.0504256 , -1.00868 , 0
-0.0300493 , -1.00962 , 0
-0.00966069 , -1.01015 , 0
0.0107319 , -1.01026 , 0
0.0311201 , -1.00996 , 0
0.0514955 , -1.00924 , 0
0.0718498 , -1.00811 , 0
0.0921747 , -1.00657 , 0
0.112462 , -1.00462 , 0
0.132703 , -1.00225 , 0
0.15289 , -0.999474 , 0
0.173014 , -0.996288 , 0
0.193067 , -0.992695 , 0
0.213042 , -0.988696 , 0
0.232929 , -0.984293 , 0
0.252721 , -0.979488 , 0
0.27241 , -0.974282 , 0
0.291988 , -0.968679 , 0
0.311446 , -0.96268 , 0
0.330777 , -0.956287 , 0
0.349974 , -0.949505 , 0
0.369027 , -0.942335 , 0
0.38793 , -0.934781 , 0
0.406675 , -0.926845 , 0
0.425253 , -0.918531 , 0
0.443659 , -0.909843 , 0
0.461883 , -0.900784 , 0
0.479919 , -0.891358 , 0
0.49776 , -0.881568 , 0
0.515398 , -0.871419 , 0
0.532826 , -0.860915 , 0
0.550037 , -0.850061 , 0
0.567023 , -0.83886 , 0
0.583779 , -0.827317 , 0
0.600297 , -0.815438 , 0
0.616571 , -0.803226 , 0
0.632593 , -0.790688 , 0
0.648358 , -0.777827 , 0
0.663859 , -0.76465 , 0
0.679089 , -0.751161 , 0
0.694043 , -0.737367 , 0
0.708715 , -0.723272 , 0
0.723098 , -0.708883 , 0
0.737186 , -0.694205 , 0
0.750974 , -0.679244 , 0
0.764457 , -0.664007 , 0
0.777628 , -0.648499 , 0
0.790482 , -0.632727 , 0
0.803014 , -0.616698 , 0
0.81522 , -0.600417 , 0
0.827093 , -0.583892 , 0
0.838629 , -0.567129 , 0
0.849824 , -0.550135 , 0
0.860672 , -0.532916 , 0
0.871169 , -0.51548 , 0
0.881311 , -0.497835 , 0
0.891094 , -0.479986 , 0
0.900514 , -0.461941 , 0
0.909566 , -0.443708 , 0
0.918247 , -0.425294 , 0
0.926553 , -0.406707 , 0
0.934481 , -0.387953 , 0
0.942028 , -0.369041 , 0
0.94919 , -0.349978 , 0
0.955964 , -0.330773 , 0
0.962348 , -0.311432 , 0
0.968338 , -0.291964 , 0
0.973933 , -0.272377 , 0
0.979129 , -0.252678 , 0
0.983925 , -0.232876 , 0
0.988318 , -0.212978 , 0
0.992307 , -0.192994 , 0
0.995889 , -0.17293 , 0
0.999063 , -0.152796 , 0
1.00183 , -0.132599 , 0
1.00418 , -0.112347 , 0
1.00612 , -0.0920498 , 0
1.00765 , -0.0717145 , 0
1.00877 , -0.0513499 , 0
1.00947 , -0.0309641 , 0
1.00976 , -0.0105656 , 0
1.00963 , 0.00983721 , 0
1.00909 , 0.030236 , 0
1.00813 , 0.0506223 , 0
1.00676 , 0.0709879 , 0
1.00497 , 0.0913241 , 0
1.00277 , 0.111623 , 0
1.00016 , 0.131875 , 0
0.997131 , 0.152074 , 0
0.993694 , 0.172209 , 0
0.989846 , 0.192274 , 0
0.985589 , 0.212259 , 0
0.980926 , 0.232156 , 0
0.975857 , 0.251958 , 0
0.970384 , 0.271655 , 0
0.96451 , 0.29124 , 0
0.958236 , 0.310704 , 0
0.951566 , 0.33004 , 0
0.944501 , 0.349239 , 0
0.937044 , 0.368293 , 0
0.929199 , 0.387194 , 0
0.920967 , 0.405934 , 0
0.912353 , 0.424506 , 0
0.90336 , 0.442901 , 0
0.893991 , 0.461112 , 0
0.88425 , 0.479131 , 0
0.874141 , 0.496951 , 0
0.863667 , 0.514563 , 0
0.852834 , 0.531961 , 0
0.841644 , 0.549137 , 0
0.830103 , 0.566083 , 0
0.818215 , 0.582794 , 0
0.805985 , 0.59926 , 0
0.793418 , 0.615476 , 0
0.780519 , 0.631434 , 0
0.767293 , 0.647127 , 0
0.753745 , 0.66255 , 0
0.739881 , 0.677694 , 0
0.725706 , 0.692554 , 0
0.711227 , 0.707123 , 0
0.696449 , 0.721395 , 0
0.681377 , 0.735363 , 0
0.666019 , 0.749022 , 0
0.650381 , 0.762366 , 0
0.634468 , 0.775388 , 0
0.618288 , 0.788083 , 0
0.601847 , 0.800446 , 0
0.585151 , 0.81247 , 0
0.568209 , 0.824151 , 0
0.551026 , 0.835484 , 0
0.53361 , 0.846463 , 0
0.515968 , 0.857083 , 0
0.498107 , 0.86734 , 0
0.480035 , 0.87723 , 0
0.461759 , 0.886747 , 0
0.443287 , 0.895887 , 0
0.424627 , 0.904647 , 0
0.405786 , 0.913022 , 0
0.386772 , 0.921008 , 0
0.367594 , 0.928602 , 0
0.348259 , 0.935801 , 0
0.328775 , 0.9426 , 0
0.309151 , 0.948997 , 0
0.289395 , 0.954989 , 0
0.269516 , 0.960572 , 0
0.249521 , 0.965745 , 0
0.229419 , 0.970504 , 0
0.209219 , 0.974848 , 0
0.18893 , 0.978774 , 0
0.168559 , 0.98228 , 0
0.148116 , 0.985365 , 0
0.12761 , 0.988027 , 0
0.107049 , 0.990264 , 0
0.0864412 , 0.992075 , 0
0.0657967 , 0.993459 , 0
0.0451238 , 0.994416 , 0
0.0244315 , 0.994944 , 0
0.00372865 , 0.995043 , 0
-0.0169758 , 0.994714 , 0
-0.0376729 , 0.993954 , 0
-0.0583538 , 0.992765 , 0
-0.0790094 , 0.991148 , 0
-0.0996309 , 0.989101 , 0
-0.120209 , 0.986627 , 0
-0.140736 , 0.983725 , 0
-0.161201 , 0.980397 , 0
-0.181596 , 0.976644 , 0
-0.201913 , 0.972468 , 0
-0.222142 , 0.967869 , 0
-0.242275 , 0.96285 , 0
-0.262302 , 0.957413 , 0
-0.282215 , 0.951559 , 0
-0.302006 , 0.945292 , 0
-0.321665 , 0.938613 , 0
-0.341184 , 0.931525 , 0
-0.360554 , 0.924031 , 0
-0.379767 , 0.916135 , 0
-0.398814 , 0.907839 , 0
-0.417688 , 0.899146 , 0
-0.436379 , 0.890061 , 0
-0.454879 , 0.880588 , 0
-0.473181 , 0.870729 , 0
-0.491275 , 0.86049 , 0
-0.509155 , 0.849874 , 0
-0.526812 , 0.838887 , 0
-0.544239 , 0.827532 , 0
-0.561426 , 0.815814 , 0
-0.578368 , 0.80374 , 0
-0.595057 , 0.791312 , 0
-0.611484 , 0.778538 , 0
-0.627643 , 0.765422 , 0
-0.643527 , 0.75197 , 0
-0.659128 , 0.738188 , 0
-0.674439 , 0.724082 , 0
-0.689455 , 0.709658 , 0
-0.704167 , 0.694921 , 0
-0.718569 , 0.679879 , 0
-0.732656 , 0.664539 , 0
-0.74642 , 0.648905 , 0
-0.759856 , 0.632986 , 0
-0.772957 , 0.616789 , 0
-0.785718 , 0.60032 , 0
-0.798132 , 0.583586 , 0
-0.810195 , 0.566596 , 0
-0.821901 , 0.549356 , 0
-0.833245 , 0.531873 , 0
-0.844222 , 0.514156 , 0
-0.854826 , 0.496213 , 0
-0.865053 , 0.47805 , 0
-0.874899 , 0.459677 , 0
-0.884359 , 0.441101 , 0
-0.893428 , 0.42233 , 0
-0.902103 , 0.403373 , 0
-0.91038 , 0.384238 , 0
-0.918255 , 0.364933 , 0
-0.925725 , 0.345467 , 0
-0.932786 , 0.325849 , 0
-0.939435 , 0.306087 , 0
-0.94567 , 0.286189 , 0
-0.951486 , 0.266165 , 0
-0.956883 , 0.246024 , 0
-0.961857 , 0.225774 , 0
-0.966406 , 0.205424 , 0
-0.970529 , 0.184984 , 0
-0.974222 , 0.164462 , 0
-0.977486 , 0.143867 , 0
-0.980318 , 0.123209 , 0
-0.982717 , 0.102496 , 0
-0.984682 , 0.0817379 , 0
-0.986212 , 0.0609438 , 0
-0.987307 , 0.0401229 , 0
-0.987966 , 0.0192842 , 0
-0.988189 , -0.00156299 , 0
-0.987976 , -0.0224095 , 0
-0.987326 , -0.0432461 , 0
-0.986242 , -0.0640636 , 0
-0.984722 , -0.0848529 , 0
-0.982767 , -0.105605 , 0
-0.98038 , -0.12631 , 0
-0.97756 , -0.14696 , 0
-0.974309 , -0.167544 , 0
-0.970628 , -0.188055 , 0
-0.96652 , -0.208483 , 0
-0.961987 , -0.22882 , 0
-0.957029 , -0.249055 , 0
-0.95165 , -0.269181 , 0
-0.945852 , -0.289188 , 0
-0.939638 , -0.309068 , 0
-0.933011 , -0.328812 , 0
-0.925973 , -0.348412 , 0
-0.918529 , -0.367858 , 0
-0.91068 , -0.387143 , 0
-0.902432 , -0.406257 , 0
-0.893787 , -0.425193 , 0
-0.884749 , -0.443943 , 0
-0.875324 , -0.462497 , 0
-0.865514 , -0.480849 , 0
-0.855325 , -0.49899 , 0
-0.844761 , -0.516912 , 0
-0.833827 , -0.534608 , 0
-0.822527 , -0.552069 , 0
-0.810868 , -0.569289 , 0
-0.798853 , -0.58626 , 0
-0.78649 , -0.602974 , 0
-0.773782 , -0.619425 , 0
-0.760736 , -0.635604 , 0
-0.747358 , -0.651507 , 0
-0.733654 , -0.667125 , 0
-0.71963 , -0.682452 , 0
-0.705291 , -0.697481 , 0
-0.690646 , -0.712206 , 0
-0.675699 , -0.726621 , 0
-0.660458 , -0.740719 , 0
-0.64493 , -0.754495 , 0
-0.629121 , -0.767943 , 0
-0.613039 , -0.781057 , 0
-0.596691 , -0.793832 , 0
-0.580083 , -0.806262 , 0
-0.563224 , -0.818342 , 0
-0.54612 , -0.830068 , 0
-0.528779 , -0.841433 , 0
-0.51121 , -0.852434 , 0
-0.493419 , -0.863066 , 0
-0.475415 , -0.873324 , 0
-0.457205 , -0.883205 , 0
-0.438798 , -0.892704 , 0
-0.420201 , -0.901818 , 0
-0.401422 , -0.910543 , 0
-0.382471 , -0.918874 , 0
-0.363355 , -0.92681 , 0
-0.344082 , -0.934346 , 0
-0.324661 , -0.94148 , 0
-0.3051 , -0.94821 , 0
-0.285409 , -0.954531 , 0
-0.265594 , -0.960442 , 0
-0.245666 , -0.965941 , 0
-0.225632 , -0.971026 , 0
-0.205501 , -0.975694 , 0
-0.185283 , -0.979945 , 0
-0.164985 , -0.983775 , 0
-0.144616 , -0.987185 , 0
-0.124186 , -0.990172 , 0
-0.103703 , -0.992737 , 0
-0.0831749 , -0.994877 , 0
-0.0626116 , -0.996594 , 0
-0.0420217 , -0.997885 , 0
-0.0214139 , -0.998751 , 0
-0.000796985 , -0.999191 , 0
0.0198203 , -0.999207 , 0
0.0404291 , -0.998797 , 0
0.0610208 , -0.997963 , 0
0.0815866 , -0.996706 , 0
0.102118 , -0.995025 , 0
0.122606 , -0.992922 , 0
0.143041 , -0.990399 , 0
0.163417 , -0.987457 , 0
0.183723 , -0.984096 , 0
0.203951 , -0.98032 , 0
0.224094 , -0.976129 , 0
0.244141 , -0.971526 , 0
0.264086 , -0.966513 , 0
0.283919 , -0.961092 , 0
0.303633 , -0.955267 , 0
0.323219 , -0.949039 , 0
0.342668 , -0.942412 , 0
0.361974 , -0.935389 , 0
0.381128 , -0.927972 , 0
0.400121 , -0.920166 , 0
0.418947 , -0.911974 , 0
0.437597 , -0.903399 , 0
0.456063 , -0.894445 , 0
0.474339 , -0.885117 , 0
0.492416 , -0.875419 , 0
0.510287 , -0.865354 , 0
0.527944 , -0.854928 , 0
0.545382 , -0.844144 , 0
0.562591 , -0.833008 , 0
0.579566 , -0.821525 , 0
0.596299 , -0.809699 , 0
0.612784 , -0.797535 , 0
0.629013 , -0.78504 , 0
0.644981 , -0.772218 , 0
0.66068 , -0.759075 , 0
0.676105 , -0.745616 , 0
0.691249 , -0.731847 , 0
0.706106 , -0.717775 , 0
0.72067 , -0.703405 , 0
0.734936 , -0.688743 , 0
0.748896 , -0.673796 , 0
0.762547 , -0.658569 , 0
0.775882 , -0.64307 , 0
0.788896 , -0.627305 , 0
0.801583 , -0.611281 , 0
0.81394 , -0.595004 , 0
0.82596 , -0.578481 , 0
0.837639 , -0.561719 , 0
0.848972 , -0.544726 , 0
0.859956 , -0.527508 , 0
0.870585 , -0.510072 , 0
0.880855 , -0.492427 , 0
0.890762 , -0.474578 , 0
0.900303 , -0.456534 , 0
0.909473 , -0.438303 , 0
0.91827 , -0.419891 , 0
0.926689 , -0.401306 , 0
0.934727 , -0.382557 , 0
0.942381 , -0.36365 , 0
0.949648 , -0.344594 , 0
0.956526 , -0.325397 , 0
0.963011 , -0.306067 , 0
0.969102 , -0.28661 , 0
0.974795 , -0.267037 , 0
0.980089 , -0.247354 , 0
0.984981 , -0.227569 , 0
0.989471 , -0.207692 , 0
0.993555 , -0.187729 , 0
0.997232 , -0.16769 , 0
1.0005 , -0.147582 , 0
1.00336 , -0.127414 , 0
1.00581 , -0.107193 , 0
1.00785 , -0.086929 , 0
1.00948 , -0.0666293 , 0
1.0107 , -0.0463024 , 0
1.0115 , -0.0259566 , 0
1.01189 , -0.00560017 , 0
1.01187 , 0.0147585 , 0
1.01143 , 0.0351112 , 0
1.01058 , 0.0554496 , 0
1.00932 , 0.0757653 , 0
1.00765 , 0.0960502 , 0
1.00556 , 0.116296 , 0
1.00307 , 0.136494 , 0
1.00017 , 0.156637 , 0
0.996859 , 0.176716 , 0
0.993143 , 0.196722 , 0
0.989022 , 0.216649 , 0
0.984499 , 0.236487 , 0
0.979575 , 0.25623 , 0
0.974251 , 0.275867 , 0
0.968531 , 0.295393 , 0
0.962416 , 0.314798 , 0
0.95591 , 0.334075 , 0
0.949014 , 0.353215 , 0
0.941732 , 0.372212 , 0
0.934066 , 0.391058 , 0
0.92602 , 0.409744 , 0
0.917597 , 0.428263 , 0
0.908801 , 0.446608 , 0
0.899634 , 0.464772 , 0
0.890101 , 0.482745 , 0
0.880205 , 0.500523 , 0
0.869951 , 0.518096 , 0
0.859343 , 0.535459 , 0
0.848385 , 0.552603 , 0
0.837081 , 0.569522 , 0
0.825436 , 0.586209 , 0
0.813455 , 0.602658 , 0
0.801142 , 0.618861 , 0
0.788503 , 0.634811 , 0
0.775542 , 0.650503 , 0
0.762265 , 0.66593 , 0
0.748677 , 0.681085 , 0
0.734784 , 0.695962 , 0
0.720592 , 0.710555 , 0
0.706105 , 0.724859 , 0
0.69133 , 0.738866 , 0
0.676273 , 0.752572 , 0
0.660939 , 0.765971 , 0
0.645336 , 0.779057 , 0
0.62947 , 0.791825 , 0
0.613346 , 0.804269 , 0
0.596971 , 0.816384 , 0
0.580352 , 0.828166 , 0
0.563496 , 0.839609 , 0
0.546409 , 0.850709 , 0
0.529099 , 0.86146 , 0
0.511572 , 0.871859 , 0
0.493836 , 0.8819 , 0
0.475897 , 0.89158 , 0
0.457763 , 0.900895 , 0
0.439442 , 0.909841 , 0
0.420941 , 0.918413 , 0
0.402266 , 0.926609 , 0
0.383427 , 0.934424 , 0
0.36443 , 0.941856 , 0
0.345283 , 0.948901 , 0
0.325995 , 0.955555 , 0
0.306572 , 0.961817 , 0
0.287024 , 0.967683 , 0
0.267357 , 0.973151 , 0
0.24758 , 0.978218 , 0
0.227701 , 0.982883 , 0
0.207729 , 0.987142 , 0
0.18767 , 0.990994 , 0
0.167535 , 0.994437 , 0
0.14733 , 0.99747 , 0
0.127064 , 1.00009 , 0
0.106746 , 1.0023 , 0
0.0863832 , 1.00409 , 0
0.0659851 , 1.00547 , 0
0.0455597 , 1.00643 , 0
0.0251154 , 1.00698 , 0
0.00466072 , 1.0071 , 0
-0.0157959 , 1.00681 , 0
-0.036246 , 1.00611 , 0
-0.056681 , 1.00498 , 0
-0.0770925 , 1.00344 , 0
-0.0974719 , 1.00148 , 0
-0.117811 , 0.999105 , 0
-0.138101 , 0.996314 , 0
-0.158333 , 0.993108 , 0
-0.1785 , 0.989488 , 0
-0.198592 , 0.985456 , 0
-0.218601 , 0.981012 , 0
-0.238519 , 0.97616 , 0
-0.258337 , 0.970899 , 0
-0.278048 , 0.965233 , 0
-0.297642 , 0.959163 , 0
-0.317111 , 0.952692 , 0
-0.336448 , 0.945822 , 0
-0.355644 , 0.938556 , 0
-0.374691 , 0.930896 , 0
-0.39358 , 0.922846 , 0
-0.412305 , 0.914408 , 0
-0.430856 , 0.905586 , 0
-0.449226 , 0.896383 , 0
-0.467407 , 0.886803 , 0
-0.485391 , 0.87685 , 0
-0.503171 , 0.866528 , 0
-0.520738 , 0.85584 , 0
-0.538086 , 0.844791 , 0
-0.555207 , 0.833386 , 0
-0.572093 , 0.821628 , 0
-0.588737 , 0.809523 , 0
-0.605133 , 0.797076 , 0
-0.621272 , 0.784291 , 0
-0.637148 , 0.771174 , 0
-0.652754 , 0.75773 , 0
-0.668083 , 0.743965 , 0
-0.683128 , 0.729884 , 0
-0.697883 , 0.715492 , 0
-0.712342 , 0.700797 , 0
-0.726497 , 0.685803 , 0
-0.740343 , 0.670518 , 0
-0.753874 , 0.654947 , 0
-0.767084 , 0.639096 , 0
-0.779966 , 0.622974 , 0
-0.792515 , 0.606585 , 0
-0.804726 , 0.589937 , 0
-0.816592 , 0.573036 , 0
-0.82811 , 0.555891 , 0
-0.839273 , 0.538508 , 0
-0.850076 , 0.520894 , 0
-0.860515 , 0.503057 , 0
-0.870585 , 0.485004 , 0
-0.880281 , 0.466742 , 0
-0.889599 , 0.448281 , 0
-0.898535 , 0.429626 , 0
-0.907084 , 0.410787 , 0
-0.915243 , 0.391771 , 0
-0.923008 , 0.372587 , 0
-0.930375 , 0.353242 , 0
-0.937341 , 0.333744 , 0
-0.943902 , 0.314102 , 0
-0.950056 , 0.294325 , 0
-0.955799 , 0.274421 , 0
-0.961129 , 0.254398 , 0
-0.966044 , 0.234265 , 0
-0.97054 , 0.214031 , 0
-0.974616 , 0.193704 , 0
-0.97827 , 0.173293 , 0
-0.981499 , 0.152807 , 0
-0.984303 , 0.132254 , 0
-0.986679 , 0.111644 , 0
-0.988626 , 0.0909859 , 0
-0.990144 , 0.070288 , 0
-0.991232 , 0.0495595 , 0
-0.991888 , 0.0288095 , 0
-0.992112 , 0.00804694 , 0
-0.991904 , -0.0127191 , 0
-0.991264 , -0.0334797 , 0
-0.990192 , -0.0542256 , 0
-0.988688 , -0.0749479 , 0
-0.986752 , -0.0956375 , 0
-0.984385 , -0.116285 , 0
-0.981588 , -0.136882 , 0
-0.978362 , -0.157419 , 0
-0.974708 , -0.177888 , 0
-0.970628 , -0.198278 , 0
-0.966123 , -0.218582 , 0
-0.961195 , -0.23879 , 0
-0.955846 , -0.258893 , 0
-0.950078 , -0.278883 , 0
-0.943893 , -0.298751 , 0
-0.937294 , -0.318487 , 0
-0.930284 , -0.338084 , 0
-0.922866 , -0.357533 , 0
-0.915042 , -0.376824 , 0
-0.906816 , -0.39595 , 0
-0.898192 , -0.414902 , 0
-0.889173 , -0.433671 , 0
-0.879763 , -0.45225 , 0
-0.869966 , -0.47063 , 0
-0.859787 , -0.488803 , 0
-0.849229 , -0.506761 , 0
-0.838297 , -0.524495 , 0
-0.826995 , -0.541999 , 0
-0.81533 , -0.559264 , 0
-0.803305 , -0.576282 , 0
-0.790927 , -0.593046 , 0
-0.778199 , -0.609549 , 0
-0.765129 , -0.625784 , 0
-0.751721 , -0.641742 , 0
-0.737981 , -0.657417 , 0
-0.723917 , -0.672803 , 0
-0.709532 , -0.687891 , 0
-0.694835 , -0.702676 , 0
-0.679831 , -0.717151 , 0
-0.664526 , -0.731309 , 0
-0.648929 , -0.745145 , 0
-0.633045 , -0.758651 , 0
-0.616881 , -0.771823 , 0
-0.600446 , -0.784653 , 0
-0.583745 , -0.797137 , 0
-0.566786 , -0.80927 , 0
-0.549577 , -0.821044 , 0
-0.532125 , -0.832457 , 0
-0.514438 , -0.843501 , 0
-0.496524 , -0.854173 , 0
-0.478391 , -0.864468 , 0
-0.460046 , -0.874381 , 0
-0.441498 , -0.883908 , 0
-0.422756 , -0.893045 , 0
-0.403826 , -0.901787 , 0
-0.384719 , -0.910131 , 0
-0.365441 , -0.918073 , 0
-0.346002 , -0.92561 , 0
-0.326411 , -0.932739 , 0
-0.306675 , -0.939456 , 0
-0.286804 , -0.945758 , 0
-0.266807 , -0.951643 , 0
-0.246692 , -0.957108 , 0
-0.226468 , -0.962151 , 0
-0.206144 , -0.96677 , 0
-0.185729 , -0.970963 , 0
-0.165233 , -0.974727 , 0
-0.144663 , -0.978062 , 0
-0.12403 , -0.980966 , 0
-0.103342 , -0.983438 , 0
-0.0826089 , -0.985477 , 0
-0.0618393 , -0.987082 , 0
-0.0410424 , -0.988252 , 0
-0.0202275 , -0.988988 , 0
0.000596378 , -0.989289 , 0
0.02142 , -0.989154 , 0
0.0422341 , -0.988585 , 0
0.0630297 , -0.987582 , 0
0.0837976 , -0.986144 , 0
0.104529 , -0.984274 , 0
0.125214 , -0.981971 , 0
0.145844 , -0.979237 , 0
0.166411 , -0.976074 , 0
0.186904 , -0.972483 , 0
0.207315 , -0.968466 , 0
0.227636 , -0.964025 , 0
0.247857 , -0.959161 , 0
0.267969 , -0.953878 , 0
0.287964 , -0.948177 , 0
0.307834 , -0.942061 , 0
0.327568 , -0.935534 , 0
0.34716 , -0.928598 , 0
0.3666 , -0.921256 , 0
0.38588 , -0.913512 , 0
0.404991 , -0.90537 , 0
0.423926 , -0.896833 , 0
0.442677 , -0.887905 , 0
0.461234 , -0.878591 , 0
0.479591 , -0.868894 , 0
0.497739 , -0.858818 , 0
0.51567 , -0.84837 , 0
0.533378 , -0.837552 , 0
0.550853 , -0.826371 , 0
0.56809 , -0.814831 , 0
0.58508 , -0.802938 , 0
0.601816 , -0.790696 , 0
0.618292 , -0.778112 , 0
0.6345 , -0.76519 , 0
0.650433 , -0.751938 , 0
0.666084 , -0.73836 , 0
0.681448 , -0.724463 , 0
0.696518 , -0.710253 , 0
0.711286 , -0.695736 , 0
0.725748 , -0.680919 , 0
0.739897 , -0.665809 , 0
0.753727 , -0.650411 , 0
0.767232 , -0.634734 , 0
0.780407 , -0.618783 , 0
0.793247 , -0.602566 , 0
0.805745 , -0.58609 , 0
0.817897 , -0.569363 , 0
0.829699 , -0.552391 , 0
0.841144 , -0.535182 , 0
0.852229 , -0.517743 , 0
0.862949 , -0.500083 , 0
0.873299 , -0.482209 , 0
0.883276 , -0.464129 , 0
0.892875 , -0.44585 , 0
0.902093 , -0.42738 , 0
0.910926 , -0.408728 , 0
0.91937 , -0.389902 , 0
0.927422 , -0.37091 , 0
0.935079 , -0.351759 , 0
0.942338 , -0.332459 , 0
0.949196 , -0.313018 , 0
0.955651 , -0.293443 , 0
0.961699 , -0.273744 , 0
0.96734 , -0.253928 , 0
0.97257 , -0.234005 , 0
0.977387 , -0.213982 , 0
0.981791 , -0.193869 , 0
0.985779 , -0.173674 , 0
0.98935 , -0.153405 , 0
0.992503 , -0.133072 , 0
0.995236 , -0.112682 , 0
0.997549 , -0.0922447 , 0
0.999442 , -0.0717684 , 0
1.00091 , -0.051262 , 0
1.00196 , -0.0307339 , 0
1.00259 , -0.0101929 , 0
1.0028 , 0.0103524 , 0
1.00258 , 0.0308934 , 0
1.00194 , 0.0514213 , 0
1.00089 , 0.0719277 , 0
0.999408 , 0.0924039 , 0
0.997511 , 0.112841 , 0
0.995196 , 0.133232 , 0
0.992465 , 0.153566 , 0
0.989318 , 0.173836 , 0
0.985758 , 0.194034 , 0
0.981786 , 0.21415 , 0
0.977403 , 0.234177 , 0
0.972613 , 0.254106 , 0
0.967417 , 0.273929 , 0
0.961818 , 0.293638 , 0
0.955818 , 0.313225 , 0
0.94942 , 0.332681 , 0
0.942628 , 0.351999 , 0
0.935443 , 0.37117 , 0
0.927869 , 0.390188 , 0
0.919911 , 0.409043 , 0
0.91157 , 0.427728 , 0
0.902851 , 0.446236 , 0
0.893758 , 0.464559 , 0
0.884295 , 0.48269 , 0
0.874465 , 0.50062 , 0
0.864273 , 0.518344 , 0
0.853724 , 0.535853 , 0
0.842822 , 0.55314 , 0
0.831572 , 0.570199 , 0
0.819978 , 0.587023 , 0
0.808046 , 0.603604 , 0
0.795781 , 0.619936 , 0
0.783187 , 0.636012 , 0
0.770271 , 0.651827 , 0
0.757037 , 0.667373 , 0
0.743492 , 0.682644 , 0
0.72964 , 0.697634 , 0
0.715488 , 0.712337 , 0
0.701043 , 0.726747 , 0
0.686309 , 0.740859 , 0
0.671293 , 0.754666 , 0
0.656001 , 0.768163 , 0
0.640441 , 0.781345 , 0
0.624617 , 0.794206 , 0
0.608537 , 0.806742 , 0
0.592208 , 0.818947 , 0
0.575636 , 0.830816 , 0
0.558829 , 0.842345 , 0
0.541792 , 0.853529 , 0
0.524534 , 0.864364 , 0
0.50706 , 0.874844 , 0
0.48938 , 0.884967 , 0
0.471499 , 0.894728 , 0
0.453426 , 0.904123 , 0
0.435167 , 0.913149 , 0
0.416731 , 0.921801 , 0
0.398124 , 0.930077 , 0
0.379354 , 0.937973 , 0
0.36043 , 0.945487 , 0
0.341359 , 0.952614 , 0
0.322148 , 0.959352 , 0
0.302806 , 0.965699 , 0
0.28334 , 0.971652 , 0
0.263759 , 0.977209 , 0
0.24407 , 0.982367 , 0
0.224282 , 0.987125 , 0
0.204402 , 0.99148 , 0
0.184439 , 0.995432 , 0
0.164401 , 0.998977 , 0
0.144296 , 1.00212 , 0
0.124132 , 1.00485 , 0
0.103917 , 1.00717 , 0
0.0836602 , 1.00908 , 0
0.0633692 , 1.01058 , 0
0.0430525 , 1.01167 , 0
0.0227182 , 1.01234 , 0
0.00237469 , 1.01261 , 0
-0.0179698 , 1.01246 , 0
-0.038307 , 1.0119 , 0
-0.0586286 , 1.01092 , 0
-0.0789263 , 1.00954 , 0
-0.0991918 , 1.00775 , 0
-0.119417 , 1.00554 , 0
-0.139594 , 1.00292 , 0
-0.159713 , 0.999901 , 0
-0.179768 , 0.99647 , 0
-0.199749 , 0.992634 , 0
-0.219649 , 0.988393 , 0
-0.23946 , 0.98375 , 0
-0.259173 , 0.978706 , 0
-0.278781 , 0.973263 , 0
-0.298275 , 0.967423 , 0
-0.317647 , 0.961189 , 0
-0.33689 , 0.954564 , 0
-0.355995 , 0.947549 , 0
-0.374956 , 0.940148 , 0
-0.393763 , 0.932364 , 0
-0.41241 , 0.924199 , 0
-0.430889 , 0.915658 , 0
-0.449192 , 0.906743 , 0
-0.467311 , 0.897457 , 0
-0.48524 , 0.887805 , 0
-0.50297 , 0.877791 , 0
-0.520495 , 0.867419 , 0
-0.537808 , 0.856691 , 0
-0.554901 , 0.845614 , 0
-0.571767 , 0.834191 , 0
-0.588399 , 0.822427 , 0
-0.60479 , 0.810327 , 0
-0.620934 , 0.797895 , 0
-0.636824 , 0.785137 , 0
-0.652453 , 0.772057 , 0
-0.667815 , 0.758661 , 0
-0.682903 , 0.744954 , 0
-0.697712 , 0.730942 , 0
-0.712234 , 0.71663 , 0
-0.726464 , 0.702024 , 0
-0.740396 , 0.68713 , 0
-0.754024 , 0.671953 , 0
-0.767343 , 0.656501 , 0
-0.780346 , 0.64078 , 0
-0.793028 , 0.624794 , 0
-0.805385 , 0.608552 , 0
-0.81741 , 0.59206 , 0
-0.829098 , 0.575324 , 0
-0.840445 , 0.55835 , 0
-0.851446 , 0.541147 , 0
-0.862096 , 0.523721 , 0
-0.87239 , 0.506079 , 0
-0.882324 , 0.488228 , 0
-0.891894 , 0.470175 , 0
-0.901096 , 0.451928 , 0
-0.909925 , 0.433495 , 0
-0.918378 , 0.414882 , 0
-0.926451 , 0.396097 , 0
-0.934141 , 0.377149 , 0
-0.941443 , 0.358044 , 0
-0.948356 , 0.338791 , 0
-0.954875 , 0.319398 , 0
-0.960998 , 0.299872 , 0
-0.966722 , 0.280221 , 0
-0.972045 , 0.260454 , 0
-0.976963 , 0.240579 , 0
-0.981476 , 0.220604 , 0
-0.985579 , 0.200537 , 0
-0.989273 , 0.180386 , 0
-0.992554 , 0.160161 , 0
-0.995421 , 0.139868 , 0
-0.997873 , 0.119517 , 0
-0.999909 , 0.0991167 , 0
-1.00153 , 0.0786746 , 0
-1.00273 , 0.0581996 , 0
-1.00351 , 0.0377002 , 0
-1.00387 , 0.0171851 , 0
-1.00381 , -0.00333718 , 0
-1.00332 , -0.0238581 , 0
-1.00242 , -0.044369 , 0
-1.0011 , -0.0648613 , 0
-0.999356 , -0.0853263 , 0
-0.997193 , -0.105756 , 0
-0.994611 , -0.12614 , 0
-0.99161 , -0.146472 , 0
-0.988192 , -0.166742 , 0
-0.984357 , -0.186942 , 0
-0.980107 , -0.207062 , 0
-0.975443 , -0.227096 , 0
-0.970368 , -0.247034 , 0
-0.964883 , -0.266867 , 0
-0.958989 , -0.286587 , 0
-0.95269 , -0.306186 , 0
-0.945987 , -0.325656 , 0
-0.938884 , -0.344987 , 0
-0.931383 , -0.364173 , 0
-0.923486 , -0.383203 , 0
-0.915197 , -0.402071 , 0
-0.906519 , -0.420768 , 0
-0.897456 , -0.439287 , 0
-0.888011 , -0.457618 , 0
-0.878188 , -0.475754 , 0
-0.867991 , -0.493688 , 0
-0.857423 , -0.511411 , 0
-0.84649 , -0.528916 , 0
-0.835195 , -0.546195 , 0
-0.823544 , -0.563241 , 0
-0.81154 , -0.580046 , 0
-0.799189 , -0.596603 , 0
-0.786496 , -0.612904 , 0
-0.773465 , -0.628943 , 0
-0.760104 , -0.644712 , 0
-0.746416 , -0.660204 , 0
-0.732407 , -0.675413 , 0
-0.718084 , -0.690332 , 0
-0.703453 , -0.704954 , 0
-0.688518 , -0.719273 , 0
-0.673288 , -0.733282 , 0
-0.657767 , -0.746975 , 0
-0.641963 , -0.760347 , 0
-0.625881 , -0.77339 , 0
-0.60953 , -0.7861 , 0
-0.592916 , -0.79847 , 0
-0.576045 , -0.810495 , 0
-0.558925 , -0.82217 , 0
-0.541564 , -0.833488 , 0
-0.523968 , -0.844446 , 0
-0.506145 , -0.855039 , 0
-0.488102 , -0.86526 , 0
-0.469848 , -0.875107 , 0
-0.45139 , -0.884573 , 0
-0.432736 , -0.893656 , 0
-0.413894 , -0.90235 , 0
-0.394872 , -0.910652 , 0
-0.375678 , -0.918558 , 0
-0.356321 , -0.926064 , 0
-0.336809 , -0.933167 , 0
-0.31715 , -0.939864 , 0
-0.297352 , -0.94615 , 0
-0.277425 , -0.952025 , 0
-0.257377 , -0.957483 , 0
-0.237217 , -0.962524 , 0
-0.216953 , -0.967144 , 0
-0.196594 , -0.971342 , 0
-0.176149 , -0.975115 , 0
-0.155628 , -0.978462 , 0
-0.135038 , -0.98138 , 0
-0.114389 , -0.983869 , 0
-0.0936897 , -0.985927 , 0
-0.0729495 , -0.987553 , 0
-0.0521773 , -0.988746 , 0
-0.0313823 , -0.989505 , 0
-0.0105735 , -0.98983 , 0
0.0102399 , -0.989721 , 0
0.0310488 , -0.989178 , 0
0.0518441 , -0.9882 , 0
0.0726166 , -0.986787 , 0
0.0933572 , -0.984942 , 0
0.114057 , -0.982663 , 0
0.134706 , -0.979952 , 0
0.155296 , -0.976809 , 0
0.175818 , -0.973237 , 0
0.196263 , -0.969237 , 0
0.216621 , -0.96481 , 0
0.236883 , -0.959958 , 0
0.257041 , -0.954683 , 0
0.277086 , -0.948987 , 0
0.297009 , -0.942873 , 0
0.316801 , -0.936344 , 0
0.336453 , -0.929402 , 0
0.355957 , -0.922049 , 0
0.375304 , -0.914291 , 0
0.394485 , -0.906128 , 0
0.413493 , -0.897566 , 0
0.432317 , -0.888608 , 0
0.450951 , -0.879258 , 0
0.469386 , -0.869519 , 0
0.487614 , -0.859397 , 0
0.505626 , -0.848895 , 0
0.523416 , -0.838019 , 0
0.540974 , -0.826772 , 0
0.558293 , -0.81516 , 0
0.575365 , -0.803189 , 0
0.592184 , -0.790862 , 0
0.608741 , -0.778187 , 0
0.625029 , -0.765167 , 0
0.641041 , -0.75181 , 0
0.65677 , -0.738121 , 0
0.672209 , -0.724106 , 0
0.687351 , -0.709771 , 0
0.70219 , -0.695122 , 0
0.716718 , -0.680167 , 0
0.730931 , -0.664911 , 0
0.74482 , -0.649362 , 0
0.758381 , -0.633526 , 0
0.771607 , -0.617411 , 0
0.784492 , -0.601023 , 0
0.797031 , -0.58437 , 0
0.809219 , -0.567459 , 0
0.82105 , -0.550298 , 0
0.832518 , -0.532894 , 0
0.84362 , -0.515255 , 0
0.854349 , -0.497389 , 0
0.864702 , -0.479304 , 0
0.874674 , -0.461007 , 0
0.884261 , -0.442508 , 0
0.893458 , -0.423813 , 0
0.902262 , -0.404932 , 0
0.910668 , -0.385873 , 0
0.918674 , -0.366643 , 0
0.926275 , -0.347253 , 0
0.933469 , -0.32771 , 0
0.940253 , -0.308022 , 0
0.946623 , -0.2882 , 0
0.952578 , -0.26825 , 0
0.958114 , -0.248183 , 0
0.963229 , -0.228007 , 0
0.967922 , -0.207731 , 0
0.97219 , -0.187363 , 0
0.976031 , -0.166914 , 0
0.979445 , -0.146391 , 0
0.982429 , -0.125804 , 0
0.984984 , -0.105162 , 0
0.987106 , -0.0844741 , 0
0.988797 , -0.0637491 , 0
0.990055 , -0.0429962 , 0
0.990881 , -0.0222245 , 0
0.991273 , -0.00144311 , 0
0.991232 , 0.0193389 , 0
0.990759 , 0.0401125 , 0
0.989853 , 0.0608686 , 0
0.988515 , 0.0815981 , 0
0.986746 , 0.102292 , 0
0.984548 , 0.122941 , 0
0.981921 , 0.143537 , 0
0.978866 , 0.164071 , 0
0.975385 , 0.184533 , 0
0.97148 , 0.204914 , 0
0.967154 , 0.225207 , 0
0.962407 , 0.245402 , 0
0.957242 , 0.26549 , 0
0.951662 , 0.285464 , 0
0.94567 , 0.305313 , 0
0.939268 , 0.32503 , 0
0.932459 , 0.344607 , 0
0.925246 , 0.364034 , 0
0.917634 , 0.383304 , 0
0.909625 , 0.402408 , 0
0.901222 , 0.421338 , 0
0.892431 , 0.440087 , 0
0.883255 , 0.458646 , 0
0.873698 , 0.477006 , 0
0.863765 , 0.495162 , 0
0.85346 , 0.513104 , 0
0.842787 , 0.530825 , 0
0.831752 , 0.548319 , 0
0.82036 , 0.565576 , 0
0.808615 , 0.582591 , 0
0.796524 , 0.599355 , 0
0.78409 , 0.615863 , 0
0.771321 , 0.632107 , 0
0.758222 , 0.64808 , 0
0.744798 , 0.663775 , 0
0.731055 , 0.679187 , 0
0.717 , 0.694308 , 0
0.702639 , 0.709133 , 0
0.687977 , 0.723656 , 0
0.673023 , 0.737869 , 0
0.657781 , 0.751768 , 0
0.64226 , 0.765347 , 0
0.626465 , 0.7786 , 0
0.610404 , 0.791523 , 0
0.594083 , 0.804108 , 0
0.57751 , 0.816352 , 0
0.560691 , 0.82825 , 0
0.543635 , 0.839796 , 0
0.526349 , 0.850987 , 0
0.50884 , 0.861817 , 0
0.491115 , 0.872282 , 0
0.473182 , 0.882378 , 0
0.45505 , 0.892102 , 0
0.436725 , 0.901448 , 0
0.418216 , 0.910415 , 0
0.399531 , 0.918997 , 0
0.380677 , 0.927192 , 0
0.361663 , 0.934996 , 0
0.342497 , 0.942407 , 0
0.323187 , 0.949421 , 0
0.303741 , 0.956037 , 0
0.284167 , 0.96225 , 0
0.264474 , 0.96806 , 0
0.24467 , 0.973464 , 0
0.224763 , 0.97846 , 0
0.204763 , 0.983046 , 0
0.184676 , 0.98722 , 0
0.164512 , 0.990981 , 0
0.14428 , 0.994328 , 0
0.123987 , 0.99726 , 0
0.103643 , 0.999775 , 0
0.083255 , 1.00187 , 0
0.0628325 , 1.00355 , 0
0.0423838 , 1.00482 , 0
0.0219175 , 1.00566 , 0
0.00144209 , 1.00608 , 0
-0.0190339 , 1.00609 , 0
-0.0395021 , 1.00568 , 0
-0.0599538 , 1.00485 , 0
-0.0803806 , 1.0036 , 0
-0.100774 , 1.00194 , 0
-0.121126 , 0.999859 , 0
-0.141427 , 0.997366 , 0
-0.16167 , 0.994459 , 0
-0.181846 , 0.991141 , 0
-0.201947 , 0.987412 , 0
-0.221964 , 0.983276 , 0
-0.241889 , 0.978732 , 0
-0.261715 , 0.973785 , 0
-0.281432 , 0.968435 , 0
-0.301033 , 0.962686 , 0
-0.320511 , 0.956539 , 0
-0.339855 , 0.949999 , 0
-0.35906 , 0.943066 , 0
-0.378117 , 0.935746 , 0
-0.397019 , 0.92804 , 0
-0.415757 , 0.919952 , 0
-0.434324 , 0.911486 , 0
-0.452712 , 0.902645 , 0
-0.470915 , 0.893433 , 0
-0.488924 , 0.883854 , 0
-0.506732 , 0.873913 , 0
-0.524332 , 0.863612 , 0
-0.541717 , 0.852958 , 0
-0.55888 , 0.841953 , 0
-0.575814 , 0.830604 , 0
-0.592512 , 0.818914 , 0
-0.608967 , 0.806888 , 0
-0.625173 , 0.794533 , 0
-0.641123 , 0.781852 , 0
-0.656811 , 0.768851 , 0
-0.67223 , 0.755535 , 0
-0.687374 , 0.741911 , 0
-0.702237 , 0.727983 , 0
-0.716813 , 0.713758 , 0
-0.731096 , 0.699241 , 0
-0.745081 , 0.684439 , 0
-0.758761 , 0.669357 , 0
-0.772132 , 0.654001 , 0
-0.785187 , 0.638379 , 0
-0.797922 , 0.622497 , 0
-0.810331 , 0.60636 , 0
-0.82241 , 0.589976 , 0
-0.834154 , 0.573351 , 0
-0.845557 , 0.556493 , 0
-0.856616 , 0.539408 , 0
-0.867325 , 0.522103 , 0
-0.877681 , 0.504585 , 0
-0.88768 , 0.486861 , 0
-0.897317 , 0.46894 , 0
-0.906588 , 0.450827 , 0
-0.91549 , 0.43253 , 0
-0.924019 , 0.414057 , 0
-0.932171 , 0.395416 , 0
-0.939944 , 0.376614 , 0
-0.947335 , 0.357658 , 0
-0.954339 , 0.338557 , 0
-0.960955 , 0.319317 , 0
-0.96718 , 0.299948 , 0
-0.97301 , 0.280457 , 0
-0.978445 , 0.260851 , 0
-0.983481 , 0.241139 , 0
-0.988117 , 0.221329 , 0
-0.99235 , 0.201429 , 0
-0.99618 , 0.181447 , 0
-0.999603 , 0.161391 , 0
-1.00262 , 0.141269 , 0
-1.00523 , 0.12109 , 0
-1.00743 , 0.100862 , 0
-1.00921 , 0.0805919 , 0
-1.01059 , 0.0602893 , 0
-1.01156 , 0.0399622 , 0
-1.01211 , 0.0196188 , 0
-1.01225 , -0.000732608 , 0
-1.01198 , -0.0210837 , 0
-1.01129 , -0.0414262 , 0
-1.0102 , -0.0617518 , 0
-1.00869 , -0.0820522 , 0
-1.00677 , -0.102319 , 0
-1.00443 , -0.122544 , 0
-1.00169 , -0.14272 , 0
-0.998542 , -0.162836 , 0
-0.994984 , -0.182887 , 0
-0.991019 , -0.202863 , 0
-0.986649 , -0.222755 , 0
-0.981876 , -0.242557 , 0
-0.976702 , -0.26226 , 0
-0.971128 , -0.281855 , 0
-0.965157 , -0.301335 , 0
-0.958791 , -0.320692 , 0
-0.952033 , -0.339918 , 0
-0.944884 , -0.359004 , 0
-0.937349 , -0.377943 , 0
-0.92943 , -0.396727 , 0
-0.921129 , -0.415349 , 0
-0.912451 , -0.433801 , 0
-0.903399 , -0.452074 , 0
-0.893975 , -0.470162 , 0
-0.884185 , -0.488057 , 0
-0.874032 , -0.505751 , 0
-0.863519 , -0.523238 , 0
-0.852651 , -0.540509 , 0
-0.841433 , -0.557559 , 0
-0.829869 , -0.574378 , 0
-0.817962 , -0.590962 , 0
-0.805719 , -0.607302 , 0
-0.793144 , -0.623391 , 0
-0.780242 , -0.639224 , 0
-0.767018 , -0.654793 , 0
-0.753478 , -0.670091 , 0
-0.739626 , -0.685113 , 0
-0.725469 , -0.699852 , 0
-0.711012 , -0.714302 , 0
-0.696261 , -0.728456 , 0
-0.681221 , -0.742309 , 0
-0.6659 , -0.755855 , 0
-0.650303 , -0.769087 , 0
-0.634436 , -0.782001 , 0
-0.618307 , -0.79459 , 0
-0.60192 , -0.80685 , 0
-0.585284 , -0.818774 , 0
-0.568404 , -0.830358 , 0
-0.551289 , -0.841598 , 0
-0.533944 , -0.852487 , 0
-0.516376 , -0.863021 , 0
-0.498594 , -0.873196 , 0
-0.480604 , -0.883007 , 0
-0.462413 , -0.892449 , 0
-0.44403 , -0.90152 , 0
-0.425461 , -0.910213 , 0
-0.406714 , -0.918527 , 0
-0.387797 , -0.926456 , 0
-0.368718 , -0.933998 , 0
-0.349485 , -0.941149 , 0
-0.330105 , -0.947906 , 0
-0.310587 , -0.954265 , 0
-0.290938 , -0.960224 , 0
-0.271168 , -0.96578 , 0
-0.251283 , -0.970931 , 0
-0.231293 , -0.975673 , 0
-0.211206 , -0.980005 , 0
-0.19103 , -0.983924 , 0
-0.170773 , -0.987429 , 0
-0.150444 , -0.990518 , 0
-0.130052 , -0.993189 , 0
-0.109605 , -0.995441 , 0
-0.0891119 , -0.997272 , 0
-0.0685809 , -0.998682 , 0
-0.048021 , -0.99967 , 0
-0.0274407 , -1.00023 , 0
-0.00684873 , -1.00037 , 0
0.0137461 , -1.00009 , 0
0.0343351 , -0.999384 , 0
0.0549095 , -0.998253 , 0
0.0754606 , -0.996697 , 0
0.0959797 , -0.994718 , 0
0.116458 , -0.992316 , 0
0.136887 , -0.989492 , 0
0.157257 , -0.986246 , 0
0.17756 , -0.982579 , 0
0.197788 , -0.978494 , 0
0.217931 , -0.973991 , 0
0.237981 , -0.969072 , 0
0.257929 , -0.963739 , 0
0.277767 , -0.957994 , 0
0.297487 , -0.951838 , 0
0.317078 , -0.945276 , 0
0.336534 , -0.938307 , 0
0.355846 , -0.930937 , 0
0.375005 , -0.923167 , 0
0.394003 , -0.915001 , 0
0.412831 , -0.906441 , 0
0.431482 , -0.897492 , 0
0.449948 , -0.888156 , 0
0.468219 , -0.878438 , 0
0.486289 , -0.868342 , 0
0.504149 , -0.857871 , 0
0.521792 , -0.84703 , 0
0.53921 , -0.835824 , 0
0.556394 , -0.824256 , 0
0.573338 , -0.812333 , 0
0.590034 , -0.800058 , 0
0.606475 , -0.787436 , 0
0.622653 , -0.774474 , 0
0.638562 , -0.761176 , 0
0.654193 , -0.747548 , 0
0.669541 , -0.733596 , 0
0.684598 , -0.719325 , 0
0.699358 , -0.704743 , 0
0.713814 , -0.689853 , 0
0.72796 , -0.674664 , 0
0.741789 , -0.659182 , 0
0.755295 , -0.643412 , 0
0.768472 , -0.627362 , 0
0.781314 , -0.611039 , 0
0.793816 , -0.594449 , 0
0.805971 , -0.577601 , 0
0.817775 , -0.5605 , 0
0.829221 , -0.543154 , 0
0.840305 , -0.525571 , 0
0.851022 , -0.507759 , 0
0.861367 , -0.489724 , 0
0.871336 , -0.471475 , 0
0.880922 , -0.45302 , 0
0.890124 , -0.434366 , 0
0.898935 , -0.415523 , 0
0.907352 , -0.396497 , 0
0.915371 , -0.377297 , 0
0.922989 , -0.357932 , 0
0.930203 , -0.33841 , 0
0.937007 , -0.318739 , 0
0.943401 , -0.298928 , 0
0.94938 , -0.278986 , 0
0.954941 , -0.258921 , 0
0.960083 , -0.238743 , 0
0.964803 , -0.21846 , 0
0.969099 , -0.19808 , 0
0.972968 , -0.177613 , 0
0.976409 , -0.157069 , 0
0.97942 , -0.136455 , 0
0.982 , -0.115781 , 0
0.984148 , -0.0950557 , 0
0.985862 , -0.0742888 , 0
0.987141 , -0.0534891 , 0
0.987985 , -0.0326659 , 0
0.988394 , -0.0118283 , 0
0.988367 , 0.00901455 , 0
0.987904 , 0.0298534 , 0
0.987005 , 0.0506791 , 0
0.985671 , 0.0714824 , 0
0.983902 , 0.0922542 , 0
0.981698 , 0.112985 , 0
0.979061 , 0.133666 , 0
0.975993 , 0.154289 , 0
0.972493 , 0.174843 , 0
0.968564 , 0.19532 , 0
0.964207 , 0.21571 , 0
0.959425 , 0.236006 , 0
0.954218 , 0.256197 , 0
0.948591 , 0.276275 , 0
0.942544 , 0.296231 , 0
0.936081 , 0.316056 , 0
0.929205 , 0.335742 , 0
0.921919 , 0.355279 , 0
0.914225 , 0.37466 , 0
0.906128 , 0.393875 , 0
0.89763 , 0.412916 , 0
0.888736 , 0.431774 , 0
0.87945 , 0.450443 , 0
0.869775 , 0.468912 , 0
0.859717 , 0.487174 , 0
0.849279 , 0.505221 , 0
0.838466 , 0.523045 , 0
0.827283 , 0.540639 , 0
0.815735 , 0.557994 , 0
0.803827 , 0.575102 , 0
0.791565 , 0.591957 , 0
0.778954 , 0.608551 , 0
0.765999 , 0.624877 , 0
0.752706 , 0.640927 , 0
0.739082 , 0.656695 , 0
0.725132 , 0.672173 , 0
0.710863 , 0.687355 , 0
0.69628 , 0.702235 , 0
0.681391 , 0.716805 , 0
0.666202 , 0.73106 , 0
0.65072 , 0.744993 , 0
0.634952 , 0.758598 , 0
0.618904 , 0.77187 , 0
0.602584 , 0.784802 , 0
0.586 , 0.79739 , 0
0.569158 , 0.809627 , 0
0.552066 , 0.821509 , 0
0.534731 , 0.83303 , 0
0.517162 , 0.844185 , 0
0.499367 , 0.85497 , 0
0.481352 , 0.86538 , 0
0.463126 , 0.875411 , 0
0.444697 , 0.885058 , 0
0.426073 , 0.894317 , 0
0.407263 , 0.903185 , 0
0.388275 , 0.911658 , 0
0.369117 , 0.919732 , 0
0.349798 , 0.927404 , 0
0.330325 , 0.934671 , 0
0.310709 , 0.94153 , 0
0.290956 , 0.947977 , 0
0.271077 , 0.954011 , 0
0.25108 , 0.959629 , 0
0.230973 , 0.964828 , 0
0.210765 , 0.969607 , 0
0.190466 , 0.973964 , 0
0.170084 , 0.977897 , 0
0.149628 , 0.981405 , 0
0.129107 , 0.984486 , 0
0.108529 , 0.98714 , 0
0.087905 , 0.989364 , 0
0.0672425 , 0.99116 , 0
0.0465508 , 0.992526 , 0
0.0258389 , 0.993461 , 0
0.00511584 , 0.993966 , 0
-0.0156094 , 0.994041 , 0
-0.036328 , 0.993685 , 0
-0.0570308 , 0.9929 , 0
-0.077709 , 0.991686 , 0
-0.0983536 , 0.990044 , 0
-0.118956 , 0.987974 , 0
-0.139507 , 0.985478 , 0
-0.159997 , 0.982558 , 0
-0.180419 , 0.979214 , 0
-0.200763 , 0.975449 , 0
-0.221021 , 0.971264 , 0
-0.241184 , 0.966661 , 0
-0.261243 , 0.961644 , 0
-0.28119 , 0.956213 , 0
-0.301016 , 0.950372 , 0
-0.320714 , 0.944124 , 0
-0.340274 , 0.937471 , 0
-0.359688 , 0.930417 , 0
-0.378948 , 0.922964 , 0
-0.398046 , 0.915117 , 0
-0.416974 , 0.906879 , 0
-0.435725 , 0.898254 , 0
-0.454289 , 0.889246 , 0
-0.472659 , 0.879858 , 0
-0.490828 , 0.870095 , 0
-0.508788 , 0.859962 , 0
-0.526532 , 0.849463 , 0
-0.544052 , 0.838603 , 0
-0.56134 , 0.827387 , 0
-0.57839 , 0.815819 , 0
-0.595195 , 0.803905 , 0
-0.611748 , 0.79165 , 0
-0.628041 , 0.779059 , 0
-0.644068 , 0.766139 , 0
-0.659823 , 0.752895 , 0
-0.675299 , 0.739332 , 0
-0.690489 , 0.725457 , 0
-0.705388 , 0.711275 , 0
-0.719989 , 0.696794 , 0
-0.734287 , 0.682018 , 0
-0.748275 , 0.666956 , 0
-0.761948 , 0.651612 , 0
-0.7753 , 0.635994 , 0
-0.788327 , 0.620109 , 0
-0.801022 , 0.603963 , 0
-0.813381 , 0.587563 , 0
-0.825398 , 0.570917 , 0
-0.83707 , 0.554032 , 0
-0.84839 , 0.536914 , 0
-0.859355 , 0.519572 , 0
-0.869961 , 0.502012 , 0
-0.880202 , 0.484242 , 0
-0.890076 , 0.466269 , 0
-0.899578 , 0.448102 , 0
-0.908704 , 0.429748 , 0
-0.917452 , 0.411215 , 0
-0.925817 , 0.39251 , 0
-0.933796 , 0.373641 , 0
-0.941386 , 0.354617 , 0
-0.948584 , 0.335445 , 0
-0.955388 , 0.316134 , 0
-0.961795 , 0.296692 , 0
-0.967803 , 0.277126 , 0
-0.973408 , 0.257445 , 0
-0.97861 , 0.237658 , 0
-0.983406 , 0.217771 , 0
-0.987794 , 0.197795 , 0
-0.991774 , 0.177737 , 0
-0.995342 , 0.157605 , 0
-0.998499 , 0.137407 , 0
-1.00124 , 0.117154 , 0
-1.00357 , 0.0968512 , 0
-1.00549 , 0.0765088 , 0
-1.00699 , 0.0561349 , 0
-1.00808 , 0.0357378 , 0
-1.00874 , 0.0153259 , 0
-1.009 , -0.00509227 , 0
-1.00884 , -0.0255083 , 0
-1.00826 , -0.0459139 , 0
-1.00727 , -0.0663006 , 0
-1.00586 , -0.08666 , 0
-1.00404 , -0.106984 , 0
-1.00181 , -0.127264 , 0
-0.99916 , -0.147491 , 0
-0.996105 , -0.167658 , 0
-0.992641 , -0.187756 , 0
-0.988769 , -0.207777 , 0
-0.984492 , -0.227713 , 0
-0.979811 , -0.247555 , 0
-0.974729 , -0.267296 , 0
-0.969247 , -0.286928 , 0
-0.963368 , -0.306442 , 0
-0.957095 , -0.32583 , 0
-0.95043 , -0.345085 , 0
-0.943377 , -0.364199 , 0
-0.935937 , -0.383164 , 0
-0.928115 , -0.401972 , 0
-0.919913 , -0.420616 , 0
-0.911335 , -0.439089 , 0
-0.902385 , -0.457381 , 0
-0.893067 , -0.475487 , 0
-0.883384 , -0.493399 , 0
-0.87334 , -0.511109 , 0
-0.86294 , -0.528611 , 0
-0.852187 , -0.545897 , 0
-0.841087 , -0.56296 , 0
-0.829644 , -0.579794 , 0
-0.817863 , -0.596391 , 0
-0.805748 , -0.612746 , 0
-0.793305 , -0.62885 , 0
-0.780538 , -0.644698 , 0
-0.767454 , -0.660283 , 0
-0.754056 , -0.675599 , 0
-0.740352 , -0.69064 , 0
-0.726345 , -0.7054 , 0
-0.712043 , -0.719873 , 0
-0.697451 , -0.734052 , 0
-0.682575 , -0.747932 , 0
-0.667421 , -0.761507 , 0
-0.651995 , -0.774773 , 0
-0.636304 , -0.787723 , 0
-0.620353 , -0.800352 , 0
-0.60415 , -0.812656 , 0
-0.587701 , -0.824628 , 0
-0.571012 , -0.836265 , 0
-0.554092 , -0.847561 , 0
-0.536945 , -0.858512 , 0
-0.51958 , -0.869113 , 0
-0.502003 , -0.879361 , 0
-0.484222 , -0.88925 , 0
-0.466244 , -0.898778 , 0
-0.448075 , -0.907939 , 0
-0.429724 , -0.91673 , 0
-0.411199 , -0.925148 , 0
-0.392505 , -0.933189 , 0
-0.373652 , -0.940849 , 0
-0.354646 , -0.948127 , 0
-0.335496 , -0.955017 , 0
-0.316209 , -0.961518 , 0
-0.296793 , -0.967628 , 0
-0.277256 , -0.973342 , 0
-0.257606 , -0.97866 , 0
-0.23785 , -0.983578 , 0
-0.217998 , -0.988095 , 0
-0.198057 , -0.992208 , 0
-0.178035 , -0.995917 , 0
-0.15794 , -0.999218 , 0
-0.13778 , -1.00211 , 0
-0.117565 , -1.0046 , 0
-0.0973009 , -1.00667 , 0
-0.0769974 , -1.00833 , 0
-0.0566624 , -1.00958 , 0
-0.0363042 , -1.01042 , 0
-0.0159312 , -1.01084 , 0
0.00444836 , -1.01085 , 0
0.0248261 , -1.01044 , 0
0.0451937 , -1.00962 , 0
0.0655427 , -1.00839 , 0
0.0858649 , -1.00675 , 0
0.106152 , -1.00469 , 0
0.126395 , -1.00222 , 0
0.146587 , -0.999333 , 0
0.166718 , -0.99604 , 0
0.186781 , -0.992338 , 0
0.206767 , -0.988228 , 0
0.226668 , -0.983712 , 0
0.246476 , -0.978791 , 0
0.266182 , -0.973467 , 0
0.285779 , -0.967742 , 0
0.305258 , -0.961619 , 0
0.324611 , -0.955099 , 0
0.343831 , -0.948186 , 0
0.362908 , -0.940881 , 0
0.381836 , -0.933188 , 0
0.400606 , -0.92511 , 0
0.419211 , -0.916649 , 0
0.437642 , -0.90781 , 0
0.455892 , -0.898594 , 0
0.473953 , -0.889007 , 0
0.491819 , -0.879052 , 0
0.50948 , -0.868733 , 0
0.52693 , -0.858053 , 0
0.544162 , -0.847018 , 0
0.561168 , -0.835631 , 0
0.57794 , -0.823897 , 0
0.594473 , -0.81182 , 0
0.610758 , -0.799406 , 0
0.62679 , -0.786659 , 0
0.64256 , -0.773585 , 0
0.658062 , -0.760189 , 0
0.673291 , -0.746475 , 0
0.688238 , -0.732451 , 0
0.702898 , -0.71812 , 0
0.717265 , -0.70349 , 0
0.731332 , -0.688566 , 0
0.745093 , -0.673354 , 0
0.758543 , -0.65786 , 0
0.771674 , -0.64209 , 0
0.784483 , -0.626052 , 0
0.796962 , -0.609751 , 0
0.809107 , -0.593194 , 0
0.820912 , -0.576388 , 0
0.832373 , -0.55934 , 0
0.843483 , -0.542057 , 0
0.854239 , -0.524546 , 0
0.864635 , -0.506813 , 0
0.874667 , -0.488868 , 0
0.88433 , -0.470716 , 0
0.89362 , -0.452366 , 0
0.902533 , -0.433825 , 0
0.911064 , -0.4151 , 0
0.91921 , -0.3962 , 0
0.926968 , -0.377133 , 0
0.934333 , -0.357905 , 0
0.941302 , -0.338527 , 0
0.947872 , -0.319004 , 0
0.95404 , -0.299347 , 0
0.959803 , -0.279562 , 0
0.965158 , -0.259658 , 0
0.970103 , -0.239644 , 0
0.974636 , -0.219528 , 0
0.978753 , -0.199319 , 0
0.982453 , -0.179025 , 0
0.985735 , -0.158654 , 0
0.988596 , -0.138216 , 0
0.991035 , -0.117719 , 0
0.993051 , -0.0971713 , 0
0.994642 , -0.0765822 , 0
0.995807 , -0.0559604 , 0
