rx , ry , rz
1 , 0 , 0
1 , 0 , 0
0.999705 , 0.0171672 , 0
0.999116 , 0.0343293 , 0
0.998232 , 0.0514813 , 0
0.997053 , 0.0686181 , 0
0.99558 , 0.0857346 , 0
0.993813 , 0.102826 , 0
0.991752 , 0.119887 , 0
0.989398 , 0.136912 , 0
0.986751 , 0.153897 , 0
0.983812 , 0.170836 , 0
0.980583 , 0.187725 , 0
0.977062 , 0.204558 , 0
0.973253 , 0.221331 , 0
0.969155 , 0.238038 , 0
0.964769 , 0.254674 , 0
0.960097 , 0.271235 , 0
0.955141 , 0.287715 , 0
0.9499 , 0.30411 , 0
0.944378 , 0.320415 , 0
0.938575 , 0.336624 , 0
0.932493 , 0.352734 , 0
0.926134 , 0.368738 , 0
0.919499 , 0.384633 , 0
0.91259 , 0.400413 , 0
0.90541 , 0.416074 , 0
0.89796 , 0.431611 , 0
0.890242 , 0.44702 , 0
0.882259 , 0.462295 , 0
0.874013 , 0.477432 , 0
0.865506 , 0.492427 , 0
0.856741 , 0.507275 , 0
0.84772 , 0.521971 , 0
0.838445 , 0.536512 , 0
0.82892 , 0.550892 , 0
0.819148 , 0.565107 , 0
0.80913 , 0.579154 , 0
0.798871 , 0.593027 , 0
0.788372 , 0.606723 , 0
0.777637 , 0.620237 , 0
0.76667 , 0.633566 , 0
0.755473 , 0.646704 , 0
0.744049 , 0.659649 , 0
0.732403 , 0.672396 , 0
0.720536 , 0.684942 , 0
0.708454 , 0.697282 , 0
0.696159 , 0.709413 , 0
0.683655 , 0.721331 , 0
0.670946 , 0.733032 , 0
0.658036 , 0.744513 , 0
0.644927 , 0.755771 , 0
0.631625 , 0.766801 , 0
0.618133 , 0.777601 , 0
0.604455 , 0.788168 , 0
0.590596 , 0.798497 , 0
0.576559 , 0.808586 , 0
0.562348 , 0.818431 , 0
0.547968 , 0.82803 , 0
0.533423 , 0.83738 , 0
0.518717 , 0.846478 , 0
0.503855 , 0.855321 , 0
0.488842 , 0.863906 , 0
0.473681 , 0.872231 , 0
0.458377 , 0.880293 , 0
0.442935 , 0.88809 , 0
0.42736 , 0.895619 , 0
0.411656 , 0.902877 , 0
0.395827 , 0.909864 , 0
0.379879 , 0.916576 , 0
0.363817 , 0.923011 , 0
0.347644 , 0.929168 , 0
0.331367 , 0.935044 , 0
0.31499 , 0.940638 , 0
0.298517 , 0.945948 , 0
0.281955 , 0.950973 , 0
0.265307 , 0.95571 , 0
0.248579 , 0.960159 , 0
0.231777 , 0.964317 , 0
0.214904 , 0.968185 , 0
0.197966 , 0.971759 , 0
0.180968 , 0.97504 , 0
0.163916 , 0.978027 , 0
0.146814 , 0.980718 , 0
0.129668 , 0.983112 , 0
0.112482 , 0.98521 , 0
0.0952628 , 0.987009 , 0
0.0780146 , 0.98851 , 0
0.0607428 , 0.989713 , 0
0.0434526 , 0.990616 , 0
0.0261493 , 0.99122 , 0
0.0088381 , 0.991524 , 0
-0.00847579 , 0.991528 , 0
-0.0257871 , 0.991233 , 0
-0.0430906 , 0.990638 , 0
-0.0603811 , 0.989744 , 0
-0.0776534 , 0.98855 , 0
-0.0949022 , 0.987058 , 0
-0.112122 , 0.985267 , 0
-0.129308 , 0.983178 , 0
-0.146456 , 0.980793 , 0
-0.163558 , 0.978111 , 0
-0.180612 , 0.975133 , 0
-0.197611 , 0.971861 , 0
-0.21455 , 0.968295 , 0
-0.231424 , 0.964436 , 0
-0.248229 , 0.960287 , 0
-0.264958 , 0.955847 , 0
-0.281608 , 0.951118 , 0
-0.298172 , 0.946103 , 0
-0.314646 , 0.940801 , 0
-0.331026 , 0.935216 , 0
-0.347305 , 0.929348 , 0
-0.36348 , 0.9232 , 0
-0.379545 , 0.916774 , 0
-0.395496 , 0.91007 , 0
-0.411327 , 0.903093 , 0
-0.427034 , 0.895843 , 0
-0.442612 , 0.888322 , 0
-0.458057 , 0.880535 , 0
-0.473364 , 0.872481 , 0
-0.488528 , 0.864165 , 0
-0.503546 , 0.855588 , 0
-0.518411 , 0.846754 , 0
-0.53312 , 0.837665 , 0
-0.547669 , 0.828323 , 0
-0.562053 , 0.818732 , 0
-0.576268 , 0.808895 , 0
-0.590309 , 0.798815 , 0
-0.604173 , 0.788494 , 0
-0.617856 , 0.777936 , 0
-0.631352 , 0.767144 , 0
-0.644659 , 0.756122 , 0
-0.657772 , 0.744873 , 0
-0.670688 , 0.7334 , 0
-0.683402 , 0.721707 , 0
-0.695911 , 0.709797 , 0
-0.708212 , 0.697674 , 0
-0.7203 , 0.685342 , 0
-0.732172 , 0.672804 , 0
-0.743824 , 0.660065 , 0
-0.755254 , 0.647128 , 0
-0.766457 , 0.633997 , 0
-0.777431 , 0.620676 , 0
-0.788172 , 0.60717 , 0
-0.798677 , 0.593481 , 0
-0.808944 , 0.579615 , 0
-0.818968 , 0.565576 , 0
-0.828748 , 0.551368 , 0
-0.83828 , 0.536995 , 0
-0.847561 , 0.522462 , 0
-0.85659 , 0.507772 , 0
-0.865362 , 0.492931 , 0
-0.873877 , 0.477943 , 0
-0.882131 , 0.462813 , 0
-0.890122 , 0.447544 , 0
-0.897848 , 0.432143 , 0
-0.905306 , 0.416612 , 0
-0.912495 , 0.400957 , 0
-0.919412 , 0.385183 , 0
-0.926056 , 0.369295 , 0
-0.932424 , 0.353296 , 0
-0.938515 , 0.337193 , 0
-0.944327 , 0.320989 , 0
-0.949858 , 0.30469 , 0
-0.955108 , 0.288301 , 0
-0.960074 , 0.271826 , 0
-0.964755 , 0.25527 , 0
-0.969151 , 0.238639 , 0
-0.973259 , 0.221936 , 0
-0.977078 , 0.205169 , 0
-0.980608 , 0.18834 , 0
-0.983848 , 0.171456 , 0
-0.986797 , 0.15452 , 0
-0.989454 , 0.13754 , 0
-0.991819 , 0.120518 , 0
-0.99389 , 0.103461 , 0
-0.995668 , 0.0863735 , 0
-0.997152 , 0.0692604 , 0
-0.998342 , 0.0521268 , 0
-0.999237 , 0.0349779 , 0
-0.999838 , 0.0178186 , 0
-1.00014 , 0.000654114 , 0
-1.00015 , -0.0165106 , 0
-0.999872 , -0.0336704 , 0
-0.999294 , -0.0508204 , 0
-0.998423 , -0.0679553 , 0
-0.997257 , -0.0850703 , 0
-0.995799 , -0.10216 , 0
-0.994048 , -0.11922 , 0
-0.992006 , -0.136245 , 0
-0.989672 , -0.15323 , 0
-0.987047 , -0.17017 , 0
-0.984134 , -0.18706 , 0
-0.980931 , -0.203896 , 0
-0.977441 , -0.220671 , 0
-0.973665 , -0.237382 , 0
-0.969604 , -0.254023 , 0
-0.965259 , -0.27059 , 0
-0.960632 , -0.287078 , 0
-0.955724 , -0.303482 , 0
-0.950536 , -0.319797 , 0
-0.945071 , -0.336019 , 0
-0.939329 , -0.352143 , 0
-0.933314 , -0.368164 , 0
-0.927026 , -0.384077 , 0
-0.920468 , -0.399878 , 0
-0.913641 , -0.415563 , 0
-0.906548 , -0.431127 , 0
-0.899191 , -0.446565 , 0
-0.891572 , -0.461873 , 0
-0.883694 , -0.477046 , 0
-0.875558 , -0.492081 , 0
-0.867168 , -0.506973 , 0
-0.858525 , -0.521717 , 0
-0.849633 , -0.53631 , 0
-0.840494 , -0.550746 , 0
-0.831111 , -0.565023 , 0
-0.821487 , -0.579136 , 0
-0.811624 , -0.59308 , 0
-0.801526 , -0.606853 , 0
-0.791195 , -0.620449 , 0
-0.780635 , -0.633866 , 0
-0.769849 , -0.647099 , 0
-0.758839 , -0.660144 , 0
-0.74761 , -0.672998 , 0
-0.736165 , -0.685658 , 0
-0.724506 , -0.698119 , 0
-0.712637 , -0.710377 , 0
-0.700563 , -0.722431 , 0
-0.688286 , -0.734275 , 0
-0.675809 , -0.745907 , 0
-0.663138 , -0.757324 , 0
-0.650275 , -0.768522 , 0
-0.637224 , -0.779497 , 0
-0.623989 , -0.790248 , 0
-0.610574 , -0.800771 , 0
-0.596983 , -0.811062 , 0
-0.583219 , -0.821119 , 0
-0.569287 , -0.83094 , 0
-0.555191 , -0.840521 , 0
-0.540935 , -0.849859 , 0
-0.526523 , -0.858953 , 0
-0.51196 , -0.867799 , 0
-0.497249 , -0.876395 , 0
-0.482394 , -0.884739 , 0
-0.467401 , -0.892827 , 0
-0.452273 , -0.900659 , 0
-0.437015 , -0.908231 , 0
-0.421631 , -0.915542 , 0
-0.406125 , -0.92259 , 0
-0.390503 , -0.929372 , 0
-0.374769 , -0.935886 , 0
-0.358926 , -0.942132 , 0
-0.342981 , -0.948106 , 0
-0.326937 , -0.953808 , 0
-0.310799 , -0.959236 , 0
-0.294571 , -0.964388 , 0
-0.278259 , -0.969262 , 0
-0.261867 , -0.973859 , 0
-0.2454 , -0.978175 , 0
-0.228862 , -0.98221 , 0
-0.212258 , -0.985963 , 0
-0.195594 , -0.989433 , 0
-0.178873 , -0.992618 , 0
-0.162101 , -0.995519 , 0
-0.145282 , -0.998133 , 0
-0.128421 , -1.00046 , 0
-0.111524 , -1.0025 , 0
-0.0945947 , -1.00425 , 0
-0.0776382 , -1.00572 , 0
-0.0606594 , -1.00689 , 0
-0.0436632 , -1.00778 , 0
-0.0266544 , -1.00838 , 0
-0.00963798 , -1.00869 , 0
0.00738121 , -1.0087 , 0
0.0243983 , -1.00843 , 0
0.0414083 , -1.00787 , 0
0.0584065 , -1.00702 , 0
0.0753879 , -1.00588 , 0
0.0923477 , -1.00445 , 0
0.109281 , -1.00273 , 0
0.126183 , -1.00073 , 0
0.143048 , -0.998436 , 0
0.159873 , -0.995857 , 0
0.176651 , -0.992992 , 0
0.193379 , -0.989841 , 0
0.210052 , -0.986406 , 0
0.226664 , -0.982688 , 0
0.24321 , -0.978687 , 0
0.259687 , -0.974405 , 0
0.27609 , -0.969844 , 0
0.292413 , -0.965003 , 0
0.308652 , -0.959885 , 0
0.324802 , -0.954491 , 0
0.340858 , -0.948822 , 0
0.356817 , -0.942881 , 0
0.372673 , -0.936668 , 0
0.388422 , -0.930186 , 0
0.404059 , -0.923437 , 0
0.41958 , -0.916421 , 0
0.43498 , -0.909142 , 0
0.450255 , -0.901601 , 0
0.4654 , -0.893801 , 0
0.480412 , -0.885743 , 0
0.495284 , -0.877429 , 0
0.510014 , -0.868864 , 0
0.524598 , -0.860047 , 0
0.539029 , -0.850983 , 0
0.553306 , -0.841674 , 0
0.567423 , -0.832121 , 0
0.581376 , -0.822329 , 0
0.595162 , -0.812299 , 0
0.608775 , -0.802035 , 0
0.622213 , -0.79154 , 0
0.635472 , -0.780816 , 0
0.648546 , -0.769866 , 0
0.661434 , -0.758694 , 0
0.67413 , -0.747302 , 0
0.686631 , -0.735695 , 0
0.698934 , -0.723875 , 0
0.711035 , -0.711845 , 0
0.722929 , -0.69961 , 0
0.734615 , -0.687172 , 0
0.746088 , -0.674535 , 0
0.757345 , -0.661702 , 0
0.768382 , -0.648678 , 0
0.779197 , -0.635466 , 0
0.789785 , -0.62207 , 0
0.800145 , -0.608493 , 0
0.810273 , -0.59474 , 0
0.820165 , -0.580814 , 0
0.829819 , -0.566719 , 0
0.839232 , -0.55246 , 0
0.848402 , -0.53804 , 0
0.857325 , -0.523464 , 0
0.865998 , -0.508736 , 0
0.87442 , -0.49386 , 0
0.882587 , -0.47884 , 0
0.890497 , -0.46368 , 0
0.898148 , -0.448386 , 0
0.905537 , -0.432961 , 0
0.912662 , -0.41741 , 0
0.919522 , -0.401737 , 0
0.926113 , -0.385947 , 0
0.932433 , -0.370044 , 0
0.938482 , -0.354033 , 0
0.944257 , -0.337919 , 0
0.949755 , -0.321706 , 0
0.954976 , -0.3054 , 0
0.959918 , -0.289003 , 0
0.964579 , -0.272523 , 0
0.968958 , -0.255962 , 0
0.973053 , -0.239327 , 0
0.976863 , -0.222621 , 0
0.980386 , -0.205851 , 0
0.983623 , -0.189019 , 0
0.986571 , -0.172133 , 0
0.989229 , -0.155196 , 0
0.991597 , -0.138213 , 0
0.993674 , -0.12119 , 0
0.995459 , -0.104131 , 0
0.996951 , -0.0870419 , 0
0.99815 , -0.0699269 , 0
0.999055 , -0.0527914 , 0
0.999667 , -0.0356403 , 0
0.999984 , -0.0184787 , 0
1.00001 , -0.00131166 , 0
0.999734 , 0.0158558 , 0
0.999167 , 0.0330185 , 0
0.998306 , 0.0501715 , 0
0.997149 , 0.0673097 , 0
0.995699 , 0.084428 , 0
0.993954 , 0.101521 , 0
0.991916 , 0.118585 , 0
0.989584 , 0.135613 , 0
0.98696 , 0.152601 , 0
0.984043 , 0.169544 , 0
0.980836 , 0.186437 , 0
0.977337 , 0.203275 , 0
0.97355 , 0.220053 , 0
0.969474 , 0.236765 , 0
0.96511 , 0.253407 , 0
0.96046 , 0.269974 , 0
0.955525 , 0.28646 , 0
0.950306 , 0.302862 , 0
0.944805 , 0.319174 , 0
0.939024 , 0.335391 , 0
0.932963 , 0.351508 , 0
0.926625 , 0.367521 , 0
0.920011 , 0.383424 , 0
0.913123 , 0.399213 , 0
0.905963 , 0.414883 , 0
0.898534 , 0.43043 , 0
0.890836 , 0.445849 , 0
0.882873 , 0.461134 , 0
0.874647 , 0.476282 , 0
0.86616 , 0.491288 , 0
0.857414 , 0.506147 , 0
0.848413 , 0.520856 , 0
0.839158 , 0.535408 , 0
0.829652 , 0.549801 , 0
0.819898 , 0.564029 , 0
0.809899 , 0.578089 , 0
0.799658 , 0.591975 , 0
0.789177 , 0.605685 , 0
0.77846 , 0.619213 , 0
0.76751 , 0.632556 , 0
0.756331 , 0.645709 , 0
0.744924 , 0.658669 , 0
0.733294 , 0.671432 , 0
0.721445 , 0.683993 , 0
0.709379 , 0.696348 , 0
0.6971 , 0.708495 , 0
0.684612 , 0.72043 , 0
0.671918 , 0.732148 , 0
0.659023 , 0.743646 , 0
0.645929 , 0.754921 , 0
0.632642 , 0.765969 , 0
0.619164 , 0.776786 , 0
0.6055 , 0.78737 , 0
0.591655 , 0.797718 , 0
0.577631 , 0.807825 , 0
0.563433 , 0.817689 , 0
0.549066 , 0.827308 , 0
0.534533 , 0.836677 , 0
0.51984 , 0.845794 , 0
0.504989 , 0.854656 , 0
0.489987 , 0.863261 , 0
0.474837 , 0.871606 , 0
0.459544 , 0.879688 , 0
0.444113 , 0.887505 , 0
0.428547 , 0.895055 , 0
0.412853 , 0.902334 , 0
0.397033 , 0.909341 , 0
0.381094 , 0.916074 , 0
0.36504 , 0.922531 , 0
0.348876 , 0.928709 , 0
0.332607 , 0.934607 , 0
0.316237 , 0.940222 , 0
0.299772 , 0.945554 , 0
0.283216 , 0.9506 , 0
0.266574 , 0.955359 , 0
0.249853 , 0.95983 , 0
0.233055 , 0.964011 , 0
0.216187 , 0.9679 , 0
0.199254 , 0.971497 , 0
0.182261 , 0.974801 , 0
0.165213 , 0.97781 , 0
0.148114 , 0.980523 , 0
0.130971 , 0.98294 , 0
0.113789 , 0.98506 , 0
0.0965717 , 0.986883 , 0
0.0793255 , 0.988407 , 0
0.0620553 , 0.989632 , 0
0.0447663 , 0.990558 , 0
0.0274638 , 0.991184 , 0
0.010153 , 0.991511 , 0
-0.00716085 , 0.991539 , 0
-0.0244726 , 0.991266 , 0
-0.0417769 , 0.990694 , 0
-0.0590685 , 0.989822 , 0
-0.0763423 , 0.988652 , 0
-0.0935931 , 0.987182 , 0
-0.110816 , 0.985414 , 0
-0.128005 , 0.983348 , 0
-0.145155 , 0.980985 , 0
-0.162261 , 0.978325 , 0
-0.179319 , 0.97537 , 0
-0.196322 , 0.97212 , 0
-0.213266 , 0.968577 , 0
-0.230145 , 0.964741 , 0
-0.246955 , 0.960613 , 0
-0.26369 , 0.956195 , 0
-0.280346 , 0.951489 , 0
-0.296917 , 0.946495 , 0
-0.313399 , 0.941215 , 0
-0.329785 , 0.935652 , 0
-0.346073 , 0.929805 , 0
-0.362255 , 0.923679 , 0
-0.378329 , 0.917273 , 0
-0.394288 , 0.910591 , 0
-0.410129 , 0.903634 , 0
-0.425845 , 0.896405 , 0
-0.441434 , 0.888905 , 0
-0.456889 , 0.881137 , 0
-0.472207 , 0.873104 , 0
-0.487382 , 0.864808 , 0
-0.50241 , 0.856251 , 0
-0.517287 , 0.847436 , 0
-0.532009 , 0.838366 , 0
-0.54657 , 0.829044 , 0
-0.560967 , 0.819472 , 0
-0.575195 , 0.809654 , 0
-0.589249 , 0.799591 , 0
-0.603127 , 0.789289 , 0
-0.616823 , 0.778749 , 0
-0.630334 , 0.767975 , 0
-0.643655 , 0.75697 , 0
-0.656784 , 0.745738 , 0
-0.669714 , 0.734282 , 0
-0.682444 , 0.722606 , 0
-0.694969 , 0.710712 , 0
-0.707285 , 0.698606 , 0
-0.71939 , 0.686289 , 0
-0.731278 , 0.673767 , 0
-0.742947 , 0.661043 , 0
-0.754394 , 0.648121 , 0
-0.765615 , 0.635005 , 0
-0.776606 , 0.621699 , 0
-0.787365 , 0.608206 , 0
-0.797888 , 0.594532 , 0
-0.808173 , 0.580679 , 0
-0.818216 , 0.566653 , 0
-0.828014 , 0.552458 , 0
-0.837565 , 0.538097 , 0
-0.846866 , 0.523576 , 0
-0.855914 , 0.508898 , 0
-0.864706 , 0.494069 , 0
-0.873241 , 0.479092 , 0
-0.881514 , 0.463972 , 0
-0.889526 , 0.448714 , 0
-0.897272 , 0.433322 , 0
-0.90475 , 0.417802 , 0
-0.91196 , 0.402156 , 0
-0.918898 , 0.386391 , 0
-0.925562 , 0.370511 , 0
-0.931951 , 0.354521 , 0
-0.938064 , 0.338426 , 0
-0.943897 , 0.322229 , 0
-0.94945 , 0.305938 , 0
-0.954721 , 0.289555 , 0
-0.959709 , 0.273086 , 0
-0.964412 , 0.256537 , 0
-0.968829 , 0.239911 , 0
-0.972959 , 0.223214 , 0
-0.976801 , 0.206451 , 0
-0.980353 , 0.189627 , 0
-0.983615 , 0.172747 , 0
-0.986586 , 0.155816 , 0
-0.989266 , 0.138838 , 0
-0.991653 , 0.12182 , 0
-0.993746 , 0.104765 , 0
-0.995547 , 0.0876798 , 0
-0.997053 , 0.0705685 , 0
-0.998265 , 0.0534364 , 0
-0.999183 , 0.0362885 , 0
-0.999806 , 0.0191299 , 0
-1.00013 , 0.00196571 , 0
-1.00017 , -0.0151991 , 0
-0.999908 , -0.0323594 , 0
-0.999353 , -0.0495102 , 0
-0.998503 , -0.0666464 , 0
-0.997361 , -0.0837631 , 0
-0.995925 , -0.100855 , 0
-0.994196 , -0.117917 , 0
-0.992176 , -0.134945 , 0
-0.989864 , -0.151933 , 0
-0.987262 , -0.168877 , 0
-0.98437 , -0.185771 , 0
-0.98119 , -0.20261 , 0
-0.977722 , -0.219391 , 0
-0.973968 , -0.236107 , 0
-0.969929 , -0.252753 , 0
-0.965605 , -0.269326 , 0
-0.961 , -0.28582 , 0
-0.956113 , -0.302231 , 0
-0.950947 , -0.318553 , 0
-0.945503 , -0.334782 , 0
-0.939782 , -0.350913 , 0
-0.933788 , -0.366942 , 0
-0.927521 , -0.382864 , 0
-0.920983 , -0.398674 , 0
-0.914177 , -0.414367 , 0
-0.907104 , -0.42994 , 0
-0.899767 , -0.445388 , 0
-0.892168 , -0.460706 , 0
-0.88431 , -0.47589 , 0
-0.876194 , -0.490936 , 0
-0.867823 , -0.505838 , 0
-0.859199 , -0.520594 , 0
-0.850327 , -0.535198 , 0
-0.841206 , -0.549647 , 0
-0.831842 , -0.563936 , 0
-0.822236 , -0.578061 , 0
-0.812392 , -0.592019 , 0
-0.802311 , -0.605805 , 0
-0.791998 , -0.619415 , 0
-0.781456 , -0.632845 , 0
-0.770687 , -0.646092 , 0
-0.759694 , -0.659152 , 0
-0.748482 , -0.672021 , 0
-0.737052 , -0.684695 , 0
-0.72541 , -0.697172 , 0
-0.713557 , -0.709446 , 0
-0.701499 , -0.721515 , 0
-0.689237 , -0.733376 , 0
-0.676776 , -0.745024 , 0
-0.664119 , -0.756457 , 0
-0.651271 , -0.767672 , 0
-0.638234 , -0.778665 , 0
-0.625013 , -0.789433 , 0
-0.611612 , -0.799973 , 0
-0.598034 , -0.810282 , 0
-0.584283 , -0.820357 , 0
-0.570364 , -0.830196 , 0
-0.556281 , -0.839796 , 0
-0.542037 , -0.849153 , 0
-0.527637 , -0.858265 , 0
-0.513085 , -0.86713 , 0
-0.498385 , -0.875745 , 0
-0.483541 , -0.884108 , 0
-0.468558 , -0.892217 , 0
-0.453441 , -0.900068 , 0
-0.438192 , -0.90766 , 0
-0.422818 , -0.914991 , 0
-0.407322 , -0.922059 , 0
-0.391708 , -0.928861 , 0
-0.375982 , -0.935397 , 0
-0.360148 , -0.941663 , 0
-0.34421 , -0.947658 , 0
-0.328174 , -0.953381 , 0
-0.312043 , -0.95883 , 0
-0.295822 , -0.964003 , 0
-0.279516 , -0.968899 , 0
-0.26313 , -0.973516 , 0
-0.246668 , -0.977854 , 0
-0.230136 , -0.981911 , 0
-0.213537 , -0.985685 , 0
-0.196877 , -0.989177 , 0
-0.18016 , -0.992384 , 0
-0.163392 , -0.995307 , 0
-0.146576 , -0.997943 , 0
-0.129719 , -1.00029 , 0
-0.112824 , -1.00236 , 0
-0.0958972 , -1.00413 , 0
-0.0789426 , -1.00562 , 0
-0.0619653 , -1.00681 , 0
-0.0449702 , -1.00772 , 0
-0.0279623 , -1.00834 , 0
-0.0109463 , -1.00867 , 0
0.00607288 , -1.00871 , 0
0.0230903 , -1.00846 , 0
0.0401011 , -1.00792 , 0
0.0571003 , -1.00709 , 0
0.0740832 , -1.00598 , 0
0.0910448 , -1.00457 , 0
0.10798 , -1.00288 , 0
0.124885 , -1.00089 , 0
0.141753 , -0.998622 , 0
0.158581 , -0.996065 , 0
0.175363 , -0.993221 , 0
0.192095 , -0.990093 , 0
0.208772 , -0.986679 , 0
0.225389 , -0.982983 , 0
0.241941 , -0.979004 , 0
0.258423 , -0.974743 , 0
0.274832 , -0.970203 , 0
0.291161 , -0.965384 , 0
0.307406 , -0.960287 , 0
0.323563 , -0.954914 , 0
0.339628 , -0.949266 , 0
0.355594 , -0.943346 , 0
0.371458 , -0.937154 , 0
0.387215 , -0.930692 , 0
0.402861 , -0.923963 , 0
0.418391 , -0.916968 , 0
0.433801 , -0.909709 , 0
0.449085 , -0.902188 , 0
0.464241 , -0.894407 , 0
0.479262 , -0.886369 , 0
0.494146 , -0.878075 , 0
0.508887 , -0.869529 , 0
0.523482 , -0.860731 , 0
0.537925 , -0.851686 , 0
0.552214 , -0.842395 , 0
0.566343 , -0.832861 , 0
0.580309 , -0.823087 , 0
0.594108 , -0.813076 , 0
0.607735 , -0.80283 , 0
0.621186 , -0.792352 , 0
0.634459 , -0.781645 , 0
0.647548 , -0.770712 , 0
0.660449 , -0.759557 , 0
0.67316 , -0.748182 , 0
0.685677 , -0.736591 , 0
0.697995 , -0.724787 , 0
0.710111 , -0.712774 , 0
0.722022 , -0.700554 , 0
0.733724 , -0.688131 , 0
0.745213 , -0.675509 , 0
0.756487 , -0.662691 , 0
0.767541 , -0.649682 , 0
0.778373 , -0.636484 , 0
0.788979 , -0.623102 , 0
0.799356 , -0.609538 , 0
0.809502 , -0.595798 , 0
0.819412 , -0.581886 , 0
0.829085 , -0.567804 , 0
0.838517 , -0.553557 , 0
0.847705 , -0.539149 , 0
0.856646 , -0.524585 , 0
0.865339 , -0.509868 , 0
0.87378 , -0.495003 , 0
0.881967 , -0.479994 , 0
0.889897 , -0.464845 , 0
0.897568 , -0.449561 , 0
0.904977 , -0.434146 , 0
0.912123 , -0.418604 , 0
0.919002 , -0.40294 , 0
0.925614 , -0.387159 , 0
0.931956 , -0.371264 , 0
0.938025 , -0.355262 , 0
0.943821 , -0.339155 , 0
0.94934 , -0.32295 , 0
0.954583 , -0.30665 , 0
0.959546 , -0.29026 , 0
0.964228 , -0.273786 , 0
0.968629 , -0.257231 , 0
0.972746 , -0.240601 , 0
0.976577 , -0.223901 , 0
0.980123 , -0.207135 , 0
0.983381 , -0.190308 , 0
0.986351 , -0.173426 , 0
0.989032 , -0.156492 , 0
0.991422 , -0.139513 , 0
0.993521 , -0.122492 , 0
0.995328 , -0.105436 , 0
0.996843 , -0.0883489 , 0
0.998065 , -0.0712356 , 0
0.998993 , -0.0541014 , 0
0.999627 , -0.0369512 , 0
0.999966 , -0.0197902 , 0
1.00001 , -0.00262333 , 0
0.999761 , 0.0145443 , 0
0.999217 , 0.0317077 , 0
0.998378 , 0.0488616 , 0
0.997244 , 0.0660012 , 0
0.995816 , 0.0831213 , 0
0.994094 , 0.100217 , 0
0.992078 , 0.117283 , 0
0.989768 , 0.134314 , 0
0.987166 , 0.151306 , 0
0.984272 , 0.168252 , 0
0.981087 , 0.185149 , 0
0.977611 , 0.201991 , 0
0.973845 , 0.218774 , 0
0.969791 , 0.235491 , 0
0.965449 , 0.252139 , 0
0.960821 , 0.268712 , 0
0.955908 , 0.285205 , 0
0.950711 , 0.301613 , 0
0.945231 , 0.317932 , 0
0.939471 , 0.334156 , 0
0.933431 , 0.350281 , 0
0.927114 , 0.366302 , 0
0.920521 , 0.382214 , 0
0.913654 , 0.398012 , 0
0.906515 , 0.413692 , 0
0.899106 , 0.429248 , 0
0.891429 , 0.444677 , 0
0.883486 , 0.459973 , 0
0.87528 , 0.475131 , 0
0.866813 , 0.490148 , 0
0.858087 , 0.505019 , 0
0.849104 , 0.519739 , 0
0.839869 , 0.534304 , 0
0.830382 , 0.548709 , 0
0.820647 , 0.56295 , 0
0.810666 , 0.577022 , 0
0.800443 , 0.590922 , 0
0.789981 , 0.604646 , 0
0.779282 , 0.618188 , 0
0.76835 , 0.631545 , 0
0.757187 , 0.644713 , 0
0.745798 , 0.657688 , 0
0.734185 , 0.670465 , 0
0.722352 , 0.683042 , 0
0.710302 , 0.695414 , 0
0.69804 , 0.707577 , 0
0.685567 , 0.719528 , 0
0.672889 , 0.731262 , 0
0.660009 , 0.742777 , 0
0.64693 , 0.754069 , 0
0.633658 , 0.765135 , 0
0.620194 , 0.77597 , 0
0.606544 , 0.786572 , 0
0.592712 , 0.796938 , 0
0.578702 , 0.807063 , 0
0.564517 , 0.816946 , 0
0.550163 , 0.826583 , 0
0.535642 , 0.835972 , 0
0.520961 , 0.845108 , 0
0.506123 , 0.85399 , 0
0.491132 , 0.862615 , 0
0.475993 , 0.870979 , 0
0.460711 , 0.879082 , 0
0.445289 , 0.886919 , 0
0.429734 , 0.894489 , 0
0.414049 , 0.901789 , 0
0.398239 , 0.908817 , 0
0.382309 , 0.915571 , 0
0.366264 , 0.922048 , 0
0.350108 , 0.928248 , 0
0.333846 , 0.934167 , 0
0.317484 , 0.939804 , 0
0.301025 , 0.945158 , 0
0.284476 , 0.950226 , 0
0.267841 , 0.955007 , 0
0.251125 , 0.9595 , 0
0.234333 , 0.963703 , 0
0.217471 , 0.967614 , 0
0.200543 , 0.971234 , 0
0.183554 , 0.97456 , 0
0.166509 , 0.977591 , 0
0.149415 , 0.980327 , 0
0.132275 , 0.982767 , 0
0.115095 , 0.984909 , 0
0.0978804 , 0.986754 , 0
0.0806362 , 0.988301 , 0
0.0633676 , 0.989549 , 0
0.0460799 , 0.990498 , 0
0.0287783 , 0.991147 , 0
0.0114679 , 0.991497 , 0
-0.0058459 , 0.991547 , 0
-0.0231579 , 0.991298 , 0
-0.040463 , 0.990748 , 0
-0.0577558 , 0.989899 , 0
-0.0750312 , 0.988751 , 0
-0.0922838 , 0.987304 , 0
-0.109509 , 0.985559 , 0
-0.1267 , 0.983516 , 0
-0.143854 , 0.981176 , 0
-0.160964 , 0.978539 , 0
-0.178025 , 0.975606 , 0
-0.195032 , 0.972378 , 0
-0.211981 , 0.968857 , 0
-0.228865 , 0.965043 , 0
-0.245681 , 0.960938 , 0
-0.262422 , 0.956542 , 0
-0.279084 , 0.951858 , 0
-0.295662 , 0.946886 , 0
-0.31215 , 0.941628 , 0
-0.328544 , 0.936085 , 0
-0.344839 , 0.930261 , 0
-0.36103 , 0.924155 , 0
-0.377112 , 0.917771 , 0
-0.39308 , 0.91111 , 0
-0.40893 , 0.904174 , 0
-0.424656 , 0.896965 , 0
-0.440255 , 0.889486 , 0
-0.45572 , 0.881739 , 0
-0.471048 , 0.873726 , 0
-0.486235 , 0.865449 , 0
-0.501274 , 0.856912 , 0
-0.516163 , 0.848117 , 0
-0.530896 , 0.839066 , 0
-0.54547 , 0.829763 , 0
-0.559879 , 0.82021 , 0
-0.57412 , 0.810411 , 0
-0.588188 , 0.800367 , 0
-0.602079 , 0.790083 , 0
-0.61579 , 0.779561 , 0
-0.629315 , 0.768805 , 0
-0.642651 , 0.757817 , 0
-0.655794 , 0.746603 , 0
-0.66874 , 0.735164 , 0
-0.681485 , 0.723504 , 0
-0.694025 , 0.711627 , 0
-0.706358 , 0.699536 , 0
-0.718478 , 0.687236 , 0
-0.730383 , 0.674729 , 0
-0.742069 , 0.662021 , 0
-0.753533 , 0.649114 , 0
-0.764771 , 0.636012 , 0
-0.77578 , 0.62272 , 0
-0.786557 , 0.609242 , 0
-0.797098 , 0.595581 , 0
-0.807401 , 0.581742 , 0
-0.817462 , 0.567729 , 0
-0.827279 , 0.553546 , 0
-0.836849 , 0.539198 , 0
-0.846169 , 0.524689 , 0
-0.855236 , 0.510024 , 0
-0.864048 , 0.495206 , 0
-0.872602 , 0.48024 , 0
-0.880896 , 0.465131 , 0
-0.888928 , 0.449883 , 0
-0.896694 , 0.434502 , 0
-0.904193 , 0.41899 , 0
-0.911423 , 0.403355 , 0
-0.918382 , 0.387599 , 0
-0.925067 , 0.371727 , 0
-0.931477 , 0.355745 , 0
-0.937611 , 0.339658 , 0
-0.943465 , 0.323469 , 0
-0.94904 , 0.307185 , 0
-0.954333 , 0.290809 , 0
-0.959342 , 0.274347 , 0
-0.964067 , 0.257803 , 0
-0.968506 , 0.241183 , 0
-0.972658 , 0.224491 , 0
-0.976521 , 0.207733 , 0
-0.980096 , 0.190914 , 0
-0.98338 , 0.174038 , 0
-0.986374 , 0.15711 , 0
-0.989075 , 0.140136 , 0
-0.991485 , 0.123121 , 0
-0.993601 , 0.106069 , 0
-0.995424 , 0.0889859 , 0
-0.996952 , 0.0718765 , 0
-0.998187 , 0.0547459 , 0
-0.999127 , 0.0375991 , 0
-0.999773 , 0.0204412 , 0
-1.00012 , 0.0032773 , 0
-1.00018 , -0.0138876 , 0
-0.999942 , -0.0310483 , 0
-0.999409 , -0.0482 , 0
-0.998583 , -0.0653374 , 0
-0.997462 , -0.0824557 , 0
-0.996049 , -0.0995497 , 0
-0.994343 , -0.116614 , 0
-0.992345 , -0.133645 , 0
-0.990055 , -0.150636 , 0
-0.987475 , -0.167583 , 0
-0.984606 , -0.184481 , 0
-0.981447 , -0.201325 , 0
-0.978002 , -0.21811 , 0
-0.974269 , -0.234831 , 0
-0.970252 , -0.251483 , 0
-0.96595 , -0.268062 , 0
-0.961366 , -0.284562 , 0
-0.9565 , -0.300979 , 0
-0.951356 , -0.317308 , 0
-0.945933 , -0.333544 , 0
-0.940234 , -0.349683 , 0
-0.93426 , -0.365719 , 0
-0.928014 , -0.381649 , 0
-0.921497 , -0.397468 , 0
-0.914711 , -0.413171 , 0
-0.907659 , -0.428753 , 0
-0.900342 , -0.444211 , 0
-0.892763 , -0.459539 , 0
-0.884924 , -0.474733 , 0
-0.876828 , -0.489789 , 0
-0.868476 , -0.504703 , 0
-0.859872 , -0.51947 , 0
-0.851018 , -0.534086 , 0
-0.841917 , -0.548547 , 0
-0.832571 , -0.562848 , 0
-0.822984 , -0.576986 , 0
-0.813157 , -0.590956 , 0
-0.803095 , -0.604755 , 0
-0.7928 , -0.618379 , 0
-0.782275 , -0.631823 , 0
-0.771523 , -0.645085 , 0
-0.760547 , -0.658159 , 0
-0.749352 , -0.671043 , 0
-0.737939 , -0.683732 , 0
-0.726313 , -0.696223 , 0
-0.714476 , -0.708513 , 0
-0.702433 , -0.720598 , 0
-0.690187 , -0.732475 , 0
-0.677741 , -0.74414 , 0
-0.665099 , -0.755589 , 0
-0.652265 , -0.766821 , 0
-0.639243 , -0.777831 , 0
-0.626036 , -0.788616 , 0
-0.612648 , -0.799174 , 0
-0.599084 , -0.809501 , 0
-0.585347 , -0.819594 , 0
-0.57144 , -0.829451 , 0
-0.557369 , -0.839069 , 0
-0.543138 , -0.848445 , 0
-0.528749 , -0.857576 , 0
-0.514209 , -0.86646 , 0
-0.49952 , -0.875094 , 0
-0.484687 , -0.883477 , 0
-0.469715 , -0.891604 , 0
-0.454607 , -0.899476 , 0
-0.439369 , -0.907088 , 0
-0.424004 , -0.914439 , 0
-0.408517 , -0.921527 , 0
-0.392913 , -0.92835 , 0
-0.377195 , -0.934905 , 0
-0.361369 , -0.941192 , 0
-0.345439 , -0.947208 , 0
-0.32941 , -0.952952 , 0
-0.313286 , -0.958422 , 0
-0.297072 , -0.963616 , 0
-0.280772 , -0.968533 , 0
-0.264392 , -0.973172 , 0
-0.247936 , -0.977531 , 0
-0.231409 , -0.98161 , 0
-0.214815 , -0.985406 , 0
-0.198159 , -0.988919 , 0
-0.181447 , -0.992149 , 0
-0.164682 , -0.995093 , 0
-0.147871 , -0.997751 , 0
-0.131016 , -1.00012 , 0
-0.114124 , -1.00221 , 0
-0.0971995 , -1.004 , 0
-0.0802468 , -1.00551 , 0
-0.0632711 , -1.00673 , 0
-0.0462772 , -1.00766 , 0
-0.0292701 , -1.0083 , 0
-0.0122545 , -1.00866 , 0
0.00476455 , -1.00872 , 0
0.0217823 , -1.00849 , 0
0.0387937 , -1.00797 , 0
0.055794 , -1.00717 , 0
0.0727783 , -1.00607 , 0
0.0897417 , -1.00469 , 0
0.106679 , -1.00302 , 0
0.123586 , -1.00105 , 0
0.140458 , -0.998806 , 0
0.157289 , -0.996271 , 0
0.174075 , -0.993449 , 0
0.190811 , -0.990342 , 0
0.207492 , -0.986951 , 0
0.224114 , -0.983276 , 0
0.240671 , -0.979319 , 0
0.257159 , -0.97508 , 0
0.273573 , -0.970561 , 0
0.289908 , -0.965763 , 0
0.306161 , -0.960687 , 0
0.322325 , -0.955335 , 0
0.338396 , -0.949709 , 0
0.35437 , -0.943809 , 0
0.370242 , -0.937638 , 0
0.386008 , -0.931197 , 0
0.401663 , -0.924488 , 0
0.417202 , -0.917513 , 0
0.432621 , -0.910274 , 0
0.447915 , -0.902773 , 0
0.46308 , -0.895012 , 0
0.478112 , -0.886994 , 0
0.493007 , -0.87872 , 0
0.507759 , -0.870192 , 0
0.522365 , -0.861414 , 0
0.53682 , -0.852388 , 0
0.551121 , -0.843115 , 0
0.565263 , -0.8336 , 0
0.579241 , -0.823844 , 0
0.593053 , -0.813851 , 0
0.606693 , -0.803623 , 0
0.620158 , -0.793162 , 0
0.633445 , -0.782473 , 0
0.646548 , -0.771557 , 0
0.659464 , -0.760419 , 0
0.67219 , -0.749061 , 0
0.684721 , -0.737486 , 0
0.697055 , -0.725699 , 0
0.709187 , -0.713701 , 0
0.721113 , -0.701496 , 0
0.732831 , -0.689089 , 0
0.744337 , -0.676482 , 0
0.755627 , -0.66368 , 0
0.766698 , -0.650684 , 0
0.777547 , -0.637501 , 0
0.788171 , -0.624132 , 0
0.798566 , -0.610583 , 0
0.808729 , -0.596856 , 0
0.818658 , -0.582956 , 0
0.828349 , -0.568887 , 0
0.837799 , -0.554653 , 0
0.847006 , -0.540257 , 0
0.855967 , -0.525705 , 0
0.864679 , -0.511 , 0
0.873139 , -0.496146 , 0
0.881346 , -0.481147 , 0
0.889295 , -0.466009 , 0
0.896986 , -0.450735 , 0
0.904416 , -0.435329 , 0
0.911581 , -0.419797 , 0
0.918482 , -0.404142 , 0
0.925114 , -0.38837 , 0
0.931476 , -0.372484 , 0
0.937566 , -0.356489 , 0
0.943383 , -0.340391 , 0
0.948924 , -0.324192 , 0
0.954188 , -0.3079 , 0
0.959172 , -0.291517 , 0
0.963876 , -0.275048 , 0
0.968298 , -0.2585 , 0
0.972437 , -0.241875 , 0
0.976291 , -0.22518 , 0
0.979858 , -0.208419 , 0
0.983139 , -0.191596 , 0
0.986131 , -0.174718 , 0
0.988833 , -0.157788 , 0
0.991246 , -0.140812 , 0
0.993367 , -0.123795 , 0
0.995197 , -0.106741 , 0
0.996734 , -0.0896557 , 0
0.997978 , -0.0725442 , 0
0.998928 , -0.0554113 , 0
0.999584 , -0.0382621 , 0
0.999947 , -0.0211017 , 0
1.00001 , -0.003935 , 0
0.999787 , 0.0132328 , 0
0.999265 , 0.0303967 , 0
0.998448 , 0.0475517 , 0
0.997337 , 0.0646926 , 0
0.995931 , 0.0818145 , 0
0.994232 , 0.0989121 , 0
0.992238 , 0.115981 , 0
0.989951 , 0.133015 , 0
0.987371 , 0.15001 , 0
0.9845 , 0.16696 , 0
0.981336 , 0.183861 , 0
0.977882 , 0.200708 , 0
0.974139 , 0.217495 , 0
0.970107 , 0.234217 , 0
0.965787 , 0.250871 , 0
0.961181 , 0.267449 , 0
0.956289 , 0.283949 , 0
0.951113 , 0.300364 , 0
0.945655 , 0.31669 , 0
0.939917 , 0.332922 , 0
0.933898 , 0.349054 , 0
0.927602 , 0.365083 , 0
0.92103 , 0.381004 , 0
0.914184 , 0.396811 , 0
0.907065 , 0.4125 , 0
0.899677 , 0.428066 , 0
0.89202 , 0.443504 , 0
0.884098 , 0.458811 , 0
0.875911 , 0.47398 , 0
0.867464 , 0.489008 , 0
0.858757 , 0.50389 , 0
0.849795 , 0.518622 , 0
0.840578 , 0.533198 , 0
0.83111 , 0.547616 , 0
0.821394 , 0.561869 , 0
0.811432 , 0.575955 , 0
0.801227 , 0.589869 , 0
0.790783 , 0.603605 , 0
0.780102 , 0.617162 , 0
0.769187 , 0.630533 , 0
0.758042 , 0.643716 , 0
0.74667 , 0.656705 , 0
0.735074 , 0.669498 , 0
0.723258 , 0.68209 , 0
0.711225 , 0.694478 , 0
0.698978 , 0.706657 , 0
0.686521 , 0.718624 , 0
0.673859 , 0.730375 , 0
0.660994 , 0.741907 , 0
0.64793 , 0.753216 , 0
0.634672 , 0.764299 , 0
0.621223 , 0.775152 , 0
0.607587 , 0.785772 , 0
0.593769 , 0.796156 , 0
0.579772 , 0.8063 , 0
0.5656 , 0.816202 , 0
0.551259 , 0.825858 , 0
0.536751 , 0.835265 , 0
0.522081 , 0.844421 , 0
0.507255 , 0.853322 , 0
0.492275 , 0.861967 , 0
0.477148 , 0.870351 , 0
0.461876 , 0.878474 , 0
0.446465 , 0.886331 , 0
0.43092 , 0.893921 , 0
0.415245 , 0.901242 , 0
0.399444 , 0.908291 , 0
0.383523 , 0.915066 , 0
0.367486 , 0.921565 , 0
0.351338 , 0.927785 , 0
0.335085 , 0.933726 , 0
0.31873 , 0.939385 , 0
0.302279 , 0.94476 , 0
0.285736 , 0.94985 , 0
0.269108 , 0.954653 , 0
0.252398 , 0.959168 , 0
0.235611 , 0.963393 , 0
0.218754 , 0.967327 , 0
0.20183 , 0.970968 , 0
0.184846 , 0.974317 , 0
0.167806 , 0.97737 , 0
0.150715 , 0.980129 , 0
0.133578 , 0.982591 , 0
0.116401 , 0.984757 , 0
0.0991889 , 0.986624 , 0
0.0819468 , 0.988194 , 0
0.0646799 , 0.989465 , 0
0.0473934 , 0.990436 , 0
0.0300927 , 0.991108 , 0
0.0127828 , 0.991481 , 0
-0.00453093 , 0.991554 , 0
-0.0218433 , 0.991327 , 0
-0.0391491 , 0.990801 , 0
-0.056443 , 0.989975 , 0
-0.0737199 , 0.988849 , 0
-0.0909744 , 0.987425 , 0
-0.108202 , 0.985703 , 0
-0.125396 , 0.983682 , 0
-0.142552 , 0.981364 , 0
-0.159666 , 0.97875 , 0
-0.176731 , 0.97584 , 0
-0.193743 , 0.972635 , 0
-0.210696 , 0.969136 , 0
-0.227585 , 0.965344 , 0
-0.244406 , 0.961261 , 0
-0.261153 , 0.956887 , 0
-0.277821 , 0.952225 , 0
-0.294406 , 0.947274 , 0
-0.310901 , 0.942038 , 0
-0.327302 , 0.936518 , 0
-0.343605 , 0.930715 , 0
-0.359804 , 0.92463 , 0
-0.375895 , 0.918267 , 0
-0.391872 , 0.911627 , 0
-0.40773 , 0.904712 , 0
-0.423466 , 0.897524 , 0
-0.439074 , 0.890065 , 0
-0.45455 , 0.882338 , 0
-0.469889 , 0.874346 , 0
-0.485086 , 0.866089 , 0
-0.500137 , 0.857572 , 0
-0.515038 , 0.848796 , 0
-0.529783 , 0.839765 , 0
-0.544369 , 0.830481 , 0
-0.558791 , 0.820947 , 0
-0.573045 , 0.811166 , 0
-0.587126 , 0.801141 , 0
-0.601031 , 0.790875 , 0
-0.614755 , 0.780371 , 0
-0.628294 , 0.769633 , 0
-0.641645 , 0.758663 , 0
-0.654802 , 0.747466 , 0
-0.667764 , 0.736043 , 0
-0.680524 , 0.7244 , 0
-0.69308 , 0.71254 , 0
-0.705429 , 0.700465 , 0
-0.717566 , 0.688181 , 0
-0.729487 , 0.67569 , 0
-0.74119 , 0.662997 , 0
-0.752671 , 0.650105 , 0
-0.763926 , 0.637018 , 0
-0.774953 , 0.62374 , 0
-0.785747 , 0.610276 , 0
-0.796306 , 0.596629 , 0
-0.806628 , 0.582804 , 0
-0.816707 , 0.568804 , 0
-0.826543 , 0.554634 , 0
-0.836132 , 0.540299 , 0
-0.845471 , 0.525802 , 0
-0.854558 , 0.511148 , 0
-0.863389 , 0.496341 , 0
-0.871963 , 0.481387 , 0
-0.880277 , 0.466289 , 0
-0.888328 , 0.451052 , 0
-0.896115 , 0.43568 , 0
-0.903634 , 0.420179 , 0
-0.910885 , 0.404552 , 0
-0.917864 , 0.388805 , 0
-0.924571 , 0.372943 , 0
-0.931002 , 0.356969 , 0
-0.937156 , 0.340889 , 0
-0.943032 , 0.324708 , 0
-0.948628 , 0.308431 , 0
-0.953943 , 0.292062 , 0
-0.958974 , 0.275606 , 0
-0.96372 , 0.259069 , 0
-0.968181 , 0.242455 , 0
-0.972355 , 0.225768 , 0
-0.976241 , 0.209015 , 0
-0.979837 , 0.1922 , 0
-0.983144 , 0.175329 , 0
-0.986159 , 0.158405 , 0
-0.988883 , 0.141434 , 0
-0.991315 , 0.124422 , 0
-0.993454 , 0.107373 , 0
-0.995299 , 0.0902919 , 0
-0.99685 , 0.0731843 , 0
-0.998107 , 0.0560552 , 0
-0.99907 , 0.0389096 , 0
-0.999738 , 0.0217524 , 0
-1.00011 , 0.00458887 , 0
-1.00019 , -0.012576 , 0
-0.999974 , -0.0297372 , 0
-0.999464 , -0.0468897 , 0
-0.99866 , -0.0640283 , 0
-0.997562 , -0.0811481 , 0
-0.996171 , -0.0982441 , 0
-0.994488 , -0.115311 , 0
-0.992512 , -0.132344 , 0
-0.990245 , -0.149339 , 0
-0.987687 , -0.166289 , 0
-0.984839 , -0.183191 , 0
-0.981703 , -0.200039 , 0
-0.978279 , -0.216829 , 0
-0.974569 , -0.233555 , 0
-0.970573 , -0.250212 , 0
-0.966293 , -0.266796 , 0
-0.96173 , -0.283303 , 0
-0.956886 , -0.299726 , 0
-0.951763 , -0.316062 , 0
-0.946361 , -0.332305 , 0
-0.940683 , -0.348452 , 0
-0.93473 , -0.364496 , 0
-0.928505 , -0.380435 , 0
-0.922009 , -0.396262 , 0
-0.915243 , -0.411974 , 0
-0.908212 , -0.427566 , 0
-0.900915 , -0.443033 , 0
-0.893356 , -0.458371 , 0
-0.885537 , -0.473575 , 0
-0.87746 , -0.488642 , 0
-0.869128 , -0.503567 , 0
-0.860544 , -0.518345 , 0
-0.851709 , -0.532973 , 0
-0.842626 , -0.547445 , 0
-0.833299 , -0.561759 , 0
-0.82373 , -0.57591 , 0
-0.813922 , -0.589893 , 0
-0.803878 , -0.603705 , 0
-0.7936 , -0.617342 , 0
-0.783093 , -0.630801 , 0
-0.772358 , -0.644076 , 0
-0.7614 , -0.657165 , 0
-0.750221 , -0.670063 , 0
-0.738824 , -0.682767 , 0
-0.727214 , -0.695274 , 0
-0.715394 , -0.707579 , 0
-0.703367 , -0.71968 , 0
-0.691136 , -0.731573 , 0
-0.678705 , -0.743254 , 0
-0.666078 , -0.75472 , 0
-0.653259 , -0.765968 , 0
-0.640251 , -0.776995 , 0
-0.627058 , -0.787798 , 0
-0.613684 , -0.798373 , 0
-0.600133 , -0.808718 , 0
-0.586409 , -0.818829 , 0
-0.572516 , -0.828704 , 0
-0.558457 , -0.83834 , 0
-0.544238 , -0.847735 , 0
-0.529861 , -0.856885 , 0
-0.515332 , -0.865788 , 0
-0.500654 , -0.874442 , 0
-0.485833 , -0.882843 , 0
-0.470871 , -0.890991 , 0
-0.455774 , -0.898882 , 0
-0.440545 , -0.906514 , 0
-0.42519 , -0.913885 , 0
-0.409712 , -0.920993 , 0
-0.394116 , -0.927836 , 0
-0.378407 , -0.934413 , 0
-0.36259 , -0.94072 , 0
-0.346667 , -0.946757 , 0
-0.330646 , -0.952522 , 0
-0.314529 , -0.958012 , 0
-0.298321 , -0.963228 , 0
-0.282028 , -0.968166 , 0
-0.265654 , -0.972827 , 0
-0.249204 , -0.977207 , 0
-0.232682 , -0.981307 , 0
-0.216093 , -0.985125 , 0
-0.199442 , -0.98866 , 0
-0.182734 , -0.991911 , 0
-0.165973 , -0.994877 , 0
-0.149165 , -0.997557 , 0
-0.132313 , -0.999951 , 0
-0.115424 , -1.00206 , 0
-0.0985016 , -1.00388 , 0
-0.0815509 , -1.00541 , 0
-0.0645768 , -1.00665 , 0
-0.0475842 , -1.0076 , 0
-0.0305779 , -1.00827 , 0
-0.0135628 , -1.00864 , 0
0.0034562 , -1.00872 , 0
0.0204742 , -1.00852 , 0
0.0374863 , -1.00802 , 0
0.0544877 , -1.00724 , 0
0.0714734 , -1.00617 , 0
0.0884385 , -1.0048 , 0
0.105378 , -1.00315 , 0
0.122288 , -1.00122 , 0
0.139162 , -0.998989 , 0
0.155997 , -0.996475 , 0
0.172786 , -0.993676 , 0
0.189526 , -0.990591 , 0
0.206212 , -0.987221 , 0
0.222838 , -0.983568 , 0
0.2394 , -0.979632 , 0
0.255894 , -0.975415 , 0
0.272314 , -0.970917 , 0
0.288656 , -0.96614 , 0
0.304914 , -0.961086 , 0
0.321085 , -0.955755 , 0
0.337164 , -0.950149 , 0
0.353146 , -0.944271 , 0
0.369026 , -0.93812 , 0
0.3848 , -0.9317 , 0
0.400463 , -0.925012 , 0
0.416011 , -0.918057 , 0
0.43144 , -0.910838 , 0
0.446744 , -0.903357 , 0
0.461919 , -0.895616 , 0
0.476962 , -0.887617 , 0
0.491867 , -0.879362 , 0
0.50663 , -0.870854 , 0
0.521247 , -0.862095 , 0
0.535715 , -0.853088 , 0
0.550027 , -0.843834 , 0
0.564181 , -0.834337 , 0
0.578173 , -0.8246 , 0
0.591997 , -0.814625 , 0
0.605651 , -0.804414 , 0
0.619129 , -0.793971 , 0
0.632429 , -0.783299 , 0
0.645547 , -0.772401 , 0
0.658478 , -0.76128 , 0
0.671218 , -0.749938 , 0
0.683765 , -0.73838 , 0
0.696114 , -0.726609 , 0
0.708261 , -0.714627 , 0
0.720204 , -0.702438 , 0
0.731938 , -0.690046 , 0
0.74346 , -0.677454 , 0
0.754767 , -0.664666 , 0
0.765855 , -0.651686 , 0
0.776721 , -0.638517 , 0
0.787362 , -0.625162 , 0
0.797775 , -0.611626 , 0
0.807956 , -0.597913 , 0
0.817902 , -0.584026 , 0
0.827612 , -0.56997 , 0
0.837081 , -0.555748 , 0
0.846306 , -0.541365 , 0
0.855286 , -0.526824 , 0
0.864017 , -0.51213 , 0
0.872497 , -0.497287 , 0
0.880723 , -0.4823 , 0
0.888692 , -0.467172 , 0
0.896403 , -0.451908 , 0
0.903852 , -0.436512 , 0
0.911039 , -0.42099 , 0
0.917959 , -0.405344 , 0
0.924612 , -0.38958 , 0
0.930995 , -0.373703 , 0
0.937106 , -0.357716 , 0
0.942944 , -0.341625 , 0
0.948506 , -0.325435 , 0
0.953791 , -0.309149 , 0
0.958797 , -0.292772 , 0
0.963523 , -0.27631 , 0
0.967966 , -0.259768 , 0
0.972127 , -0.243149 , 0
0.976002 , -0.226459 , 0
0.979592 , -0.209702 , 0
0.982894 , -0.192885 , 0
0.985908 , -0.17601 , 0
0.988633 , -0.159084 , 0
0.991068 , -0.142111 , 0
0.993211 , -0.125097 , 0
0.995063 , -0.108045 , 0
0.996623 , -0.0909624 , 0
0.997889 , -0.0738526 , 0
0.998862 , -0.0567211 , 0
0.999541 , -0.0395729 , 0
0.999925 , -0.0224131 , 0
1.00002 , -0.00524668 , 0
0.999811 , 0.0119213 , 0
0.999311 , 0.0290858 , 0
0.998517 , 0.0462417 , 0
0.997428 , 0.0633839 , 0
0.996045 , 0.0805074 , 0
0.994368 , 0.0976072 , 0
0.992397 , 0.114678 , 0
0.990132 , 0.131715 , 0
0.987575 , 0.148713 , 0
0.984725 , 0.165667 , 0
0.981584 , 0.182572 , 0
0.978152 , 0.199423 , 0
0.974431 , 0.216215 , 0
0.970421 , 0.232943 , 0
0.966123 , 0.249602 , 0
0.961538 , 0.266186 , 0
0.956668 , 0.282692 , 0
0.951515 , 0.299114 , 0
0.946078 , 0.315447 , 0
0.94036 , 0.331686 , 0
0.934363 , 0.347827 , 0
0.928088 , 0.363864 , 0
0.921537 , 0.379793 , 0
0.914712 , 0.395609 , 0
0.907614 , 0.411307 , 0
0.900246 , 0.426883 , 0
0.89261 , 0.442331 , 0
0.884708 , 0.457647 , 0
0.876541 , 0.472828 , 0
0.868114 , 0.487867 , 0
0.859427 , 0.50276 , 0
0.850483 , 0.517503 , 0
0.841286 , 0.532092 , 0
0.831837 , 0.546522 , 0
0.82214 , 0.560788 , 0
0.812196 , 0.574887 , 0
0.80201 , 0.588814 , 0
0.791584 , 0.602564 , 0
0.780921 , 0.616134 , 0
0.770024 , 0.62952 , 0
0.758896 , 0.642717 , 0
0.747541 , 0.655722 , 0
0.735962 , 0.66853 , 0
0.724163 , 0.681137 , 0
0.712146 , 0.693541 , 0
0.699915 , 0.705736 , 0
0.687474 , 0.717719 , 0
0.674827 , 0.729487 , 0
0.661978 , 0.741036 , 0
0.648929 , 0.752362 , 0
0.635686 , 0.763463 , 0
0.622251 , 0.774333 , 0
0.608629 , 0.784971 , 0
0.594825 , 0.795373 , 0
0.580841 , 0.805536 , 0
0.566682 , 0.815456 , 0
0.552354 , 0.82513 , 0
0.537858 , 0.834557 , 0
0.523201 , 0.843732 , 0
0.508386 , 0.852653 , 0
0.493418 , 0.861317 , 0
0.478302 , 0.869722 , 0
0.463041 , 0.877864 , 0
0.447641 , 0.885742 , 0
0.432105 , 0.893353 , 0
0.41644 , 0.900694 , 0
0.400648 , 0.907764 , 0
0.384736 , 0.91456 , 0
0.368708 , 0.921079 , 0
0.352569 , 0.927321 , 0
0.336323 , 0.933283 , 0
0.319975 , 0.938964 , 0
0.303531 , 0.944361 , 0
0.286996 , 0.949472 , 0
0.270373 , 0.954297 , 0
0.253669 , 0.958834 , 0
0.236889 , 0.963081 , 0
0.220037 , 0.967037 , 0
0.203118 , 0.970701 , 0
0.186138 , 0.974072 , 0
0.169102 , 0.977148 , 0
0.152014 , 0.979929 , 0
0.134881 , 0.982414 , 0
0.117707 , 0.984602 , 0
0.100497 , 0.986493 , 0
0.0832572 , 0.988085 , 0
0.065992 , 0.989378 , 0
0.0487069 , 0.990373 , 0
0.031407 , 0.991068 , 0
0.0140977 , 0.991463 , 0
-0.00321596 , 0.991559 , 0
-0.0205286 , 0.991355 , 0
-0.0378351 , 0.990851 , 0
-0.0551301 , 0.990048 , 0
-0.0724084 , 0.988946 , 0
-0.0896649 , 0.987544 , 0
-0.106894 , 0.985844 , 0
-0.124091 , 0.983847 , 0
-0.141251 , 0.981551 , 0
-0.158368 , 0.978959 , 0
-0.175437 , 0.976072 , 0
-0.192453 , 0.972889 , 0
-0.209411 , 0.969413 , 0
-0.226305 , 0.965643 , 0
-0.243131 , 0.961582 , 0
-0.259884 , 0.957231 , 0
-0.276558 , 0.95259 , 0
-0.293149 , 0.947662 , 0
-0.309651 , 0.942447 , 0
-0.32606 , 0.936948 , 0
-0.342371 , 0.931167 , 0
-0.358578 , 0.925104 , 0
-0.374676 , 0.918762 , 0
-0.390662 , 0.912143 , 0
-0.40653 , 0.905249 , 0
-0.422276 , 0.898081 , 0
-0.437894 , 0.890643 , 0
-0.45338 , 0.882937 , 0
-0.468729 , 0.874964 , 0
-0.483937 , 0.866728 , 0
-0.499 , 0.85823 , 0
-0.513912 , 0.849474 , 0
-0.528669 , 0.840462 , 0
-0.543267 , 0.831198 , 0
-0.557701 , 0.821683 , 0
-0.571968 , 0.81192 , 0
-0.586063 , 0.801914 , 0
-0.599981 , 0.791666 , 0
-0.613719 , 0.78118 , 0
-0.627273 , 0.77046 , 0
-0.640638 , 0.759507 , 0
-0.65381 , 0.748327 , 0
-0.666786 , 0.736922 , 0
-0.679562 , 0.725296 , 0
-0.692134 , 0.713452 , 0
-0.704499 , 0.701394 , 0
-0.716652 , 0.689125 , 0
-0.72859 , 0.67665 , 0
-0.740309 , 0.663972 , 0
-0.751807 , 0.651095 , 0
-0.76308 , 0.638023 , 0
-0.774124 , 0.62476 , 0
-0.784936 , 0.611309 , 0
-0.795513 , 0.597676 , 0
-0.805853 , 0.583864 , 0
-0.815951 , 0.569878 , 0
-0.825806 , 0.555721 , 0
-0.835413 , 0.541398 , 0
-0.844771 , 0.526913 , 0
-0.853877 , 0.512271 , 0
-0.862728 , 0.497476 , 0
-0.871322 , 0.482533 , 0
-0.879656 , 0.467446 , 0
-0.887727 , 0.452219 , 0
-0.895534 , 0.436858 , 0
-0.903074 , 0.421366 , 0
-0.910345 , 0.405749 , 0
-0.917345 , 0.390011 , 0
-0.924072 , 0.374157 , 0
-0.930525 , 0.358192 , 0
-0.9367 , 0.34212 , 0
-0.942598 , 0.325947 , 0
-0.948215 , 0.309677 , 0
-0.953551 , 0.293315 , 0
-0.958604 , 0.276866 , 0
-0.963372 , 0.260334 , 0
-0.967855 , 0.243726 , 0
-0.97205 , 0.227045 , 0
-0.975958 , 0.210297 , 0
-0.979577 , 0.193487 , 0
-0.982905 , 0.176619 , 0
-0.985943 , 0.159699 , 0
-0.98869 , 0.142732 , 0
-0.991143 , 0.125723 , 0
-0.993304 , 0.108676 , 0
-0.995172 , 0.0915977 , 0
-0.996746 , 0.0744921 , 0
-0.998025 , 0.0573645 , 0
-0.999011 , 0.04022 , 0
-0.999701 , 0.0230636 , 0
-1.0001 , 0.00590043 , 0
-1.0002 , -0.0112645 , 0
-1.00001 , -0.0284261 , 0
-0.999518 , -0.0455793 , 0
-0.998736 , -0.0627191 , 0
-0.997661 , -0.0798405 , 0
-0.996292 , -0.0969384 , 0
-0.994631 , -0.114008 , 0
-0.992677 , -0.131044 , 0
-0.990432 , -0.148041 , 0
-0.987897 , -0.164995 , 0
-0.985071 , -0.181901 , 0
-0.981957 , -0.198753 , 0
-0.978555 , -0.215547 , 0
-0.974866 , -0.232278 , 0
-0.970892 , -0.248941 , 0
-0.966634 , -0.265531 , 0
-0.962093 , -0.282043 , 0
-0.957271 , -0.298473 , 0
-0.952169 , -0.314816 , 0
-0.946788 , -0.331066 , 0
-0.941131 , -0.34722 , 0
-0.935199 , -0.363273 , 0
-0.928995 , -0.379219 , 0
-0.922519 , -0.395055 , 0
-0.915774 , -0.410776 , 0
-0.908763 , -0.426377 , 0
-0.901487 , -0.441854 , 0
-0.893948 , -0.457202 , 0
-0.886148 , -0.472417 , 0
-0.878091 , -0.487494 , 0
-0.869779 , -0.50243 , 0
-0.861213 , -0.517219 , 0
-0.852398 , -0.531859 , 0
-0.843334 , -0.546343 , 0
-0.834026 , -0.560669 , 0
-0.824475 , -0.574832 , 0
-0.814685 , -0.588829 , 0
-0.804659 , -0.602654 , 0
-0.794399 , -0.616305 , 0
-0.783909 , -0.629777 , 0
-0.773192 , -0.643066 , 0
-0.76225 , -0.656169 , 0
-0.751088 , -0.669082 , 0
-0.739709 , -0.681801 , 0
-0.728115 , -0.694323 , 0
-0.71631 , -0.706644 , 0
-0.704299 , -0.718761 , 0
-0.692083 , -0.730669 , 0
-0.679668 , -0.742367 , 0
-0.667056 , -0.75385 , 0
-0.654251 , -0.765115 , 0
-0.641258 , -0.776159 , 0
-0.628079 , -0.786979 , 0
-0.614719 , -0.797571 , 0
-0.601181 , -0.807934 , 0
-0.58747 , -0.818063 , 0
-0.57359 , -0.827956 , 0
-0.559544 , -0.837611 , 0
-0.545336 , -0.847024 , 0
-0.530972 , -0.856193 , 0
-0.516454 , -0.865115 , 0
-0.501788 , -0.873788 , 0
-0.486977 , -0.882209 , 0
-0.472026 , -0.890376 , 0
-0.456939 , -0.898286 , 0
-0.44172 , -0.905938 , 0
-0.426375 , -0.913329 , 0
-0.410906 , -0.920458 , 0
-0.395319 , -0.927321 , 0
-0.379619 , -0.933918 , 0
-0.363809 , -0.940246 , 0
-0.347895 , -0.946304 , 0
-0.331881 , -0.952089 , 0
-0.315771 , -0.957601 , 0
-0.29957 , -0.962838 , 0
-0.283284 , -0.967798 , 0
-0.266916 , -0.972479 , 0
-0.250471 , -0.976881 , 0
-0.233954 , -0.981003 , 0
-0.21737 , -0.984843 , 0
-0.200724 , -0.988399 , 0
-0.18402 , -0.991672 , 0
-0.167263 , -0.99466 , 0
-0.150458 , -0.997362 , 0
-0.13361 , -0.999778 , 0
-0.116724 , -1.00191 , 0
-0.0998036 , -1.00375 , 0
-0.0828549 , -1.0053 , 0
-0.0658824 , -1.00656 , 0
-0.048891 , -1.00754 , 0
-0.0318856 , -1.00823 , 0
-0.014871 , -1.00862 , 0
0.00214785 , -1.00873 , 0
0.0191661 , -1.00855 , 0
0.0361788 , -1.00807 , 0
0.0531812 , -1.00731 , 0
0.0701683 , -1.00626 , 0
0.0871352 , -1.00492 , 0
0.104077 , -1.00329 , 0
0.120989 , -1.00137 , 0
0.137866 , -0.999169 , 0
0.154704 , -0.996678 , 0
0.171497 , -0.9939 , 0
0.188241 , -0.990837 , 0
0.204931 , -0.987489 , 0
0.221562 , -0.983858 , 0
0.23813 , -0.979943 , 0
0.254629 , -0.975748 , 0
0.271054 , -0.971271 , 0
0.287402 , -0.966516 , 0
0.303667 , -0.961483 , 0
0.319845 , -0.956173 , 0
0.335931 , -0.950589 , 0
0.351921 , -0.944731 , 0
0.367809 , -0.938601 , 0
0.383591 , -0.932201 , 0
0.399263 , -0.925533 , 0
0.41482 , -0.918599 , 0
0.430258 , -0.911401 , 0
0.445572 , -0.90394 , 0
0.460757 , -0.896218 , 0
0.47581 , -0.888239 , 0
0.490726 , -0.880004 , 0
0.5055 , -0.871515 , 0
0.520129 , -0.862775 , 0
0.534608 , -0.853786 , 0
0.548932 , -0.844552 , 0
0.563099 , -0.835073 , 0
0.577103 , -0.825354 , 0
0.59094 , -0.815397 , 0
0.604607 , -0.805204 , 0
0.618099 , -0.794779 , 0
0.631413 , -0.784125 , 0
0.644545 , -0.773244 , 0
0.65749 , -0.762139 , 0
0.670245 , -0.750815 , 0
0.682807 , -0.739273 , 0
0.695171 , -0.727517 , 0
0.707334 , -0.715551 , 0
0.719292 , -0.703379 , 0
0.731043 , -0.691002 , 0
0.742581 , -0.678425 , 0
0.753905 , -0.665652 , 0
0.76501 , -0.652686 , 0
0.775893 , -0.639531 , 0
0.786551 , -0.626191 , 0
0.796982 , -0.612669 , 0
0.807181 , -0.598969 , 0
0.817145 , -0.585095 , 0
0.826873 , -0.571052 , 0
0.83636 , -0.556842 , 0
0.845605 , -0.542471 , 0
0.854604 , -0.527942 , 0
0.863354 , -0.51326 , 0
0.871853 , -0.498428 , 0
0.880098 , -0.483452 , 0
0.888088 , -0.468334 , 0
0.895818 , -0.453081 , 0
0.903288 , -0.437695 , 0
0.910494 , -0.422181 , 0
0.917435 , -0.406545 , 0
0.924109 , -0.39079 , 0
0.930512 , -0.374921 , 0
0.936645 , -0.358943 , 0
0.942503 , -0.34286 , 0
0.948086 , -0.326676 , 0
0.953393 , -0.310397 , 0
0.95842 , -0.294028 , 0
0.963167 , -0.277572 , 0
0.967632 , -0.261035 , 0
0.971814 , -0.244422 , 0
0.975712 , -0.227737 , 0
0.979323 , -0.210986 , 0
0.982648 , -0.194172 , 0
0.985684 , -0.177302 , 0
0.988431 , -0.160379 , 0
0.990888 , -0.14341 , 0
0.993054 , -0.126398 , 0
0.994928 , -0.10935 , 0
0.99651 , -0.0922689 , 0
0.997799 , -0.0751609 , 0
0.998794 , -0.0580309 , 0
0.999495 , -0.0408837 , 0
0.999902 , -0.0237245 , 0
1.00001 , -0.00655834 , 0
0.999833 , 0.0106098 , 0
0.999356 , 0.0277747 , 0
0.998584 , 0.0449315 , 0
0.997518 , 0.0620751 , 0
0.996157 , 0.0792003 , 0
0.994502 , 0.0963021 , 0
0.992554 , 0.113375 , 0
0.990311 , 0.130415 , 0
0.987776 , 0.147417 , 0
0.984949 , 0.164374 , 0
0.98183 , 0.181283 , 0
0.978421 , 0.198139 , 0
0.974721 , 0.214935 , 0
0.970733 , 0.231668 , 0
0.966457 , 0.248332 , 0
0.961894 , 0.264923 , 0
0.957046 , 0.281435 , 0
0.951914 , 0.297864 , 0
0.946499 , 0.314203 , 0
0.940803 , 0.33045 , 0
0.934827 , 0.346598 , 0
0.928573 , 0.362644 , 0
0.922043 , 0.378581 , 0
0.915238 , 0.394406 , 0
0.908161 , 0.410113 , 0
0.900814 , 0.425699 , 0
0.893198 , 0.441157 , 0
0.885316 , 0.456484 , 0
0.87717 , 0.471674 , 0
0.868762 , 0.486724 , 0
0.860095 , 0.501629 , 0
0.851171 , 0.516384 , 0
0.841992 , 0.530985 , 0
0.832563 , 0.545427 , 0
0.822884 , 0.559706 , 0
0.812959 , 0.573818 , 0
0.802792 , 0.587758 , 0
0.792384 , 0.601522 , 0
0.781738 , 0.615106 , 0
0.770859 , 0.628506 , 0
0.759749 , 0.641718 , 0
0.748411 , 0.654737 , 0
0.736849 , 0.66756 , 0
0.725066 , 0.680183 , 0
0.713066 , 0.692602 , 0
0.700851 , 0.704814 , 0
0.688426 , 0.716813 , 0
0.675795 , 0.728598 , 0
0.66296 , 0.740164 , 0
0.649927 , 0.751507 , 0
0.636698 , 0.762624 , 0
0.623278 , 0.773513 , 0
0.60967 , 0.784169 , 0
0.595879 , 0.794589 , 0
0.581909 , 0.804769 , 0
0.567764 , 0.814708 , 0
0.553448 , 0.824402 , 0
0.538965 , 0.833847 , 0
0.52432 , 0.843042 , 0
0.509517 , 0.851982 , 0
0.49456 , 0.860666 , 0
0.479455 , 0.86909 , 0
0.464205 , 0.877253 , 0
0.448815 , 0.885151 , 0
0.43329 , 0.892782 , 0
0.417634 , 0.900144 , 0
0.401852 , 0.907235 , 0
0.385949 , 0.914051 , 0
0.369929 , 0.920592 , 0
0.353798 , 0.926856 , 0
0.33756 , 0.932839 , 0
0.32122 , 0.938541 , 0
0.304783 , 0.943959 , 0
0.288255 , 0.949093 , 0
0.271639 , 0.95394 , 0
0.254941 , 0.958499 , 0
0.238166 , 0.962768 , 0
0.221319 , 0.966746 , 0
0.204405 , 0.970432 , 0
0.18743 , 0.973825 , 0
0.170397 , 0.976924 , 0
0.153314 , 0.979728 , 0
0.136184 , 0.982235 , 0
0.119013 , 0.984446 , 0
0.101805 , 0.986359 , 0
0.0845675 , 0.987974 , 0
0.0673041 , 0.98929 , 0
0.0500203 , 0.990308 , 0
0.0327213 , 0.991025 , 0
0.0154125 , 0.991444 , 0
-0.00190099 , 0.991562 , 0
-0.0192139 , 0.991381 , 0
-0.036521 , 0.9909 , 0
-0.0538171 , 0.99012 , 0
-0.0710969 , 0.98904 , 0
-0.0883552 , 0.987662 , 0
-0.105587 , 0.985984 , 0
-0.122786 , 0.984009 , 0
-0.139949 , 0.981737 , 0
-0.157069 , 0.979167 , 0
-0.174142 , 0.976302 , 0
-0.191162 , 0.973142 , 0
-0.208125 , 0.969688 , 0
-0.225024 , 0.965941 , 0
-0.241856 , 0.961902 , 0
-0.258614 , 0.957572 , 0
-0.275295 , 0.952954 , 0
-0.291892 , 0.948047 , 0
-0.308401 , 0.942855 , 0
-0.324817 , 0.937377 , 0
-0.341135 , 0.931617 , 0
-0.35735 , 0.925576 , 0
-0.373458 , 0.919255 , 0
-0.389452 , 0.912657 , 0
-0.405329 , 0.905784 , 0
-0.421084 , 0.898637 , 0
-0.436712 , 0.89122 , 0
-0.452208 , 0.883533 , 0
-0.467568 , 0.875581 , 0
-0.482787 , 0.867365 , 0
-0.497861 , 0.858887 , 0
-0.512784 , 0.850151 , 0
-0.527554 , 0.841158 , 0
-0.542164 , 0.831913 , 0
-0.556611 , 0.822417 , 0
-0.570891 , 0.812673 , 0
-0.584999 , 0.802685 , 0
-0.598931 , 0.792456 , 0
-0.612682 , 0.781988 , 0
-0.62625 , 0.771285 , 0
-0.63963 , 0.760351 , 0
-0.652817 , 0.749187 , 0
-0.665808 , 0.737799 , 0
-0.678599 , 0.72619 , 0
-0.691187 , 0.714362 , 0
-0.703567 , 0.70232 , 0
-0.715736 , 0.690068 , 0
-0.727691 , 0.677608 , 0
-0.739427 , 0.664946 , 0
-0.750942 , 0.652084 , 0
-0.762232 , 0.639026 , 0
-0.773294 , 0.625778 , 0
-0.784124 , 0.612342 , 0
-0.794719 , 0.598723 , 0
-0.805077 , 0.584924 , 0
-0.815193 , 0.570951 , 0
-0.825067 , 0.556807 , 0
-0.834693 , 0.542496 , 0
-0.84407 , 0.528024 , 0
-0.853196 , 0.513394 , 0
-0.862066 , 0.49861 , 0
-0.870679 , 0.483678 , 0
-0.879033 , 0.468602 , 0
-0.887124 , 0.453386 , 0
-0.894951 , 0.438034 , 0
-0.902512 , 0.422553 , 0
-0.909804 , 0.406945 , 0
-0.916824 , 0.391216 , 0
-0.923573 , 0.375371 , 0
-0.930046 , 0.359414 , 0
-0.936243 , 0.343351 , 0
-0.942161 , 0.327185 , 0
-0.9478 , 0.310922 , 0
-0.953157 , 0.294567 , 0
-0.958232 , 0.278124 , 0
-0.963022 , 0.261599 , 0
-0.967526 , 0.244996 , 0
-0.971744 , 0.228321 , 0
-0.975674 , 0.211578 , 0
-0.979315 , 0.194772 , 0
-0.982665 , 0.177909 , 0
-0.985726 , 0.160993 , 0
-0.988494 , 0.144029 , 0
-0.99097 , 0.127023 , 0
-0.993154 , 0.10998 , 0
-0.995044 , 0.0929033 , 0
-0.99664 , 0.0757997 , 0
-0.997942 , 0.0586736 , 0
-0.99895 , 0.0415303 , 0
-0.999663 , 0.0243747 , 0
-1.00008 , 0.00721197 , 0
-1.00021 , -0.00995291 , 0
-1.00003 , -0.0271149 , 0
-0.999569 , -0.0442688 , 0
-0.99881 , -0.0614098 , 0
-0.997757 , -0.0785327 , 0
-0.996411 , -0.0956325 , 0
-0.994772 , -0.112704 , 0
-0.992841 , -0.129743 , 0
-0.990618 , -0.146743 , 0
-0.988105 , -0.163701 , 0
-0.985301 , -0.18061 , 0
-0.982209 , -0.197467 , 0
-0.978829 , -0.214265 , 0
-0.975163 , -0.231001 , 0
-0.97121 , -0.247669 , 0
-0.966974 , -0.264265 , 0
-0.962454 , -0.280783 , 0
-0.957653 , -0.29722 , 0
-0.952573 , -0.313569 , 0
-0.947213 , -0.329827 , 0
-0.941578 , -0.345988 , 0
-0.935667 , -0.362049 , 0
-0.929483 , -0.378003 , 0
-0.923028 , -0.393848 , 0
-0.916304 , -0.409577 , 0
-0.909313 , -0.425188 , 0
-0.902057 , -0.440674 , 0
-0.894538 , -0.456032 , 0
-0.886758 , -0.471257 , 0
-0.878721 , -0.486345 , 0
-0.870428 , -0.501292 , 0
-0.861882 , -0.516093 , 0
-0.853085 , -0.530744 , 0
-0.84404 , -0.54524 , 0
-0.834751 , -0.559578 , 0
-0.825219 , -0.573754 , 0
-0.815447 , -0.587763 , 0
-0.805439 , -0.601602 , 0
-0.795197 , -0.615266 , 0
-0.784724 , -0.628752 , 0
-0.774024 , -0.642055 , 0
-0.7631 , -0.655173 , 0
-0.751955 , -0.6681 , 0
-0.740592 , -0.680834 , 0
-0.729014 , -0.693372 , 0
-0.717226 , -0.705708 , 0
-0.70523 , -0.71784 , 0
-0.69303 , -0.729765 , 0
-0.68063 , -0.741479 , 0
-0.668033 , -0.752978 , 0
-0.655243 , -0.76426 , 0
-0.642264 , -0.775321 , 0
-0.629099 , -0.786158 , 0
-0.615752 , -0.796768 , 0
-0.602228 , -0.807148 , 0
-0.58853 , -0.817295 , 0
-0.574663 , -0.827207 , 0
-0.560629 , -0.83688 , 0
-0.546434 , -0.846311 , 0
-0.532082 , -0.855499 , 0
-0.517576 , -0.86444 , 0
-0.502921 , -0.873132 , 0
-0.488121 , -0.881572 , 0
-0.47318 , -0.889759 , 0
-0.458104 , -0.897689 , 0
-0.442895 , -0.905361 , 0
-0.427559 , -0.912772 , 0
-0.412099 , -0.919921 , 0
-0.396522 , -0.926805 , 0
-0.38083 , -0.933422 , 0
-0.365028 , -0.939771 , 0
-0.349122 , -0.945849 , 0
-0.333115 , -0.951656 , 0
-0.317013 , -0.957189 , 0
-0.300819 , -0.962446 , 0
-0.284539 , -0.967427 , 0
-0.268177 , -0.97213 , 0
-0.251738 , -0.976554 , 0
-0.235227 , -0.980697 , 0
-0.218648 , -0.984558 , 0
-0.202006 , -0.988137 , 0
-0.185306 , -0.991431 , 0
-0.168553 , -0.994441 , 0
-0.151752 , -0.997165 , 0
-0.134907 , -0.999603 , 0
-0.118023 , -1.00175 , 0
-0.101105 , -1.00362 , 0
-0.0841587 , -1.00519 , 0
-0.0671879 , -1.00648 , 0
-0.0501978 , -1.00747 , 0
-0.0331933 , -1.00818 , 0
-0.0161792 , -1.0086 , 0
0.000839503 , -1.00873 , 0
0.017858 , -1.00857 , 0
0.0348713 , -1.00812 , 0
0.0518746 , -1.00738 , 0
0.068863 , -1.00635 , 0
0.0858317 , -1.00503 , 0
0.102776 , -1.00343 , 0
0.11969 , -1.00153 , 0
0.13657 , -0.999348 , 0
0.153411 , -0.996879 , 0
0.170208 , -0.994123 , 0
0.186956 , -0.991082 , 0
0.20365 , -0.987756 , 0
0.220286 , -0.984146 , 0
0.236858 , -0.980253 , 0
0.253363 , -0.976079 , 0
0.269794 , -0.971624 , 0
0.286148 , -0.96689 , 0
0.30242 , -0.961878 , 0
0.318605 , -0.95659 , 0
0.334698 , -0.951026 , 0
0.350695 , -0.945189 , 0
0.366591 , -0.93908 , 0
0.382382 , -0.932701 , 0
0.398062 , -0.926054 , 0
0.413628 , -0.91914 , 0
0.429075 , -0.911961 , 0
0.444399 , -0.90452 , 0
0.459594 , -0.896819 , 0
0.474658 , -0.888859 , 0
0.489584 , -0.880644 , 0
0.504369 , -0.872174 , 0
0.51901 , -0.863453 , 0
0.5335 , -0.854484 , 0
0.547837 , -0.845268 , 0
0.562015 , -0.835808 , 0
0.576032 , -0.826107 , 0
0.589882 , -0.816168 , 0
0.603562 , -0.805993 , 0
0.617068 , -0.795586 , 0
0.630396 , -0.784949 , 0
0.643542 , -0.774085 , 0
0.656501 , -0.762997 , 0
0.669271 , -0.75169 , 0
0.681848 , -0.740164 , 0
0.694227 , -0.728425 , 0
0.706406 , -0.716475 , 0
0.71838 , -0.704318 , 0
0.730146 , -0.691957 , 0
0.741701 , -0.679395 , 0
0.753041 , -0.666637 , 0
0.764163 , -0.653686 , 0
0.775064 , -0.640545 , 0
0.785739 , -0.627218 , 0
0.796187 , -0.61371 , 0
0.806404 , -0.600024 , 0
0.816387 , -0.586163 , 0
0.826133 , -0.572132 , 0
0.835639 , -0.557935 , 0
0.844902 , -0.543576 , 0
0.85392 , -0.529059 , 0
0.862689 , -0.514389 , 0
0.871208 , -0.499568 , 0
0.879472 , -0.484603 , 0
0.887481 , -0.469496 , 0
0.895232 , -0.454252 , 0
0.902722 , -0.438876 , 0
0.909948 , -0.423373 , 0
0.91691 , -0.407745 , 0
0.923604 , -0.391999 , 0
0.930028 , -0.376139 , 0
0.936181 , -0.360169 , 0
0.942061 , -0.344093 , 0
0.947665 , -0.327917 , 0
0.952993 , -0.311646 , 0
0.958042 , -0.295283 , 0
0.96281 , -0.278833 , 0
0.967297 , -0.262302 , 0
0.971501 , -0.245695 , 0
0.97542 , -0.229015 , 0
0.979053 , -0.212269 , 0
0.9824 , -0.19546 , 0
0.985458 , -0.178593 , 0
0.988227 , -0.161675 , 0
0.990706 , -0.144709 , 0
0.992895 , -0.1277 , 0
0.994791 , -0.110654 , 0
0.996395 , -0.0935753 , 0
0.997707 , -0.0764691 , 0
0.998724 , -0.0593405 , 0
0.999448 , -0.0421944 , 0
0.999878 , -0.0250359 , 0
1.00001 , -0.00787001 , 0
0.999853 , 0.0092982 , 0
0.999399 , 0.0264637 , 0
0.99865 , 0.0436213 , 0
0.997606 , 0.0607661 , 0
0.996268 , 0.077893 , 0
0.994635 , 0.0949968 , 0
0.992709 , 0.112073 , 0
0.990489 , 0.129115 , 0
0.987976 , 0.14612 , 0
0.985171 , 0.163081 , 0
0.982075 , 0.179994 , 0
0.978687 , 0.196854 , 0
0.97501 , 0.213655 , 0
0.971044 , 0.230393 , 0
0.96679 , 0.247063 , 0
0.962249 , 0.263659 , 0
0.957422 , 0.280178 , 0
0.952312 , 0.296613 , 0
0.946918 , 0.31296 , 0
0.941243 , 0.329213 , 0
0.935289 , 0.34537 , 0
0.929056 , 0.361423 , 0
0.922547 , 0.377369 , 0
0.915763 , 0.393202 , 0
0.908707 , 0.408919 , 0
0.90138 , 0.424514 , 0
0.893785 , 0.439982 , 0
0.885923 , 0.455319 , 0
0.877796 , 0.47052 , 0
0.869408 , 0.485581 , 0
0.860761 , 0.500497 , 0
0.851856 , 0.515264 , 0
0.842698 , 0.529877 , 0
0.833287 , 0.544331 , 0
0.823627 , 0.558623 , 0
0.813721 , 0.572747 , 0
0.803572 , 0.586701 , 0
0.793182 , 0.600478 , 0
0.782555 , 0.614077 , 0
0.771693 , 0.627491 , 0
0.7606 , 0.640717 , 0
0.74928 , 0.653751 , 0
0.737735 , 0.66659 , 0
0.725968 , 0.679228 , 0
0.713984 , 0.691663 , 0
0.701786 , 0.70389 , 0
0.689377 , 0.715906 , 0
0.676761 , 0.727707 , 0
0.663942 , 0.73929 , 0
0.650923 , 0.75065 , 0
0.637709 , 0.761785 , 0
0.624303 , 0.772691 , 0
0.61071 , 0.783365 , 0
0.596933 , 0.793803 , 0
0.582976 , 0.804002 , 0
0.568844 , 0.813959 , 0
0.554541 , 0.823672 , 0
0.54007 , 0.833136 , 0
0.525437 , 0.84235 , 0
0.510646 , 0.85131 , 0
0.495701 , 0.860013 , 0
0.480607 , 0.868458 , 0
0.465368 , 0.87664 , 0
0.449988 , 0.884559 , 0
0.434473 , 0.89221 , 0
0.418827 , 0.899593 , 0
0.403055 , 0.906704 , 0
0.387161 , 0.913542 , 0
0.37115 , 0.920104 , 0
0.355027 , 0.926388 , 0
0.338797 , 0.932393 , 0
0.322465 , 0.938117 , 0
0.306035 , 0.943557 , 0
0.289513 , 0.948712 , 0
0.272904 , 0.953581 , 0
0.256212 , 0.958161 , 0
0.239442 , 0.962453 , 0
0.222601 , 0.966453 , 0
0.205692 , 0.970162 , 0
0.188721 , 0.973577 , 0
0.171693 , 0.976699 , 0
0.154613 , 0.979525 , 0
0.137486 , 0.982055 , 0
0.120318 , 0.984288 , 0
0.103113 , 0.986224 , 0
0.0858777 , 0.987862 , 0
0.068616 , 0.989201 , 0
0.0513335 , 0.990241 , 0
0.0340356 , 0.990981 , 0
0.0167273 , 0.991422 , 0
-0.000586008 , 0.991564 , 0
-0.0178991 , 0.991406 , 0
-0.0352069 , 0.990948 , 0
-0.052504 , 0.99019 , 0
-0.0697852 , 0.989133 , 0
-0.0870453 , 0.987777 , 0
-0.104279 , 0.986123 , 0
-0.121481 , 0.98417 , 0
-0.138647 , 0.98192 , 0
-0.155771 , 0.979374 , 0
-0.172847 , 0.976531 , 0
-0.189872 , 0.973393 , 0
-0.206839 , 0.969961 , 0
-0.223743 , 0.966237 , 0
-0.24058 , 0.96222 , 0
-0.257344 , 0.957912 , 0
-0.274031 , 0.953316 , 0
-0.290635 , 0.948431 , 0
-0.307151 , 0.94326 , 0
-0.323574 , 0.937805 , 0
-0.3399 , 0.932066 , 0
-0.356123 , 0.926046 , 0
-0.372238 , 0.919746 , 0
-0.388242 , 0.913169 , 0
-0.404128 , 0.906317 , 0
-0.419892 , 0.899191 , 0
-0.43553 , 0.891794 , 0
-0.451036 , 0.884129 , 0
-0.466407 , 0.876196 , 0
-0.481636 , 0.868 , 0
-0.496721 , 0.859542 , 0
-0.511656 , 0.850826 , 0
-0.526437 , 0.841853 , 0
-0.54106 , 0.832626 , 0
-0.55552 , 0.823149 , 0
-0.569812 , 0.813424 , 0
-0.583933 , 0.803455 , 0
-0.597879 , 0.793244 , 0
-0.611645 , 0.782794 , 0
-0.625226 , 0.772109 , 0
-0.63862 , 0.761192 , 0
-0.651822 , 0.750046 , 0
-0.664829 , 0.738676 , 0
-0.677635 , 0.727083 , 0
-0.690239 , 0.715272 , 0
-0.702635 , 0.703246 , 0
-0.71482 , 0.691009 , 0
-0.726791 , 0.678566 , 0
-0.738544 , 0.665918 , 0
-0.750076 , 0.653072 , 0
-0.761383 , 0.640029 , 0
-0.772462 , 0.626795 , 0
-0.78331 , 0.613373 , 0
-0.793923 , 0.599768 , 0
-0.804299 , 0.585983 , 0
-0.814434 , 0.572023 , 0
-0.824326 , 0.557892 , 0
-0.833971 , 0.543594 , 0
-0.843368 , 0.529134 , 0
-0.852512 , 0.514515 , 0
-0.861402 , 0.499744 , 0
-0.870035 , 0.484823 , 0
-0.878409 , 0.469757 , 0
-0.88652 , 0.454552 , 0
-0.894367 , 0.439211 , 0
-0.901948 , 0.423739 , 0
-0.909261 , 0.408141 , 0
-0.916302 , 0.392421 , 0
-0.923071 , 0.376585 , 0
-0.929565 , 0.360636 , 0
-0.935783 , 0.344581 , 0
-0.941723 , 0.328423 , 0
-0.947383 , 0.312167 , 0
-0.952762 , 0.295819 , 0
-0.957858 , 0.279383 , 0
-0.96267 , 0.262864 , 0
-0.967196 , 0.246267 , 0
-0.971436 , 0.229597 , 0
-0.975388 , 0.212859 , 0
-0.979051 , 0.196058 , 0
-0.982424 , 0.179199 , 0
-0.985506 , 0.162287 , 0
-0.988297 , 0.145327 , 0
-0.990795 , 0.128324 , 0
-0.993001 , 0.111283 , 0
-0.994914 , 0.0942088 , 0
-0.996532 , 0.0771071 , 0
-0.997857 , 0.0599827 , 0
-0.998887 , 0.0428406 , 0
-0.999623 , 0.0256858 , 0
-1.00006 , 0.0085235 , 0
-1.00021 , -0.00864133 , 0
-1.00006 , -0.0258036 , 0
-0.999619 , -0.0429583 , 0
-0.998882 , -0.0601004 , 0
-0.997852 , -0.0772247 , 0
-0.996528 , -0.0943264 , 0
-0.994911 , -0.1114 , 0
-0.993003 , -0.128442 , 0
-0.990802 , -0.145445 , 0
-0.988311 , -0.162406 , 0
-0.98553 , -0.179319 , 0
-0.98246 , -0.19618 , 0
-0.979102 , -0.212983 , 0
-0.975457 , -0.229724 , 0
-0.971527 , -0.246397 , 0
-0.967312 , -0.262999 , 0
-0.962814 , -0.279523 , 0
-0.958034 , -0.295966 , 0
-0.952975 , -0.312322 , 0
-0.947637 , -0.328587 , 0
-0.942022 , -0.344755 , 0
-0.936133 , -0.360824 , 0
-0.92997 , -0.376787 , 0
-0.923535 , -0.39264 , 0
-0.916832 , -0.408378 , 0
-0.909861 , -0.423998 , 0
-0.902625 , -0.439494 , 0
-0.895126 , -0.454862 , 0
-0.887367 , -0.470097 , 0
-0.879349 , -0.485196 , 0
-0.871075 , -0.500153 , 0
-0.862549 , -0.514965 , 0
-0.853771 , -0.529628 , 0
-0.844745 , -0.544136 , 0
-0.835474 , -0.558487 , 0
-0.825961 , -0.572675 , 0
-0.816207 , -0.586697 , 0
-0.806217 , -0.600549 , 0
-0.795993 , -0.614226 , 0
-0.785538 , -0.627726 , 0
-0.774855 , -0.641043 , 0
-0.763948 , -0.654175 , 0
-0.75282 , -0.667117 , 0
-0.741473 , -0.679866 , 0
-0.729912 , -0.692419 , 0
-0.71814 , -0.70477 , 0
-0.70616 , -0.716918 , 0
-0.693975 , -0.728859 , 0
-0.68159 , -0.740589 , 0
-0.669008 , -0.752105 , 0
-0.656233 , -0.763403 , 0
-0.643268 , -0.774481 , 0
-0.630118 , -0.785336 , 0
-0.616785 , -0.795963 , 0
-0.603274 , -0.806361 , 0
-0.58959 , -0.816526 , 0
-0.575735 , -0.826456 , 0
-0.561714 , -0.836147 , 0
-0.547531 , -0.845597 , 0
-0.533191 , -0.854804 , 0
-0.518696 , -0.863764 , 0
-0.504053 , -0.872475 , 0
-0.489264 , -0.880935 , 0
-0.474334 , -0.889141 , 0
-0.459267 , -0.897091 , 0
-0.444069 , -0.904782 , 0
-0.428742 , -0.912214 , 0
-0.413292 , -0.919383 , 0
-0.397723 , -0.926287 , 0
-0.38204 , -0.932924 , 0
-0.366247 , -0.939294 , 0
-0.350348 , -0.945393 , 0
-0.334349 , -0.95122 , 0
-0.318254 , -0.956774 , 0
-0.302067 , -0.962053 , 0
-0.285793 , -0.967055 , 0
-0.269438 , -0.97178 , 0
-0.253004 , -0.976225 , 0
-0.236498 , -0.980389 , 0
-0.219924 , -0.984272 , 0
-0.203287 , -0.987872 , 0
-0.186592 , -0.991189 , 0
-0.169843 , -0.99422 , 0
-0.153045 , -0.996966 , 0
-0.136203 , -0.999426 , 0
-0.119322 , -1.0016 , 0
-0.102407 , -1.00348 , 0
-0.0854624 , -1.00508 , 0
-0.0684933 , -1.00639 , 0
-0.0515045 , -1.00741 , 0
-0.0345009 , -1.00814 , 0
-0.0174874 , -1.00858 , 0
-0.000468851 , -1.00873 , 0
0.0165498 , -1.00859 , 0
0.0335637 , -1.00816 , 0
0.050568 , -1.00745 , 0
0.0675577 , -1.00644 , 0
0.0845281 , -1.00514 , 0
0.101474 , -1.00356 , 0
0.118391 , -1.00169 , 0
0.135274 , -0.999526 , 0
0.152118 , -0.997078 , 0
0.168918 , -0.994344 , 0
0.18567 , -0.991325 , 0
0.202369 , -0.988021 , 0
0.219009 , -0.984433 , 0
0.235587 , -0.980562 , 0
0.252096 , -0.976409 , 0
0.268534 , -0.971975 , 0
0.284894 , -0.967263 , 0
0.301172 , -0.962272 , 0
0.317364 , -0.957005 , 0
0.333464 , -0.951462 , 0
0.349469 , -0.945646 , 0
0.365373 , -0.939558 , 0
0.381172 , -0.933199 , 0
0.396861 , -0.926572 , 0
0.412436 , -0.919679 , 0
0.427892 , -0.912521 , 0
0.443225 , -0.9051 , 0
0.458431 , -0.897418 , 0
0.473504 , -0.889478 , 0
0.488442 , -0.881282 , 0
0.503238 , -0.872832 , 0
0.517889 , -0.86413 , 0
0.532391 , -0.855179 , 0
0.54674 , -0.845982 , 0
0.560931 , -0.836541 , 0
0.57496 , -0.826859 , 0
0.588823 , -0.816938 , 0
0.602517 , -0.806781 , 0
0.616036 , -0.796391 , 0
0.629378 , -0.785771 , 0
0.642538 , -0.774925 , 0
0.655512 , -0.763854 , 0
0.668296 , -0.752563 , 0
0.680888 , -0.741054 , 0
0.693283 , -0.729331 , 0
0.705477 , -0.717397 , 0
0.717467 , -0.705256 , 0
0.729249 , -0.69291 , 0
0.74082 , -0.680364 , 0
0.752177 , -0.667621 , 0
0.763316 , -0.654684 , 0
0.774233 , -0.641557 , 0
0.784926 , -0.628245 , 0
0.795392 , -0.61475 , 0
0.805626 , -0.601077 , 0
0.815627 , -0.58723 , 0
0.825392 , -0.573212 , 0
0.834916 , -0.559028 , 0
0.844198 , -0.544681 , 0
0.853234 , -0.530176 , 0
0.862023 , -0.515517 , 0
0.870561 , -0.500707 , 0
0.878845 , -0.485753 , 0
0.886874 , -0.470656 , 0
0.894644 , -0.455423 , 0
0.902154 , -0.440057 , 0
0.909401 , -0.424563 , 0
0.916383 , -0.408945 , 0
0.923097 , -0.393208 , 0
0.929542 , -0.377356 , 0
0.935716 , -0.361394 , 0
0.941617 , -0.345326 , 0
0.947242 , -0.329158 , 0
0.952591 , -0.312893 , 0
0.957661 , -0.296537 , 0
0.962451 , -0.280094 , 0
0.96696 , -0.263569 , 0
0.971185 , -0.246967 , 0
0.975126 , -0.230293 , 0
0.978782 , -0.213551 , 0
0.98215 , -0.196747 , 0
0.98523 , -0.179885 , 0
0.988022 , -0.16297 , 0
0.990523 , -0.146007 , 0
0.992734 , -0.129001 , 0
0.994652 , -0.111958 , 0
0.996279 , -0.0948815 , 0
0.997613 , -0.0777772 , 0
0.998653 , -0.0606501 , 0
0.999399 , -0.0435051 , 0
0.999851 , -0.0263472 , 0
1.00001 , -0.00918167 , 0
0.999872 , 0.00798661 , 0
0.99944 , 0.0251525 , 0
0.998713 , 0.042311 , 0
0.997692 , 0.0594571 , 0
0.996376 , 0.0765855 , 0
0.994766 , 0.0936914 , 0
0.992862 , 0.11077 , 0
0.990665 , 0.127815 , 0
0.988175 , 0.144823 , 0
0.985392 , 0.161787 , 0
0.982317 , 0.178704 , 0
0.978952 , 0.195568 , 0
0.975297 , 0.212374 , 0
0.971353 , 0.229118 , 0
0.967121 , 0.245793 , 0
0.962602 , 0.262395 , 0
0.957797 , 0.278919 , 0
0.952708 , 0.295361 , 0
0.947336 , 0.311715 , 0
0.941683 , 0.327976 , 0
0.935749 , 0.34414 , 0
0.929538 , 0.360202 , 0
0.92305 , 0.376156 , 0
0.916287 , 0.391998 , 0
0.909251 , 0.407724 , 0
0.901945 , 0.423328 , 0
0.89437 , 0.438806 , 0
0.886528 , 0.454154 , 0
0.878422 , 0.469366 , 0
0.870054 , 0.484437 , 0
0.861426 , 0.499365 , 0
0.852541 , 0.514143 , 0
0.843401 , 0.528767 , 0
0.83401 , 0.543234 , 0
0.824369 , 0.557538 , 0
0.814481 , 0.571676 , 0
0.80435 , 0.585643 , 0
0.793979 , 0.599434 , 0
0.783369 , 0.613046 , 0
0.772526 , 0.626474 , 0
0.76145 , 0.639715 , 0
0.750147 , 0.652764 , 0
0.738619 , 0.665618 , 0
0.726869 , 0.678272 , 0
0.714901 , 0.690722 , 0
0.702719 , 0.702965 , 0
0.690326 , 0.714998 , 0
0.677726 , 0.726815 , 0
0.664922 , 0.738415 , 0
0.651919 , 0.749792 , 0
0.638719 , 0.760944 , 0
0.625328 , 0.771868 , 0
0.611749 , 0.782559 , 0
0.597985 , 0.793016 , 0
0.584042 , 0.803233 , 0
0.569923 , 0.813209 , 0
0.555633 , 0.82294 , 0
0.541175 , 0.832424 , 0
0.526554 , 0.841657 , 0
0.511775 , 0.850636 , 0
0.496842 , 0.859359 , 0
0.481759 , 0.867823 , 0
0.46653 , 0.876026 , 0
0.451161 , 0.883965 , 0
0.435656 , 0.891637 , 0
0.42002 , 0.89904 , 0
0.404257 , 0.906172 , 0
0.388372 , 0.913031 , 0
0.37237 , 0.919614 , 0
0.356255 , 0.925919 , 0
0.340033 , 0.931946 , 0
0.323709 , 0.93769 , 0
0.307286 , 0.943152 , 0
0.290771 , 0.948329 , 0
0.274168 , 0.95322 , 0
0.257482 , 0.957823 , 0
0.240719 , 0.962136 , 0
0.223882 , 0.966159 , 0
0.206978 , 0.96989 , 0
0.190012 , 0.973328 , 0
0.172988 , 0.976471 , 0
0.155912 , 0.97932 , 0
0.138788 , 0.981873 , 0
0.121623 , 0.984129 , 0
0.104421 , 0.986087 , 0
0.0871877 , 0.987747 , 0
0.0699278 , 0.989109 , 0
0.0526467 , 0.990172 , 0
0.0353497 , 0.990936 , 0
0.0180421 , 0.991399 , 0
0.000728972 , 0.991564 , 0
-0.0165844 , 0.991428 , 0
-0.0338927 , 0.990993 , 0
-0.0511908 , 0.990258 , 0
-0.0684734 , 0.989224 , 0
-0.0857353 , 0.987891 , 0
-0.102971 , 0.986259 , 0
-0.120176 , 0.984329 , 0
-0.137345 , 0.982102 , 0
-0.154472 , 0.979578 , 0
-0.171552 , 0.976758 , 0
-0.188581 , 0.973643 , 0
-0.205552 , 0.970233 , 0
-0.222462 , 0.966531 , 0
-0.239304 , 0.962536 , 0
-0.256074 , 0.958251 , 0
-0.272766 , 0.953676 , 0
-0.289377 , 0.948814 , 0
-0.3059 , 0.943664 , 0
-0.32233 , 0.93823 , 0
-0.338663 , 0.932513 , 0
-0.354894 , 0.926514 , 0
-0.371018 , 0.920236 , 0
-0.38703 , 0.91368 , 0
-0.402925 , 0.906849 , 0
-0.418699 , 0.899744 , 0
-0.434347 , 0.892368 , 0
-0.449863 , 0.884722 , 0
-0.465244 , 0.87681 , 0
-0.480485 , 0.868634 , 0
-0.495581 , 0.860196 , 0
-0.510528 , 0.851499 , 0
-0.52532 , 0.842545 , 0
-0.539955 , 0.833338 , 0
-0.554427 , 0.82388 , 0
-0.568733 , 0.814174 , 0
-0.582867 , 0.804223 , 0
-0.596826 , 0.794031 , 0
-0.610606 , 0.783599 , 0
-0.624202 , 0.772932 , 0
-0.63761 , 0.762033 , 0
-0.650827 , 0.750904 , 0
-0.663848 , 0.73955 , 0
-0.67667 , 0.727974 , 0
-0.689289 , 0.71618 , 0
-0.701701 , 0.704171 , 0
-0.713902 , 0.69195 , 0
-0.72589 , 0.679522 , 0
-0.73766 , 0.66689 , 0
-0.749208 , 0.654058 , 0
-0.760533 , 0.64103 , 0
-0.771629 , 0.627811 , 0
-0.782495 , 0.614403 , 0
-0.793126 , 0.600812 , 0
-0.80352 , 0.58704 , 0
-0.813674 , 0.573094 , 0
-0.823584 , 0.558976 , 0
-0.833248 , 0.54469 , 0
-0.842664 , 0.530242 , 0
-0.851828 , 0.515636 , 0
-0.860737 , 0.500876 , 0
-0.86939 , 0.485966 , 0
-0.877783 , 0.470912 , 0
-0.885914 , 0.455717 , 0
-0.893782 , 0.440386 , 0
-0.901383 , 0.424924 , 0
-0.908716 , 0.409335 , 0
-0.915778 , 0.393625 , 0
-0.922568 , 0.377797 , 0
-0.929083 , 0.361857 , 0
-0.935323 , 0.34581 , 0
-0.941284 , 0.329659 , 0
-0.946965 , 0.313411 , 0
-0.952366 , 0.29707 , 0
-0.957483 , 0.28064 , 0
-0.962317 , 0.264128 , 0
-0.966865 , 0.247537 , 0
-0.971126 , 0.230872 , 0
-0.9751 , 0.214139 , 0
-0.978785 , 0.197343 , 0
-0.98218 , 0.180488 , 0
-0.985285 , 0.16358 , 0
-0.988098 , 0.146624 , 0
-0.990619 , 0.129624 , 0
-0.992847 , 0.112586 , 0
-0.994782 , 0.0955141 , 0
-0.996423 , 0.0784144 , 0
-0.99777 , 0.0612916 , 0
-0.998823 , 0.0441507 , 0
-0.999581 , 0.0269969 , 0
-1.00004 , 0.009835 , 0
-1.00021 , -0.00732975 , 0
-1.00009 , -0.0244923 , 0
-0.999667 , -0.0416477 , 0
-0.998953 , -0.0587909 , 0
-0.997945 , -0.0759167 , 0
-0.996644 , -0.0930202 , 0
-0.995049 , -0.110096 , 0
-0.993163 , -0.12714 , 0
-0.990985 , -0.144147 , 0
-0.988516 , -0.161111 , 0
-0.985757 , -0.178028 , 0
-0.982709 , -0.194893 , 0
-0.979373 , -0.2117 , 0
-0.97575 , -0.228446 , 0
-0.971841 , -0.245125 , 0
-0.967648 , -0.261732 , 0
-0.963172 , -0.278262 , 0
-0.958414 , -0.294711 , 0
-0.953376 , -0.311074 , 0
-0.948059 , -0.327346 , 0
-0.942466 , -0.343522 , 0
-0.936597 , -0.359598 , 0
-0.930455 , -0.375569 , 0
-0.924041 , -0.391431 , 0
-0.917358 , -0.407178 , 0
-0.910408 , -0.422807 , 0
-0.903192 , -0.438312 , 0
-0.895713 , -0.45369 , 0
-0.887974 , -0.468936 , 0
-0.879976 , -0.484045 , 0
-0.871722 , -0.499014 , 0
-0.863214 , -0.513837 , 0
-0.854456 , -0.528511 , 0
-0.845449 , -0.543031 , 0
-0.836196 , -0.557394 , 0
-0.826701 , -0.571595 , 0
-0.816966 , -0.58563 , 0
-0.806994 , -0.599494 , 0
-0.796788 , -0.613185 , 0
-0.78635 , -0.626699 , 0
-0.775685 , -0.64003 , 0
-0.764795 , -0.653176 , 0
-0.753683 , -0.666133 , 0
-0.742354 , -0.678897 , 0
-0.730809 , -0.691465 , 0
-0.719053 , -0.703832 , 0
-0.707088 , -0.715996 , 0
-0.694919 , -0.727952 , 0
-0.68255 , -0.739698 , 0
-0.669983 , -0.751231 , 0
-0.657222 , -0.762546 , 0
-0.644272 , -0.773641 , 0
-0.631135 , -0.784512 , 0
-0.617816 , -0.795157 , 0
-0.604319 , -0.805573 , 0
-0.590648 , -0.815756 , 0
-0.576806 , -0.825704 , 0
-0.562798 , -0.835413 , 0
-0.548627 , -0.844882 , 0
-0.534299 , -0.854107 , 0
-0.519816 , -0.863086 , 0
-0.505184 , -0.871816 , 0
-0.490406 , -0.880295 , 0
-0.475487 , -0.888521 , 0
-0.46043 , -0.896491 , 0
-0.445242 , -0.904202 , 0
-0.429925 , -0.911654 , 0
-0.414484 , -0.918843 , 0
-0.398924 , -0.925767 , 0
-0.38325 , -0.932425 , 0
-0.367465 , -0.938815 , 0
-0.351574 , -0.944935 , 0
-0.335583 , -0.950783 , 0
-0.319495 , -0.956358 , 0
-0.303315 , -0.961658 , 0
-0.287047 , -0.966682 , 0
-0.270698 , -0.971427 , 0
-0.25427 , -0.975894 , 0
-0.23777 , -0.98008 , 0
-0.221201 , -0.983985 , 0
-0.204568 , -0.987606 , 0
-0.187877 , -0.990945 , 0
-0.171132 , -0.993998 , 0
-0.154338 , -0.996766 , 0
-0.137499 , -0.999248 , 0
-0.120621 , -1.00144 , 0
-0.103708 , -1.00335 , 0
-0.0867659 , -1.00497 , 0
-0.0697985 , -1.0063 , 0
-0.0528111 , -1.00734 , 0
-0.0358084 , -1.00809 , 0
-0.0187955 , -1.00856 , 0
-0.0017772 , -1.00873 , 0
0.0152416 , -1.00861 , 0
0.0322561 , -1.00821 , 0
0.0492612 , -1.00751 , 0
0.0662523 , -1.00653 , 0
0.0832243 , -1.00525 , 0
0.100172 , -1.00369 , 0
0.117092 , -1.00184 , 0
0.133977 , -0.999701 , 0
0.150825 , -0.997276 , 0
0.167629 , -0.994564 , 0
0.184384 , -0.991566 , 0
0.201087 , -0.988284 , 0
0.217732 , -0.984717 , 0
0.234315 , -0.980868 , 0
0.25083 , -0.976737 , 0
0.267273 , -0.972325 , 0
0.283639 , -0.967634 , 0
0.299924 , -0.962664 , 0
0.316122 , -0.957418 , 0
0.33223 , -0.951896 , 0
0.348242 , -0.946101 , 0
0.364154 , -0.940034 , 0
0.379961 , -0.933696 , 0
0.395659 , -0.92709 , 0
0.411243 , -0.920216 , 0
0.426708 , -0.913078 , 0
0.442051 , -0.905677 , 0
0.457267 , -0.898016 , 0
0.47235 , -0.890095 , 0
0.487298 , -0.881919 , 0
0.502106 , -0.873488 , 0
0.516768 , -0.864806 , 0
0.531282 , -0.855874 , 0
0.545642 , -0.846695 , 0
0.559846 , -0.837273 , 0
0.573887 , -0.827609 , 0
0.587764 , -0.817706 , 0
0.60147 , -0.807567 , 0
0.615003 , -0.797195 , 0
0.628358 , -0.786593 , 0
0.641532 , -0.775763 , 0
0.654521 , -0.76471 , 0
0.66732 , -0.753435 , 0
0.679927 , -0.741943 , 0
0.692336 , -0.730236 , 0
0.704546 , -0.718318 , 0
0.716552 , -0.706193 , 0
0.72835 , -0.693862 , 0
0.739938 , -0.681331 , 0
0.751311 , -0.668603 , 0
0.762467 , -0.655681 , 0
0.773401 , -0.642569 , 0
0.784112 , -0.62927 , 0
0.794595 , -0.61579 , 0
0.804847 , -0.60213 , 0
0.814866 , -0.588296 , 0
0.824649 , -0.574291 , 0
0.834192 , -0.560119 , 0
0.843492 , -0.545784 , 0
0.852548 , -0.531291 , 0
0.861355 , -0.516644 , 0
0.869912 , -0.501846 , 0
0.878216 , -0.486902 , 0
0.886265 , -0.471816 , 0
0.894055 , -0.456593 , 0
0.901585 , -0.441237 , 0
0.908852 , -0.425753 , 0
0.915854 , -0.410144 , 0
0.922589 , -0.394416 , 0
0.929055 , -0.378572 , 0
0.93525 , -0.362619 , 0
0.941171 , -0.346559 , 0
0.946818 , -0.330398 , 0
0.952188 , -0.31414 , 0
0.95728 , -0.297791 , 0
0.962091 , -0.281354 , 0
0.966621 , -0.264836 , 0
0.970868 , -0.248239 , 0
0.974831 , -0.23157 , 0
0.978508 , -0.214833 , 0
0.981899 , -0.198033 , 0
0.985001 , -0.181175 , 0
0.987815 , -0.164264 , 0
0.990338 , -0.147305 , 0
0.992571 , -0.130302 , 0
0.994512 , -0.113262 , 0
0.996161 , -0.0961876 , 0
0.997517 , -0.0790852 , 0
0.99858 , -0.0619595 , 0
0.999349 , -0.0448156 , 0
0.999823 , -0.0276585 , 0
1 , -0.0104933 , 0
0.999889 , 0.006675 , 0
0.999479 , 0.0238414 , 0
0.998775 , 0.0410007 , 0
0.997776 , 0.0581479 , 0
0.996483 , 0.075278 , 0
0.994896 , 0.0923858 , 0
0.993014 , 0.109466 , 0
0.990839 , 0.126515 , 0
0.988371 , 0.143525 , 0
0.985611 , 0.160494 , 0
0.982559 , 0.177414 , 0
0.979216 , 0.194283 , 0
0.975582 , 0.211093 , 0
0.97166 , 0.227842 , 0
0.96745 , 0.244522 , 0
0.962953 , 0.26113 , 0
0.95817 , 0.277661 , 0
0.953102 , 0.294109 , 0
0.947752 , 0.31047 , 0
0.94212 , 0.326739 , 0
0.936208 , 0.34291 , 0
0.930018 , 0.35898 , 0
0.92355 , 0.374942 , 0
0.916809 , 0.390793 , 0
0.909794 , 0.406528 , 0
0.902508 , 0.422142 , 0
0.894953 , 0.43763 , 0
0.887132 , 0.452987 , 0
0.879045 , 0.46821 , 0
0.870697 , 0.483293 , 0
0.862089 , 0.498231 , 0
0.853224 , 0.513021 , 0
0.844103 , 0.527657 , 0
0.834731 , 0.542136 , 0
0.825109 , 0.556453 , 0
0.81524 , 0.570604 , 0
0.805128 , 0.584584 , 0
0.794774 , 0.598389 , 0
0.784183 , 0.612014 , 0
0.773357 , 0.625457 , 0
0.762299 , 0.638712 , 0
0.751013 , 0.651776 , 0
0.739502 , 0.664645 , 0
0.727769 , 0.677314 , 0
0.715818 , 0.68978 , 0
0.703652 , 0.702039 , 0
0.691275 , 0.714088 , 0
0.67869 , 0.725922 , 0
0.665901 , 0.737538 , 0
0.652913 , 0.748933 , 0
0.639728 , 0.760102 , 0
0.626351 , 0.771043 , 0
0.612786 , 0.781753 , 0
0.599037 , 0.792227 , 0
0.585107 , 0.802463 , 0
0.571001 , 0.812457 , 0
0.556724 , 0.822207 , 0
0.542279 , 0.83171 , 0
0.52767 , 0.840962 , 0
0.512903 , 0.849961 , 0
0.497981 , 0.858704 , 0
0.482909 , 0.867188 , 0
0.467692 , 0.87541 , 0
0.452333 , 0.883369 , 0
0.436839 , 0.891062 , 0
0.421212 , 0.898485 , 0
0.405458 , 0.905638 , 0
0.389583 , 0.912518 , 0
0.373589 , 0.919122 , 0
0.357483 , 0.925449 , 0
0.341269 , 0.931496 , 0
0.324952 , 0.937263 , 0
0.308537 , 0.942746 , 0
0.292028 , 0.947945 , 0
0.275432 , 0.952858 , 0
0.258752 , 0.957482 , 0
0.241994 , 0.961818 , 0
0.225163 , 0.965863 , 0
0.208264 , 0.969616 , 0
0.191303 , 0.973076 , 0
0.174283 , 0.976242 , 0
0.15721 , 0.979113 , 0
0.140091 , 0.981689 , 0
0.122928 , 0.983967 , 0
0.105729 , 0.985948 , 0
0.0884975 , 0.987631 , 0
0.0712394 , 0.989016 , 0
0.0539598 , 0.990102 , 0
0.0366639 , 0.990888 , 0
0.0193568 , 0.991375 , 0
0.00204395 , 0.991562 , 0
-0.0152695 , 0.991449 , 0
-0.0325784 , 0.991037 , 0
-0.0498775 , 0.990325 , 0
-0.0671614 , 0.989313 , 0
-0.0844251 , 0.988003 , 0
-0.101663 , 0.986394 , 0
-0.118871 , 0.984487 , 0
-0.136042 , 0.982282 , 0
-0.153172 , 0.979781 , 0
-0.170257 , 0.976983 , 0
-0.187289 , 0.97389 , 0
-0.204265 , 0.970503 , 0
-0.22118 , 0.966823 , 0
-0.238027 , 0.962851 , 0
-0.254803 , 0.958588 , 0
-0.271501 , 0.954035 , 0
-0.288118 , 0.949194 , 0
-0.304648 , 0.944067 , 0
-0.321086 , 0.938654 , 0
-0.337426 , 0.932959 , 0
-0.353665 , 0.926981 , 0
-0.369798 , 0.920724 , 0
-0.385818 , 0.91419 , 0
-0.401722 , 0.907379 , 0
-0.417506 , 0.900295 , 0
-0.433163 , 0.892939 , 0
-0.448689 , 0.885314 , 0
-0.464081 , 0.877422 , 0
-0.479332 , 0.869266 , 0
-0.49444 , 0.860848 , 0
-0.509398 , 0.852171 , 0
-0.524203 , 0.843237 , 0
-0.538849 , 0.834049 , 0
-0.553334 , 0.82461 , 0
-0.567652 , 0.814923 , 0
-0.5818 , 0.80499 , 0
-0.595772 , 0.794816 , 0
-0.609566 , 0.784403 , 0
-0.623176 , 0.773753 , 0
-0.636598 , 0.762872 , 0
-0.64983 , 0.751761 , 0
-0.662866 , 0.740424 , 0
-0.675704 , 0.728865 , 0
-0.688338 , 0.717087 , 0
-0.700766 , 0.705094 , 0
-0.712984 , 0.692889 , 0
-0.724987 , 0.680477 , 0
-0.736774 , 0.66786 , 0
-0.74834 , 0.655044 , 0
-0.759681 , 0.642031 , 0
-0.770795 , 0.628826 , 0
-0.781678 , 0.615432 , 0
-0.792327 , 0.601855 , 0
-0.80274 , 0.588097 , 0
-0.812912 , 0.574164 , 0
-0.822841 , 0.560058 , 0
-0.832524 , 0.545786 , 0
-0.841958 , 0.53135 , 0
-0.851141 , 0.516756 , 0
-0.86007 , 0.502007 , 0
-0.868743 , 0.487109 , 0
-0.877156 , 0.472065 , 0
-0.885307 , 0.456881 , 0
-0.893195 , 0.44156 , 0
-0.900817 , 0.426108 , 0
-0.90817 , 0.410529 , 0
-0.915253 , 0.394828 , 0
-0.922064 , 0.379009 , 0
-0.9286 , 0.363078 , 0
-0.93486 , 0.347038 , 0
-0.940843 , 0.330896 , 0
-0.946545 , 0.314655 , 0
-0.951967 , 0.298321 , 0
-0.957107 , 0.281898 , 0
-0.961962 , 0.265391 , 0
-0.966532 , 0.248806 , 0
-0.970815 , 0.232147 , 0
-0.974811 , 0.215419 , 0
-0.978518 , 0.198628 , 0
-0.981935 , 0.181777 , 0
-0.985062 , 0.164873 , 0
-0.987897 , 0.14792 , 0
-0.990441 , 0.130924 , 0
-0.992691 , 0.113888 , 0
-0.994648 , 0.0968192 , 0
-0.996312 , 0.0797216 , 0
-0.997682 , 0.0626004 , 0
-0.998757 , 0.0454608 , 0
-0.999537 , 0.0283078 , 0
-1.00002 , 0.0111465 , 0
-1.00021 , -0.00601816 , 0
-1.00011 , -0.023181 , 0
-0.999714 , -0.0403371 , 0
-0.999022 , -0.0574812 , 0
-0.998036 , -0.0746085 , 0
-0.996757 , -0.0917138 , 0
-0.995185 , -0.108792 , 0
-0.993321 , -0.125839 , 0
-0.991165 , -0.142848 , 0
-0.988719 , -0.159816 , 0
-0.985982 , -0.176736 , 0
-0.982956 , -0.193605 , 0
-0.979642 , -0.210417 , 0
-0.976041 , -0.227168 , 0
-0.972154 , -0.243852 , 0
-0.967983 , -0.260464 , 0
-0.963528 , -0.277001 , 0
-0.958792 , -0.293456 , 0
-0.953775 , -0.309826 , 0
-0.94848 , -0.326105 , 0
-0.942907 , -0.342288 , 0
-0.937059 , -0.358372 , 0
-0.930938 , -0.374351 , 0
-0.924545 , -0.390221 , 0
-0.917883 , -0.405978 , 0
-0.910953 , -0.421616 , 0
-0.903757 , -0.437131 , 0
-0.896299 , -0.452518 , 0
-0.888579 , -0.467774 , 0
-0.880601 , -0.482894 , 0
-0.872366 , -0.497873 , 0
-0.863878 , -0.512708 , 0
-0.855139 , -0.527393 , 0
-0.846151 , -0.541926 , 0
-0.836917 , -0.5563 , 0
-0.827441 , -0.570514 , 0
-0.817724 , -0.584561 , 0
-0.80777 , -0.598439 , 0
-0.797581 , -0.612144 , 0
-0.787161 , -0.625671 , 0
-0.776514 , -0.639016 , 0
-0.765641 , -0.652176 , 0
-0.754546 , -0.665148 , 0
-0.743233 , -0.677927 , 0
-0.731704 , -0.690509 , 0
-0.719964 , -0.702892 , 0
-0.708016 , -0.715071 , 0
-0.695862 , -0.727044 , 0
-0.683508 , -0.738806 , 0
-0.670956 , -0.750355 , 0
-0.65821 , -0.761687 , 0
-0.645274 , -0.772799 , 0
-0.632152 , -0.783688 , 0
-0.618847 , -0.79435 , 0
-0.605363 , -0.804783 , 0
-0.591705 , -0.814984 , 0
-0.577876 , -0.82495 , 0
-0.563881 , -0.834678 , 0
-0.549723 , -0.844165 , 0
-0.535406 , -0.853409 , 0
-0.520935 , -0.862407 , 0
-0.506314 , -0.871156 , 0
-0.491547 , -0.879655 , 0
-0.476638 , -0.8879 , 0
-0.461593 , -0.895889 , 0
-0.446414 , -0.903621 , 0
-0.431107 , -0.911092 , 0
-0.415676 , -0.918301 , 0
-0.400125 , -0.925246 , 0
-0.384459 , -0.931925 , 0
-0.368682 , -0.938335 , 0
-0.3528 , -0.944476 , 0
-0.336816 , -0.950345 , 0
-0.320735 , -0.955941 , 0
-0.304562 , -0.961262 , 0
-0.288301 , -0.966307 , 0
-0.271957 , -0.971074 , 0
-0.255536 , -0.975562 , 0
-0.239041 , -0.979769 , 0
-0.222477 , -0.983695 , 0
-0.205849 , -0.987339 , 0
-0.189162 , -0.990699 , 0
-0.172421 , -0.993774 , 0
-0.155631 , -0.996564 , 0
-0.138795 , -0.999068 , 0
-0.12192 , -1.00128 , 0
-0.10501 , -1.00321 , 0
-0.0880693 , -1.00485 , 0
-0.0711037 , -1.00621 , 0
-0.0541176 , -1.00727 , 0
-0.0371159 , -1.00805 , 0
-0.0201036 , -1.00853 , 0
-0.00308555 , -1.00873 , 0
0.0139334 , -1.00863 , 0
0.0309484 , -1.00825 , 0
0.0479544 , -1.00757 , 0
0.0649467 , -1.00661 , 0
0.0819204 , -1.00536 , 0
0.0988705 , -1.00382 , 0
0.115792 , -1.00199 , 0
0.132681 , -0.999875 , 0
0.149531 , -0.997472 , 0
0.166338 , -0.994782 , 0
0.183098 , -0.991806 , 0
0.199805 , -0.988545 , 0
0.216455 , -0.985001 , 0
0.233042 , -0.981173 , 0
0.249563 , -0.977063 , 0
0.266012 , -0.972673 , 0
0.282384 , -0.968003 , 0
0.298675 , -0.963055 , 0
0.31488 , -0.95783 , 0
0.330995 , -0.952329 , 0
0.347015 , -0.946555 , 0
0.362934 , -0.940508 , 0
0.37875 , -0.934191 , 0
0.394456 , -0.927605 , 0
0.410049 , -0.920752 , 0
0.425524 , -0.913634 , 0
0.440876 , -0.906254 , 0
0.456102 , -0.898612 , 0
0.471196 , -0.890711 , 0
0.486154 , -0.882554 , 0
0.500972 , -0.874143 , 0
0.515646 , -0.865479 , 0
0.530171 , -0.856567 , 0
0.544544 , -0.847407 , 0
0.558759 , -0.838003 , 0
0.572814 , -0.828357 , 0
0.586703 , -0.818473 , 0
0.600422 , -0.808352 , 0
0.613969 , -0.797997 , 0
0.627338 , -0.787413 , 0
0.640526 , -0.776601 , 0
0.653529 , -0.765564 , 0
0.666343 , -0.754307 , 0
0.678964 , -0.742831 , 0
0.691389 , -0.73114 , 0
0.703614 , -0.719238 , 0
0.715636 , -0.707128 , 0
0.72745 , -0.694814 , 0
0.739054 , -0.682298 , 0
0.750444 , -0.669584 , 0
0.761616 , -0.656677 , 0
0.772568 , -0.643579 , 0
0.783296 , -0.630295 , 0
0.793796 , -0.616828 , 0
0.804067 , -0.603182 , 0
0.814104 , -0.589361 , 0
0.823904 , -0.575369 , 0
0.833466 , -0.561209 , 0
0.842785 , -0.546887 , 0
0.851859 , -0.532406 , 0
0.860686 , -0.51777 , 0
0.869262 , -0.502983 , 0
0.877586 , -0.48805 , 0
0.885654 , -0.472975 , 0
0.893464 , -0.457763 , 0
0.901014 , -0.442417 , 0
0.908301 , -0.426942 , 0
0.915324 , -0.411342 , 0
0.922079 , -0.395623 , 0
0.928566 , -0.379788 , 0
0.934781 , -0.363843 , 0
0.940724 , -0.347791 , 0
0.946392 , -0.331637 , 0
0.951783 , -0.315387 , 0
0.956896 , -0.299044 , 0
0.961729 , -0.282614 , 0
0.966281 , -0.266101 , 0
0.97055 , -0.249511 , 0
0.974534 , -0.232847 , 0
0.978233 , -0.216115 , 0
0.981646 , -0.19932 , 0
0.98477 , -0.182466 , 0
0.987606 , -0.165559 , 0
0.990152 , -0.148603 , 0
0.992407 , -0.131603 , 0
0.99437 , -0.114565 , 0
0.996041 , -0.0974935 , 0
0.99742 , -0.080393 , 0
0.998505 , -0.0632689 , 0
0.999296 , -0.0461261 , 0
0.999793 , -0.0289698 , 0
0.999996 , -0.011805 , 0
0.999904 , 0.00536338 , 0
0.999517 , 0.0225301 , 0
0.998835 , 0.0396902 , 0
0.997859 , 0.0568386 , 0
0.996588 , 0.0739702 , 0
0.995023 , 0.09108 , 0
0.993164 , 0.108163 , 0
0.991012 , 0.125214 , 0
0.988566 , 0.142228 , 0
0.985828 , 0.159199 , 0
0.982798 , 0.176124 , 0
0.979477 , 0.192997 , 0
0.975866 , 0.209812 , 0
0.971966 , 0.226565 , 0
0.967778 , 0.243251 , 0
0.963302 , 0.259865 , 0
0.958541 , 0.276402 , 0
0.953495 , 0.292857 , 0
0.948166 , 0.309224 , 0
0.942556 , 0.3255 , 0
0.936665 , 0.341679 , 0
0.930496 , 0.357757 , 0
0.92405 , 0.373728 , 0
0.917329 , 0.389588 , 0
0.910335 , 0.405332 , 0
0.903069 , 0.420955 , 0
0.895535 , 0.436453 , 0
0.887734 , 0.45182 , 0
0.879668 , 0.467053 , 0
0.871339 , 0.482147 , 0
0.862751 , 0.497097 , 0
0.853905 , 0.511898 , 0
0.844804 , 0.526547 , 0
0.835451 , 0.541038 , 0
0.825847 , 0.555367 , 0
0.815997 , 0.569531 , 0
0.805903 , 0.583524 , 0
0.795568 , 0.597342 , 0
0.784995 , 0.610982 , 0
0.774187 , 0.624438 , 0
0.763146 , 0.637708 , 0
0.751878 , 0.650787 , 0
0.740383 , 0.66367 , 0
0.728667 , 0.676355 , 0
0.716732 , 0.688837 , 0
0.704583 , 0.701112 , 0
0.692222 , 0.713177 , 0
0.679653 , 0.725027 , 0
0.666879 , 0.73666 , 0
0.653906 , 0.748072 , 0
0.640736 , 0.759259 , 0
0.627374 , 0.770218 , 0
0.613823 , 0.780945 , 0
0.600087 , 0.791437 , 0
0.586171 , 0.801691 , 0
0.572079 , 0.811704 , 0
0.557814 , 0.821473 , 0
0.543381 , 0.830995 , 0
0.528785 , 0.840266 , 0
0.51403 , 0.849284 , 0
0.49912 , 0.858046 , 0
0.484059 , 0.86655 , 0
0.468852 , 0.874793 , 0
0.453505 , 0.882772 , 0
0.43802 , 0.890485 , 0
0.422403 , 0.897929 , 0
0.406659 , 0.905103 , 0
0.390792 , 0.912003 , 0
0.374808 , 0.918628 , 0
0.35871 , 0.924977 , 0
0.342504 , 0.931046 , 0
0.326195 , 0.936833 , 0
0.309787 , 0.942338 , 0
0.293285 , 0.947559 , 0
0.276695 , 0.952493 , 0
0.260022 , 0.95714 , 0
0.24327 , 0.961498 , 0
0.226444 , 0.965565 , 0
0.20955 , 0.96934 , 0
0.192593 , 0.972823 , 0
0.175577 , 0.976011 , 0
0.158509 , 0.978905 , 0
0.141392 , 0.981503 , 0
0.124233 , 0.983804 , 0
0.107036 , 0.985808 , 0
0.0898072 , 0.987514 , 0
0.072551 , 0.988921 , 0
0.0552728 , 0.990029 , 0
0.0379779 , 0.990839 , 0
0.0206715 , 0.991348 , 0
0.00335893 , 0.991558 , 0
-0.0139547 , 0.991468 , 0
-0.0312641 , 0.991079 , 0
-0.0485641 , 0.99039 , 0
-0.0658494 , 0.989401 , 0
-0.0831148 , 0.988114 , 0
-0.100355 , 0.986527 , 0
-0.117565 , 0.984643 , 0
-0.134739 , 0.982461 , 0
-0.151873 , 0.979982 , 0
-0.168961 , 0.977207 , 0
-0.185998 , 0.974136 , 0
-0.202978 , 0.970772 , 0
-0.219897 , 0.967114 , 0
-0.23675 , 0.963164 , 0
-0.253531 , 0.958923 , 0
-0.270236 , 0.954392 , 0
-0.286859 , 0.949573 , 0
-0.303396 , 0.944468 , 0
-0.31984 , 0.939077 , 0
-0.336189 , 0.933403 , 0
-0.352436 , 0.927447 , 0
-0.368576 , 0.921211 , 0
-0.384605 , 0.914697 , 0
-0.400519 , 0.907908 , 0
-0.416311 , 0.900844 , 0
-0.431978 , 0.893509 , 0
-0.447515 , 0.885905 , 0
-0.462917 , 0.878033 , 0
-0.478179 , 0.869897 , 0
-0.493297 , 0.861499 , 0
-0.508267 , 0.852841 , 0
-0.523084 , 0.843927 , 0
-0.537743 , 0.834758 , 0
-0.55224 , 0.825338 , 0
-0.566571 , 0.81567 , 0
-0.580732 , 0.805756 , 0
-0.594717 , 0.7956 , 0
-0.608525 , 0.785205 , 0
-0.622149 , 0.774573 , 0
-0.635586 , 0.763709 , 0
-0.648832 , 0.752616 , 0
-0.661883 , 0.741296 , 0
-0.674736 , 0.729754 , 0
-0.687386 , 0.717992 , 0
-0.69983 , 0.706016 , 0
-0.712063 , 0.693827 , 0
-0.724084 , 0.68143 , 0
-0.735887 , 0.668829 , 0
-0.747469 , 0.656028 , 0
-0.758828 , 0.64303 , 0
-0.769959 , 0.62984 , 0
-0.78086 , 0.61646 , 0
-0.791527 , 0.602897 , 0
-0.801958 , 0.589153 , 0
-0.812148 , 0.575233 , 0
-0.822096 , 0.56114 , 0
-0.831798 , 0.54688 , 0
-0.841251 , 0.532457 , 0
-0.850454 , 0.517875 , 0
-0.859402 , 0.503138 , 0
-0.868094 , 0.488251 , 0
-0.876527 , 0.473218 , 0
-0.884699 , 0.458045 , 0
-0.892606 , 0.442734 , 0
-0.900248 , 0.427292 , 0
-0.907622 , 0.411723 , 0
-0.914726 , 0.396031 , 0
-0.921557 , 0.380221 , 0
-0.928115 , 0.364298 , 0
-0.934396 , 0.348266 , 0
-0.9404 , 0.332132 , 0
-0.946124 , 0.315898 , 0
-0.951567 , 0.299571 , 0
-0.956728 , 0.283155 , 0
-0.961605 , 0.266654 , 0
-0.966197 , 0.250075 , 0
-0.970502 , 0.233422 , 0
-0.97452 , 0.216699 , 0
-0.978249 , 0.199912 , 0
-0.981689 , 0.183066 , 0
-0.984838 , 0.166166 , 0
-0.987695 , 0.149217 , 0
-0.990261 , 0.132223 , 0
-0.992534 , 0.115191 , 0
-0.994513 , 0.0981241 , 0
-0.996199 , 0.0810286 , 0
-0.997591 , 0.0639092 , 0
-0.998689 , 0.0467709 , 0
-0.999492 , 0.0296188 , 0
-1 , 0.0124579 , 0
-1.00021 , -0.00470657 , 0
-1.00013 , -0.0218697 , 0
-0.999759 , -0.0390264 , 0
-0.999089 , -0.0561715 , 0
-0.998126 , -0.0733002 , 0
-0.996869 , -0.0904073 , 0
-0.99532 , -0.107488 , 0
-0.993478 , -0.124537 , 0
-0.991344 , -0.141549 , 0
-0.98892 , -0.15852 , 0
-0.986205 , -0.175445 , 0
-0.983201 , -0.192317 , 0
-0.979909 , -0.209134 , 0
-0.97633 , -0.225889 , 0
-0.972465 , -0.242578 , 0
-0.968316 , -0.259197 , 0
-0.963883 , -0.275739 , 0
-0.959168 , -0.292201 , 0
-0.954172 , -0.308577 , 0
-0.948898 , -0.324863 , 0
-0.943347 , -0.341054 , 0
-0.93752 , -0.357146 , 0
-0.93142 , -0.373133 , 0
-0.925048 , -0.389011 , 0
-0.918406 , -0.404776 , 0
-0.911496 , -0.420423 , 0
-0.904321 , -0.435948 , 0
-0.896882 , -0.451345 , 0
-0.889183 , -0.466612 , 0
-0.881224 , -0.481742 , 0
-0.873009 , -0.496732 , 0
-0.86454 , -0.511578 , 0
-0.85582 , -0.526275 , 0
-0.846851 , -0.540819 , 0
-0.837637 , -0.555206 , 0
-0.828178 , -0.569431 , 0
-0.81848 , -0.583492 , 0
-0.808544 , -0.597383 , 0
-0.798373 , -0.611101 , 0
-0.787971 , -0.624641 , 0
-0.777341 , -0.638001 , 0
-0.766485 , -0.651175 , 0
-0.755407 , -0.664161 , 0
-0.74411 , -0.676955 , 0
-0.732598 , -0.689553 , 0
-0.720874 , -0.701951 , 0
-0.708942 , -0.714146 , 0
-0.696804 , -0.726134 , 0
-0.684465 , -0.737913 , 0
-0.671928 , -0.749478 , 0
-0.659197 , -0.760827 , 0
-0.646276 , -0.771956 , 0
-0.633167 , -0.782862 , 0
-0.619876 , -0.793541 , 0
-0.606406 , -0.803992 , 0
-0.592761 , -0.814211 , 0
-0.578946 , -0.824195 , 0
-0.564963 , -0.833941 , 0
-0.550817 , -0.843447 , 0
-0.536512 , -0.85271 , 0
-0.522053 , -0.861726 , 0
-0.507443 , -0.870495 , 0
-0.492687 , -0.879013 , 0
-0.47779 , -0.887277 , 0
-0.462754 , -0.895286 , 0
-0.447586 , -0.903037 , 0
-0.432288 , -0.910529 , 0
-0.416866 , -0.917758 , 0
-0.401324 , -0.924723 , 0
-0.385667 , -0.931422 , 0
-0.369899 , -0.937853 , 0
-0.354024 , -0.944015 , 0
-0.338048 , -0.949905 , 0
-0.321974 , -0.955522 , 0
-0.305808 , -0.960864 , 0
-0.289554 , -0.96593 , 0
-0.273217 , -0.970718 , 0
-0.256801 , -0.975228 , 0
-0.240311 , -0.979457 , 0
-0.223753 , -0.983404 , 0
-0.20713 , -0.98707 , 0
-0.190447 , -0.990451 , 0
-0.17371 , -0.993548 , 0
-0.156923 , -0.99636 , 0
-0.140091 , -0.998886 , 0
-0.123219 , -1.00112 , 0
-0.106311 , -1.00308 , 0
-0.0893726 , -1.00474 , 0
-0.0724087 , -1.00611 , 0
-0.055424 , -1.0072 , 0
-0.0384233 , -1.008 , 0
-0.0214117 , -1.0085 , 0
-0.0043939 , -1.00872 , 0
0.0126252 , -1.00865 , 0
0.0296406 , -1.00829 , 0
0.0466475 , -1.00764 , 0
0.063641 , -1.0067 , 0
0.0806163 , -1.00547 , 0
0.0975684 , -1.00395 , 0
0.114492 , -1.00214 , 0
0.131384 , -1.00005 , 0
0.148237 , -0.997666 , 0
0.165048 , -0.994998 , 0
0.181812 , -0.992044 , 0
0.198523 , -0.988805 , 0
0.215177 , -0.985282 , 0
0.231769 , -0.981476 , 0
0.248295 , -0.977388 , 0
0.26475 , -0.973019 , 0
0.281128 , -0.968371 , 0
0.297426 , -0.963444 , 0
0.313638 , -0.95824 , 0
0.329759 , -0.95276 , 0
0.345787 , -0.947007 , 0
0.361714 , -0.940981 , 0
0.377538 , -0.934685 , 0
0.393253 , -0.928119 , 0
0.408854 , -0.921287 , 0
0.424338 , -0.914189 , 0
0.4397 , -0.906828 , 0
0.454936 , -0.899206 , 0
0.47004 , -0.891326 , 0
0.485009 , -0.883188 , 0
0.499838 , -0.874796 , 0
0.514523 , -0.866152 , 0
0.52906 , -0.857258 , 0
0.543445 , -0.848117 , 0
0.557672 , -0.838732 , 0
0.571739 , -0.829105 , 0
0.585641 , -0.819238 , 0
0.599374 , -0.809135 , 0
0.612933 , -0.798799 , 0
0.626316 , -0.788231 , 0
0.639518 , -0.777437 , 0
0.652536 , -0.766417 , 0
0.665364 , -0.755176 , 0
0.678001 , -0.743717 , 0
0.690441 , -0.732043 , 0
0.702681 , -0.720157 , 0
0.714719 , -0.708063 , 0
0.726549 , -0.695764 , 0
0.738169 , -0.683263 , 0
0.749576 , -0.670564 , 0
0.760765 , -0.657672 , 0
0.771734 , -0.644588 , 0
0.782479 , -0.631318 , 0
0.792997 , -0.617865 , 0
0.803285 , -0.604232 , 0
0.81334 , -0.590425 , 0
0.823159 , -0.576445 , 0
0.832739 , -0.562299 , 0
0.842076 , -0.547989 , 0
0.85117 , -0.53352 , 0
0.860015 , -0.518895 , 0
0.868611 , -0.50412 , 0
0.876954 , -0.489198 , 0
0.885042 , -0.474134 , 0
0.892872 , -0.458931 , 0
0.900442 , -0.443595 , 0
0.907749 , -0.42813 , 0
0.914792 , -0.41254 , 0
0.921568 , -0.39683 , 0
0.928075 , -0.381003 , 0
0.934312 , -0.365066 , 0
0.940275 , -0.349022 , 0
0.945964 , -0.332876 , 0
0.951377 , -0.316633 , 0
0.956511 , -0.300297 , 0
0.961366 , -0.283873 , 0
0.965939 , -0.267367 , 0
0.970229 , -0.250782 , 0
0.974236 , -0.234123 , 0
0.977957 , -0.217397 , 0
0.981391 , -0.200606 , 0
0.984538 , -0.183756 , 0
0.987395 , -0.166853 , 0
0.989963 , -0.149901 , 0
0.992241 , -0.132904 , 0
0.994226 , -0.115869 , 0
0.99592 , -0.0987992 , 0
0.997321 , -0.0817007 , 0
0.998428 , -0.0645781 , 0
0.999242 , -0.0474366 , 0
0.999762 , -0.030281 , 0
