x , y , z
1 , 0 , 0
0.999705 , 0.00858359 , 0
0.999116 , 0.0171646 , 0
0.998231 , 0.0257406 , 0
0.997051 , 0.034309 , 0
0.995575 , 0.0428672 , 0
0.993802 , 0.0514126 , 0
0.991733 , 0.0599426 , 0
0.989365 , 0.0684547 , 0
0.986698 , 0.076946 , 0
0.983731 , 0.085414 , 0
0.980463 , 0.0938558 , 0
0.976893 , 0.102269 , 0
0.973019 , 0.11065 , 0
0.96884 , 0.118996 , 0
0.964353 , 0.127305 , 0
0.959558 , 0.135572 , 0
0.954452 , 0.143796 , 0
0.949034 , 0.151973 , 0
0.9433 , 0.1601 , 0
0.937249 , 0.168172 , 0
0.930878 , 0.176187 , 0
0.924184 , 0.184141 , 0
0.917165 , 0.192031 , 0
0.909817 , 0.199851 , 0
0.902138 , 0.207599 , 0
0.894123 , 0.215269 , 0
0.88577 , 0.222858 , 0
0.877074 , 0.23036 , 0
0.868032 , 0.237772 , 0
0.858638 , 0.245088 , 0
0.848889 , 0.252302 , 0
0.83878 , 0.259409 , 0
0.828306 , 0.266403 , 0
0.817461 , 0.273278 , 0
0.80624 , 0.280027 , 0
0.794637 , 0.286643 , 0
0.782645 , 0.293119 , 0
0.770258 , 0.299447 , 0
0.757469 , 0.305619 , 0
0.74427 , 0.311626 , 0
0.730654 , 0.317457 , 0
0.716612 , 0.323104 , 0
0.702134 , 0.328555 , 0
0.687213 , 0.333798 , 0
0.671838 , 0.33882 , 0
0.655998 , 0.343608 , 0
0.639681 , 0.348146 , 0
0.622877 , 0.352419 , 0
0.605572 , 0.356408 , 0
0.587753 , 0.360095 , 0
0.569404 , 0.363458 , 0
0.550511 , 0.366473 , 0
0.531058 , 0.369115 , 0
0.511025 , 0.371354 , 0
0.490396 , 0.37316 , 0
0.469148 , 0.374495 , 0
0.447262 , 0.375321 , 0
0.424713 , 0.37559 , 0
0.401477 , 0.375252 , 0
0.377529 , 0.374248 , 0
0.35284 , 0.37251 , 0
0.327381 , 0.369959 , 0
0.301122 , 0.366503 , 0
0.274031 , 0.362036 , 0
0.246077 , 0.356428 , 0
0.217231 , 0.349528 , 0
0.187467 , 0.34115 , 0
0.156765 , 0.331067 , 0
0.125124 , 0.319 , 0
0.0925663 , 0.304595 , 0
0.059163 , 0.287409 , 0
0.0250696 , 0.26687 , 0
-0.00940747 , 0.242246 , 0
-0.0436899 , 0.212613 , 0
-0.0767133 , 0.176852 , 0
-0.106581 , 0.133815 , 0
-0.130174 , 0.082901 , 0
-0.143331 , 0.0253406 , 0
-0.142789 , -0.0346416 , 0
-0.128982 , -0.0914053 , 0
-0.105552 , -0.141351 , 0
-0.0764567 , -0.183708 , 0
-0.0445013 , -0.219194 , 0
-0.0113738 , -0.248906 , 0
0.0219705 , -0.273876 , 0
0.0550025 , -0.294955 , 0
0.0874345 , -0.312816 , 0
0.119114 , -0.327986 , 0
0.149968 , -0.340881 , 0
0.179966 , -0.351831 , 0
0.209105 , -0.361101 , 0
0.237395 , -0.368906 , 0
0.264857 , -0.375424 , 0
0.291514 , -0.380801 , 0
0.317392 , -0.38516 , 0
0.342518 , -0.388606 , 0
0.366917 , -0.391228 , 0
0.390615 , -0.393103 , 0
0.413638 , -0.394298 , 0
0.436007 , -0.394869 , 0
0.457744 , -0.394869 , 0
0.478871 , -0.394342 , 0
0.499407 , -0.393328 , 0
0.51937 , -0.391863 , 0
0.538777 , -0.389979 , 0
0.557645 , -0.387704 , 0
0.575988 , -0.385065 , 0
0.59382 , -0.382084 , 0
0.611156 , -0.378783 , 0
0.628006 , -0.375182 , 0
0.644385 , -0.371299 , 0
0.660301 , -0.367149 , 0
0.675766 , -0.362749 , 0
0.69079 , -0.358112 , 0
0.705382 , -0.35325 , 0
0.71955 , -0.348177 , 0
0.733303 , -0.342903 , 0
0.746649 , -0.337438 , 0
0.759594 , -0.331793 , 0
0.772147 , -0.325975 , 0
0.784313 , -0.319995 , 0
0.796098 , -0.313859 , 0
0.80751 , -0.307576 , 0
0.818552 , -0.301152 , 0
0.829231 , -0.294595 , 0
0.839552 , -0.28791 , 0
0.849518 , -0.281104 , 0
0.859135 , -0.274182 , 0
0.868407 , -0.26715 , 0
0.877337 , -0.260013 , 0
0.88593 , -0.252776 , 0
0.894189 , -0.245444 , 0
0.902118 , -0.238021 , 0
0.909719 , -0.230512 , 0
0.916996 , -0.22292 , 0
0.923952 , -0.21525 , 0
0.930588 , -0.207506 , 0
0.936908 , -0.199692 , 0
0.942914 , -0.19181 , 0
0.948608 , -0.183865 , 0
0.953992 , -0.17586 , 0
0.959068 , -0.167798 , 0
0.963838 , -0.159683 , 0
0.968303 , -0.151517 , 0
0.972465 , -0.143304 , 0
0.976326 , -0.135046 , 0
0.979886 , -0.126747 , 0
0.983146 , -0.118409 , 0
0.986108 , -0.110035 , 0
0.988773 , -0.101628 , 0
0.991141 , -0.0931899 , 0
0.993213 , -0.0847244 , 0
0.994989 , -0.0762337 , 0
0.99647 , -0.0677204 , 0
0.997656 , -0.059187 , 0
0.998548 , -0.0506362 , 0
0.999146 , -0.0420704 , 0
0.999449 , -0.0334922 , 0
0.999457 , -0.0249042 , 0
0.999171 , -0.0163088 , 0
0.99859 , -0.00770862 , 0
0.997713 , 0.000893858 , 0
0.99654 , 0.00949607 , 0
0.99507 , 0.0180955 , 0
0.993303 , 0.0266894 , 0
0.991238 , 0.0352754 , 0
0.988873 , 0.0438507 , 0
0.986207 , 0.0524127 , 0
0.98324 , 0.0609586 , 0
0.97997 , 0.0694858 , 0
0.976395 , 0.0779913 , 0
0.972514 , 0.0864724 , 0
0.968325 , 0.0949261 , 0
0.963826 , 0.103349 , 0
0.959016 , 0.111739 , 0
0.953891 , 0.120093 , 0
0.94845 , 0.128406 , 0
0.94269 , 0.136677 , 0
0.936609 , 0.1449 , 0
0.930204 , 0.153074 , 0
0.923471 , 0.161193 , 0
0.916408 , 0.169256 , 0
0.909011 , 0.177256 , 0
0.901277 , 0.185191 , 0
0.893202 , 0.193055 , 0
0.884782 , 0.200845 , 0
0.876013 , 0.208556 , 0
0.86689 , 0.216183 , 0
0.857409 , 0.22372 , 0
0.847565 , 0.231162 , 0
0.837353 , 0.238504 , 0
0.826766 , 0.24574 , 0
0.8158 , 0.252863 , 0
0.804448 , 0.259866 , 0
0.792704 , 0.266742 , 0
0.78056 , 0.273484 , 0
0.76801 , 0.280083 , 0
0.755045 , 0.286532 , 0
0.741658 , 0.29282 , 0
0.72784 , 0.298937 , 0
0.713581 , 0.304874 , 0
0.698872 , 0.310619 , 0
0.683703 , 0.316159 , 0
0.668063 , 0.321481 , 0
0.651939 , 0.326571 , 0
0.63532 , 0.331412 , 0
0.618192 , 0.335988 , 0
0.600541 , 0.340279 , 0
0.582351 , 0.344266 , 0
0.563607 , 0.347925 , 0
0.544292 , 0.351231 , 0
0.524387 , 0.354156 , 0
0.503871 , 0.356669 , 0
0.482724 , 0.358736 , 0
0.460924 , 0.360316 , 0
0.438445 , 0.361366 , 0
0.415261 , 0.361836 , 0
0.391346 , 0.361667 , 0
0.366667 , 0.360794 , 0
0.341195 , 0.35914 , 0
0.314896 , 0.356615 , 0
0.287735 , 0.353114 , 0
0.259677 , 0.348512 , 0
0.230687 , 0.342659 , 0
0.200732 , 0.335373 , 0
0.169786 , 0.326432 , 0
0.137835 , 0.315559 , 0
0.10489 , 0.302409 , 0
0.0710025 , 0.286541 , 0
0.0363014 , 0.267391 , 0
0.00105576 , 0.24423 , 0
-0.0342112 , 0.216128 , 0
-0.0685159 , 0.181947 , 0
-0.100073 , 0.14047 , 0
-0.125881 , 0.0909234 , 0
-0.141782 , 0.0342205 , 0
-0.144216 , -0.0257329 , 0
-0.13313 , -0.0832739 , 0
-0.111911 , -0.134477 , 0
-0.0845338 , -0.178279 , 0
-0.0539127 , -0.21524 , 0
-0.0218372 , -0.246395 , 0
0.0106635 , -0.272752 , 0
0.0430097 , -0.295157 , 0
0.0748783 , -0.314284 , 0
0.106092 , -0.330664 , 0
0.13656 , -0.344718 , 0
0.166238 , -0.356778 , 0
0.195113 , -0.367114 , 0
0.223187 , -0.375944 , 0
0.250474 , -0.383449 , 0
0.276993 , -0.389777 , 0
0.302766 , -0.395055 , 0
0.327815 , -0.399388 , 0
0.352163 , -0.402869 , 0
0.375834 , -0.405574 , 0
0.39885 , -0.407572 , 0
0.421232 , -0.408923 , 0
0.443 , -0.409678 , 0
0.464174 , -0.409883 , 0
0.484772 , -0.40958 , 0
0.504811 , -0.408804 , 0
0.524307 , -0.407589 , 0
0.543276 , -0.405963 , 0
0.561731 , -0.403955 , 0
0.579687 , -0.401586 , 0
0.597155 , -0.398881 , 0
0.614149 , -0.395857 , 0
0.630678 , -0.392535 , 0
0.646754 , -0.388931 , 0
0.662386 , -0.38506 , 0
0.677585 , -0.380936 , 0
0.692358 , -0.376574 , 0
0.706714 , -0.371985 , 0
0.720662 , -0.36718 , 0
0.734208 , -0.362171 , 0
0.74736 , -0.356968 , 0
0.760124 , -0.351579 , 0
0.772507 , -0.346014 , 0
0.784514 , -0.340281 , 0
0.796152 , -0.334388 , 0
0.807425 , -0.328341 , 0
0.818339 , -0.322149 , 0
0.828898 , -0.315816 , 0
0.839108 , -0.309351 , 0
0.848971 , -0.302758 , 0
0.858493 , -0.296043 , 0
0.867677 , -0.289212 , 0
0.876527 , -0.282269 , 0
0.885046 , -0.275219 , 0
0.893237 , -0.268068 , 0
0.901104 , -0.26082 , 0
0.90865 , -0.253478 , 0
0.915876 , -0.246047 , 0
0.922785 , -0.238531 , 0
0.929381 , -0.230935 , 0
0.935665 , -0.22326 , 0
0.941639 , -0.215512 , 0
0.947305 , -0.207693 , 0
0.952665 , -0.199807 , 0
0.95772 , -0.191857 , 0
0.962473 , -0.183847 , 0
0.966924 , -0.175779 , 0
0.971075 , -0.167656 , 0
0.974927 , -0.159482 , 0
0.978481 , -0.151259 , 0
0.981738 , -0.14299 , 0
0.984698 , -0.134678 , 0
0.987363 , -0.126326 , 0
0.989733 , -0.117935 , 0
0.991808 , -0.10951 , 0
0.99359 , -0.101052 , 0
0.995077 , -0.0925645 , 0
0.99627 , -0.0840495 , 0
0.99717 , -0.0755096 , 0
0.997775 , -0.0669476 , 0
0.998087 , -0.0583657 , 0
0.998104 , -0.0497667 , 0
0.997827 , -0.041153 , 0
0.997254 , -0.0325271 , 0
0.996386 , -0.0238915 , 0
0.99522 , -0.0152489 , 0
0.993758 , -0.00660167 , 0
0.991997 , 0.00204754 , 0
0.989936 , 0.0106961 , 0
0.987575 , 0.0193415 , 0
0.984912 , 0.0279809 , 0
0.981946 , 0.0366117 , 0
0.978674 , 0.0452311 , 0
0.975096 , 0.0538364 , 0
0.971209 , 0.0624246 , 0
0.967011 , 0.0709928 , 0
0.962501 , 0.0795381 , 0
0.957677 , 0.0880574 , 0
0.952534 , 0.0965475 , 0
0.947072 , 0.105005 , 0
0.941288 , 0.113427 , 0
0.935177 , 0.12181 , 0
0.928739 , 0.13015 , 0
0.921968 , 0.138443 , 0
0.914862 , 0.146686 , 0
0.907417 , 0.154875 , 0
0.899629 , 0.163005 , 0
0.891495 , 0.171072 , 0
0.883009 , 0.179072 , 0
0.874167 , 0.187 , 0
0.864965 , 0.194851 , 0
0.855397 , 0.202619 , 0
0.845458 , 0.210299 , 0
0.835142 , 0.217886 , 0
0.824443 , 0.225373 , 0
0.813355 , 0.232753 , 0
0.801871 , 0.24002 , 0
0.789985 , 0.247166 , 0
0.777687 , 0.254184 , 0
0.764972 , 0.261066 , 0
0.751829 , 0.267801 , 0
0.73825 , 0.274381 , 0
0.724226 , 0.280796 , 0
0.709747 , 0.287034 , 0
0.694802 , 0.293084 , 0
0.679379 , 0.298932 , 0
0.663466 , 0.304565 , 0
0.647051 , 0.309967 , 0
0.63012 , 0.315122 , 0
0.612657 , 0.320011 , 0
0.594648 , 0.324615 , 0
0.576075 , 0.328911 , 0
0.55692 , 0.332874 , 0
0.537165 , 0.336479 , 0
0.516788 , 0.339694 , 0
0.495767 , 0.342486 , 0
0.474078 , 0.344817 , 0
0.451695 , 0.346643 , 0
0.428592 , 0.347916 , 0
0.404737 , 0.348579 , 0
0.3801 , 0.348568 , 0
0.354647 , 0.347808 , 0
0.32834 , 0.346212 , 0
0.301143 , 0.343677 , 0
0.273015 , 0.34008 , 0
0.243918 , 0.335275 , 0
0.213812 , 0.329084 , 0
0.182663 , 0.321287 , 0
0.150448 , 0.311616 , 0
0.117163 , 0.299727 , 0
0.082842 , 0.285189 , 0
0.0475887 , 0.267441 , 0
0.0116358 , 0.245761 , 0
-0.0245475 , 0.219218 , 0
-0.0600567 , 0.186656 , 0
-0.0932182 , 0.146797 , 0
-0.121155 , 0.098711 , 0
-0.139737 , 0.0430025 , 0
-0.145141 , -0.0167612 , 0
-0.136831 , -0.0749412 , 0
-0.1179 , -0.127304 , 0
-0.0923178 , -0.172486 , 0
-0.0631022 , -0.210878 , 0
-0.0321428 , -0.243443 , 0
-0.000543686 , -0.271163 , 0
0.0310635 , -0.294875 , 0
0.0623195 , -0.315252 , 0
0.093022 , -0.33283 , 0
0.12306 , -0.348032 , 0
0.152378 , -0.361194 , 0
0.18095 , -0.37259 , 0
0.208771 , -0.382441 , 0
0.235849 , -0.390928 , 0
0.262196 , -0.398206 , 0
0.28783 , -0.4044 , 0
0.312771 , -0.40962 , 0
0.337039 , -0.413958 , 0
0.360653 , -0.417494 , 0
0.383634 , -0.420298 , 0
0.406002 , -0.422429 , 0
0.427775 , -0.423941 , 0
0.448971 , -0.424881 , 0
0.469607 , -0.425291 , 0
0.489698 , -0.425208 , 0
0.509261 , -0.424666 , 0
0.528308 , -0.423695 , 0
0.546855 , -0.422321 , 0
0.564912 , -0.420571 , 0
0.582494 , -0.418465 , 0
0.599609 , -0.416025 , 0
0.616271 , -0.41327 , 0
0.632487 , -0.410216 , 0
0.648269 , -0.406881 , 0
0.663624 , -0.403278 , 0
0.678562 , -0.399421 , 0
0.69309 , -0.395323 , 0
0.707216 , -0.390996 , 0
0.720947 , -0.38645 , 0
0.73429 , -0.381696 , 0
0.747251 , -0.376744 , 0
0.759837 , -0.371602 , 0
0.772052 , -0.36628 , 0
0.783903 , -0.360784 , 0
0.795394 , -0.355123 , 0
0.80653 , -0.349303 , 0
0.817317 , -0.343332 , 0
0.827757 , -0.337216 , 0
0.837856 , -0.330961 , 0
0.847618 , -0.324572 , 0
0.857045 , -0.318055 , 0
0.866141 , -0.311415 , 0
0.874911 , -0.304658 , 0
0.883355 , -0.297788 , 0
0.891479 , -0.290809 , 0
0.899284 , -0.283727 , 0
0.906773 , -0.276545 , 0
0.913948 , -0.269267 , 0
0.920812 , -0.261897 , 0
0.927366 , -0.25444 , 0
0.933613 , -0.246898 , 0
0.939555 , -0.239275 , 0
0.945193 , -0.231575 , 0
0.950528 , -0.223801 , 0
0.955563 , -0.215956 , 0
0.960298 , -0.208044 , 0
0.964735 , -0.200066 , 0
0.968874 , -0.192027 , 0
0.972718 , -0.18393 , 0
0.976265 , -0.175776 , 0
0.979518 , -0.16757 , 0
0.982477 , -0.159313 , 0
0.985142 , -0.151008 , 0
0.987514 , -0.142659 , 0
0.989593 , -0.134267 , 0
0.991379 , -0.125836 , 0
0.992873 , -0.117367 , 0
0.994073 , -0.108864 , 0
0.994981 , -0.100328 , 0
0.995595 , -0.0917633 , 0
0.995916 , -0.0831713 , 0
0.995943 , -0.0745548 , 0
0.995675 , -0.0659162 , 0
0.995112 , -0.057258 , 0
0.994252 , -0.0485828 , 0
0.993096 , -0.0398931 , 0
0.991641 , -0.0311914 , 0
0.989888 , -0.0224803 , 0
0.987833 , -0.0137624 , 0
0.985477 , -0.00504024 , 0
0.982817 , 0.00368344 , 0
0.979852 , 0.012406 , 0
0.976581 , 0.0211246 , 0
0.973 , 0.0298366 , 0
0.969109 , 0.0385391 , 0
0.964905 , 0.0472291 , 0
0.960385 , 0.0559036 , 0
0.955547 , 0.0645597 , 0
0.950389 , 0.0731941 , 0
0.944907 , 0.0818036 , 0
0.939099 , 0.0903848 , 0
0.932961 , 0.0989343 , 0
0.926491 , 0.107448 , 0
0.919684 , 0.115924 , 0
0.912536 , 0.124356 , 0
0.905044 , 0.132741 , 0
0.897204 , 0.141076 , 0
0.889011 , 0.149354 , 0
0.88046 , 0.157573 , 0
0.871547 , 0.165727 , 0
0.862266 , 0.173811 , 0
0.852611 , 0.181819 , 0
0.842577 , 0.189747 , 0
0.832158 , 0.197588 , 0
0.821346 , 0.205336 , 0
0.810136 , 0.212984 , 0
0.79852 , 0.220525 , 0
0.786489 , 0.227952 , 0
0.774037 , 0.235257 , 0
0.761153 , 0.24243 , 0
0.74783 , 0.249464 , 0
0.734057 , 0.256347 , 0
0.719823 , 0.26307 , 0
0.705119 , 0.26962 , 0
0.689931 , 0.275986 , 0
0.674247 , 0.282154 , 0
0.658055 , 0.288108 , 0
0.64134 , 0.293834 , 0
0.624086 , 0.299313 , 0
0.606277 , 0.304526 , 0
0.587897 , 0.309451 , 0
0.568925 , 0.314066 , 0
0.549343 , 0.318343 , 0
0.529128 , 0.322254 , 0
0.508257 , 0.325765 , 0
0.486706 , 0.32884 , 0
0.464447 , 0.331437 , 0
0.44145 , 0.333508 , 0
0.417686 , 0.334998 , 0
0.39312 , 0.335845 , 0
0.367715 , 0.335977 , 0
0.341434 , 0.335307 , 0
0.314234 , 0.333735 , 0
0.286073 , 0.331142 , 0
0.256906 , 0.327385 , 0
0.226688 , 0.322288 , 0
0.195378 , 0.31564 , 0
0.162943 , 0.307172 , 0
0.129365 , 0.296552 , 0
0.0946615 , 0.28335 , 0
0.0589117 , 0.267017 , 0
0.0223127 , 0.246835 , 0
-0.0147183 , 0.221874 , 0
-0.0513547 , 0.190966 , 0
-0.086034 , 0.15278 , 0
-0.11601 , 0.106241 , 0
-0.137202 , 0.051659 , 0
-0.145562 , -0.0077549 , 0
-0.140072 , -0.0664309 , 0
-0.123502 , -0.119852 , 0
-0.0997914 , -0.166344 , 0
-0.0720514 , -0.206119 , 0
-0.0422717 , -0.240059 , 0
-0.0116318 , -0.269114 , 0
0.0191835 , -0.294111 , 0
0.049778 , -0.315722 , 0
0.0799232 , -0.334484 , 0
0.109489 , -0.350822 , 0
0.138405 , -0.365077 , 0
0.166636 , -0.377525 , 0
0.194168 , -0.388389 , 0
0.221001 , -0.397855 , 0
0.247143 , -0.406078 , 0
0.272607 , -0.413186 , 0
0.297408 , -0.41929 , 0
0.321565 , -0.424485 , 0
0.345094 , -0.428851 , 0
0.368013 , -0.43246 , 0
0.390339 , -0.435372 , 0
0.412091 , -0.437643 , 0
0.433283 , -0.43932 , 0
0.453932 , -0.440446 , 0
0.474052 , -0.441059 , 0
0.493657 , -0.441193 , 0
0.512761 , -0.440879 , 0
0.531377 , -0.440145 , 0
0.549515 , -0.439016 , 0
0.567189 , -0.437515 , 0
0.584407 , -0.435663 , 0
0.601181 , -0.43348 , 0
0.617519 , -0.430983 , 0
0.633432 , -0.428189 , 0
0.648927 , -0.425112 , 0
0.664012 , -0.421767 , 0
0.678695 , -0.418166 , 0
0.692983 , -0.414323 , 0
0.706883 , -0.410247 , 0
0.720402 , -0.40595 , 0
0.733545 , -0.401441 , 0
0.746319 , -0.39673 , 0
0.758728 , -0.391825 , 0
0.770778 , -0.386735 , 0
0.782474 , -0.381467 , 0
0.79382 , -0.376029 , 0
0.804821 , -0.370427 , 0
0.815481 , -0.364668 , 0
0.825804 , -0.358758 , 0
0.835794 , -0.352704 , 0
0.845453 , -0.34651 , 0
0.854786 , -0.340183 , 0
0.863795 , -0.333726 , 0
0.872484 , -0.327146 , 0
0.880855 , -0.320447 , 0
0.888911 , -0.313633 , 0
0.896654 , -0.306709 , 0
0.904086 , -0.299678 , 0
0.91121 , -0.292545 , 0
0.918028 , -0.285314 , 0
0.924541 , -0.277988 , 0
0.930751 , -0.270571 , 0
0.93666 , -0.263067 , 0
0.94227 , -0.255478 , 0
0.947581 , -0.247809 , 0
0.952594 , -0.240062 , 0
0.957312 , -0.23224 , 0
0.961735 , -0.224346 , 0
0.965863 , -0.216384 , 0
0.969697 , -0.208356 , 0
0.973239 , -0.200265 , 0
0.976488 , -0.192114 , 0
0.979446 , -0.183906 , 0
0.982112 , -0.175643 , 0
0.984486 , -0.167328 , 0
0.986569 , -0.158963 , 0
0.98836 , -0.150551 , 0
0.989861 , -0.142095 , 0
0.991069 , -0.133597 , 0
0.991985 , -0.125059 , 0
0.992609 , -0.116485 , 0
0.99294 , -0.107876 , 0
0.992977 , -0.0992357 , 0
0.992719 , -0.0905657 , 0
0.992167 , -0.0818687 , 0
0.991318 , -0.0731473 , 0
0.990171 , -0.0644039 , 0
0.988726 , -0.0556411 , 0
0.98698 , -0.0468615 , 0
0.984934 , -0.0380675 , 0
0.982584 , -0.0292617 , 0
0.979929 , -0.0204469 , 0
0.976967 , -0.0116258 , 0
0.973697 , -0.00280089 , 0
0.970116 , 0.00602487 , 0
0.966222 , 0.0148487 , 0
0.962012 , 0.0236676 , 0
0.957484 , 0.0324788 , 0
0.952635 , 0.041279 , 0
0.947463 , 0.0500653 , 0
0.941963 , 0.0588342 , 0
0.936133 , 0.0675825 , 0
0.92997 , 0.0763068 , 0
0.923469 , 0.0850033 , 0
0.916627 , 0.0936684 , 0
0.90944 , 0.102298 , 0
0.901903 , 0.110889 , 0
0.894011 , 0.119436 , 0
0.885761 , 0.127935 , 0
0.877146 , 0.136381 , 0
0.868162 , 0.14477 , 0
0.858803 , 0.153096 , 0
0.849062 , 0.161355 , 0
0.838934 , 0.16954 , 0
0.828411 , 0.177645 , 0
0.817487 , 0.185664 , 0
0.806154 , 0.19359 , 0
0.794404 , 0.201416 , 0
0.782229 , 0.209134 , 0
0.769619 , 0.216736 , 0
0.756566 , 0.224213 , 0
0.743059 , 0.231555 , 0
0.729087 , 0.238753 , 0
0.71464 , 0.245795 , 0
0.699705 , 0.252669 , 0
0.684268 , 0.259363 , 0
0.668317 , 0.265861 , 0
0.651837 , 0.272148 , 0
0.634812 , 0.278208 , 0
0.617225 , 0.284022 , 0
0.599058 , 0.289569 , 0
0.580291 , 0.294827 , 0
0.560905 , 0.299769 , 0
0.540875 , 0.304367 , 0
0.520179 , 0.308591 , 0
0.49879 , 0.312403 , 0
0.47668 , 0.315764 , 0
0.453819 , 0.318627 , 0
0.430173 , 0.320939 , 0
0.405707 , 0.32264 , 0
0.380383 , 0.323658 , 0
0.354158 , 0.32391 , 0
0.32699 , 0.323298 , 0
0.29883 , 0.321707 , 0
0.269631 , 0.318996 , 0
0.23934 , 0.314994 , 0
0.207911 , 0.309494 , 0
0.175299 , 0.302233 , 0
0.141476 , 0.292884 , 0
0.106441 , 0.281027 , 0
0.0702502 , 0.266117 , 0
0.0330666 , 0.247447 , 0
-0.0047434 , 0.224089 , 0
-0.0424293 , 0.194866 , 0
-0.0785386 , 0.158403 , 0
-0.11046 , 0.113493 , 0
-0.134186 , 0.0601631 , 0
-0.145477 , 0.0012578 , 0
-0.142845 , -0.0577679 , 0
-0.128704 , -0.11214 , 0
-0.106938 , -0.159868 , 0
-0.0807427 , -0.200974 , 0
-0.0522053 , -0.23625 , 0
-0.0225817 , -0.266611 , 0
0.00738942 , -0.29287 , 0
0.0372739 , -0.315696 , 0
0.0668164 , -0.335626 , 0
0.0958676 , -0.353087 , 0
0.124342 , -0.368424 , 0
0.152193 , -0.381914 , 0
0.179398 , -0.393785 , 0
0.205951 , -0.404223 , 0
0.231854 , -0.413385 , 0
0.257115 , -0.421403 , 0
0.281747 , -0.428389 , 0
0.305762 , -0.434438 , 0
0.329176 , -0.439633 , 0
0.352005 , -0.444046 , 0
0.374263 , -0.44774 , 0
0.395967 , -0.450769 , 0
0.41713 , -0.453184 , 0
0.437767 , -0.455027 , 0
0.457892 , -0.456338 , 0
0.477517 , -0.45715 , 0
0.496655 , -0.457496 , 0
0.515317 , -0.457405 , 0
0.533515 , -0.456901 , 0
0.55126 , -0.456009 , 0
0.568561 , -0.454749 , 0
0.585428 , -0.453143 , 0
0.601869 , -0.451207 , 0
0.617894 , -0.448959 , 0
0.63351 , -0.446414 , 0
0.648725 , -0.443586 , 0
0.663546 , -0.440489 , 0
0.67798 , -0.437135 , 0
0.692033 , -0.433535 , 0
0.705712 , -0.429701 , 0
0.719022 , -0.425642 , 0
0.731969 , -0.421369 , 0
0.744558 , -0.416889 , 0
0.756794 , -0.412212 , 0
0.768681 , -0.407344 , 0
0.780224 , -0.402295 , 0
0.791427 , -0.39707 , 0
0.802294 , -0.391676 , 0
0.812829 , -0.38612 , 0
0.823035 , -0.380409 , 0
0.832916 , -0.374546 , 0
0.842475 , -0.368539 , 0
0.851714 , -0.362392 , 0
0.860637 , -0.356111 , 0
0.869245 , -0.349699 , 0
0.877543 , -0.343162 , 0
0.885531 , -0.336505 , 0
0.893212 , -0.329731 , 0
0.900588 , -0.322844 , 0
0.907661 , -0.315848 , 0
0.914433 , -0.308748 , 0
0.920905 , -0.301546 , 0
0.927078 , -0.294247 , 0
0.932955 , -0.286853 , 0
0.938536 , -0.279369 , 0
0.943823 , -0.271797 , 0
0.948816 , -0.26414 , 0
0.953516 , -0.256402 , 0
0.957924 , -0.248585 , 0
0.962041 , -0.240693 , 0
0.965868 , -0.232728 , 0
0.969404 , -0.224693 , 0
0.97265 , -0.216591 , 0
0.975607 , -0.208425 , 0
0.978273 , -0.200196 , 0
0.980651 , -0.191908 , 0
0.982738 , -0.183564 , 0
0.984536 , -0.175166 , 0
0.986044 , -0.166715 , 0
0.987261 , -0.158216 , 0
0.988187 , -0.14967 , 0
0.988821 , -0.14108 , 0
0.989163 , -0.132448 , 0
0.989212 , -0.123777 , 0
0.988966 , -0.115069 , 0
0.988425 , -0.106327 , 0
0.987587 , -0.0975525 , 0
0.986452 , -0.0887489 , 0
0.985018 , -0.0799184 , 0
0.983282 , -0.0710635 , 0
0.981245 , -0.0621867 , 0
0.978903 , -0.0532906 , 0
0.976254 , -0.0443779 , 0
0.973298 , -0.0354511 , 0
0.970031 , -0.026513 , 0
0.966451 , -0.0175664 , 0
0.962556 , -0.00861407 , 0
0.958343 , 0.000341124 , 0
0.953809 , 0.00929621 , 0
0.948951 , 0.0182481 , 0
0.943766 , 0.0271938 , 0
0.93825 , 0.0361299 , 0
0.932401 , 0.0450531 , 0
0.926214 , 0.0539601 , 0
0.919684 , 0.0628471 , 0
0.912809 , 0.0717104 , 0
0.905584 , 0.0805463 , 0
0.898003 , 0.0893505 , 0
0.890062 , 0.0981189 , 0
0.881756 , 0.106847 , 0
0.873079 , 0.11553 , 0
0.864025 , 0.124164 , 0
0.854588 , 0.132742 , 0
0.844762 , 0.14126 , 0
0.83454 , 0.149711 , 0
0.823914 , 0.158091 , 0
0.812877 , 0.166391 , 0
0.801421 , 0.174605 , 0
0.789537 , 0.182727 , 0
0.777215 , 0.190747 , 0
0.764447 , 0.198657 , 0
0.751221 , 0.206449 , 0
0.737527 , 0.214111 , 0
0.723353 , 0.221635 , 0
0.708687 , 0.229008 , 0
0.693516 , 0.236217 , 0
0.677824 , 0.243249 , 0
0.661598 , 0.25009 , 0
0.644821 , 0.256722 , 0
0.627475 , 0.263128 , 0
0.609542 , 0.269287 , 0
0.591002 , 0.275178 , 0
0.571834 , 0.280777 , 0
0.552013 , 0.286056 , 0
0.531516 , 0.290984 , 0
0.510315 , 0.295526 , 0
0.48838 , 0.299644 , 0
0.46568 , 0.303292 , 0
0.442181 , 0.306419 , 0
0.417844 , 0.308967 , 0
0.392631 , 0.310865 , 0
0.366495 , 0.312035 , 0
0.339392 , 0.312379 , 0
0.311269 , 0.311786 , 0
0.282073 , 0.310118 , 0
0.251749 , 0.307209 , 0
0.220241 , 0.302856 , 0
0.187497 , 0.296802 , 0
0.153475 , 0.288727 , 0
0.11816 , 0.278219 , 0
0.0815843 , 0.264741 , 0
0.0438774 , 0.247593 , 0
0.00535708 , 0.225856 , 0
-0.0333001 , 0.198346 , 0
-0.070751 , 0.163651 , 0
-0.104523 , 0.120446 , 0
-0.130699 , 0.0684884 , 0
-0.144887 , 0.0102485 , 0
-0.14514 , -0.0489771 , 0
-0.133492 , -0.104187 , 0
-0.113742 , -0.153073 , 0
-0.0891588 , -0.195455 , 0
-0.0619255 , -0.232027 , 0
-0.0333745 , -0.263661 , 0
-0.00429949 , -0.291156 , 0
0.0248268 , -0.315176 , 0
0.0537216 , -0.336256 , 0
0.0822154 , -0.354827 , 0
0.110208 , -0.371233 , 0
0.137641 , -0.385756 , 0
0.164483 , -0.398623 , 0
0.190722 , -0.410026 , 0
0.216352 , -0.420122 , 0
0.241378 , -0.429044 , 0
0.265808 , -0.436907 , 0
0.289652 , -0.443807 , 0
0.312923 , -0.449828 , 0
0.335633 , -0.455044 , 0
0.357796 , -0.459518 , 0
0.379425 , -0.463306 , 0
0.400533 , -0.466458 , 0
0.421134 , -0.469019 , 0
0.441239 , -0.471028 , 0
0.46086 , -0.472521 , 0
0.480009 , -0.473529 , 0
0.498697 , -0.474082 , 0
0.516933 , -0.474207 , 0
0.534728 , -0.473926 , 0
0.552091 , -0.473263 , 0
0.569031 , -0.472236 , 0
0.585556 , -0.470866 , 0
0.601675 , -0.469168 , 0
0.617394 , -0.46716 , 0
0.632721 , -0.464854 , 0
0.647663 , -0.462266 , 0
0.662226 , -0.459407 , 0
0.676416 , -0.456289 , 0
0.690239 , -0.452924 , 0
0.703701 , -0.449321 , 0
0.716806 , -0.445492 , 0
0.72956 , -0.441443 , 0
0.741967 , -0.437185 , 0
0.754032 , -0.432725 , 0
0.765758 , -0.428071 , 0
0.777151 , -0.423231 , 0
0.788213 , -0.41821 , 0
0.798947 , -0.413016 , 0
0.809359 , -0.407654 , 0
0.819449 , -0.402131 , 0
0.829222 , -0.396452 , 0
0.838681 , -0.390623 , 0
0.847827 , -0.384648 , 0
0.856664 , -0.378533 , 0
0.865193 , -0.372282 , 0
0.873417 , -0.3659 , 0
0.881338 , -0.359391 , 0
0.888958 , -0.352759 , 0
0.896278 , -0.346008 , 0
0.903301 , -0.339142 , 0
0.910027 , -0.332165 , 0
0.916458 , -0.32508 , 0
0.922596 , -0.317891 , 0
0.92844 , -0.310601 , 0
0.933993 , -0.303214 , 0
0.939256 , -0.295732 , 0
0.944229 , -0.288159 , 0
0.948912 , -0.280497 , 0
0.953307 , -0.272751 , 0
0.957413 , -0.264922 , 0
0.961232 , -0.257013 , 0
0.964763 , -0.249027 , 0
0.968007 , -0.240968 , 0
0.970963 , -0.232836 , 0
0.973632 , -0.224636 , 0
0.976013 , -0.216369 , 0
0.978106 , -0.208039 , 0
0.979911 , -0.199647 , 0
0.981427 , -0.191196 , 0
0.982654 , -0.182689 , 0
0.983591 , -0.174128 , 0
0.984237 , -0.165516 , 0
0.984592 , -0.156854 , 0
0.984653 , -0.148146 , 0
0.984421 , -0.139394 , 0
0.983893 , -0.1306 , 0
0.983069 , -0.121766 , 0
0.981947 , -0.112896 , 0
0.980525 , -0.103991 , 0
0.978801 , -0.0950542 , 0
0.976775 , -0.0860879 , 0
0.974443 , -0.0770947 , 0
0.971803 , -0.0680771 , 0
0.968854 , -0.0590379 , 0
0.965592 , -0.0499796 , 0
0.962016 , -0.040905 , 0
0.958122 , -0.031817 , 0
0.953908 , -0.0227183 , 0
0.949369 , -0.0136118 , 0
0.944505 , -0.00450073 , 0
0.939309 , 0.00461195 , 0
0.93378 , 0.013723 , 0
0.927913 , 0.0228291 , 0
0.921704 , 0.0319267 , 0
0.915148 , 0.0410124 , 0
0.908242 , 0.0500823 , 0
0.90098 , 0.0591327 , 0
0.893357 , 0.0681593 , 0
0.885369 , 0.0771581 , 0
0.877008 , 0.0861244 , 0
0.86827 , 0.0950536 , 0
0.859148 , 0.103941 , 0
0.849635 , 0.112781 , 0
0.839725 , 0.121568 , 0
0.829409 , 0.130296 , 0
0.818681 , 0.13896 , 0
0.807531 , 0.147552 , 0
0.79595 , 0.156066 , 0
0.783931 , 0.164493 , 0
0.771461 , 0.172826 , 0
0.758532 , 0.181056 , 0
0.745131 , 0.189173 , 0
0.731247 , 0.197168 , 0
0.716867 , 0.205029 , 0
0.701977 , 0.212744 , 0
0.686562 , 0.2203 , 0
0.670609 , 0.227683 , 0
0.654098 , 0.234877 , 0
0.637014 , 0.241865 , 0
0.619336 , 0.248628 , 0
0.601044 , 0.255144 , 0
0.582115 , 0.26139 , 0
0.562527 , 0.26734 , 0
0.542252 , 0.272963 , 0
0.521263 , 0.278227 , 0
0.499529 , 0.283093 , 0
0.477018 , 0.287519 , 0
0.453692 , 0.291454 , 0
0.429515 , 0.294842 , 0
0.404442 , 0.297614 , 0
0.378427 , 0.299695 , 0
0.351421 , 0.30099 , 0
0.32337 , 0.301389 , 0
0.294215 , 0.30076 , 0
0.263896 , 0.298941 , 0
0.23235 , 0.295733 , 0
0.199517 , 0.290886 , 0
0.165345 , 0.284086 , 0
0.1298 , 0.274928 , 0
0.092894 , 0.262887 , 0
0.054725 , 0.247272 , 0
0.0155631 , 0.22717 , 0
-0.0239874 , 0.201398 , 0
-0.0626905 , 0.168511 , 0
-0.0982148 , 0.12708 , 0
-0.126753 , 0.0766095 , 0
-0.143792 , 0.019189 , 0
-0.14695 , -0.0400841 , 0
-0.137853 , -0.0960143 , 0
-0.120188 , -0.145976 , 0
-0.0972829 , -0.189575 , 0
-0.0714146 , -0.227399 , 0
-0.0439918 , -0.260273 , 0
-0.0158642 , -0.288976 , 0
0.0124563 , -0.314167 , 0
0.0406587 , -0.336378 , 0
0.0685531 , -0.356041 , 0
0.0960236 , -0.373503 , 0
0.123001 , -0.389046 , 0
0.149444 , -0.4029 , 0
0.175333 , -0.415259 , 0
0.200657 , -0.426281 , 0
0.225416 , -0.436101 , 0
0.249613 , -0.444836 , 0
0.273256 , -0.452583 , 0
0.296354 , -0.459427 , 0
0.318918 , -0.465442 , 0
0.340958 , -0.470694 , 0
0.362486 , -0.475239 , 0
0.383514 , -0.479128 , 0
0.404054 , -0.482407 , 0
0.424115 , -0.485115 , 0
0.443709 , -0.487288 , 0
0.462846 , -0.48896 , 0
0.481537 , -0.49016 , 0
0.49979 , -0.490914 , 0
0.517614 , -0.491247 , 0
0.535019 , -0.491183 , 0
0.552012 , -0.49074 , 0
0.568601 , -0.489938 , 0
0.584794 , -0.488795 , 0
0.600598 , -0.487327 , 0
0.61602 , -0.485548 , 0
0.631065 , -0.483473 , 0
0.64574 , -0.481114 , 0
0.66005 , -0.478483 , 0
0.674001 , -0.475592 , 0
0.687599 , -0.472452 , 0
0.700848 , -0.469071 , 0
0.713752 , -0.465461 , 0
0.726316 , -0.461628 , 0
0.738544 , -0.457582 , 0
0.750441 , -0.453331 , 0
0.762009 , -0.448881 , 0
0.773253 , -0.44424 , 0
0.784175 , -0.439414 , 0
0.794779 , -0.43441 , 0
0.805068 , -0.429234 , 0
0.815045 , -0.423891 , 0
0.824712 , -0.418387 , 0
0.834071 , -0.412727 , 0
0.843125 , -0.406917 , 0
0.851877 , -0.40096 , 0
0.860328 , -0.394861 , 0
0.868479 , -0.388625 , 0
0.876334 , -0.382257 , 0
0.883893 , -0.375759 , 0
0.891158 , -0.369137 , 0
0.898131 , -0.362393 , 0
0.904812 , -0.355532 , 0
0.911203 , -0.348556 , 0
0.917304 , -0.34147 , 0
0.923118 , -0.334277 , 0
0.928644 , -0.326979 , 0
0.933883 , -0.319581 , 0
0.938836 , -0.312084 , 0
0.943503 , -0.304493 , 0
0.947885 , -0.29681 , 0
0.951982 , -0.289037 , 0
0.955793 , -0.281178 , 0
0.95932 , -0.273235 , 0
0.962563 , -0.265211 , 0
0.96552 , -0.257108 , 0
0.968192 , -0.248929 , 0
0.970578 , -0.240677 , 0
0.972678 , -0.232354 , 0
0.974492 , -0.223963 , 0
0.976018 , -0.215505 , 0
0.977256 , -0.206984 , 0
0.978205 , -0.198402 , 0
0.978865 , -0.189761 , 0
0.979233 , -0.181063 , 0
0.979309 , -0.172312 , 0
0.979092 , -0.163509 , 0
0.97858 , -0.154656 , 0
0.977771 , -0.145757 , 0
0.976663 , -0.136813 , 0
0.975256 , -0.127827 , 0
0.973547 , -0.118802 , 0
0.971533 , -0.109739 , 0
0.969213 , -0.100642 , 0
0.966585 , -0.0915129 , 0
0.963645 , -0.0823543 , 0
0.960391 , -0.0731688 , 0
0.95682 , -0.0639592 , 0
0.95293 , -0.0547282 , 0
0.948717 , -0.0454786 , 0
0.944177 , -0.0362134 , 0
0.939308 , -0.0269356 , 0
0.934105 , -0.0176482 , 0
0.928564 , -0.00835441 , 0
0.922682 , 0.000942443 , 0
0.916453 , 0.0102389 , 0
0.909874 , 0.0195315 , 0
0.902939 , 0.0288165 , 0
0.895643 , 0.0380899 , 0
0.88798 , 0.0473478 , 0
0.879946 , 0.0565858 , 0
0.871533 , 0.0657994 , 0
0.862735 , 0.0749841 , 0
0.853546 , 0.0841347 , 0
0.843959 , 0.093246 , 0
0.833965 , 0.102312 , 0
0.823556 , 0.111328 , 0
0.812725 , 0.120286 , 0
0.801462 , 0.129181 , 0
0.789757 , 0.138004 , 0
0.7776 , 0.146749 , 0
0.764982 , 0.155406 , 0
0.751889 , 0.163967 , 0
0.73831 , 0.172421 , 0
0.724231 , 0.18076 , 0
0.70964 , 0.18897 , 0
0.69452 , 0.197039 , 0
0.678857 , 0.204954 , 0
0.662632 , 0.2127 , 0
0.645828 , 0.22026 , 0
0.628425 , 0.227616 , 0
0.610402 , 0.234746 , 0
0.591735 , 0.24163 , 0
0.572401 , 0.248241 , 0
0.552372 , 0.25455 , 0
0.53162 , 0.260526 , 0
0.510112 , 0.266132 , 0
0.487815 , 0.271327 , 0
0.464692 , 0.276061 , 0
0.440701 , 0.28028 , 0
0.415798 , 0.28392 , 0
0.389936 , 0.286904 , 0
0.363061 , 0.289142 , 0
0.335115 , 0.290529 , 0
0.306037 , 0.290934 , 0
0.275762 , 0.2902 , 0
0.244219 , 0.288133 , 0
0.211341 , 0.28449 , 0
0.177064 , 0.278964 , 0
0.14134 , 0.271158 , 0
0.10416 , 0.260558 , 0
0.0655895 , 0.246482 , 0
0.0258544 , 0.228028 , 0
-0.0145111 , 0.204014 , 0
-0.0543767 , 0.172972 , 0
-0.091554 , 0.133379 , 0
-0.122359 , 0.0845022 , 0
-0.142197 , 0.0280514 , 0
-0.14827 , -0.0311147 , 0
-0.141777 , -0.0876437 , 0
-0.126262 , -0.138595 , 0
-0.105099 , -0.183348 , 0
-0.0806554 , -0.222376 , 0
-0.0544157 , -0.256454 , 0
-0.027286 , -0.286336 , 0
0.000181607 , -0.312672 , 0
0.0276475 , -0.335994 , 0
0.0549007 , -0.356732 , 0
0.0818098 , -0.375234 , 0
0.108293 , -0.391783 , 0
0.134302 , -0.406613 , 0
0.159806 , -0.419917 , 0
0.184791 , -0.431857 , 0
0.20925 , -0.442568 , 0
0.233184 , -0.452168 , 0
0.256596 , -0.460756 , 0
0.279492 , -0.468418 , 0
0.301881 , -0.47523 , 0
0.323772 , -0.481256 , 0
0.345173 , -0.486556 , 0
0.366095 , -0.491181 , 0
0.386548 , -0.495176 , 0
0.406541 , -0.498582 , 0
0.426085 , -0.501436 , 0
0.445187 , -0.503772 , 0
0.463858 , -0.505619 , 0
0.482106 , -0.507004 , 0
0.499939 , -0.507954 , 0
0.517364 , -0.50849 , 0
0.534391 , -0.508633 , 0
0.551025 , -0.508403 , 0
0.567274 , -0.507817 , 0
0.583144 , -0.506893 , 0
0.598641 , -0.505644 , 0
0.613772 , -0.504086 , 0
0.628542 , -0.502231 , 0
0.642956 , -0.500093 , 0
0.657019 , -0.497681 , 0
0.670737 , -0.495007 , 0
0.684113 , -0.492082 , 0
0.697153 , -0.488914 , 0
0.70986 , -0.485513 , 0
0.722237 , -0.481887 , 0
0.73429 , -0.478044 , 0
0.746021 , -0.473992 , 0
0.757433 , -0.469737 , 0
0.768531 , -0.465287 , 0
0.779315 , -0.460647 , 0
0.789791 , -0.455825 , 0
0.799959 , -0.450825 , 0
0.809823 , -0.445654 , 0
0.819385 , -0.440317 , 0
0.828646 , -0.434818 , 0
0.83761 , -0.429163 , 0
0.846277 , -0.423356 , 0
0.85465 , -0.417402 , 0
0.862731 , -0.411305 , 0
0.87052 , -0.405069 , 0
0.878019 , -0.398698 , 0
0.88523 , -0.392197 , 0
0.892153 , -0.385567 , 0
0.89879 , -0.378815 , 0
0.905142 , -0.371941 , 0
0.911209 , -0.364951 , 0
0.916991 , -0.357847 , 0
0.922491 , -0.350633 , 0
0.927708 , -0.343311 , 0
0.932642 , -0.335884 , 0
0.937294 , -0.328356 , 0
0.941664 , -0.320729 , 0
0.945752 , -0.313006 , 0
0.949558 , -0.30519 , 0
0.953082 , -0.297283 , 0
0.956324 , -0.289288 , 0
0.959284 , -0.281208 , 0
0.96196 , -0.273045 , 0
0.964353 , -0.264801 , 0
0.966461 , -0.256479 , 0
0.968285 , -0.248081 , 0
0.969823 , -0.239611 , 0
0.971074 , -0.231069 , 0
0.972038 , -0.222459 , 0
0.972712 , -0.213783 , 0
0.973097 , -0.205043 , 0
0.973189 , -0.196242 , 0
0.972989 , -0.187381 , 0
0.972494 , -0.178464 , 0
0.971702 , -0.169492 , 0
0.970612 , -0.160469 , 0
0.969222 , -0.151395 , 0
0.967529 , -0.142275 , 0
0.965531 , -0.133109 , 0
0.963226 , -0.123902 , 0
0.960611 , -0.114654 , 0
0.957683 , -0.105369 , 0
0.954439 , -0.0960492 , 0
0.950877 , -0.0866974 , 0
0.946993 , -0.0773162 , 0
0.942784 , -0.0679085 , 0
0.938246 , -0.0584771 , 0
0.933374 , -0.049025 , 0
0.928166 , -0.0395551 , 0
0.922617 , -0.0300707 , 0
0.916722 , -0.0205751 , 0
0.910477 , -0.0110715 , 0
0.903876 , -0.00156371 , 0
0.896915 , 0.00794475 , 0
0.889587 , 0.01745 , 0
0.881887 , 0.0269479 , 0
0.873808 , 0.0364342 , 0
0.865345 , 0.0459045 , 0
0.85649 , 0.0553541 , 0
0.847235 , 0.0647778 , 0
0.837573 , 0.0741704 , 0
0.827497 , 0.0835262 , 0
0.816996 , 0.0928392 , 0
0.806062 , 0.102103 , 0
0.794686 , 0.111311 , 0
0.782856 , 0.120455 , 0
0.770561 , 0.129528 , 0
0.757791 , 0.138521 , 0
0.744532 , 0.147424 , 0
0.730772 , 0.156228 , 0
0.716495 , 0.164922 , 0
0.701687 , 0.173493 , 0
0.686331 , 0.181929 , 0
0.670411 , 0.190216 , 0
0.653906 , 0.198336 , 0
0.636798 , 0.206274 , 0
0.619064 , 0.214009 , 0
0.60068 , 0.221519 , 0
0.581622 , 0.228781 , 0
0.561862 , 0.235766 , 0
0.54137 , 0.242444 , 0
0.520114 , 0.24878 , 0
0.498057 , 0.254733 , 0
0.475163 , 0.260258 , 0
0.451387 , 0.2653 , 0
0.426685 , 0.269798 , 0
0.401005 , 0.273677 , 0
0.374293 , 0.276852 , 0
0.346487 , 0.279218 , 0
0.317523 , 0.28065 , 0
0.287329 , 0.280995 , 0
0.25583 , 0.280065 , 0
0.22295 , 0.277622 , 0
0.188615 , 0.273367 , 0
0.152762 , 0.266912 , 0
0.115361 , 0.257753 , 0
0.076451 , 0.245221 , 0
0.0362111 , 0.228425 , 0
-0.00489143 , 0.206187 , 0
-0.0458297 , 0.177022 , 0
-0.0845589 , 0.139325 , 0
-0.117531 , 0.0921429 , 0
-0.140105 , 0.0368083 , 0
-0.149096 , -0.022095 , 0
-0.145254 , -0.0790966 , 0
-0.13195 , -0.130946 , 0
-0.112592 , -0.176788 , 0
-0.0896313 , -0.216972 , 0
-0.0646286 , -0.252213 , 0
-0.0385467 , -0.283242 , 0
-0.0119784 , -0.310698 , 0
0.0147073 , -0.335108 , 0
0.0412782 , -0.3569 , 0
0.0675867 , -0.376425 , 0
0.0935392 , -0.393967 , 0
0.119076 , -0.40976 , 0
0.144162 , -0.423998 , 0
0.168775 , -0.436845 , 0
0.192903 , -0.448439 , 0
0.216542 , -0.458897 , 0
0.239693 , -0.468319 , 0
0.262359 , -0.476794 , 0
0.284546 , -0.484397 , 0
0.306259 , -0.491195 , 0
0.327507 , -0.497246 , 0
0.348298 , -0.502603 , 0
0.368639 , -0.507313 , 0
0.388541 , -0.511416 , 0
0.40801 , -0.51495 , 0
0.427055 , -0.517949 , 0
0.445684 , -0.520443 , 0
0.463904 , -0.522461 , 0
0.481724 , -0.524027 , 0
0.49915 , -0.525165 , 0
0.51619 , -0.525896 , 0
0.532849 , -0.52624 , 0
0.549134 , -0.526214 , 0
0.565052 , -0.525836 , 0
0.580607 , -0.525121 , 0
0.595806 , -0.524084 , 0
0.610653 , -0.522737 , 0
0.625154 , -0.521094 , 0
0.639313 , -0.519166 , 0
0.653135 , -0.516964 , 0
0.666623 , -0.514498 , 0
0.679783 , -0.511778 , 0
0.692617 , -0.508814 , 0
0.70513 , -0.505613 , 0
0.717325 , -0.502184 , 0
0.729205 , -0.498535 , 0
0.740773 , -0.494673 , 0
0.752032 , -0.490604 , 0
0.762985 , -0.486335 , 0
0.773635 , -0.481874 , 0
0.783983 , -0.477224 , 0
0.794032 , -0.472393 , 0
0.803785 , -0.467385 , 0
0.813243 , -0.462206 , 0
0.822409 , -0.45686 , 0
0.831283 , -0.451352 , 0
0.839868 , -0.445688 , 0
0.848164 , -0.439871 , 0
0.856174 , -0.433905 , 0
0.863899 , -0.427794 , 0
0.87134 , -0.421543 , 0
0.878497 , -0.415154 , 0
0.885373 , -0.408633 , 0
0.891967 , -0.401981 , 0
0.89828 , -0.395203 , 0
0.904313 , -0.388302 , 0
0.910066 , -0.38128 , 0
0.91554 , -0.374142 , 0
0.920736 , -0.36689 , 0
0.925653 , -0.359526 , 0
0.930291 , -0.352055 , 0
0.93465 , -0.344478 , 0
0.938731 , -0.336798 , 0
0.942533 , -0.329018 , 0
0.946056 , -0.321141 , 0
0.949299 , -0.313169 , 0
0.952262 , -0.305104 , 0
0.954944 , -0.29695 , 0
0.957345 , -0.288708 , 0
0.959464 , -0.280381 , 0
0.961299 , -0.271971 , 0
0.962851 , -0.263481 , 0
0.964117 , -0.254913 , 0
0.965097 , -0.246269 , 0
0.965789 , -0.237551 , 0
0.966192 , -0.228762 , 0
0.966303 , -0.219905 , 0
0.966122 , -0.210981 , 0
0.965647 , -0.201993 , 0
0.964875 , -0.192942 , 0
0.963805 , -0.183832 , 0
0.962434 , -0.174665 , 0
0.96076 , -0.165442 , 0
0.958781 , -0.156167 , 0
0.956493 , -0.146842 , 0
0.953894 , -0.137469 , 0
0.950981 , -0.128051 , 0
0.947751 , -0.11859 , 0
0.9442 , -0.109089 , 0
0.940326 , -0.0995501 , 0
0.936123 , -0.0899769 , 0
0.931589 , -0.0803718 , 0
0.926719 , -0.0707377 , 0
0.921508 , -0.0610777 , 0
0.915953 , -0.0513948 , 0
0.910049 , -0.0416922 , 0
0.903789 , -0.0319735 , 0
0.89717 , -0.022242 , 0
0.890185 , -0.0125014 , 0
0.882828 , -0.00275559 , 0
0.875092 , 0.00699139 , 0
0.866972 , 0.0167353 , 0
0.85846 , 0.0264716 , 0
0.849549 , 0.0361957 , 0
0.840231 , 0.0459023 , 0
0.830497 , 0.0555863 , 0
0.820338 , 0.0652419 , 0
0.809746 , 0.0748629 , 0
0.79871 , 0.084443 , 0
0.787219 , 0.093975 , 0
0.775263 , 0.103451 , 0
0.76283 , 0.112864 , 0
0.749906 , 0.122204 , 0
0.736478 , 0.131462 , 0
0.722532 , 0.140628 , 0
0.708052 , 0.149689 , 0
0.693022 , 0.158635 , 0
0.677423 , 0.16745 , 0
0.661237 , 0.17612 , 0
0.644442 , 0.184628 , 0
0.627017 , 0.192955 , 0
0.608938 , 0.201081 , 0
0.590178 , 0.208982 , 0
0.570709 , 0.216632 , 0
0.550501 , 0.224002 , 0
0.52952 , 0.231057 , 0
0.50773 , 0.237759 , 0
0.48509 , 0.244063 , 0
0.461558 , 0.249918 , 0
0.437085 , 0.255264 , 0
0.411619 , 0.26003 , 0
0.385102 , 0.264131 , 0
0.35747 , 0.267468 , 0
0.328655 , 0.26992 , 0
0.29858 , 0.271337 , 0
0.267165 , 0.271537 , 0
0.234326 , 0.270289 , 0
0.199978 , 0.267301 , 0
0.164046 , 0.262195 , 0
0.12648 , 0.254477 , 0
0.0872899 , 0.243492 , 0
0.0466131 , 0.22836 , 0
0.00485122 , 0.207912 , 0
-0.0370696 , 0.180652 , 0
-0.0772485 , 0.144903 , 0
-0.112286 , 0.0995096 , 0
-0.137525 , 0.0454327 , 0
-0.149424 , -0.0130512 , 0
-0.148273 , -0.0703954 , 0
-0.137239 , -0.123048 , 0
-0.119747 , -0.169909 , 0
-0.0983264 , -0.211196 , 0
-0.0746134 , -0.24756 , 0
-0.0496283 , -0.279702 , 0
-0.0240051 , -0.308249 , 0
0.00185743 , -0.333722 , 0
0.0277052 , -0.356549 , 0
0.0533745 , -0.377079 , 0
0.078759 , -0.395597 , 0
0.10379 , -0.412338 , 0
0.128423 , -0.427499 , 0
0.15263 , -0.441242 , 0
0.176395 , -0.453709 , 0
0.19971 , -0.465016 , 0
0.222571 , -0.475265 , 0
0.244978 , -0.484546 , 0
0.266934 , -0.492935 , 0
0.288443 , -0.500499 , 0
0.309511 , -0.507297 , 0
0.330145 , -0.513384 , 0
0.35035 , -0.518804 , 0
0.370135 , -0.523602 , 0
0.389506 , -0.527814 , 0
0.408471 , -0.531476 , 0
0.427035 , -0.534617 , 0
0.445207 , -0.537266 , 0
0.462993 , -0.53945 , 0
0.480398 , -0.541191 , 0
0.497431 , -0.54251 , 0
0.514095 , -0.543429 , 0
0.530398 , -0.543966 , 0
0.546344 , -0.544137 , 0
0.561939 , -0.543958 , 0
0.577188 , -0.543443 , 0
0.592095 , -0.542608 , 0
0.606666 , -0.541464 , 0
0.620904 , -0.540023 , 0
0.634813 , -0.538296 , 0
0.648398 , -0.536294 , 0
0.661663 , -0.534027 , 0
0.67461 , -0.531504 , 0
0.687243 , -0.528734 , 0
0.699566 , -0.525724 , 0
0.711581 , -0.522484 , 0
0.723291 , -0.519019 , 0
0.734699 , -0.515338 , 0
0.745808 , -0.511447 , 0
0.756619 , -0.507352 , 0
0.767135 , -0.503059 , 0
0.777359 , -0.498574 , 0
0.787291 , -0.493902 , 0
0.796935 , -0.489049 , 0
0.806291 , -0.48402 , 0
0.815362 , -0.478819 , 0
0.824148 , -0.473452 , 0
0.832652 , -0.467922 , 0
0.840873 , -0.462233 , 0
0.848815 , -0.456391 , 0
0.856477 , -0.450398 , 0
0.86386 , -0.444259 , 0
0.870965 , -0.437977 , 0
0.877794 , -0.431555 , 0
0.884346 , -0.424998 , 0
0.890622 , -0.418308 , 0
0.896623 , -0.411488 , 0
0.902348 , -0.404543 , 0
0.907799 , -0.397474 , 0
0.912974 , -0.390285 , 0
0.917875 , -0.382978 , 0
0.9225 , -0.375556 , 0
0.926851 , -0.368023 , 0
0.930926 , -0.36038 , 0
0.934725 , -0.35263 , 0
0.938248 , -0.344776 , 0
0.941494 , -0.33682 , 0
0.944463 , -0.328765 , 0
0.947153 , -0.320614 , 0
0.949565 , -0.312367 , 0
0.951696 , -0.304029 , 0
0.953545 , -0.2956 , 0
0.955113 , -0.287085 , 0
0.956396 , -0.278483 , 0
0.957394 , -0.269799 , 0
0.958106 , -0.261034 , 0
0.958529 , -0.252191 , 0
0.958663 , -0.243271 , 0
0.958504 , -0.234277 , 0
0.958051 , -0.225211 , 0
0.957302 , -0.216075 , 0
0.956254 , -0.206872 , 0
0.954906 , -0.197604 , 0
0.953254 , -0.188274 , 0
0.951296 , -0.178882 , 0
0.949028 , -0.169433 , 0
0.946449 , -0.159928 , 0
0.943554 , -0.150369 , 0
0.94034 , -0.14076 , 0
0.936804 , -0.131103 , 0
0.932942 , -0.121399 , 0
0.928749 , -0.111653 , 0
0.924222 , -0.101867 , 0
0.919356 , -0.0920433 , 0
0.914147 , -0.0821852 , 0
0.90859 , -0.0722959 , 0
0.902678 , -0.0623784 , 0
0.896408 , -0.052436 , 0
0.889773 , -0.0424724 , 0
0.882766 , -0.032491 , 0
0.875383 , -0.0224957 , 0
0.867615 , -0.0124906 , 0
0.859455 , -0.00247978 , 0
0.850897 , 0.00753216 , 0
0.841932 , 0.0175405 , 0
0.832551 , 0.0275402 , 0
0.822746 , 0.0375258 , 0
0.812507 , 0.0474916 , 0
0.801823 , 0.0574315 , 0
0.790685 , 0.0673388 , 0
0.77908 , 0.0772064 , 0
0.766997 , 0.0870265 , 0
0.754423 , 0.0967909 , 0
0.741343 , 0.106491 , 0
0.727743 , 0.116115 , 0
0.713607 , 0.125655 , 0
0.698919 , 0.135097 , 0
0.683659 , 0.144428 , 0
0.667809 , 0.153635 , 0
0.651347 , 0.162701 , 0
0.634251 , 0.171609 , 0
0.616496 , 0.180339 , 0
0.598055 , 0.188867 , 0
0.5789 , 0.197171 , 0
0.558999 , 0.20522 , 0
0.538317 , 0.212983 , 0
0.516818 , 0.220422 , 0
0.494461 , 0.227495 , 0
0.471199 , 0.234152 , 0
0.446985 , 0.240336 , 0
0.421762 , 0.245977 , 0
0.395472 , 0.250996 , 0
0.368047 , 0.255295 , 0
0.339415 , 0.258757 , 0
0.309497 , 0.261238 , 0
0.278206 , 0.26256 , 0
0.24545 , 0.262499 , 0
0.211136 , 0.260772 , 0
0.175174 , 0.257011 , 0
0.137497 , 0.250732 , 0
0.0980865 , 0.241293 , 0
0.0570403 , 0.22783 , 0
0.0146966 , 0.209183 , 0
-0.0281169 , 0.183852 , 0
-0.0696425 , 0.150098 , 0
-0.106638 , 0.106581 , 0
-0.134463 , 0.0538982 , 0
-0.149252 , -0.00400972 , 0
-0.150826 , -0.0615626 , 0
-0.142118 , -0.114919 , 0
-0.12655 , -0.162728 , 0
-0.106725 , -0.205062 , 0
-0.0843533 , -0.242505 , 0
-0.0605131 , -0.275725 , 0
-0.0358801 , -0.305332 , 0
-0.0108831 , -0.331843 , 0
0.0142015 , -0.355682 , 0
0.0391932 , -0.377197 , 0
0.0639732 , -0.396673 , 0
0.0884626 , -0.414348 , 0
0.112609 , -0.430417 , 0
0.136379 , -0.445045 , 0
0.15975 , -0.458373 , 0
0.18271 , -0.470519 , 0
0.20525 , -0.481588 , 0
0.22737 , -0.491667 , 0
0.249067 , -0.500835 , 0
0.270345 , -0.509159 , 0
0.291208 , -0.5167 , 0
0.311659 , -0.523511 , 0
0.331704 , -0.529639 , 0
0.351348 , -0.535129 , 0
0.370597 , -0.540017 , 0
0.389458 , -0.544338 , 0
0.407936 , -0.548125 , 0
0.426038 , -0.551405 , 0
0.443768 , -0.554205 , 0
0.461132 , -0.556549 , 0
0.478137 , -0.558458 , 0
0.494787 , -0.559953 , 0
0.511088 , -0.561052 , 0
0.527044 , -0.561773 , 0
0.54266 , -0.562132 , 0
0.557941 , -0.562144 , 0
0.572891 , -0.561822 , 0
0.587514 , -0.56118 , 0
0.601814 , -0.560229 , 0
0.615795 , -0.558981 , 0
0.629461 , -0.557447 , 0
0.642814 , -0.555636 , 0
0.655859 , -0.553559 , 0
0.668598 , -0.551223 , 0
0.681034 , -0.548638 , 0
0.69317 , -0.545811 , 0
0.705009 , -0.54275 , 0
0.716553 , -0.539462 , 0
0.727804 , -0.535953 , 0
0.738764 , -0.53223 , 0
0.749436 , -0.5283 , 0
0.759822 , -0.524168 , 0
0.769922 , -0.519839 , 0
0.77974 , -0.515319 , 0
0.789277 , -0.510613 , 0
0.798533 , -0.505726 , 0
0.807511 , -0.500663 , 0
0.816211 , -0.495427 , 0
0.824635 , -0.490024 , 0
0.832783 , -0.484457 , 0
0.840657 , -0.478731 , 0
0.848258 , -0.472848 , 0
0.855585 , -0.466814 , 0
0.86264 , -0.460631 , 0
0.869423 , -0.454303 , 0
0.875935 , -0.447833 , 0
0.882176 , -0.441224 , 0
0.888146 , -0.43448 , 0
0.893845 , -0.427603 , 0
0.899273 , -0.420597 , 0
0.90443 , -0.413464 , 0
0.909317 , -0.406207 , 0
0.913932 , -0.398829 , 0
0.918275 , -0.391333 , 0
0.922346 , -0.38372 , 0
0.926145 , -0.375994 , 0
0.92967 , -0.368157 , 0
0.932922 , -0.360212 , 0
0.935898 , -0.35216 , 0
0.938598 , -0.344005 , 0
0.941022 , -0.335748 , 0
0.943167 , -0.327392 , 0
0.945034 , -0.318939 , 0
0.946619 , -0.310391 , 0
0.947923 , -0.301751 , 0
0.948942 , -0.29302 , 0
0.949676 , -0.284202 , 0
0.950123 , -0.275297 , 0
0.95028 , -0.266308 , 0
0.950146 , -0.257238 , 0
0.949719 , -0.248088 , 0
0.948996 , -0.238861 , 0
0.947974 , -0.229559 , 0
0.946651 , -0.220184 , 0
0.945024 , -0.210739 , 0
0.94309 , -0.201224 , 0
0.940847 , -0.191644 , 0
0.93829 , -0.182 , 0
0.935416 , -0.172295 , 0
0.932222 , -0.16253 , 0
0.928704 , -0.152709 , 0
0.924858 , -0.142834 , 0
0.920679 , -0.132908 , 0
0.916163 , -0.122933 , 0
0.911305 , -0.112912 , 0
0.9061 , -0.102848 , 0
0.900543 , -0.0927439 , 0
0.894628 , -0.0826032 , 0
0.88835 , -0.0724289 , 0
0.881702 , -0.0622245 , 0
0.874678 , -0.0519935 , 0
0.86727 , -0.0417398 , 0
0.859472 , -0.0314672 , 0
0.851276 , -0.0211801 , 0
0.842674 , -0.0108829 , 0
0.833657 , -0.000580316 , 0
0.824215 , 0.00972256 , 0
0.81434 , 0.0200203 , 0
0.804021 , 0.0303072 , 0
0.793247 , 0.0405769 , 0
0.782007 , 0.0508227 , 0
0.770287 , 0.0610374 , 0
0.758076 , 0.0712131 , 0
0.745358 , 0.0813413 , 0
0.732119 , 0.0914126 , 0
0.718344 , 0.101417 , 0
0.704013 , 0.111343 , 0
0.68911 , 0.121178 , 0
0.673613 , 0.130909 , 0
0.657503 , 0.140521 , 0
0.640754 , 0.149996 , 0
0.623344 , 0.159317 , 0
0.605243 , 0.168461 , 0
0.586423 , 0.177404 , 0
0.566852 , 0.186121 , 0
0.546494 , 0.194579 , 0
0.52531 , 0.202743 , 0
0.50326 , 0.210573 , 0
0.480296 , 0.218021 , 0
0.456368 , 0.22503 , 0
0.431419 , 0.231537 , 0
0.405386 , 0.237461 , 0
0.378202 , 0.242711 , 0
0.349789 , 0.247173 , 0
0.320064 , 0.250708 , 0
0.288936 , 0.253143 , 0
0.256305 , 0.254263 , 0
0.222069 , 0.253789 , 0
0.186127 , 0.251366 , 0
0.148392 , 0.246521 , 0
0.108821 , 0.238627 , 0
0.0674729 , 0.226834 , 0
0.0246241 , 0.209998 , 0
-0.0189924 , 0.186614 , 0
-0.0617608 , 0.154898 , 0
-0.100604 , 0.113337 , 0
-0.130929 , 0.0621788 , 0
-0.148581 , 0.00500298 , 0
-0.152907 , -0.0526216 , 0
-0.146576 , -0.106579 , 0
-0.132988 , -0.155259 , 0
-0.114812 , -0.198583 , 0
-0.0938322 , -0.237058 , 0
-0.071184 , -0.271318 , 0
-0.0475853 , -0.301954 , 0
-0.0234955 , -0.329475 , 0
0.000786297 , -0.354302 , 0
0.0250629 , -0.376781 , 0
0.0492024 , -0.397198 , 0
0.0731157 , -0.415788 , 0
0.0967426 , -0.432751 , 0
0.120042 , -0.44825 , 0
0.142988 , -0.462428 , 0
0.165563 , -0.475403 , 0
0.187754 , -0.487281 , 0
0.209558 , -0.49815 , 0
0.23097 , -0.508089 , 0
0.25199 , -0.517167 , 0
0.27262 , -0.525444 , 0
0.292863 , -0.532974 , 0
0.312723 , -0.539806 , 0
0.332202 , -0.545983 , 0
0.351307 , -0.551544 , 0
0.370041 , -0.556523 , 0
0.38841 , -0.560953 , 0
0.406419 , -0.564862 , 0
0.424072 , -0.568278 , 0
0.441375 , -0.571223 , 0
0.458332 , -0.573721 , 0
0.474948 , -0.575792 , 0
0.491227 , -0.577455 , 0
0.507174 , -0.578727 , 0
0.522792 , -0.579626 , 0
0.538087 , -0.580164 , 0
0.553062 , -0.580358 , 0
0.56772 , -0.58022 , 0
0.582066 , -0.579762 , 0
0.596102 , -0.578996 , 0
0.609833 , -0.577933 , 0
0.62326 , -0.576582 , 0
0.636387 , -0.574954 , 0
0.649217 , -0.573057 , 0
0.661752 , -0.5709 , 0
0.673995 , -0.568491 , 0
0.685948 , -0.565838 , 0
0.697613 , -0.562948 , 0
0.708994 , -0.559827 , 0
0.72009 , -0.556482 , 0
0.730906 , -0.55292 , 0
0.741441 , -0.549146 , 0
0.751698 , -0.545166 , 0
0.761679 , -0.540986 , 0
0.771384 , -0.53661 , 0
0.780816 , -0.532043 , 0
0.789974 , -0.527291 , 0
0.798861 , -0.522357 , 0
0.807477 , -0.517246 , 0
0.815823 , -0.511962 , 0
0.8239 , -0.506509 , 0
0.831709 , -0.500891 , 0
0.839249 , -0.495112 , 0
0.846523 , -0.489176 , 0
0.853529 , -0.483085 , 0
0.860269 , -0.476843 , 0
0.866743 , -0.470453 , 0
0.87295 , -0.463919 , 0
0.87889 , -0.457243 , 0
0.884565 , -0.450429 , 0
0.889973 , -0.443479 , 0
0.895114 , -0.436396 , 0
0.899988 , -0.429183 , 0
0.904594 , -0.421842 , 0
0.908933 , -0.414376 , 0
0.913002 , -0.406788 , 0
0.916802 , -0.39908 , 0
0.920332 , -0.391254 , 0
0.923591 , -0.383312 , 0
0.926577 , -0.375258 , 0
0.92929 , -0.367093 , 0
0.931729 , -0.35882 , 0
0.933892 , -0.35044 , 0
0.935777 , -0.341956 , 0
0.937383 , -0.333371 , 0
0.938709 , -0.324685 , 0
0.939753 , -0.315902 , 0
0.940512 , -0.307024 , 0
0.940986 , -0.298052 , 0
0.94117 , -0.288988 , 0
0.941065 , -0.279836 , 0
0.940666 , -0.270596 , 0
0.939971 , -0.261271 , 0
0.938978 , -0.251863 , 0
0.937685 , -0.242375 , 0
0.936086 , -0.232808 , 0
0.934181 , -0.223164 , 0
0.931964 , -0.213446 , 0
0.929434 , -0.203657 , 0
0.926585 , -0.193797 , 0
0.923415 , -0.18387 , 0
0.919918 , -0.173879 , 0
0.916092 , -0.163824 , 0
0.91193 , -0.15371 , 0
0.907428 , -0.143539 , 0
0.902581 , -0.133313 , 0
0.897385 , -0.123036 , 0
0.891832 , -0.112709 , 0
0.885917 , -0.102337 , 0
0.879635 , -0.0919224 , 0
0.872977 , -0.0814685 , 0
0.865938 , -0.0709791 , 0
0.85851 , -0.0604578 , 0
0.850685 , -0.0499085 , 0
0.842455 , -0.0393354 , 0
0.833811 , -0.028743 , 0
0.824744 , -0.0181361 , 0
0.815243 , -0.00751956 , 0
0.8053 , 0.00310102 , 0
0.794902 , 0.0137199 , 0
0.784038 , 0.0243306 , 0
0.772695 , 0.0349266 , 0
0.760859 , 0.0455002 , 0
0.748518 , 0.0560437 , 0
0.735655 , 0.066548 , 0
0.722254 , 0.0770037 , 0
0.708298 , 0.0874001 , 0
0.693767 , 0.0977258 , 0
0.678642 , 0.107968 , 0
0.6629 , 0.118111 , 0
0.646518 , 0.128141 , 0
0.629471 , 0.138039 , 0
0.611731 , 0.147785 , 0
0.593268 , 0.157356 , 0
0.574048 , 0.166727 , 0
0.554036 , 0.175867 , 0
0.533193 , 0.184744 , 0
0.511476 , 0.193317 , 0
0.488836 , 0.201543 , 0
0.465222 , 0.209366 , 0
0.440575 , 0.216724 , 0
0.414831 , 0.223543 , 0
0.387919 , 0.229733 , 0
0.359759 , 0.235183 , 0
0.330264 , 0.239761 , 0
0.299338 , 0.243299 , 0
0.266874 , 0.245588 , 0
0.232761 , 0.24636 , 0
0.196887 , 0.245267 , 0
0.159147 , 0.24185 , 0
0.119475 , 0.235497 , 0
0.0778908 , 0.225374 , 0
0.0346134 , 0.210353 , 0
-0.00971693 , 0.188933 , 0
-0.0536243 , 0.159289 , 0
-0.0942031 , 0.119758 , 0
-0.126933 , 0.0702491 , 0
-0.147412 , 0.0139601 , 0
-0.15451 , -0.0435962 , 0
-0.150602 , -0.0980474 , 0
-0.139046 , -0.147519 , 0
-0.122572 , -0.191773 , 0
-0.103034 , -0.231233 , 0
-0.0816239 , -0.266492 , 0
-0.0591027 , -0.298124 , 0
-0.0359612 , -0.326625 , 0
-0.0125209 , -0.352414 , 0
0.0110035 , -0.375835 , 0
0.0344669 , -0.397172 , 0
0.05777 , -0.416661 , 0
0.0808443 , -0.434501 , 0
0.103643 , -0.450857 , 0
0.126132 , -0.465871 , 0
0.148292 , -0.479664 , 0
0.170106 , -0.49234 , 0
0.191565 , -0.503989 , 0
0.212664 , -0.514691 , 0
0.2334 , -0.524514 , 0
0.253772 , -0.533521 , 0
0.273782 , -0.541765 , 0
0.293431 , -0.549295 , 0
0.312722 , -0.556155 , 0
0.331659 , -0.562384 , 0
0.350244 , -0.568017 , 0
0.368481 , -0.573087 , 0
0.386376 , -0.577623 , 0
0.403931 , -0.581652 , 0
0.421151 , -0.585198 , 0
0.438039 , -0.588284 , 0
0.454601 , -0.590931 , 0
0.470839 , -0.593157 , 0
0.486758 , -0.594981 , 0
0.502361 , -0.596418 , 0
0.517652 , -0.597486 , 0
0.532633 , -0.598196 , 0
0.54731 , -0.598564 , 0
0.561684 , -0.598601 , 0
0.575759 , -0.598319 , 0
0.589537 , -0.597729 , 0
0.603022 , -0.596841 , 0
0.616216 , -0.595666 , 0
0.629121 , -0.594211 , 0
0.641741 , -0.592486 , 0
0.654076 , -0.5905 , 0
0.66613 , -0.588259 , 0
0.677904 , -0.58577 , 0
0.6894 , -0.583042 , 0
0.70062 , -0.580081 , 0
0.711566 , -0.576892 , 0
0.722239 , -0.573482 , 0
0.732641 , -0.569856 , 0
0.742772 , -0.566021 , 0
0.752635 , -0.561981 , 0
0.76223 , -0.55774 , 0
0.771559 , -0.553305 , 0
0.780622 , -0.548679 , 0
0.78942 , -0.543867 , 0
0.797954 , -0.538874 , 0
0.806224 , -0.533702 , 0
0.814232 , -0.528356 , 0
0.821977 , -0.52284 , 0
0.82946 , -0.517157 , 0
0.836682 , -0.511311 , 0
0.843642 , -0.505306 , 0
0.85034 , -0.499143 , 0
0.856777 , -0.492827 , 0
0.862953 , -0.486361 , 0
0.868867 , -0.479748 , 0
0.874519 , -0.472989 , 0
0.879908 , -0.466089 , 0
0.885035 , -0.45905 , 0
0.889899 , -0.451874 , 0
0.894499 , -0.444564 , 0
0.898835 , -0.437123 , 0
0.902905 , -0.429553 , 0
0.906709 , -0.421856 , 0
0.910246 , -0.414035 , 0
0.913515 , -0.406092 , 0
0.916514 , -0.398029 , 0
0.919242 , -0.389848 , 0
0.921699 , -0.381552 , 0
0.923881 , -0.373143 , 0
0.925789 , -0.364623 , 0
0.927419 , -0.355993 , 0
0.928771 , -0.347257 , 0
0.929842 , -0.338415 , 0
0.93063 , -0.329471 , 0
0.931133 , -0.320425 , 0
0.931348 , -0.311281 , 0
0.931274 , -0.30204 , 0
0.930907 , -0.292704 , 0
0.930245 , -0.283275 , 0
0.929285 , -0.273755 , 0
0.928024 , -0.264147 , 0
0.926458 , -0.254452 , 0
0.924584 , -0.244673 , 0
0.922399 , -0.234811 , 0
0.919899 , -0.224868 , 0
0.917079 , -0.214848 , 0
0.913936 , -0.204752 , 0
0.910465 , -0.194583 , 0
0.906662 , -0.184342 , 0
0.902521 , -0.174033 , 0
0.898037 , -0.163658 , 0
0.893206 , -0.153219 , 0
0.888021 , -0.14272 , 0
0.882477 , -0.132163 , 0
0.876566 , -0.121551 , 0
0.870282 , -0.110887 , 0
0.863619 , -0.100175 , 0
0.856569 , -0.0894182 , 0
0.849123 , -0.0786201 , 0
0.841274 , -0.0677845 , 0
0.833012 , -0.0569158 , 0
0.824328 , -0.0460182 , 0
0.815213 , -0.0350965 , 0
0.805656 , -0.0241558 , 0
0.795645 , -0.0132015 , 0
0.785169 , -0.00223943 , 0
0.774215 , 0.00872396 , 0
0.762769 , 0.0196818 , 0
0.750817 , 0.0306266 , 0
0.738344 , 0.0415502 , 0
0.725332 , 0.0524434 , 0
0.711765 , 0.0632965 , 0
0.697623 , 0.0740984 , 0
0.682886 , 0.0848371 , 0
0.66753 , 0.0954991 , 0
0.651534 , 0.106069 , 0
0.634869 , 0.116531 , 0
0.617509 , 0.126865 , 0
0.599423 , 0.137049 , 0
0.580577 , 0.14706 , 0
0.560934 , 0.156869 , 0
0.540455 , 0.166444 , 0
0.519095 , 0.175748 , 0
0.496805 , 0.184737 , 0
0.473532 , 0.193361 , 0
0.449217 , 0.201559 , 0
0.423792 , 0.209259 , 0
0.397184 , 0.216375 , 0
0.369311 , 0.222801 , 0
0.340082 , 0.22841 , 0
0.309395 , 0.233039 , 0
0.277139 , 0.236487 , 0
0.243194 , 0.238493 , 0
0.207435 , 0.238721 , 0
0.169744 , 0.236724 , 0
0.130028 , 0.231905 , 0
0.0882739 , 0.22345 , 0
0.0446435 , 0.210245 , 0
-0.000311902 , 0.190801 , 0
-0.0452541 , 0.16326 , 0
-0.0874535 , 0.125825 , 0
-0.122489 , 0.0780839 , 0
-0.145748 , 0.0228345 , 0
-0.155629 , -0.0345108 , 0
-0.154186 , -0.0893453 , 0
-0.144714 , -0.139527 , 0
-0.129992 , -0.184646 , 0
-0.111943 , -0.22504 , 0
-0.091816 , -0.261257 , 0
-0.0704149 , -0.293848 , 0
-0.0482616 , -0.3233 , 0
-0.025701 , -0.350025 , 0
-0.00296524 , -0.374363 , 0
0.0197872 , -0.396598 , 0
0.0424464 , -0.416967 , 0
0.0649358 , -0.435667 , 0
0.0872013 , -0.452864 , 0
0.109205 , -0.4687 , 0
0.130919 , -0.483298 , 0
0.152327 , -0.496761 , 0
0.173414 , -0.50918 , 0
0.194173 , -0.520635 , 0
0.214598 , -0.531195 , 0
0.234687 , -0.540923 , 0
0.254439 , -0.549874 , 0
0.273854 , -0.558096 , 0
0.292932 , -0.565633 , 0
0.311677 , -0.572525 , 0
0.33009 , -0.578808 , 0
0.348174 , -0.584515 , 0
0.365932 , -0.589675 , 0
0.383368 , -0.594314 , 0
0.400484 , -0.598459 , 0
0.417284 , -0.602131 , 0
0.433772 , -0.605352 , 0
0.44995 , -0.60814 , 0
0.465821 , -0.610515 , 0
0.48139 , -0.612493 , 0
0.496658 , -0.614088 , 0
0.511629 , -0.615317 , 0
0.526306 , -0.616191 , 0
0.540692 , -0.616725 , 0
0.554789 , -0.616928 , 0
0.568599 , -0.616814 , 0
0.582126 , -0.616392 , 0
0.595371 , -0.615671 , 0
0.608337 , -0.614662 , 0
0.621025 , -0.613372 , 0
0.633439 , -0.611811 , 0
0.645579 , -0.609986 , 0
0.657447 , -0.607904 , 0
0.669046 , -0.605573 , 0
0.680376 , -0.602999 , 0
0.69144 , -0.600188 , 0
0.702238 , -0.597147 , 0
0.712772 , -0.593881 , 0
0.723042 , -0.590396 , 0
0.733051 , -0.586697 , 0
0.742799 , -0.58279 , 0
0.752287 , -0.578678 , 0
0.761515 , -0.574366 , 0
0.770485 , -0.56986 , 0
0.779196 , -0.565163 , 0
0.787651 , -0.560279 , 0
0.795848 , -0.555212 , 0
0.803788 , -0.549966 , 0
0.811472 , -0.544545 , 0
0.8189 , -0.538952 , 0
0.826072 , -0.53319 , 0
0.832987 , -0.527262 , 0
0.839647 , -0.521173 , 0
0.84605 , -0.514925 , 0
0.852196 , -0.50852 , 0
0.858085 , -0.501962 , 0
0.863717 , -0.495253 , 0
0.869091 , -0.488397 , 0
0.874207 , -0.481395 , 0
0.879063 , -0.47425 , 0
0.883659 , -0.466965 , 0
0.887995 , -0.459543 , 0
0.892068 , -0.451985 , 0
0.895879 , -0.444293 , 0
0.899426 , -0.436471 , 0
0.902707 , -0.42852 , 0
0.905722 , -0.420443 , 0
0.908469 , -0.412241 , 0
0.910946 , -0.403916 , 0
0.913151 , -0.395471 , 0
0.915084 , -0.386908 , 0
0.916742 , -0.378229 , 0
0.918122 , -0.369436 , 0
0.919224 , -0.36053 , 0
0.920044 , -0.351514 , 0
0.92058 , -0.342389 , 0
0.92083 , -0.333158 , 0
0.920791 , -0.323822 , 0
0.92046 , -0.314384 , 0
0.919834 , -0.304845 , 0
0.918911 , -0.295207 , 0
0.917686 , -0.285473 , 0
0.916157 , -0.275643 , 0
0.914319 , -0.265721 , 0
0.912169 , -0.255708 , 0
0.909703 , -0.245607 , 0
0.906916 , -0.235419 , 0
0.903805 , -0.225147 , 0
0.900363 , -0.214792 , 0
0.896588 , -0.204358 , 0
0.892472 , -0.193846 , 0
0.888011 , -0.18326 , 0
0.883199 , -0.172601 , 0
0.87803 , -0.161872 , 0
0.872498 , -0.151076 , 0
0.866595 , -0.140216 , 0
0.860314 , -0.129295 , 0
0.853649 , -0.118316 , 0
0.84659 , -0.107282 , 0
0.83913 , -0.0961976 , 0
0.831259 , -0.0850662 , 0
0.822969 , -0.0738918 , 0
0.814248 , -0.0626788 , 0
0.805087 , -0.0514319 , 0
0.795475 , -0.0401561 , 0
0.785398 , -0.0288569 , 0
0.774844 , -0.0175402 , 0
0.7638 , -0.00621235 , 0
0.752251 , 0.00511959 , 0
0.740181 , 0.016448 , 0
0.727573 , 0.0277644 , 0
0.71441 , 0.0390597 , 0
0.700672 , 0.0503235 , 0
0.686338 , 0.0615446 , 0
0.671387 , 0.0727102 , 0
0.655792 , 0.0838062 , 0
0.639529 , 0.0948167 , 0
0.622569 , 0.105724 , 0
0.60488 , 0.116507 , 0
0.586428 , 0.127144 , 0
0.567176 , 0.137607 , 0
0.547084 , 0.147866 , 0
0.526105 , 0.157886 , 0
0.504191 , 0.167625 , 0
0.481287 , 0.177034 , 0
0.45733 , 0.186057 , 0
0.432254 , 0.194624 , 0
0.405982 , 0.202653 , 0
0.378429 , 0.210042 , 0
0.349501 , 0.216668 , 0
0.319091 , 0.222375 , 0
0.287083 , 0.226969 , 0
0.253349 , 0.230198 , 0
0.217754 , 0.231736 , 0
0.180162 , 0.231149 , 0
0.140461 , 0.227856 , 0
0.098602 , 0.221062 , 0
0.0546937 , 0.209674 , 0
0.00920109 , 0.192213 , 0
-0.036672 , 0.166802 , 0
-0.0803755 , 0.131523 , 0
-0.117611 , 0.0856589 , 0
-0.143593 , 0.0315992 , 0
-0.15626 , -0.0253904 , 0
-0.157321 , -0.0804941 , 0
-0.14998 , -0.131299 , 0
-0.137058 , -0.177219 , 0
-0.120544 , -0.218493 , 0
-0.101744 , -0.255624 , 0
-0.0815043 , -0.289137 , 0
-0.0603784 , -0.319507 , 0
-0.0387349 , -0.347139 , 0
-0.0168235 , -0.372369 , 0
0.00518359 , -0.395481 , 0
0.027166 , -0.416708 , 0
0.0490385 , -0.43625 , 0
0.0707401 , -0.454271 , 0
0.0922273 , -0.470915 , 0
0.113468 , -0.486303 , 0
0.134441 , -0.50054 , 0
0.155129 , -0.513718 , 0
0.175521 , -0.525915 , 0
0.19561 , -0.537204 , 0
0.21539 , -0.547645 , 0
0.234858 , -0.557294 , 0
0.254014 , -0.5662 , 0
0.272857 , -0.574408 , 0
0.291386 , -0.581958 , 0
0.309605 , -0.588886 , 0
0.327513 , -0.595225 , 0
0.345114 , -0.601004 , 0
0.362409 , -0.606251 , 0
0.379401 , -0.610991 , 0
0.396092 , -0.615247 , 0
0.412486 , -0.61904 , 0
0.428584 , -0.62239 , 0
0.444389 , -0.625314 , 0
0.459904 , -0.627831 , 0
0.475132 , -0.629955 , 0
0.490075 , -0.631701 , 0
0.504735 , -0.633083 , 0
0.519115 , -0.634114 , 0
0.533217 , -0.634804 , 0
0.547043 , -0.635167 , 0
0.560595 , -0.635212 , 0
0.573876 , -0.634948 , 0
0.586887 , -0.634387 , 0
0.59963 , -0.633535 , 0
0.612107 , -0.632403 , 0
0.624319 , -0.630997 , 0
0.636268 , -0.629325 , 0
0.647955 , -0.627394 , 0
0.659382 , -0.625212 , 0
0.67055 , -0.622784 , 0
0.681461 , -0.620116 , 0
0.692114 , -0.617214 , 0
0.702512 , -0.614085 , 0
0.712655 , -0.610733 , 0
0.722544 , -0.607163 , 0
0.732179 , -0.60338 , 0
0.741562 , -0.599389 , 0
0.750693 , -0.595194 , 0
0.759572 , -0.5908 , 0
0.7682 , -0.58621 , 0
0.776577 , -0.581429 , 0
0.784704 , -0.57646 , 0
0.792579 , -0.571307 , 0
0.800205 , -0.565974 , 0
0.80758 , -0.560464 , 0
0.814704 , -0.554779 , 0
0.821578 , -0.548924 , 0
0.8282 , -0.542901 , 0
0.834572 , -0.536713 , 0
0.840691 , -0.530364 , 0
0.846559 , -0.523855 , 0
0.852173 , -0.51719 , 0
0.857534 , -0.510371 , 0
0.86264 , -0.503401 , 0
0.867492 , -0.496281 , 0
0.872087 , -0.489015 , 0
0.876425 , -0.481605 , 0
0.880505 , -0.474054 , 0
0.884325 , -0.466362 , 0
0.887885 , -0.458533 , 0
0.891182 , -0.450568 , 0
0.894216 , -0.44247 , 0
0.896984 , -0.434241 , 0
0.899485 , -0.425882 , 0
0.901718 , -0.417397 , 0
0.903679 , -0.408785 , 0
0.905367 , -0.400051 , 0
0.906781 , -0.391194 , 0
0.907916 , -0.382218 , 0
0.908772 , -0.373124 , 0
0.909346 , -0.363915 , 0
0.909634 , -0.354591 , 0
0.909634 , -0.345154 , 0
0.909343 , -0.335608 , 0
0.908758 , -0.325952 , 0
0.907875 , -0.31619 , 0
0.906691 , -0.306323 , 0
0.905202 , -0.296353 , 0
0.903404 , -0.286282 , 0
0.901294 , -0.276112 , 0
0.898866 , -0.265845 , 0
0.896117 , -0.255482 , 0
0.893041 , -0.245027 , 0
0.889634 , -0.23448 , 0
0.885891 , -0.223845 , 0
0.881805 , -0.213124 , 0
0.877371 , -0.202318 , 0
0.872582 , -0.19143 , 0
0.867434 , -0.180464 , 0
0.861917 , -0.169421 , 0
0.856026 , -0.158304 , 0
0.849752 , -0.147117 , 0
0.843088 , -0.135861 , 0
0.836025 , -0.124542 , 0
0.828554 , -0.113162 , 0
0.820665 , -0.101725 , 0
0.812349 , -0.0902348 , 0
0.803594 , -0.0786959 , 0
0.794389 , -0.067113 , 0
0.784722 , -0.055491 , 0
0.774581 , -0.0438355 , 0
0.76395 , -0.0321523 , 0
0.752816 , -0.0204479 , 0
0.741162 , -0.00872935 , 0
0.728972 , 0.00299548 , 0
0.716227 , 0.014718 , 0
0.702908 , 0.0264288 , 0
0.688994 , 0.0381172 , 0
0.674462 , 0.0497713 , 0
0.659287 , 0.0613781 , 0
0.643443 , 0.0729226 , 0
0.626901 , 0.0843879 , 0
0.609629 , 0.0957549 , 0
0.591592 , 0.107002 , 0
0.572753 , 0.118104 , 0
0.55307 , 0.129032 , 0
0.532497 , 0.139752 , 0
0.510983 , 0.150225 , 0
0.488473 , 0.160405 , 0
0.464904 , 0.170238 , 0
0.440205 , 0.179657 , 0
0.414299 , 0.188583 , 0
0.387099 , 0.196921 , 0
0.358507 , 0.204549 , 0
0.328411 , 0.211321 , 0
0.296691 , 0.217047 , 0
0.263211 , 0.221485 , 0
0.227825 , 0.22432 , 0
0.190384 , 0.225132 , 0
0.150755 , 0.223355 , 0
0.108855 , 0.218214 , 0
0.0647427 , 0.208639 , 0
0.0188001 , 0.193165 , 0
-0.0279003 , 0.169904 , 0
-0.0729899 , 0.136833 , 0
-0.112312 , 0.0929505 , 0
-0.140952 , 0.0402271 , 0
-0.156402 , -0.0162607 , 0
-0.159997 , -0.0715159 , 0
-0.154832 , -0.122855 , 0
-0.143757 , -0.169506 , 0
-0.128823 , -0.211606 , 0
-0.111392 , -0.249605 , 0
-0.092354 , -0.284002 , 0
-0.0722937 , -0.315256 , 0
-0.0516038 , -0.343764 , 0
-0.0305517 , -0.36986 , 0
-0.00932357 , -0.393824 , 0
0.0119496 , -0.415889 , 0
0.0331738 , -0.436252 , 0
0.0542813 , -0.45508 , 0
0.0752226 , -0.472515 , 0
0.0959615 , -0.488679 , 0
0.116471 , -0.503676 , 0
0.136733 , -0.517599 , 0
0.156732 , -0.530528 , 0
0.176458 , -0.542534 , 0
0.195904 , -0.553678 , 0
0.215065 , -0.564017 , 0
0.233938 , -0.5736 , 0
0.25252 , -0.582472 , 0
0.270812 , -0.590673 , 0
0.288813 , -0.59824 , 0
0.306524 , -0.605205 , 0
0.323945 , -0.611599 , 0
0.341079 , -0.61745 , 0
0.357926 , -0.622781 , 0
0.374488 , -0.627618 , 0
0.390768 , -0.631981 , 0
0.406767 , -0.635889 , 0
0.422487 , -0.639363 , 0
0.43793 , -0.642417 , 0
0.453099 , -0.645069 , 0
0.467996 , -0.647332 , 0
0.482621 , -0.649221 , 0
0.496978 , -0.650749 , 0
0.511069 , -0.651927 , 0
0.524894 , -0.652768 , 0
0.538456 , -0.653281 , 0
0.551757 , -0.653476 , 0
0.564797 , -0.653364 , 0
0.577579 , -0.652953 , 0
0.590105 , -0.652252 , 0
0.602374 , -0.651268 , 0
0.61439 , -0.650009 , 0
0.626152 , -0.648482 , 0
0.637663 , -0.646695 , 0
0.648922 , -0.644653 , 0
0.659932 , -0.642363 , 0
0.670693 , -0.63983 , 0
0.681205 , -0.637061 , 0
0.69147 , -0.63406 , 0
0.701488 , -0.630833 , 0
0.711261 , -0.627385 , 0
0.720787 , -0.623719 , 0
0.730068 , -0.619842 , 0
0.739104 , -0.615757 , 0
0.747896 , -0.611467 , 0
0.756442 , -0.606978 , 0
0.764745 , -0.602293 , 0
0.772803 , -0.597415 , 0
0.780617 , -0.592349 , 0
0.788187 , -0.587097 , 0
0.795511 , -0.581662 , 0
0.802591 , -0.576049 , 0
0.809426 , -0.570259 , 0
0.816014 , -0.564297 , 0
0.822357 , -0.558164 , 0
0.828452 , -0.551863 , 0
0.8343 , -0.545398 , 0
0.8399 , -0.53877 , 0
0.845251 , -0.531983 , 0
0.850351 , -0.525038 , 0
0.855201 , -0.517938 , 0
0.859798 , -0.510685 , 0
0.864142 , -0.503282 , 0
0.868231 , -0.495731 , 0
0.872064 , -0.488033 , 0
0.87564 , -0.480191 , 0
0.878957 , -0.472207 , 0
0.882012 , -0.464083 , 0
0.884806 , -0.455821 , 0
0.887335 , -0.447423 , 0
0.889597 , -0.43889 , 0
0.891591 , -0.430225 , 0
0.893313 , -0.421429 , 0
0.894763 , -0.412504 , 0
0.895937 , -0.403452 , 0
0.896833 , -0.394275 , 0
0.897447 , -0.384974 , 0
0.897778 , -0.375552 , 0
0.897821 , -0.366009 , 0
0.897575 , -0.356348 , 0
0.897034 , -0.34657 , 0
0.896196 , -0.336678 , 0
0.895057 , -0.326672 , 0
0.893614 , -0.316555 , 0
0.891861 , -0.306329 , 0
0.889794 , -0.295994 , 0
0.88741 , -0.285555 , 0
0.884703 , -0.275011 , 0
0.881668 , -0.264365 , 0
0.8783 , -0.25362 , 0
0.874593 , -0.242776 , 0
0.870541 , -0.231837 , 0
0.866138 , -0.220805 , 0
0.861378 , -0.209681 , 0
0.856254 , -0.198469 , 0
0.850758 , -0.18717 , 0
0.844882 , -0.175788 , 0
0.83862 , -0.164326 , 0
0.831961 , -0.152785 , 0
0.824897 , -0.141171 , 0
0.817418 , -0.129485 , 0
0.809515 , -0.117732 , 0
0.801175 , -0.105916 , 0
0.792388 , -0.0940409 , 0
0.783142 , -0.0821109 , 0
0.773423 , -0.0701314 , 0
0.763217 , -0.0581078 , 0
0.752509 , -0.046046 , 0
0.741284 , -0.0339526 , 0
0.729525 , -0.0218346 , 0
0.717212 , -0.00970008 , 0
0.704327 , 0.00244218 , 0
0.690847 , 0.0145824 , 0
0.676751 , 0.0267095 , 0
0.662012 , 0.0388114 , 0
0.646605 , 0.050874 , 0
0.630499 , 0.0628817 , 0
0.613663 , 0.0748165 , 0
0.596061 , 0.086658 , 0
0.577655 , 0.0983826 , 0
0.558403 , 0.109963 , 0
0.538259 , 0.121368 , 0
0.51717 , 0.13256 , 0
0.495079 , 0.143495 , 0
0.471924 , 0.154121 , 0
0.447631 , 0.164376 , 0
0.422122 , 0.174184 , 0
0.395307 , 0.183454 , 0
0.367084 , 0.19207 , 0
0.337339 , 0.19989 , 0
0.305946 , 0.206732 , 0
0.272761 , 0.212365 , 0
0.237631 , 0.216483 , 0
0.200392 , 0.218679 , 0
0.16089 , 0.218407 , 0
0.119013 , 0.214909 , 0
0.0747694 , 0.20714 , 0
0.0284631 , 0.193654 , 0
-0.0189618 , 0.172558 , 0
-0.0653186 , 0.141741 , 0
-0.106611 , 0.0999357 , 0
-0.137835 , 0.0486909 , 0
-0.156054 , -0.00714759 , 0
-0.162209 , -0.0624335 , 0
-0.15926 , -0.114215 , 0
-0.150076 , -0.161525 , 0
-0.136766 , -0.204394 , 0
-0.120745 , -0.243213 , 0
-0.102947 , -0.278452 , 0
-0.0839898 , -0.310554 , 0
-0.064289 , -0.339908 , 0
-0.0441305 , -0.366842 , 0
-0.0237142 , -0.391633 , 0
-0.00318215 , -0.414512 , 0
0.0173631 , -0.435677 , 0
0.0378465 , -0.455292 , 0
0.058213 , -0.473501 , 0
0.0784215 , -0.490424 , 0
0.0984414 , -0.506167 , 0
0.11825 , -0.520823 , 0
0.137829 , -0.534471 , 0
0.157167 , -0.547182 , 0
0.176254 , -0.559019 , 0
0.195083 , -0.570038 , 0
0.213649 , -0.580289 , 0
0.231949 , -0.589817 , 0
0.24998 , -0.598662 , 0
0.267742 , -0.606861 , 0
0.285233 , -0.614447 , 0
0.302453 , -0.62145 , 0
0.319404 , -0.627899 , 0
0.336085 , -0.633818 , 0
0.352499 , -0.639232 , 0
0.368645 , -0.644161 , 0
0.384525 , -0.648626 , 0
0.400141 , -0.652645 , 0
0.415494 , -0.656235 , 0
0.430586 , -0.659412 , 0
0.445418 , -0.662192 , 0
0.459992 , -0.664588 , 0
0.474309 , -0.666612 , 0
0.488371 , -0.668278 , 0
0.502179 , -0.669597 , 0
0.515735 , -0.670579 , 0
0.529039 , -0.671235 , 0
0.542094 , -0.671574 , 0
0.5549 , -0.671605 , 0
0.567459 , -0.671336 , 0
0.579772 , -0.670776 , 0
0.591839 , -0.669933 , 0
0.603663 , -0.668813 , 0
0.615243 , -0.667424 , 0
0.626581 , -0.665772 , 0
0.637677 , -0.663863 , 0
0.648532 , -0.661703 , 0
0.659147 , -0.659298 , 0
0.669522 , -0.656653 , 0
0.679657 , -0.653774 , 0
0.689554 , -0.650664 , 0
0.699213 , -0.64733 , 0
0.708633 , -0.643775 , 0
0.717816 , -0.640005 , 0
0.72676 , -0.636022 , 0
0.735467 , -0.63183 , 0
0.743936 , -0.627435 , 0
0.752167 , -0.622839 , 0
0.76016 , -0.618046 , 0
0.767915 , -0.613059 , 0
0.775431 , -0.607882 , 0
0.782708 , -0.602518 , 0
0.789746 , -0.596969 , 0
0.796545 , -0.591239 , 0
0.803102 , -0.58533 , 0
0.809419 , -0.579246 , 0
0.815493 , -0.572988 , 0
0.821325 , -0.56656 , 0
0.826913 , -0.559964 , 0
0.832257 , -0.553202 , 0
0.837354 , -0.546277 , 0
0.842205 , -0.539191 , 0
0.846808 , -0.531946 , 0
0.851161 , -0.524544 , 0
0.855263 , -0.516987 , 0
0.859112 , -0.509278 , 0
0.862708 , -0.501418 , 0
0.866047 , -0.493409 , 0
0.869129 , -0.485254 , 0
0.871951 , -0.476953 , 0
0.874511 , -0.46851 , 0
0.876807 , -0.459925 , 0
0.878837 , -0.4512 , 0
0.880599 , -0.442337 , 0
0.882089 , -0.433338 , 0
0.883306 , -0.424205 , 0
0.884245 , -0.414939 , 0
0.884905 , -0.405541 , 0
0.885283 , -0.396014 , 0
0.885374 , -0.386359 , 0
0.885176 , -0.376578 , 0
0.884685 , -0.366672 , 0
0.883896 , -0.356643 , 0
0.882808 , -0.346492 , 0
0.881414 , -0.336222 , 0
0.87971 , -0.325834 , 0
0.877693 , -0.315329 , 0
0.875356 , -0.30471 , 0
0.872696 , -0.293978 , 0
0.869707 , -0.283136 , 0
0.866382 , -0.272184 , 0
0.862716 , -0.261125 , 0
0.858704 , -0.249961 , 0
0.854337 , -0.238694 , 0
0.84961 , -0.227326 , 0
0.844515 , -0.21586 , 0
0.839044 , -0.204297 , 0
0.833189 , -0.192641 , 0
0.826941 , -0.180895 , 0
0.820292 , -0.16906 , 0
0.813231 , -0.157141 , 0
0.805748 , -0.14514 , 0
0.797832 , -0.133061 , 0
0.789473 , -0.120909 , 0
0.780656 , -0.108686 , 0
0.77137 , -0.0963975 , 0
0.7616 , -0.0840488 , 0
0.75133 , -0.071645 , 0
0.740546 , -0.0591921 , 0
0.72923 , -0.0466967 , 0
0.717362 , -0.034166 , 0
0.704924 , -0.0216082 , 0
0.691894 , -0.00903213 , 0
0.678248 , 0.00355194 , 0
0.663962 , 0.0161326 , 0
0.649007 , 0.0286971 , 0
0.633355 , 0.0412308 , 0
0.616973 , 0.0537169 , 0
0.599826 , 0.0661363 , 0
0.581874 , 0.0784671 , 0
0.563075 , 0.0906836 , 0
0.543381 , 0.102756 , 0
0.522741 , 0.114649 , 0
0.501095 , 0.126322 , 0
0.478379 , 0.137726 , 0
0.45452 , 0.1488 , 0
0.429437 , 0.159473 , 0
0.403038 , 0.169657 , 0
0.375218 , 0.179244 , 0
0.34586 , 0.188096 , 0
0.314831 , 0.196039 , 0
0.281984 , 0.20285 , 0
0.247154 , 0.208234 , 0
0.210166 , 0.211801 , 0
0.170847 , 0.213018 , 0
0.129055 , 0.211151 , 0
0.0847528 , 0.205178 , 0
0.0381677 , 0.193678 , 0
-0.0098796 , 0.174758 , 0
-0.057384 , 0.146234 , 0
-0.100526 , 0.106593 , 0
-0.134249 , 0.0569641 , 0
-0.155215 , 0.0019226 , 0
-0.163952 , -0.0532704 , 0
-0.163256 , -0.105399 , 0
-0.156004 , -0.153294 , 0
-0.144358 , -0.196872 , 0
-0.129787 , -0.236461 , 0
-0.113268 , -0.2725 , 0
-0.0954494 , -0.305414 , 0
-0.0767723 , -0.33558 , 0
-0.0575407 , -0.363322 , 0
-0.0379683 , -0.388913 , 0
-0.0182085 , -0.412583 , 0
0.00162756 , -0.434527 , 0
0.0214578 , -0.45491 , 0
0.041221 , -0.473874 , 0
0.0608714 , -0.49154 , 0
0.0803741 , -0.508013 , 0
0.0997027 , -0.523387 , 0
0.118837 , -0.53774 , 0
0.137762 , -0.551145 , 0
0.156465 , -0.563664 , 0
0.174938 , -0.575353 , 0
0.193174 , -0.586262 , 0
0.211167 , -0.596436 , 0
0.228915 , -0.605917 , 0
0.246415 , -0.61474 , 0
0.263665 , -0.62294 , 0
0.280664 , -0.630547 , 0
0.297411 , -0.637588 , 0
0.313906 , -0.64409 , 0
0.33015 , -0.650076 , 0
0.346143 , -0.655568 , 0
0.361886 , -0.660585 , 0
0.377379 , -0.665147 , 0
0.392623 , -0.66927 , 0
0.40762 , -0.672972 , 0
0.42237 , -0.676266 , 0
0.436874 , -0.679166 , 0
0.451134 , -0.681687 , 0
0.465151 , -0.68384 , 0
0.478925 , -0.685637 , 0
0.492458 , -0.687088 , 0
0.50575 , -0.688204 , 0
0.518804 , -0.688995 , 0
0.531619 , -0.689469 , 0
0.544196 , -0.689635 , 0
0.556538 , -0.689502 , 0
0.568643 , -0.689076 , 0
0.580513 , -0.688365 , 0
0.592149 , -0.687377 , 0
0.603552 , -0.686117 , 0
0.614721 , -0.684593 , 0
0.625657 , -0.682809 , 0
0.636362 , -0.680772 , 0
0.646835 , -0.678487 , 0
0.657076 , -0.675959 , 0
0.667086 , -0.673194 , 0
0.676865 , -0.670195 , 0
0.686414 , -0.666968 , 0
0.695731 , -0.663517 , 0
0.704818 , -0.659846 , 0
0.713674 , -0.655958 , 0
0.7223 , -0.651859 , 0
0.730694 , -0.64755 , 0
0.738856 , -0.643037 , 0
0.746787 , -0.638322 , 0
0.754486 , -0.633409 , 0
0.761952 , -0.6283 , 0
0.769186 , -0.622999 , 0
0.776185 , -0.617509 , 0
0.78295 , -0.611832 , 0
0.78948 , -0.605972 , 0
0.795773 , -0.59993 , 0
0.80183 , -0.59371 , 0
0.807649 , -0.587314 , 0
0.813229 , -0.580743 , 0
0.818569 , -0.574002 , 0
0.823667 , -0.56709 , 0
0.828522 , -0.560012 , 0
0.833134 , -0.552769 , 0
0.837499 , -0.545363 , 0
0.841618 , -0.537796 , 0
0.845487 , -0.530069 , 0
0.849106 , -0.522186 , 0
0.852472 , -0.514147 , 0
0.855584 , -0.505955 , 0
0.858438 , -0.49761 , 0
0.861034 , -0.489116 , 0
0.863369 , -0.480473 , 0
0.865439 , -0.471683 , 0
0.867244 , -0.462749 , 0
0.868779 , -0.45367 , 0
0.870042 , -0.44445 , 0
0.87103 , -0.435089 , 0
0.87174 , -0.425589 , 0
0.872169 , -0.415952 , 0
0.872313 , -0.406179 , 0
0.872168 , -0.396271 , 0
0.871731 , -0.386231 , 0
0.870998 , -0.37606 , 0
0.869963 , -0.365758 , 0
0.868624 , -0.355329 , 0
0.866975 , -0.344772 , 0
0.865012 , -0.334091 , 0
0.862729 , -0.323286 , 0
0.86012 , -0.312359 , 0
0.857181 , -0.301312 , 0
0.853906 , -0.290147 , 0
0.850287 , -0.278865 , 0
0.846318 , -0.267469 , 0
0.841992 , -0.255959 , 0
0.837303 , -0.244339 , 0
0.832242 , -0.232611 , 0
0.8268 , -0.220776 , 0
0.82097 , -0.208838 , 0
0.814742 , -0.196798 , 0
0.808106 , -0.18466 , 0
0.801051 , -0.172426 , 0
0.793568 , -0.1601 , 0
0.785644 , -0.147685 , 0
0.777267 , -0.135184 , 0
0.768423 , -0.122603 , 0
0.759099 , -0.109945 , 0
0.749278 , -0.0972149 , 0
0.738946 , -0.0844186 , 0
0.728085 , -0.0715617 , 0
0.716675 , -0.0586511 , 0
0.704698 , -0.0456939 , 0
0.69213 , -0.0326985 , 0
0.67895 , -0.0196741 , 0
0.665131 , -0.00663123 , 0
0.650646 , 0.00641829 , 0
0.635465 , 0.0194609 , 0
0.619555 , 0.0324813 , 0
0.60288 , 0.0454615 , 0
0.585402 , 0.0583811 , 0
0.567076 , 0.0712163 , 0
0.547855 , 0.083939 , 0
0.527686 , 0.0965164 , 0
0.506509 , 0.10891 , 0
0.484259 , 0.121072 , 0
0.460861 , 0.132947 , 0
0.436233 , 0.144468 , 0
0.41028 , 0.155549 , 0
0.382895 , 0.166088 , 0
0.353958 , 0.175954 , 0
0.323332 , 0.18498 , 0
0.290863 , 0.192951 , 0
0.256378 , 0.199586 , 0
0.21969 , 0.204505 , 0
0.180607 , 0.207195 , 0
0.138962 , 0.206945 , 0
0.0946718 , 0.202757 , 0
0.0478918 , 0.193236 , 0
-0.000676949 , 0.176497 , 0
-0.0492094 , 0.150298 , 0
-0.0940755 , 0.112901 , 0
-0.130206 , 0.0650204 , 0
-0.153889 , 0.0109235 , 0
-0.16522 , -0.0440502 , 0
-0.166811 , -0.0964271 , 0
-0.16153 , -0.144831 , 0
-0.151587 , -0.189055 , 0
-0.138505 , -0.229364 , 0
-0.1233 , -0.266158 , 0
-0.106655 , -0.299844 , 0
-0.0890358 , -0.330789 , 0
-0.0707634 , -0.359309 , 0
-0.0520664 , -0.385673 , 0
-0.0331091 , -0.410108 , 0
-0.0140117 , -0.432808 , 0
0.00513664 , -0.453937 , 0
0.0242687 , -0.473636 , 0
0.0433338 , -0.492027 , 0
0.0622929 , -0.509214 , 0
0.081116 , -0.52529 , 0
0.0997799 , -0.540335 , 0
0.118267 , -0.55442 , 0
0.136562 , -0.567608 , 0
0.154655 , -0.579955 , 0
0.172537 , -0.591512 , 0
0.190202 , -0.602324 , 0
0.207645 , -0.612431 , 0
0.224861 , -0.621871 , 0
0.241848 , -0.630678 , 0
0.258603 , -0.638881 , 0
0.275126 , -0.646508 , 0
0.291416 , -0.653587 , 0
0.30747 , -0.66014 , 0
0.323291 , -0.666189 , 0
0.338876 , -0.671755 , 0
0.354227 , -0.676856 , 0
0.369344 , -0.681509 , 0
0.384227 , -0.685732 , 0
0.398877 , -0.689538 , 0
0.413295 , -0.692942 , 0
0.427481 , -0.695957 , 0
0.441435 , -0.698596 , 0
0.455159 , -0.70087 , 0
0.468653 , -0.70279 , 0
0.481918 , -0.704367 , 0
0.494954 , -0.705609 , 0
0.507763 , -0.706527 , 0
0.520344 , -0.707129 , 0
0.532699 , -0.707423 , 0
0.544827 , -0.707416 , 0
0.556731 , -0.707117 , 0
0.568409 , -0.706531 , 0
0.579862 , -0.705667 , 0
0.591091 , -0.704529 , 0
0.602096 , -0.703125 , 0
0.612878 , -0.701459 , 0
0.623436 , -0.699538 , 0
0.63377 , -0.697366 , 0
0.643882 , -0.694948 , 0
0.65377 , -0.69229 , 0
0.663435 , -0.689395 , 0
0.672877 , -0.686268 , 0
0.682095 , -0.682913 , 0
0.69109 , -0.679335 , 0
0.699861 , -0.675537 , 0
0.708408 , -0.671522 , 0
0.716731 , -0.667294 , 0
0.724829 , -0.662857 , 0
0.732701 , -0.658214 , 0
0.740347 , -0.653368 , 0
0.747767 , -0.648322 , 0
0.754959 , -0.643079 , 0
0.761923 , -0.637641 , 0
0.768658 , -0.632012 , 0
0.775163 , -0.626194 , 0
0.781438 , -0.620189 , 0
0.78748 , -0.614 , 0
0.793289 , -0.60763 , 0
0.798864 , -0.60108 , 0
0.804204 , -0.594353 , 0
0.809306 , -0.58745 , 0
0.81417 , -0.580375 , 0
0.818794 , -0.573128 , 0
0.823176 , -0.565712 , 0
0.827315 , -0.558129 , 0
0.831208 , -0.55038 , 0
0.834855 , -0.542468 , 0
0.838251 , -0.534394 , 0
0.841397 , -0.526159 , 0
0.844288 , -0.517766 , 0
0.846924 , -0.509215 , 0
0.849301 , -0.500509 , 0
0.851416 , -0.49165 , 0
0.853268 , -0.482637 , 0
0.854853 , -0.473474 , 0
0.856167 , -0.464161 , 0
0.857209 , -0.4547 , 0
0.857974 , -0.445093 , 0
0.858459 , -0.43534 , 0
0.85866 , -0.425443 , 0
0.858574 , -0.415404 , 0
0.858196 , -0.405223 , 0
0.857522 , -0.394903 , 0
0.856548 , -0.384445 , 0
0.855269 , -0.37385 , 0
0.85368 , -0.363119 , 0
0.851776 , -0.352254 , 0
0.849551 , -0.341257 , 0
0.847 , -0.330129 , 0
0.844117 , -0.318871 , 0
0.840895 , -0.307485 , 0
0.837328 , -0.295973 , 0
0.833408 , -0.284336 , 0
0.829129 , -0.272577 , 0
0.824483 , -0.260697 , 0
0.81946 , -0.248698 , 0
0.814053 , -0.236582 , 0
0.808252 , -0.224352 , 0
0.802048 , -0.21201 , 0
0.795429 , -0.199558 , 0
0.788386 , -0.187 , 0
0.780906 , -0.174338 , 0
0.772976 , -0.161576 , 0
0.764584 , -0.148717 , 0
0.755715 , -0.135766 , 0
0.746354 , -0.122726 , 0
0.736485 , -0.109602 , 0
0.72609 , -0.0964004 , 0
0.71515 , -0.0831264 , 0
0.703646 , -0.0697866 , 0
0.691555 , -0.0563887 , 0
0.678854 , -0.0429411 , 0
0.665517 , -0.0294532 , 0
0.651517 , -0.015936 , 0
0.636823 , -0.00240182 , 0
0.621402 , 0.0111351 , 0
0.605219 , 0.0246584 , 0
0.588233 , 0.0381489 , 0
0.5704 , 0.0515846 , 0
0.551673 , 0.0649393 , 0
0.531997 , 0.0781824 , 0
0.511313 , 0.0912773 , 0
0.489553 , 0.10418 , 0
0.466643 , 0.116838 , 0
0.442497 , 0.129187 , 0
0.41702 , 0.141147 , 0
0.390103 , 0.15262 , 0
0.361621 , 0.16348 , 0
0.331435 , 0.17357 , 0
0.299383 , 0.182683 , 0
0.265286 , 0.190548 , 0
0.228946 , 0.196801 , 0
0.190153 , 0.200947 , 0
0.148714 , 0.202296 , 0
0.104506 , 0.199878 , 0
0.0576132 , 0.192327 , 0
0.00862278 , 0.177771 , 0
-0.0408184 , 0.153923 , 0
-0.0872806 , 0.118841 , 0
-0.125719 , 0.0728343 , 0
-0.152077 , 0.0198287 , 0
-0.166011 , -0.0347969 , 0
-0.169918 , -0.087321 , 0
-0.166644 , -0.136154 , 0
-0.158442 , -0.180961 , 0
-0.146883 , -0.221935 , 0
-0.133028 , -0.259439 , 0
-0.117592 , -0.293858 , 0
-0.101062 , -0.325546 , 0
-0.0837804 , -0.354811 , 0
-0.0659891 , -0.381918 , 0
-0.0478639 , -0.407092 , 0
-0.0295338 , -0.430525 , 0
-0.0110954 , -0.452378 , 0
0.00737829 , -0.472792 , 0
0.0258314 , -0.491888 , 0
0.0442208 , -0.509772 , 0
0.0625129 , -0.526534 , 0
0.0806815 , -0.542255 , 0
0.0987057 , -0.557006 , 0
0.116569 , -0.57085 , 0
0.134259 , -0.583844 , 0
0.151765 , -0.596037 , 0
0.169078 , -0.607476 , 0
0.186193 , -0.6182 , 0
0.203104 , -0.628247 , 0
0.219807 , -0.637651 , 0
0.236299 , -0.646443 , 0
0.252577 , -0.65465 , 0
0.26864 , -0.662299 , 0
0.284486 , -0.669414 , 0
0.300114 , -0.676015 , 0
0.315524 , -0.682124 , 0
0.330714 , -0.68776 , 0
0.345685 , -0.69294 , 0
0.360437 , -0.69768 , 0
0.374969 , -0.701995 , 0
0.389283 , -0.7059 , 0
0.403377 , -0.709407 , 0
0.417252 , -0.71253 , 0
0.430909 , -0.71528 , 0
0.444348 , -0.717668 , 0
0.457569 , -0.719705 , 0
0.470573 , -0.721399 , 0
0.48336 , -0.722761 , 0
0.49593 , -0.723798 , 0
0.508283 , -0.72452 , 0
0.520421 , -0.724934 , 0
0.532343 , -0.725047 , 0
0.544049 , -0.724866 , 0
0.55554 , -0.724399 , 0
0.566815 , -0.723651 , 0
0.577876 , -0.722628 , 0
0.588721 , -0.721337 , 0
0.599352 , -0.719782 , 0
0.609767 , -0.717969 , 0
0.619968 , -0.715903 , 0
0.629954 , -0.713588 , 0
0.639724 , -0.71103 , 0
0.649279 , -0.708232 , 0
0.658618 , -0.705199 , 0
0.667741 , -0.701934 , 0
0.676647 , -0.698442 , 0
0.685337 , -0.694726 , 0
0.693809 , -0.69079 , 0
0.702064 , -0.686637 , 0
0.7101 , -0.68227 , 0
0.717917 , -0.677693 , 0
0.725514 , -0.672908 , 0
0.73289 , -0.667919 , 0
0.740045 , -0.662727 , 0
0.746977 , -0.657336 , 0
0.753686 , -0.651749 , 0
0.76017 , -0.645968 , 0
0.766429 , -0.639994 , 0
0.772461 , -0.633831 , 0
0.778264 , -0.627482 , 0
0.783838 , -0.620946 , 0
0.789181 , -0.614228 , 0
0.794291 , -0.607329 , 0
0.799168 , -0.600251 , 0
0.803808 , -0.592996 , 0
0.808211 , -0.585565 , 0
0.812374 , -0.577961 , 0
0.816295 , -0.570185 , 0
0.819973 , -0.562239 , 0
0.823405 , -0.554124 , 0
0.826589 , -0.545842 , 0
0.829522 , -0.537394 , 0
0.832202 , -0.528783 , 0
0.834626 , -0.520008 , 0
0.836791 , -0.511073 , 0
0.838695 , -0.501978 , 0
0.840334 , -0.492725 , 0
0.841705 , -0.483314 , 0
0.842805 , -0.473748 , 0
0.84363 , -0.464027 , 0
0.844176 , -0.454153 , 0
0.84444 , -0.444127 , 0
0.844418 , -0.43395 , 0
0.844104 , -0.423624 , 0
0.843495 , -0.41315 , 0
0.842587 , -0.402529 , 0
0.841373 , -0.391762 , 0
0.839849 , -0.38085 , 0
0.83801 , -0.369796 , 0
0.835849 , -0.358599 , 0
0.833361 , -0.347263 , 0
0.830539 , -0.335787 , 0
0.827377 , -0.324173 , 0
0.823867 , -0.312423 , 0
0.820002 , -0.300539 , 0
0.815774 , -0.288522 , 0
0.811176 , -0.276373 , 0
0.806197 , -0.264096 , 0
0.800829 , -0.25169 , 0
0.795062 , -0.239159 , 0
0.788886 , -0.226505 , 0
0.78229 , -0.213731 , 0
0.775261 , -0.200838 , 0
0.767787 , -0.18783 , 0
0.759855 , -0.17471 , 0
0.751451 , -0.161481 , 0
0.742559 , -0.148148 , 0
0.733162 , -0.134714 , 0
0.723245 , -0.121184 , 0
0.712786 , -0.107563 , 0
0.701767 , -0.0938579 , 0
0.690165 , -0.0800749 , 0
0.677957 , -0.0662214 , 0
0.665116 , -0.0523062 , 0
0.651616 , -0.0383391 , 0
0.637425 , -0.0243314 , 0
0.62251 , -0.010296 , 0
0.606835 , 0.00375188 , 0
0.59036 , 0.0177949 , 0
0.57304 , 0.0318124 , 0
0.554827 , 0.0457803 , 0
0.535667 , 0.05967 , 0
0.515498 , 0.0734475 , 0
0.494253 , 0.0870716 , 0
0.471855 , 0.100493 , 0
0.448219 , 0.11365 , 0
0.423247 , 0.126469 , 0
0.396828 , 0.138855 , 0
0.368835 , 0.15069 , 0
0.339124 , 0.161824 , 0
0.307529 , 0.172058 , 0
0.273862 , 0.181134 , 0
0.237916 , 0.188701 , 0
0.199465 , 0.194283 , 0
0.158292 , 0.197212 , 0
0.114234 , 0.196547 , 0
0.0673101 , 0.190952 , 0
0.0179963 , 0.178577 , 0
-0.0322348 , 0.157099 , 0
-0.0801626 , 0.124396 , 0
-0.120801 , 0.0803813 , 0
-0.149786 , 0.0286123 , 0
-0.166322 , -0.0255347 , 0
-0.172571 , -0.0781021 , 0
-0.171337 , -0.127283 , 0
-0.16491 , -0.172606 , 0
-0.15491 , -0.21419 , 0
-0.142439 , -0.252356 , 0
-0.128242 , -0.287466 , 0
-0.112834 , -0.31986 , 0
-0.0965735 , -0.349838 , 0
-0.0797176 , -0.377659 , 0
-0.0624531 , -0.403544 , 0
-0.0449184 , -0.427683 , 0
-0.0272171 , -0.450236 , 0
-0.00942851 , -0.471344 , 0
0.00838664 , -0.491127 , 0
0.0261809 , -0.509687 , 0
0.0439172 , -0.527118 , 0
0.061566 , -0.543499 , 0
0.0791039 , -0.558902 , 0
0.0965122 , -0.573388 , 0
0.113776 , -0.587015 , 0
0.130883 , -0.599833 , 0
0.147823 , -0.611887 , 0
0.164588 , -0.623218 , 0
0.181172 , -0.633863 , 0
0.19757 , -0.643856 , 0
0.213778 , -0.653228 , 0
0.229791 , -0.662007 , 0
0.245608 , -0.670219 , 0
0.261225 , -0.677888 , 0
0.276642 , -0.685036 , 0
0.291856 , -0.691683 , 0
0.306867 , -0.697848 , 0
0.321675 , -0.703549 , 0
0.336277 , -0.708803 , 0
0.350674 , -0.713623 , 0
0.364865 , -0.718026 , 0
0.378851 , -0.722023 , 0
0.392631 , -0.725628 , 0
0.406204 , -0.728852 , 0
0.419572 , -0.731706 , 0
0.432734 , -0.734201 , 0
0.445689 , -0.736347 , 0
0.458439 , -0.738152 , 0
0.470982 , -0.739625 , 0
0.48332 , -0.740775 , 0
0.495452 , -0.74161 , 0
0.507378 , -0.742136 , 0
0.519098 , -0.742362 , 0
0.530613 , -0.742293 , 0
0.541921 , -0.741936 , 0
0.553024 , -0.741298 , 0
0.56392 , -0.740383 , 0
0.574611 , -0.739197 , 0
0.585095 , -0.737746 , 0
0.595373 , -0.736035 , 0
0.605443 , -0.734068 , 0
0.615307 , -0.73185 , 0
0.624963 , -0.729385 , 0
0.634412 , -0.726677 , 0
0.643652 , -0.723731 , 0
0.652683 , -0.72055 , 0
0.661505 , -0.717138 , 0
0.670117 , -0.713499 , 0
0.678519 , -0.709635 , 0
0.686709 , -0.70555 , 0
0.694687 , -0.701248 , 0
0.702452 , -0.69673 , 0
0.710004 , -0.692001 , 0
0.71734 , -0.687062 , 0
0.724461 , -0.681917 , 0
0.731366 , -0.676568 , 0
0.738052 , -0.671017 , 0
0.744519 , -0.665266 , 0
0.750766 , -0.659319 , 0
0.756791 , -0.653177 , 0
0.762593 , -0.646842 , 0
0.768169 , -0.640317 , 0
0.77352 , -0.633603 , 0
0.778643 , -0.626702 , 0
0.783535 , -0.619616 , 0
0.788196 , -0.612347 , 0
0.792624 , -0.604897 , 0
0.796816 , -0.597266 , 0
0.80077 , -0.589458 , 0
0.804483 , -0.581472 , 0
0.807955 , -0.573312 , 0
0.811182 , -0.564978 , 0
0.814161 , -0.556471 , 0
0.81689 , -0.547793 , 0
0.819366 , -0.538946 , 0
0.821585 , -0.52993 , 0
0.823546 , -0.520747 , 0
0.825245 , -0.511399 , 0
0.826677 , -0.501885 , 0
0.827841 , -0.492208 , 0
0.828731 , -0.482369 , 0
0.829344 , -0.472368 , 0
0.829676 , -0.462208 , 0
0.829723 , -0.451888 , 0
0.82948 , -0.44141 , 0
0.828942 , -0.430776 , 0
0.828104 , -0.419986 , 0
0.826962 , -0.409041 , 0
0.825509 , -0.397943 , 0
0.82374 , -0.386692 , 0
0.821649 , -0.37529 , 0
0.819229 , -0.363738 , 0
0.816474 , -0.352037 , 0
0.813377 , -0.340189 , 0
0.80993 , -0.328194 , 0
0.806125 , -0.316055 , 0
0.801955 , -0.303771 , 0
0.797409 , -0.291346 , 0
0.79248 , -0.278781 , 0
0.787157 , -0.266077 , 0
0.781429 , -0.253236 , 0
0.775286 , -0.240261 , 0
0.768715 , -0.227153 , 0
0.761705 , -0.213916 , 0
0.754241 , -0.200551 , 0
0.74631 , -0.187061 , 0
0.737895 , -0.173451 , 0
0.728982 , -0.159723 , 0
0.719551 , -0.145882 , 0
0.709585 , -0.131932 , 0
0.699063 , -0.117879 , 0
0.687962 , -0.103729 , 0
0.676259 , -0.0894875 , 0
0.663928 , -0.075163 , 0
0.650942 , -0.0607643 , 0
0.637269 , -0.0463016 , 0
0.622876 , -0.0317865 , 0
0.607726 , -0.0172328 , 0
0.591779 , -0.0026565 , 0
0.574991 , 0.0119236 , 0
0.557312 , 0.0264852 , 0
0.538687 , 0.0410018 , 0
0.519055 , 0.0554419 , 0
0.498348 , 0.069767 , 0
0.476489 , 0.0839308 , 0
0.453389 , 0.0978762 , 0
0.428951 , 0.111533 , 0
0.40306 , 0.124811 , 0
0.375588 , 0.1376 , 0
0.346387 , 0.149756 , 0
0.315286 , 0.16109 , 0
0.282092 , 0.171355 , 0
0.246585 , 0.180215 , 0
0.208528 , 0.187211 , 0
0.167678 , 0.1917 , 0
0.123837 , 0.192769 , 0
0.076961 , 0.189114 , 0
0.0274206 , 0.178912 , 0
-0.0234825 , 0.159817 , 0
-0.0727438 , 0.129548 , 0
-0.115468 , 0.0876377 , 0
-0.147021 , 0.0372483 , 0
-0.166154 , -0.0162876 , 0
-0.174764 , -0.068792 , 0
-0.1756 , -0.118236 , 0
-0.170981 , -0.164008 , 0
-0.162573 , -0.206145 , 0
-0.151517 , -0.244924 , 0
-0.138592 , -0.280682 , 0
-0.124335 , -0.313743 , 0
-0.109125 , -0.344399 , 0
-0.0932333 , -0.372902 , 0
-0.0768575 , -0.39947 , 0
-0.0601452 , -0.424289 , 0
-0.0432077 , -0.447519 , 0
-0.0261301 , -0.469298 , 0
-0.00897827 , -0.489745 , 0
0.00819603 , -0.508964 , 0
0.025352 , -0.527046 , 0
0.0424572 , -0.54407 , 0
0.0594853 , -0.560108 , 0
0.0764153 , -0.575222 , 0
0.0932301 , -0.589468 , 0
0.109916 , -0.602898 , 0
0.12646 , -0.615555 , 0
0.142855 , -0.627481 , 0
0.159092 , -0.638713 , 0
0.175164 , -0.649285 , 0
0.191066 , -0.659228 , 0
0.206795 , -0.66857 , 0
0.222345 , -0.677338 , 0
0.237715 , -0.685554 , 0
0.252901 , -0.693242 , 0
0.267902 , -0.700421 , 0
0.282715 , -0.70711 , 0
0.29734 , -0.713328 , 0
0.311775 , -0.71909 , 0
0.32602 , -0.724412 , 0
0.340072 , -0.729308 , 0
0.353932 , -0.733792 , 0
0.3676 , -0.737876 , 0
0.381074 , -0.741571 , 0
0.394354 , -0.74489 , 0
0.40744 , -0.747842 , 0
0.420331 , -0.750437 , 0
0.433028 , -0.752684 , 0
0.44553 , -0.754593 , 0
0.457837 , -0.756171 , 0
0.469949 , -0.757427 , 0
0.481865 , -0.758367 , 0
0.493585 , -0.758999 , 0
0.50511 , -0.75933 , 0
0.516438 , -0.759366 , 0
0.527569 , -0.759113 , 0
0.538504 , -0.758577 , 0
0.549241 , -0.757763 , 0
0.559781 , -0.756676 , 0
0.570124 , -0.755322 , 0
0.580268 , -0.753706 , 0
0.590213 , -0.751831 , 0
0.599959 , -0.749703 , 0
0.609505 , -0.747325 , 0
0.618852 , -0.744702 , 0
0.627997 , -0.741836 , 0
0.63694 , -0.738733 , 0
0.645682 , -0.735395 , 0
0.65422 , -0.731826 , 0
0.662554 , -0.728029 , 0
0.670684 , -0.724007 , 0
0.678608 , -0.719763 , 0
0.686326 , -0.715299 , 0
0.693836 , -0.71062 , 0
0.701137 , -0.705726 , 0
0.708228 , -0.700622 , 0
0.715108 , -0.695308 , 0
0.721776 , -0.689788 , 0
0.72823 , -0.684064 , 0
0.734469 , -0.678137 , 0
0.740491 , -0.672011 , 0
0.746295 , -0.665686 , 0
0.751879 , -0.659165 , 0
0.757242 , -0.65245 , 0
0.76238 , -0.645543 , 0
0.767294 , -0.638444 , 0
0.77198 , -0.631157 , 0
0.776437 , -0.623682 , 0
0.780662 , -0.61602 , 0
0.784653 , -0.608174 , 0
0.788408 , -0.600145 , 0
0.791924 , -0.591934 , 0
0.795198 , -0.583543 , 0
0.798228 , -0.574972 , 0
0.801011 , -0.566224 , 0
0.803544 , -0.557298 , 0
0.805824 , -0.548197 , 0
0.807847 , -0.538921 , 0
0.80961 , -0.529472 , 0
0.81111 , -0.519851 , 0
0.812342 , -0.510058 , 0
0.813303 , -0.500095 , 0
0.813989 , -0.489963 , 0
0.814395 , -0.479662 , 0
0.814516 , -0.469194 , 0
0.814349 , -0.458559 , 0
0.813887 , -0.447759 , 0
0.813127 , -0.436794 , 0
0.812061 , -0.425666 , 0
0.810686 , -0.414374 , 0
0.808993 , -0.402921 , 0
0.806978 , -0.391307 , 0
0.804632 , -0.379533 , 0
0.801951 , -0.3676 , 0
0.798924 , -0.35551 , 0
0.795546 , -0.343263 , 0
0.791807 , -0.33086 , 0
0.787699 , -0.318303 , 0
0.783213 , -0.305593 , 0
0.778338 , -0.292731 , 0
0.773064 , -0.27972 , 0
0.76738 , -0.26656 , 0
0.761274 , -0.253253 , 0
0.754734 , -0.239802 , 0
0.747746 , -0.226209 , 0
0.740296 , -0.212476 , 0
0.732368 , -0.198606 , 0
0.723946 , -0.184601 , 0
0.715013 , -0.170467 , 0
0.705549 , -0.156206 , 0
0.695534 , -0.141823 , 0
0.684945 , -0.127323 , 0
0.67376 , -0.112712 , 0
0.661952 , -0.0979965 , 0
0.649493 , -0.0831849 , 0
0.636352 , -0.0682861 , 0
0.622496 , -0.0533104 , 0
0.607887 , -0.0382704 , 0
0.592486 , -0.0231804 , 0
0.576247 , -0.00805768 , 0
0.559121 , 0.00707746 , 0
0.541052 , 0.0222007 , 0
0.521979 , 0.0372827 , 0
0.501833 , 0.052288 , 0
0.480535 , 0.0671734 , 0
0.457998 , 0.0818854 , 0
0.43412 , 0.0963579 , 0
0.408787 , 0.110507 , 0
0.381868 , 0.124228 , 0
0.353211 , 0.137383 , 0
0.322641 , 0.149795 , 0
0.289959 , 0.161225 , 0
0.254937 , 0.171355 , 0
0.217322 , 0.179742 , 0
0.176853 , 0.185767 , 0
0.133294 , 0.188548 , 0
0.0865447 , 0.186816 , 0
0.0368728 , 0.178775 , 0
-0.0145857 , 0.162071 , 0
-0.0650467 , 0.134283 , 0
-0.109737 , 0.0945812 , 0
-0.14379 , 0.0457117 , 0
-0.165506 , -0.00707988 , 0
-0.176493 , -0.0594125 , 0
-0.179426 , -0.109034 , 0
-0.176645 , -0.155183 , 0
-0.169859 , -0.197815 , 0
-0.16025 , -0.237157 , 0
-0.148626 , -0.273518 , 0
-0.13555 , -0.307207 , 0
-0.121419 , -0.338505 , 0
-0.106518 , -0.367658 , 0
-0.091058 , -0.394879 , 0
-0.0751945 , -0.420351 , 0
-0.0590465 , -0.444232 , 0
-0.0427051 , -0.466659 , 0
-0.0262414 , -0.487749 , 0
-0.0097113 , -0.507605 , 0
0.00684065 , -0.526319 , 0
0.0233788 , -0.543969 , 0
0.0398742 , -0.560625 , 0
0.0563034 , -0.576351 , 0
0.0726472 , -0.591202 , 0
0.0888897 , -0.605229 , 0
0.105018 , -0.618477 , 0
0.12102 , -0.630986 , 0
0.136889 , -0.642794 , 0
0.152615 , -0.653935 , 0
0.168192 , -0.66444 , 0
0.183616 , -0.674336 , 0
0.198881 , -0.68365 , 0
0.213984 , -0.692406 , 0
0.228921 , -0.700625 , 0
0.243689 , -0.708329 , 0
0.258287 , -0.715537 , 0
0.272712 , -0.722265 , 0
0.286962 , -0.728531 , 0
0.301036 , -0.734349 , 0
0.314932 , -0.739735 , 0
0.32865 , -0.744701 , 0
0.342188 , -0.74926 , 0
0.355546 , -0.753424 , 0
0.368723 , -0.757204 , 0
0.381717 , -0.760611 , 0
0.394529 , -0.763654 , 0
0.407159 , -0.766342 , 0
0.419604 , -0.768685 , 0
0.431865 , -0.770691 , 0
0.443942 , -0.772367 , 0
0.455834 , -0.773721 , 0
0.46754 , -0.77476 , 0
0.47906 , -0.775491 , 0
0.490394 , -0.775921 , 0
0.501541 , -0.776054 , 0
0.512501 , -0.775898 , 0
0.523272 , -0.775458 , 0
0.533856 , -0.774738 , 0
0.54425 , -0.773744 , 0
0.554455 , -0.772481 , 0
0.56447 , -0.770953 , 0
0.574295 , -0.769164 , 0
0.583927 , -0.767119 , 0
0.593368 , -0.764822 , 0
0.602616 , -0.762277 , 0
0.611671 , -0.759486 , 0
0.620531 , -0.756455 , 0
0.629196 , -0.753185 , 0
0.637664 , -0.74968 , 0
0.645936 , -0.745944 , 0
0.654009 , -0.741979 , 0
0.661884 , -0.737787 , 0
0.669557 , -0.733373 , 0
0.67703 , -0.728738 , 0
0.6843 , -0.723884 , 0
0.691365 , -0.718815 , 0
0.698225 , -0.713532 , 0
0.704879 , -0.708038 , 0
0.711324 , -0.702334 , 0
0.717559 , -0.696424 , 0
0.723583 , -0.690308 , 0
0.729393 , -0.683989 , 0
0.734989 , -0.677468 , 0
0.740367 , -0.670747 , 0
0.745527 , -0.663828 , 0
0.750466 , -0.656712 , 0
0.755182 , -0.649401 , 0
0.759673 , -0.641896 , 0
0.763936 , -0.634199 , 0
0.767969 , -0.626312 , 0
0.771769 , -0.618234 , 0
0.775334 , -0.609968 , 0
0.778662 , -0.601515 , 0
0.781748 , -0.592875 , 0
0.78459 , -0.584051 , 0
0.787186 , -0.575043 , 0
0.789531 , -0.565852 , 0
0.791622 , -0.556478 , 0
0.793455 , -0.546924 , 0
0.795027 , -0.53719 , 0
0.796334 , -0.527277 , 0
0.797372 , -0.517185 , 0
0.798136 , -0.506915 , 0
0.798621 , -0.496469 , 0
0.798824 , -0.485847 , 0
