x , y , z
-0.00379862 , 0.00743993 , 2.30301e-005
-0.00385729 , 0.00742599 , 2.46482e-005
-0.00391598 , 0.00741209 , 2.62662e-005
-0.00397468 , 0.00739824 , 2.78842e-005
-0.00403341 , 0.00738442 , 2.95022e-005
-0.00409218 , 0.00737064 , 3.11203e-005
-0.00415097 , 0.0073569 , 3.27383e-005
-0.00420981 , 0.00734319 , 3.43563e-005
-0.00426869 , 0.00732949 , 3.59743e-005
-0.00432761 , 0.00731582 , 3.75924e-005
-0.00438659 , 0.00730215 , 3.92104e-005
-0.00444561 , 0.00728849 , 4.08284e-005
-0.00450468 , 0.00727482 , 4.24464e-005
-0.0045638 , 0.00726115 , 4.40645e-005
-0.00462297 , 0.00724746 , 4.56825e-005
-0.00468218 , 0.00723374 , 4.73005e-005
-0.00474143 , 0.00722 , 4.89186e-005
-0.00480071 , 0.00720623 , 5.05366e-005
-0.00486003 , 0.00719242 , 5.21546e-005
-0.00491937 , 0.00717858 , 5.37727e-005
-0.00497873 , 0.00716469 , 5.53907e-005
-0.0050381 , 0.00715076 , 5.70088e-005
-0.00509748 , 0.00713679 , 5.86268e-005
-0.00515687 , 0.00712277 , 6.02449e-005
-0.00521626 , 0.00710872 , 6.18629e-005
-0.00527563 , 0.00709462 , 6.3481e-005
-0.005335 , 0.00708048 , 6.5099e-005
-0.00539436 , 0.00706631 , 6.67171e-005
-0.00545369 , 0.0070521 , 6.83351e-005
-0.005513 , 0.00703785 , 6.99532e-005
-0.00557229 , 0.00702358 , 7.15712e-005
-0.00563155 , 0.00700928 , 7.31893e-005
-0.00569078 , 0.00699495 , 7.48074e-005
-0.00574997 , 0.00698061 , 7.64254e-005
-0.00580913 , 0.00696625 , 7.80435e-005
-0.00586826 , 0.00695188 , 7.96615e-005
-0.00592734 , 0.0069375 , 8.12796e-005
-0.00598639 , 0.00692311 , 8.28976e-005
-0.00604541 , 0.00690873 , 8.45157e-005
-0.00610438 , 0.00689435 , 8.61338e-005
-0.00616332 , 0.00687997 , 8.77518e-005
-0.00622222 , 0.00686561 , 8.93699e-005
-0.00628108 , 0.00685126 , 9.09879e-005
-0.00633991 , 0.00683693 , 9.2606e-005
-0.00639871 , 0.00682262 , 9.4224e-005
-0.00645748 , 0.00680834 , 9.58421e-005
-0.00651622 , 0.00679409 , 9.74601e-005
-0.00657494 , 0.00677988 , 9.90782e-005
-0.00663364 , 0.0067657 , 0.000100696
-0.00669232 , 0.00675155 , 0.000102314
-0.00675099 , 0.00673745 , 0.000103932
-0.00680965 , 0.0067234 , 0.00010555
-0.00686831 , 0.00670939 , 0.000107168
-0.00692698 , 0.00669542 , 0.000108786
-0.00698566 , 0.0066815 , 0.000110404
-0.00704435 , 0.00666762 , 0.000112022
-0.00710307 , 0.00665378 , 0.00011364
-0.00716181 , 0.00663998 , 0.000115259
-0.00722058 , 0.00662622 , 0.000116877
-0.00727939 , 0.00661249 , 0.000118495
-0.00733825 , 0.00659878 , 0.000120113
-0.00739715 , 0.0065851 , 0.000121731
-0.00745609 , 0.00657143 , 0.000123349
-0.00751508 , 0.00655776 , 0.000124967
-0.00757413 , 0.0065441 , 0.000126585
-0.00763322 , 0.00653043 , 0.000128203
-0.00769236 , 0.00651675 , 0.000129821
-0.00775155 , 0.00650305 , 0.000131439
-0.00781077 , 0.00648933 , 0.000133057
-0.00787004 , 0.00647557 , 0.000134675
-0.00792933 , 0.00646179 , 0.000136293
-0.00798866 , 0.00644796 , 0.000137911
-0.008048 , 0.0064341 , 0.000139529
-0.00810737 , 0.0064202 , 0.000141147
-0.00816675 , 0.00640625 , 0.000142765
-0.00822613 , 0.00639226 , 0.000144383
-0.00828552 , 0.00637823 , 0.000146001
-0.0083449 , 0.00636416 , 0.000147619
-0.00840427 , 0.00635004 , 0.000149237
-0.00846364 , 0.00633589 , 0.000150855
-0.00852298 , 0.0063217 , 0.000152473
-0.00858231 , 0.00630748 , 0.000154091
-0.00864161 , 0.00629322 , 0.000155709
-0.00870089 , 0.00627894 , 0.000157328
-0.00876013 , 0.00626463 , 0.000158946
-0.00881935 , 0.0062503 , 0.000160564
-0.00887853 , 0.00623595 , 0.000162182
-0.00893768 , 0.00622158 , 0.0001638
-0.00899679 , 0.00620721 , 0.000165418
-0.00905586 , 0.00619283 , 0.000167036
-0.0091149 , 0.00617844 , 0.000168654
-0.0091739 , 0.00616405 , 0.000170272
-0.00923286 , 0.00614967 , 0.00017189
-0.00929178 , 0.0061353 , 0.000173508
-0.00935066 , 0.00612094 , 0.000175126
-0.00940951 , 0.0061066 , 0.000176744
-0.00946833 , 0.00609228 , 0.000178362
-0.00952712 , 0.00607798 , 0.00017998
-0.00958588 , 0.00606371 , 0.000181598
-0.00964461 , 0.00604948 , 0.000183216
-0.00970332 , 0.00603527 , 0.000184834
-0.00976201 , 0.00602111 , 0.000186453
-0.00982068 , 0.00600698 , 0.000188071
-0.00987935 , 0.0059929 , 0.000189689
-0.00993801 , 0.00597886 , 0.000191307
-0.00999668 , 0.00596487 , 0.000192925
-0.0100553 , 0.00595092 , 0.000194543
-0.010114 , 0.00593701 , 0.000196161
-0.0101727 , 0.00592315 , 0.000197779
-0.0102315 , 0.00590933 , 0.000199397
-0.0102902 , 0.00589555 , 0.000201015
-0.010349 , 0.0058818 , 0.000202633
-0.0104078 , 0.00586808 , 0.000204251
-0.0104667 , 0.00585438 , 0.000205869
-0.0105256 , 0.0058407 , 0.000207487
-0.0105846 , 0.00582704 , 0.000209105
-0.0106436 , 0.00581337 , 0.000210723
-0.0107027 , 0.00579971 , 0.000212341
-0.0107618 , 0.00578604 , 0.000213959
-0.0108209 , 0.00577235 , 0.000215577
-0.0108801 , 0.00575864 , 0.000217195
-0.0109394 , 0.0057449 , 0.000218813
-0.0109986 , 0.00573114 , 0.000220431
-0.011058 , 0.00571734 , 0.000222049
-0.0111173 , 0.0057035 , 0.000223667
-0.0111766 , 0.00568962 , 0.000225285
-0.011236 , 0.0056757 , 0.000226903
-0.0112954 , 0.00566174 , 0.000228521
-0.0113548 , 0.00564773 , 0.000230139
-0.0114142 , 0.00563368 , 0.000231757
-0.0114735 , 0.00561959 , 0.000233375
-0.0115329 , 0.00560546 , 0.000234994
-0.0115923 , 0.0055913 , 0.000236612
-0.0116516 , 0.00557709 , 0.00023823
-0.0117109 , 0.00556286 , 0.000239848
-0.0117702 , 0.00554859 , 0.000241466
-0.0118295 , 0.0055343 , 0.000243084
-0.0118887 , 0.00551998 , 0.000244702
-0.0119479 , 0.00550564 , 0.00024632
-0.0120071 , 0.00549128 , 0.000247938
-0.0120662 , 0.00547692 , 0.000249556
-0.0121253 , 0.00546254 , 0.000251174
-0.0121844 , 0.00544815 , 0.000252792
-0.0122434 , 0.00543377 , 0.00025441
-0.0123024 , 0.00541938 , 0.000256028
-0.0123613 , 0.005405 , 0.000257646
-0.0124202 , 0.00539064 , 0.000259264
-0.0124791 , 0.00537628 , 0.000260882
-0.0125379 , 0.00536195 , 0.000262501
-0.0125967 , 0.00534764 , 0.000264119
-0.0126555 , 0.00533335 , 0.000265737
-0.0127143 , 0.00531909 , 0.000267355
-0.012773 , 0.00530487 , 0.000268973
-0.0128317 , 0.00529068 , 0.000270591
-0.0128904 , 0.00527653 , 0.000272209
-0.012949 , 0.00526242 , 0.000273827
-0.0130077 , 0.00524835 , 0.000275445
-0.0130664 , 0.00523433 , 0.000277063
-0.013125 , 0.00522036 , 0.000278681
-0.0131837 , 0.00520643 , 0.000280299
-0.0132424 , 0.00519254 , 0.000281917
-0.0133011 , 0.00517869 , 0.000283535
-0.0133598 , 0.00516489 , 0.000285153
-0.0134186 , 0.00515112 , 0.000286771
-0.0134774 , 0.00513738 , 0.000288389
-0.0135363 , 0.00512367 , 0.000290007
-0.0135951 , 0.00510999 , 0.000291625
-0.0136541 , 0.00509631 , 0.000293243
-0.0137131 , 0.00508265 , 0.000294861
-0.0137721 , 0.00506899 , 0.000296479
-0.0138312 , 0.00505532 , 0.000298097
-0.0138903 , 0.00504164 , 0.000299715
-0.0139495 , 0.00502794 , 0.000301333
-0.0140087 , 0.00501422 , 0.000302951
-0.014068 , 0.00500048 , 0.000304569
-0.0141273 , 0.00498669 , 0.000306187
-0.0141866 , 0.00497288 , 0.000307805
-0.0142459 , 0.00495902 , 0.000309424
-0.0143053 , 0.00494513 , 0.000311042
-0.0143647 , 0.00493119 , 0.00031266
-0.014424 , 0.00491721 , 0.000314278
-0.0144834 , 0.00490319 , 0.000315896
-0.0145428 , 0.00488913 , 0.000317514
-0.0146022 , 0.00487502 , 0.000319132
-0.0146615 , 0.00486088 , 0.00032075
-0.0147209 , 0.0048467 , 0.000322368
-0.0147802 , 0.00483248 , 0.000323986
-0.0148395 , 0.00481823 , 0.000325604
-0.0148988 , 0.00480395 , 0.000327222
-0.0149581 , 0.00478965 , 0.00032884
-0.0150173 , 0.00477532 , 0.000330458
-0.0150765 , 0.00476098 , 0.000332076
-0.0151356 , 0.00474662 , 0.000333694
-0.0151948 , 0.00473224 , 0.000335312
-0.0152538 , 0.00471786 , 0.00033693
-0.0153129 , 0.00470348 , 0.000338548
-0.0153719 , 0.00468909 , 0.000340167
-0.0154309 , 0.00467471 , 0.000341785
-0.0154898 , 0.00466033 , 0.000343403
-0.0155487 , 0.00464597 , 0.000345021
-0.0156075 , 0.00463163 , 0.000346639
-0.0156664 , 0.0046173 , 0.000348257
-0.0157252 , 0.00460299 , 0.000349875
-0.0157839 , 0.00458872 , 0.000351493
-0.0158427 , 0.00457447 , 0.000353111
-0.0159014 , 0.00456026 , 0.000354729
-0.0159601 , 0.00454609 , 0.000356347
-0.0160187 , 0.00453195 , 0.000357965
-0.0160774 , 0.00451786 , 0.000359583
-0.0161361 , 0.00450381 , 0.000361201
-0.0161947 , 0.00448981 , 0.000362819
-0.0162534 , 0.00447585 , 0.000364437
-0.0163121 , 0.00446194 , 0.000366055
-0.0163708 , 0.00444807 , 0.000367673
-0.0164295 , 0.00443424 , 0.000369291
-0.0164882 , 0.00442045 , 0.000370909
-0.016547 , 0.0044067 , 0.000372527
-0.0166058 , 0.00439297 , 0.000374145
-0.0166647 , 0.00437927 , 0.000375763
-0.0167236 , 0.00436559 , 0.000377381
-0.0167826 , 0.00435192 , 0.000378999
-0.0168416 , 0.00433826 , 0.000380618
-0.0169006 , 0.0043246 , 0.000382236
-0.0169597 , 0.00431092 , 0.000383854
-0.0170189 , 0.00429724 , 0.000385472
-0.0170781 , 0.00428353 , 0.00038709
-0.0171373 , 0.0042698 , 0.000388708
-0.0171966 , 0.00425604 , 0.000390326
-0.0172559 , 0.00424225 , 0.000391944
-0.0173152 , 0.00422842 , 0.000393562
-0.0173746 , 0.00421454 , 0.00039518
-0.0174339 , 0.00420063 , 0.000396798
-0.0174933 , 0.00418668 , 0.000398416
-0.0175527 , 0.00417268 , 0.000400034
-0.0176121 , 0.00415864 , 0.000401652
-0.0176714 , 0.00414456 , 0.00040327
-0.0177308 , 0.00413044 , 0.000404888
-0.0177902 , 0.00411628 , 0.000406506
-0.0178495 , 0.00410209 , 0.000408124
-0.0179088 , 0.00408786 , 0.000409742
-0.0179681 , 0.0040736 , 0.00041136
-0.0180274 , 0.00405931 , 0.000412978
-0.0180867 , 0.004045 , 0.000414596
-0.0181459 , 0.00403067 , 0.000416214
-0.018205 , 0.00401632 , 0.000417833
-0.0182642 , 0.00400195 , 0.000419451
-0.0183233 , 0.00398757 , 0.000421069
-0.0183824 , 0.00397319 , 0.000422687
-0.0184414 , 0.0039588 , 0.000424305
-0.0185004 , 0.00394442 , 0.000425923
-0.0185593 , 0.00393004 , 0.000427541
-0.0186182 , 0.00391567 , 0.000429159
-0.0186771 , 0.00390131 , 0.000430777
-0.018736 , 0.00388697 , 0.000432395
-0.0187948 , 0.00387265 , 0.000434013
-0.0188536 , 0.00385836 , 0.000435631
-0.0189123 , 0.00384409 , 0.000437249
-0.018971 , 0.00382986 , 0.000438867
-0.0190297 , 0.00381566 , 0.000440485
-0.0190884 , 0.0038015 , 0.000442103
-0.0191471 , 0.00378739 , 0.000443721
-0.0192058 , 0.00377331 , 0.000445339
-0.0192644 , 0.00375928 , 0.000446957
-0.0193231 , 0.0037453 , 0.000448575
-0.0193818 , 0.00373136 , 0.000450194
-0.0194404 , 0.00371746 , 0.000451812
-0.0194992 , 0.00370361 , 0.00045343
-0.0195579 , 0.0036898 , 0.000455048
-0.0196166 , 0.00367602 , 0.000456666
-0.0196754 , 0.00366228 , 0.000458284
-0.0197343 , 0.00364857 , 0.000459902
-0.0197932 , 0.00363488 , 0.00046152
-0.0198521 , 0.0036212 , 0.000463138
-0.0199111 , 0.00360753 , 0.000464756
-0.0199701 , 0.00359387 , 0.000466374
-0.0200292 , 0.00358021 , 0.000467992
-0.0200883 , 0.00356653 , 0.00046961
-0.0201474 , 0.00355283 , 0.000471228
-0.0202067 , 0.00353912 , 0.000472846
-0.0202659 , 0.00352538 , 0.000474464
-0.0203252 , 0.0035116 , 0.000476082
-0.0203845 , 0.00349779 , 0.0004777
-0.0204438 , 0.00348395 , 0.000479318
-0.0205032 , 0.00347006 , 0.000480936
-0.0205626 , 0.00345613 , 0.000482554
-0.0206219 , 0.00344216 , 0.000484172
-0.0206813 , 0.00342815 , 0.00048579
-0.0207407 , 0.00341409 , 0.000487408
-0.0208001 , 0.0034 , 0.000489026
-0.0208595 , 0.00338586 , 0.000490644
-0.0209188 , 0.00337169 , 0.000492262
-0.0209781 , 0.00335748 , 0.00049388
-0.0210375 , 0.00334324 , 0.000495499
-0.0210967 , 0.00332897 , 0.000497117
-0.021156 , 0.00331467 , 0.000498735
-0.0212152 , 0.00330035 , 0.000500353
-0.0212744 , 0.00328601 , 0.000501971
-0.0213336 , 0.00327165 , 0.000503589
-0.0213927 , 0.00325728 , 0.000505207
-0.0214518 , 0.0032429 , 0.000506825
-0.0215109 , 0.00322852 , 0.000508443
-0.0215699 , 0.00321413 , 0.000510061
-0.0216289 , 0.00319974 , 0.000511679
-0.0216878 , 0.00318537 , 0.000513297
-0.0217467 , 0.003171 , 0.000514915
-0.0218056 , 0.00315665 , 0.000516533
-0.0218644 , 0.00314232 , 0.000518151
-0.0219232 , 0.00312801 , 0.000519769
-0.021982 , 0.00311372 , 0.000521387
-0.0220407 , 0.00309947 , 0.000523006
-0.0220994 , 0.00308525 , 0.000524624
-0.0221581 , 0.00307107 , 0.000526242
-0.0222168 , 0.00305693 , 0.00052786
-0.0222755 , 0.00304283 , 0.000529478
-0.0223341 , 0.00302877 , 0.000531096
-0.0223928 , 0.00301476 , 0.000532714
-0.0224515 , 0.00300079 , 0.000534332
-0.0225101 , 0.00298687 , 0.00053595
-0.0225688 , 0.00297299 , 0.000537568
-0.0226275 , 0.00295916 , 0.000539186
-0.0226863 , 0.00294536 , 0.000540804
-0.022745 , 0.0029316 , 0.000542422
-0.0228039 , 0.00291787 , 0.00054404
-0.0228627 , 0.00290417 , 0.000545658
-0.0229216 , 0.00289048 , 0.000547276
-0.0229806 , 0.00287681 , 0.000548894
-0.0230396 , 0.00286315 , 0.000550512
-0.0230986 , 0.00284948 , 0.00055213
-0.0231577 , 0.00283581 , 0.000553748
-0.0232168 , 0.00282213 , 0.000555366
-0.023276 , 0.00280843 , 0.000556984
-0.0233352 , 0.0027947 , 0.000558602
-0.0233945 , 0.00278095 , 0.00056022
-0.0234538 , 0.00276716 , 0.000561838
-0.0235131 , 0.00275333 , 0.000563456
-0.0235725 , 0.00273947 , 0.000565074
-0.0236318 , 0.00272557 , 0.000566692
-0.0236912 , 0.00271162 , 0.00056831
-0.0237506 , 0.00269763 , 0.000569928
-0.02381 , 0.0026836 , 0.000571547
-0.0238694 , 0.00266953 , 0.000573165
-0.0239287 , 0.00265542 , 0.000574783
-0.0239881 , 0.00264127 , 0.000576401
-0.0240474 , 0.00262708 , 0.000578019
-0.0241068 , 0.00261286 , 0.000579637
-0.0241661 , 0.00259861 , 0.000581255
-0.0242253 , 0.00258433 , 0.000582873
-0.0242846 , 0.00257002 , 0.000584491
-0.0243438 , 0.0025557 , 0.000586109
-0.024403 , 0.00254135 , 0.000587727
-0.0244621 , 0.00252698 , 0.000589345
-0.0245213 , 0.00251261 , 0.000590963
-0.0245803 , 0.00249823 , 0.000592581
-0.0246394 , 0.00248384 , 0.000594199
-0.0246984 , 0.00246945 , 0.000595817
-0.0247573 , 0.00245507 , 0.000597435
-0.0248163 , 0.0024407 , 0.000599053
-0.0248751 , 0.00242634 , 0.000600672
-0.024934 , 0.00241199 , 0.00060229
-0.0249928 , 0.00239767 , 0.000603908
-0.0250516 , 0.00238337 , 0.000605526
-0.0251104 , 0.0023691 , 0.000607144
-0.0251691 , 0.00235486 , 0.000608762
-0.0252278 , 0.00234065 , 0.00061038
-0.0252865 , 0.00232648 , 0.000611998
-0.0253452 , 0.00231236 , 0.000613616
-0.0254038 , 0.00229827 , 0.000615234
-0.0254625 , 0.00228423 , 0.000616852
-0.0255211 , 0.00227024 , 0.00061847
-0.0255798 , 0.00225629 , 0.000620088
-0.0256385 , 0.00224239 , 0.000621706
-0.0256972 , 0.00222853 , 0.000623324
-0.0257559 , 0.00221471 , 0.000624942
-0.0258147 , 0.00220093 , 0.00062656
-0.0258735 , 0.00218718 , 0.000628178
-0.0259323 , 0.00217346 , 0.000629796
-0.0259912 , 0.00215977 , 0.000631414
-0.0260501 , 0.00214609 , 0.000633032
-0.026109 , 0.00213242 , 0.00063465
-0.0261681 , 0.00211876 , 0.000636268
-0.0262271 , 0.00210509 , 0.000637886
-0.0262862 , 0.00209142 , 0.000639504
-0.0263454 , 0.00207773 , 0.000641122
-0.0264046 , 0.00206401 , 0.00064274
-0.0264638 , 0.00205028 , 0.000644358
-0.0265231 , 0.00203651 , 0.000645977
-0.0265824 , 0.00202271 , 0.000647595
-0.0266418 , 0.00200887 , 0.000649213
-0.0267011 , 0.00199499 , 0.000650831
-0.0267605 , 0.00198107 , 0.000652449
-0.0268199 , 0.0019671 , 0.000654067
-0.0268792 , 0.0019531 , 0.000655685
-0.0269386 , 0.00193905 , 0.000657303
-0.026998 , 0.00192497 , 0.000658921
-0.0270574 , 0.00191084 , 0.000660539
-0.0271167 , 0.00189668 , 0.000662157
-0.0271761 , 0.00188248 , 0.000663775
-0.0272354 , 0.00186824 , 0.000665393
-0.0272947 , 0.00185398 , 0.000667011
-0.0273539 , 0.00183969 , 0.000668629
-0.0274132 , 0.00182537 , 0.000670247
-0.0274724 , 0.00181104 , 0.000671865
-0.0275315 , 0.00179668 , 0.000673483
-0.0275907 , 0.00178232 , 0.000675101
-0.0276498 , 0.00176794 , 0.00067672
-0.0277088 , 0.00175355 , 0.000678338
-0.0277679 , 0.00173917 , 0.000679956
-0.0278269 , 0.00172478 , 0.000681574
-0.0278858 , 0.0017104 , 0.000683192
-0.0279447 , 0.00169603 , 0.00068481
-0.0280036 , 0.00168168 , 0.000686428
-0.0280624 , 0.00166734 , 0.000688046
-0.0281212 , 0.00165302 , 0.000689664
-0.02818 , 0.00163873 , 0.000691282
-0.0282388 , 0.00162447 , 0.0006929
-0.0282975 , 0.00161024 , 0.000694518
-0.0283562 , 0.00159605 , 0.000696136
-0.0284149 , 0.0015819 , 0.000697754
-0.0284735 , 0.00156779 , 0.000699372
-0.0285322 , 0.00155373 , 0.00070099
-0.0285908 , 0.0015397 , 0.000702608
-0.0286495 , 0.00152573 , 0.000704226
-0.0287082 , 0.0015118 , 0.000705844
-0.0287669 , 0.00149791 , 0.000707462
-0.0288256 , 0.00148407 , 0.00070908
-0.0288843 , 0.00147027 , 0.000710698
-0.0289431 , 0.0014565 , 0.000712316
-0.0290019 , 0.00144277 , 0.000713935
-0.0290607 , 0.00142906 , 0.000715553
-0.0291196 , 0.00141537 , 0.000717171
-0.0291786 , 0.0014017 , 0.000718789
-0.0292375 , 0.00138803 , 0.000720407
-0.0292966 , 0.00137437 , 0.000722025
-0.0293557 , 0.0013607 , 0.000723643
-0.0294148 , 0.00134702 , 0.000725261
-0.029474 , 0.00133332 , 0.000726879
-0.0295332 , 0.0013196 , 0.000728497
-0.0295924 , 0.00130585 , 0.000730115
-0.0296517 , 0.00129207 , 0.000731733
-0.0297111 , 0.00127825 , 0.000733351
-0.0297704 , 0.00126439 , 0.000734969
-0.0298297 , 0.0012505 , 0.000736587
-0.0298891 , 0.00123656 , 0.000738205
-0.0299485 , 0.00122258 , 0.000739823
-0.0300079 , 0.00120856 , 0.000741441
-0.0300673 , 0.0011945 , 0.000743059
-0.0301266 , 0.0011804 , 0.000744677
-0.030186 , 0.00116626 , 0.000746295
-0.0302453 , 0.00115208 , 0.000747913
-0.0303047 , 0.00113786 , 0.000749531
-0.030364 , 0.00112362 , 0.000751149
-0.0304233 , 0.00110935 , 0.000752767
-0.0304825 , 0.00109505 , 0.000754386
-0.0305417 , 0.00108072 , 0.000756004
-0.0306009 , 0.00106638 , 0.000757622
-0.0306601 , 0.00105202 , 0.00075924
-0.0307192 , 0.00103765 , 0.000760858
-0.0307783 , 0.00102326 , 0.000762476
-0.0308374 , 0.00100888 , 0.000764094
-0.0308964 , 0.000994491 , 0.000765712
-0.0309553 , 0.000980107 , 0.00076733
-0.0310143 , 0.000965731 , 0.000768948
-0.0310732 , 0.000951366 , 0.000770566
-0.031132 , 0.000937016 , 0.000772184
-0.0311909 , 0.000922686 , 0.000773802
-0.0312496 , 0.000908379 , 0.00077542
-0.0313084 , 0.0008941 , 0.000777038
-0.0313671 , 0.000879851 , 0.000778656
-0.0314259 , 0.000865638 , 0.000780274
-0.0314845 , 0.000851462 , 0.000781892
-0.0315432 , 0.000837326 , 0.00078351
-0.0316019 , 0.000823233 , 0.000785129
-0.0316605 , 0.000809185 , 0.000786747
-0.0317192 , 0.000795182 , 0.000788365
-0.0317779 , 0.000781225 , 0.000789983
-0.0318365 , 0.000767313 , 0.000791601
-0.0318952 , 0.000753445 , 0.000793219
-0.031954 , 0.000739619 , 0.000794837
-0.0320127 , 0.000725832 , 0.000796455
-0.0320715 , 0.000712079 , 0.000798073
-0.0321303 , 0.000698356 , 0.000799691
-0.0321892 , 0.000684657 , 0.000801309
-0.0322481 , 0.000670976 , 0.000802927
-0.032307 , 0.000657308 , 0.000804545
-0.032366 , 0.000643644 , 0.000806163
-0.0324251 , 0.000629978 , 0.000807781
-0.0324842 , 0.000616305 , 0.000809399
-0.0325434 , 0.000602617 , 0.000811017
-0.0326025 , 0.000588909 , 0.000812635
-0.0326618 , 0.000575176 , 0.000814253
-0.0327211 , 0.000561414 , 0.000815871
-0.0327804 , 0.000547617 , 0.000817489
-0.0328397 , 0.000533785 , 0.000819107
-0.032899 , 0.000519913 , 0.000820725
-0.0329584 , 0.000506001 , 0.000822343
-0.0330178 , 0.000492047 , 0.000823961
-0.0330771 , 0.000478052 , 0.000825579
-0.0331365 , 0.000464015 , 0.000827197
-0.0331959 , 0.000449937 , 0.000828815
-0.0332553 , 0.00043582 , 0.000830433
-0.0333146 , 0.000421664 , 0.000832052
-0.033374 , 0.000407473 , 0.00083367
-0.0334333 , 0.000393248 , 0.000835288
-0.0334926 , 0.000378991 , 0.000836906
-0.0335519 , 0.000364707 , 0.000838524
-0.0336111 , 0.000350397 , 0.000840142
-0.0336703 , 0.000336065 , 0.00084176
-0.0337295 , 0.000321715 , 0.000843378
-0.0337886 , 0.00030735 , 0.000844996
-0.0338478 , 0.000292974 , 0.000846614
-0.0339068 , 0.00027859 , 0.000848232
-0.0339659 , 0.000264203 , 0.00084985
-0.0340249 , 0.000249817 , 0.000851468
-0.0340838 , 0.000235435 , 0.000853086
-0.0341427 , 0.000221062 , 0.000854704
-0.0342016 , 0.000206702 , 0.000856322
-0.0342605 , 0.000192359 , 0.00085794
-0.0343193 , 0.000178037 , 0.000859558
-0.034378 , 0.00016374 , 0.000861177
-0.0344368 , 0.000149472 , 0.000862795
