x , y , z
1 , 0 , 0
0.999576 , 0.0206006 , 0
0.998727 , 0.0411925 , 0
0.997453 , 0.0617668 , 0
0.995756 , 0.0823149 , 0
0.993634 , 0.102828 , 0
0.991089 , 0.123297 , 0
0.988121 , 0.143714 , 0
0.984732 , 0.164069 , 0
0.980922 , 0.184354 , 0
0.976693 , 0.204561 , 0
0.972047 , 0.22468 , 0
0.966984 , 0.244703 , 0
0.961507 , 0.264621 , 0
0.955617 , 0.284425 , 0
0.949318 , 0.304108 , 0
0.942611 , 0.323659 , 0
0.935499 , 0.343072 , 0
0.927985 , 0.362338 , 0
0.920071 , 0.381447 , 0
0.911761 , 0.400392 , 0
0.903058 , 0.419164 , 0
0.893966 , 0.437756 , 0
0.884487 , 0.456159 , 0
0.874626 , 0.474364 , 0
0.864388 , 0.492365 , 0
0.853775 , 0.510152 , 0
0.842793 , 0.527719 , 0
0.831445 , 0.545057 , 0
0.819737 , 0.562158 , 0
0.807673 , 0.579016 , 0
0.795258 , 0.595622 , 0
0.782498 , 0.611969 , 0
0.769397 , 0.62805 , 0
0.755961 , 0.643858 , 0
0.742196 , 0.659385 , 0
0.728108 , 0.674625 , 0
0.713702 , 0.68957 , 0
0.698985 , 0.704215 , 0
0.683962 , 0.718552 , 0
0.66864 , 0.732575 , 0
0.653026 , 0.746277 , 0
0.637125 , 0.759653 , 0
0.620946 , 0.772696 , 0
0.604494 , 0.7854 , 0
0.587778 , 0.797759 , 0
0.570803 , 0.809769 , 0
0.553578 , 0.821422 , 0
0.536109 , 0.832715 , 0
0.518404 , 0.843642 , 0
0.500471 , 0.854197 , 0
0.482318 , 0.864375 , 0
0.463953 , 0.874173 , 0
0.445382 , 0.883586 , 0
0.426615 , 0.892608 , 0
0.40766 , 0.901236 , 0
0.388524 , 0.909466 , 0
0.369217 , 0.917294 , 0
0.349747 , 0.924716 , 0
0.330121 , 0.931729 , 0
0.31035 , 0.938329 , 0
0.29044 , 0.944513 , 0
0.270402 , 0.950278 , 0
0.250244 , 0.955622 , 0
0.229975 , 0.960541 , 0
0.209604 , 0.965033 , 0
0.189139 , 0.969096 , 0
0.168591 , 0.972729 , 0
0.147967 , 0.975928 , 0
0.127278 , 0.978693 , 0
0.106531 , 0.981022 , 0
0.0857375 , 0.982913 , 0
0.0649055 , 0.984366 , 0
0.0440446 , 0.98538 , 0
0.023164 , 0.985954 , 0
0.00227302 , 0.986087 , 0
-0.018619 , 0.985779 , 0
-0.0395026 , 0.985031 , 0
-0.0603686 , 0.983842 , 0
-0.0812075 , 0.982213 , 0
-0.10201 , 0.980144 , 0
-0.122767 , 0.977635 , 0
-0.143469 , 0.974689 , 0
-0.164106 , 0.971305 , 0
-0.18467 , 0.967485 , 0
-0.205151 , 0.963231 , 0
-0.22554 , 0.958545 , 0
-0.245828 , 0.953428 , 0
-0.266005 , 0.947882 , 0
-0.286062 , 0.941911 , 0
-0.305991 , 0.935515 , 0
-0.325782 , 0.928699 , 0
-0.345426 , 0.921464 , 0
-0.364915 , 0.913815 , 0
-0.38424 , 0.905754 , 0
-0.403391 , 0.897284 , 0
-0.42236 , 0.88841 , 0
-0.441139 , 0.879136 , 0
-0.459719 , 0.869464 , 0
-0.478092 , 0.859401 , 0
-0.496248 , 0.848949 , 0
-0.514181 , 0.838114 , 0
-0.531881 , 0.826901 , 0
-0.549341 , 0.815314 , 0
-0.566552 , 0.803358 , 0
-0.583508 , 0.791039 , 0
-0.6002 , 0.778362 , 0
-0.61662 , 0.765334 , 0
-0.632761 , 0.751959 , 0
-0.648615 , 0.738243 , 0
-0.664176 , 0.724194 , 0
-0.679437 , 0.709816 , 0
-0.694389 , 0.695118 , 0
-0.709028 , 0.680104 , 0
-0.723344 , 0.664782 , 0
-0.737333 , 0.649159 , 0
-0.750988 , 0.633241 , 0
-0.764303 , 0.617037 , 0
-0.777271 , 0.600553 , 0
-0.789886 , 0.583796 , 0
-0.802143 , 0.566775 , 0
-0.814037 , 0.549496 , 0
-0.825561 , 0.531969 , 0
-0.83671 , 0.5142 , 0
-0.84748 , 0.496197 , 0
-0.857866 , 0.47797 , 0
-0.867862 , 0.459525 , 0
-0.877464 , 0.440873 , 0
-0.886667 , 0.422019 , 0
-0.895469 , 0.402975 , 0
-0.903864 , 0.383747 , 0
-0.911848 , 0.364345 , 0
-0.919419 , 0.344778 , 0
-0.926572 , 0.325054 , 0
-0.933304 , 0.305183 , 0
-0.939613 , 0.285173 , 0
-0.945495 , 0.265034 , 0
-0.950948 , 0.244774 , 0
-0.955969 , 0.224404 , 0
-0.960557 , 0.203931 , 0
-0.964708 , 0.183366 , 0
-0.968421 , 0.162717 , 0
-0.971695 , 0.141995 , 0
-0.974527 , 0.121208 , 0
-0.976918 , 0.100366 , 0
-0.978865 , 0.0794791 , 0
-0.980368 , 0.0585558 , 0
-0.981426 , 0.0376058 , 0
-0.982039 , 0.0166388 , 0
-0.982207 , -0.00433569 , 0
-0.981929 , -0.0253083 , 0
-0.981206 , -0.0462694 , 0
-0.980038 , -0.0672095 , 0
-0.978426 , -0.0881191 , 0
-0.97637 , -0.108989 , 0
-0.973872 , -0.129809 , 0
-0.970932 , -0.150571 , 0
-0.967553 , -0.171264 , 0
-0.963736 , -0.19188 , 0
-0.959482 , -0.212409 , 0
-0.954794 , -0.232841 , 0
-0.949674 , -0.253169 , 0
-0.944124 , -0.273381 , 0
-0.938147 , -0.293471 , 0
-0.931746 , -0.313427 , 0
-0.924924 , -0.333242 , 0
-0.917683 , -0.352906 , 0
-0.910028 , -0.372411 , 0
-0.901962 , -0.391747 , 0
-0.893489 , -0.410906 , 0
-0.884612 , -0.429881 , 0
-0.875336 , -0.448661 , 0
-0.865665 , -0.467238 , 0
-0.855604 , -0.485605 , 0
-0.845157 , -0.503753 , 0
-0.834329 , -0.521674 , 0
-0.823126 , -0.53936 , 0
-0.811551 , -0.556803 , 0
-0.799612 , -0.573996 , 0
-0.787312 , -0.59093 , 0
-0.774659 , -0.607598 , 0
-0.761657 , -0.623994 , 0
-0.748313 , -0.640108 , 0
-0.734632 , -0.655935 , 0
-0.720622 , -0.671468 , 0
-0.706288 , -0.686699 , 0
-0.691638 , -0.701623 , 0
-0.676677 , -0.716231 , 0
-0.661413 , -0.730519 , 0
-0.645853 , -0.744479 , 0
-0.630003 , -0.758106 , 0
-0.613872 , -0.771393 , 0
-0.597465 , -0.784336 , 0
-0.580792 , -0.796927 , 0
-0.563859 , -0.809163 , 0
-0.546674 , -0.821037 , 0
-0.529246 , -0.832545 , 0
-0.51158 , -0.843681 , 0
-0.493687 , -0.85444 , 0
-0.475574 , -0.864819 , 0
-0.457249 , -0.874813 , 0
-0.43872 , -0.884417 , 0
-0.419996 , -0.893627 , 0
-0.401085 , -0.90244 , 0
-0.381996 , -0.910852 , 0
-0.362738 , -0.918859 , 0
-0.343318 , -0.926459 , 0
-0.323746 , -0.933647 , 0
-0.30403 , -0.940421 , 0
-0.28418 , -0.946778 , 0
-0.264203 , -0.952716 , 0
-0.24411 , -0.958233 , 0
-0.223909 , -0.963325 , 0
-0.203608 , -0.967991 , 0
-0.183218 , -0.97223 , 0
-0.162747 , -0.97604 , 0
-0.142204 , -0.979418 , 0
-0.121599 , -0.982365 , 0
-0.100939 , -0.984879 , 0
-0.0802356 , -0.98696 , 0
-0.0594966 , -0.988605 , 0
-0.0387315 , -0.989817 , 0
-0.0179493 , -0.990593 , 0
0.00284079 , -0.990933 , 0
0.0236296 , -0.990839 , 0
0.0444081 , -0.990311 , 0
0.0651671 , -0.989348 , 0
0.0858975 , -0.987952 , 0
0.10659 , -0.986124 , 0
0.127237 , -0.983864 , 0
0.147827 , -0.981174 , 0
0.168353 , -0.978056 , 0
0.188806 , -0.97451 , 0
0.209176 , -0.97054 , 0
0.229455 , -0.966147 , 0
0.249634 , -0.961332 , 0
0.269705 , -0.9561 , 0
0.289658 , -0.950452 , 0
0.309485 , -0.94439 , 0
0.329178 , -0.937919 , 0
0.348728 , -0.93104 , 0
0.368127 , -0.923758 , 0
0.387366 , -0.916076 , 0
0.406438 , -0.907997 , 0
0.425334 , -0.899525 , 0
0.444046 , -0.890664 , 0
0.462566 , -0.881419 , 0
0.480886 , -0.871793 , 0
0.498999 , -0.861791 , 0
0.516897 , -0.851418 , 0
0.534573 , -0.840677 , 0
0.552018 , -0.829576 , 0
0.569226 , -0.818117 , 0
0.586189 , -0.806307 , 0
0.602901 , -0.794151 , 0
0.619354 , -0.781654 , 0
0.635541 , -0.768822 , 0
0.651457 , -0.755661 , 0
0.667093 , -0.742176 , 0
0.682444 , -0.728374 , 0
0.697504 , -0.71426 , 0
0.712266 , -0.699842 , 0
0.726724 , -0.685125 , 0
0.740871 , -0.670116 , 0
0.754704 , -0.654821 , 0
0.768215 , -0.639248 , 0
0.781399 , -0.623403 , 0
0.794252 , -0.607292 , 0
0.806767 , -0.590924 , 0
0.818939 , -0.574306 , 0
0.830765 , -0.557443 , 0
0.842238 , -0.540345 , 0
0.853355 , -0.523018 , 0
0.864111 , -0.505469 , 0
0.874502 , -0.487707 , 0
0.884523 , -0.469739 , 0
0.894171 , -0.451572 , 0
0.903442 , -0.433216 , 0
0.912332 , -0.414676 , 0
0.920839 , -0.395963 , 0
0.928957 , -0.377082 , 0
0.936686 , -0.358043 , 0
0.944021 , -0.338854 , 0
0.950959 , -0.319522 , 0
0.957499 , -0.300057 , 0
0.963638 , -0.280465 , 0
0.969373 , -0.260756 , 0
0.974702 , -0.240939 , 0
0.979624 , -0.22102 , 0
0.984137 , -0.201009 , 0
0.988239 , -0.180914 , 0
0.991928 , -0.160744 , 0
0.995204 , -0.140506 , 0
0.998066 , -0.120211 , 0
1.00051 , -0.0998647 , 0
1.00254 , -0.0794772 , 0
1.00416 , -0.0590568 , 0
1.00535 , -0.0386118 , 0
1.00613 , -0.0181508 , 0
1.00649 , 0.00231776 , 0
1.00644 , 0.0227853 , 0
1.00597 , 0.0432435 , 0
1.00508 , 0.0636837 , 0
1.00378 , 0.0840976 , 0
1.00206 , 0.104477 , 0
0.999926 , 0.124813 , 0
0.997382 , 0.145097 , 0
0.994427 , 0.165322 , 0
0.991062 , 0.185479 , 0
0.987289 , 0.205559 , 0
0.98311 , 0.225555 , 0
0.978526 , 0.245458 , 0
0.973541 , 0.26526 , 0
0.968156 , 0.284953 , 0
0.962374 , 0.30453 , 0
0.956198 , 0.323981 , 0
0.94963 , 0.3433 , 0
0.942673 , 0.362478 , 0
0.93533 , 0.381508 , 0
0.927605 , 0.400382 , 0
0.919501 , 0.419093 , 0
0.911022 , 0.437632 , 0
0.902171 , 0.455993 , 0
0.892952 , 0.474168 , 0
0.883369 , 0.492149 , 0
0.873426 , 0.509931 , 0
0.863128 , 0.527504 , 0
0.852479 , 0.544864 , 0
0.841484 , 0.562001 , 0
0.830146 , 0.578911 , 0
0.818472 , 0.595585 , 0
0.806465 , 0.612018 , 0
0.794132 , 0.628202 , 0
0.781477 , 0.644132 , 0
0.768505 , 0.659801 , 0
0.755222 , 0.675203 , 0
0.741634 , 0.690332 , 0
0.727745 , 0.705182 , 0
0.713563 , 0.719747 , 0
0.699093 , 0.734022 , 0
0.68434 , 0.748 , 0
0.669312 , 0.761676 , 0
0.654013 , 0.775045 , 0
0.638452 , 0.788102 , 0
0.622633 , 0.800842 , 0
0.606563 , 0.813259 , 0
0.590249 , 0.825349 , 0
0.573698 , 0.837107 , 0
0.556917 , 0.848529 , 0
0.539911 , 0.85961 , 0
0.522689 , 0.870345 , 0
0.505257 , 0.880732 , 0
0.487623 , 0.890765 , 0
0.469793 , 0.900441 , 0
0.451775 , 0.909757 , 0
0.433576 , 0.918708 , 0
0.415203 , 0.927291 , 0
0.396664 , 0.935503 , 0
0.377966 , 0.943341 , 0
0.359118 , 0.950801 , 0
0.340126 , 0.957882 , 0
0.320998 , 0.96458 , 0
0.301741 , 0.970893 , 0
0.282365 , 0.976818 , 0
0.262875 , 0.982354 , 0
0.243281 , 0.987497 , 0
0.22359 , 0.992247 , 0
0.203809 , 0.996602 , 0
0.183948 , 1.00056 , 0
0.164013 , 1.00412 , 0
0.144013 , 1.00728 , 0
0.123956 , 1.01004 , 0
0.103849 , 1.01239 , 0
0.0837011 , 1.01435 , 0
0.0635198 , 1.0159 , 0
0.0433133 , 1.01704 , 0
0.0230896 , 1.01779 , 0
0.0028567 , 1.01813 , 0
-0.0173773 , 1.01806 , 0
-0.0376045 , 1.01759 , 0
-0.0578167 , 1.01672 , 0
-0.0780059 , 1.01544 , 0
-0.0981643 , 1.01376 , 0
-0.118284 , 1.01168 , 0
-0.138356 , 1.0092 , 0
-0.158374 , 1.00631 , 0
-0.178329 , 1.00303 , 0
-0.198213 , 0.999352 , 0
-0.218019 , 0.995277 , 0
-0.237738 , 0.990808 , 0
-0.257363 , 0.985946 , 0
-0.276887 , 0.980694 , 0
-0.296301 , 0.975055 , 0
-0.315597 , 0.969029 , 0
-0.334769 , 0.96262 , 0
-0.353808 , 0.95583 , 0
-0.372707 , 0.948662 , 0
-0.391459 , 0.941119 , 0
-0.410056 , 0.933204 , 0
-0.428491 , 0.924919 , 0
-0.446757 , 0.91627 , 0
-0.464846 , 0.907257 , 0
-0.482751 , 0.897887 , 0
-0.500466 , 0.888161 , 0
-0.517983 , 0.878085 , 0
-0.535295 , 0.867661 , 0
-0.552395 , 0.856895 , 0
-0.569277 , 0.84579 , 0
-0.585935 , 0.834351 , 0
-0.602361 , 0.822583 , 0
-0.618549 , 0.810489 , 0
-0.634492 , 0.798075 , 0
-0.650185 , 0.785346 , 0
-0.665621 , 0.772307 , 0
-0.680794 , 0.758963 , 0
-0.695699 , 0.745318 , 0
-0.710328 , 0.73138 , 0
-0.724677 , 0.717152 , 0
-0.738739 , 0.702642 , 0
-0.75251 , 0.687853 , 0
-0.765983 , 0.672793 , 0
-0.779154 , 0.657467 , 0
-0.792017 , 0.641881 , 0
-0.804566 , 0.626042 , 0
-0.816798 , 0.609955 , 0
-0.828707 , 0.593627 , 0
-0.840289 , 0.577064 , 0
-0.851538 , 0.560273 , 0
-0.86245 , 0.543261 , 0
-0.873022 , 0.526034 , 0
-0.883248 , 0.508599 , 0
-0.893125 , 0.490963 , 0
-0.902649 , 0.473132 , 0
-0.911815 , 0.455114 , 0
-0.920621 , 0.436917 , 0
-0.929062 , 0.418546 , 0
-0.937136 , 0.40001 , 0
-0.944838 , 0.381315 , 0
-0.952167 , 0.362469 , 0
-0.959118 , 0.34348 , 0
-0.965689 , 0.324354 , 0
-0.971878 , 0.3051 , 0
-0.977681 , 0.285726 , 0
-0.983097 , 0.266237 , 0
-0.988123 , 0.246644 , 0
-0.992757 , 0.226952 , 0
-0.996997 , 0.207171 , 0
-1.00084 , 0.187307 , 0
-1.00429 , 0.167369 , 0
-1.00734 , 0.147364 , 0
-1.00999 , 0.127301 , 0
-1.01223 , 0.107187 , 0
-1.01408 , 0.0870308 , 0
-1.01552 , 0.0668399 , 0
-1.01656 , 0.0466224 , 0
-1.01719 , 0.0263863 , 0
-1.01742 , 0.00613975 , 0
-1.01724 , -0.0141092 , 0
-1.01666 , -0.0343526 , 0
-1.01567 , -0.0545823 , 0
-1.01428 , -0.0747903 , 0
-1.01249 , -0.0949684 , 0
-1.01029 , -0.115109 , 0
-1.00768 , -0.135203 , 0
-1.00468 , -0.155243 , 0
-1.00127 , -0.175222 , 0
-0.997467 , -0.19513 , 0
-0.993262 , -0.21496 , 0
-0.98866 , -0.234705 , 0
-0.983663 , -0.254355 , 0
-0.978272 , -0.273904 , 0
-0.97249 , -0.293343 , 0
-0.966318 , -0.312665 , 0
-0.959759 , -0.331861 , 0
-0.952815 , -0.350925 , 0
-0.945489 , -0.369847 , 0
-0.937783 , -0.388621 , 0
-0.929701 , -0.40724 , 0
-0.921246 , -0.425694 , 0
-0.91242 , -0.443978 , 0
-0.903228 , -0.462083 , 0
-0.893672 , -0.480002 , 0
-0.883757 , -0.497728 , 0
-0.873485 , -0.515253 , 0
-0.862862 , -0.532571 , 0
-0.851891 , -0.549674 , 0
-0.840576 , -0.566556 , 0
-0.828922 , -0.583209 , 0
-0.816933 , -0.599626 , 0
-0.804615 , -0.615801 , 0
-0.79197 , -0.631727 , 0
-0.779006 , -0.647398 , 0
-0.765726 , -0.662806 , 0
-0.752137 , -0.677946 , 0
-0.738242 , -0.692812 , 0
-0.724048 , -0.707396 , 0
-0.709561 , -0.721694 , 0
-0.694785 , -0.735699 , 0
-0.679727 , -0.749404 , 0
-0.664393 , -0.762806 , 0
-0.648789 , -0.775897 , 0
-0.632921 , -0.788672 , 0
-0.616794 , -0.801126 , 0
-0.600417 , -0.813254 , 0
-0.583795 , -0.82505 , 0
-0.566935 , -0.836509 , 0
-0.549843 , -0.847627 , 0
-0.532526 , -0.858399 , 0
-0.514992 , -0.86882 , 0
-0.497247 , -0.878885 , 0
-0.479299 , -0.888591 , 0
-0.461154 , -0.897932 , 0
-0.442821 , -0.906906 , 0
-0.424305 , -0.915507 , 0
-0.405616 , -0.923733 , 0
-0.38676 , -0.931579 , 0
-0.367745 , -0.939043 , 0
-0.348578 , -0.94612 , 0
-0.329269 , -0.952808 , 0
-0.309823 , -0.959103 , 0
-0.29025 , -0.965003 , 0
-0.270557 , -0.970505 , 0
-0.250752 , -0.975606 , 0
-0.230844 , -0.980304 , 0
-0.210841 , -0.984597 , 0
-0.19075 , -0.988483 , 0
-0.17058 , -0.991959 , 0
-0.15034 , -0.995025 , 0
-0.130037 , -0.997677 , 0
-0.10968 , -0.999916 , 0
-0.0892778 , -1.00174 , 0
-0.0688385 , -1.00315 , 0
-0.0483704 , -1.00414 , 0
-0.0278823 , -1.00471 , 0
-0.00738255 , -1.00486 , 0
0.0131203 , -1.0046 , 0
0.0336176 , -1.00392 , 0
0.054101 , -1.00281 , 0
0.0745617 , -1.00129 , 0
0.0949912 , -0.999351 , 0
0.115381 , -0.996992 , 0
0.135723 , -0.994216 , 0
0.156007 , -0.991023 , 0
0.176226 , -0.987415 , 0
0.196372 , -0.983393 , 0
0.216434 , -0.978957 , 0
0.236406 , -0.97411 , 0
0.256279 , -0.968853 , 0
0.276043 , -0.963188 , 0
0.295691 , -0.957118 , 0
0.315215 , -0.950644 , 0
0.334605 , -0.943768 , 0
0.353854 , -0.936494 , 0
0.372954 , -0.928825 , 0
0.391896 , -0.920762 , 0
0.410672 , -0.91231 , 0
0.429274 , -0.903471 , 0
0.447694 , -0.89425 , 0
0.465924 , -0.884648 , 0
0.483956 , -0.874672 , 0
0.501782 , -0.864323 , 0
0.519396 , -0.853607 , 0
0.536788 , -0.842527 , 0
0.553951 , -0.831089 , 0
0.570878 , -0.819296 , 0
0.587562 , -0.807154 , 0
0.603995 , -0.794667 , 0
0.62017 , -0.781841 , 0
0.636079 , -0.76868 , 0
0.651716 , -0.755191 , 0
0.667075 , -0.741378 , 0
0.682147 , -0.727247 , 0
0.696927 , -0.712804 , 0
0.711407 , -0.698055 , 0
0.725582 , -0.683006 , 0
0.739445 , -0.667664 , 0
0.752989 , -0.652034 , 0
0.76621 , -0.636123 , 0
0.7791 , -0.619939 , 0
0.791654 , -0.603487 , 0
0.803867 , -0.586774 , 0
0.815732 , -0.569808 , 0
0.827245 , -0.552596 , 0
0.838399 , -0.535145 , 0
0.849191 , -0.517462 , 0
0.859615 , -0.499554 , 0
0.869666 , -0.481431 , 0
0.87934 , -0.463098 , 0
0.888632 , -0.444564 , 0
0.897538 , -0.425837 , 0
0.906054 , -0.406925 , 0
0.914175 , -0.387836 , 0
0.921898 , -0.368578 , 0
0.92922 , -0.349159 , 0
0.936136 , -0.329588 , 0
0.942644 , -0.309873 , 0
0.948739 , -0.290023 , 0
0.954421 , -0.270046 , 0
0.959685 , -0.249951 , 0
0.964528 , -0.229747 , 0
0.96895 , -0.209442 , 0
0.972946 , -0.189045 , 0
0.976516 , -0.168565 , 0
0.979658 , -0.148011 , 0
0.982369 , -0.127392 , 0
0.984648 , -0.106718 , 0
0.986495 , -0.085996 , 0
0.987907 , -0.0652365 , 0
0.988884 , -0.0444483 , 0
0.989425 , -0.0236404 , 0
0.989531 , -0.00282215 , 0
0.989199 , 0.0179974 , 0
0.988431 , 0.0388089 , 0
0.987226 , 0.0596033 , 0
0.985585 , 0.0803714 , 0
0.983507 , 0.101104 , 0
0.980995 , 0.121792 , 0
0.978048 , 0.142426 , 0
0.974667 , 0.162996 , 0
0.970854 , 0.183495 , 0
0.966611 , 0.203912 , 0
0.961938 , 0.224238 , 0
0.956838 , 0.244465 , 0
0.951313 , 0.264583 , 0
0.945365 , 0.284584 , 0
0.938996 , 0.304458 , 0
0.932209 , 0.324196 , 0
0.925006 , 0.34379 , 0
0.917391 , 0.363231 , 0
0.909368 , 0.382509 , 0
0.900938 , 0.401617 , 0
0.892106 , 0.420546 , 0
0.882876 , 0.439287 , 0
0.873251 , 0.457832 , 0
0.863236 , 0.476171 , 0
0.852834 , 0.494298 , 0
0.842051 , 0.512204 , 0
0.830891 , 0.52988 , 0
0.819359 , 0.547319 , 0
0.807459 , 0.564512 , 0
0.795197 , 0.581453 , 0
0.782579 , 0.598132 , 0
0.769609 , 0.614544 , 0
0.756294 , 0.630679 , 0
0.742639 , 0.646531 , 0
0.72865 , 0.662092 , 0
0.714333 , 0.677356 , 0
0.699696 , 0.692314 , 0
0.684743 , 0.706962 , 0
0.669483 , 0.721291 , 0
0.65392 , 0.735296 , 0
0.638064 , 0.748969 , 0
0.621919 , 0.762305 , 0
0.605495 , 0.775297 , 0
0.588797 , 0.787939 , 0
0.571834 , 0.800226 , 0
0.554612 , 0.812152 , 0
0.53714 , 0.823711 , 0
0.519426 , 0.834899 , 0
0.501477 , 0.845709 , 0
0.483302 , 0.856137 , 0
0.464908 , 0.866178 , 0
0.446304 , 0.875828 , 0
0.427498 , 0.885081 , 0
0.408499 , 0.893934 , 0
0.389315 , 0.902383 , 0
0.369954 , 0.910423 , 0
0.350427 , 0.918052 , 0
0.33074 , 0.925264 , 0
0.310904 , 0.932058 , 0
0.290927 , 0.938429 , 0
0.270818 , 0.944376 , 0
0.250587 , 0.949894 , 0
0.230242 , 0.954982 , 0
0.209792 , 0.959637 , 0
0.189248 , 0.963856 , 0
0.168617 , 0.967639 , 0
0.147911 , 0.970983 , 0
0.127137 , 0.973887 , 0
0.106305 , 0.976348 , 0
0.0854251 , 0.978367 , 0
0.0645065 , 0.979942 , 0
0.0435586 , 0.981072 , 0
0.022591 , 0.981757 , 0
0.00161311 , 0.981997 , 0
-0.0193655 , 0.98179 , 0
-0.0403353 , 0.981138 , 0
-0.0612869 , 0.980041 , 0
-0.0822106 , 0.978499 , 0
-0.103097 , 0.976512 , 0
-0.123937 , 0.974083 , 0
-0.14472 , 0.971211 , 0
-0.165437 , 0.967898 , 0
-0.18608 , 0.964145 , 0
-0.206638 , 0.959955 , 0
-0.227102 , 0.955329 , 0
-0.247463 , 0.95027 , 0
-0.267712 , 0.944779 , 0
-0.287839 , 0.938859 , 0
-0.307836 , 0.932513 , 0
-0.327693 , 0.925744 , 0
-0.347401 , 0.918554 , 0
-0.366951 , 0.910948 , 0
-0.386335 , 0.902928 , 0
-0.405544 , 0.894499 , 0
-0.424569 , 0.885664 , 0
-0.443401 , 0.876428 , 0
-0.462032 , 0.866793 , 0
-0.480454 , 0.856766 , 0
-0.498657 , 0.84635 , 0
-0.516635 , 0.835551 , 0
-0.534379 , 0.824373 , 0
-0.55188 , 0.812821 , 0
-0.569131 , 0.800901 , 0
-0.586125 , 0.788618 , 0
-0.602853 , 0.775978 , 0
-0.619308 , 0.762987 , 0
-0.635483 , 0.74965 , 0
-0.65137 , 0.735974 , 0
-0.666962 , 0.721965 , 0
-0.682253 , 0.70763 , 0
-0.697235 , 0.692974 , 0
-0.711902 , 0.678005 , 0
-0.726247 , 0.66273 , 0
-0.740263 , 0.647155 , 0
-0.753946 , 0.631288 , 0
-0.767288 , 0.615136 , 0
-0.780284 , 0.598706 , 0
-0.792927 , 0.582005 , 0
-0.805213 , 0.565042 , 0
-0.817135 , 0.547825 , 0
-0.828689 , 0.53036 , 0
-0.83987 , 0.512657 , 0
-0.850672 , 0.494722 , 0
-0.861091 , 0.476565 , 0
-0.871123 , 0.458193 , 0
-0.880762 , 0.439614 , 0
-0.890006 , 0.420838 , 0
-0.898849 , 0.401873 , 0
-0.907288 , 0.382727 , 0
-0.915319 , 0.36341 , 0
-0.92294 , 0.343929 , 0
-0.930146 , 0.324293 , 0
-0.936934 , 0.304513 , 0
-0.943303 , 0.284595 , 0
-0.949249 , 0.26455 , 0
-0.954769 , 0.244387 , 0
-0.959862 , 0.224114 , 0
-0.964524 , 0.20374 , 0
-0.968756 , 0.183276 , 0
-0.972554 , 0.162729 , 0
-0.975918 , 0.14211 , 0
-0.978845 , 0.121427 , 0
-0.981335 , 0.100691 , 0
-0.983388 , 0.0799088 , 0
-0.985002 , 0.0590913 , 0
-0.986176 , 0.0382475 , 0
-0.986912 , 0.0173866 , 0
-0.987207 , -0.00348198 , 0
-0.987064 , -0.024349 , 0
-0.986481 , -0.0452053 , 0
-0.98546 , -0.0660414 , 0
-0.984001 , -0.0868482 , 0
-0.982104 , -0.107616 , 0
-0.979772 , -0.128337 , 0
-0.977006 , -0.149 , 0
-0.973806 , -0.169598 , 0
-0.970175 , -0.19012 , 0
-0.966115 , -0.210558 , 0
-0.961627 , -0.230903 , 0
-0.956714 , -0.251146 , 0
-0.951378 , -0.271278 , 0
-0.945622 , -0.29129 , 0
-0.939448 , -0.311174 , 0
-0.93286 , -0.33092 , 0
-0.925861 , -0.350521 , 0
-0.918454 , -0.369967 , 0
-0.910643 , -0.38925 , 0
-0.902432 , -0.408362 , 0
-0.893823 , -0.427295 , 0
-0.884822 , -0.446039 , 0
-0.875433 , -0.464588 , 0
-0.865659 , -0.482933 , 0
-0.855506 , -0.501067 , 0
-0.844978 , -0.518981 , 0
-0.834081 , -0.536667 , 0
-0.822818 , -0.554119 , 0
-0.811196 , -0.571329 , 0
-0.799219 , -0.588289 , 0
-0.786893 , -0.604992 , 0
-0.774224 , -0.621432 , 0
-0.761218 , -0.6376 , 0
-0.74788 , -0.653491 , 0
-0.734216 , -0.669097 , 0
-0.720233 , -0.684412 , 0
-0.705937 , -0.69943 , 0
-0.691335 , -0.714144 , 0
-0.676432 , -0.728548 , 0
-0.661236 , -0.742636 , 0
-0.645753 , -0.756402 , 0
-0.629991 , -0.769841 , 0
-0.613956 , -0.782946 , 0
-0.597656 , -0.795713 , 0
-0.581098 , -0.808136 , 0
-0.564288 , -0.820211 , 0
-0.547235 , -0.831931 , 0
-0.529947 , -0.843293 , 0
-0.51243 , -0.854291 , 0
-0.494692 , -0.864922 , 0
-0.476742 , -0.875181 , 0
-0.458586 , -0.885064 , 0
-0.440234 , -0.894566 , 0
-0.421693 , -0.903685 , 0
-0.402971 , -0.912416 , 0
-0.384077 , -0.920757 , 0
-0.365018 , -0.928703 , 0
-0.345803 , -0.936252 , 0
-0.32644 , -0.943401 , 0
-0.306938 , -0.950147 , 0
-0.287304 , -0.956487 , 0
-0.267549 , -0.96242 , 0
-0.247679 , -0.967942 , 0
-0.227704 , -0.973053 , 0
-0.207631 , -0.977749 , 0
-0.187471 , -0.98203 , 0
-0.167231 , -0.985893 , 0
-0.14692 , -0.989339 , 0
-0.126547 , -0.992364 , 0
-0.10612 , -0.994969 , 0
-0.085648 , -0.997153 , 0
-0.06514 , -0.998915 , 0
-0.0446043 , -1.00025 , 0
-0.0240499 , -1.00117 , 0
-0.00348526 , -1.00167 , 0
0.0170808 , -1.00174 , 0
0.0376397 , -1.00139 , 0
0.0581828 , -1.00062 , 0
0.0787013 , -0.999423 , 0
0.0991868 , -0.99781 , 0
0.119631 , -0.995778 , 0
0.140024 , -0.993328 , 0
0.160359 , -0.990461 , 0
0.180627 , -0.987179 , 0
0.200819 , -0.983483 , 0
0.220926 , -0.979376 , 0
0.240942 , -0.974859 , 0
0.260857 , -0.969935 , 0
0.280663 , -0.964606 , 0
0.300352 , -0.958874 , 0
0.319915 , -0.952743 , 0
0.339346 , -0.946214 , 0
0.358635 , -0.939292 , 0
0.377775 , -0.931979 , 0
0.396757 , -0.924279 , 0
0.415576 , -0.916195 , 0
0.434221 , -0.907731 , 0
0.452687 , -0.89889 , 0
0.470965 , -0.889676 , 0
0.489047 , -0.880095 , 0
0.506928 , -0.870149 , 0
0.524599 , -0.859843 , 0
0.542053 , -0.849182 , 0
0.559283 , -0.83817 , 0
0.576283 , -0.826812 , 0
0.593045 , -0.815114 , 0
0.609562 , -0.80308 , 0
0.625829 , -0.790715 , 0
0.641838 , -0.778024 , 0
0.657583 , -0.765014 , 0
0.673058 , -0.75169 , 0
0.688257 , -0.738056 , 0
0.703173 , -0.724121 , 0
0.717802 , -0.709888 , 0
0.732135 , -0.695364 , 0
0.74617 , -0.680556 , 0
0.759898 , -0.665469 , 0
0.773317 , -0.65011 , 0
0.786419 , -0.634485 , 0
0.7992 , -0.618601 , 0
0.811654 , -0.602465 , 0
0.823778 , -0.586083 , 0
0.835566 , -0.569463 , 0
0.847014 , -0.55261 , 0
0.858117 , -0.535532 , 0
0.868871 , -0.518237 , 0
0.879272 , -0.500731 , 0
0.889315 , -0.483021 , 0
0.898998 , -0.465115 , 0
0.908315 , -0.447021 , 0
0.917264 , -0.428745 , 0
0.925842 , -0.410296 , 0
0.934044 , -0.39168 , 0
0.941869 , -0.372906 , 0
0.949312 , -0.353981 , 0
0.956371 , -0.334912 , 0
0.963044 , -0.315709 , 0
0.969328 , -0.296378 , 0
0.975221 , -0.276927 , 0
0.98072 , -0.257364 , 0
0.985824 , -0.237698 , 0
0.990531 , -0.217936 , 0
0.994838 , -0.198086 , 0
0.998745 , -0.178157 , 0
1.00225 , -0.158156 , 0
1.00535 , -0.138091 , 0
1.00805 , -0.117971 , 0
1.01034 , -0.0978029 , 0
1.01223 , -0.0775959 , 0
1.01371 , -0.0573577 , 0
1.01479 , -0.0370966 , 0
1.01545 , -0.0168206 , 0
1.01572 , 0.00346218 , 0
1.01557 , 0.0237435 , 0
1.01502 , 0.0440154 , 0
1.01406 , 0.0642696 , 0
1.01269 , 0.0844982 , 0
1.01092 , 0.104693 , 0
1.00875 , 0.124846 , 0
1.00617 , 0.144949 , 0
1.00319 , 0.164994 , 0
0.999815 , 0.184973 , 0
0.996037 , 0.204879 , 0
0.991862 , 0.224702 , 0
0.987291 , 0.244437 , 0
0.982326 , 0.264073 , 0
0.976971 , 0.283605 , 0
0.971226 , 0.303023 , 0
0.965094 , 0.322321 , 0
0.958579 , 0.341491 , 0
0.951682 , 0.360525 , 0
0.944406 , 0.379415 , 0
0.936755 , 0.398154 , 0
0.928732 , 0.416736 , 0
0.920339 , 0.435151 , 0
0.911581 , 0.453394 , 0
0.902461 , 0.471457 , 0
0.892983 , 0.489332 , 0
0.88315 , 0.507014 , 0
0.872967 , 0.524494 , 0
0.862437 , 0.541766 , 0
0.851566 , 0.558823 , 0
0.840357 , 0.575659 , 0
0.828815 , 0.592266 , 0
0.816944 , 0.608639 , 0
0.80475 , 0.624771 , 0
0.792237 , 0.640655 , 0
0.77941 , 0.656285 , 0
0.766274 , 0.671656 , 0
0.752835 , 0.686761 , 0
0.739099 , 0.701594 , 0
0.725069 , 0.716149 , 0
0.710753 , 0.730421 , 0
0.696156 , 0.744404 , 0
0.681283 , 0.758092 , 0
0.666141 , 0.771481 , 0
0.650735 , 0.784564 , 0
0.635072 , 0.797338 , 0
0.619158 , 0.809796 , 0
0.603 , 0.821934 , 0
0.586603 , 0.833747 , 0
0.569974 , 0.84523 , 0
0.55312 , 0.85638 , 0
0.536047 , 0.867191 , 0
0.518762 , 0.87766 , 0
0.501273 , 0.887782 , 0
0.483585 , 0.897553 , 0
0.465707 , 0.906969 , 0
0.447644 , 0.916027 , 0
0.429405 , 0.924724 , 0
0.410996 , 0.933055 , 0
0.392425 , 0.941017 , 0
0.373698 , 0.948608 , 0
0.354824 , 0.955824 , 0
0.33581 , 0.962662 , 0
0.316663 , 0.96912 , 0
0.297391 , 0.975195 , 0
0.278002 , 0.980885 , 0
0.258503 , 0.986188 , 0
0.238901 , 0.9911 , 0
0.219205 , 0.995621 , 0
0.199423 , 0.999749 , 0
0.179562 , 1.00348 , 0
0.15963 , 1.00682 , 0
0.139634 , 1.00976 , 0
0.119584 , 1.01229 , 0
0.099486 , 1.01443 , 0
0.0793489 , 1.01617 , 0
0.0591805 , 1.01751 , 0
0.0389886 , 1.01844 , 0
0.0187813 , 1.01897 , 0
-0.00143349 , 1.0191 , 0
-0.0216477 , 1.01882 , 0
-0.0418533 , 1.01814 , 0
-0.0620423 , 1.01706 , 0
-0.0822068 , 1.01557 , 0
-0.102339 , 1.01369 , 0
-0.12243 , 1.0114 , 0
-0.142473 , 1.00871 , 0
-0.162459 , 1.00562 , 0
-0.182382 , 1.00213 , 0
-0.202231 , 0.998249 , 0
-0.222001 , 0.993968 , 0
-0.241682 , 0.989294 , 0
-0.261268 , 0.984226 , 0
-0.28075 , 0.978769 , 0
-0.30012 , 0.972922 , 0
-0.319372 , 0.96669 , 0
-0.338496 , 0.960073 , 0
-0.357486 , 0.953075 , 0
-0.376334 , 0.945699 , 0
-0.395033 , 0.937946 , 0
-0.413574 , 0.92982 , 0
-0.431951 , 0.921325 , 0
-0.450156 , 0.912463 , 0
-0.468181 , 0.903237 , 0
-0.486021 , 0.893652 , 0
-0.503666 , 0.883712 , 0
-0.521111 , 0.873418 , 0
-0.538349 , 0.862777 , 0
-0.555371 , 0.851792 , 0
-0.572172 , 0.840467 , 0
-0.588745 , 0.828806 , 0
-0.605082 , 0.816815 , 0
-0.621178 , 0.804497 , 0
-0.637026 , 0.791858 , 0
-0.652619 , 0.778902 , 0
-0.667951 , 0.765635 , 0
-0.683016 , 0.752061 , 0
-0.697807 , 0.738186 , 0
-0.712319 , 0.724016 , 0
-0.726546 , 0.709556 , 0
-0.740481 , 0.694811 , 0
-0.754119 , 0.679788 , 0
-0.767455 , 0.664492 , 0
-0.780483 , 0.648929 , 0
-0.793197 , 0.633105 , 0
-0.805592 , 0.617027 , 0
-0.817664 , 0.600701 , 0
-0.829407 , 0.584134 , 0
-0.840816 , 0.567331 , 0
-0.851886 , 0.5503 , 0
-0.862614 , 0.533048 , 0
-0.872993 , 0.51558 , 0
-0.883021 , 0.497904 , 0
-0.892692 , 0.480028 , 0
-0.902003 , 0.461958 , 0
-0.910949 , 0.443701 , 0
-0.919528 , 0.425265 , 0
-0.927734 , 0.406656 , 0
-0.935565 , 0.387884 , 0
-0.943017 , 0.368954 , 0
-0.950087 , 0.349875 , 0
-0.956772 , 0.330654 , 0
-0.963069 , 0.311298 , 0
-0.968975 , 0.291817 , 0
-0.974487 , 0.272217 , 0
-0.979604 , 0.252506 , 0
-0.984322 , 0.232693 , 0
-0.988639 , 0.212784 , 0
-0.992554 , 0.19279 , 0
-0.996065 , 0.172717 , 0
-0.99917 , 0.152573 , 0
-1.00187 , 0.132367 , 0
-1.00415 , 0.112107 , 0
-1.00603 , 0.0918014 , 0
-1.0075 , 0.0714582 , 0
-1.00855 , 0.0510857 , 0
-1.0092 , 0.0306924 , 0
-1.00943 , 0.0102865 , 0
-1.00924 , -0.0101237 , 0
-1.00864 , -0.0305297 , 0
-1.00763 , -0.0509231 , 0
-1.0062 , -0.0712957 , 0
-1.00436 , -0.0916389 , 0
-1.00211 , -0.111944 , 0
-0.999443 , -0.132204 , 0
-0.996365 , -0.152409 , 0
-0.992877 , -0.172551 , 0
-0.98898 , -0.192622 , 0
-0.984675 , -0.212614 , 0
-0.979962 , -0.232518 , 0
-0.974845 , -0.252325 , 0
-0.969325 , -0.272029 , 0
-0.963403 , -0.291619 , 0
-0.957082 , -0.311089 , 0
-0.950365 , -0.33043 , 0
-0.943253 , -0.349634 , 0
-0.93575 , -0.368693 , 0
-0.927858 , -0.387598 , 0
-0.91958 , -0.406343 , 0
-0.910919 , -0.424918 , 0
-0.90188 , -0.443316 , 0
-0.892464 , -0.46153 , 0
-0.882676 , -0.479551 , 0
-0.87252 , -0.497372 , 0
-0.862 , -0.514986 , 0
-0.851119 , -0.532384 , 0
-0.839882 , -0.549559 , 0
-0.828293 , -0.566504 , 0
-0.816358 , -0.583212 , 0
-0.80408 , -0.599676 , 0
-0.791465 , -0.615888 , 0
-0.778517 , -0.631841 , 0
-0.765243 , -0.647528 , 0
-0.751646 , -0.662944 , 0
-0.737733 , -0.67808 , 0
-0.72351 , -0.692931 , 0
-0.708981 , -0.707489 , 0
-0.694153 , -0.72175 , 0
-0.679033 , -0.735705 , 0
-0.663625 , -0.749349 , 0
-0.647936 , -0.762677 , 0
-0.631974 , -0.775682 , 0
-0.615744 , -0.788358 , 0
-0.599252 , -0.8007 , 0
-0.582507 , -0.812703 , 0
-0.565514 , -0.82436 , 0
-0.548281 , -0.835667 , 0
-0.530815 , -0.846619 , 0
-0.513123 , -0.857211 , 0
-0.495212 , -0.867437 , 0
-0.477091 , -0.877294 , 0
-0.458765 , -0.886777 , 0
-0.440244 , -0.895881 , 0
-0.421535 , -0.904602 , 0
-0.402646 , -0.912937 , 0
-0.383584 , -0.920881 , 0
-0.364359 , -0.92843 , 0
-0.344977 , -0.935582 , 0
-0.325447 , -0.942332 , 0
-0.305777 , -0.948678 , 0
-0.285976 , -0.954617 , 0
-0.266052 , -0.960145 , 0
-0.246014 , -0.96526 , 0
-0.22587 , -0.96996 , 0
-0.205628 , -0.974241 , 0
-0.185298 , -0.978103 , 0
-0.164887 , -0.981542 , 0
-0.144406 , -0.984558 , 0
-0.123862 , -0.987148 , 0
-0.103265 , -0.989311 , 0
-0.0826227 , -0.991046 , 0
-0.0619448 , -0.992351 , 0
-0.0412401 , -0.993227 , 0
-0.0205174 , -0.993671 , 0
0.000214113 , -0.993684 , 0
0.0209456 , -0.993266 , 0
0.0416679 , -0.992415 , 0
0.0623721 , -0.991133 , 0
0.0830492 , -0.989419 , 0
0.10369 , -0.987275 , 0
0.124286 , -0.984699 , 0
0.144827 , -0.981694 , 0
0.165305 , -0.978261 , 0
0.185711 , -0.974399 , 0
0.206036 , -0.970112 , 0
0.226271 , -0.9654 , 0
0.246406 , -0.960266 , 0
0.266434 , -0.954711 , 0
0.286344 , -0.948737 , 0
0.306129 , -0.942346 , 0
0.32578 , -0.935542 , 0
0.345287 , -0.928327 , 0
0.364643 , -0.920704 , 0
0.383838 , -0.912675 , 0
0.402864 , -0.904245 , 0
0.421713 , -0.895416 , 0
0.440376 , -0.886193 , 0
0.458844 , -0.876579 , 0
0.47711 , -0.866577 , 0
0.495166 , -0.856193 , 0
0.513002 , -0.845431 , 0
0.530611 , -0.834294 , 0
0.547986 , -0.822788 , 0
0.565118 , -0.810918 , 0
0.582 , -0.798689 , 0
0.598623 , -0.786106 , 0
0.614981 , -0.773173 , 0
0.631066 , -0.759898 , 0
0.646871 , -0.746285 , 0
0.662388 , -0.73234 , 0
0.677611 , -0.71807 , 0
0.692532 , -0.70348 , 0
0.707145 , -0.688577 , 0
0.721443 , -0.673368 , 0
0.735419 , -0.657858 , 0
0.749067 , -0.642055 , 0
0.762382 , -0.625966 , 0
0.775356 , -0.609597 , 0
0.787983 , -0.592956 , 0
0.800259 , -0.576049 , 0
0.812177 , -0.558886 , 0
0.823731 , -0.541472 , 0
0.834917 , -0.523816 , 0
0.845729 , -0.505926 , 0
0.856162 , -0.487809 , 0
0.866212 , -0.469473 , 0
0.875873 , -0.450927 , 0
0.885141 , -0.432178 , 0
0.894012 , -0.413236 , 0
0.902482 , -0.394108 , 0
0.910546 , -0.374803 , 0
0.918202 , -0.355329 , 0
0.925444 , -0.335696 , 0
0.93227 , -0.315912 , 0
0.938677 , -0.295986 , 0
0.944661 , -0.275927 , 0
0.95022 , -0.255743 , 0
0.955351 , -0.235444 , 0
0.960052 , -0.215039 , 0
0.964319 , -0.194537 , 0
0.968152 , -0.173947 , 0
0.971548 , -0.153279 , 0
0.974506 , -0.132542 , 0
0.977024 , -0.111745 , 0
0.979101 , -0.0908976 , 0
0.980736 , -0.070009 , 0
0.981927 , -0.0490888 , 0
0.982675 , -0.0281464 , 0
0.982979 , -0.00719131 , 0
0.982838 , 0.0137671 , 0
0.982252 , 0.0347192 , 0
0.981222 , 0.0556556 , 0
0.979748 , 0.0765669 , 0
0.977831 , 0.0974435 , 0
0.975471 , 0.118276 , 0
0.972669 , 0.139055 , 0
0.969427 , 0.159771 , 0
0.965746 , 0.180414 , 0
0.961626 , 0.200976 , 0
0.957072 , 0.221447 , 0
0.952083 , 0.241817 , 0
0.946663 , 0.262078 , 0
0.940813 , 0.28222 , 0
0.934537 , 0.302234 , 0
0.927837 , 0.32211 , 0
0.920716 , 0.341841 , 0
0.913177 , 0.361417 , 0
0.905224 , 0.380828 , 0
0.89686 , 0.400067 , 0
0.88809 , 0.419125 , 0
0.878916 , 0.437992 , 0
0.869343 , 0.45666 , 0
0.859376 , 0.475121 , 0
0.849018 , 0.493366 , 0
0.838275 , 0.511387 , 0
0.827152 , 0.529177 , 0
0.815653 , 0.546726 , 0
0.803784 , 0.564026 , 0
0.79155 , 0.581071 , 0
0.778956 , 0.597852 , 0
0.766009 , 0.614361 , 0
0.752714 , 0.630592 , 0
0.739077 , 0.646536 , 0
0.725105 , 0.662187 , 0
0.710804 , 0.677537 , 0
0.69618 , 0.69258 , 0
0.68124 , 0.707308 , 0
0.665991 , 0.721715 , 0
0.65044 , 0.735795 , 0
0.634593 , 0.749541 , 0
0.618459 , 0.762946 , 0
0.602044 , 0.776006 , 0
0.585356 , 0.788714 , 0
0.568402 , 0.801064 , 0
0.551191 , 0.81305 , 0
0.53373 , 0.824668 , 0
0.516027 , 0.835913 , 0
0.498089 , 0.846778 , 0
0.479927 , 0.857259 , 0
0.461546 , 0.867352 , 0
0.442957 , 0.877053 , 0
0.424167 , 0.886356 , 0
0.405185 , 0.895257 , 0
0.386019 , 0.903753 , 0
0.366679 , 0.911841 , 0
0.347173 , 0.919515 , 0
0.32751 , 0.926774 , 0
0.307698 , 0.933613 , 0
0.287748 , 0.94003 , 0
0.267667 , 0.946023 , 0
0.247466 , 0.951588 , 0
0.227153 , 0.956723 , 0
0.206737 , 0.961425 , 0
0.186228 , 0.965694 , 0
0.165634 , 0.969527 , 0
0.144966 , 0.972922 , 0
0.124233 , 0.975879 , 0
0.103443 , 0.978396 , 0
0.0826073 , 0.980471 , 0
0.0617341 , 0.982105 , 0
0.040833 , 0.983296 , 0
0.0199135 , 0.984045 , 0
-0.00101491 , 0.984351 , 0
-0.0219429 , 0.984214 , 0
-0.042861 , 0.983634 , 0
-0.0637598 , 0.982613 , 0
-0.08463 , 0.981149 , 0
-0.105462 , 0.979245 , 0
-0.126247 , 0.976902 , 0
-0.146975 , 0.97412 , 0
-0.167637 , 0.970901 , 0
-0.188225 , 0.967247 , 0
-0.208727 , 0.963159 , 0
-0.229136 , 0.95864 , 0
-0.249443 , 0.953692 , 0
-0.269638 , 0.948316 , 0
-0.289713 , 0.942517 , 0
-0.309658 , 0.936297 , 0
-0.329464 , 0.929658 , 0
-0.349124 , 0.922604 , 0
-0.368627 , 0.915138 , 0
-0.387966 , 0.907264 , 0
-0.407132 , 0.898985 , 0
-0.426117 , 0.890306 , 0
-0.444912 , 0.88123 , 0
-0.463509 , 0.871762 , 0
-0.4819 , 0.861906 , 0
-0.500076 , 0.851666 , 0
-0.51803 , 0.841049 , 0
-0.535754 , 0.830057 , 0
-0.553241 , 0.818698 , 0
-0.570481 , 0.806975 , 0
-0.587469 , 0.794894 , 0
-0.604197 , 0.782462 , 0
-0.620657 , 0.769682 , 0
-0.636843 , 0.756562 , 0
-0.652746 , 0.743108 , 0
-0.668362 , 0.729325 , 0
-0.683682 , 0.71522 , 0
-0.6987 , 0.700799 , 0
-0.71341 , 0.686069 , 0
-0.727806 , 0.671037 , 0
-0.741881 , 0.655709 , 0
-0.755629 , 0.640092 , 0
-0.769045 , 0.624194 , 0
-0.782123 , 0.608021 , 0
-0.794857 , 0.591581 , 0
-0.807242 , 0.574882 , 0
-0.819273 , 0.55793 , 0
-0.830945 , 0.540733 , 0
-0.842252 , 0.5233 , 0
-0.853191 , 0.505637 , 0
-0.863756 , 0.487754 , 0
-0.873944 , 0.469656 , 0
-0.88375 , 0.451354 , 0
-0.89317 , 0.432855 , 0
-0.9022 , 0.414166 , 0
-0.910837 , 0.395298 , 0
-0.919077 , 0.376257 , 0
-0.926917 , 0.357052 , 0
-0.934354 , 0.337691 , 0
-0.941384 , 0.318184 , 0
-0.948006 , 0.298539 , 0
-0.954216 , 0.278764 , 0
-0.960012 , 0.258868 , 0
-0.965392 , 0.23886 , 0
-0.970354 , 0.218749 , 0
-0.974895 , 0.198543 , 0
-0.979016 , 0.178251 , 0
-0.982713 , 0.157882 , 0
-0.985986 , 0.137445 , 0
-0.988833 , 0.116948 , 0
-0.991254 , 0.0964012 , 0
-0.993248 , 0.0758128 , 0
-0.994814 , 0.0551917 , 0
-0.995952 , 0.0345468 , 0
-0.996663 , 0.0138871 , 0
-0.996945 , -0.00677852 , 0
-0.996799 , -0.0274413 , 0
-0.996226 , -0.0480922 , 0
-0.995226 , -0.0687226 , 0
-0.9938 , -0.0893236 , 0
-0.991948 , -0.109886 , 0
-0.989673 , -0.130402 , 0
-0.986975 , -0.150862 , 0
-0.983855 , -0.171258 , 0
-0.980316 , -0.19158 , 0
-0.976359 , -0.211821 , 0
-0.971986 , -0.231972 , 0
-0.9672 , -0.252024 , 0
-0.962002 , -0.271969 , 0
-0.956396 , -0.291798 , 0
-0.950384 , -0.311504 , 0
-0.943969 , -0.331077 , 0
-0.937153 , -0.35051 , 0
-0.929941 , -0.369795 , 0
-0.922335 , -0.388923 , 0
-0.914339 , -0.407886 , 0
-0.905957 , -0.426678 , 0
-0.897192 , -0.445289 , 0
-0.888049 , -0.463712 , 0
-0.878531 , -0.48194 , 0
-0.868644 , -0.499965 , 0
-0.85839 , -0.517779 , 0
-0.847776 , -0.535376 , 0
-0.836806 , -0.552748 , 0
-0.825484 , -0.569887 , 0
-0.813816 , -0.586788 , 0
-0.801807 , -0.603442 , 0
-0.789462 , -0.619844 , 0
-0.776786 , -0.635986 , 0
-0.763785 , -0.651863 , 0
-0.750466 , -0.667466 , 0
-0.736832 , -0.682791 , 0
-0.722892 , -0.697831 , 0
-0.70865 , -0.712581 , 0
-0.694112 , -0.727033 , 0
-0.679286 , -0.741182 , 0
-0.664177 , -0.755023 , 0
-0.648792 , -0.768551 , 0
-0.633137 , -0.781759 , 0
-0.617219 , -0.794642 , 0
-0.601046 , -0.807196 , 0
-0.584623 , -0.819415 , 0
-0.567958 , -0.831295 , 0
-0.551059 , -0.842831 , 0
-0.533931 , -0.854018 , 0
-0.516582 , -0.864852 , 0
-0.499021 , -0.875329 , 0
-0.481253 , -0.885445 , 0
-0.463287 , -0.895195 , 0
-0.445129 , -0.904577 , 0
-0.426789 , -0.913586 , 0
-0.408273 , -0.92222 , 0
-0.389589 , -0.930474 , 0
-0.370745 , -0.938345 , 0
-0.351749 , -0.945832 , 0
-0.332608 , -0.95293 , 0
-0.313331 , -0.959637 , 0
-0.293926 , -0.965952 , 0
-0.2744 , -0.97187 , 0
-0.254762 , -0.977391 , 0
-0.235019 , -0.982512 , 0
-0.215181 , -0.987232 , 0
-0.195255 , -0.991548 , 0
-0.175249 , -0.99546 , 0
-0.155172 , -0.998965 , 0
-0.135031 , -1.00206 , 0
-0.114835 , -1.00475 , 0
-0.0945928 , -1.00704 , 0
-0.0743119 , -1.00891 , 0
-0.0540008 , -1.01037 , 0
-0.0336677 , -1.01142 , 0
-0.013321 , -1.01206 , 0
0.00703116 , -1.01229 , 0
0.0273804 , -1.01211 , 0
0.0477186 , -1.01151 , 0
0.0680375 , -1.01051 , 0
0.0883288 , -1.0091 , 0
0.108584 , -1.00728 , 0
0.128796 , -1.00506 , 0
0.148956 , -1.00243 , 0
0.169055 , -0.999388 , 0
0.189086 , -0.995947 , 0
0.209041 , -0.992104 , 0
0.228912 , -0.987861 , 0
0.24869 , -0.98322 , 0
0.268368 , -0.978183 , 0
0.287938 , -0.972752 , 0
0.307392 , -0.96693 , 0
0.326723 , -0.960719 , 0
0.345922 , -0.954121 , 0
0.364983 , -0.947141 , 0
0.383896 , -0.93978 , 0
0.402656 , -0.932041 , 0
0.421254 , -0.923929 , 0
0.439683 , -0.915446 , 0
0.457936 , -0.906596 , 0
0.476005 , -0.897383 , 0
0.493884 , -0.887811 , 0
0.511565 , -0.877883 , 0
0.529042 , -0.867604 , 0
0.546307 , -0.856979 , 0
0.563353 , -0.84601 , 0
0.580174 , -0.834704 , 0
0.596764 , -0.823064 , 0
0.613115 , -0.811095 , 0
0.629222 , -0.798803 , 0
0.645078 , -0.786192 , 0
0.660676 , -0.773268 , 0
0.676011 , -0.760035 , 0
0.691077 , -0.7465 , 0
0.705868 , -0.732667 , 0
0.720377 , -0.718543 , 0
0.7346 , -0.704132 , 0
0.74853 , -0.689441 , 0
0.762163 , -0.674476 , 0
0.775492 , -0.659243 , 0
0.788514 , -0.643748 , 0
0.801222 , -0.627997 , 0
0.813611 , -0.611997 , 0
0.825678 , -0.595753 , 0
0.837416 , -0.579273 , 0
0.848823 , -0.562563 , 0
0.859892 , -0.54563 , 0
0.87062 , -0.52848 , 0
0.881004 , -0.511121 , 0
0.891037 , -0.493559 , 0
0.900718 , -0.475801 , 0
0.910041 , -0.457855 , 0
0.919004 , -0.439727 , 0
0.927603 , -0.421425 , 0
0.935835 , -0.402957 , 0
0.943696 , -0.384328 , 0
0.951183 , -0.365548 , 0
0.958294 , -0.346623 , 0
0.965025 , -0.327561 , 0
0.971375 , -0.308369 , 0
0.977341 , -0.289055 , 0
0.982919 , -0.269627 , 0
0.98811 , -0.250092 , 0
0.992909 , -0.230458 , 0
0.997316 , -0.210733 , 0
1.00133 , -0.190925 , 0
1.00494 , -0.171041 , 0
1.00816 , -0.15109 , 0
1.01099 , -0.131079 , 0
1.01341 , -0.111016 , 0
1.01543 , -0.0909092 , 0
1.01705 , -0.0707666 , 0
1.01826 , -0.050596 , 0
1.01908 , -0.0304055 , 0
1.01949 , -0.0102029 , 0
1.0195 , 0.0100037 , 0
1.01911 , 0.0302064 , 0
1.01832 , 0.0503971 , 0
1.01712 , 0.0705679 , 0
1.01552 , 0.0907109 , 0
1.01352 , 0.110818 , 0
1.01112 , 0.130881 , 0
1.00832 , 0.150893 , 0
1.00512 , 0.170845 , 0
1.00152 , 0.190729 , 0
0.997533 , 0.210539 , 0
0.993147 , 0.230265 , 0
0.98837 , 0.2499 , 0
0.983201 , 0.269436 , 0
0.977644 , 0.288866 , 0
0.971701 , 0.308181 , 0
0.965374 , 0.327375 , 0
0.958665 , 0.346439 , 0
0.951577 , 0.365367 , 0
0.944112 , 0.38415 , 0
0.936275 , 0.402781 , 0
0.928067 , 0.421253 , 0
0.919492 , 0.439558 , 0
0.910553 , 0.457689 , 0
0.901254 , 0.475639 , 0
0.891598 , 0.493401 , 0
0.88159 , 0.510967 , 0
0.871232 , 0.528332 , 0
0.860529 , 0.545487 , 0
0.849486 , 0.562426 , 0
0.838106 , 0.579142 , 0
0.826394 , 0.595629 , 0
0.814355 , 0.61188 , 0
0.801992 , 0.627888 , 0
0.789312 , 0.643647 , 0
0.776319 , 0.659151 , 0
0.763017 , 0.674394 , 0
0.749413 , 0.689369 , 0
0.735512 , 0.70407 , 0
0.721318 , 0.718492 , 0
0.706838 , 0.732628 , 0
0.692078 , 0.746474 , 0
0.677042 , 0.760023 , 0
0.661737 , 0.773269 , 0
0.646169 , 0.786208 , 0
0.630344 , 0.798835 , 0
0.614268 , 0.811144 , 0
0.597948 , 0.823129 , 0
0.58139 , 0.834788 , 0
0.5646 , 0.846113 , 0
0.547585 , 0.857102 , 0
0.530352 , 0.867748 , 0
0.512907 , 0.878049 , 0
0.495258 , 0.888 , 0
0.477411 , 0.897596 , 0
0.459374 , 0.906834 , 0
0.441153 , 0.91571 , 0
0.422755 , 0.924219 , 0
0.404189 , 0.93236 , 0
0.385461 , 0.940127 , 0
0.366579 , 0.947519 , 0
0.347551 , 0.954531 , 0
0.328383 , 0.961161 , 0
0.309083 , 0.967406 , 0
0.28966 , 0.973263 , 0
0.270121 , 0.97873 , 0
0.250473 , 0.983805 , 0
0.230724 , 0.988484 , 0
0.210883 , 0.992767 , 0
0.190958 , 0.99665 , 0
0.170955 , 1.00013 , 0
0.150884 , 1.00321 , 0
0.130752 , 1.00589 , 0
0.110567 , 1.00816 , 0
0.0903384 , 1.01003 , 0
0.0700728 , 1.01149 , 0
0.049779 , 1.01254 , 0
0.0294652 , 1.01318 , 0
0.0091394 , 1.01342 , 0
-0.0111901 , 1.01324 , 0
-0.031515 , 1.01266 , 0
-0.0518272 , 1.01166 , 0
-0.0721184 , 1.01026 , 0
-0.0923804 , 1.00844 , 0
-0.112605 , 1.00622 , 0
-0.132784 , 1.00359 , 0
-0.152909 , 1.00056 , 0
-0.172972 , 0.997115 , 0
-0.192965 , 0.993268 , 0
-0.212879 , 0.989018 , 0
-0.232707 , 0.984365 , 0
-0.252441 , 0.979312 , 0
-0.272071 , 0.97386 , 0
-0.291591 , 0.968011 , 0
-0.310991 , 0.961768 , 0
-0.330265 , 0.955133 , 0
-0.349405 , 0.948108 , 0
-0.368401 , 0.940695 , 0
-0.387247 , 0.932898 , 0
-0.405934 , 0.92472 , 0
-0.424456 , 0.916163 , 0
-0.442804 , 0.907232 , 0
-0.46097 , 0.897928 , 0
-0.478947 , 0.888256 , 0
-0.496728 , 0.87822 , 0
-0.514304 , 0.867823 , 0
-0.53167 , 0.85707 , 0
-0.548817 , 0.845964 , 0
-0.565738 , 0.83451 , 0
-0.582426 , 0.822713 , 0
-0.598874 , 0.810576 , 0
-0.615075 , 0.798106 , 0
-0.631022 , 0.785306 , 0
-0.646709 , 0.772181 , 0
-0.662128 , 0.758738 , 0
-0.677274 , 0.744981 , 0
-0.692139 , 0.730915 , 0
-0.706718 , 0.716547 , 0
-0.721004 , 0.701882 , 0
-0.734991 , 0.686925 , 0
-0.748672 , 0.671684 , 0
-0.762043 , 0.656164 , 0
-0.775097 , 0.640371 , 0
-0.787829 , 0.624311 , 0
-0.800232 , 0.607992 , 0
-0.812302 , 0.591419 , 0
-0.824034 , 0.5746 , 0
-0.835422 , 0.55754 , 0
-0.84646 , 0.540249 , 0
-0.857145 , 0.522731 , 0
-0.867472 , 0.504995 , 0
-0.877436 , 0.487047 , 0
-0.887032 , 0.468895 , 0
-0.896256 , 0.450547 , 0
-0.905104 , 0.43201 , 0
-0.913572 , 0.413291 , 0
-0.921656 , 0.394399 , 0
-0.929353 , 0.375341 , 0
-0.936659 , 0.356125 , 0
-0.94357 , 0.336759 , 0
-0.950084 , 0.317251 , 0
-0.956197 , 0.297609 , 0
-0.961906 , 0.277842 , 0
-0.967209 , 0.257957 , 0
-0.972103 , 0.237963 , 0
-0.976585 , 0.217869 , 0
-0.980654 , 0.197682 , 0
-0.984308 , 0.177412 , 0
-0.987544 , 0.157066 , 0
-0.99036 , 0.136653 , 0
-0.992756 , 0.116183 , 0
-0.994731 , 0.0956629 , 0
-0.996281 , 0.0751023 , 0
-0.997408 , 0.0545097 , 0
-0.99811 , 0.0338939 , 0
-0.998386 , 0.0132637 , 0
-0.998236 , -0.00737222 , 0
-0.997659 , -0.028005 , 0
-0.996656 , -0.0486258 , 0
-0.995227 , -0.0692258 , 0
-0.993371 , -0.0897961 , 0
-0.99109 , -0.110328 , 0
-0.988384 , -0.130813 , 0
-0.985254 , -0.151241 , 0
-0.981701 , -0.171604 , 0
-0.977726 , -0.191894 , 0
-0.97333 , -0.212101 , 0
-0.968515 , -0.232217 , 0
-0.963284 , -0.252233 , 0
-0.957636 , -0.27214 , 0
-0.951576 , -0.29193 , 0
-0.945105 , -0.311594 , 0
-0.938225 , -0.331123 , 0
-0.93094 , -0.350509 , 0
-0.923252 , -0.369743 , 0
-0.915164 , -0.388817 , 0
-0.906679 , -0.407722 , 0
-0.897801 , -0.426451 , 0
-0.888534 , -0.444995 , 0
-0.87888 , -0.463345 , 0
-0.868845 , -0.481494 , 0
-0.858431 , -0.499433 , 0
-0.847644 , -0.517155 , 0
-0.836488 , -0.534652 , 0
-0.824967 , -0.551915 , 0
-0.813086 , -0.568938 , 0
-0.80085 , -0.585713 , 0
-0.788264 , -0.602231 , 0
-0.775333 , -0.618487 , 0
-0.762063 , -0.634471 , 0
-0.74846 , -0.650178 , 0
-0.734529 , -0.6656 , 0
-0.720275 , -0.68073 , 0
-0.705706 , -0.695562 , 0
-0.690827 , -0.710088 , 0
-0.675644 , -0.724302 , 0
-0.660164 , -0.738198 , 0
-0.644394 , -0.751769 , 0
-0.62834 , -0.765009 , 0
-0.61201 , -0.777912 , 0
-0.59541 , -0.790473 , 0
-0.578547 , -0.802684 , 0
-0.561428 , -0.814541 , 0
-0.544062 , -0.826039 , 0
-0.526455 , -0.837172 , 0
-0.508616 , -0.847934 , 0
-0.490551 , -0.858321 , 0
-0.472269 , -0.868328 , 0
-0.453778 , -0.87795 , 0
-0.435086 , -0.887184 , 0
-0.416201 , -0.896023 , 0
-0.397131 , -0.904465 , 0
-0.377885 , -0.912506 , 0
-0.358471 , -0.92014 , 0
-0.338897 , -0.927366 , 0
-0.319173 , -0.934179 , 0
-0.299307 , -0.940577 , 0
-0.279307 , -0.946555 , 0
-0.259183 , -0.952112 , 0
-0.238943 , -0.957244 , 0
-0.218597 , -0.96195 , 0
-0.198153 , -0.966226 , 0
-0.177621 , -0.97007 , 0
-0.157009 , -0.973481 , 0
-0.136327 , -0.976457 , 0
-0.115585 , -0.978996 , 0
-0.0947902 , -0.981097 , 0
-0.0739532 , -0.982759 , 0
-0.0530832 , -0.983981 , 0
-0.0321893 , -0.984762 , 0
-0.011281 , -0.985101 , 0
0.00963233 , -0.984999 , 0
0.0305414 , -0.984454 , 0
0.0514367 , -0.983468 , 0
0.0723089 , -0.98204 , 0
0.0931486 , -0.98017 , 0
0.113946 , -0.977861 , 0
0.134693 , -0.975111 , 0
0.155379 , -0.971923 , 0
0.175995 , -0.968297 , 0
0.196532 , -0.964235 , 0
0.21698 , -0.959739 , 0
0.237331 , -0.954811 , 0
0.257575 , -0.949453 , 0
0.277702 , -0.943666 , 0
0.297704 , -0.937453 , 0
0.317572 , -0.930818 , 0
0.337297 , -0.923763 , 0
0.356869 , -0.91629 , 0
0.37628 , -0.908404 , 0
0.395522 , -0.900107 , 0
0.414584 , -0.891404 , 0
0.433459 , -0.882298 , 0
0.452138 , -0.872793 , 0
0.470613 , -0.862893 , 0
0.488874 , -0.852602 , 0
0.506915 , -0.841926 , 0
0.524726 , -0.830869 , 0
0.542299 , -0.819436 , 0
0.559627 , -0.807631 , 0
0.576702 , -0.795461 , 0
0.593515 , -0.782931 , 0
0.610059 , -0.770045 , 0
0.626327 , -0.756811 , 0
0.642311 , -0.743234 , 0
0.658004 , -0.72932 , 0
0.673398 , -0.715075 , 0
0.688487 , -0.700506 , 0
0.703264 , -0.685619 , 0
0.717722 , -0.670421 , 0
0.731854 , -0.654919 , 0
0.745654 , -0.63912 , 0
0.759116 , -0.623031 , 0
0.772233 , -0.606659 , 0
0.785 , -0.590012 , 0
0.797411 , -0.573097 , 0
0.809459 , -0.555922 , 0
0.82114 , -0.538495 , 0
0.832449 , -0.520823 , 0
0.843379 , -0.502915 , 0
0.853927 , -0.484778 , 0
0.864087 , -0.466421 , 0
0.873854 , -0.447853 , 0
0.883225 , -0.429081 , 0
0.892195 , -0.410114 , 0
0.90076 , -0.390962 , 0
0.908916 , -0.371631 , 0
0.91666 , -0.352132 , 0
0.923987 , -0.332474 , 0
0.930895 , -0.312664 , 0
0.93738 , -0.292712 , 0
0.94344 , -0.272628 , 0
0.949072 , -0.252419 , 0
0.954273 , -0.232097 , 0
0.959041 , -0.211669 , 0
0.963374 , -0.191145 , 0
0.96727 , -0.170534 , 0
0.970727 , -0.149846 , 0
0.973744 , -0.129089 , 0
0.976319 , -0.108275 , 0
0.978452 , -0.0874111 , 0
0.980142 , -0.0665077 , 0
0.981387 , -0.0455742 , 0
0.982187 , -0.0246201 , 0
0.982543 , -0.00365477 , 0
0.982453 , 0.0173122 , 0
0.981919 , 0.0382713 , 0
0.98094 , 0.0592131 , 0
0.979517 , 0.0801281 , 0
0.97765 , 0.101007 , 0
0.975342 , 0.12184 , 0
0.972592 , 0.142618 , 0
0.969402 , 0.163331 , 0
0.965774 , 0.183971 , 0
0.96171 , 0.204527 , 0
0.957211 , 0.224991 , 0
0.95228 , 0.245354 , 0
0.946919 , 0.265605 , 0
0.94113 , 0.285737 , 0
0.934917 , 0.30574 , 0
0.928282 , 0.325605 , 0
0.921228 , 0.345323 , 0
0.913759 , 0.364885 , 0
0.905879 , 0.384283 , 0
0.89759 , 0.403508 , 0
0.888897 , 0.422551 , 0
0.879804 , 0.441404 , 0
0.870315 , 0.460059 , 0
0.860435 , 0.478506 , 0
0.850168 , 0.496738 , 0
0.839519 , 0.514748 , 0
0.828493 , 0.532525 , 0
0.817094 , 0.550064 , 0
0.805329 , 0.567356 , 0
0.793203 , 0.584394 , 0
0.780721 , 0.601169 , 0
0.767889 , 0.617675 , 0
0.754714 , 0.633904 , 0
0.7412 , 0.649849 , 0
0.727354 , 0.665504 , 0
0.713184 , 0.680861 , 0
0.698694 , 0.695913 , 0
0.683892 , 0.710655 , 0
0.668785 , 0.725079 , 0
0.653379 , 0.739179 , 0
0.637681 , 0.752949 , 0
0.621699 , 0.766384 , 0
0.60544 , 0.779477 , 0
0.588912 , 0.792223 , 0
0.572121 , 0.804617 , 0
0.555076 , 0.816652 , 0
0.537783 , 0.828324 , 0
0.520252 , 0.839628 , 0
0.50249 , 0.850559 , 0
0.484504 , 0.861112 , 0
0.466304 , 0.871283 , 0
0.447897 , 0.881068 , 0
0.429291 , 0.890463 , 0
0.410495 , 0.899463 , 0
0.391518 , 0.908065 , 0
0.372367 , 0.916265 , 0
0.353052 , 0.924061 , 0
0.333581 , 0.931448 , 0
0.313962 , 0.938424 , 0
0.294205 , 0.944985 , 0
0.274319 , 0.951131 , 0
0.254311 , 0.956857 , 0
0.234191 , 0.962161 , 0
0.213969 , 0.967043 , 0
0.193652 , 0.971499 , 0
0.17325 , 0.975528 , 0
0.152772 , 0.979129 , 0
0.132227 , 0.9823 , 0
0.111624 , 0.98504 , 0
0.0909725 , 0.987349 , 0
0.0702808 , 0.989225 , 0
0.0495583 , 0.990668 , 0
0.0288142 , 0.991678 , 0
0.00805745 , 0.992255 , 0
-0.0127028 , 0.992398 , 0
-0.0334575 , 0.992108 , 0
-0.0541976 , 0.991385 , 0
-0.0749141 , 0.990231 , 0
-0.095598 , 0.988645 , 0
-0.11624 , 0.986629 , 0
-0.136832 , 0.984184 , 0
-0.157364 , 0.981312 , 0
-0.177828 , 0.978013 , 0
-0.198215 , 0.97429 , 0
-0.218516 , 0.970145 , 0
-0.238722 , 0.965579 , 0
-0.258825 , 0.960595 , 0
-0.278816 , 0.955196 , 0
-0.298686 , 0.949384 , 0
-0.318428 , 0.943162 , 0
-0.338032 , 0.936533 , 0
-0.35749 , 0.9295 , 0
-0.376794 , 0.922066 , 0
-0.395936 , 0.914236 , 0
-0.414907 , 0.906012 , 0
-0.4337 , 0.897398 , 0
-0.452307 , 0.888399 , 0
-0.47072 , 0.879019 , 0
-0.488931 , 0.869261 , 0
-0.506932 , 0.859132 , 0
-0.524716 , 0.848634 , 0
-0.542276 , 0.837772 , 0
-0.559603 , 0.826553 , 0
-0.576692 , 0.814981 , 0
-0.593534 , 0.80306 , 0
-0.610123 , 0.790797 , 0
-0.626452 , 0.778197 , 0
-0.642515 , 0.765266 , 0
-0.658303 , 0.752008 , 0
-0.673812 , 0.738431 , 0
-0.689035 , 0.72454 , 0
-0.703965 , 0.710342 , 0
-0.718596 , 0.695842 , 0
-0.732923 , 0.681047 , 0
-0.746939 , 0.665964 , 0
-0.760639 , 0.650599 , 0
-0.774017 , 0.634958 , 0
-0.787068 , 0.61905 , 0
-0.799787 , 0.602879 , 0
-0.812169 , 0.586455 , 0
-0.824208 , 0.569783 , 0
-0.8359 , 0.552871 , 0
-0.847239 , 0.535727 , 0
-0.858223 , 0.518357 , 0
-0.868846 , 0.500769 , 0
-0.879104 , 0.482971 , 0
-0.888993 , 0.46497 , 0
-0.898509 , 0.446775 , 0
-0.907649 , 0.428392 , 0
-0.916408 , 0.40983 , 0
-0.924785 , 0.391096 , 0
-0.932774 , 0.372199 , 0
-0.940374 , 0.353146 , 0
-0.947582 , 0.333946 , 0
-0.954394 , 0.314606 , 0
-0.960809 , 0.295136 , 0
-0.966824 , 0.275543 , 0
-0.972436 , 0.255835 , 0
-0.977644 , 0.23602 , 0
-0.982445 , 0.216108 , 0
-0.986839 , 0.196105 , 0
-0.990823 , 0.176022 , 0
-0.994397 , 0.155865 , 0
-0.997558 , 0.135644 , 0
-1.00031 , 0.115367 , 0
-1.00264 , 0.0950418 , 0
-1.00456 , 0.0746775 , 0
-1.00607 , 0.0542823 , 0
-1.00716 , 0.0338648 , 0
-1.00783 , 0.0134332 , 0
-1.00809 , -0.00700383 , 0
-1.00794 , -0.027438 , 0
-1.00736 , -0.0478609 , 0
-1.00638 , -0.0682641 , 0
-1.00498 , -0.0886392 , 0
-1.00317 , -0.108978 , 0
-1.00095 , -0.129272 , 0
-0.998312 , -0.149513 , 0
-0.995269 , -0.169693 , 0
-0.991818 , -0.189803 , 0
-0.987962 , -0.209835 , 0
-0.983701 , -0.229782 , 0
-0.979038 , -0.249635 , 0
-0.973975 , -0.269386 , 0
-0.968515 , -0.289026 , 0
-0.96266 , -0.308549 , 0
-0.956412 , -0.327946 , 0
-0.949774 , -0.34721 , 0
-0.942749 , -0.366332 , 0
-0.935341 , -0.385305 , 0
-0.927553 , -0.404121 , 0
-0.919388 , -0.422773 , 0
-0.910849 , -0.441254 , 0
-0.90194 , -0.459555 , 0
-0.892666 , -0.47767 , 0
-0.88303 , -0.495591 , 0
-0.873036 , -0.513311 , 0
-0.862688 , -0.530824 , 0
-0.851991 , -0.548122 , 0
-0.84095 , -0.565198 , 0
-0.829569 , -0.582045 , 0
-0.817852 , -0.598658 , 0
-0.805806 , -0.615028 , 0
-0.793434 , -0.631151 , 0
-0.780742 , -0.647019 , 0
-0.767735 , -0.662626 , 0
-0.754419 , -0.677966 , 0
-0.7408 , -0.693033 , 0
-0.726882 , -0.707821 , 0
-0.712672 , -0.722325 , 0
-0.698175 , -0.736538 , 0
-0.683398 , -0.750455 , 0
-0.668346 , -0.76407 , 0
-0.653026 , -0.777379 , 0
-0.637444 , -0.790376 , 0
-0.621606 , -0.803056 , 0
-0.605519 , -0.815415 , 0
-0.589189 , -0.827446 , 0
-0.572624 , -0.839146 , 0
-0.555829 , -0.85051 , 0
-0.538812 , -0.861534 , 0
-0.521579 , -0.872213 , 0
-0.504138 , -0.882543 , 0
-0.486495 , -0.892521 , 0
-0.468658 , -0.902142 , 0
-0.450634 , -0.911403 , 0
-0.43243 , -0.920301 , 0
-0.414053 , -0.928831 , 0
-0.395512 , -0.936991 , 0
-0.376813 , -0.944777 , 0
-0.357963 , -0.952186 , 0
-0.338971 , -0.959217 , 0
-0.319844 , -0.965865 , 0
-0.300589 , -0.972129 , 0
-0.281215 , -0.978006 , 0
-0.26173 , -0.983494 , 0
-0.24214 , -0.988591 , 0
-0.222453 , -0.993295 , 0
-0.202679 , -0.997604 , 0
-0.182824 , -1.00152 , 0
-0.162896 , -1.00503 , 0
-0.142903 , -1.00815 , 0
-0.122854 , -1.01086 , 0
-0.102756 , -1.01318 , 0
-0.0826175 , -1.01509 , 0
-0.062446 , -1.0166 , 0
-0.0422498 , -1.01771 , 0
-0.0220368 , -1.01841 , 0
-0.00181511 , -1.01871 , 0
0.0184073 , -1.01861 , 0
0.0386225 , -1.0181 , 0
0.0588223 , -1.01719 , 0
0.0789989 , -1.01587 , 0
0.0991441 , -1.01416 , 0
0.11925 , -1.01204 , 0
0.139309 , -1.00952 , 0
0.159313 , -1.00661 , 0
0.179253 , -1.00329 , 0
0.199123 , -0.999579 , 0
0.218914 , -0.995471 , 0
0.238619 , -0.99097 , 0
0.258229 , -0.986077 , 0
0.277737 , -0.980794 , 0
0.297135 , -0.975123 , 0
0.316416 , -0.969067 , 0
0.335571 , -0.962627 , 0
0.354594 , -0.955808 , 0
0.373477 , -0.94861 , 0
0.392213 , -0.941038 , 0
0.410793 , -0.933094 , 0
0.429211 , -0.924782 , 0
0.44746 , -0.916103 , 0
0.465531 , -0.907064 , 0
0.483419 , -0.897665 , 0
0.501116 , -0.887912 , 0
0.518615 , -0.877809 , 0
0.535909 , -0.867358 , 0
0.552991 , -0.856565 , 0
0.569855 , -0.845434 , 0
0.586494 , -0.833968 , 0
0.602901 , -0.822174 , 0
0.61907 , -0.810054 , 0
0.634995 , -0.797614 , 0
0.650668 , -0.784859 , 0
0.666084 , -0.771795 , 0
0.681237 , -0.758425 , 0
0.696121 , -0.744755 , 0
0.71073 , -0.730791 , 0
0.725058 , -0.716538 , 0
0.739099 , -0.702002 , 0
0.752848 , -0.687189 , 0
0.7663 , -0.672103 , 0
0.779448 , -0.656752 , 0
0.792289 , -0.641141 , 0
0.804815 , -0.625277 , 0
0.817024 , -0.609165 , 0
0.828909 , -0.592813 , 0
0.840466 , -0.576225 , 0
0.85169 , -0.55941 , 0
0.862578 , -0.542373 , 0
0.873124 , -0.525121 , 0
0.883323 , -0.507662 , 0
0.893174 , -0.490001 , 0
0.90267 , -0.472146 , 0
0.911808 , -0.454104 , 0
0.920586 , -0.435882 , 0
0.928998 , -0.417488 , 0
0.937041 , -0.398927 , 0
0.944713 , -0.380209 , 0
0.952011 , -0.36134 , 0
0.95893 , -0.342327 , 0
0.965469 , -0.323178 , 0
0.971624 , -0.303901 , 0
0.977393 , -0.284503 , 0
0.982774 , -0.264993 , 0
0.987765 , -0.245377 , 0
0.992363 , -0.225663 , 0
0.996566 , -0.20586 , 0
1.00037 , -0.185974 , 0
1.00378 , -0.166015 , 0
1.00679 , -0.14599 , 0
1.0094 , -0.125906 , 0
1.0116 , -0.105772 , 0
1.01341 , -0.0855964 , 0
1.0148 , -0.0653864 , 0
1.0158 , -0.0451503 , 0
1.01639 , -0.0248963 , 0
1.01657 , -0.00463223 , 0
1.01634 , 0.0156336 , 0
1.01572 , 0.0358933 , 0
1.01468 , 0.0561386 , 0
1.01324 , 0.0763614 , 0
1.01139 , 0.0965537 , 0
1.00914 , 0.116707 , 0
1.00649 , 0.136814 , 0
1.00343 , 0.156866 , 0
0.999968 , 0.176856 , 0
0.996107 , 0.196774 , 0
0.991846 , 0.216613 , 0
0.987187 , 0.236366 , 0
0.982132 , 0.256024 , 0
0.976682 , 0.275578 , 0
0.97084 , 0.295022 , 0
0.964607 , 0.314348 , 0
0.957986 , 0.333546 , 0
0.95098 , 0.352611 , 0
0.943591 , 0.371534 , 0
0.935821 , 0.390307 , 0
0.927674 , 0.408922 , 0
0.919153 , 0.427373 , 0
0.910261 , 0.445651 , 0
0.901001 , 0.463749 , 0
0.891377 , 0.48166 , 0
0.881393 , 0.499376 , 0
0.871052 , 0.51689 , 0
0.860359 , 0.534194 , 0
0.849317 , 0.551283 , 0
0.837931 , 0.568148 , 0
0.826205 , 0.584782 , 0
0.814144 , 0.60118 , 0
0.801753 , 0.617333 , 0
0.789036 , 0.633235 , 0
0.775998 , 0.648881 , 0
0.762644 , 0.664262 , 0
0.74898 , 0.679373 , 0
0.735011 , 0.694207 , 0
0.720743 , 0.708758 , 0
0.70618 , 0.72302 , 0
0.69133 , 0.736987 , 0
0.676197 , 0.750654 , 0
0.660788 , 0.764013 , 0
0.645109 , 0.77706 , 0
0.629165 , 0.78979 , 0
0.612965 , 0.802195 , 0
0.596513 , 0.814273 , 0
0.579816 , 0.826016 , 0
0.562882 , 0.837421 , 0
0.545716 , 0.848482 , 0
0.528327 , 0.859194 , 0
0.51072 , 0.869553 , 0
0.492903 , 0.879554 , 0
0.474883 , 0.889193 , 0
0.456668 , 0.898466 , 0
0.438264 , 0.907369 , 0
0.41968 , 0.915897 , 0
0.400922 , 0.924047 , 0
0.381998 , 0.931815 , 0
0.362917 , 0.939198 , 0
0.343685 , 0.946193 , 0
0.324312 , 0.952795 , 0
0.304803 , 0.959003 , 0
0.285169 , 0.964813 , 0
0.265416 , 0.970223 , 0
0.245553 , 0.97523 , 0
0.225587 , 0.979831 , 0
0.205528 , 0.984025 , 0
0.185384 , 0.987809 , 0
0.165162 , 0.991182 , 0
0.144871 , 0.994142 , 0
0.12452 , 0.996687 , 0
0.104117 , 0.998816 , 0
0.0836703 , 1.00053 , 0
0.0631887 , 1.00182 , 0
0.0426807 , 1.00269 , 0
0.0221547 , 1.00315 , 0
0.00161955 , 1.00318 , 0
-0.0189163 , 1.0028 , 0
-0.0394443 , 1.00199 , 0
-0.0599556 , 1.00076 , 0
-0.0804418 , 0.999109 , 0
-0.100894 , 0.997039 , 0
-0.121304 , 0.99455 , 0
-0.141663 , 0.991641 , 0
-0.161962 , 0.988314 , 0
-0.182192 , 0.984569 , 0
-0.202346 , 0.980409 , 0
-0.222414 , 0.975835 , 0
-0.242388 , 0.970848 , 0
-0.26226 , 0.96545 , 0
-0.28202 , 0.959642 , 0
-0.301661 , 0.953428 , 0
-0.321173 , 0.946809 , 0
-0.34055 , 0.939788 , 0
-0.359781 , 0.932368 , 0
-0.37886 , 0.924551 , 0
-0.397777 , 0.91634 , 0
-0.416525 , 0.907739 , 0
-0.435095 , 0.898751 , 0
-0.453479 , 0.88938 , 0
-0.47167 , 0.879628 , 0
-0.48966 , 0.869501 , 0
-0.507439 , 0.859002 , 0
-0.525002 , 0.848135 , 0
-0.54234 , 0.836905 , 0
-0.559445 , 0.825316 , 0
-0.57631 , 0.813373 , 0
-0.592928 , 0.801081 , 0
-0.609291 , 0.788444 , 0
-0.625392 , 0.775469 , 0
-0.641224 , 0.76216 , 0
-0.65678 , 0.748522 , 0
-0.672052 , 0.734562 , 0
-0.687035 , 0.720285 , 0
-0.701721 , 0.705697 , 0
-0.716104 , 0.690804 , 0
-0.730177 , 0.675613 , 0
-0.743935 , 0.660129 , 0
-0.75737 , 0.64436 , 0
-0.770477 , 0.628311 , 0
-0.78325 , 0.61199 , 0
-0.795684 , 0.595403 , 0
-0.807771 , 0.578557 , 0
-0.819508 , 0.56146 , 0
-0.830888 , 0.544119 , 0
-0.841906 , 0.526542 , 0
-0.852558 , 0.508734 , 0
-0.862838 , 0.490705 , 0
-0.872742 , 0.472462 , 0
-0.882265 , 0.454013 , 0
-0.891403 , 0.435366 , 0
-0.90015 , 0.416528 , 0
-0.908504 , 0.397508 , 0
-0.916461 , 0.378314 , 0
-0.924016 , 0.358954 , 0
-0.931166 , 0.339437 , 0
-0.937907 , 0.319771 , 0
-0.944237 , 0.299964 , 0
-0.950152 , 0.280026 , 0
-0.955649 , 0.259965 , 0
-0.960726 , 0.23979 , 0
-0.96538 , 0.219508 , 0
-0.969609 , 0.199131 , 0
-0.973411 , 0.178665 , 0
-0.976783 , 0.158121 , 0
-0.979725 , 0.137507 , 0
-0.982233 , 0.116832 , 0
-0.984308 , 0.0961054 , 0
-0.985948 , 0.0753364 , 0
-0.987151 , 0.0545341 , 0
-0.987917 , 0.0337077 , 0
-0.988246 , 0.0128664 , 0
-0.988137 , -0.00798067 , 0
-0.987589 , -0.0288242 , 0
-0.986604 , -0.0496549 , 0
-0.98518 , -0.0704636 , 0
-0.983318 , -0.0912409 , 0
-0.98102 , -0.111978 , 0
-0.978285 , -0.132665 , 0
-0.975114 , -0.153293 , 0
-0.97151 , -0.173852 , 0
-0.967472 , -0.194335 , 0
-0.963004 , -0.21473 , 0
-0.958105 , -0.23503 , 0
-0.95278 , -0.255225 , 0
-0.947028 , -0.275306 , 0
-0.940854 , -0.295264 , 0
-0.93426 , -0.31509 , 0
-0.927247 , -0.334775 , 0
-0.91982 , -0.354311 , 0
-0.911981 , -0.373687 , 0
-0.903733 , -0.392897 , 0
-0.895081 , -0.41193 , 0
-0.886027 , -0.430779 , 0
-0.876576 , -0.449435 , 0
-0.866732 , -0.467888 , 0
-0.856499 , -0.486132 , 0
-0.845881 , -0.504158 , 0
-0.834883 , -0.521957 , 0
-0.82351 , -0.539522 , 0
-0.811766 , -0.556843 , 0
-0.799658 , -0.573915 , 0
-0.787189 , -0.590728 , 0
-0.774366 , -0.607275 , 0
-0.761195 , -0.623549 , 0
-0.74768 , -0.639542 , 0
-0.733829 , -0.655247 , 0
-0.719647 , -0.670656 , 0
-0.70514 , -0.685763 , 0
-0.690315 , -0.70056 , 0
-0.675179 , -0.715041 , 0
-0.659738 , -0.7292 , 0
-0.643998 , -0.743029 , 0
-0.627968 , -0.756523 , 0
-0.611655 , -0.769674 , 0
-0.595064 , -0.782478 , 0
-0.578205 , -0.794928 , 0
-0.561084 , -0.807019 , 0
-0.54371 , -0.818744 , 0
-0.526089 , -0.830099 , 0
-0.508231 , -0.841079 , 0
-0.490142 , -0.851678 , 0
-0.471831 , -0.861891 , 0
-0.453307 , -0.871713 , 0
-0.434577 , -0.881141 , 0
-0.415651 , -0.89017 , 0
-0.396536 , -0.898795 , 0
-0.377241 , -0.907013 , 0
-0.357775 , -0.914819 , 0
-0.338148 , -0.922211 , 0
-0.318366 , -0.929185 , 0
-0.298441 , -0.935737 , 0
-0.27838 , -0.941865 , 0
-0.258193 , -0.947566 , 0
-0.237888 , -0.952837 , 0
-0.217476 , -0.957675 , 0
-0.196965 , -0.962079 , 0
-0.176364 , -0.966046 , 0
-0.155684 , -0.969575 , 0
-0.134933 , -0.972664 , 0
-0.114121 , -0.975311 , 0
-0.0932563 , -0.977515 , 0
-0.0723498 , -0.979276 , 0
-0.0514105 , -0.980592 , 0
-0.0304478 , -0.981463 , 0
-0.00947131 , -0.981888 , 0
0.0115095 , -0.981867 , 0
0.0324851 , -0.981401 , 0
0.0534459 , -0.980489 , 0
0.0743825 , -0.979132 , 0
0.0952853 , -0.977331 , 0
0.116145 , -0.975086 , 0
0.136952 , -0.972398 , 0
0.157696 , -0.969269 , 0
0.178369 , -0.9657 , 0
0.198962 , -0.961693 , 0
0.219463 , -0.957249 , 0
0.239866 , -0.952371 , 0
0.260159 , -0.947061 , 0
0.280335 , -0.941322 , 0
0.300383 , -0.935155 , 0
0.320295 , -0.928564 , 0
0.340062 , -0.921553 , 0
0.359674 , -0.914123 , 0
0.379124 , -0.906279 , 0
0.398402 , -0.898024 , 0
0.417499 , -0.889362 , 0
0.436407 , -0.880298 , 0
0.455117 , -0.870834 , 0
0.473622 , -0.860977 , 0
0.491912 , -0.850729 , 0
0.509979 , -0.840096 , 0
0.527815 , -0.829083 , 0
0.545413 , -0.817695 , 0
0.562763 , -0.805937 , 0
0.57986 , -0.793815 , 0
0.596694 , -0.781334 , 0
0.613258 , -0.768499 , 0
0.629546 , -0.755318 , 0
0.645549 , -0.741795 , 0
0.66126 , -0.727937 , 0
0.676673 , -0.71375 , 0
0.691781 , -0.699242 , 0
0.706576 , -0.684418 , 0
0.721053 , -0.669285 , 0
0.735205 , -0.653851 , 0
0.749026 , -0.638122 , 0
0.762509 , -0.622105 , 0
0.775648 , -0.605809 , 0
0.788439 , -0.589239 , 0
0.800874 , -0.572405 , 0
0.81295 , -0.555313 , 0
0.82466 , -0.537971 , 0
0.835999 , -0.520387 , 0
0.846963 , -0.50257 , 0
0.857546 , -0.484527 , 0
0.867745 , -0.466267 , 0
0.877554 , -0.447797 , 0
0.88697 , -0.429127 , 0
0.895988 , -0.410264 , 0
0.904605 , -0.391218 , 0
0.912816 , -0.371996 , 0
0.920619 , -0.352607 , 0
0.92801 , -0.333061 , 0
0.934986 , -0.313366 , 0
0.941544 , -0.293531 , 0
0.947682 , -0.273565 , 0
0.953397 , -0.253477 , 0
0.958686 , -0.233276 , 0
0.963547 , -0.21297 , 0
0.967979 , -0.19257 , 0
0.97198 , -0.172084 , 0
0.975548 , -0.151521 , 0
0.978681 , -0.130891 , 0
0.98138 , -0.110202 , 0
0.983642 , -0.0894646 , 0
0.985467 , -0.0686875 , 0
0.986855 , -0.0478798 , 0
0.987805 , -0.0270508 , 0
0.988316 , -0.00620992 , 0
0.98839 , 0.0146338 , 0
0.988026 , 0.035471 , 0
0.987224 , 0.0562924 , 0
0.985986 , 0.077089 , 0
0.984312 , 0.0978515 , 0
0.982203 , 0.118571 , 0
0.97966 , 0.139238 , 0
0.976685 , 0.159843 , 0
0.973279 , 0.180378 , 0
0.969444 , 0.200834 , 0
0.965183 , 0.221201 , 0
0.960496 , 0.24147 , 0
0.955387 , 0.261634 , 0
0.949858 , 0.281682 , 0
0.943912 , 0.301607 , 0
0.937552 , 0.321399 , 0
0.93078 , 0.341051 , 0
0.9236 , 0.360553 , 0
0.916016 , 0.379897 , 0
0.908031 , 0.399074 , 0
0.899648 , 0.418077 , 0
0.890873 , 0.436898 , 0
0.881708 , 0.455527 , 0
0.872158 , 0.473958 , 0
0.862228 , 0.492182 , 0
0.851922 , 0.510191 , 0
0.841245 , 0.527979 , 0
0.830202 , 0.545536 , 0
0.818798 , 0.562856 , 0
0.807038 , 0.579932 , 0
0.794928 , 0.596756 , 0
0.782473 , 0.61332 , 0
0.769678 , 0.629619 , 0
0.75655 , 0.645645 , 0
0.743094 , 0.661392 , 0
0.729317 , 0.676852 , 0
0.715224 , 0.69202 , 0
0.700823 , 0.706888 , 0
0.686118 , 0.721452 , 0
0.671118 , 0.735704 , 0
0.655829 , 0.74964 , 0
0.640257 , 0.763252 , 0
0.62441 , 0.776536 , 0
0.608294 , 0.789486 , 0
0.591917 , 0.802097 , 0
0.575286 , 0.814363 , 0
0.558408 , 0.82628 , 0
0.54129 , 0.837843 , 0
0.523941 , 0.849047 , 0
0.506368 , 0.859888 , 0
0.488577 , 0.87036 , 0
0.470578 , 0.880461 , 0
0.452378 , 0.890186 , 0
0.433986 , 0.899531 , 0
0.415408 , 0.908492 , 0
0.396653 , 0.917067 , 0
0.377729 , 0.925251 , 0
0.358644 , 0.933041 , 0
0.339407 , 0.940435 , 0
0.320026 , 0.94743 , 0
0.30051 , 0.954022 , 0
0.280865 , 0.96021 , 0
0.261102 , 0.965991 , 0
0.241228 , 0.971364 , 0
0.221252 , 0.976325 , 0
0.201183 , 0.980873 , 0
0.181029 , 0.985008 , 0
0.160798 , 0.988726 , 0
0.140499 , 0.992028 , 0
0.120142 , 0.994912 , 0
0.0997333 , 0.997376 , 0
0.079283 , 0.999421 , 0
0.0587994 , 1.00105 , 0
0.0382911 , 1.00225 , 0
0.0177667 , 1.00303 , 0
-0.00276519 , 1.0034 , 0
-0.0232959 , 1.00334 , 0
-0.0438168 , 1.00286 , 0
-0.0643194 , 1.00197 , 0
-0.0847951 , 1.00065 , 0
-0.105235 , 0.998915 , 0
-0.125632 , 0.996764 , 0
-0.145976 , 0.994197 , 0
-0.166259 , 0.991216 , 0
-0.186473 , 0.987821 , 0
-0.206609 , 0.984016 , 0
-0.226659 , 0.979801 , 0
-0.246615 , 0.975179 , 0
-0.266469 , 0.970152 , 0
-0.286212 , 0.964723 , 0
-0.305836 , 0.958893 , 0
-0.325334 , 0.952666 , 0
-0.344697 , 0.946045 , 0
-0.363918 , 0.939032 , 0
-0.382987 , 0.931631 , 0
-0.401899 , 0.923845 , 0
-0.420645 , 0.915678 , 0
-0.439217 , 0.907133 , 0
-0.457608 , 0.898214 , 0
-0.475811 , 0.888925 , 0
-0.493818 , 0.87927 , 0
-0.511621 , 0.869253 , 0
-0.529215 , 0.858879 , 0
-0.546591 , 0.848153 , 0
-0.563742 , 0.837078 , 0
-0.580662 , 0.825659 , 0
-0.597345 , 0.813902 , 0
-0.613782 , 0.801812 , 0
-0.629968 , 0.789393 , 0
-0.645897 , 0.776652 , 0
-0.661561 , 0.763593 , 0
-0.676955 , 0.750222 , 0
-0.692073 , 0.736544 , 0
-0.706908 , 0.722566 , 0
-0.721455 , 0.708294 , 0
-0.735708 , 0.693733 , 0
-0.749662 , 0.678889 , 0
-0.76331 , 0.663769 , 0
-0.776648 , 0.648379 , 0
-0.78967 , 0.632726 , 0
-0.802372 , 0.616815 , 0
-0.814747 , 0.600654 , 0
-0.826793 , 0.584249 , 0
-0.838502 , 0.567608 , 0
-0.849872 , 0.550736 , 0
-0.860898 , 0.533641 , 0
-0.871576 , 0.516331 , 0
-0.881901 , 0.498811 , 0
-0.891869 , 0.48109 , 0
-0.901477 , 0.463175 , 0
-0.910721 , 0.445072 , 0
-0.919597 , 0.42679 , 0
-0.928102 , 0.408335 , 0
-0.936233 , 0.389716 , 0
-0.943987 , 0.37094 , 0
-0.951361 , 0.352015 , 0
-0.958352 , 0.332948 , 0
-0.964957 , 0.313746 , 0
-0.971174 , 0.294419 , 0
-0.977001 , 0.274974 , 0
-0.982435 , 0.255418 , 0
-0.987475 , 0.235759 , 0
-0.992119 , 0.216006 , 0
-0.996365 , 0.196166 , 0
-1.00021 , 0.176247 , 0
-1.00366 , 0.156258 , 0
-1.0067 , 0.136207 , 0
-1.00934 , 0.1161 , 0
-1.01158 , 0.0959475 , 0
-1.01341 , 0.0757565 , 0
-1.01484 , 0.0555351 , 0
-1.01586 , 0.0352915 , 0
-1.01647 , 0.0150338 , 0
-1.01668 , -0.00522986 , 0
-1.01648 , -0.0254915 , 0
-1.01588 , -0.0457429 , 0
-1.01488 , -0.0659761 , 0
-1.01346 , -0.0861829 , 0
-1.01165 , -0.106355 , 0
-1.00943 , -0.126486 , 0
-1.00681 , -0.146565 , 0
-1.00379 , -0.166587 , 0
-1.00037 , -0.186542 , 0
-0.996546 , -0.206423 , 0
-0.99233 , -0.226222 , 0
-0.98772 , -0.245931 , 0
-0.982718 , -0.265542 , 0
-0.977325 , -0.285047 , 0
-0.971543 , -0.30444 , 0
-0.965376 , -0.323711 , 0
-0.958826 , -0.342854 , 0
-0.951895 , -0.361861 , 0
-0.944587 , -0.380725 , 0
-0.936903 , -0.399437 , 0
-0.928849 , -0.417991 , 0
-0.920426 , -0.436379 , 0
-0.911638 , -0.454594 , 0
-0.902489 , -0.472629 , 0
-0.892982 , -0.490477 , 0
-0.883122 , -0.508131 , 0
-0.872912 , -0.525583 , 0
-0.862356 , -0.542827 , 0
-0.851459 , -0.559857 , 0
-0.840225 , -0.576665 , 0
-0.828659 , -0.593244 , 0
-0.816764 , -0.609589 , 0
-0.804547 , -0.625693 , 0
-0.792011 , -0.641549 , 0
-0.779162 , -0.657151 , 0
-0.766005 , -0.672494 , 0
-0.752545 , -0.687571 , 0
-0.738787 , -0.702376 , 0
-0.724738 , -0.716903 , 0
-0.710402 , -0.731147 , 0
-0.695785 , -0.745102 , 0
-0.680893 , -0.758763 , 0
-0.665733 , -0.772123 , 0
-0.650309 , -0.785179 , 0
-0.634628 , -0.797924 , 0
-0.618697 , -0.810355 , 0
-0.602521 , -0.822465 , 0
-0.586107 , -0.83425 , 0
-0.569462 , -0.845705 , 0
-0.552591 , -0.856827 , 0
-0.535503 , -0.86761 , 0
-0.518203 , -0.87805 , 0
-0.500698 , -0.888143 , 0
-0.482995 , -0.897886 , 0
-0.465101 , -0.907274 , 0
-0.447024 , -0.916303 , 0
-0.42877 , -0.924971 , 0
-0.410347 , -0.933273 , 0
-0.391762 , -0.941206 , 0
-0.373022 , -0.948767 , 0
-0.354134 , -0.955953 , 0
-0.335106 , -0.962762 , 0
-0.315946 , -0.96919 , 0
-0.296661 , -0.975235 , 0
-0.277259 , -0.980895 , 0
-0.257748 , -0.986166 , 0
-0.238134 , -0.991048 , 0
-0.218426 , -0.995538 , 0
-0.198632 , -0.999634 , 0
-0.178759 , -1.00333 , 0
-0.158815 , -1.00664 , 0
-0.138809 , -1.00954 , 0
-0.118747 , -1.01205 , 0
-0.0986391 , -1.01415 , 0
-0.0784917 , -1.01586 , 0
-0.0583132 , -1.01716 , 0
-0.0381116 , -1.01806 , 0
-0.017895 , -1.01855 , 0
0.00232882 , -1.01864 , 0
0.0225517 , -1.01833 , 0
0.0427656 , -1.01762 , 0
0.0629626 , -1.0165 , 0
0.0831345 , -1.01497 , 0
0.103274 , -1.01305 , 0
0.123372 , -1.01072 , 0
0.143421 , -1.00799 , 0
0.163413 , -1.00486 , 0
0.18334 , -1.00133 , 0
0.203194 , -0.997409 , 0
0.222968 , -0.993087 , 0
0.242653 , -0.98837 , 0
0.262241 , -0.98326 , 0
0.281725 , -0.977759 , 0
0.301097 , -0.971868 , 0
0.32035 , -0.965591 , 0
0.339474 , -0.95893 , 0
0.358463 , -0.951886 , 0
0.37731 , -0.944463 , 0
0.396006 , -0.936663 , 0
0.414544 , -0.92849 , 0
0.432917 , -0.919947 , 0
0.451117 , -0.911036 , 0
0.469137 , -0.901761 , 0
0.486969 , -0.892127 , 0
0.504607 , -0.882135 , 0
0.522043 , -0.871791 , 0
0.53927 , -0.861099 , 0
0.556282 , -0.850062 , 0
0.573071 , -0.838684 , 0
0.58963 , -0.826971 , 0
0.605953 , -0.814926 , 0
0.622033 , -0.802555 , 0
0.637864 , -0.789861 , 0
0.653439 , -0.776851 , 0
0.668751 , -0.763529 , 0
0.683795 , -0.7499 , 0
0.698564 , -0.73597 , 0
0.713052 , -0.721744 , 0
0.727253 , -0.707228 , 0
0.741162 , -0.692427 , 0
0.754772 , -0.677347 , 0
0.768078 , -0.661994 , 0
0.781074 , -0.646374 , 0
0.793756 , -0.630494 , 0
0.806117 , -0.614359 , 0
0.818152 , -0.597977 , 0
0.829857 , -0.581352 , 0
0.841227 , -0.564493 , 0
0.852256 , -0.547405 , 0
0.86294 , -0.530096 , 0
0.873275 , -0.512572 , 0
0.883256 , -0.49484 , 0
0.892879 , -0.476908 , 0
0.90214 , -0.458782 , 0
0.911035 , -0.44047 , 0
0.919559 , -0.421979 , 0
0.92771 , -0.403317 , 0
0.935483 , -0.384491 , 0
0.942876 , -0.365508 , 0
0.949885 , -0.346376 , 0
0.956507 , -0.327103 , 0
0.962739 , -0.307697 , 0
0.968578 , -0.288166 , 0
0.974022 , -0.268516 , 0
0.979068 , -0.248757 , 0
0.983713 , -0.228897 , 0
0.987956 , -0.208942 , 0
0.991795 , -0.188902 , 0
0.995228 , -0.168785 , 0
0.998252 , -0.148599 , 0
1.00087 , -0.128351 , 0
1.00307 , -0.108051 , 0
1.00486 , -0.0877067 , 0
1.00624 , -0.0673263 , 0
1.00721 , -0.0469181 , 0
1.00776 , -0.0264906 , 0
1.0079 , -0.00605218 , 0
1.00762 , 0.0143887 , 0
1.00692 , 0.0348237 , 0
1.00581 , 0.0552443 , 0
1.00428 , 0.075642 , 0
1.00234 , 0.0960085 , 0
0.999986 , 0.116335 , 0
0.997216 , 0.136614 , 0
0.994033 , 0.156836 , 0
0.990437 , 0.176993 , 0
0.986431 , 0.197077 , 0
0.982015 , 0.217078 , 0
0.977191 , 0.23699 , 0
0.971961 , 0.256803 , 0
0.966326 , 0.276509 , 0
0.960289 , 0.2961 , 0
0.953852 , 0.315567 , 0
0.947016 , 0.334903 , 0
0.939786 , 0.3541 , 0
0.932163 , 0.373148 , 0
0.92415 , 0.39204 , 0
0.91575 , 0.410768 , 0
0.906968 , 0.429325 , 0
0.897805 , 0.447701 , 0
0.888265 , 0.465889 , 0
0.878353 , 0.483883 , 0
0.868072 , 0.501672 , 0
0.857426 , 0.519251 , 0
0.84642 , 0.536612 , 0
0.835057 , 0.553747 , 0
0.823342 , 0.570648 , 0
0.81128 , 0.587309 , 0
0.798876 , 0.603722 , 0
0.786135 , 0.61988 , 0
0.773061 , 0.635776 , 0
0.75966 , 0.651403 , 0
0.745938 , 0.666755 , 0
0.7319 , 0.681824 , 0
0.717551 , 0.696604 , 0
0.702898 , 0.711088 , 0
0.687947 , 0.72527 , 0
0.672703 , 0.739145 , 0
0.657173 , 0.752705 , 0
0.641363 , 0.765944 , 0
0.625281 , 0.778857 , 0
0.608931 , 0.791439 , 0
0.592322 , 0.803682 , 0
0.57546 , 0.815583 , 0
0.558352 , 0.827135 , 0
0.541006 , 0.838333 , 0
0.523428 , 0.849173 , 0
0.505625 , 0.859649 , 0
0.487606 , 0.869756 , 0
0.469378 , 0.87949 , 0
0.450948 , 0.888847 , 0
0.432325 , 0.897822 , 0
0.413516 , 0.906411 , 0
0.394528 , 0.91461 , 0
0.375371 , 0.922415 , 0
0.356053 , 0.929823 , 0
0.33658 , 0.936829 , 0
0.316962 , 0.943432 , 0
0.297208 , 0.949626 , 0
0.277325 , 0.955411 , 0
0.257322 , 0.960782 , 0
0.237207 , 0.965737 , 0
0.21699 , 0.970273 , 0
0.196679 , 0.974389 , 0
0.176282 , 0.978083 , 0
0.155809 , 0.981351 , 0
0.135268 , 0.984193 , 0
0.114669 , 0.986608 , 0
0.0940191 , 0.988592 , 0
0.0733287 , 0.990147 , 0
0.0526062 , 0.99127 , 0
0.0318608 , 0.99196 , 0
0.0111015 , 0.992218 , 0
-0.00966263 , 0.992042 , 0
-0.0304226 , 0.991433 , 0
-0.0511692 , 0.99039 , 0
-0.0718934 , 0.988914 , 0
-0.0925861 , 0.987005 , 0
-0.113238 , 0.984663 , 0
-0.133841 , 0.981889 , 0
-0.154385 , 0.978684 , 0
-0.17486 , 0.975049 , 0
-0.19526 , 0.970986 , 0
-0.215573 , 0.966496 , 0
-0.235791 , 0.961581 , 0
-0.255906 , 0.956242 , 0
-0.275908 , 0.950482 , 0
-0.295788 , 0.944303 , 0
-0.315537 , 0.937707 , 0
-0.335148 , 0.930697 , 0
-0.35461 , 0.923276 , 0
-0.373915 , 0.915447 , 0
-0.393055 , 0.907213 , 0
-0.412022 , 0.898577 , 0
-0.430805 , 0.889543 , 0
-0.449398 , 0.880115 , 0
-0.467791 , 0.870297 , 0
-0.485977 , 0.860093 , 0
-0.503947 , 0.849507 , 0
-0.521694 , 0.838544 , 0
-0.539208 , 0.827207 , 0
-0.556483 , 0.815503 , 0
-0.57351 , 0.803436 , 0
-0.590282 , 0.791012 , 0
-0.60679 , 0.778235 , 0
-0.623029 , 0.765111 , 0
-0.638989 , 0.751646 , 0
-0.654664 , 0.737846 , 0
-0.670047 , 0.723716 , 0
-0.685131 , 0.709263 , 0
-0.699909 , 0.694493 , 0
-0.714373 , 0.679412 , 0
-0.728518 , 0.664028 , 0
-0.742338 , 0.648346 , 0
-0.755824 , 0.632374 , 0
-0.768972 , 0.616119 , 0
-0.781776 , 0.599587 , 0
-0.794228 , 0.582787 , 0
-0.806325 , 0.565725 , 0
-0.81806 , 0.54841 , 0
-0.829427 , 0.530848 , 0
-0.840422 , 0.513047 , 0
-0.851039 , 0.495017 , 0
-0.861273 , 0.476763 , 0
-0.87112 , 0.458295 , 0
-0.880575 , 0.439621 , 0
-0.889634 , 0.420749 , 0
-0.898292 , 0.401688 , 0
-0.906546 , 0.382446 , 0
-0.914391 , 0.363031 , 0
-0.921824 , 0.343452 , 0
-0.928841 , 0.323719 , 0
-0.935439 , 0.30384 , 0
-0.941615 , 0.283824 , 0
-0.947366 , 0.263679 , 0
-0.952689 , 0.243416 , 0
-0.957582 , 0.223042 , 0
-0.962042 , 0.202568 , 0
-0.966068 , 0.182002 , 0
-0.969657 , 0.161354 , 0
-0.972807 , 0.140633 , 0
-0.975517 , 0.119848 , 0
-0.977786 , 0.0990094 , 0
-0.979612 , 0.0781257 , 0
-0.980995 , 0.0572067 , 0
-0.981934 , 0.0362617 , 0
-0.982428 , 0.0153004 , 0
-0.982477 , -0.00566794 , 0
-0.982081 , -0.0266337 , 0
-0.98124 , -0.0475873 , 0
-0.979955 , -0.0685194 , 0
-0.978225 , -0.0894205 , 0
-0.976051 , -0.110281 , 0
-0.973435 , -0.131091 , 0
-0.970378 , -0.151843 , 0
-0.96688 , -0.172525 , 0
-0.962944 , -0.193129 , 0
-0.958571 , -0.213645 , 0
-0.953763 , -0.234064 , 0
-0.948523 , -0.254377 , 0
-0.942851 , -0.274575 , 0
-0.936752 , -0.294648 , 0
-0.930228 , -0.314588 , 0
-0.923281 , -0.334384 , 0
-0.915916 , -0.354029 , 0
-0.908134 , -0.373513 , 0
-0.89994 , -0.392827 , 0
-0.891338 , -0.411964 , 0
-0.882331 , -0.430913 , 0
-0.872923 , -0.449666 , 0
-0.86312 , -0.468215 , 0
-0.852924 , -0.486552 , 0
-0.842341 , -0.504668 , 0
-0.831376 , -0.522555 , 0
-0.820033 , -0.540204 , 0
-0.808318 , -0.557609 , 0
-0.796236 , -0.57476 , 0
-0.783793 , -0.59165 , 0
-0.770994 , -0.608272 , 0
-0.757845 , -0.624618 , 0
-0.744352 , -0.64068 , 0
-0.730522 , -0.656452 , 0
-0.71636 , -0.671926 , 0
-0.701873 , -0.687095 , 0
-0.687068 , -0.701953 , 0
-0.671951 , -0.716492 , 0
-0.65653 , -0.730706 , 0
-0.640811 , -0.744589 , 0
-0.624802 , -0.758135 , 0
-0.608509 , -0.771337 , 0
-0.591941 , -0.784189 , 0
-0.575104 , -0.796687 , 0
-0.558008 , -0.808823 , 0
-0.540658 , -0.820594 , 0
-0.523064 , -0.831992 , 0
-0.505233 , -0.843014 , 0
-0.487173 , -0.853655 , 0
-0.468893 , -0.86391 , 0
-0.450401 , -0.873774 , 0
-0.431705 , -0.883243 , 0
-0.412814 , -0.892312 , 0
-0.393737 , -0.900978 , 0
-0.374482 , -0.909238 , 0
-0.355057 , -0.917086 , 0
-0.335472 , -0.924521 , 0
-0.315736 , -0.931539 , 0
-0.295858 , -0.938136 , 0
-0.275846 , -0.94431 , 0
-0.255709 , -0.950058 , 0
-0.235458 , -0.955378 , 0
-0.2151 , -0.960268 , 0
-0.194645 , -0.964725 , 0
-0.174103 , -0.968748 , 0
-0.153483 , -0.972335 , 0
-0.132793 , -0.975484 , 0
-0.112044 , -0.978195 , 0
-0.0912441 , -0.980466 , 0
-0.0704034 , -0.982297 , 0
-0.0495311 , -0.983686 , 0
-0.0286366 , -0.984634 , 0
-0.0077292 , -0.98514 , 0
0.0131816 , -0.985204 , 0
0.0340866 , -0.984827 , 0
0.0549762 , -0.984008 , 0
0.0758413 , -0.982749 , 0
0.0966724 , -0.981049 , 0
0.11746 , -0.978911 , 0
0.138196 , -0.976335 , 0
0.158869 , -0.973322 , 0
0.179472 , -0.969875 , 0
0.199994 , -0.965994 , 0
0.220427 , -0.961682 , 0
0.240762 , -0.956942 , 0
0.260989 , -0.951775 , 0
0.281101 , -0.946183 , 0
0.301087 , -0.940171 , 0
0.320939 , -0.933739 , 0
0.340648 , -0.926893 , 0
0.360206 , -0.919634 , 0
0.379603 , -0.911967 , 0
0.398833 , -0.903895 , 0
0.417885 , -0.895421 , 0
0.436751 , -0.886551 , 0
0.455425 , -0.877287 , 0
0.473896 , -0.867635 , 0
0.492158 , -0.857598 , 0
0.510202 , -0.847183 , 0
0.52802 , -0.836392 , 0
0.545605 , -0.825232 , 0
0.562949 , -0.813707 , 0
0.580044 , -0.801824 , 0
0.596884 , -0.789586 , 0
0.61346 , -0.777001 , 0
0.629767 , -0.764073 , 0
0.645796 , -0.75081 , 0
0.661541 , -0.737215 , 0
0.676995 , -0.723297 , 0
0.692152 , -0.709061 , 0
0.707005 , -0.694513 , 0
0.721547 , -0.679661 , 0
0.735774 , -0.664511 , 0
0.749678 , -0.64907 , 0
0.763253 , -0.633345 , 0
0.776495 , -0.617342 , 0
0.789398 , -0.60107 , 0
0.801955 , -0.584535 , 0
0.814163 , -0.567745 , 0
0.826015 , -0.550707 , 0
0.837507 , -0.533429 , 0
0.848634 , -0.515919 , 0
0.859392 , -0.498184 , 0
0.869776 , -0.480232 , 0
0.879782 , -0.462072 , 0
0.889406 , -0.443711 , 0
0.898644 , -0.425157 , 0
0.907492 , -0.406419 , 0
0.915947 , -0.387505 , 0
0.924005 , -0.368423 , 0
0.931663 , -0.349182 , 0
0.938919 , -0.32979 , 0
0.945768 , -0.310255 , 0
0.95221 , -0.290586 , 0
0.95824 , -0.270792 , 0
0.963858 , -0.250881 , 0
0.96906 , -0.230862 , 0
0.973845 , -0.210744 , 0
0.978211 , -0.190535 , 0
0.982157 , -0.170244 , 0
0.985681 , -0.14988 , 0
0.988782 , -0.129451 , 0
0.99146 , -0.108967 , 0
0.993712 , -0.0884369 , 0
0.995539 , -0.0678686 , 0
0.99694 , -0.0472712 , 0
0.997915 , -0.0266536 , 0
0.998464 , -0.00602455 , 0
0.998586 , 0.014607 , 0
0.998283 , 0.0352324 , 0
0.997554 , 0.0558427 , 0
0.996401 , 0.0764292 , 0
0.994824 , 0.0969833 , 0
0.992823 , 0.117496 , 0
0.990402 , 0.137959 , 0
0.987559 , 0.158363 , 0
0.984298 , 0.1787 , 0
0.98062 , 0.198962 , 0
0.976527 , 0.219139 , 0
0.97202 , 0.239224 , 0
0.967102 , 0.259207 , 0
0.961776 , 0.279081 , 0
0.956044 , 0.298837 , 0
0.949909 , 0.318467 , 0
0.943373 , 0.337963 , 0
0.93644 , 0.357316 , 0
0.929113 , 0.376519 , 0
0.921395 , 0.395564 , 0
0.91329 , 0.414442 , 0
0.904802 , 0.433147 , 0
0.895934 , 0.45167 , 0
0.886691 , 0.470003 , 0
0.877076 , 0.48814 , 0
0.867094 , 0.506073 , 0
0.85675 , 0.523793 , 0
0.846047 , 0.541295 , 0
0.834991 , 0.558571 , 0
0.823587 , 0.575614 , 0
0.81184 , 0.592417 , 0
0.799754 , 0.608972 , 0
0.787335 , 0.625275 , 0
0.774589 , 0.641317 , 0
0.761521 , 0.657093 , 0
0.748136 , 0.672596 , 0
0.734441 , 0.68782 , 0
0.720442 , 0.702758 , 0
0.706144 , 0.717405 , 0
0.691553 , 0.731755 , 0
0.676676 , 0.745803 , 0
0.661519 , 0.759541 , 0
0.646089 , 0.772966 , 0
0.630393 , 0.786072 , 0
0.614436 , 0.798854 , 0
0.598226 , 0.811306 , 0
0.581769 , 0.823423 , 0
0.565072 , 0.835202 , 0
0.548144 , 0.846637 , 0
0.53099 , 0.857724 , 0
0.513617 , 0.868459 , 0
0.496034 , 0.878837 , 0
0.478247 , 0.888854 , 0
0.460264 , 0.898507 , 0
0.442093 , 0.907792 , 0
0.423741 , 0.916705 , 0
0.405215 , 0.925243 , 0
0.386523 , 0.933403 , 0
0.367674 , 0.941181 , 0
0.348674 , 0.948575 , 0
0.329532 , 0.955581 , 0
0.310256 , 0.962198 , 0
0.290853 , 0.968423 , 0
0.271332 , 0.974253 , 0
0.2517 , 0.979687 , 0
0.231966 , 0.984723 , 0
0.212138 , 0.989357 , 0
0.192223 , 0.99359 , 0
0.17223 , 0.99742 , 0
0.152168 , 1.00084 , 0
0.132044 , 1.00386 , 0
0.111866 , 1.00648 , 0
0.0916428 , 1.00868 , 0
0.0713827 , 1.01048 , 0
0.0510936 , 1.01186 , 0
0.0307839 , 1.01284 , 0
0.0104618 , 1.01341 , 0
-0.00986459 , 1.01357 , 0
-0.030187 , 1.01332 , 0
-0.0504972 , 1.01266 , 0
-0.070787 , 1.01159 , 0
-0.0910484 , 1.01012 , 0
-0.111273 , 1.00824 , 0
-0.131453 , 1.00595 , 0
-0.15158 , 1.00326 , 0
-0.171646 , 1.00016 , 0
-0.191643 , 0.996665 , 0
-0.211563 , 0.992767 , 0
-0.231398 , 0.98847 , 0
-0.25114 , 0.983777 , 0
-0.270781 , 0.978689 , 0
-0.290314 , 0.973208 , 0
-0.309731 , 0.967338 , 0
-0.329023 , 0.96108 , 0
-0.348184 , 0.954437 , 0
-0.367205 , 0.947412 , 0
-0.38608 , 0.940008 , 0
-0.4048 , 0.932228 , 0
-0.423358 , 0.924076 , 0
-0.441747 , 0.915554 , 0
-0.45996 , 0.906667 , 0
-0.477989 , 0.897418 , 0
-0.495827 , 0.887811 , 0
-0.513468 , 0.877849 , 0
-0.530904 , 0.867538 , 0
-0.548128 , 0.856881 , 0
-0.565133 , 0.845882 , 0
-0.581914 , 0.834546 , 0
-0.598463 , 0.822878 , 0
-0.614774 , 0.810883 , 0
-0.63084 , 0.798565 , 0
-0.646655 , 0.785929 , 0
-0.662214 , 0.772981 , 0
-0.677509 , 0.759726 , 0
-0.692534 , 0.746169 , 0
-0.707285 , 0.732315 , 0
-0.721755 , 0.71817 , 0
-0.735938 , 0.703741 , 0
-0.749829 , 0.689032 , 0
-0.763423 , 0.674049 , 0
-0.776713 , 0.6588 , 0
-0.789696 , 0.643289 , 0
-0.802366 , 0.627523 , 0
-0.814717 , 0.611508 , 0
-0.826746 , 0.595251 , 0
-0.838447 , 0.578758 , 0
-0.849816 , 0.562035 , 0
-0.860848 , 0.545091 , 0
-0.87154 , 0.52793 , 0
-0.881887 , 0.51056 , 0
-0.891884 , 0.492989 , 0
-0.901529 , 0.475222 , 0
-0.910816 , 0.457267 , 0
-0.919744 , 0.439131 , 0
-0.928308 , 0.420822 , 0
-0.936504 , 0.402346 , 0
-0.94433 , 0.383711 , 0
-0.951783 , 0.364924 , 0
-0.95886 , 0.345993 , 0
-0.965557 , 0.326925 , 0
-0.971873 , 0.307728 , 0
-0.977805 , 0.288409 , 0
-0.98335 , 0.268977 , 0
-0.988507 , 0.249438 , 0
-0.993273 , 0.229801 , 0
-0.997647 , 0.210072 , 0
-1.00163 , 0.190261 , 0
-1.00521 , 0.170375 , 0
-1.0084 , 0.150421 , 0
-1.01119 , 0.130408 , 0
-1.01357 , 0.110343 , 0
-1.01556 , 0.090235 , 0
-1.01715 , 0.0700911 , 0
-1.01834 , 0.0499195 , 0
-1.01912 , 0.0297282 , 0
-1.0195 , 0.00952521 , 0
-1.01948 , -0.0106816 , 0
-1.01905 , -0.0308842 , 0
-1.01823 , -0.0510745 , 0
-1.017 , -0.0712447 , 0
-1.01536 , -0.0913868 , 0
-1.01333 , -0.111493 , 0
-1.0109 , -0.131555 , 0
-1.00806 , -0.151564 , 0
-1.00483 , -0.171514 , 0
-1.00121 , -0.191397 , 0
-0.997181 , -0.211203 , 0
-0.992762 , -0.230926 , 0
-0.987951 , -0.250558 , 0
-0.982749 , -0.27009 , 0
-0.977158 , -0.289516 , 0
-0.971181 , -0.308827 , 0
-0.964819 , -0.328016 , 0
-0.958076 , -0.347075 , 0
-0.950953 , -0.365997 , 0
-0.943454 , -0.384774 , 0
-0.935581 , -0.403398 , 0
-0.927338 , -0.421863 , 0
-0.918727 , -0.440161 , 0
-0.909753 , -0.458284 , 0
-0.900417 , -0.476226 , 0
-0.890725 , -0.493979 , 0
-0.88068 , -0.511535 , 0
-0.870285 , -0.52889 , 0
-0.859545 , -0.546034 , 0
-0.848464 , -0.562961 , 0
-0.837047 , -0.579665 , 0
-0.825297 , -0.596139 , 0
-0.813219 , -0.612377 , 0
-0.800818 , -0.628371 , 0
-0.788099 , -0.644115 , 0
-0.775066 , -0.659603 , 0
-0.761726 , -0.674829 , 0
-0.748082 , -0.689786 , 0
-0.734141 , -0.704469 , 0
-0.719907 , -0.718872 , 0
-0.705387 , -0.732988 , 0
-0.690586 , -0.746813 , 0
-0.675509 , -0.760339 , 0
-0.660164 , -0.773563 , 0
-0.644555 , -0.786478 , 0
-0.628689 , -0.79908 , 0
-0.612572 , -0.811362 , 0
-0.59621 , -0.823321 , 0
-0.579611 , -0.834951 , 0
-0.562779 , -0.846247 , 0
-0.545723 , -0.857205 , 0
-0.528449 , -0.86782 , 0
-0.510963 , -0.878087 , 0
-0.493272 , -0.888004 , 0
-0.475384 , -0.897564 , 0
-0.457306 , -0.906766 , 0
-0.439044 , -0.915603 , 0
-0.420607 , -0.924074 , 0
-0.402 , -0.932174 , 0
-0.383232 , -0.939899 , 0
-0.36431 , -0.947247 , 0
-0.345242 , -0.954215 , 0
-0.326035 , -0.960799 , 0
-0.306697 , -0.966996 , 0
-0.287236 , -0.972804 , 0
-0.267659 , -0.978221 , 0
-0.247974 , -0.983244 , 0
-0.228189 , -0.98787 , 0
-0.208312 , -0.992098 , 0
-0.188351 , -0.995925 , 0
-0.168314 , -0.999351 , 0
-0.148209 , -1.00237 , 0
-0.128044 , -1.00499 , 0
-0.107827 , -1.0072 , 0
-0.0875665 , -1.009 , 0
-0.0672707 , -1.0104 , 0
-0.0469476 , -1.01138 , 0
-0.0266055 , -1.01196 , 0
-0.00625261 , -1.01212 , 0
0.0141028 , -1.01187 , 0
0.0344525 , -1.01122 , 0
0.0547882 , -1.01015 , 0
0.0751017 , -1.00867 , 0
0.0953845 , -1.00678 , 0
0.115629 , -1.00448 , 0
0.135825 , -1.00177 , 0
0.155967 , -0.998656 , 0
0.176045 , -0.995132 , 0
0.196051 , -0.991201 , 0
0.215977 , -0.986866 , 0
0.235815 , -0.982127 , 0
0.255556 , -0.976987 , 0
0.275193 , -0.971447 , 0
0.294717 , -0.965509 , 0
0.31412 , -0.959176 , 0
0.333394 , -0.952449 , 0
0.352532 , -0.945331 , 0
0.371525 , -0.937825 , 0
0.390365 , -0.929934 , 0
0.409045 , -0.92166 , 0
0.427556 , -0.913007 , 0
0.445891 , -0.903978 , 0
0.464043 , -0.894576 , 0
0.482003 , -0.884805 , 0
0.499764 , -0.87467 , 0
0.517319 , -0.864173 , 0
0.53466 , -0.853319 , 0
0.551779 , -0.842112 , 0
0.568671 , -0.830556 , 0
0.585327 , -0.818656 , 0
0.60174 , -0.806417 , 0
0.617904 , -0.793844 , 0
0.633811 , -0.780941 , 0
0.649455 , -0.767714 , 0
0.664828 , -0.754167 , 0
0.679926 , -0.740307 , 0
0.69474 , -0.726138 , 0
0.709264 , -0.711667 , 0
0.723493 , -0.696899 , 0
0.73742 , -0.68184 , 0
0.751039 , -0.666496 , 0
0.764344 , -0.650874 , 0
0.777329 , -0.63498 , 0
0.789989 , -0.618819 , 0
0.802318 , -0.6024 , 0
0.814311 , -0.585728 , 0
0.825962 , -0.56881 , 0
0.837266 , -0.551654 , 0
0.848218 , -0.534265 , 0
0.858814 , -0.516652 , 0
0.869048 , -0.498821 , 0
0.878916 , -0.480781 , 0
0.888413 , -0.462537 , 0
0.897536 , -0.444099 , 0
0.90628 , -0.425473 , 0
0.914641 , -0.406667 , 0
0.922615 , -0.38769 , 0
0.930199 , -0.368548 , 0
0.937388 , -0.34925 , 0
0.944181 , -0.329804 , 0
0.950573 , -0.310218 , 0
0.956561 , -0.290501 , 0
0.962143 , -0.27066 , 0
0.967316 , -0.250704 , 0
0.972077 , -0.230641 , 0
0.976424 , -0.21048 , 0
0.980355 , -0.19023 , 0
0.983868 , -0.169898 , 0
0.986961 , -0.149494 , 0
0.989633 , -0.129025 , 0
0.991881 , -0.108502 , 0
0.993705 , -0.0879324 , 0
0.995103 , -0.067325 , 0
0.996075 , -0.0466888 , 0
0.99662 , -0.0260326 , 0
0.996737 , -0.00536514 , 0
0.996426 , 0.0153046 , 0
0.995687 , 0.0359677 , 0
0.994519 , 0.0566154 , 0
0.992923 , 0.0772387 , 0
0.990899 , 0.0978287 , 0
0.988448 , 0.118377 , 0
0.985571 , 0.138873 , 0
0.982268 , 0.15931 , 0
0.97854 , 0.179678 , 0
0.974389 , 0.199968 , 0
0.969817 , 0.220172 , 0
0.964824 , 0.24028 , 0
0.959413 , 0.260284 , 0
0.953586 , 0.280176 , 0
0.947346 , 0.299945 , 0
0.940693 , 0.319585 , 0
0.933632 , 0.339085 , 0
0.926164 , 0.358438 , 0
0.918293 , 0.377635 , 0
0.910022 , 0.396667 , 0
0.901354 , 0.415526 , 0
0.892293 , 0.434204 , 0
0.882842 , 0.452693 , 0
0.873006 , 0.470983 , 0
0.862788 , 0.489068 , 0
0.852192 , 0.506938 , 0
0.841223 , 0.524587 , 0
0.829885 , 0.542006 , 0
0.818184 , 0.559187 , 0
0.806123 , 0.576123 , 0
0.793709 , 0.592805 , 0
0.780946 , 0.609228 , 0
0.767839 , 0.625382 , 0
0.754395 , 0.641261 , 0
0.740618 , 0.656858 , 0
0.726516 , 0.672166 , 0
0.712093 , 0.687177 , 0
0.697355 , 0.701885 , 0
0.68231 , 0.716284 , 0
0.666964 , 0.730365 , 0
0.651323 , 0.744125 , 0
0.635393 , 0.757555 , 0
0.619183 , 0.770649 , 0
0.602698 , 0.783403 , 0
0.585947 , 0.795809 , 0
0.568935 , 0.807863 , 0
0.551671 , 0.819558 , 0
0.534163 , 0.830889 , 0
0.516417 , 0.841852 , 0
0.498441 , 0.85244 , 0
0.480244 , 0.862649 , 0
0.461833 , 0.872474 , 0
0.443217 , 0.881911 , 0
0.424403 , 0.890956 , 0
0.4054 , 0.899603 , 0
0.386217 , 0.907849 , 0
0.366861 , 0.91569 , 0
0.347341 , 0.923122 , 0
0.327666 , 0.930142 , 0
0.307845 , 0.936746 , 0
0.287886 , 0.942932 , 0
0.267798 , 0.948696 , 0
0.247591 , 0.954035 , 0
0.227273 , 0.958947 , 0
0.206852 , 0.96343 , 0
0.18634 , 0.967481 , 0
0.165743 , 0.971098 , 0
0.145072 , 0.974279 , 0
0.124337 , 0.977024 , 0
0.103545 , 0.979329 , 0
0.0827069 , 0.981195 , 0
0.0618315 , 0.98262 , 0
0.0409284 , 0.983603 , 0
0.0200069 , 0.984144 , 0
-0.000923592 , 0.984242 , 0
-0.0218537 , 0.983897 , 0
-0.042774 , 0.98311 , 0
-0.0636749 , 0.981879 , 0
-0.0845472 , 0.980206 , 0
-0.105381 , 0.978091 , 0
-0.126168 , 0.975535 , 0
-0.146898 , 0.972539 , 0
-0.167561 , 0.969104 , 0
-0.188149 , 0.965232 , 0
-0.208652 , 0.960924 , 0
-0.229061 , 0.956182 , 0
-0.249366 , 0.951008 , 0
-0.269558 , 0.945404 , 0
-0.289629 , 0.939373 , 0
-0.309569 , 0.932917 , 0
-0.329368 , 0.926039 , 0
-0.349019 , 0.918742 , 0
-0.368512 , 0.91103 , 0
-0.387838 , 0.902905 , 0
-0.406988 , 0.894371 , 0
-0.425954 , 0.885433 , 0
-0.444727 , 0.876093 , 0
-0.463299 , 0.866356 , 0
-0.481661 , 0.856227 , 0
-0.499804 , 0.84571 , 0
-0.517721 , 0.83481 , 0
-0.535403 , 0.823531 , 0
-0.552843 , 0.811878 , 0
-0.570031 , 0.799858 , 0
-0.586961 , 0.787475 , 0
-0.603625 , 0.774734 , 0
-0.620015 , 0.761642 , 0
-0.636124 , 0.748204 , 0
-0.651944 , 0.734427 , 0
-0.667469 , 0.720317 , 0
-0.68269 , 0.70588 , 0
-0.697601 , 0.691122 , 0
-0.712196 , 0.676051 , 0
-0.726468 , 0.660672 , 0
-0.740409 , 0.644994 , 0
-0.754015 , 0.629023 , 0
-0.767278 , 0.612767 , 0
-0.780193 , 0.596232 , 0
-0.792754 , 0.579427 , 0
-0.804955 , 0.562358 , 0
-0.81679 , 0.545034 , 0
-0.828255 , 0.527463 , 0
-0.839343 , 0.509652 , 0
-0.850051 , 0.49161 , 0
-0.860373 , 0.473345 , 0
-0.870304 , 0.454865 , 0
-0.87984 , 0.436179 , 0
-0.888977 , 0.417294 , 0
-0.89771 , 0.39822 , 0
-0.906036 , 0.378966 , 0
-0.913951 , 0.359539 , 0
-0.921452 , 0.33995 , 0
-0.928534 , 0.320206 , 0
-0.935195 , 0.300317 , 0
-0.941432 , 0.280291 , 0
-0.947242 , 0.260139 , 0
-0.952623 , 0.239869 , 0
-0.957572 , 0.21949 , 0
-0.962087 , 0.199011 , 0
-0.966166 , 0.178443 , 0
-0.969808 , 0.157793 , 0
-0.97301 , 0.137072 , 0
-0.975772 , 0.116289 , 0
-0.978091 , 0.0954537 , 0
-0.979968 , 0.0745749 , 0
-0.981402 , 0.0536623 , 0
-0.982392 , 0.0327254 , 0
-0.982937 , 0.0117737 , 0
-0.983038 , -0.00918331 , 0
-0.982694 , -0.0301362 , 0
-0.981907 , -0.0510754 , 0
-0.980676 , -0.0719916 , 0
-0.979001 , -0.0928752 , 0
-0.976885 , -0.113717 , 0
-0.974328 , -0.134507 , 0
-0.971331 , -0.155237 , 0
-0.967897 , -0.175897 , 0
-0.964025 , -0.196477 , 0
-0.95972 , -0.216969 , 0
-0.954981 , -0.237363 , 0
-0.949813 , -0.25765 , 0
-0.944217 , -0.277821 , 0
-0.938196 , -0.297867 , 0
-0.931753 , -0.317779 , 0
-0.924891 , -0.337548 , 0
-0.917613 , -0.357166 , 0
-0.909922 , -0.376623 , 0
-0.901824 , -0.395911 , 0
-0.89332 , -0.415021 , 0
-0.884415 , -0.433944 , 0
-0.875114 , -0.452673 , 0
-0.86542 , -0.4712 , 0
-0.855338 , -0.489515 , 0
-0.844874 , -0.50761 , 0
-0.834031 , -0.525479 , 0
-0.822814 , -0.543112 , 0
-0.81123 , -0.560502 , 0
-0.799283 , -0.577642 , 0
-0.786979 , -0.594524 , 0
-0.774324 , -0.61114 , 0
-0.761322 , -0.627484 , 0
-0.747982 , -0.643547 , 0
-0.734307 , -0.659323 , 0
-0.720306 , -0.674806 , 0
-0.705983 , -0.689988 , 0
-0.691346 , -0.704863 , 0
-0.676402 , -0.719425 , 0
-0.661157 , -0.733666 , 0
-0.645618 , -0.747581 , 0
-0.629793 , -0.761165 , 0
-0.613687 , -0.77441 , 0
-0.59731 , -0.787312 , 0
-0.580668 , -0.799865 , 0
-0.563768 , -0.812064 , 0
-0.546619 , -0.823902 , 0
-0.529228 , -0.835377 , 0
-0.511603 , -0.846481 , 0
-0.493752 , -0.857212 , 0
-0.475682 , -0.867564 , 0
-0.457403 , -0.877533 , 0
-0.438922 , -0.887115 , 0
-0.420247 , -0.896306 , 0
-0.401387 , -0.905102 , 0
-0.382351 , -0.9135 , 0
-0.363146 , -0.921495 , 0
-0.343782 , -0.929085 , 0
-0.324266 , -0.936268 , 0
-0.304608 , -0.943039 , 0
-0.284817 , -0.949396 , 0
-0.264901 , -0.955337 , 0
-0.244868 , -0.960859 , 0
-0.224728 , -0.965961 , 0
-0.20449 , -0.970639 , 0
-0.184163 , -0.974894 , 0
-0.163755 , -0.978722 , 0
-0.143276 , -0.982123 , 0
-0.122734 , -0.985096 , 0
-0.102138 , -0.987639 , 0
-0.0814983 , -0.989752 , 0
-0.0608228 , -0.991433 , 0
-0.0401209 , -0.992684 , 0
-0.0194016 , -0.993502 , 0
0.00132618 , -0.99389 , 0
0.0220534 , -0.993845 , 0
0.042771 , -0.99337 , 0
0.0634701 , -0.992464 , 0
0.0841417 , -0.991128 , 0
0.104777 , -0.989363 , 0
0.125367 , -0.98717 , 0
0.145902 , -0.984551 , 0
0.166375 , -0.981506 , 0
0.186776 , -0.978038 , 0
0.207096 , -0.974149 , 0
0.227327 , -0.969839 , 0
0.247461 , -0.965112 , 0
0.267488 , -0.95997 , 0
0.287399 , -0.954415 , 0
0.307188 , -0.94845 , 0
0.326844 , -0.942078 , 0
0.346361 , -0.935302 , 0
0.365729 , -0.928125 , 0
0.38494 , -0.920551 , 0
0.403986 , -0.912583 , 0
0.42286 , -0.904225 , 0
0.441554 , -0.89548 , 0
0.460058 , -0.886353 , 0
0.478367 , -0.876849 , 0
0.496472 , -0.86697 , 0
0.514365 , -0.856722 , 0
0.532039 , -0.84611 , 0
0.549487 , -0.835138 , 0
0.566702 , -0.823811 , 0
0.583676 , -0.812135 , 0
0.600403 , -0.800113 , 0
0.616875 , -0.787753 , 0
0.633085 , -0.775059 , 0
0.649028 , -0.762037 , 0
0.664696 , -0.748693 , 0
0.680084 , -0.735033 , 0
0.695184 , -0.721062 , 0
0.709991 , -0.706787 , 0
0.724499 , -0.692214 , 0
0.738702 , -0.677349 , 0
0.752594 , -0.6622 , 0
0.766169 , -0.646772 , 0
0.779422 , -0.631072 , 0
0.792348 , -0.615107 , 0
0.804942 , -0.598884 , 0
0.817198 , -0.58241 , 0
0.829111 , -0.565692 , 0
0.840678 , -0.548737 , 0
0.851893 , -0.531552 , 0
0.862752 , -0.514146 , 0
0.87325 , -0.496524 , 0
0.883384 , -0.478696 , 0
0.89315 , -0.460668 , 0
0.902544 , -0.442448 , 0
0.911561 , -0.424043 , 0
0.9202 , -0.405463 , 0
0.928456 , -0.386713 , 0
0.936326 , -0.367803 , 0
0.943808 , -0.348741 , 0
0.950898 , -0.329533 , 0
0.957593 , -0.310189 , 0
0.963893 , -0.290717 , 0
0.969793 , -0.271124 , 0
0.975292 , -0.251419 , 0
0.980388 , -0.23161 , 0
0.985079 , -0.211706 , 0
0.989364 , -0.191714 , 0
0.99324 , -0.171643 , 0
0.996707 , -0.151502 , 0
0.999764 , -0.131297 , 0
1.00241 , -0.111039 , 0
1.00464 , -0.0907357 , 0
1.00646 , -0.0703947 , 0
1.00787 , -0.0500247 , 0
1.00886 , -0.0296343 , 0
1.00944 , -0.00923167 , 0
1.00961 , 0.0111747 , 0
