<<<<<<< Updated upstream
x, v_gen, v_spl, v_LU, u
0, 0, 0, 1.59101, 0
0.111111, 1.94744, 1.07109, 1.94744, 0.559701
0.222222, 1.89747, 1.11849, 1.89747, 0.66942
0.333333, 1.71371, 1.0321, 1.71371, 0.631008
0.444444, 1.48591, 0.901672, 1.48591, 0.543832
0.555556, 1.2436, 0.756743, 1.2436, 0.440604
0.666667, 0.99653, 0.607041, 0.99653, 0.332091
0.777778, 0.747884, 0.455768, 0.747884, 0.221839
0.888889, 0.498722, 0.303977, 0.498722, 0.111014
1, 0.249389, 0.152017, 0.249389, 5.88857e-018
=======
x    , v    , u    
    0,     0,     0
0.11111, 0.93734, 0.5597
0.22222, 0.9996, 0.66942
0.33333, 0.92807, 0.63101
0.44444, 0.8125, 0.54383
0.55556, 0.68244, 0.4406
0.66667, 0.5476, 0.33209
0.77778, 0.41118, 0.22184
0.88889, 0.27425, 0.11101
    1, 0.13716, 5.8886e-18
>>>>>>> Stashed changes
