x , y , z
1 , 0 , 0
0.996547 , 0.0604152 , 0
0.989634 , 0.120607 , 0
0.979272 , 0.180352 , 0
0.965484 , 0.239425 , 0
0.948309 , 0.297605 , 0
0.9278 , 0.35467 , 0
0.904025 , 0.410406 , 0
0.877066 , 0.464601 , 0
0.847017 , 0.517051 , 0
0.813988 , 0.567559 , 0
0.778097 , 0.615934 , 0
0.739477 , 0.661995 , 0
0.69827 , 0.705572 , 0
0.654628 , 0.746502 , 0
0.608711 , 0.784635 , 0
0.56069 , 0.819829 , 0
0.510741 , 0.851956 , 0
0.459047 , 0.880896 , 0
0.405798 , 0.906543 , 0
0.351188 , 0.928799 , 0
0.295416 , 0.947581 , 0
0.238686 , 0.962815 , 0
0.181206 , 0.974437 , 0
0.123184 , 0.982396 , 0
0.0648353 , 0.986651 , 0
0.00637457 , 0.987173 , 0
-0.0519801 , 0.983941 , 0
-0.110009 , 0.976949 , 0
-0.16749 , 0.966198 , 0
-0.2242 , 0.951703 , 0
-0.279913 , 0.933488 , 0
-0.334405 , 0.911589 , 0
-0.387448 , 0.886054 , 0
-0.438812 , 0.856943 , 0
-0.48827 , 0.824328 , 0
-0.53559 , 0.788294 , 0
-0.580544 , 0.748939 , 0
-0.6229 , 0.706375 , 0
-0.662429 , 0.660731 , 0
-0.698902 , 0.612148 , 0
-0.732092 , 0.560787 , 0
-0.761773 , 0.506826 , 0
-0.787724 , 0.450459 , 0
-0.809728 , 0.391904 , 0
-0.827575 , 0.331396 , 0
-0.84106 , 0.269195 , 0
-0.849992 , 0.205583 , 0
-0.85419 , 0.140865 , 0
-0.853488 , 0.0753732 , 0
-0.847739 , 0.0094631 , 0
-0.836819 , -0.056483 , 0
-0.82063 , -0.122057 , 0
-0.799102 , -0.186828 , 0
-0.772205 , -0.25034 , 0
-0.739946 , -0.312117 , 0
-0.702381 , -0.371666 , 0
-0.659614 , -0.428482 , 0
-0.611808 , -0.482053 , 0
-0.559183 , -0.531867 , 0
-0.502024 , -0.577422 , 0
-0.440681 , -0.618236 , 0
-0.375567 , -0.653854 , 0
-0.307161 , -0.683864 , 0
-0.235997 , -0.707908 , 0
-0.162663 , -0.725688 , 0
-0.0877859 , -0.736981 , 0
-0.0120248 , -0.741645 , 0
0.063946 , -0.739624 , 0
0.13945 , -0.730951 , 0
0.213826 , -0.715746 , 0
0.286437 , -0.694215 , 0
0.356691 , -0.666639 , 0
0.424046 , -0.63337 , 0
0.488022 , -0.594814 , 0
0.548206 , -0.551421 , 0
0.604256 , -0.503676 , 0
0.655901 , -0.452081 , 0
0.702939 , -0.397145 , 0
0.745235 , -0.339376 , 0
0.782713 , -0.279271 , 0
0.815352 , -0.217308 , 0
0.843182 , -0.153941 , 0
0.866272 , -0.0895961 , 0
0.884725 , -0.0246693 , 0
0.898675 , 0.0404753 , 0
0.908276 , 0.105506 , 0
0.913703 , 0.170122 , 0
0.915139 , 0.234054 , 0
0.912779 , 0.297063 , 0
0.906822 , 0.358935 , 0
0.89747 , 0.419485 , 0
0.884922 , 0.478549 , 0
0.869379 , 0.535986 , 0
0.851036 , 0.591674 , 0
0.830083 , 0.645509 , 0
0.806704 , 0.697403 , 0
0.781079 , 0.747282 , 0
0.753379 , 0.795085 , 0
0.723768 , 0.84076 , 0
0.692405 , 0.884268 , 0
0.65944 , 0.925577 , 0
0.625016 , 0.96466 , 0
0.589271 , 1.0015 , 0
0.552335 , 1.03609 , 0
0.514332 , 1.06841 , 0
0.475381 , 1.09846 , 0
0.435593 , 1.12625 , 0
0.395077 , 1.15177 , 0
0.353934 , 1.17502 , 0
0.312264 , 1.19603 , 0
0.270158 , 1.21479 , 0
0.227708 , 1.23131 , 0
0.184999 , 1.2456 , 0
0.142115 , 1.25768 , 0
0.0991359 , 1.26756 , 0
0.0561387 , 1.27525 , 0
0.0131991 , 1.28075 , 0
-0.0296096 , 1.2841 , 0
-0.0722158 , 1.28529 , 0
-0.114549 , 1.28434 , 0
-0.15654 , 1.28126 , 0
-0.198121 , 1.27606 , 0
-0.239223 , 1.26875 , 0
-0.27978 , 1.25936 , 0
-0.319722 , 1.24787 , 0
-0.358983 , 1.23431 , 0
-0.397494 , 1.21869 , 0
-0.435184 , 1.20101 , 0
-0.471983 , 1.18128 , 0
-0.507818 , 1.15952 , 0
-0.542614 , 1.13572 , 0
-0.576293 , 1.1099 , 0
-0.608777 , 1.08206 , 0
-0.63998 , 1.05222 , 0
-0.669816 , 1.02038 , 0
-0.698193 , 0.986541 , 0
-0.725014 , 0.950722 , 0
-0.750175 , 0.912929 , 0
-0.773567 , 0.873174 , 0
-0.795074 , 0.831469 , 0
-0.81457 , 0.787827 , 0
-0.831919 , 0.742268 , 0
-0.846975 , 0.694812 , 0
-0.85958 , 0.645486 , 0
-0.869562 , 0.594322 , 0
-0.87673 , 0.541361 , 0
-0.88088 , 0.486654 , 0
-0.881782 , 0.430266 , 0
-0.879185 , 0.372275 , 0
-0.872811 , 0.312786 , 0
-0.862353 , 0.251927 , 0
-0.847468 , 0.189863 , 0
-0.827776 , 0.126805 , 0
-0.802856 , 0.0630242 , 0
-0.772244 , -0.00113122 , 0
-0.735432 , -0.0652107 , 0
-0.691872 , -0.128631 , 0
-0.640988 , -0.190634 , 0
-0.582206 , -0.250241 , 0
-0.514999 , -0.306186 , 0
-0.438979 , -0.356862 , 0
-0.354037 , -0.400267 , 0
-0.260556 , -0.434021 , 0
-0.159673 , -0.455483 , 0
-0.0535374 , -0.462076 , 0
0.0546098 , -0.451826 , 0
0.160713 , -0.423991 , 0
0.260594 , -0.379461 , 0
0.350795 , -0.320634 , 0
0.429141 , -0.250801 , 0
0.494807 , -0.173405 , 0
0.54802 , -0.0915052 , 0
0.58965 , -0.00754063 , 0
0.620866 , 0.0766804 , 0
0.642911 , 0.159885 , 0
0.656974 , 0.241213 , 0
0.664132 , 0.320109 , 0
0.665334 , 0.396227 , 0
0.661404 , 0.469373 , 0
0.653049 , 0.539453 , 0
0.640874 , 0.606442 , 0
0.6254 , 0.67036 , 0
0.607073 , 0.731256 , 0
0.586277 , 0.789199 , 0
0.563343 , 0.844268 , 0
0.53856 , 0.89655 , 0
0.512178 , 0.946132 , 0
0.484417 , 0.993103 , 0
0.45547 , 1.03755 , 0
0.425507 , 1.07956 , 0
0.394679 , 1.11921 , 0
0.363118 , 1.15658 , 0
0.330945 , 1.19175 , 0
0.298268 , 1.22478 , 0
0.265181 , 1.25574 , 0
0.231772 , 1.28471 , 0
0.19812 , 1.31173 , 0
0.164295 , 1.33686 , 0
0.130364 , 1.36016 , 0
0.0963847 , 1.38168 , 0
0.0624125 , 1.40146 , 0
0.0284975 , 1.41956 , 0
-0.00531401 , 1.436 , 0
-0.0389791 , 1.45084 , 0
-0.0724578 , 1.4641 , 0
-0.105713 , 1.47582 , 0
-0.13871 , 1.48604 , 0
-0.171415 , 1.49479 , 0
-0.203798 , 1.50209 , 0
-0.23583 , 1.50797 , 0
-0.267482 , 1.51246 , 0
-0.298729 , 1.51558 , 0
-0.329544 , 1.51735 , 0
-0.359903 , 1.51779 , 0
-0.389782 , 1.51693 , 0
-0.419158 , 1.51477 , 0
-0.448008 , 1.51134 , 0
-0.476311 , 1.50665 , 0
-0.504043 , 1.50071 , 0
-0.531184 , 1.49354 , 0
-0.557711 , 1.48515 , 0
-0.583603 , 1.47554 , 0
-0.608838 , 1.46473 , 0
-0.633394 , 1.45272 , 0
-0.657248 , 1.43953 , 0
-0.680377 , 1.42515 , 0
-0.702758 , 1.40959 , 0
-0.724367 , 1.39285 , 0
-0.745177 , 1.37494 , 0
-0.765164 , 1.35586 , 0
-0.784299 , 1.33561 , 0
-0.802554 , 1.31418 , 0
-0.8199 , 1.29157 , 0
-0.836304 , 1.26778 , 0
-0.851732 , 1.24281 , 0
-0.86615 , 1.21664 , 0
-0.879518 , 1.18928 , 0
-0.891796 , 1.16071 , 0
-0.902939 , 1.13092 , 0
-0.912901 , 1.0999 , 0
-0.921629 , 1.06764 , 0
-0.929067 , 1.03412 , 0
-0.935155 , 0.999328 , 0
-0.939825 , 0.96324 , 0
-0.943004 , 0.925839 , 0
-0.944608 , 0.887102 , 0
-0.944549 , 0.847005 , 0
-0.942723 , 0.80552 , 0
-0.939016 , 0.76262 , 0
-0.9333 , 0.718272 , 0
-0.925427 , 0.672445 , 0
-0.915228 , 0.625101 , 0
-0.902509 , 0.576205 , 0
-0.887042 , 0.525719 , 0
-0.86856 , 0.473603 , 0
-0.846744 , 0.419824 , 0
-0.821209 , 0.364349 , 0
-0.791486 , 0.307159 , 0
-0.75699 , 0.248256 , 0
-0.71698 , 0.187678 , 0
-0.670493 , 0.125534 , 0
-0.616252 , 0.0620627 , 0
-0.552503 , -0.00224727 , 0
-0.476758 , -0.0663943 , 0
-0.385375 , -0.128255 , 0
-0.272965 , -0.183016 , 0
-0.132457 , -0.218843 , 0
0.0369598 , -0.206838 , 0
0.191855 , -0.113329 , 0
0.283477 , 0.0176903 , 0
0.329959 , 0.146022 , 0
0.350821 , 0.263144 , 0
0.356519 , 0.369023 , 0
0.352602 , 0.465081 , 0
0.342229 , 0.552757 , 0
0.327328 , 0.633252 , 0
0.309148 , 0.707533 , 0
0.288536 , 0.776377 , 0
0.266091 , 0.840412 , 0
0.242249 , 0.900152 , 0
0.217337 , 0.956024 , 0
0.191605 , 1.00838 , 0
0.165249 , 1.05754 , 0
0.138425 , 1.10375 , 0
0.111259 , 1.14723 , 0
0.083853 , 1.18819 , 0
0.0562918 , 1.2268 , 0
0.0286466 , 1.26321 , 0
0.000977198 , 1.29755 , 0
-0.0266655 , 1.32994 , 0
-0.0542378 , 1.36051 , 0
-0.081702 , 1.38933 , 0
-0.109025 , 1.41651 , 0
-0.136178 , 1.44212 , 0
-0.163136 , 1.46624 , 0
-0.189876 , 1.48894 , 0
-0.216379 , 1.51027 , 0
-0.242625 , 1.5303 , 0
-0.2686 , 1.54907 , 0
-0.294288 , 1.56665 , 0
-0.319676 , 1.58306 , 0
-0.344752 , 1.59836 , 0
-0.369505 , 1.61259 , 0
-0.393924 , 1.62578 , 0
-0.418 , 1.63796 , 0
-0.441724 , 1.64916 , 0
-0.465088 , 1.65943 , 0
-0.488084 , 1.66878 , 0
-0.510705 , 1.67723 , 0
-0.532944 , 1.68483 , 0
-0.554794 , 1.69158 , 0
-0.576249 , 1.6975 , 0
-0.597303 , 1.70263 , 0
-0.61795 , 1.70697 , 0
-0.638185 , 1.71055 , 0
-0.658002 , 1.71338 , 0
-0.677395 , 1.71547 , 0
-0.696361 , 1.71684 , 0
-0.714893 , 1.71751 , 0
-0.732987 , 1.71748 , 0
-0.750637 , 1.71677 , 0
-0.767839 , 1.71539 , 0
-0.784588 , 1.71334 , 0
-0.800878 , 1.71064 , 0
-0.816704 , 1.7073 , 0
-0.832063 , 1.70331 , 0
-0.846947 , 1.6987 , 0
-0.861353 , 1.69346 , 0
-0.875274 , 1.68759 , 0
-0.888705 , 1.68112 , 0
-0.901641 , 1.67403 , 0
-0.914075 , 1.66632 , 0
-0.926002 , 1.65802 , 0
-0.937415 , 1.64911 , 0
-0.948308 , 1.63959 , 0
-0.958674 , 1.62947 , 0
-0.968505 , 1.61875 , 0
-0.977795 , 1.60742 , 0
-0.986535 , 1.59549 , 0
-0.994717 , 1.58294 , 0
-1.00233 , 1.56979 , 0
-1.00937 , 1.55602 , 0
-1.01583 , 1.54163 , 0
-1.02169 , 1.52662 , 0
-1.02694 , 1.51097 , 0
-1.03158 , 1.49468 , 0
-1.03558 , 1.47775 , 0
-1.03894 , 1.46016 , 0
-1.04165 , 1.44191 , 0
-1.04368 , 1.42298 , 0
-1.04503 , 1.40336 , 0
-1.04566 , 1.38304 , 0
-1.04558 , 1.36201 , 0
-1.04475 , 1.34024 , 0
-1.04315 , 1.31772 , 0
-1.04077 , 1.29444 , 0
-1.03757 , 1.27037 , 0
-1.03353 , 1.24548 , 0
-1.02862 , 1.21977 , 0
-1.0228 , 1.19319 , 0
-1.01604 , 1.16572 , 0
-1.00831 , 1.13733 , 0
-0.999544 , 1.10798 , 0
-0.989709 , 1.07764 , 0
-0.978748 , 1.04626 , 0
-0.966601 , 1.0138 , 0
-0.9532 , 0.980212 , 0
-0.938469 , 0.945429 , 0
-0.922321 , 0.909391 , 0
-0.904657 , 0.872028 , 0
-0.885365 , 0.833258 , 0
-0.86431 , 0.792991 , 0
-0.841337 , 0.75112 , 0
-0.816262 , 0.707524 , 0
-0.788863 , 0.662062 , 0
-0.758868 , 0.614564 , 0
-0.725939 , 0.564831 , 0
-0.689646 , 0.512618 , 0
-0.64943 , 0.457619 , 0
-0.604529 , 0.399448 , 0
-0.553871 , 0.337599 , 0
-0.495851 , 0.271384 , 0
-0.427854 , 0.199829 , 0
-0.345072 , 0.121484 , 0
-0.23661 , 0.0342147 , 0
-0.0649896 , -0.0620694 , 0
0.433413 , 0.153907 , 0
0.915498 , 0.364219 , 0
1.39402 , 0.573243 , 0
1.87098 , 0.781744 , 0
2.34705 , 0.989981 , 0
2.82252 , 1.19806 , 0
3.29756 , 1.40605 , 0
3.77227 , 1.61396 , 0
4.24671 , 1.82183 , 0
4.72093 , 2.02966 , 0
5.19496 , 2.23745 , 0
5.66884 , 2.44522 , 0
6.14258 , 2.65296 , 0
6.6162 , 2.86068 , 0
7.08971 , 3.06839 , 0
7.56314 , 3.27607 , 0
8.03647 , 3.48373 , 0
8.50974 , 3.69139 , 0
8.98294 , 3.89902 , 0
9.45607 , 4.10665 , 0
9.92915 , 4.31426 , 0
10.4022 , 4.52185 , 0
10.8752 , 4.72944 , 0
11.3481 , 4.93702 , 0
11.821 , 5.14458 , 0
12.2939 , 5.35214 , 0
12.7667 , 5.55969 , 0
13.2395 , 5.76723 , 0
13.7123 , 5.97476 , 0
14.185 , 6.18228 , 0
14.6577 , 6.3898 , 0
15.1304 , 6.59731 , 0
15.6031 , 6.80481 , 0
16.0757 , 7.01231 , 0
16.5483 , 7.2198 , 0
17.0209 , 7.42728 , 0
17.4935 , 7.63476 , 0
17.9661 , 7.84224 , 0
18.4387 , 8.0497 , 0
18.9112 , 8.25717 , 0
19.3837 , 8.46463 , 0
19.8562 , 8.67208 , 0
20.3287 , 8.87953 , 0
20.8012 , 9.08698 , 0
21.2737 , 9.29442 , 0
21.7461 , 9.50186 , 0
22.2186 , 9.70929 , 0
22.691 , 9.91673 , 0
23.1635 , 10.1242 , 0
23.6359 , 10.3316 , 0
24.1083 , 10.539 , 0
24.5807 , 10.7464 , 0
25.0531 , 10.9538 , 0
25.5255 , 11.1612 , 0
25.9978 , 11.3687 , 0
26.4702 , 11.5761 , 0
26.9426 , 11.7835 , 0
27.4149 , 11.9909 , 0
27.8872 , 12.1983 , 0
28.3596 , 12.4057 , 0
28.8319 , 12.6131 , 0
29.3042 , 12.8204 , 0
29.7766 , 13.0278 , 0
30.2489 , 13.2352 , 0
30.7212 , 13.4426 , 0
31.1935 , 13.65 , 0
31.6658 , 13.8574 , 0
32.1381 , 14.0647 , 0
32.6103 , 14.2721 , 0
33.0826 , 14.4795 , 0
33.5549 , 14.6869 , 0
34.0272 , 14.8942 , 0
34.4994 , 15.1016 , 0
34.9717 , 15.309 , 0
35.4439 , 15.5164 , 0
35.9162 , 15.7237 , 0
36.3884 , 15.9311 , 0
36.8607 , 16.1384 , 0
37.3329 , 16.3458 , 0
37.8052 , 16.5532 , 0
38.2774 , 16.7605 , 0
38.7496 , 16.9679 , 0
39.2219 , 17.1752 , 0
39.6941 , 17.3826 , 0
40.1663 , 17.5899 , 0
40.6385 , 17.7973 , 0
41.1107 , 18.0046 , 0
41.5829 , 18.212 , 0
42.0551 , 18.4193 , 0
42.5273 , 18.6267 , 0
42.9995 , 18.834 , 0
43.4717 , 19.0414 , 0
43.9439 , 19.2487 , 0
44.4161 , 19.4561 , 0
44.8883 , 19.6634 , 0
45.3605 , 19.8707 , 0
45.8327 , 20.0781 , 0
46.3049 , 20.2854 , 0
46.777 , 20.4928 , 0
47.2492 , 20.7001 , 0
47.7214 , 20.9074 , 0
48.1936 , 21.1148 , 0
48.6657 , 21.3221 , 0
49.1379 , 21.5294 , 0
49.6101 , 21.7368 , 0
50.0822 , 21.9441 , 0
50.5544 , 22.1514 , 0
51.0266 , 22.3588 , 0
51.4987 , 22.5661 , 0
51.9709 , 22.7734 , 0
52.443 , 22.9807 , 0
52.9152 , 23.1881 , 0
53.3873 , 23.3954 , 0
53.8595 , 23.6027 , 0
54.3316 , 23.81 , 0
54.8038 , 24.0174 , 0
55.2759 , 24.2247 , 0
55.748 , 24.432 , 0
56.2202 , 24.6393 , 0
56.6923 , 24.8467 , 0
57.1644 , 25.054 , 0
57.6366 , 25.2613 , 0
58.1087 , 25.4686 , 0
58.5808 , 25.6759 , 0
59.053 , 25.8832 , 0
59.5251 , 26.0906 , 0
59.9972 , 26.2979 , 0
60.4693 , 26.5052 , 0
60.9415 , 26.7125 , 0
61.4136 , 26.9198 , 0
61.8857 , 27.1271 , 0
62.3578 , 27.3344 , 0
62.8299 , 27.5418 , 0
63.3021 , 27.7491 , 0
63.7742 , 27.9564 , 0
64.2463 , 28.1637 , 0
64.7184 , 28.371 , 0
65.1905 , 28.5783 , 0
65.6626 , 28.7856 , 0
66.1347 , 28.9929 , 0
66.6068 , 29.2002 , 0
67.0789 , 29.4076 , 0
67.551 , 29.6149 , 0
68.0232 , 29.8222 , 0
68.4953 , 30.0295 , 0
68.9674 , 30.2368 , 0
69.4395 , 30.4441 , 0
69.9116 , 30.6514 , 0
70.3837 , 30.8587 , 0
70.8557 , 31.066 , 0
71.3278 , 31.2733 , 0
71.7999 , 31.4806 , 0
72.272 , 31.6879 , 0
72.7441 , 31.8952 , 0
73.2162 , 32.1025 , 0
73.6883 , 32.3098 , 0
74.1604 , 32.5171 , 0
74.6325 , 32.7244 , 0
75.1046 , 32.9317 , 0
75.5767 , 33.139 , 0
76.0487 , 33.3463 , 0
76.5208 , 33.5536 , 0
76.9929 , 33.7609 , 0
77.465 , 33.9682 , 0
77.9371 , 34.1755 , 0
78.4092 , 34.3828 , 0
78.8812 , 34.5901 , 0
79.3533 , 34.7974 , 0
79.8254 , 35.0047 , 0
80.2975 , 35.212 , 0
80.7696 , 35.4193 , 0
81.2416 , 35.6266 , 0
81.7137 , 35.8339 , 0
82.1858 , 36.0412 , 0
82.6579 , 36.2485 , 0
83.1299 , 36.4558 , 0
83.602 , 36.6631 , 0
84.0741 , 36.8704 , 0
84.5461 , 37.0777 , 0
85.0182 , 37.285 , 0
85.4903 , 37.4922 , 0
85.9624 , 37.6995 , 0
86.4344 , 37.9068 , 0
86.9065 , 38.1141 , 0
87.3786 , 38.3214 , 0
87.8506 , 38.5287 , 0
88.3227 , 38.736 , 0
88.7948 , 38.9433 , 0
89.2668 , 39.1506 , 0
89.7389 , 39.3579 , 0
90.2109 , 39.5652 , 0
90.683 , 39.7725 , 0
91.1551 , 39.9797 , 0
91.6271 , 40.187 , 0
92.0992 , 40.3943 , 0
92.5713 , 40.6016 , 0
93.0433 , 40.8089 , 0
93.5154 , 41.0162 , 0
93.9874 , 41.2235 , 0
94.4595 , 41.4308 , 0
94.9315 , 41.638 , 0
95.4036 , 41.8453 , 0
95.8757 , 42.0526 , 0
96.3477 , 42.2599 , 0
96.8198 , 42.4672 , 0
97.2918 , 42.6745 , 0
97.7639 , 42.8818 , 0
98.2359 , 43.0891 , 0
98.708 , 43.2963 , 0
99.18 , 43.5036 , 0
99.6521 , 43.7109 , 0
100.124 , 43.9182 , 0
100.596 , 44.1255 , 0
101.068 , 44.3328 , 0
101.54 , 44.5401 , 0
102.012 , 44.7473 , 0
102.484 , 44.9546 , 0
102.956 , 45.1619 , 0
103.428 , 45.3692 , 0
103.901 , 45.5765 , 0
104.373 , 45.7838 , 0
104.845 , 45.991 , 0
105.317 , 46.1983 , 0
105.789 , 46.4056 , 0
106.261 , 46.6129 , 0
106.733 , 46.8202 , 0
107.205 , 47.0274 , 0
107.677 , 47.2347 , 0
108.149 , 47.442 , 0
108.621 , 47.6493 , 0
109.093 , 47.8566 , 0
109.565 , 48.0639 , 0
110.037 , 48.2711 , 0
110.509 , 48.4784 , 0
110.981 , 48.6857 , 0
111.453 , 48.893 , 0
111.925 , 49.1003 , 0
112.397 , 49.3075 , 0
112.869 , 49.5148 , 0
113.341 , 49.7221 , 0
113.813 , 49.9294 , 0
114.285 , 50.1367 , 0
114.757 , 50.3439 , 0
115.229 , 50.5512 , 0
115.702 , 50.7585 , 0
116.174 , 50.9658 , 0
116.646 , 51.173 , 0
117.118 , 51.3803 , 0
117.59 , 51.5876 , 0
118.062 , 51.7949 , 0
118.534 , 52.0022 , 0
119.006 , 52.2094 , 0
119.478 , 52.4167 , 0
119.95 , 52.624 , 0
120.422 , 52.8313 , 0
120.894 , 53.0385 , 0
121.366 , 53.2458 , 0
121.838 , 53.4531 , 0
122.31 , 53.6604 , 0
122.782 , 53.8676 , 0
123.254 , 54.0749 , 0
123.726 , 54.2822 , 0
124.198 , 54.4895 , 0
124.67 , 54.6967 , 0
125.142 , 54.904 , 0
125.614 , 55.1113 , 0
126.086 , 55.3186 , 0
126.558 , 55.5258 , 0
127.03 , 55.7331 , 0
127.502 , 55.9404 , 0
127.974 , 56.1477 , 0
128.446 , 56.3549 , 0
128.918 , 56.5622 , 0
129.39 , 56.7695 , 0
129.862 , 56.9768 , 0
130.334 , 57.184 , 0
130.806 , 57.3913 , 0
131.278 , 57.5986 , 0
131.751 , 57.8059 , 0
132.223 , 58.0131 , 0
132.695 , 58.2204 , 0
133.167 , 58.4277 , 0
133.639 , 58.635 , 0
134.111 , 58.8422 , 0
134.583 , 59.0495 , 0
135.055 , 59.2568 , 0
135.527 , 59.464 , 0
135.999 , 59.6713 , 0
136.471 , 59.8786 , 0
136.943 , 60.0859 , 0
137.415 , 60.2931 , 0
137.887 , 60.5004 , 0
138.359 , 60.7077 , 0
138.831 , 60.9149 , 0
139.303 , 61.1222 , 0
139.775 , 61.3295 , 0
140.247 , 61.5368 , 0
140.719 , 61.744 , 0
141.191 , 61.9513 , 0
141.663 , 62.1586 , 0
142.135 , 62.3658 , 0
142.607 , 62.5731 , 0
143.079 , 62.7804 , 0
143.551 , 62.9877 , 0
144.023 , 63.1949 , 0
144.495 , 63.4022 , 0
144.967 , 63.6095 , 0
145.439 , 63.8167 , 0
145.911 , 64.024 , 0
146.383 , 64.2313 , 0
146.855 , 64.4385 , 0
147.327 , 64.6458 , 0
147.799 , 64.8531 , 0
148.271 , 65.0604 , 0
148.743 , 65.2676 , 0
149.215 , 65.4749 , 0
149.687 , 65.6822 , 0
150.159 , 65.8894 , 0
150.631 , 66.0967 , 0
151.103 , 66.304 , 0
151.575 , 66.5112 , 0
152.047 , 66.7185 , 0
152.519 , 66.9258 , 0
152.991 , 67.133 , 0
153.463 , 67.3403 , 0
153.935 , 67.5476 , 0
154.407 , 67.7548 , 0
154.879 , 67.9621 , 0
155.351 , 68.1694 , 0
155.823 , 68.3766 , 0
156.295 , 68.5839 , 0
156.767 , 68.7912 , 0
157.239 , 68.9984 , 0
157.711 , 69.2057 , 0
158.183 , 69.413 , 0
158.655 , 69.6203 , 0
159.127 , 69.8275 , 0
159.599 , 70.0348 , 0
160.071 , 70.2421 , 0
160.543 , 70.4493 , 0
161.015 , 70.6566 , 0
161.487 , 70.8639 , 0
161.959 , 71.0711 , 0
162.431 , 71.2784 , 0
162.903 , 71.4856 , 0
163.375 , 71.6929 , 0
163.847 , 71.9002 , 0
164.319 , 72.1074 , 0
164.791 , 72.3147 , 0
165.264 , 72.522 , 0
165.736 , 72.7292 , 0
166.208 , 72.9365 , 0
166.68 , 73.1438 , 0
167.152 , 73.351 , 0
167.624 , 73.5583 , 0
168.096 , 73.7656 , 0
168.568 , 73.9728 , 0
169.04 , 74.1801 , 0
169.512 , 74.3874 , 0
169.984 , 74.5946 , 0
170.456 , 74.8019 , 0
170.928 , 75.0092 , 0
171.4 , 75.2164 , 0
171.872 , 75.4237 , 0
172.344 , 75.631 , 0
172.816 , 75.8382 , 0
173.288 , 76.0455 , 0
173.76 , 76.2527 , 0
174.232 , 76.46 , 0
174.704 , 76.6673 , 0
175.176 , 76.8745 , 0
175.648 , 77.0818 , 0
176.12 , 77.2891 , 0
176.592 , 77.4963 , 0
177.064 , 77.7036 , 0
177.536 , 77.9109 , 0
178.008 , 78.1181 , 0
178.48 , 78.3254 , 0
178.952 , 78.5327 , 0
179.424 , 78.7399 , 0
179.896 , 78.9472 , 0
180.368 , 79.1544 , 0
180.84 , 79.3617 , 0
181.312 , 79.569 , 0
181.784 , 79.7762 , 0
182.256 , 79.9835 , 0
182.728 , 80.1908 , 0
183.2 , 80.398 , 0
183.672 , 80.6053 , 0
184.144 , 80.8125 , 0
184.616 , 81.0198 , 0
185.088 , 81.2271 , 0
185.56 , 81.4343 , 0
186.032 , 81.6416 , 0
186.504 , 81.8489 , 0
186.976 , 82.0561 , 0
187.448 , 82.2634 , 0
187.92 , 82.4706 , 0
188.392 , 82.6779 , 0
188.864 , 82.8852 , 0
189.336 , 83.0924 , 0
189.808 , 83.2997 , 0
190.28 , 83.507 , 0
190.752 , 83.7142 , 0
191.224 , 83.9215 , 0
191.696 , 84.1287 , 0
192.168 , 84.336 , 0
192.64 , 84.5433 , 0
193.112 , 84.7505 , 0
193.584 , 84.9578 , 0
194.056 , 85.165 , 0
194.528 , 85.3723 , 0
195 , 85.5796 , 0
195.472 , 85.7868 , 0
195.944 , 85.9941 , 0
196.416 , 86.2014 , 0
196.888 , 86.4086 , 0
197.36 , 86.6159 , 0
197.832 , 86.8231 , 0
198.304 , 87.0304 , 0
198.775 , 87.2377 , 0
199.247 , 87.4449 , 0
199.719 , 87.6522 , 0
200.191 , 87.8594 , 0
200.663 , 88.0667 , 0
201.135 , 88.274 , 0
201.607 , 88.4812 , 0
202.079 , 88.6885 , 0
202.551 , 88.8957 , 0
203.023 , 89.103 , 0
203.495 , 89.3103 , 0
203.967 , 89.5175 , 0
204.439 , 89.7248 , 0
204.911 , 89.932 , 0
205.383 , 90.1393 , 0
205.855 , 90.3466 , 0
206.327 , 90.5538 , 0
206.799 , 90.7611 , 0
207.271 , 90.9683 , 0
207.743 , 91.1756 , 0
208.215 , 91.3829 , 0
208.687 , 91.5901 , 0
209.159 , 91.7974 , 0
209.631 , 92.0046 , 0
210.103 , 92.2119 , 0
210.575 , 92.4192 , 0
211.047 , 92.6264 , 0
211.519 , 92.8337 , 0
211.991 , 93.0409 , 0
212.463 , 93.2482 , 0
212.935 , 93.4554 , 0
213.407 , 93.6627 , 0
213.879 , 93.87 , 0
214.351 , 94.0772 , 0
214.823 , 94.2845 , 0
215.295 , 94.4917 , 0
215.767 , 94.699 , 0
216.239 , 94.9063 , 0
216.711 , 95.1135 , 0
217.183 , 95.3208 , 0
217.655 , 95.528 , 0
218.127 , 95.7353 , 0
218.599 , 95.9426 , 0
219.071 , 96.1498 , 0
219.543 , 96.3571 , 0
220.015 , 96.5643 , 0
220.487 , 96.7716 , 0
220.959 , 96.9788 , 0
221.431 , 97.1861 , 0
221.903 , 97.3934 , 0
222.375 , 97.6006 , 0
222.847 , 97.8079 , 0
223.319 , 98.0151 , 0
223.791 , 98.2224 , 0
224.263 , 98.4296 , 0
224.735 , 98.6369 , 0
225.207 , 98.8442 , 0
225.679 , 99.0514 , 0
226.151 , 99.2587 , 0
226.623 , 99.4659 , 0
227.095 , 99.6732 , 0
227.567 , 99.8805 , 0
228.039 , 100.088 , 0
228.511 , 100.295 , 0
228.983 , 100.502 , 0
229.455 , 100.709 , 0
229.927 , 100.917 , 0
230.399 , 101.124 , 0
230.871 , 101.331 , 0
231.343 , 101.539 , 0
231.815 , 101.746 , 0
232.287 , 101.953 , 0
232.759 , 102.16 , 0
233.231 , 102.368 , 0
233.703 , 102.575 , 0
234.175 , 102.782 , 0
234.647 , 102.989 , 0
235.119 , 103.197 , 0
235.591 , 103.404 , 0
236.063 , 103.611 , 0
236.535 , 103.818 , 0
237.007 , 104.026 , 0
237.479 , 104.233 , 0
237.951 , 104.44 , 0
238.423 , 104.647 , 0
238.895 , 104.855 , 0
239.367 , 105.062 , 0
239.839 , 105.269 , 0
240.311 , 105.476 , 0
240.783 , 105.684 , 0
241.255 , 105.891 , 0
241.727 , 106.098 , 0
242.198 , 106.305 , 0
242.67 , 106.513 , 0
243.142 , 106.72 , 0
243.614 , 106.927 , 0
244.086 , 107.134 , 0
244.558 , 107.342 , 0
245.03 , 107.549 , 0
245.502 , 107.756 , 0
245.974 , 107.963 , 0
246.446 , 108.171 , 0
246.918 , 108.378 , 0
247.39 , 108.585 , 0
247.862 , 108.792 , 0
248.334 , 109 , 0
248.806 , 109.207 , 0
249.278 , 109.414 , 0
249.75 , 109.622 , 0
250.222 , 109.829 , 0
250.694 , 110.036 , 0
251.166 , 110.243 , 0
251.638 , 110.451 , 0
252.11 , 110.658 , 0
252.582 , 110.865 , 0
253.054 , 111.072 , 0
253.526 , 111.28 , 0
253.998 , 111.487 , 0
254.47 , 111.694 , 0
254.942 , 111.901 , 0
255.414 , 112.109 , 0
255.886 , 112.316 , 0
256.358 , 112.523 , 0
256.83 , 112.73 , 0
257.302 , 112.938 , 0
257.774 , 113.145 , 0
258.246 , 113.352 , 0
258.718 , 113.559 , 0
259.19 , 113.767 , 0
259.662 , 113.974 , 0
260.134 , 114.181 , 0
260.606 , 114.388 , 0
261.078 , 114.596 , 0
261.55 , 114.803 , 0
262.022 , 115.01 , 0
262.494 , 115.217 , 0
262.966 , 115.425 , 0
263.438 , 115.632 , 0
263.91 , 115.839 , 0
264.382 , 116.046 , 0
264.854 , 116.254 , 0
265.326 , 116.461 , 0
265.798 , 116.668 , 0
266.27 , 116.875 , 0
266.742 , 117.083 , 0
267.214 , 117.29 , 0
267.686 , 117.497 , 0
268.157 , 117.704 , 0
268.629 , 117.912 , 0
269.101 , 118.119 , 0
269.573 , 118.326 , 0
270.045 , 118.533 , 0
270.517 , 118.741 , 0
270.989 , 118.948 , 0
271.461 , 119.155 , 0
271.933 , 119.362 , 0
272.405 , 119.57 , 0
272.877 , 119.777 , 0
273.349 , 119.984 , 0
273.821 , 120.191 , 0
274.293 , 120.399 , 0
274.765 , 120.606 , 0
275.237 , 120.813 , 0
275.709 , 121.02 , 0
276.181 , 121.228 , 0
276.653 , 121.435 , 0
277.125 , 121.642 , 0
277.597 , 121.85 , 0
278.069 , 122.057 , 0
278.541 , 122.264 , 0
279.013 , 122.471 , 0
279.485 , 122.679 , 0
279.957 , 122.886 , 0
280.429 , 123.093 , 0
280.901 , 123.3 , 0
281.373 , 123.508 , 0
281.845 , 123.715 , 0
282.317 , 123.922 , 0
282.789 , 124.129 , 0
283.261 , 124.337 , 0
283.733 , 124.544 , 0
284.205 , 124.751 , 0
284.677 , 124.958 , 0
285.149 , 125.166 , 0
285.621 , 125.373 , 0
286.093 , 125.58 , 0
286.565 , 125.787 , 0
287.037 , 125.995 , 0
287.509 , 126.202 , 0
287.981 , 126.409 , 0
288.453 , 126.616 , 0
288.925 , 126.824 , 0
289.397 , 127.031 , 0
289.868 , 127.238 , 0
290.34 , 127.445 , 0
290.812 , 127.653 , 0
291.284 , 127.86 , 0
291.756 , 128.067 , 0
292.228 , 128.274 , 0
292.7 , 128.482 , 0
293.172 , 128.689 , 0
293.644 , 128.896 , 0
294.116 , 129.103 , 0
294.588 , 129.311 , 0
295.06 , 129.518 , 0
295.532 , 129.725 , 0
296.004 , 129.932 , 0
296.476 , 130.14 , 0
296.948 , 130.347 , 0
297.42 , 130.554 , 0
297.892 , 130.761 , 0
298.364 , 130.969 , 0
298.836 , 131.176 , 0
299.308 , 131.383 , 0
299.78 , 131.59 , 0
300.252 , 131.798 , 0
300.724 , 132.005 , 0
301.196 , 132.212 , 0
301.668 , 132.419 , 0
302.14 , 132.627 , 0
302.612 , 132.834 , 0
303.084 , 133.041 , 0
303.556 , 133.248 , 0
304.028 , 133.456 , 0
304.5 , 133.663 , 0
304.972 , 133.87 , 0
305.444 , 134.077 , 0
305.916 , 134.285 , 0
306.388 , 134.492 , 0
306.86 , 134.699 , 0
307.332 , 134.906 , 0
307.804 , 135.114 , 0
308.276 , 135.321 , 0
308.747 , 135.528 , 0
309.219 , 135.735 , 0
309.691 , 135.943 , 0
310.163 , 136.15 , 0
310.635 , 136.357 , 0
311.107 , 136.564 , 0
311.579 , 136.772 , 0
312.051 , 136.979 , 0
312.523 , 137.186 , 0
312.995 , 137.393 , 0
313.467 , 137.601 , 0
313.939 , 137.808 , 0
314.411 , 138.015 , 0
314.883 , 138.222 , 0
315.355 , 138.43 , 0
315.827 , 138.637 , 0
316.299 , 138.844 , 0
316.771 , 139.051 , 0
317.243 , 139.259 , 0
317.715 , 139.466 , 0
318.187 , 139.673 , 0
318.659 , 139.88 , 0
319.131 , 140.088 , 0
319.603 , 140.295 , 0
320.075 , 140.502 , 0
320.547 , 140.709 , 0
321.019 , 140.917 , 0
321.491 , 141.124 , 0
321.963 , 141.331 , 0
322.435 , 141.538 , 0
322.907 , 141.746 , 0
323.379 , 141.953 , 0
323.851 , 142.16 , 0
324.323 , 142.367 , 0
324.795 , 142.575 , 0
325.267 , 142.782 , 0
325.739 , 142.989 , 0
326.21 , 143.196 , 0
326.682 , 143.404 , 0
327.154 , 143.611 , 0
327.626 , 143.818 , 0
328.098 , 144.025 , 0
328.57 , 144.233 , 0
329.042 , 144.44 , 0
329.514 , 144.647 , 0
329.986 , 144.854 , 0
330.458 , 145.062 , 0
330.93 , 145.269 , 0
331.402 , 145.476 , 0
331.874 , 145.683 , 0
332.346 , 145.891 , 0
332.818 , 146.098 , 0
333.29 , 146.305 , 0
333.762 , 146.512 , 0
334.234 , 146.72 , 0
334.706 , 146.927 , 0
335.178 , 147.134 , 0
335.65 , 147.341 , 0
336.122 , 147.549 , 0
336.594 , 147.756 , 0
337.066 , 147.963 , 0
337.538 , 148.17 , 0
338.01 , 148.378 , 0
338.482 , 148.585 , 0
338.954 , 148.792 , 0
339.426 , 148.999 , 0
339.898 , 149.207 , 0
340.37 , 149.414 , 0
340.842 , 149.621 , 0
341.314 , 149.828 , 0
341.786 , 150.036 , 0
342.258 , 150.243 , 0
342.729 , 150.45 , 0
343.201 , 150.657 , 0
343.673 , 150.865 , 0
344.145 , 151.072 , 0
344.617 , 151.279 , 0
345.089 , 151.486 , 0
345.561 , 151.694 , 0
346.033 , 151.901 , 0
346.505 , 152.108 , 0
346.977 , 152.315 , 0
347.449 , 152.523 , 0
347.921 , 152.73 , 0
348.393 , 152.937 , 0
348.865 , 153.144 , 0
349.337 , 153.352 , 0
349.809 , 153.559 , 0
350.281 , 153.766 , 0
350.753 , 153.973 , 0
351.225 , 154.181 , 0
351.697 , 154.388 , 0
352.169 , 154.595 , 0
352.641 , 154.802 , 0
353.113 , 155.01 , 0
353.585 , 155.217 , 0
354.057 , 155.424 , 0
354.529 , 155.631 , 0
355.001 , 155.839 , 0
355.473 , 156.046 , 0
355.945 , 156.253 , 0
356.417 , 156.46 , 0
356.889 , 156.668 , 0
357.361 , 156.875 , 0
357.833 , 157.082 , 0
358.304 , 157.289 , 0
358.776 , 157.497 , 0
359.248 , 157.704 , 0
359.72 , 157.911 , 0
360.192 , 158.118 , 0
360.664 , 158.326 , 0
361.136 , 158.533 , 0
361.608 , 158.74 , 0
362.08 , 158.947 , 0
362.552 , 159.155 , 0
363.024 , 159.362 , 0
363.496 , 159.569 , 0
363.968 , 159.776 , 0
364.44 , 159.984 , 0
364.912 , 160.191 , 0
365.384 , 160.398 , 0
365.856 , 160.605 , 0
366.328 , 160.813 , 0
366.8 , 161.02 , 0
367.272 , 161.227 , 0
367.744 , 161.434 , 0
368.216 , 161.642 , 0
368.688 , 161.849 , 0
369.16 , 162.056 , 0
369.632 , 162.263 , 0
370.104 , 162.471 , 0
370.576 , 162.678 , 0
371.048 , 162.885 , 0
371.52 , 163.092 , 0
371.992 , 163.3 , 0
372.464 , 163.507 , 0
372.935 , 163.714 , 0
373.407 , 163.921 , 0
373.879 , 164.129 , 0
374.351 , 164.336 , 0
374.823 , 164.543 , 0
375.295 , 164.75 , 0
375.767 , 164.958 , 0
376.239 , 165.165 , 0
376.711 , 165.372 , 0
377.183 , 165.579 , 0
377.655 , 165.787 , 0
378.127 , 165.994 , 0
378.599 , 166.201 , 0
379.071 , 166.408 , 0
379.543 , 166.616 , 0
380.015 , 166.823 , 0
380.487 , 167.03 , 0
380.959 , 167.237 , 0
381.431 , 167.445 , 0
381.903 , 167.652 , 0
382.375 , 167.859 , 0
382.847 , 168.066 , 0
383.319 , 168.274 , 0
383.791 , 168.481 , 0
384.263 , 168.688 , 0
384.735 , 168.895 , 0
385.207 , 169.103 , 0
385.679 , 169.31 , 0
386.151 , 169.517 , 0
386.623 , 169.724 , 0
387.095 , 169.932 , 0
387.566 , 170.139 , 0
388.038 , 170.346 , 0
388.51 , 170.553 , 0
388.982 , 170.761 , 0
389.454 , 170.968 , 0
389.926 , 171.175 , 0
390.398 , 171.382 , 0
390.87 , 171.59 , 0
391.342 , 171.797 , 0
391.814 , 172.004 , 0
392.286 , 172.211 , 0
392.758 , 172.419 , 0
393.23 , 172.626 , 0
393.702 , 172.833 , 0
394.174 , 173.04 , 0
394.646 , 173.248 , 0
395.118 , 173.455 , 0
395.59 , 173.662 , 0
396.062 , 173.869 , 0
396.534 , 174.077 , 0
397.006 , 174.284 , 0
397.478 , 174.491 , 0
397.95 , 174.698 , 0
398.422 , 174.906 , 0
398.894 , 175.113 , 0
399.366 , 175.32 , 0
399.838 , 175.527 , 0
400.31 , 175.735 , 0
400.782 , 175.942 , 0
401.253 , 176.149 , 0
401.725 , 176.356 , 0
402.197 , 176.564 , 0
402.669 , 176.771 , 0
403.141 , 176.978 , 0
403.613 , 177.185 , 0
404.085 , 177.393 , 0
404.557 , 177.6 , 0
405.029 , 177.807 , 0
405.501 , 178.014 , 0
405.973 , 178.222 , 0
406.445 , 178.429 , 0
