x , y , z
5.2 , 0 , 0
5.19987 , 0.0265577 , 0
5.1996 , 0.0531147 , 0
5.19919 , 0.0796703 , 0
5.19865 , 0.106224 , 0
5.19798 , 0.132775 , 0
5.19717 , 0.159322 , 0
5.19622 , 0.185865 , 0
5.19514 , 0.212404 , 0
5.19393 , 0.238936 , 0
5.19258 , 0.265463 , 0
5.19109 , 0.291983 , 0
5.18947 , 0.318495 , 0
5.18772 , 0.344999 , 0
5.18583 , 0.371494 , 0
5.18381 , 0.397979 , 0
5.18165 , 0.424454 , 0
5.17936 , 0.450918 , 0
5.17693 , 0.47737 , 0
5.17437 , 0.50381 , 0
5.17167 , 0.530237 , 0
5.16884 , 0.55665 , 0
5.16588 , 0.583049 , 0
5.16278 , 0.609432 , 0
5.15955 , 0.635799 , 0
5.15618 , 0.662151 , 0
5.15268 , 0.688484 , 0
5.14904 , 0.7148 , 0
5.14527 , 0.741098 , 0
5.14137 , 0.767376 , 0
5.13734 , 0.793634 , 0
5.13317 , 0.819871 , 0
5.12886 , 0.846088 , 0
5.12443 , 0.872282 , 0
5.11986 , 0.898453 , 0
5.11516 , 0.924602 , 0
5.11032 , 0.950726 , 0
5.10535 , 0.976825 , 0
5.10025 , 1.0029 , 0
5.09502 , 1.02895 , 0
5.08965 , 1.05497 , 0
5.08416 , 1.08096 , 0
5.07853 , 1.10693 , 0
5.07276 , 1.13287 , 0
5.06687 , 1.15877 , 0
5.06084 , 1.18465 , 0
5.05469 , 1.2105 , 0
5.0484 , 1.23631 , 0
5.04198 , 1.2621 , 0
5.03543 , 1.28785 , 0
5.02874 , 1.31356 , 0
5.02193 , 1.33925 , 0
5.01499 , 1.36489 , 0
5.00792 , 1.39051 , 0
5.00071 , 1.41608 , 0
4.99338 , 1.44162 , 0
4.98591 , 1.46712 , 0
4.97832 , 1.49259 , 0
4.9706 , 1.51801 , 0
4.96275 , 1.5434 , 0
4.95477 , 1.56874 , 0
4.94666 , 1.59405 , 0
4.93842 , 1.61931 , 0
4.93005 , 1.64453 , 0
4.92156 , 1.66971 , 0
4.91293 , 1.69484 , 0
4.90418 , 1.71993 , 0
4.89531 , 1.74498 , 0
4.8863 , 1.76998 , 0
4.87717 , 1.79494 , 0
4.86791 , 1.81984 , 0
4.85852 , 1.8447 , 0
4.84901 , 1.86952 , 0
4.83937 , 1.89428 , 0
4.82961 , 1.919 , 0
4.81972 , 1.94366 , 0
4.8097 , 1.96827 , 0
4.79956 , 1.99284 , 0
4.7893 , 2.01735 , 0
4.77891 , 2.04181 , 0
4.76839 , 2.06621 , 0
4.75776 , 2.09057 , 0
4.74699 , 2.11486 , 0
4.73611 , 2.13911 , 0
4.7251 , 2.16329 , 0
4.71397 , 2.18742 , 0
4.70272 , 2.2115 , 0
4.69134 , 2.23551 , 0
4.67984 , 2.25947 , 0
4.66822 , 2.28337 , 0
4.65648 , 2.30721 , 0
4.64462 , 2.33099 , 0
4.63264 , 2.35471 , 0
4.62053 , 2.37837 , 0
4.60831 , 2.40197 , 0
4.59596 , 2.4255 , 0
4.5835 , 2.44897 , 0
4.57092 , 2.47238 , 0
4.55822 , 2.49572 , 0
4.5454 , 2.519 , 0
4.53246 , 2.54221 , 0
4.5194 , 2.56536 , 0
4.50623 , 2.58844 , 0
4.49294 , 2.61145 , 0
4.47953 , 2.63439 , 0
4.46601 , 2.65727 , 0
4.45237 , 2.68007 , 0
4.43861 , 2.70281 , 0
4.42474 , 2.72548 , 0
4.41076 , 2.74807 , 0
4.39665 , 2.7706 , 0
4.38244 , 2.79305 , 0
4.36811 , 2.81543 , 0
4.35367 , 2.83774 , 0
4.33911 , 2.85997 , 0
4.32444 , 2.88213 , 0
4.30966 , 2.90421 , 0
4.29477 , 2.92622 , 0
4.27976 , 2.94815 , 0
4.26464 , 2.97 , 0
4.24942 , 2.99178 , 0
4.23408 , 3.01348 , 0
4.21863 , 3.0351 , 0
4.20307 , 3.05665 , 0
4.18741 , 3.07811 , 0
4.17163 , 3.09949 , 0
4.15574 , 3.1208 , 0
4.13975 , 3.14202 , 0
4.12365 , 3.16316 , 0
4.10744 , 3.18421 , 0
4.09113 , 3.20519 , 0
4.07471 , 3.22608 , 0
4.05818 , 3.24689 , 0
4.04155 , 3.26761 , 0
4.02481 , 3.28825 , 0
4.00797 , 3.3088 , 0
3.99103 , 3.32927 , 0
3.97398 , 3.34965 , 0
3.95682 , 3.36994 , 0
3.93957 , 3.39015 , 0
3.92221 , 3.41026 , 0
3.90475 , 3.43029 , 0
3.88719 , 3.45023 , 0
3.86952 , 3.47008 , 0
3.85176 , 3.48984 , 0
3.8339 , 3.50951 , 0
3.81593 , 3.52909 , 0
3.79787 , 3.54857 , 0
3.77971 , 3.56796 , 0
3.76145 , 3.58727 , 0
3.74309 , 3.60647 , 0
3.72464 , 3.62559 , 0
3.70609 , 3.64461 , 0
3.68744 , 3.66353 , 0
3.6687 , 3.68236 , 0
3.64986 , 3.70109 , 0
3.63093 , 3.71973 , 0
3.6119 , 3.73827 , 0
3.59278 , 3.75672 , 0
3.57356 , 3.77506 , 0
3.55425 , 3.79331 , 0
3.53485 , 3.81146 , 0
3.51536 , 3.82951 , 0
3.49578 , 3.84746 , 0
3.4761 , 3.86531 , 0
3.45634 , 3.88306 , 0
3.43648 , 3.90071 , 0
3.41654 , 3.91826 , 0
3.39651 , 3.93571 , 0
3.37639 , 3.95305 , 0
3.35618 , 3.9703 , 0
3.33588 , 3.98743 , 0
3.3155 , 4.00447 , 0
3.29503 , 4.0214 , 0
3.27448 , 4.03823 , 0
3.25384 , 4.05495 , 0
3.23311 , 4.07156 , 0
3.21231 , 4.08807 , 0
3.19142 , 4.10448 , 0
3.17044 , 4.12078 , 0
3.14938 , 4.13697 , 0
3.12825 , 4.15305 , 0
3.10703 , 4.16903 , 0
3.08573 , 4.18489 , 0
3.06435 , 4.20065 , 0
3.04289 , 4.2163 , 0
3.02135 , 4.23184 , 0
2.99973 , 4.24727 , 0
2.97804 , 4.26259 , 0
2.95627 , 4.2778 , 0
2.93442 , 4.2929 , 0
2.91249 , 4.30789 , 0
2.89049 , 4.32276 , 0
2.86841 , 4.33752 , 0
2.84626 , 4.35217 , 0
2.82404 , 4.36671 , 0
2.80174 , 4.38114 , 0
2.77937 , 4.39545 , 0
2.75693 , 4.40964 , 0
2.73442 , 4.42372 , 0
2.71183 , 4.43769 , 0
2.68918 , 4.45154 , 0
2.66645 , 4.46528 , 0
2.64366 , 4.4789 , 0
2.62079 , 4.4924 , 0
2.59786 , 4.50579 , 0
2.57487 , 4.51906 , 0
2.5518 , 4.53221 , 0
2.52867 , 4.54525 , 0
2.50547 , 4.55817 , 0
2.48221 , 4.57097 , 0
2.45888 , 4.58365 , 0
2.4355 , 4.59621 , 0
2.41204 , 4.60865 , 0
2.38853 , 4.62098 , 0
2.36495 , 4.63318 , 0
2.34131 , 4.64527 , 0
2.31761 , 4.65723 , 0
2.29385 , 4.66907 , 0
2.27003 , 4.68079 , 0
2.24615 , 4.69239 , 0
2.22222 , 4.70387 , 0
2.19822 , 4.71523 , 0
2.17417 , 4.72646 , 0
2.15007 , 4.73757 , 0
2.1259 , 4.74856 , 0
2.10169 , 4.75943 , 0
2.07741 , 4.77017 , 0
2.05309 , 4.78079 , 0
2.02871 , 4.79128 , 0
2.00428 , 4.80165 , 0
1.97979 , 4.8119 , 0
1.95526 , 4.82202 , 0
1.93067 , 4.83202 , 0
1.90603 , 4.84189 , 0
1.88135 , 4.85164 , 0
1.85661 , 4.86126 , 0
1.83183 , 4.87075 , 0
1.807 , 4.88012 , 0
1.78213 , 4.88936 , 0
1.7572 , 4.89848 , 0
1.73224 , 4.90747 , 0
1.70722 , 4.91633 , 0
1.68217 , 4.92506 , 0
1.65707 , 4.93367 , 0
1.63192 , 4.94215 , 0
1.60674 , 4.9505 , 0
1.58151 , 4.95872 , 0
1.55624 , 4.96681 , 0
1.53093 , 4.97478 , 0
1.50558 , 4.98262 , 0
1.4802 , 4.99033 , 0
1.45477 , 4.9979 , 0
1.42931 , 5.00535 , 0
1.40381 , 5.01267 , 0
1.37827 , 5.01986 , 0
1.3527 , 5.02693 , 0
1.32709 , 5.03386 , 0
1.30145 , 5.04066 , 0
1.27577 , 5.04733 , 0
1.25007 , 5.05386 , 0
1.22433 , 5.06027 , 0
1.19855 , 5.06655 , 0
1.17275 , 5.0727 , 0
1.14692 , 5.07871 , 0
1.12105 , 5.0846 , 0
1.09516 , 5.09035 , 0
1.06924 , 5.09597 , 0
1.04329 , 5.10146 , 0
1.01732 , 5.10682 , 0
0.991317 , 5.11204 , 0
0.96529 , 5.11713 , 0
0.939238 , 5.1221 , 0
0.913161 , 5.12692 , 0
0.887061 , 5.13162 , 0
0.860939 , 5.13618 , 0
0.834794 , 5.14061 , 0
0.808627 , 5.14491 , 0
0.78244 , 5.14908 , 0
0.756232 , 5.15311 , 0
0.730005 , 5.15701 , 0
0.703759 , 5.16077 , 0
0.677494 , 5.1644 , 0
0.651213 , 5.1679 , 0
0.624914 , 5.17127 , 0
0.598599 , 5.1745 , 0
0.572269 , 5.1776 , 0
0.545924 , 5.18056 , 0
0.519565 , 5.18339 , 0
0.493193 , 5.18609 , 0
0.466807 , 5.18865 , 0
0.44041 , 5.19108 , 0
0.414001 , 5.19338 , 0
0.387582 , 5.19554 , 0
0.361153 , 5.19756 , 0
0.334714 , 5.19946 , 0
0.308267 , 5.20122 , 0
0.281812 , 5.20284 , 0
0.255349 , 5.20433 , 0
0.22888 , 5.20569 , 0
0.202405 , 5.20691 , 0
0.175925 , 5.20799 , 0
0.14944 , 5.20895 , 0
0.122951 , 5.20977 , 0
0.0964597 , 5.21045 , 0
0.0699654 , 5.211 , 0
0.0434693 , 5.21141 , 0
0.0169721 , 5.2117 , 0
-0.00952551 , 5.21184 , 0
-0.0360229 , 5.21185 , 0
-0.0625194 , 5.21173 , 0
-0.0890142 , 5.21148 , 0
-0.115507 , 5.21108 , 0
-0.141996 , 5.21056 , 0
-0.168482 , 5.2099 , 0
-0.194964 , 5.20911 , 0
-0.22144 , 5.20818 , 0
-0.247911 , 5.20712 , 0
-0.274376 , 5.20592 , 0
-0.300833 , 5.20459 , 0
-0.327283 , 5.20312 , 0
-0.353724 , 5.20153 , 0
-0.380156 , 5.19979 , 0
-0.406578 , 5.19793 , 0
-0.43299 , 5.19593 , 0
-0.459391 , 5.19379 , 0
-0.48578 , 5.19152 , 0
-0.512156 , 5.18912 , 0
-0.538519 , 5.18659 , 0
-0.564869 , 5.18392 , 0
-0.591203 , 5.18112 , 0
-0.617523 , 5.17818 , 0
-0.643827 , 5.17511 , 0
-0.670114 , 5.17191 , 0
-0.696383 , 5.16858 , 0
-0.722635 , 5.16511 , 0
-0.748869 , 5.16151 , 0
-0.775083 , 5.15777 , 0
-0.801277 , 5.15391 , 0
-0.82745 , 5.14991 , 0
-0.853603 , 5.14578 , 0
-0.879733 , 5.14151 , 0
-0.905841 , 5.13712 , 0
-0.931925 , 5.13259 , 0
-0.957985 , 5.12793 , 0
-0.984021 , 5.12314 , 0
-1.01003 , 5.11821 , 0
-1.03602 , 5.11316 , 0
-1.06197 , 5.10797 , 0
-1.0879 , 5.10265 , 0
-1.11381 , 5.0972 , 0
-1.13968 , 5.09162 , 0
-1.16553 , 5.08591 , 0
-1.19134 , 5.08007 , 0
-1.21712 , 5.0741 , 0
-1.24288 , 5.068 , 0
-1.2686 , 5.06176 , 0
-1.29429 , 5.0554 , 0
-1.31994 , 5.04891 , 0
-1.34556 , 5.04229 , 0
-1.37115 , 5.03554 , 0
-1.3967 , 5.02865 , 0
-1.42222 , 5.02164 , 0
-1.4477 , 5.01451 , 0
-1.47314 , 5.00724 , 0
-1.49854 , 4.99984 , 0
-1.52391 , 4.99232 , 0
-1.54923 , 4.98466 , 0
-1.57452 , 4.97688 , 0
-1.59977 , 4.96898 , 0
-1.62497 , 4.96094 , 0
-1.65014 , 4.95278 , 0
-1.67526 , 4.94449 , 0
-1.70034 , 4.93607 , 0
-1.72537 , 4.92753 , 0
-1.75036 , 4.91886 , 0
-1.77531 , 4.91006 , 0
-1.80021 , 4.90114 , 0
-1.82506 , 4.89209 , 0
-1.84987 , 4.88292 , 0
-1.87463 , 4.87362 , 0
-1.89934 , 4.86419 , 0
-1.924 , 4.85465 , 0
-1.94862 , 4.84497 , 0
-1.97318 , 4.83518 , 0
-1.99769 , 4.82526 , 0
-2.02215 , 4.81521 , 0
-2.04656 , 4.80504 , 0
-2.07092 , 4.79475 , 0
-2.09523 , 4.78434 , 0
-2.11948 , 4.7738 , 0
-2.14367 , 4.76315 , 0
-2.16782 , 4.75236 , 0
-2.1919 , 4.74146 , 0
-2.21593 , 4.73044 , 0
-2.2399 , 4.71929 , 0
-2.26382 , 4.70803 , 0
-2.28768 , 4.69664 , 0
-2.31148 , 4.68514 , 0
-2.33522 , 4.67351 , 0
-2.3589 , 4.66176 , 0
-2.38252 , 4.6499 , 0
-2.40608 , 4.63792 , 0
-2.42958 , 4.62581 , 0
-2.45301 , 4.61359 , 0
-2.47638 , 4.60125 , 0
-2.49969 , 4.58879 , 0
-2.52294 , 4.57622 , 0
-2.54612 , 4.56353 , 0
-2.56924 , 4.55072 , 0
-2.59229 , 4.5378 , 0
-2.61527 , 4.52476 , 0
-2.63819 , 4.5116 , 0
-2.66104 , 4.49833 , 0
-2.68382 , 4.48494 , 0
-2.70653 , 4.47144 , 0
-2.72917 , 4.45782 , 0
-2.75175 , 4.4441 , 0
-2.77425 , 4.43025 , 0
-2.79668 , 4.4163 , 0
-2.81904 , 4.40223 , 0
-2.84133 , 4.38805 , 0
-2.86355 , 4.37375 , 0
-2.88569 , 4.35935 , 0
-2.90776 , 4.34483 , 0
-2.92976 , 4.3302 , 0
-2.95168 , 4.31546 , 0
-2.97352 , 4.30061 , 0
-2.99529 , 4.28566 , 0
-3.01698 , 4.27059 , 0
-3.0386 , 4.25541 , 0
-3.06014 , 4.24013 , 0
-3.0816 , 4.22473 , 0
-3.10298 , 4.20923 , 0
-3.12428 , 4.19362 , 0
-3.1455 , 4.17791 , 0
-3.16665 , 4.16208 , 0
-3.18771 , 4.14615 , 0
-3.20869 , 4.13012 , 0
-3.22959 , 4.11398 , 0
-3.2504 , 4.09773 , 0
-3.27113 , 4.08138 , 0
-3.29178 , 4.06493 , 0
-3.31235 , 4.04837 , 0
-3.33283 , 4.03171 , 0
-3.35323 , 4.01495 , 0
-3.37354 , 3.99808 , 0
-3.39376 , 3.98112 , 0
-3.4139 , 3.96405 , 0
-3.43395 , 3.94688 , 0
-3.45391 , 3.9296 , 0
-3.47379 , 3.91223 , 0
-3.49357 , 3.89476 , 0
-3.51327 , 3.87719 , 0
-3.53288 , 3.85952 , 0
-3.5524 , 3.84176 , 0
-3.57183 , 3.82389 , 0
-3.59116 , 3.80593 , 0
-3.61041 , 3.78787 , 0
-3.62956 , 3.76971 , 0
-3.64862 , 3.75146 , 0
-3.66759 , 3.73311 , 0
-3.68646 , 3.71467 , 0
-3.70524 , 3.69613 , 0
-3.72393 , 3.6775 , 0
-3.74252 , 3.65878 , 0
-3.76102 , 3.63996 , 0
-3.77942 , 3.62105 , 0
-3.79772 , 3.60205 , 0
-3.81593 , 3.58295 , 0
-3.83404 , 3.56377 , 0
-3.85205 , 3.54449 , 0
-3.86997 , 3.52512 , 0
-3.88779 , 3.50567 , 0
-3.9055 , 3.48612 , 0
-3.92312 , 3.46649 , 0
-3.94064 , 3.44677 , 0
-3.95806 , 3.42696 , 0
-3.97537 , 3.40706 , 0
-3.99259 , 3.38707 , 0
-4.00971 , 3.367 , 0
-4.02672 , 3.34685 , 0
-4.04363 , 3.32661 , 0
-4.06044 , 3.30628 , 0
-4.07714 , 3.28587 , 0
-4.09374 , 3.26538 , 0
-4.11024 , 3.2448 , 0
-4.12663 , 3.22415 , 0
-4.14292 , 3.20341 , 0
-4.1591 , 3.18258 , 0
-4.17518 , 3.16168 , 0
-4.19115 , 3.1407 , 0
-4.20701 , 3.11964 , 0
-4.22277 , 3.09849 , 0
-4.23842 , 3.07727 , 0
-4.25396 , 3.05597 , 0
-4.26939 , 3.0346 , 0
-4.28472 , 3.01314 , 0
-4.29993 , 2.99161 , 0
-4.31504 , 2.97001 , 0
-4.33004 , 2.94833 , 0
-4.34493 , 2.92657 , 0
-4.3597 , 2.90474 , 0
-4.37437 , 2.88284 , 0
-4.38893 , 2.86086 , 0
-4.40337 , 2.83881 , 0
-4.4177 , 2.81669 , 0
-4.43192 , 2.79449 , 0
-4.44603 , 2.77223 , 0
-4.46003 , 2.74989 , 0
-4.47391 , 2.72749 , 0
-4.48768 , 2.70501 , 0
-4.50133 , 2.68247 , 0
-4.51487 , 2.65986 , 0
-4.5283 , 2.63718 , 0
-4.54161 , 2.61444 , 0
-4.55481 , 2.59163 , 0
-4.56789 , 2.56875 , 0
-4.58085 , 2.54581 , 0
-4.5937 , 2.5228 , 0
-4.60643 , 2.49973 , 0
-4.61905 , 2.4766 , 0
-4.63155 , 2.4534 , 0
-4.64393 , 2.43014 , 0
-4.65619 , 2.40682 , 0
-4.66834 , 2.38344 , 0
-4.68036 , 2.36 , 0
-4.69227 , 2.33649 , 0
-4.70406 , 2.31293 , 0
-4.71573 , 2.28931 , 0
-4.72728 , 2.26563 , 0
-4.73871 , 2.2419 , 0
-4.75002 , 2.21811 , 0
-4.76121 , 2.19426 , 0
-4.77228 , 2.17036 , 0
-4.78323 , 2.1464 , 0
-4.79406 , 2.12238 , 0
-4.80476 , 2.09832 , 0
-4.81535 , 2.0742 , 0
-4.82581 , 2.05003 , 0
-4.83615 , 2.0258 , 0
-4.84637 , 2.00153 , 0
-4.85646 , 1.9772 , 0
-4.86643 , 1.95282 , 0
-4.87628 , 1.9284 , 0
-4.88601 , 1.90392 , 0
-4.89561 , 1.8794 , 0
-4.90509 , 1.85483 , 0
-4.91444 , 1.83021 , 0
-4.92367 , 1.80555 , 0
-4.93278 , 1.78084 , 0
-4.94176 , 1.75608 , 0
-4.95061 , 1.73128 , 0
-4.95934 , 1.70644 , 0
-4.96795 , 1.68156 , 0
-4.97642 , 1.65663 , 0
-4.98478 , 1.63166 , 0
-4.993 , 1.60665 , 0
-5.0011 , 1.58159 , 0
-5.00908 , 1.5565 , 0
-5.01692 , 1.53137 , 0
-5.02465 , 1.5062 , 0
-5.03224 , 1.48099 , 0
-5.0397 , 1.45575 , 0
-5.04704 , 1.43046 , 0
-5.05425 , 1.40514 , 0
-5.06134 , 1.37979 , 0
-5.06829 , 1.3544 , 0
-5.07512 , 1.32898 , 0
-5.08182 , 1.30352 , 0
-5.08839 , 1.27803 , 0
-5.09483 , 1.25251 , 0
-5.10114 , 1.22695 , 0
-5.10733 , 1.20137 , 0
-5.11338 , 1.17575 , 0
-5.11931 , 1.15011 , 0
-5.1251 , 1.12443 , 0
-5.13077 , 1.09873 , 0
-5.13631 , 1.073 , 0
-5.14171 , 1.04724 , 0
-5.14699 , 1.02146 , 0
-5.15214 , 0.99565 , 0
-5.15716 , 0.969815 , 0
-5.16204 , 0.943956 , 0
-5.1668 , 0.918073 , 0
-5.17143 , 0.892166 , 0
-5.17592 , 0.866237 , 0
-5.18029 , 0.840287 , 0
-5.18452 , 0.814315 , 0
-5.18862 , 0.788322 , 0
-5.1926 , 0.76231 , 0
-5.19644 , 0.736278 , 0
-5.20015 , 0.710228 , 0
-5.20373 , 0.684159 , 0
-5.20717 , 0.658074 , 0
-5.21049 , 0.631972 , 0
-5.21367 , 0.605854 , 0
-5.21673 , 0.57972 , 0
-5.21965 , 0.553572 , 0
-5.22244 , 0.52741 , 0
-5.22509 , 0.501235 , 0
-5.22762 , 0.475047 , 0
-5.23001 , 0.448847 , 0
-5.23227 , 0.422636 , 0
-5.2344 , 0.396414 , 0
-5.2364 , 0.370182 , 0
-5.23827 , 0.343941 , 0
-5.24 , 0.317691 , 0
-5.2416 , 0.291433 , 0
-5.24307 , 0.265168 , 0
-5.2444 , 0.238896 , 0
-5.24561 , 0.212618 , 0
-5.24668 , 0.186335 , 0
-5.24762 , 0.160047 , 0
-5.24843 , 0.133755 , 0
-5.2491 , 0.107459 , 0
-5.24964 , 0.0811609 , 0
-5.25005 , 0.0548606 , 0
-5.25033 , 0.028559 , 0
-5.25048 , 0.00225671 , 0
-5.25049 , -0.0240457 , 0
-5.25037 , -0.0503475 , 0
-5.25012 , -0.076648 , 0
-5.24973 , -0.102947 , 0
-5.24922 , -0.129243 , 0
-5.24857 , -0.155535 , 0
-5.24779 , -0.181824 , 0
-5.24687 , -0.208108 , 0
-5.24583 , -0.234387 , 0
-5.24465 , -0.26066 , 0
-5.24334 , -0.286927 , 0
-5.2419 , -0.313186 , 0
-5.24032 , -0.339437 , 0
-5.23861 , -0.36568 , 0
-5.23678 , -0.391914 , 0
-5.2348 , -0.418138 , 0
-5.2327 , -0.444351 , 0
-5.23047 , -0.470553 , 0
-5.2281 , -0.496743 , 0
-5.2256 , -0.52292 , 0
-5.22297 , -0.549085 , 0
-5.22021 , -0.575235 , 0
-5.21732 , -0.601372 , 0
-5.21429 , -0.627493 , 0
-5.21114 , -0.653598 , 0
-5.20785 , -0.679686 , 0
-5.20443 , -0.705758 , 0
-5.20088 , -0.731812 , 0
-5.1972 , -0.757847 , 0
-5.19339 , -0.783863 , 0
-5.18945 , -0.80986 , 0
-5.18537 , -0.835836 , 0
-5.18117 , -0.861791 , 0
-5.17684 , -0.887724 , 0
-5.17237 , -0.913635 , 0
-5.16778 , -0.939523 , 0
-5.16305 , -0.965387 , 0
-5.1582 , -0.991227 , 0
-5.15321 , -1.01704 , 0
-5.1481 , -1.04283 , 0
-5.14285 , -1.06859 , 0
-5.13748 , -1.09433 , 0
-5.13198 , -1.12004 , 0
-5.12634 , -1.14572 , 0
-5.12058 , -1.17137 , 0
-5.11469 , -1.19699 , 0
-5.10867 , -1.22259 , 0
-5.10252 , -1.24815 , 0
-5.09625 , -1.27368 , 0
-5.08984 , -1.29917 , 0
-5.08331 , -1.32464 , 0
-5.07665 , -1.35007 , 0
-5.06986 , -1.37547 , 0
-5.06294 , -1.40083 , 0
-5.0559 , -1.42616 , 0
-5.04873 , -1.45145 , 0
-5.04143 , -1.47671 , 0
-5.034 , -1.50192 , 0
-5.02645 , -1.5271 , 0
-5.01877 , -1.55225 , 0
-5.01097 , -1.57735 , 0
-5.00304 , -1.60241 , 0
-4.99498 , -1.62743 , 0
-4.9868 , -1.65242 , 0
-4.97849 , -1.67736 , 0
-4.97005 , -1.70225 , 0
-4.96149 , -1.72711 , 0
-4.95281 , -1.75192 , 0
-4.944 , -1.77669 , 0
-4.93507 , -1.80141 , 0
-4.92601 , -1.82609 , 0
-4.91683 , -1.85072 , 0
-4.90753 , -1.8753 , 0
-4.8981 , -1.89984 , 0
-4.88855 , -1.92433 , 0
-4.87887 , -1.94877 , 0
-4.86907 , -1.97317 , 0
-4.85915 , -1.99751 , 0
-4.84911 , -2.0218 , 0
-4.83895 , -2.04604 , 0
-4.82866 , -2.07023 , 0
-4.81825 , -2.09437 , 0
-4.80772 , -2.11845 , 0
-4.79707 , -2.14249 , 0
-4.7863 , -2.16646 , 0
-4.77541 , -2.19039 , 0
-4.7644 , -2.21426 , 0
-4.75327 , -2.23807 , 0
-4.74202 , -2.26182 , 0
-4.73065 , -2.28552 , 0
-4.71916 , -2.30917 , 0
-4.70755 , -2.33275 , 0
-4.69582 , -2.35627 , 0
-4.68398 , -2.37974 , 0
-4.67201 , -2.40315 , 0
-4.65993 , -2.42649 , 0
-4.64774 , -2.44977 , 0
-4.63542 , -2.473 , 0
-4.62299 , -2.49616 , 0
-4.61044 , -2.51925 , 0
-4.59778 , -2.54229 , 0
-4.585 , -2.56526 , 0
-4.5721 , -2.58816 , 0
-4.55909 , -2.611 , 0
-4.54597 , -2.63378 , 0
-4.53273 , -2.65649 , 0
-4.51938 , -2.67913 , 0
-4.50591 , -2.7017 , 0
-4.49233 , -2.72421 , 0
-4.47864 , -2.74665 , 0
-4.46483 , -2.76901 , 0
-4.45091 , -2.79131 , 0
-4.43688 , -2.81354 , 0
-4.42274 , -2.8357 , 0
-4.40848 , -2.85778 , 0
-4.39412 , -2.8798 , 0
-4.37964 , -2.90174 , 0
-4.36506 , -2.92361 , 0
-4.35036 , -2.9454 , 0
-4.33556 , -2.96713 , 0
-4.32065 , -2.98877 , 0
-4.30562 , -3.01034 , 0
-4.29049 , -3.03184 , 0
-4.27525 , -3.05326 , 0
-4.25991 , -3.0746 , 0
-4.24445 , -3.09586 , 0
-4.22889 , -3.11705 , 0
-4.21322 , -3.13816 , 0
-4.19745 , -3.15919 , 0
-4.18157 , -3.18014 , 0
-4.16559 , -3.20101 , 0
-4.1495 , -3.2218 , 0
-4.13331 , -3.24251 , 0
-4.11701 , -3.26313 , 0
-4.10061 , -3.28368 , 0
-4.0841 , -3.30414 , 0
-4.06749 , -3.32452 , 0
-4.05079 , -3.34481 , 0
-4.03397 , -3.36502 , 0
-4.01706 , -3.38515 , 0
-4.00005 , -3.40519 , 0
-3.98293 , -3.42514 , 0
-3.96572 , -3.44501 , 0
-3.9484 , -3.46479 , 0
-3.93099 , -3.48449 , 0
-3.91347 , -3.50409 , 0
-3.89586 , -3.52361 , 0
-3.87815 , -3.54304 , 0
-3.86034 , -3.56238 , 0
-3.84244 , -3.58163 , 0
-3.82443 , -3.60079 , 0
-3.80634 , -3.61986 , 0
-3.78814 , -3.63884 , 0
-3.76985 , -3.65773 , 0
-3.75147 , -3.67653 , 0
-3.73299 , -3.69523 , 0
-3.71442 , -3.71384 , 0
-3.69575 , -3.73235 , 0
-3.67699 , -3.75078 , 0
-3.65814 , -3.7691 , 0
-3.63919 , -3.78733 , 0
-3.62016 , -3.80547 , 0
-3.60103 , -3.82351 , 0
-3.58181 , -3.84146 , 0
-3.5625 , -3.85931 , 0
-3.54311 , -3.87706 , 0
-3.52362 , -3.89471 , 0
-3.50404 , -3.91227 , 0
-3.48438 , -3.92972 , 0
-3.46463 , -3.94708 , 0
-3.44479 , -3.96434 , 0
-3.42486 , -3.9815 , 0
-3.40485 , -3.99855 , 0
-3.38475 , -4.01551 , 0
-3.36457 , -4.03237 , 0
-3.3443 , -4.04912 , 0
-3.32395 , -4.06577 , 0
-3.30351 , -4.08232 , 0
-3.28299 , -4.09877 , 0
-3.26239 , -4.11511 , 0
-3.2417 , -4.13135 , 0
-3.22094 , -4.14749 , 0
-3.20009 , -4.16352 , 0
-3.17916 , -4.17945 , 0
-3.15815 , -4.19527 , 0
-3.13707 , -4.21098 , 0
-3.1159 , -4.22659 , 0
-3.09465 , -4.24209 , 0
-3.07333 , -4.25749 , 0
-3.05193 , -4.27278 , 0
-3.03045 , -4.28796 , 0
-3.0089 , -4.30303 , 0
-2.98727 , -4.31799 , 0
-2.96556 , -4.33285 , 0
-2.94378 , -4.3476 , 0
-2.92193 , -4.36223 , 0
-2.9 , -4.37676 , 0
-2.878 , -4.39117 , 0
-2.85592 , -4.40548 , 0
-2.83378 , -4.41967 , 0
-2.81156 , -4.43375 , 0
-2.78927 , -4.44772 , 0
-2.76691 , -4.46158 , 0
-2.74448 , -4.47533 , 0
-2.72199 , -4.48896 , 0
-2.69942 , -4.50248 , 0
-2.67678 , -4.51589 , 0
-2.65408 , -4.52918 , 0
-2.63131 , -4.54236 , 0
-2.60848 , -4.55542 , 0
-2.58558 , -4.56837 , 0
-2.56261 , -4.5812 , 0
-2.53958 , -4.59392 , 0
-2.51648 , -4.60652 , 0
-2.49333 , -4.61901 , 0
-2.4701 , -4.63137 , 0
-2.44682 , -4.64363 , 0
-2.42347 , -4.65576 , 0
-2.40007 , -4.66778 , 0
-2.3766 , -4.67968 , 0
-2.35307 , -4.69146 , 0
-2.32949 , -4.70312 , 0
-2.30584 , -4.71466 , 0
-2.28214 , -4.72609 , 0
-2.25837 , -4.7374 , 0
-2.23456 , -4.74858 , 0
-2.21068 , -4.75965 , 0
-2.18675 , -4.77059 , 0
-2.16276 , -4.78142 , 0
-2.13872 , -4.79212 , 0
-2.11463 , -4.80271 , 0
-2.09048 , -4.81317 , 0
-2.06628 , -4.82351 , 0
-2.04203 , -4.83373 , 0
-2.01772 , -4.84382 , 0
-1.99336 , -4.8538 , 0
-1.96896 , -4.86365 , 0
-1.9445 , -4.87338 , 0
-1.92 , -4.88298 , 0
-1.89544 , -4.89247 , 0
-1.87084 , -4.90183 , 0
-1.84619 , -4.91106 , 0
-1.8215 , -4.92017 , 0
-1.79676 , -4.92916 , 0
-1.77197 , -4.93802 , 0
-1.74714 , -4.94676 , 0
-1.72226 , -4.95537 , 0
-1.69734 , -4.96385 , 0
-1.67238 , -4.97221 , 0
-1.64738 , -4.98045 , 0
-1.62233 , -4.98856 , 0
-1.59724 , -4.99654 , 0
-1.57212 , -5.0044 , 0
-1.54695 , -5.01213 , 0
-1.52174 , -5.01973 , 0
-1.4965 , -5.02721 , 0
-1.47122 , -5.03456 , 0
-1.4459 , -5.04178 , 0
-1.42054 , -5.04888 , 0
-1.39515 , -5.05584 , 0
-1.36972 , -5.06268 , 0
-1.34426 , -5.06939 , 0
-1.31876 , -5.07598 , 0
-1.29323 , -5.08243 , 0
-1.26767 , -5.08876 , 0
-1.24207 , -5.09495 , 0
-1.21645 , -5.10102 , 0
-1.19079 , -5.10696 , 0
-1.1651 , -5.11277 , 0
-1.13939 , -5.11845 , 0
-1.11364 , -5.124 , 0
-1.08787 , -5.12942 , 0
-1.06207 , -5.13471 , 0
-1.03624 , -5.13987 , 0
-1.01039 , -5.1449 , 0
-0.984505 , -5.1498 , 0
-0.958601 , -5.15457 , 0
-0.932672 , -5.15921 , 0
-0.906719 , -5.16372 , 0
-0.880744 , -5.1681 , 0
-0.854746 , -5.17235 , 0
-0.828726 , -5.17646 , 0
-0.802686 , -5.18045 , 0
-0.776625 , -5.1843 , 0
-0.750544 , -5.18802 , 0
-0.724445 , -5.19161 , 0
-0.698327 , -5.19507 , 0
-0.672191 , -5.1984 , 0
-0.646039 , -5.2016 , 0
-0.61987 , -5.20466 , 0
-0.593685 , -5.20759 , 0
-0.567485 , -5.21039 , 0
-0.541271 , -5.21306 , 0
-0.515043 , -5.2156 , 0
-0.488802 , -5.218 , 0
-0.462549 , -5.22027 , 0
-0.436284 , -5.22241 , 0
-0.410008 , -5.22442 , 0
-0.383721 , -5.22629 , 0
-0.357425 , -5.22803 , 0
-0.33112 , -5.22964 , 0
-0.304806 , -5.23112 , 0
-0.278485 , -5.23246 , 0
-0.252156 , -5.23367 , 0
-0.225821 , -5.23475 , 0
-0.19948 , -5.2357 , 0
-0.173135 , -5.23651 , 0
-0.146785 , -5.23719 , 0
-0.120431 , -5.23773 , 0
-0.094074 , -5.23815 , 0
-0.0677147 , -5.23843 , 0
-0.0413537 , -5.23857 , 0
-0.0149917 , -5.23859 , 0
0.0113707 , -5.23847 , 0
0.0377329 , -5.23822 , 0
0.064094 , -5.23784 , 0
0.0904536 , -5.23732 , 0
0.116811 , -5.23667 , 0
0.143165 , -5.23588 , 0
0.169516 , -5.23497 , 0
0.195862 , -5.23392 , 0
0.222203 , -5.23274 , 0
0.248539 , -5.23142 , 0
0.274869 , -5.22997 , 0
0.301191 , -5.22839 , 0
0.327506 , -5.22668 , 0
0.353812 , -5.22483 , 0
0.38011 , -5.22285 , 0
0.406397 , -5.22074 , 0
0.432675 , -5.21849 , 0
0.458941 , -5.21611 , 0
0.485196 , -5.2136 , 0
0.511439 , -5.21096 , 0
0.537668 , -5.20819 , 0
0.563884 , -5.20528 , 0
0.590085 , -5.20224 , 0
0.616272 , -5.19907 , 0
0.642442 , -5.19576 , 0
0.668597 , -5.19232 , 0
0.694734 , -5.18875 , 0
0.720854 , -5.18505 , 0
0.746955 , -5.18122 , 0
0.773038 , -5.17726 , 0
0.799101 , -5.17316 , 0
0.825143 , -5.16893 , 0
0.851164 , -5.16457 , 0
0.877164 , -5.16008 , 0
0.903141 , -5.15546 , 0
0.929096 , -5.1507 , 0
0.955027 , -5.14582 , 0
0.980933 , -5.1408 , 0
1.00681 , -5.13566 , 0
1.03267 , -5.13038 , 0
1.0585 , -5.12497 , 0
1.0843 , -5.11943 , 0
1.11008 , -5.11376 , 0
1.13582 , -5.10796 , 0
1.16154 , -5.10203 , 0
1.18723 , -5.09597 , 0
1.21289 , -5.08978 , 0
1.23851 , -5.08346 , 0
1.26411 , -5.07702 , 0
1.28967 , -5.07044 , 0
1.3152 , -5.06373 , 0
1.3407 , -5.05689 , 0
1.36616 , -5.04993 , 0
1.39159 , -5.04284 , 0
1.41698 , -5.03561 , 0
1.44234 , -5.02826 , 0
1.46766 , -5.02078 , 0
1.49294 , -5.01318 , 0
1.51818 , -5.00544 , 0
1.54339 , -4.99758 , 0
1.56856 , -4.98959 , 0
1.59368 , -4.98147 , 0
1.61877 , -4.97323 , 0
1.64381 , -4.96485 , 0
1.66881 , -4.95636 , 0
1.69377 , -4.94773 , 0
1.71869 , -4.93898 , 0
1.74356 , -4.9301 , 0
1.76839 , -4.9211 , 0
1.79317 , -4.91197 , 0
1.81791 , -4.90272 , 0
1.8426 , -4.89334 , 0
1.86724 , -4.88384 , 0
1.89184 , -4.87421 , 0
1.91638 , -4.86445 , 0
1.94088 , -4.85458 , 0
1.96533 , -4.84458 , 0
1.98973 , -4.83445 , 0
2.01408 , -4.8242 , 0
2.03837 , -4.81383 , 0
2.06262 , -4.80334 , 0
2.08681 , -4.79272 , 0
2.11095 , -4.78198 , 0
2.13503 , -4.77112 , 0
2.15906 , -4.76013 , 0
2.18304 , -4.74903 , 0
2.20696 , -4.7378 , 0
2.23082 , -4.72645 , 0
2.25462 , -4.71498 , 0
2.27837 , -4.70339 , 0
2.30206 , -4.69168 , 0
2.32569 , -4.67985 , 0
2.34926 , -4.6679 , 0
2.37277 , -4.65583 , 0
2.39622 , -4.64365 , 0
2.41961 , -4.63134 , 0
2.44294 , -4.61891 , 0
2.4662 , -4.60637 , 0
2.4894 , -4.59371 , 0
2.51254 , -4.58093 , 0
2.53562 , -4.56803 , 0
2.55862 , -4.55502 , 0
2.58157 , -4.54189 , 0
2.60444 , -4.52864 , 0
2.62726 , -4.51528 , 0
2.65 , -4.5018 , 0
2.67267 , -4.48821 , 0
2.69528 , -4.4745 , 0
2.71782 , -4.46068 , 0
2.74029 , -4.44674 , 0
2.76268 , -4.43269 , 0
2.78501 , -4.41853 , 0
2.80727 , -4.40425 , 0
2.82945 , -4.38986 , 0
2.85156 , -4.37536 , 0
2.8736 , -4.36075 , 0
2.89557 , -4.34602 , 0
2.91746 , -4.33118 , 0
2.93927 , -4.31623 , 0
2.96101 , -4.30117 , 0
2.98268 , -4.286 , 0
3.00426 , -4.27072 , 0
3.02578 , -4.25534 , 0
3.04721 , -4.23984 , 0
3.06856 , -4.22423 , 0
3.08984 , -4.20852 , 0
3.11104 , -4.19269 , 0
3.13216 , -4.17676 , 0
3.15319 , -4.16072 , 0
3.17415 , -4.14458 , 0
3.19502 , -4.12833 , 0
3.21582 , -4.11197 , 0
3.23653 , -4.09551 , 0
3.25715 , -4.07894 , 0
3.2777 , -4.06227 , 0
3.29816 , -4.04549 , 0
3.31853 , -4.02861 , 0
3.33882 , -4.01163 , 0
3.35903 , -3.99454 , 0
3.37914 , -3.97735 , 0
3.39918 , -3.96006 , 0
3.41912 , -3.94267 , 0
3.43897 , -3.92518 , 0
3.45874 , -3.90758 , 0
3.47842 , -3.88989 , 0
3.49801 , -3.87209 , 0
3.51751 , -3.8542 , 0
3.53692 , -3.8362 , 0
3.55624 , -3.81811 , 0
3.57546 , -3.79992 , 0
3.5946 , -3.78163 , 0
3.61364 , -3.76325 , 0
3.63259 , -3.74476 , 0
3.65145 , -3.72619 , 0
3.67021 , -3.70751 , 0
3.68888 , -3.68874 , 0
3.70745 , -3.66988 , 0
3.72593 , -3.65092 , 0
3.74431 , -3.63187 , 0
3.7626 , -3.61272 , 0
3.78079 , -3.59348 , 0
3.79888 , -3.57415 , 0
3.81688 , -3.55473 , 0
3.83477 , -3.53521 , 0
3.85257 , -3.51561 , 0
3.87027 , -3.49591 , 0
3.88787 , -3.47613 , 0
3.90536 , -3.45625 , 0
3.92276 , -3.43629 , 0
3.94006 , -3.41624 , 0
3.95726 , -3.3961 , 0
3.97435 , -3.37587 , 0
3.99134 , -3.35555 , 0
4.00823 , -3.33515 , 0
4.02502 , -3.31466 , 0
4.0417 , -3.29409 , 0
4.05828 , -3.27343 , 0
4.07475 , -3.25269 , 0
4.09112 , -3.23187 , 0
4.10738 , -3.21096 , 0
4.12354 , -3.18997 , 0
4.13959 , -3.16889 , 0
4.15554 , -3.14774 , 0
4.17137 , -3.1265 , 0
4.1871 , -3.10519 , 0
4.20272 , -3.08379 , 0
4.21824 , -3.06231 , 0
4.23364 , -3.04076 , 0
4.24894 , -3.01912 , 0
4.26413 , -2.99741 , 0
4.2792 , -2.97562 , 0
4.29417 , -2.95376 , 0
4.30902 , -2.93182 , 0
4.32377 , -2.9098 , 0
4.3384 , -2.88771 , 0
4.35292 , -2.86554 , 0
4.36733 , -2.8433 , 0
4.38163 , -2.82099 , 0
4.39581 , -2.7986 , 0
4.40988 , -2.77614 , 0
4.42384 , -2.75361 , 0
4.43768 , -2.73101 , 0
4.45141 , -2.70834 , 0
4.46502 , -2.6856 , 0
4.47852 , -2.66279 , 0
4.4919 , -2.63991 , 0
4.50517 , -2.61696 , 0
4.51831 , -2.59394 , 0
4.53135 , -2.57086 , 0
4.54426 , -2.54771 , 0
4.55706 , -2.5245 , 0
4.56974 , -2.50122 , 0
4.58231 , -2.47787 , 0
4.59475 , -2.45447 , 0
4.60708 , -2.43099 , 0
4.61929 , -2.40746 , 0
4.63137 , -2.38386 , 0
4.64334 , -2.36021 , 0
4.65519 , -2.33649 , 0
4.66692 , -2.31271 , 0
4.67853 , -2.28887 , 0
4.69001 , -2.26497 , 0
4.70138 , -2.24101 , 0
4.71262 , -2.217 , 0
4.72374 , -2.19293 , 0
4.73475 , -2.1688 , 0
4.74562 , -2.14461 , 0
4.75638 , -2.12037 , 0
4.76701 , -2.09608 , 0
4.77752 , -2.07173 , 0
4.78791 , -2.04733 , 0
4.79817 , -2.02287 , 0
4.80831 , -1.99836 , 0
4.81832 , -1.9738 , 0
4.82821 , -1.94919 , 0
4.83797 , -1.92453 , 0
4.84761 , -1.89982 , 0
4.85712 , -1.87506 , 0
4.86651 , -1.85025 , 0
4.87578 , -1.8254 , 0
4.88491 , -1.8005 , 0
4.89392 , -1.77555 , 0
4.9028 , -1.75055 , 0
4.91156 , -1.72551 , 0
4.92019 , -1.70042 , 0
4.92869 , -1.67529 , 0
4.93707 , -1.65012 , 0
4.94531 , -1.6249 , 0
4.95343 , -1.59965 , 0
4.96142 , -1.57435 , 0
4.96928 , -1.54901 , 0
4.97702 , -1.52363 , 0
4.98462 , -1.49821 , 0
4.9921 , -1.47275 , 0
4.99944 , -1.44725 , 0
5.00666 , -1.42172 , 0
5.01375 , -1.39615 , 0
5.02071 , -1.37054 , 0
5.02753 , -1.3449 , 0
5.03423 , -1.31922 , 0
5.0408 , -1.29351 , 0
5.04723 , -1.26777 , 0
5.05354 , -1.24199 , 0
5.05971 , -1.21618 , 0
5.06576 , -1.19034 , 0
5.07167 , -1.16446 , 0
5.07745 , -1.13856 , 0
5.0831 , -1.11263 , 0
5.08862 , -1.08667 , 0
5.09401 , -1.06068 , 0
5.09926 , -1.03466 , 0
5.10438 , -1.00862 , 0
5.10937 , -0.982552 , 0
5.11423 , -0.956457 , 0
5.11895 , -0.930337 , 0
5.12355 , -0.904194 , 0
5.12801 , -0.878027 , 0
5.13233 , -0.851837 , 0
5.13652 , -0.825625 , 0
5.14059 , -0.799392 , 0
5.14451 , -0.773138 , 0
5.14831 , -0.746864 , 0
5.15197 , -0.72057 , 0
5.15549 , -0.694258 , 0
5.15889 , -0.667928 , 0
5.16214 , -0.641581 , 0
5.16527 , -0.615217 , 0
5.16826 , -0.588837 , 0
5.17112 , -0.562442 , 0
5.17384 , -0.536032 , 0
5.17643 , -0.509608 , 0
5.17888 , -0.483171 , 0
5.18121 , -0.456721 , 0
5.18339 , -0.43026 , 0
5.18544 , -0.403788 , 0
5.18736 , -0.377305 , 0
5.18914 , -0.350812 , 0
5.19079 , -0.32431 , 0
5.1923 , -0.2978 , 0
5.19368 , -0.271282 , 0
5.19493 , -0.244756 , 0
5.19603 , -0.218225 , 0
5.19701 , -0.191688 , 0
5.19785 , -0.165146 , 0
5.19855 , -0.1386 , 0
5.19912 , -0.11205 , 0
5.19956 , -0.0854968 , 0
5.19985 , -0.0589417 , 0
5.20002 , -0.0323851 , 0
5.20005 , -0.00582771 , 0
5.19994 , 0.0207299 , 0
5.1997 , 0.0472869 , 0
5.19933 , 0.0738427 , 0
5.19882 , 0.100397 , 0
5.19817 , 0.126948 , 0
