M
1
0.94
0.845
0.825
0.75
0.725
0.69
0.635
0.62
0.675
0.63
0.595
0.48
0.46
0.575
0.45
0.4
0.475
0.445
0.46
0.42
0.375
0.48
0.525
0.525
0.48
0.515
0.485
0.425
0.47
0.51
0.54
0.525
0.555
0.555
0.525
0.465
0.475
0.51
0.555
0.505
0.53
0.535
0.565
0.62
0.59
0.635
0.695
0.685
0.725
0.785
0.76
0.74
0.735
0.7
0.685
0.645
0.59
0.595
0.635
0.62
0.6
0.55
0.57
0.58
0.665
0.665
0.71
0.82
0.835
0.825
0.78
0.84
0.77
0.71
0.735
0.81
0.835
0.805
0.78
0.73
0.755
0.705
0.755
0.785
0.81
0.75
0.715
0.65
0.69
0.72
0.765
0.725
0.75
0.71
0.675
0.735
0.75
0.785
0.68
0.66
0.695
0.615
0.69
0.685
0.69
0.7
0.755
0.73
0.815
0.795
0.825
0.795
0.7
0.65
0.69
0.72
0.685
0.68
0.73
0.73
0.815
0.805
0.805
0.815
0.82
0.78
0.805
0.865
0.855
0.835
0.78
0.74
0.74
0.74
0.715
0.725
0.68
0.7
0.65
0.7
0.715
0.67
0.67
0.67
0.665
0.62
0.635
0.675
0.59
0.53
0.55
0.65
0.65
0.695
0.63
0.635
0.525
0.5
0.515
0.505
0.425
0.455
0.415
0.39
0.415
0.325
0.37
0.385
0.325
0.36
0.38
0.32
0.39
0.405
0.43
0.505
0.535
0.565
0.525
0.48
0.405
0.49
0.44
0.535
0.455
0.44
0.435
0.42
0.395
0.49
0.45
0.395
0.415
0.405
0.46
0.385
0.34
0.325
0.405
0.32
0.3
0.31
0.265
0.285
0.29
0.275
0.245
0.29
0.41
0.38
0.365
0.32
0.415
0.415
0.425
0.415
0.41
0.405
0.495
0.475
0.455
0.48
0.57
0.56
0.62
0.575
0.6
0.495
0.535
0.55
0.535
0.565
0.59
0.495
0.495
0.47
0.535
0.625
0.64
0.58
0.47
0.43
0.475
0.435
0.445
0.4
0.24
0.27
0.27
0.255
0.31
0.31
0.29
0.225
0.225
0.305
0.24
0.21
0.175
0.07
0.025
0.01
0.03
0.04
-0.035
0.085
0.1
0
-0.105
-0.19
-0.265
-0.19
-0.175
-0.155
-0.14
-0.17
-0.13
-0.16
-0.185
-0.195
-0.3
-0.24
-0.27
-0.19
-0.19
-0.18
-0.21
-0.27
-0.22
-0.24
-0.245
-0.19
-0.235
-0.28
-0.225
-0.2
-0.28
-0.275
-0.27
-0.285
-0.305
-0.265
-0.275
-0.35
-0.305
-0.195
-0.215
-0.215
-0.275
-0.43
-0.385
-0.34
-0.3
-0.26
-0.28
-0.235
-0.23
-0.13
-0.135
-0.205
-0.17
-0.215
-0.14
-0.185
-0.165
-0.125
-0.195
-0.185
-0.215
-0.26
-0.26
-0.29
-0.325
-0.325
-0.33
-0.345
-0.275
-0.215
-0.23
-0.23
-0.335
-0.415
-0.43
-0.415
-0.565
-0.52
-0.505
-0.54
-0.515
-0.455
-0.4
-0.39
-0.375
-0.45
-0.41
-0.41
-0.425
-0.45
-0.38
-0.41
-0.465
-0.43
-0.495
-0.475
-0.505
-0.52
-0.61
-0.605
-0.575
-0.55
-0.465
-0.47
-0.53
-0.595
-0.625
-0.66
-0.66
-0.645
-0.615
-0.57
-0.585
-0.56
-0.57
-0.515
-0.475
-0.51
-0.415
-0.28
-0.315
-0.35
-0.325
-0.3
-0.215
-0.23
-0.19
-0.175
-0.23
-0.14
-0.03
0.035
0.03
0.055
0.235
0.225
0.285
0.17
0.2
0.225
0.29
0.31
0.22
0.135
0.265
0.225
0.24
0.315
0.285
0.15
0.175
0.17
0.205
0.27
0.24
0.235
0.25
0.27
0.295
0.3
0.365
0.335
0.26
0.4
0.405
0.525
0.63
0.68
0.63
0.61
0.64
0.705
0.705
0.685
0.595
0.53
0.6
0.56
0.565
0.55
0.495
0.45
0.395
0.445
0.41
0.35
0.4
0.48
0.495
0.555
0.61
0.655
0.61
0.47
0.415
0.36
0.41
0.46
0.495
0.5
0.51
0.535
0.565
0.515
0.52
0.45
0.5
0.505
0.49
0.5
0.51
0.495
0.505
0.505
0.61
0.69
0.65
0.635
0.575
0.62
0.59
0.615
0.655
0.64
0.64
0.72
0.67
0.67
0.575
0.585
0.635
0.625
0.69
0.71
0.73
0.765
0.82
0.755
0.72
0.76
0.825
0.845
0.875
0.89
0.825
0.81
0.85
0.83
0.815
0.845
0.87
0.86
0.9
0.91
0.855
0.825
0.755
0.66
0.73
0.625
0.595
0.61
0.595
0.565
0.55
0.51
0.435
0.445
0.515
0.545
0.48
0.45
0.41
0.44
0.31
0.32
0.315
0.155
0.195
0.19
0.245
0.265
0.35
0.46
0.47
0.505
0.48
0.495
0.53
0.435
0.45
0.37
0.375
0.39
0.365
0.455
0.4
0.39
0.405
0.395
0.405
0.465
0.37
0.335
0.4
0.345
0.38
0.495
0.465
0.445
0.45
0.53
0.565
0.555
0.535
0.51
0.545
0.51
0.53
0.525
0.515
0.465
0.505
0.63
0.6
0.6
0.6
0.565
0.615
0.6
0.62
0.65
0.665
0.72
0.745
0.74
0.74
0.78
0.83
0.815
0.805
0.71
0.73
0.775
0.755
0.74
0.7
0.725
0.745
0.8
0.73
0.745
0.775
0.805
0.825
0.745
0.695
0.665
0.675
0.675
0.62
0.64
0.675
0.72
0.62
0.65
0.635
0.625
0.59
0.545
0.555
0.61
0.585
0.59
0.555
0.47
0.525
0.495
0.525
0.475
0.5
0.605
0.585
0.58
0.625
0.555
0.555
0.48
0.48
0.47
0.435
0.45
0.415
0.385
0.41
0.445
0.455
0.59
0.59
0.68
0.63
0.63
0.65
0.68
0.68
0.595
0.57
0.47
0.43
0.505
0.52
0.495
0.5
0.49
0.49
0.515
0.535
0.53
0.58
0.67
0.65
0.655
0.565
0.58
0.615
0.715
0.725
0.755
0.79
0.87
0.87
0.865
0.835
0.83
0.875
0.88
0.845
0.79
0.715
0.76
0.76
0.805
0.815
0.855
0.78
0.74
0.775
0.685
0.73
0.76
0.735
0.78
0.82
0.795
0.84
0.79
0.75
0.77
0.77
0.72
0.745
0.82
0.76
0.7
0.735
0.775
0.78
0.78
0.72
0.7
0.625
0.555
0.605
0.55
0.64
0.6
0.54
0.495
0.36
0.325
0.33
0.43
0.425
0.53
0.455
0.37
0.305
0.315
0.3
0.37
0.355
0.435
0.34
0.405
0.39
0.505
0.525
0.545
0.555
0.585
0.51
0.54
0.525
0.48
0.505
0.485
0.465
0.37
0.46
0.455
0.395
0.34
0.375
0.42
0.395
0.34
0.4
0.4
0.375
0.395
0.355
0.34
0.385
0.445
0.4
0.375
0.365
0.36
0.345
0.345
0.38
0.375
0.32
0.295
0.245
0.305
0.295
0.28
0.24
0.34
0.4
0.39
0.36
0.445
0.45
0.39
0.405
0.425
0.355
0.31
0.34
0.36
0.36
0.405
0.335
0.315
0.315
0.305
0.335
0.36
0.345
0.34
0.395
0.415
0.385
0.38
0.41
0.465
0.525
0.575
0.495
0.445
0.395
0.325
0.35
0.335
0.35
0.315
0.285
0.32
0.3
0.32
0.35
0.41
0.37
0.305
0.395
0.395
0.42
0.45
0.48
0.51
0.5
0.5
0.435
0.425
0.48
0.45
0.51
0.525
0.51
0.485
0.545
0.545
0.48
0.455
0.525
0.555
0.625
0.56
0.605
0.59
0.535
0.62
0.64
0.625
0.505
0.535
0.505
0.565
0.645
0.61
0.62
0.6
0.555
0.51
0.48
0.5
0.49
0.465
0.4
0.22
0.145
0.16
0.105
0.08
0.13
0.135
0.1
0.09
0.15
0.255
0.11
0.115
0.035
0.115
0.155
0.155
0.13
0.115
0.045
0.095
0.045
0.07
-0.005
-0.005
0.055
0.07
0.075
0.02
0
-0.045
-0.045
-0.08
-0.03
0.09
0.08
0.105
0.19
0.265
0.195
0.165
0.105
0.205
0.255
0.315
0.33
0.33
0.315
0.455
0.55
0.515
0.575
0.535
0.5
0.58
0.64
0.64
0.65
0.655
0.625
0.665
0.685
0.72
0.68
0.69
0.71
0.725
0.69
0.675
0.705
0.745
0.705
0.715
0.655
0.645
0.625
0.61
0.6
0.69
0.68
0.645
0.6
0.615
0.615
0.6
0.66
0.625
0.7
0.745
0.655
0.685
0.735
0.715
0.645
0.645
0.71
0.72
0.795
0.795
0.785
0.74
0.75
0.775
0.75
0.775
0.775
0.725
0.765
0.8
0.73
0.765
0.76
0.715
0.78
0.78
0.805
0.81
0.76
0.74
0.765
0.71
0.595
0.545
0.505
0.525
0.455
0.42
0.35
0.34
0.43
0.455
0.45
0.47
0.455
0.485
0.55
0.59
0.675
0.705
0.695
0.67
0.66
0.64
0.635
0.665
0.595
0.59
0.61
0.625
0.615
0.57
0.635
0.615
0.715
0.76
0.76
0.815
0.81
0.77
0.81
0.83
0.855
0.855
0.845
0.865
0.87
0.875
0.89
0.865
0.87
0.91
0.835
0.91
0.88
0.765
0.785
0.775
0.77
0.79
0.75
0.685
0.72
0.675
0.71
0.745
0.715
0.71
0.705
0.645
0.69
0.7
0.7
0.775
0.82
0.805
0.845
0.815
0.82
0.78
0.84
0.795
0.7
0.67
0.675
0.65
0.59
0.55
0.58
0.61
0.63
0.655
0.565
0.6
0.62
0.64
0.675
0.69
0.685
0.7
0.635
0.62
0.58
0.575
0.54
0.53
0.545
0.56
0.565
0.615
0.58
0.71
0.7
0.68
0.645
0.635
0.66
0.55
0.59
0.58
0.605
0.56
0.535
0.46
0.44
0.42
0.45
0.45
0.41
0.39
0.43
0.455
0.425
0.44
0.5
0.595
0.545
0.49
0.575
0.55
0.565
0.56
0.505
0.51
0.53
0.64
0.655
0.545
0.535
0.54
0.445
0.47
0.57
0.59
0.68
0.695
0.65
0.685
0.715
0.62
0.645
0.595
0.615
0.64
0.63
0.625
0.6
0.585
0.59
0.615
0.64
0.64
0.665
0.61
0.645
0.68
0.705
0.625
0.56
0.515
0.59
0.515
0.49
0.53
0.495
0.46
0.41
0.375
0.315
0.29
0.315
0.315
0.27
0.12
0.19
0.115
0.09
0.105
0.08
0.095
0.13
0.145
0.115
0.075
0.075
0.125
0.2
0.165
0.215
0.21
0.25
0.215
0.255
0.27
0.31
0.345
0.305
0.33
0.245
0.3
0.33
0.32
0.34
0.21
0.175
0.17
0.21
0.23
0.28
0.28
0.235
0.22
0.325
0.27
0.27
0.18
0.165
0.155
0.195
0.175
0.165
0.13
0.115
0.13
0.17
0.155
0.17
0.18
0.1
0.095
0.095
0.115
0.12
0.205
0.21
0.145
0.195
0.155
0.105
0.09
0.14
0.13
0.325
0.365
0.285
0.27
0.24
0.23
0.18
0.18
0.15
0.22
0.21
0.28
0.34
0.405
0.445
0.55
0.535
0.51
0.525
0.54
0.535
0.63
0.64
0.76
0.715
0.685
0.64
0.635
0.615
0.635
0.63
0.62
0.595
0.6
0.57
0.61
0.64
0.645
0.6
0.605
0.57
0.635
0.555
0.62
0.61
0.61
0.68
0.65
0.63
0.685
0.705
0.77
0.8
0.76
0.74
0.7
0.76
0.725
0.73
0.715
0.71
0.7
0.785
0.745
0.805
0.87
0.805
0.775
0.82
0.835
0.87
0.815
0.805
0.83
0.785
0.775
0.81
0.79
0.765
0.76
0.8
0.82
0.735
0.76
0.76
0.75
0.795
0.815
0.78
0.78
0.775
0.74
0.77
0.7
0.64
0.71
0.68
0.725
0.7
0.675
0.67
0.735
0.655
0.68
0.685
0.685
0.635
0.625
0.585
0.57
0.59
0.505
0.54
0.545
0.55
0.575
0.55
0.52
0.605
0.675
0.705
0.66
0.71
0.625
0.64
0.555
0.53
0.64
0.675
0.73
0.695
0.66
0.575
0.47
0.575
0.61
0.655
0.6
0.61
0.64
0.64
0.62
0.635
0.565
0.54
0.58
0.52
0.435
0.49
0.53
0.52
0.44
0.475
0.44
0.435
0.51
0.545
0.495
0.445
0.495
0.46
0.435
0.43
0.44
0.415
0.435
0.435
0.45
0.465
0.52
0.5
0.45
0.39
0.395
0.39
0.385
0.385
0.37
0.34
0.335
0.38
0.45
0.44
0.46
0.46
0.53
0.47
0.47
0.495
0.49
0.455
0.44
0.45
0.425
0.44
0.535
0.53
0.5
0.55
0.555
0.485
0.495
0.485
0.515
0.49
0.48
0.53
0.63
0.645
0.66
0.63
0.63
0.61
0.565
0.64
0.7
0.67
0.715
0.73
0.705
0.59
0.55
0.625
0.725
0.71
0.675
0.685
0.695
0.715
0.71
0.615
0.625
0.715
0.655
0.67
0.59
0.57
0.56
0.49
0.575
0.55
0.595
0.555
0.61
0.61
0.655
0.625
0.625
0.71
0.675
0.725
0.705
0.655
0.695
0.66
0.645
0.59
0.56
0.58
0.47
0.445
0.45
0.445
0.435
0.49
0.47
0.5
0.545
0.53
0.53
0.57
0.62
0.59
0.585
0.635
0.64
0.615
0.63
0.61
0.595
0.615
0.605
0.62
0.555
0.59
0.61
0.625
0.595
0.59
0.56
0.545
0.465
0.505
0.535
0.485
0.535
0.49
0.61
0.595
0.62
0.665
0.65
0.55
0.495
0.455
0.53
0.585
0.555
0.515
0.47
0.38
0.345
0.35
0.345
0.375
0.355
0.285
0.375
0.37
0.455
0.475
0.45
0.385
0.335
0.395
0.36
0.345
0.375
0.445
0.36
0.3
0.24
0.335
0.32
0.415
0.47
0.48
0.435
0.42
0.45
0.46
0.56
0.475
0.485
0.51
0.515
0.44
0.445
0.29
0.3
0.29
0.375
0.35
0.315
0.36
0.38
0.445
0.475
0.525
0.5
0.53
0.565
0.425
0.46
0.5
0.46
0.45
0.485
0.475
0.45
0.41
0.465
0.54
0.565
0.6
0.62
0.625
0.585
0.6
0.58
0.545
0.515
0.47
0.465
0.45
0.455
0.45
0.405
0.335
0.43
0.45
0.505
0.46
0.4
0.455
0.505
0.515
0.615
0.68
0.71
0.715
0.73
0.71
0.655
0.66
0.63
0.635
0.655
0.685
0.71
0.705
0.7
0.715
0.755
0.755
0.825
0.83
0.81
0.755
0.73
0.69
0.655
0.66
0.595
0.595
0.595
0.59
0.56
0.56
0.53
0.53
0.53
0.505
0.605
0.62
0.6
0.55
0.515
0.5
0.615
0.58
0.585
0.585
0.63
0.565
0.615
0.68
0.65
0.655
0.615
0.62
0.42
0.365
0.35
0.28
0.255
0.28
0.175
0.22
0.235
0.295
0.28
0.315
0.365
0.37
0.435
0.46
0.51
0.55
0.555
0.655
0.62
0.67
0.69
0.695
0.695
0.675
0.69
0.66
0.67
0.69
0.66
0.65
0.65
0.605
0.715
0.7
0.7
0.645
0.705
0.72
0.695
0.73
0.735
0.68
0.615
0.535
0.375
0.29
0.19
0.27
0.3
0.205
0.32
0.37
0.375
0.43
0.38
0.4
0.455
0.48
0.405
0.415
0.45
0.51
0.53
0.495
0.49
0.565
0.54
0.58
0.55
0.515
0.575
0.605
0.545
0.535
0.565
0.57
0.575
0.61
0.595
0.58
0.59
0.545
0.58
0.565
0.59
0.515
0.455
0.42
0.445
0.455
0.45
0.46
0.535
0.445
0.45
0.455
0.405
0.35
0.5
0.5
0.465
0.495
0.51
0.57
0.555
0.57
0.56
0.595
0.555
0.495
0.5
0.535
0.505
0.47
0.535
0.53
0.565
0.54
0.61
0.67
0.655
0.595
0.545
0.485
0.445
0.47
0.52
0.525
0.495
0.44
0.385
0.35
0.44
0.56
0.595
0.62
0.63
0.61
0.595
0.615
0.605
0.675
0.665
0.655
0.71
0.77
0.77
0.705
0.7
0.735
0.74
0.705
0.625
0.655
0.665
0.685
0.69
0.675
0.61
0.67
0.625
0.615
0.58
0.605
0.61
0.545
0.56
0.515
0.485
0.555
0.55
0.59
0.55
0.445
0.41
0.285
0.23
0.205
0.205
0.185
0.12
0.05
0.095
0.18
0.205
0.14
0.115
0.135
0.03
0
0.05
0
0.015
0.01
0.05
0.09
0.125
0.16
0.21
0.17
0.195
0.17
0.12
0.065
-0.015
-0.16
-0.1
-0.125
-0.11
-0.18
-0.195
-0.175
-0.235
-0.23
-0.3
-0.23
-0.245
-0.23
-0.255
-0.255
-0.195
-0.105
-0.125
-0.185
-0.235
-0.285
-0.295
-0.355
-0.4
-0.33
-0.31
-0.345
-0.415
-0.31
-0.335
-0.4
-0.43
-0.455
-0.48
-0.515
-0.45
-0.505
-0.445
-0.405
-0.495
-0.485
-0.49
-0.505
-0.445
-0.38
-0.51
-0.565
-0.525
-0.57
-0.605
-0.63
-0.62
-0.625
-0.56
-0.54
-0.465
-0.45
-0.4
-0.34
-0.385
-0.425
-0.41
-0.43
-0.34
-0.39
-0.35
-0.455
-0.455
-0.45
-0.425
-0.415
-0.41
-0.36
-0.365
-0.38
-0.33
-0.465
-0.42
-0.31
-0.315
-0.29
-0.3
-0.26
-0.26
-0.26
-0.28
-0.285
-0.27
-0.27
-0.195
-0.165
-0.155
-0.14
-0.135
-0.22
-0.285
-0.255
-0.315
-0.345
-0.425
-0.395
-0.375
-0.34
-0.365
-0.405
-0.42
-0.395
-0.465
-0.35
-0.38
-0.33
-0.37
-0.375
-0.31
-0.305
-0.34
-0.37
-0.435
-0.45
-0.42
-0.455
-0.5
-0.52
-0.505
-0.525
-0.505
-0.505
-0.52
-0.435
-0.445
-0.41
-0.41
-0.405
-0.315
-0.41
-0.36
-0.39
-0.385
-0.355
-0.345
-0.3
-0.33
-0.325
-0.335
-0.345
-0.315
-0.25
-0.155
-0.12
-0.145
-0.14
-0.09
-0.18
-0.17
-0.215
-0.285
-0.3
-0.335
-0.425
-0.41
-0.37
-0.35
-0.37
-0.365
-0.39
-0.3
-0.25
-0.25
-0.295
-0.325
-0.405
-0.485
-0.54
-0.61
-0.585
-0.615
-0.555
-0.52
-0.53
-0.54
-0.565
-0.505
-0.58
-0.61
-0.61
-0.625
-0.66
-0.67
-0.655
-0.64
-0.66
-0.595
-0.665
-0.575
-0.56
-0.565
-0.625
-0.6
-0.57
-0.51
-0.515
-0.5
-0.485
-0.455
-0.455
-0.435
-0.445
-0.475
-0.475
-0.485
-0.41
-0.385
-0.33
-0.35
-0.34
-0.285
-0.215
-0.24
-0.185
-0.165
-0.27
-0.22
-0.29
-0.325
-0.28
-0.33
-0.395
-0.485
-0.35
-0.42
-0.37
-0.37
-0.3
-0.435
-0.33
-0.36
-0.28
-0.28
-0.335
-0.41
-0.405
-0.38
-0.385
-0.385
-0.405
-0.505
-0.425
-0.46
-0.535
-0.555
-0.645
-0.655
-0.615
-0.63
-0.66
-0.695
-0.79
-0.795
-0.825
-0.815
-0.735
-0.67
-0.675
-0.785
-0.8
-0.84
-0.715
-0.7
-0.7
-0.645
-0.74
-0.72
-0.745
-0.78
-0.79
-0.765
-0.78
-0.725
-0.73
-0.69
-0.655
-0.74
-0.8
-0.755
-0.685
-0.69
-0.66
-0.65
-0.685
-0.68
-0.715
-0.745
-0.74
-0.805
-0.845
-0.785
-0.85
-0.855
-0.795
-0.8
-0.725
-0.71
-0.71
-0.745
-0.79
-0.765
-0.78
-0.815
-0.735
-0.74
-0.755
-0.715
-0.705
-0.635
-0.655
-0.565
-0.515
-0.415
-0.395
-0.49
-0.49
-0.485
-0.545
-0.605
-0.58
-0.565
-0.53
-0.48
-0.595
-0.665
-0.695
-0.73
-0.68
-0.685
-0.77
-0.79
-0.805
-0.74
-0.73
-0.73
-0.75
-0.755
-0.78
-0.795
-0.725
-0.705
-0.715
-0.61
-0.55
-0.59
-0.555
-0.575
-0.555
-0.58
-0.63
-0.595
-0.57
-0.62
-0.59
-0.63
-0.66
-0.7
-0.67
-0.74
-0.775
-0.725
-0.725
-0.78
-0.745
-0.67
-0.695
-0.665
-0.69
-0.675
-0.655
-0.65
-0.625
-0.665
-0.7
-0.76
-0.715
-0.735
-0.75
-0.675
-0.615
-0.605
-0.71
-0.765
-0.695
-0.67
-0.615
-0.635
-0.71
-0.77
-0.74
-0.645
-0.61
-0.615
-0.605
-0.655
-0.625
-0.575
-0.55
-0.555
-0.505
-0.43
-0.385
-0.26
-0.335
-0.32
-0.39
-0.38
-0.44
-0.435
-0.32
-0.315
-0.405
-0.525
-0.54
-0.515
-0.51
-0.485
-0.55
-0.56
-0.585
-0.62
-0.635
-0.68
-0.61
-0.59
-0.51
-0.525
-0.66
-0.625
-0.64
-0.625
-0.605
-0.595
-0.6
-0.64
-0.625
-0.55
-0.55
-0.575
-0.555
-0.555
-0.585
-0.635
-0.67
-0.715
-0.62
-0.695
-0.7
-0.72
-0.805
-0.81
-0.79
-0.8
-0.81
-0.845
-0.79
-0.805
-0.74
-0.725
-0.78
-0.805
-0.82
-0.77
-0.715
-0.77
-0.755
-0.755
-0.745
-0.715
-0.645
-0.605
-0.585
-0.615
-0.68
-0.655
-0.675
-0.685
-0.76
-0.835
-0.795
-0.78
-0.755
-0.735
-0.71
-0.76
-0.775
-0.8
-0.82
-0.805
-0.75
-0.74
-0.695
-0.69
-0.675
-0.665
-0.685
-0.725
-0.745
-0.745
-0.725
-0.68
-0.71
-0.765
-0.69
-0.685
-0.71
-0.725
-0.705
-0.65
-0.685
-0.7
-0.67
-0.675
-0.585
-0.53
-0.55
-0.51
-0.54
-0.545
-0.565
-0.59
-0.595
-0.6
-0.645
-0.615
-0.635
-0.58
-0.62
-0.605
-0.66
-0.645
-0.615
-0.64
-0.595
-0.575
-0.59
-0.59
-0.52
-0.44
-0.45
-0.51
-0.515
-0.5
-0.49
-0.495
-0.48
-0.46
-0.475
-0.525
-0.56
-0.565
-0.555
-0.515
-0.6
-0.63
-0.62
-0.6
-0.575
-0.545
-0.535
-0.59
-0.61
-0.565
-0.62
-0.5
-0.49
-0.485
-0.49
-0.575
-0.5
-0.485
-0.415
-0.44
-0.465
-0.41
-0.37
-0.38
-0.36
-0.38
-0.28
-0.425
-0.485
-0.455
-0.4
-0.375
-0.485
-0.385
-0.37
-0.395
-0.365
-0.32
-0.295
-0.245
-0.21
-0.195
-0.25
-0.185
-0.235
-0.27
-0.315
-0.295
-0.295
-0.295
-0.29
-0.25
-0.25
-0.175
-0.135
-0.125
-0.085
-0.05
-0.045
0.035
0.14
0.255
0.175
0.16
0.105
0.05
0.07
0.1
0.085
-0.02
-0.015
-0.005
0.03
0.01
0.13
0.065
0.085
0.05
-0.055
-0.095
-0.095
-0.13
-0.045
-0.11
-0.18
-0.23
-0.265
-0.245
-0.29
-0.34
-0.385
-0.305
-0.31
-0.355
-0.39
-0.39
-0.45
-0.47
-0.47
-0.495
-0.46
-0.45
-0.42
-0.405
-0.35
-0.39
-0.365
-0.43
-0.37
-0.32
-0.39
-0.36
-0.34
-0.265
-0.35
-0.405
-0.395
-0.445
-0.43
-0.36
-0.375
-0.375
-0.315
-0.285
-0.25
-0.28
-0.34
-0.425
-0.53
-0.49
-0.47
-0.5
-0.515
-0.525
-0.595
-0.575
-0.59
-0.64
-0.62
-0.66
-0.61
-0.55
-0.59
-0.625
-0.595
-0.565
-0.545
-0.54
-0.56
-0.51
-0.42
-0.5
-0.57
-0.535
-0.625
-0.65
-0.69
-0.7
-0.675
-0.65
-0.61
-0.68
-0.66
-0.66
-0.635
-0.66
-0.73
-0.7
-0.695
-0.655
-0.635
-0.69
-0.71
-0.655
-0.79
-0.795
-0.775
-0.755
-0.725
-0.67
-0.7
-0.65
-0.67
-0.685
-0.66
-0.685
-0.665
-0.68
-0.715
-0.745
-0.695
-0.665
-0.665
-0.72
-0.715
-0.715
-0.715
-0.7
-0.675
-0.71
-0.795
-0.775
-0.8
-0.8
-0.79
-0.78
-0.69
-0.745
-0.785
-0.8
-0.8
-0.745
-0.68
-0.72
-0.71
-0.715
-0.72
-0.7
-0.755
-0.765
-0.68
-0.58
-0.505
-0.54
-0.605
-0.57
-0.51
-0.56
-0.575
-0.5
-0.52
-0.54
-0.45
-0.54
-0.53
-0.655
-0.645
-0.695
-0.635
-0.65
-0.67
-0.6
-0.685
-0.7
-0.69
-0.735
-0.765
-0.725
-0.715
-0.68
-0.705
-0.78
-0.785
-0.76
-0.74
-0.735
-0.715
-0.69
-0.685
-0.71
-0.765
-0.78
-0.725
-0.76
-0.78
-0.825
-0.83
-0.775
-0.785
-0.69
-0.735
-0.72
-0.7
-0.74
-0.665
-0.665
-0.68
-0.65
-0.59
-0.61
-0.66
-0.63
-0.525
-0.505
-0.53
-0.56
-0.585
-0.69
-0.765
-0.77
-0.745
-0.76
-0.77
-0.74
-0.75
-0.76
-0.75
-0.76
-0.745
-0.72
-0.66
-0.615
-0.575
-0.56
-0.555
-0.555
-0.525
-0.49
-0.53
-0.475
-0.445
-0.47
-0.49
-0.43
-0.395
-0.325
-0.35
-0.34
-0.275
-0.215
-0.275
-0.255
-0.29
-0.255
-0.29
-0.36
-0.36
-0.35
-0.385
-0.435
-0.38
-0.41
-0.475
-0.375
-0.425
-0.45
-0.46
-0.515
-0.52
-0.585
-0.585
-0.555
-0.54
-0.505
-0.555
-0.55
-0.565
-0.52
-0.6
-0.57
-0.565
-0.55
-0.505
-0.495
-0.515
-0.51
-0.535
-0.51
-0.47
-0.45
-0.405
-0.4
-0.395
-0.445
-0.46
-0.495
-0.49
-0.46
-0.415
-0.37
-0.385
-0.435
-0.46
-0.455
-0.39
-0.495
-0.445
-0.44
-0.44
-0.49
-0.435
-0.4
-0.4
-0.39
-0.39
-0.395
-0.28
-0.195
-0.235
-0.14
-0.155
-0.145
-0.125
-0.1
-0.195
-0.155
-0.11
-0.14
-0.09
-0.155
-0.07
-0.085
-0.115
-0.24
-0.195
-0.105
-0.105
-0.055
-0.055
-0.04
-0.07
-0.095
-0.105
-0.01
-0.015
0.095
0.09
0.165
0.175
0.175
0.205
0.235
0.305
0.37
0.375
0.445
0.4
0.395
0.445
0.455
0.53
0.55
0.58
0.665
0.705
0.68
0.65
0.64
0.625
0.555
0.575
0.625
0.66
0.735
0.66
0.67
0.73
0.68
0.695
0.665
0.625
0.605
0.615
0.635
0.6
0.645
0.64
0.645
0.695
0.735
0.74
0.69
0.6
0.58
0.575
0.675
0.715
0.715
0.695
0.695
0.695
0.77
0.77
0.78
0.83
0.85
0.88
0.885
0.855
0.81
0.795
0.8
0.815
0.79
0.77
0.785
0.715
0.69
0.7
0.74
0.77
0.785
0.69
0.64
0.55
0.665
0.655
0.67
0.725
0.745
0.785
0.75
0.835
0.805
0.82
0.85
0.83
0.86
0.875
0.885
0.86
0.75
0.82
0.855
0.855
0.825
0.775
0.775
0.815
0.725
0.675
0.695
0.72
0.7
0.645
0.565
0.65
0.58
0.545
0.595
0.595
0.605
0.575
0.625
0.63
0.66
0.625
0.685
0.62
0.555
0.585
0.585
0.55
0.55
0.485
0.38
0.34
0.25
0.15
0.12
0.16
0.195
0.08
0.15
0.16
0.2
0.215
0.205
0.17
0.125
0.125
0.13
0.13
0.175
0.12
0.065
0.04
-0.025
0.03
0.03
0.085
0.035
0.03
0.035
0.035
-0.07
-0.085
-0.13
-0.125
-0.13
-0.06
-0.08
0
-0.02
-0.005
-0.025
0.01
0.045
0.095
0.075
0.045
0.05
0.11
0.05
0.095
0.055
-0.055
-0.055
-0.005
0.01
-0.03
-0.02
-0.115
-0.045
0.045
0.06
0.035
0.005
0.01
-0.03
0.005
0.06
0.045
-0.02
0.065
0.07
0.145
0.215
0.15
0.275
0.275
0.26
0.23
0.31
0.26
0.19
0.06
0.095
0.05
0.015
-0.05
-0.085
-0.065
-0.06
-0.03
-0.075
-0.015
-0.035
-0.025
-0.03
0.025
-0.085
-0.15
-0.12
-0.105
-0.04
-0.13
-0.17
-0.14
-0.14
-0.15
-0.07
-0.18
-0.165
-0.09
-0.07
-0.16
-0.11
-0.125
-0.08
-0.035
-0.015
0.02
0.085
0.095
0.15
0.18
0.145
0.19
0.195
0.155
0.14
0.145
0.13
0.115
0.11
0.03
0.03
0
-0.04
-0.085
-0.065
-0.07
0.015
0.005
-0.02
0.025
-0.005
-0.035
-0.09
-0.04
0.06
0.075
0.15
0.21
0.105
0.225
0.245
0.21
0.23
0.16
0.21
0.26
0.245
0.345
0.35
0.305
0.3
0.285
0.265
0.315
0.325
0.325
0.33
0.365
0.435
0.325
0.355
0.455
0.47
0.535
0.535
0.575
0.57
0.555
0.54
0.54
0.495
0.53
0.525
0.605
0.555
0.595
0.595
0.64
0.565
0.605
0.6
0.635
0.545
0.555
0.555
0.64
0.605
0.61
0.655
0.625
0.69
0.78
0.77
0.82
0.8
0.79
0.79
0.845
0.85
0.81
0.845
0.835
0.81
0.78
0.805
0.78
0.715
0.66
0.66
0.555
0.52
0.51
0.545
0.585
0.665
0.64
0.68
0.725
0.73
0.675
0.615
0.705
0.72
0.6
0.63
0.61
0.605
0.53
0.53
0.54
0.56
0.55
0.46
0.52
0.545
0.55
0.53
0.54
0.59
0.575
0.525
0.555
0.53
0.495
0.47
0.4
0.33
0.31
0.375
0.36
0.45
0.475
0.425
0.35
0.235
0.23
0.18
0.22
0.22
0.195
0.19
0.14
0.09
0.15
0.19
0.16
0.13
0.195
0.275
0.29
0.26
0.21
0.095
0.035
0.055
0.07
0.025
0.095
-0.01
-0.055
-0.025
-0.08
-0.115
-0.19
-0.065
-0.095
-0.185
-0.055
-0.1
-0.07
-0.06
-0.035
-0.21
-0.275
-0.3
-0.27
-0.21
-0.135
-0.155
-0.125
-0.13
-0.055
-0.055
-0.075
0.025
0.115
0.05
0.1
0.08
0.22
0.205
0.235
0.115
0.16
0.14
0.155
0.13
0.125
0.175
0.17
0.065
0.14
0.16
0.19
0.23
0.33
0.39
0.275
0.255
0.245
0.25
0.21
0.155
0.165
0.185
0.16
0.105
0.1
0.03
0.055
0.06
0.085
0.04
0.025
-0.005
0.035
-0.02
-0.045
-0.08
-0.19
-0.235
-0.25
-0.36
-0.405
-0.445
-0.43
-0.55
-0.55
-0.605
-0.595
-0.59
-0.63
-0.59
-0.6
-0.585
-0.675
-0.64
-0.585
-0.675
-0.53
-0.49
-0.52
-0.54
-0.625
-0.585
-0.61
-0.515
-0.52
-0.51
-0.495
-0.485
-0.53
-0.52
-0.53
-0.54
-0.53
-0.47
-0.46
-0.455
-0.535
-0.59
-0.55
-0.45
-0.545
-0.555
-0.485
-0.435
-0.46
-0.475
-0.47
-0.525
-0.575
-0.61
-0.585
-0.69
-0.765
-0.85
-0.865
-0.82
-0.84
-0.815
-0.81
-0.72
-0.74
-0.785
-0.85
-0.845
-0.795
-0.795
-0.83
-0.87
-0.85
-0.875
-0.835
-0.82
-0.79
-0.755
-0.75
-0.725
-0.79
-0.805
-0.775
-0.77
-0.785
-0.76
-0.715
-0.71
-0.635
-0.635
-0.615
-0.6
-0.58
-0.58
-0.655
-0.63
-0.59
-0.665
-0.69
-0.735
-0.82
-0.78
-0.75
-0.785
-0.8
-0.76
-0.755
-0.75
-0.705
-0.68
-0.65
-0.615
-0.615
-0.67
-0.73
-0.71
-0.56
-0.6
-0.665
-0.655
-0.655
-0.62
-0.565
-0.62
-0.655
-0.655
-0.68
-0.7
-0.745
-0.77
-0.765
-0.72
-0.785
-0.785
-0.76
-0.68
-0.74
-0.735
-0.66
-0.58
-0.565
-0.575
-0.61
-0.575
-0.54
-0.49
-0.515
-0.54
-0.445
-0.5
-0.465
-0.5
-0.495
-0.49
-0.52
-0.54
-0.54
-0.565
-0.485
-0.445
-0.415
-0.435
-0.5
-0.535
-0.555
-0.505
-0.46
-0.42
-0.405
-0.5
-0.5
-0.49
-0.51
-0.665
-0.655
-0.625
-0.615
-0.63
-0.595
-0.66
-0.6
-0.575
-0.565
-0.485
-0.465
-0.52
-0.53
-0.515
-0.535
-0.54
-0.51
-0.47
-0.56
-0.48
-0.36
-0.31
-0.34
-0.325
-0.35
-0.365
-0.34
-0.305
-0.345
-0.365
-0.49
-0.505
-0.42
-0.435
-0.405
-0.405
-0.455
-0.51
-0.47
-0.485
-0.615
-0.675
-0.64
-0.69
-0.675
-0.61
-0.61
-0.555
-0.505
-0.38
-0.37
-0.42
-0.395
-0.41
-0.505
-0.605
-0.58
-0.56
-0.53
-0.62
-0.645
-0.655
-0.635
-0.61
-0.605
-0.535
-0.555
-0.52
-0.435
-0.455
-0.545
-0.53
-0.485
-0.475
-0.52
-0.505
-0.5
-0.615
-0.6
-0.595
-0.54
-0.585
-0.635
-0.63
-0.565
-0.62
-0.615
-0.625
-0.665
-0.655
-0.745
-0.73
-0.77
-0.685
-0.8
-0.815
-0.79
-0.78
-0.795
-0.735
-0.785
-0.68
-0.62
-0.64
-0.66
-0.615
-0.71
-0.735
-0.78
-0.775
-0.715
-0.7
-0.645
-0.645
-0.59
-0.495
-0.545
-0.525
-0.595
-0.605
-0.635
-0.645
-0.635
-0.77
-0.76
-0.745
-0.71
-0.725
-0.68
-0.67
-0.775
-0.805
-0.875
-0.85
-0.845
-0.82
-0.76
-0.775
-0.855
-0.81
-0.785
-0.77
-0.72
-0.655
-0.695
-0.73
-0.775
-0.755
-0.795
-0.825
-0.825
-0.845
-0.87
-0.855
-0.8
-0.79
-0.81
-0.765
-0.735
-0.755
-0.785
-0.73
-0.67
-0.655
-0.725
-0.67
-0.55
-0.62
-0.61
-0.585
-0.6
-0.595
-0.59
-0.555
-0.59
-0.505
-0.58
-0.565
-0.555
-0.585
-0.55
-0.6
-0.6
-0.6
-0.66
-0.61
-0.615
-0.605
-0.58
-0.6
-0.58
-0.65
-0.555
-0.59
-0.54
-0.555
-0.56
-0.585
-0.59
-0.575
-0.61
-0.6
-0.52
-0.5
-0.485
-0.545
-0.585
-0.555
-0.54
-0.565
-0.56
-0.545
-0.645
-0.705
-0.62
-0.605
-0.575
-0.685
-0.65
-0.55
-0.555
-0.6
-0.625
-0.645
-0.69
-0.66
-0.69
-0.64
-0.635
-0.59
-0.575
-0.54
-0.505
-0.53
-0.59
-0.595
-0.685
-0.72
-0.725
-0.755
-0.785
-0.775
-0.73
-0.74
-0.77
-0.79
-0.765
-0.795
-0.785
-0.785
-0.88
-0.89
-0.91
-0.855
-0.835
-0.85
-0.83
-0.835
-0.865
-0.84
-0.84
-0.905
-0.925
-0.905
-0.88
-0.88
-0.795
-0.795
-0.775
-0.835
-0.845
-0.855
-0.845
-0.795
-0.85
-0.8
-0.735
-0.69
-0.695
-0.7
-0.715
-0.755
-0.715
-0.725
-0.685
-0.68
-0.62
-0.6
-0.615
-0.6
-0.605
-0.645
-0.66
-0.615
-0.605
-0.64
-0.555
-0.535
-0.55
-0.44
-0.325
-0.235
-0.16
-0.105
-0.025
-0.1
-0.055
-0.045
-0.075
-0.11
-0.065
-0.03
0.015
0.02
0.02
-0.035
-0.065
-0.01
0.07
0.005
0.045
0.14
0.2
0.15
0.275
0.24
0.32
0.26
0.26
0.365
0.33
0.335
0.41
0.49
0.45
0.455
0.49
0.485
0.445
0.52
0.525
0.56
0.555
0.53
0.505
0.43
0.46
0.43
0.42
0.41
0.43
0.435
0.45
0.49
0.45
0.425
0.415
0.405
0.455
0.525
0.53
0.57
0.63
0.595
0.6
0.61
0.595
0.65
0.69
0.55
0.565
0.615
0.58
0.605
0.675
0.705
0.79
0.775
0.745
0.745
0.74
0.805
0.755
0.7
0.705
0.715
0.72
0.74
0.755
0.775
0.805
0.815
0.745
0.715
0.755
0.725
0.655
0.605
0.54
0.575
0.61
0.585
0.695
0.66
0.675
0.68
0.635
0.61
0.53
0.59
0.615
0.745
0.765
0.845
0.815
0.815
0.825
0.84
0.895
0.8
0.82
0.875
0.905
0.89
0.88
0.845
0.87
0.815
0.805
0.755
0.725
0.715
0.735
0.66
0.62
0.64
0.62
0.61
0.68
0.59
0.605
0.59
0.565
0.655
0.67
0.73
0.76
0.73
0.695
0.63
0.615
0.63
0.59
0.56
0.53
0.5
0.5
0.56
0.555
0.615
0.585
0.62
0.63
0.56
0.525
0.51
0.53
0.525
0.505
0.445
0.46
0.4
0.35
0.355
0.225
0.215
0.22
0.3
0.25
0.19
0.2
0.19
0.21
0.16
0.13
0.07
0.14
0.1
0
0.03
0.055
0.04
-0.01
0.015
0.12
0.11
0.1
0.075
0.13
0.145
0.17
0.21
0.3
0.29
0.33
0.31
0.36
0.35
0.25
0.215
0.175
0.205
0.195
0.135
0.07
0.06
0.14
0.23
0.235
0.305
0.295
0.255
0.29
0.34
0.425
0.445
0.445
0.53
0.635
0.585
0.64
0.725
0.65
0.625
0.64
0.585
0.64
0.72
0.75
0.71
0.705
0.74
0.73
0.725
0.745
0.765
0.735
0.7
0.8
0.695
0.835
0.835
0.82
0.78
0.775
0.84
0.905
0.93
0.83
0.84
0.82
0.86
0.89
0.855
0.855
0.815
0.84
0.79
0.785
0.795
0.785
0.81
0.785
0.735
0.725
0.735
0.71
0.66
0.62
0.61
0.605
0.53
0.605
0.58
0.565
0.605
0.57
0.645
0.6
0.67
0.7
0.74
0.78
0.79
0.745
0.7
0.68
0.63
0.675
0.615
0.67
0.6
0.635
0.52
0.505
0.5
0.465
0.335
0.325
0.34
0.405
0.405
0.395
0.53
0.505
0.49
0.49
0.52
0.475
0.46
0.49
0.53
0.52
0.495
0.44
0.51
0.475
0.425
0.425
0.325
0.265
0.285
0.35
0.43
0.43
0.485
0.415
0.445
0.425
0.46
0.51
0.505
0.455
0.49
0.49
0.415
0.495
0.52
0.605
0.645
0.72
0.665
0.585
0.55
0.565
0.55
0.555
0.565
0.62
0.685
0.65
0.59
0.605
0.59
0.495
0.41
0.435
0.425
0.43
0.49
0.55
0.57
0.535
0.555
0.45
0.39
0.42
0.365
0.265
0.21
0.21
0.23
0.25
0.25
0.39
0.51
0.54
0.515
0.55
0.535
0.57
0.515
0.475
0.51
0.555
0.485
0.565
0.535
0.445
0.47
0.47
0.475
0.44
0.45
0.515
0.47
0.445
0.35
0.425
0.475
0.435
0.38
0.34
0.28
0.315
0.39
0.39
0.455
0.515
0.48
0.47
0.425
0.47
0.435
0.475
0.56
0.56
0.605
0.595
0.665
0.57
0.59
0.575
0.56
0.58
0.575
0.575
0.6
0.695
0.705
0.62
0.615
0.55
0.545
0.565
0.58
0.6
0.675
0.595
0.625
0.665
0.73
0.69
0.7
0.725
0.705
0.695
0.67
0.645
0.655
0.695
0.745
0.725
0.725
0.655
0.66
0.625
0.565
0.57
0.59
0.545
0.455
0.44
0.485
0.5
0.46
0.495
0.425
0.45
0.475
0.495
0.515
0.58
0.605
0.625
0.595
0.575
0.575
0.575
0.52
0.47
0.4
0.345
0.44
0.425
0.33
0.485
0.43
0.45
0.525
0.39
0.43
0.395
0.37
0.4
0.38
0.425
0.455
0.35
0.33
0.27
0.295
0.325
0.345
0.33
0.245
0.25
0.13
0.18
0.125
0.085
0.095
0.075
0.105
0.09
0.085
0.08
0.075
0.09
0.11
0.19
0.22
0.3
0.305
0.27
0.265
0.305
0.225
0.285
0.285
0.345
0.335
0.315
0.37
0.36
0.39
0.35
0.35
0.46
0.47
0.545
0.54
0.56
0.535
0.53
0.525
0.545
0.55
0.53
0.575
0.54
0.53
0.55
0.5
0.545
0.59
0.57
0.61
0.635
0.69
0.65
0.715
0.68
0.61
0.6
0.54
0.45
0.445
0.4
0.395
0.43
0.495
0.56
0.53
0.46
0.5
0.545
0.565
0.57
0.59
0.57
0.575
0.485
0.53
0.5
0.515
0.53
0.5
0.565
0.58
0.47
0.455
0.43
0.465
0.51
0.485
0.525
0.5
0.58
0.585
0.63
0.64
0.665
0.635
0.625
0.665
0.685
0.705
0.685
0.65
0.655
0.65
0.725
0.7
0.71
0.68
0.7
0.72
0.765
0.795
0.75
0.745
0.725
0.75
0.67
0.605
0.615
0.68
0.635
0.595
0.675
0.565
0.615
0.635
0.63
0.74
0.785
0.815
0.82
0.805
0.815
0.86
0.855
0.83
0.79
0.815
0.81
0.75
0.73
0.68
0.69
0.68
0.71
0.675
0.645
0.605
0.57
0.555
0.57
0.595
0.495
0.44
0.495
0.405
0.545
0.585
0.565
0.545
0.52
0.525
0.5
0.465
0.42
0.335
0.385
0.28
0.29
0.315
0.37
0.395
0.505
0.515
0.5
0.425
0.46
0.39
0.475
0.445
0.45
0.47
0.545
0.61
0.585
0.565
0.715
0.63
0.61
0.635
0.6
0.6
0.575
0.58
0.6
0.605
0.67
0.595
0.655
0.72
0.69
0.715
0.785
0.765
0.805
0.81
0.765
0.725
0.695
0.65
0.685
0.68
0.62
0.51
0.52
0.485
0.56
0.575
0.545
0.515
0.535
0.535
0.46
0.44
0.365
0.335
0.32
0.385
0.305
0.3
0.31
0.295
0.255
0.24
0.215
0.26
0.225
0.285
0.24
0.12
0.085
0.1
0.115
0.08
0.16
0.11
0.07
0.15
0.14
0.075
0.035
0.1
0.035
0.055
0.05
0.1
-0.035
-0.025
-0.005
-0.03
-0.005
0.015
0.04
0.12
0.095
-0.005
-0.03
-0.08
-0.085
-0.055
0.03
0.115
0.135
0.055
0.075
-0.025
0.115
0.115
0.07
0.135
0.115
0.035
0
-0.02
-0.04
-0.09
-0.185
-0.17
-0.15
-0.135
-0.08
-0.08
-0.065
-0.055
-0.08
0
0.01
0.055
0.115
0.225
0.285
0.215
0.27
0.295
0.245
0.225
0.225
0.16
0.18
0.08
0.07
0.135
0.135
0.14
0.14
0.08
0.09
0.025
0.1
0.17
0.09
0.04
0.05
0.135
0.195
0.3
0.345
0.3
0.36
0.4
0.29
0.255
0.26
0.29
0.355
0.325
0.27
0.29
0.26
0.3
0.305
0.26
0.19
0.27
0.27
0.27
0.175
0.135
0.105
0.095
0.155
0.16
0.12
0.08
0.125
0.195
0.32
0.35
0.365
0.27
0.215
0.285
0.365
0.345
0.295
0.36
0.28
0.385
0.45
0.415
0.365
0.32
0.32
0.265
0.29
0.24
0.265
0.24
0.21
0.23
0.205
0.265
0.355
0.42
0.355
0.275
0.22
0.185
0.085
0.145
0.22
0.16
0.17
0.235
0.235
0.265
0.21
0.085
0.1
0.145
0.145
0.13
0.13
0.135
0.085
0.02
-0.1
-0.085
-0.145
-0.14
-0.125
-0.215
-0.2
-0.335
-0.355
-0.31
-0.31
-0.305
-0.23
-0.16
-0.14
-0.07
0.03
0.055
0.01
0.025
-0.035
-0.135
-0.215
-0.265
-0.295
-0.35
-0.245
-0.195
-0.21
-0.24
-0.075
-0.03
-0.04
0.04
0
-0.015
-0.065
-0.085
-0.08
-0.11
-0.16
-0.22
-0.215
-0.245
-0.175
-0.23
-0.295
-0.4
-0.46
-0.45
-0.5
-0.43
-0.435
-0.47
-0.46
-0.34
-0.315
-0.2
-0.18
-0.215
-0.225
-0.255
-0.25
-0.315
-0.33
-0.355
-0.41
-0.435
-0.505
-0.6
-0.6
-0.63
-0.625
-0.58
-0.615
-0.595
-0.58
-0.57
-0.55
-0.545
-0.6
-0.625
-0.675
-0.605
-0.47
-0.455
-0.44
-0.29
-0.215
-0.26
-0.315
-0.255
-0.225
-0.22
-0.28
-0.335
-0.275
-0.415
-0.31
-0.38
-0.365
-0.465
-0.4
-0.42
-0.365
-0.41
-0.41
-0.41
-0.405
-0.365
-0.35
-0.335
-0.37
-0.315
-0.23
-0.255
-0.155
-0.1
-0.135
-0.155
-0.09
-0.055
0.055
-0.035
-0.015
0.055
0.05
0.095
0.08
-0.005
0.025
-0.055
-0.07
-0.05
-0.105
-0.03
0.045
0.06
0.125
0.09
0.085
0.04
0
-0.03
-0.005
0
0.07
0.04
-0.01
0.04
-0.01
-0.05
0.005
-0.07
-0.13
-0.2
-0.205
-0.19
-0.17
-0.24
-0.15
-0.19
-0.185
-0.23
-0.2
-0.205
-0.165
-0.24
-0.23
-0.185
-0.12
-0.12
-0.115
-0.18
-0.165
-0.1
-0.075
-0.08
-0.075
-0.075
-0.13
-0.07
-0.01
-0.115
-0.16
-0.13
-0.09
-0.145
-0.11
-0.05
-0.09
-0.1
-0.025
-0.14
-0.145
-0.205
-0.19
-0.205
-0.17
-0.145
-0.255
-0.31
-0.355
-0.325
-0.28
-0.26
-0.19
-0.205
-0.255
-0.38
-0.32
-0.355
-0.41
-0.35
-0.405
-0.415
-0.43
-0.44
-0.445
-0.505
-0.49
-0.385
-0.335
-0.35
-0.275
-0.25
-0.21
-0.15
-0.265
-0.27
-0.225
-0.215
-0.2
-0.235
-0.285
-0.32
-0.205
-0.165
-0.13
0.025
-0.02
-0.01
-0.02
0.03
-0.065
-0.11
-0.11
-0.1
-0.2
-0.165
-0.16
-0.15
-0.105
-0.175
-0.2
-0.115
-0.175
-0.205
-0.27
-0.14
-0.11
-0.065
-0.04
-0.015
0.005
-0.06
-0.05
0
0.065
0.07
0.11
0.11
0.135
0.07
0.055
0.085
0.115
0.14
0.205
0.235
0.2
0.2
0.245
0.28
0.285
0.255
0.18
0.225
0.105
0.075
0.16
0.265
0.21
0.2
0.11
0.195
0.12
0.185
0.18
0.17
0.085
0.08
-0.035
-0.1
-0.12
-0.085
-0.12
-0.14
-0.21
-0.24
-0.32
-0.265
-0.285
-0.25
-0.36
-0.305
-0.295
-0.285
-0.345
-0.365
-0.285
-0.31
-0.25
-0.145
-0.12
-0.08
-0.14
-0.245
-0.265
-0.31
-0.34
-0.3
-0.435
-0.46
-0.505
-0.545
-0.57
-0.62
-0.665
-0.71
-0.745
-0.69
-0.73
-0.685
-0.625
-0.67
-0.655
-0.6
-0.495
-0.51
-0.535
-0.53
-0.47
-0.485
-0.495
-0.44
-0.465
-0.515
-0.45
-0.51
-0.51
-0.565
-0.505
-0.5
-0.525
-0.555
-0.6
-0.58
-0.6
-0.55
-0.465
-0.485
-0.47
-0.48
-0.445
-0.56
-0.62
-0.555
-0.59
-0.625
-0.565
-0.57
-0.57
-0.56
-0.495
-0.48
-0.47
-0.55
-0.56
-0.565
-0.485
-0.58
-0.645
-0.555
-0.575
-0.56
-0.575
-0.525
-0.545
-0.62
-0.625
-0.57
-0.56
-0.61
-0.63
-0.67
-0.61
-0.66
-0.67
-0.725
-0.695
-0.79
-0.76
-0.67
-0.565
-0.61
-0.6
-0.705
-0.8
-0.78
-0.855
-0.875
-0.88
-0.835
-0.785
-0.875
-0.8
-0.815
-0.765
-0.73
-0.775
-0.81
-0.755
-0.8
-0.73
-0.665
-0.71
-0.735
-0.795
-0.77
-0.815
-0.755
-0.77
-0.815
-0.785
-0.73
-0.735
-0.75
-0.68
-0.73
-0.705
-0.695
-0.68
-0.65
-0.75
-0.81
-0.76
-0.8
-0.79
-0.74
-0.735
-0.795
-0.835
-0.815
-0.82
-0.8
-0.75
-0.72
-0.74
-0.725
-0.78
-0.715
-0.67
-0.78
-0.74
-0.78
-0.8
-0.73
-0.71
-0.745
-0.72
-0.685
-0.645
-0.645
-0.635
-0.665
-0.74
-0.76
-0.8
-0.795
-0.77
-0.81
-0.8
-0.79
-0.765
-0.755
-0.74
-0.785
-0.78
-0.755
-0.735
-0.765
-0.78
-0.73
-0.73
-0.725
-0.635
-0.64
-0.675
-0.62
-0.58
-0.56
-0.55
-0.615
-0.555
-0.57
-0.585
-0.625
-0.585
-0.575
-0.575
-0.565
-0.62
-0.62
-0.62
-0.66
-0.575
-0.66
-0.685
-0.665
-0.685
-0.705
-0.71
-0.695
-0.7
-0.69
-0.665
-0.655
-0.585
-0.68
-0.605
-0.53
-0.485
-0.515
-0.48
-0.535
-0.51
-0.505
-0.54
-0.635
-0.515
-0.6
-0.59
-0.595
-0.59
-0.595
-0.6
-0.575
-0.56
-0.625
-0.595
-0.56
-0.665
-0.705
-0.73
-0.65
-0.655
-0.555
-0.54
-0.66
-0.595
-0.625
-0.595
-0.615
-0.605
-0.61
-0.625
-0.67
-0.715
-0.705
-0.67
-0.765
-0.825
-0.79
-0.755
-0.81
-0.785
-0.755
-0.76
-0.715
-0.7
-0.67
-0.665
-0.74
-0.74
-0.735
-0.74
-0.795
-0.805
-0.81
-0.795
-0.795
-0.775
-0.805
-0.81
-0.78
-0.76
-0.79
-0.835
-0.85
-0.815
-0.755
-0.74
-0.65
-0.645
-0.64
-0.655
-0.61
-0.55
-0.66
-0.65
-0.655
-0.67
-0.68
-0.63
-0.665
-0.695
-0.705
-0.725
-0.735
-0.78
-0.8
-0.775
-0.755
-0.745
-0.655
-0.55
-0.48
-0.56
-0.49
-0.51
-0.54
-0.62
-0.6
-0.54
-0.635
-0.705
-0.615
-0.665
-0.655
-0.62
-0.555
-0.605
-0.605
-0.705
-0.68
-0.695
-0.7
-0.73
-0.685
-0.65
-0.585
-0.575
-0.635
-0.6
-0.585
-0.51
-0.465
-0.535
-0.595
-0.605
-0.53
-0.59
-0.56
-0.555
-0.615
-0.57
-0.605
-0.605
-0.7
-0.635
-0.66
-0.65
-0.655
-0.7
-0.675
-0.73
-0.75
-0.74
-0.765
-0.755
-0.805
-0.8
-0.79
-0.78
-0.775
-0.795
-0.805
-0.775
-0.755
-0.77
-0.78
-0.82
-0.715
-0.69
-0.66
-0.71
-0.705
-0.665
-0.64
-0.675
-0.715
-0.735
-0.755
-0.75
-0.735
-0.705
-0.81
-0.8
-0.805
-0.835
-0.83
-0.815
-0.805
-0.855
-0.85
-0.855
-0.72
-0.65
-0.6
-0.53
-0.655
-0.745
-0.675
-0.655
-0.575
-0.515
-0.565
-0.495
-0.57
-0.59
-0.61
-0.665
-0.625
-0.55
-0.575
-0.615
-0.64
-0.645
-0.63
-0.625
-0.565
-0.54
-0.625
-0.485
-0.48
-0.57
-0.605
-0.63
-0.64
-0.665
-0.695
-0.675
-0.625
-0.585
-0.515
-0.51
-0.495
-0.555
-0.555
-0.58
-0.455
-0.48
-0.54
-0.59
-0.62
-0.585
-0.615
-0.56
-0.61
-0.635
-0.645
-0.725
-0.7
-0.635
-0.645
-0.65
-0.705
-0.715
-0.655
-0.65
-0.665
-0.595
-0.64
-0.61
-0.64
-0.605
-0.57
-0.58
-0.5
-0.46
-0.39
-0.355
-0.36
-0.325
-0.185
-0.13
-0.15
-0.245
-0.27
-0.22
-0.23
-0.2
-0.235
-0.315
-0.43
-0.495
-0.515
-0.485
-0.51
-0.48
-0.445
-0.485
-0.465
-0.5
-0.495
-0.49
-0.5
-0.475
-0.58
-0.55
-0.63
-0.6
-0.595
-0.615
-0.67
-0.66
-0.6
-0.485
-0.545
-0.525
-0.555
-0.55
-0.45
-0.39
-0.4
-0.41
-0.34
-0.435
-0.485
-0.555
-0.59
-0.57
-0.635
-0.665
-0.685
-0.665
-0.645
-0.75
-0.78
-0.79
-0.735
-0.665
-0.62
-0.535
-0.485
-0.57
-0.555
-0.57
-0.585
-0.625
-0.57
-0.595
-0.67
-0.645
-0.705
-0.77
-0.785
-0.72
-0.77
-0.73
-0.755
-0.775
-0.73
-0.76
-0.685
-0.73
-0.735
-0.765
-0.735
-0.72
-0.76
-0.765
-0.795
-0.765
-0.77
-0.7
-0.73
-0.705
-0.665
-0.64
-0.7
-0.71
-0.71
-0.72
-0.72
-0.77
-0.745
-0.725
-0.705
-0.69
-0.66
-0.645
-0.695
-0.73
-0.67
-0.69
-0.69
-0.745
-0.675
-0.585
-0.545
-0.535
-0.555
-0.635
-0.635
-0.64
-0.58
-0.6
-0.6
-0.56
-0.61
-0.565
-0.57
-0.54
-0.59
-0.64
-0.655
-0.69
-0.705
-0.72
-0.745
-0.65
-0.595
-0.63
-0.66
-0.65
-0.58
-0.63
-0.625
-0.62
-0.575
-0.53
-0.46
-0.45
-0.495
-0.465
-0.41
-0.275
-0.33
-0.34
-0.36
-0.425
-0.445
-0.45
-0.445
-0.455
-0.45
-0.47
-0.425
-0.37
-0.345
-0.36
-0.34
-0.245
-0.175
-0.225
-0.185
-0.215
-0.22
-0.285
-0.255
-0.255
-0.265
-0.25
-0.245
-0.15
-0.205
-0.24
-0.32
-0.245
-0.28
-0.23
-0.215
-0.225
-0.25
-0.245
-0.295
-0.245
-0.2
-0.17
-0.145
-0.27
-0.285
-0.29
-0.385
-0.335
-0.3
-0.29
-0.255
-0.18
-0.125
-0.155
-0.12
-0.17
-0.09
-0.09
-0.055
-0.085
-0.11
-0.085
-0.11
-0.055
-0.06
-0.025
0.045
0.015
0.035
-0.04
-0.15
-0.21
-0.135
-0.2
-0.205
-0.155
-0.235
-0.2
-0.215
-0.21
-0.24
-0.265
-0.275
-0.255
-0.225
-0.135
-0.1
-0.14
-0.155
-0.17
-0.155
-0.12
-0.18
-0.065
-0.035
-0.02
0.025
0
0.13
0.18
0.22
0.18
0.11
0.08
0.12
0.14
0.14
0.1
0.04
-0.04
-0.035
0.015
0.075
0.06
0.07
0.155
0.045
0.06
-0.045
0.02
0.02
0.055
0.025
0.055
0.07
-0.03
0.015
0.02
0.02
0.005
0.075
0.06
0.08
-0.025
-0.025
0.025
-0.025
-0.04
0.08
0.12
0.145
0.185
0.1
0.08
0.14
0.19
0.205
0.215
0.225
0.22
0.18
0.2
0.21
0.26
0.265
0.26
0.22
0.21
0.195
0.255
0.245
0.265
0.325
0.355
0.3
0.215
0.205
0.25
0.255
0.255
0.19
0.22
0.205
0.14
0.2
0.215
0.23
0.24
0.34
0.31
0.34
0.37
0.425
0.53
0.485
0.465
0.475
0.505
0.46
0.485
0.45
0.37
0.305
0.325
0.255
0.28
0.29
0.255
0.19
0.275
0.295
0.28
0.31
0.255
0.155
0.125
0.08
0.03
-0.035
-0.13
-0.155
-0.185
-0.225
-0.26
-0.315
-0.3
-0.295
-0.34
-0.33
-0.31
-0.25
-0.18
-0.155
-0.145
-0.09
-0.07
-0.085
-0.105
-0.205
-0.175
-0.135
-0.15
-0.215
-0.265
-0.29
-0.38
-0.35
-0.4
-0.425
-0.38
-0.395
-0.395
-0.465
-0.39
-0.42
-0.465
-0.405
-0.48
-0.435
-0.37
-0.37
-0.35
-0.345
-0.345
-0.5
-0.445
-0.43
-0.45
-0.405
-0.43
-0.4
-0.385
-0.41
-0.495
-0.505
-0.505
-0.535
-0.48
-0.555
-0.56
-0.465
-0.51
-0.45
-0.51
-0.515
-0.525
-0.52
-0.45
-0.475
-0.57
-0.545
-0.52
-0.545
-0.485
-0.385
-0.43
-0.45
-0.475
-0.485
-0.495
-0.5
-0.435
-0.485
-0.435
-0.465
-0.49
-0.54
-0.465
-0.515
-0.495
-0.4
-0.425
-0.435
-0.505
-0.45
-0.4
-0.455
-0.52
-0.515
-0.67
-0.67
-0.65
-0.74
-0.7
-0.69
-0.69
-0.65
-0.6
-0.615
-0.66
-0.66
-0.63
-0.65
-0.695
-0.685
-0.57
-0.595
-0.605
-0.545
-0.525
-0.515
-0.45
-0.49
-0.525
-0.455
-0.46
-0.4
-0.47
-0.505
-0.49
-0.545
-0.595
-0.635
-0.69
-0.67
-0.605
-0.575
-0.465
-0.475
-0.48
-0.575
-0.56
-0.53
-0.48
-0.55
-0.535
-0.58
-0.63
-0.685
-0.62
-0.585
-0.595
-0.555
-0.67
-0.625
-0.57
-0.59
-0.595
-0.53
-0.495
-0.585
-0.58
-0.59
-0.59
-0.655
-0.68
-0.6
-0.56
-0.56
-0.48
-0.42
-0.445
-0.43
-0.46
-0.45
-0.4
-0.46
-0.415
-0.43
-0.365
-0.435
-0.535
-0.59
-0.61
-0.68
-0.65
-0.565
-0.5
-0.465
-0.585
-0.675
-0.705
-0.74
-0.765
-0.735
-0.805
-0.765
-0.765
-0.72
-0.705
-0.74
-0.74
-0.735
-0.69
-0.7
-0.78
-0.8
-0.845
-0.785
-0.75
-0.76
-0.7
-0.625
-0.635
-0.65
-0.665
-0.67
-0.685
-0.66
-0.695
-0.62
-0.6
-0.61
-0.63
-0.63
-0.615
-0.57
-0.6
-0.625
-0.61
-0.53
-0.505
-0.575
-0.55
-0.49
-0.465
-0.46
-0.55
-0.505
-0.56
-0.51
-0.515
-0.595
-0.605
-0.58
-0.595
-0.575
-0.55
-0.48
-0.5
-0.46
-0.41
-0.35
-0.35
-0.325
-0.29
-0.25
-0.325
-0.28
-0.365
-0.42
-0.495
-0.485
-0.535
-0.515
-0.59
-0.62
-0.685
-0.71
-0.675
-0.645
-0.72
-0.775
-0.74
-0.645
-0.65
-0.695
-0.69
-0.645
-0.68
-0.63
-0.63
-0.71
-0.74
-0.725
-0.78
-0.745
-0.73
-0.725
-0.695
-0.735
-0.71
-0.78
-0.81
-0.805
-0.81
-0.79
-0.78
-0.76
-0.63
-0.575
-0.615
-0.52
-0.515
-0.53
-0.515
-0.485
-0.465
-0.505
-0.575
-0.55
-0.685
-0.575
-0.51
-0.48
-0.59
-0.595
-0.65
-0.625
-0.645
-0.695
-0.665
-0.685
-0.645
-0.645
-0.66
-0.745
-0.73
-0.67
-0.725
-0.595
-0.6
-0.55
-0.54
-0.58
-0.535
-0.54
-0.445
-0.54
-0.545
-0.48
-0.455
-0.425
-0.425
-0.44
-0.47
-0.49
-0.535
-0.535
-0.52
-0.555
-0.51
-0.49
-0.4
-0.39
-0.425
-0.415
-0.425
-0.315
-0.26
-0.265
-0.31
-0.265
-0.32
-0.33
-0.315
-0.395
-0.295
-0.305
-0.32
-0.28
-0.315
-0.43
-0.33
-0.29
-0.28
-0.22
-0.21
-0.225
-0.305
-0.325
-0.33
-0.27
-0.3
-0.265
-0.32
-0.345
-0.315
-0.295
-0.33
-0.335
-0.39
-0.39
-0.39
-0.435
-0.43
-0.51
-0.525
-0.575
-0.615
-0.58
-0.61
-0.58
-0.535
-0.565
-0.555
-0.61
-0.625
-0.66
-0.635
-0.61
-0.615
-0.61
-0.63
-0.55
-0.555
-0.58
-0.535
-0.535
-0.62
-0.635
-0.61
-0.645
-0.65
-0.65
-0.68
-0.63
-0.65
-0.695
-0.62
-0.635
-0.605
-0.655
-0.625
-0.585
-0.635
-0.645
-0.605
-0.6
-0.655
-0.69
-0.65
-0.645
-0.615
-0.63
-0.665
-0.715
-0.76
-0.795
-0.815
-0.79
-0.795
-0.78
-0.795
-0.795
-0.715
-0.76
-0.72
-0.76
-0.65
-0.59
-0.675
-0.695
-0.705
-0.755
-0.745
-0.745
-0.685
-0.69
-0.7
-0.685
-0.685
-0.695
-0.775
-0.755
-0.805
-0.8
-0.815
-0.81
-0.765
-0.68
-0.745
-0.705
-0.73
-0.785
-0.8
-0.72
-0.755
-0.775
-0.705
-0.695
-0.69
-0.625
-0.585
-0.585
-0.555
-0.57
-0.625
-0.665
-0.71
-0.735
-0.735
-0.765
-0.77
-0.82
-0.81
-0.815
-0.76
-0.81
-0.82
-0.77
-0.76
-0.75
-0.665
-0.63
-0.67
-0.68
-0.715
-0.7
-0.745
-0.695
-0.645
-0.63
-0.725
-0.725
-0.635
-0.635
-0.655
-0.605
-0.62
-0.575
-0.59
-0.59
-0.565
-0.52
-0.53
-0.475
-0.5
-0.54
-0.595
-0.575
-0.51
-0.6
-0.63
-0.685
-0.72
-0.665
-0.665
-0.695
-0.665
-0.605
-0.515
-0.555
-0.555
-0.47
-0.46
-0.44
-0.47
-0.355
-0.35
-0.36
-0.325
-0.415
-0.405
-0.4
-0.38
-0.325
-0.38
-0.35
-0.275
-0.415
-0.425
-0.355
-0.425
-0.52
-0.565
-0.53
-0.475
-0.41
-0.465
-0.405
-0.34
-0.325
-0.33
-0.27
-0.2
-0.215
-0.22
-0.115
-0.165
-0.285
-0.27
-0.245
-0.205
-0.19
-0.18
-0.175
-0.17
-0.245
-0.345
-0.35
-0.39
-0.4
-0.415
-0.42
-0.44
-0.385
-0.395
-0.445
-0.46
-0.485
-0.48
-0.48
-0.525
-0.475
-0.405
-0.415
-0.37
-0.42
-0.445
-0.4
-0.42
-0.45
-0.42
-0.4
-0.42
-0.49
-0.465
-0.515
-0.42
-0.375
-0.35
-0.3
-0.325
-0.35
-0.325
-0.345
-0.355
-0.395
-0.385
-0.415
-0.39
-0.38
-0.385
-0.39
-0.41
-0.415
-0.42
-0.445
-0.415
-0.52
-0.58
-0.57
-0.57
-0.565
-0.665
-0.615
-0.615
-0.61
-0.605
-0.595
-0.675
-0.71
-0.76
-0.795
-0.79
-0.775
-0.78
-0.82
-0.8
-0.815
-0.78
-0.805
-0.765
-0.725
-0.745
-0.77
-0.775
-0.835
-0.81
-0.845
-0.865
-0.8
-0.755
-0.755
-0.79
-0.77
-0.805
-0.745
-0.77
-0.835
-0.82
-0.8
-0.775
-0.78
-0.825
-0.88
-0.82
-0.83
-0.79
-0.815
-0.72
-0.7
-0.64
-0.7
-0.75
-0.745
-0.72
-0.76
-0.815
-0.775
-0.775
-0.77
-0.71
-0.73
-0.695
-0.63
-0.71
-0.79
-0.78
-0.72
-0.695
-0.65
-0.69
-0.65
-0.67
-0.555
-0.55
-0.525
-0.555
-0.485
-0.395
-0.35
-0.365
-0.415
-0.4
-0.375
-0.345
-0.41
-0.42
-0.335
-0.315
-0.315
-0.365
-0.31
-0.325
-0.39
-0.4
-0.36
-0.26
-0.305
-0.175
-0.115
-0.055
-0.135
-0.18
-0.165
-0.21
-0.3
-0.325
-0.24
-0.235
-0.21
-0.14
-0.155
-0.17
-0.085
-0.04
-0.085
-0.06
0.065
-0.01
0.12
0.155
0.18
0.045
0.13
0.115
0.115
0.035
0.09
0.085
0.045
-0.065
-0.1
-0.175
-0.19
-0.195
-0.19
-0.12
-0.195
-0.28
-0.325
-0.225
-0.275
-0.23
-0.2
-0.14
-0.115
-0.095
-0.195
-0.1
0.01
0.01
-0.08
-0.2
-0.225
-0.195
-0.16
-0.155
-0.135
-0.1
-0.11
-0.105
0.03
0.055
0.03
0.09
-0.01
-0.06
-0.095
-0.2
-0.175
-0.19
-0.195
-0.15
-0.21
-0.23
-0.15
-0.105
-0.095
-0.065
-0.1
-0.135
-0.06
-0.04
-0.07
-0.165
-0.135
-0.1
-0.135
-0.215
-0.28
-0.29
-0.23
-0.23
-0.09
-0.07
-0.105
-0.14
-0.2
-0.2
-0.26
-0.285
-0.245
-0.235
-0.25
-0.31
-0.26
-0.205
-0.2
-0.18
-0.145
-0.095
-0.14
-0.135
-0.235
-0.31
-0.21
-0.29
-0.24
-0.165
-0.195
-0.15
-0.2
-0.245
-0.225
-0.125
-0.125
-0.12
-0.06
-0.01
0.04
0.005
0.1
0.045
-0.015
-0.055
-0.06
-0.05
-0.025
-0.11
-0.17
-0.18
-0.18
-0.12
-0.135
-0.095
-0.145
-0.12
-0.16
-0.06
-0.075
-0.025
-0.015
0.045
0.045
-0.02
0.01
-0.055
-0.1
-0.035
-0.015
0.035
0.03
-0.065
0
0.04
-0.015
-0.115
-0.115
-0.12
-0.155
-0.16
-0.245
-0.295
-0.29
-0.39
-0.51
-0.525
-0.54
-0.59
-0.565
-0.46
-0.48
-0.5
-0.455
-0.475
-0.51
-0.495
-0.54
-0.545
-0.46
-0.44
-0.415
-0.365
-0.32
-0.345
-0.35
-0.18
-0.19
-0.255
-0.295
-0.4
-0.38
-0.375
-0.365
-0.345
-0.27
-0.245
-0.23
-0.24
-0.22
-0.355
-0.265
-0.2
-0.24
-0.28
-0.225
-0.25
-0.27
-0.27
-0.27
-0.29
-0.265
-0.255
-0.35
-0.245
-0.35
-0.315
-0.285
-0.305
-0.345
-0.295
-0.255
-0.265
-0.305
-0.29
-0.325
-0.4
-0.46
-0.455
-0.375
-0.4
-0.465
-0.4
-0.36
-0.36
-0.34
-0.38
-0.44
-0.42
-0.48
-0.465
-0.57
-0.47
-0.47
-0.46
-0.495
-0.57
-0.525
-0.49
-0.41
-0.38
-0.51
-0.49
-0.565
-0.61
-0.595
-0.54
-0.54
-0.44
-0.355
-0.4
-0.34
-0.425
-0.465
-0.46
-0.42
-0.455
-0.365
-0.395
-0.32
-0.275
-0.255
-0.25
-0.365
-0.32
-0.305
-0.345
-0.31
-0.375
-0.395
-0.345
-0.37
-0.415
-0.39
-0.465
-0.565
-0.55
-0.5
-0.555
-0.595
-0.575
-0.56
-0.59
-0.64
-0.665
-0.64
-0.65
-0.695
-0.615
-0.53
-0.495
-0.495
-0.505
-0.545
-0.425
-0.375
-0.505
-0.54
-0.56
-0.63
-0.625
-0.59
-0.675
-0.68
-0.635
-0.605
-0.575
-0.61
-0.635
-0.665
-0.685
-0.65
-0.625
-0.675
-0.69
-0.61
-0.65
-0.66
-0.655
-0.66
-0.64
-0.655
-0.645
-0.625
-0.585
-0.535
-0.52
-0.52
-0.5
-0.52
-0.575
-0.55
-0.505
-0.6
-0.57
-0.575
-0.59
-0.595
-0.64
-0.675
-0.675
-0.715
-0.645
-0.62
-0.665
-0.7
-0.65
-0.615
-0.65
-0.675
-0.635
-0.585
-0.59
-0.56
-0.49
-0.535
-0.42
-0.3
-0.345
-0.39
-0.37
-0.355
-0.33
-0.34
-0.245
-0.245
-0.315
-0.31
-0.29
-0.32
-0.3
-0.355
-0.31
-0.285
-0.32
-0.43
-0.445
-0.47
-0.46
-0.35
-0.38
-0.375
-0.35
-0.31
-0.16
-0.205
-0.26
-0.185
-0.185
-0.26
-0.245
-0.34
-0.37
-0.335
-0.26
-0.255
-0.205
-0.185
-0.08
-0.1
-0.3
-0.29
-0.285
-0.205
-0.305
-0.195
-0.165
-0.11
-0.075
-0.22
-0.16
-0.195
-0.17
-0.17
-0.17
-0.255
-0.26
-0.355
-0.31
-0.24
-0.32
-0.28
-0.27
-0.34
-0.315
-0.3
-0.28
-0.34
-0.285
-0.26
-0.29
-0.32
-0.425
-0.325
-0.355
-0.39
-0.375
-0.34
-0.415
-0.26
-0.29
-0.335
-0.445
-0.445
-0.455
-0.465
-0.44
-0.43
-0.5
-0.535
-0.53
-0.55
-0.585
-0.6
-0.595
-0.655
-0.61
-0.6
-0.64
-0.6
-0.645
-0.685
-0.725
-0.755
-0.735
-0.705
-0.74
-0.73
-0.75
-0.755
-0.775
-0.765
-0.73
-0.705
-0.62
-0.585
-0.615
-0.665
-0.71
-0.695
-0.705
-0.67
-0.705
-0.655
-0.575
-0.51
-0.575
-0.59
-0.655
-0.625
-0.635
-0.71
-0.71
-0.715
-0.72
-0.73
-0.62
-0.67
-0.675
-0.66
-0.69
-0.685
-0.695
-0.64
-0.645
-0.64
-0.605
-0.625
-0.65
-0.73
-0.685
-0.725
-0.695
-0.755
-0.77
-0.8
-0.705
-0.69
-0.68
-0.62
-0.62
-0.695
-0.72
-0.755
-0.74
-0.72
-0.665
-0.725
-0.69
-0.71
-0.745
-0.78
-0.755
-0.675
-0.57
-0.575
-0.61
-0.605
-0.535
-0.555
-0.545
-0.615
-0.615
-0.675
-0.72
-0.815
-0.83
-0.805
-0.8
-0.81
-0.815
-0.775
-0.805
-0.83
-0.785
-0.725
-0.795
-0.74
-0.67
-0.685
-0.69
-0.695
-0.72
-0.645
-0.61
-0.575
-0.52
-0.56
-0.61
-0.685
-0.64
-0.68
-0.69
-0.635
-0.625
-0.605
-0.7
-0.675
-0.635
-0.655
-0.655
-0.635
-0.61
-0.61
-0.62
-0.66
-0.63
-0.59
-0.585
-0.575
-0.56
-0.585
-0.63
-0.695
-0.62
-0.595
-0.59
-0.69
-0.645
-0.595
-0.56
-0.57
-0.47
-0.425
-0.355
-0.365
-0.355
-0.38
-0.35
-0.415
-0.39
-0.365
-0.4
-0.505
-0.475
-0.465
-0.425
-0.51
-0.5
-0.515
-0.495
-0.51
-0.43
-0.42
-0.465
-0.52
-0.515
-0.51
-0.455
-0.48
-0.6
-0.57
-0.545
-0.54
-0.6
-0.575
-0.6
-0.52
-0.455
-0.435
-0.525
-0.53
-0.5
-0.515
-0.545
-0.51
-0.48
-0.48
-0.49
-0.565
-0.55
-0.555
-0.59
-0.585
-0.55
-0.54
-0.515
-0.465
-0.5
-0.565
-0.6
-0.645
-0.62
-0.7
-0.685
-0.63
-0.61
-0.63
-0.635
-0.705
-0.75
-0.765
-0.725
-0.72
-0.77
-0.775
-0.735
-0.775
-0.795
-0.79
-0.75
-0.695
-0.66
-0.56
-0.62
-0.665
-0.655
-0.575
-0.66
-0.63
-0.685
-0.635
-0.615
-0.57
-0.625
-0.68
-0.695
-0.715
-0.72
-0.725
-0.715
-0.695
-0.71
-0.78
-0.75
-0.76
-0.785
-0.775
-0.725
-0.73
-0.76
-0.705
-0.725
-0.745
-0.755
-0.735
-0.74
-0.735
-0.675
-0.66
-0.63
-0.63
-0.65
-0.69
-0.645
-0.565
-0.6
-0.52
-0.605
-0.655
-0.575
-0.545
-0.485
-0.555
-0.6
-0.55
-0.52
-0.475
-0.4
-0.435
-0.455
-0.415
-0.4
-0.39
-0.385
-0.415
-0.41
-0.42
-0.46
-0.445
-0.42
-0.38
-0.44
-0.5
-0.645
-0.655
-0.71
-0.73
-0.74
-0.685
-0.66
-0.65
-0.675
-0.665
-0.68
-0.695
-0.665
-0.605
-0.635
-0.62
-0.63
-0.67
-0.655
-0.635
-0.605
-0.665
-0.77
-0.75
-0.755
-0.795
-0.81
-0.825
-0.8
-0.775
-0.79
-0.8
-0.845
-0.845
-0.815
-0.77
-0.75
-0.82
-0.84
-0.745
-0.695
-0.75
-0.775
-0.73
-0.665
-0.725
-0.725
-0.71
-0.75
-0.75
-0.715
-0.78
-0.75
-0.695
-0.695
-0.695
-0.76
-0.685
-0.665
-0.68
-0.725
-0.78
-0.795
-0.76
-0.795
-0.765
-0.79
-0.795
-0.775
-0.68
-0.73
-0.7
-0.765
-0.735
-0.76
-0.76
-0.78
-0.785
-0.85
-0.82
-0.77
-0.725
-0.69
-0.63
-0.715
-0.725
-0.675
-0.7
-0.715
-0.72
-0.78
-0.615
-0.57
-0.56
-0.59
-0.535
-0.43
-0.44
-0.395
-0.46
-0.54
-0.51
-0.55
-0.575
-0.53
-0.545
-0.485
-0.485
-0.48
-0.48
-0.47
-0.6
-0.59
-0.575
-0.5
-0.5
-0.48
-0.505
-0.465
-0.44
-0.465
-0.415
-0.425
-0.525
-0.47
-0.435
-0.47
-0.475
-0.44
-0.49
-0.495
-0.555
-0.56
-0.54
-0.655
-0.68
-0.68
-0.7
-0.665
-0.67
-0.655
-0.73
-0.755
-0.62
-0.625
-0.56
-0.51
-0.52
-0.565
-0.605
-0.61
-0.66
-0.715
-0.72
-0.755
-0.74
-0.755
-0.72
-0.695
-0.69
-0.69
-0.7
-0.57
-0.575
-0.53
-0.53
-0.6
-0.645
-0.69
-0.585
-0.57
-0.57
-0.61
-0.495
-0.525
-0.56
-0.55
-0.51
-0.55
-0.6
-0.57
-0.58
-0.645
-0.665
-0.655
-0.67
-0.71
-0.745
-0.675
-0.655
-0.57
-0.475
-0.43
-0.395
-0.38
-0.505
-0.485
-0.36
-0.28
-0.31
-0.265
-0.18
-0.15
-0.105
-0.1
-0.105
-0.135
-0.075
-0.165
-0.175
-0.095
-0.03
-0.025
-0.185
-0.215
-0.185
-0.2
-0.19
-0.175
-0.15
-0.15
-0.04
-0.01
0.05
0.15
0.165
0.155
0.155
0.23
0.175
0.225
0.235
0.31
0.31
0.35
0.365
0.385
0.44
0.385
0.355
0.36
0.375
0.35
0.28
0.25
0.24
0.175
0.205
0.195
0.245
0.295
0.335
0.29
0.235
0.295
0.275
0.25
0.3
0.375
0.435
0.48
0.45
0.455
0.465
0.5
0.53
0.565
0.5
0.485
0.53
0.53
0.545
0.525
0.535
0.495
0.47
0.47
0.44
0.41
0.38
0.44
0.43
0.48
0.37
0.435
0.36
0.415
0.495
0.49
0.515
0.575
0.625
0.54
0.465
0.455
0.48
0.545
0.53
0.52
0.585
0.585
0.565
0.59
0.555
0.62
0.6
0.62
0.61
0.54
0.545
0.53
0.51
0.525
0.565
0.54
0.57
0.515
0.66
0.7
0.64
0.66
0.595
0.555
0.475
0.42
0.38
0.39
0.49
0.5
0.4
0.385
0.4
0.315
0.37
0.37
0.335
0.335
0.325
0.45
0.41
0.445
0.465
0.485
0.48
0.425
0.445
0.42
0.405
0.47
0.52
0.55
0.6
0.58
0.645
0.665
0.655
0.68
0.685
0.775
0.77
0.74
0.74
0.725
0.725
0.725
0.725
0.71
0.655
0.655
0.595
0.59
0.595
0.665
0.65
0.625
0.58
0.57
0.61
0.64
0.68
0.64
0.645
0.655
0.705
0.605
0.56
0.6
0.565
0.53
0.53
0.545
0.495
0.49
0.445
0.52
0.48
0.385
0.425
0.31
0.39
0.415
0.355
0.295
0.265
0.255
0.18
0.18
0.125
0.11
0.165
0.22
0.18
0.195
0.21
0.145
0.13
0.165
0.17
0.18
0.17
0.12
0.23
0.33
0.35
0.4
0.45
0.395
0.43
0.37
0.47
0.47
0.61
0.64
0.63
0.645
0.73
0.73
0.73
0.66
0.675
0.685
0.715
0.69
0.73
0.725
0.77
0.745
0.76
0.665
0.735
0.64
0.665
0.685
0.705
0.655
0.675
0.71
0.67
0.665
0.665
0.69
0.635
0.65
0.65
0.575
0.515
0.535
0.52
0.455
0.415
0.295
0.28
0.265
0.29
0.2
0.27
0.25
0.26
0.205
0.18
0.11
0.135
0.16
0.19
0.115
0.16
0.175
0.16
0.075
0.17
0.22
0.135
0.16
0.175
0.17
0.235
0.295
0.35
0.445
0.375
0.4
0.405
0.35
0.375
0.38
0.235
0.305
0.155
0.265
0.24
0.26
0.36
0.275
0.415
0.52
0.525
0.53
0.615
0.6
0.59
0.55
0.535
0.52
0.465
0.43
0.41
0.425
0.33
0.34
0.305
0.315
0.435
0.475
0.44
0.465
0.395
0.44
0.485
0.445
0.48
0.38
0.415
0.415
0.48
0.585
0.535
0.51
0.525
0.525
0.5
0.505
0.55
0.545
0.605
0.625
0.64
0.58
0.595
0.615
0.52
0.425
0.41
0.41
0.455
0.425
0.34
0.385
0.35
0.255
0.245
0.25
0.235
0.215
0.2
0.24
0.3
0.24
0.215
0.185
0.235
0.265
0.265
0.22
0.18
0.165
0.12
0.115
0.165
0.17
0.22
0.135
0.075
0.165
0.205
0.165
0.135
0.11
0.195
0.185
0.245
0.21
0.23
0.2
0.135
0.115
0.01
0.035
-0.015
0.035
0.045
0.015
-0.01
-0.015
-0.02
-0.04
-0.03
-0.045
-0.015
0.03
0.02
-0.04
0.04
0.04
0.075
0.125
0.185
0.16
0.19
0.2
0.29
0.34
0.355
0.355
0.355
0.29
0.39
0.41
0.38
0.37
0.285
0.165
0.195
0.07
0.155
0.175
0.16
0.17
0.18
0.18
0.165
0.145
0.175
0.17
0.275
0.245
0.25
0.185
0.095
0.14
0.16
0.1
0.085
0.085
0.03
0.005
0.04
0.05
0
0.07
0.05
0.055
0.075
0.02
0.06
0.15
0.13
0.02
0.01
0.005
-0.05
-0.065
-0.1
-0.185
-0.28
-0.32
-0.315
-0.265
-0.225
-0.28
-0.265
-0.24
-0.325
-0.275
-0.26
-0.29
-0.255
-0.24
-0.22
-0.21
-0.235
-0.245
-0.375
-0.32
-0.305
-0.365
-0.27
-0.34
-0.335
-0.33
-0.395
-0.41
-0.42
-0.39
-0.47
-0.425
-0.355
-0.395
-0.435
-0.345
-0.375
-0.43
-0.265
-0.215
-0.235
-0.24
-0.245
-0.26
-0.32
-0.32
-0.315
-0.375
-0.48
-0.52
-0.5
-0.52
-0.485
-0.495
-0.51
-0.43
-0.47
-0.415
-0.41
-0.46
-0.53
-0.52
-0.595
-0.62
-0.515
-0.545
-0.535
-0.565
-0.54
-0.555
-0.52
-0.5
-0.515
-0.435
-0.41
-0.435
-0.355
-0.345
-0.26
-0.35
-0.39
-0.26
-0.265
-0.255
-0.225
-0.235
-0.29
-0.275
-0.32
-0.27
-0.195
-0.21
-0.165
-0.09
-0.04
-0.11
-0.17
-0.305
-0.38
-0.415
-0.37
-0.375
-0.42
-0.355
-0.425
-0.325
-0.345
-0.3
-0.3
-0.255
-0.205
-0.175
-0.21
-0.14
-0.245
-0.21
-0.26
-0.295
-0.27
-0.24
-0.28
-0.325
-0.235
-0.17
-0.135
-0.195
-0.295
-0.335
-0.295
-0.35
-0.385
-0.355
-0.415
-0.345
-0.35
-0.34
-0.35
-0.31
-0.3
-0.31
-0.355
-0.375
-0.315
-0.28
-0.325
-0.25
-0.28
-0.315
-0.38
-0.4
-0.46
-0.44
-0.5
-0.535
-0.515
-0.52
-0.44
-0.445
-0.43
-0.475
-0.475
-0.44
-0.46
-0.58
-0.58
-0.6
-0.75
-0.785
-0.805
-0.755
-0.8
-0.745
-0.78
-0.835
-0.83
-0.785
-0.735
-0.75
-0.815
-0.78
-0.84
-0.73
-0.705
-0.63
-0.585
-0.65
-0.59
-0.61
-0.5
-0.48
-0.57
-0.585
-0.57
-0.63
-0.615
-0.595
-0.575
-0.545
-0.57
-0.625
-0.635
-0.64
-0.66
-0.575
-0.575
-0.565
-0.61
-0.665
-0.68
-0.615
-0.565
-0.485
-0.465
-0.475
-0.455
-0.495
-0.475
-0.515
-0.455
-0.445
-0.425
-0.455
-0.445
-0.495
-0.53
-0.485
-0.47
-0.48
-0.485
-0.44
-0.485
-0.43
-0.465
-0.38
-0.345
-0.365
-0.345
-0.365
-0.34
-0.37
-0.265
-0.285
-0.26
-0.18
-0.105
-0.125
-0.105
-0.11
-0.095
-0.02
0.07
0.085
0.075
0.095
0.04
-0.085
-0.18
-0.24
-0.205
-0.21
-0.13
-0.07
0.09
0.04
-0.11
-0.225
-0.025
-0.055
-0.135
-0.16
-0.1
-0.09
-0.025
-0.05
-0.06
-0.135
-0.14
-0.16
-0.145
-0.185
-0.125
-0.115
-0.11
-0.105
-0.24
-0.23
-0.32
-0.305
-0.245
-0.245
-0.06
-0.08
-0.1
-0.04
-0.025
-0.18
-0.155
-0.175
-0.145
-0.085
-0.115
-0.11
-0.145
-0.13
-0.115
-0.115
-0.17
-0.105
-0.105
-0.16
-0.19
-0.205
-0.17
-0.155
-0.14
-0.105
-0.06
-0.065
-0.085
-0.07
0
-0.03
-0.08
0
0.055
-0.04
-0.015
-0.04
-0.09
-0.12
-0.195
-0.165
-0.12
-0.115
-0.16
-0.165
-0.095
-0.015
-0.015
0.1
0.1
0.22
0.25
0.315
0.33
0.29
0.175
0.17
0.21
0.3
0.225
0.165
0.21
0.145
0.185
0.125
0.12
0.14
0.075
0.085
0.105
0.065
0.005
0.01
-0.035
-0.045
-0.13
-0.13
-0.15
-0.21
-0.15
-0.12
-0.175
-0.18
-0.13
-0.06
-0.09
-0.02
-0.135
-0.11
-0.165
-0.17
-0.245
-0.25
-0.19
-0.2
-0.255
-0.235
-0.285
-0.28
-0.265
-0.31
-0.395
-0.365
-0.415
-0.345
-0.24
-0.115
-0.07
-0.125
-0.02
0.005
0.045
0.06
0.11
-0.02
0.02
0.045
0.04
0.065
0.075
0.055
0.07
0.05
-0.015
0.04
0.13
0.23
0.16
0.08
0.065
-0.02
-0.04
-0.055
-0.115
-0.09
-0.09
-0.095
-0.095
-0.005
0.005
-0.05
-0.06
-0.005
-0.085
-0.125
-0.095
-0.13
-0.11
-0.09
-0.065
-0.17
-0.16
-0.145
-0.13
-0.195
-0.13
-0.09
-0.04
-0.075
-0.165
-0.28
-0.31
-0.31
-0.345
-0.41
-0.4
-0.415
-0.485
-0.48
-0.505
-0.52
-0.535
-0.46
-0.5
-0.52
-0.48
-0.46
-0.45
-0.435
-0.385
-0.31
-0.29
-0.22
-0.24
-0.145
-0.205
-0.21
-0.275
-0.295
-0.28
-0.3
-0.255
-0.305
-0.315
-0.335
-0.41
-0.395
-0.5
-0.47
-0.47
-0.425
-0.475
-0.505
-0.5
-0.56
-0.53
-0.465
-0.53
-0.56
-0.585
-0.525
-0.535
-0.575
-0.585
-0.57
-0.645
-0.63
-0.645
-0.605
-0.66
-0.705
-0.74
-0.765
-0.64
-0.62
-0.625
-0.635
-0.68
-0.73
-0.78
-0.765
-0.76
-0.78
-0.77
-0.78
-0.76
-0.835
-0.785
-0.705
-0.675
-0.645
-0.665
-0.615
-0.58
-0.62
-0.595
-0.62
-0.585
-0.61
-0.675
-0.62
-0.66
-0.625
-0.615
-0.585
-0.575
-0.62
-0.61
-0.61
-0.6
-0.57
-0.645
-0.635
-0.71
-0.68
-0.685
-0.65
-0.61
-0.575
-0.615
-0.625
-0.585
-0.56
-0.57
-0.495
-0.485
-0.555
-0.595
-0.635
-0.645
-0.685
-0.74
-0.72
-0.695
-0.665
-0.62
-0.585
-0.59
-0.555
-0.61
-0.605
-0.57
-0.475
-0.535
-0.51
-0.455
-0.44
-0.385
-0.26
-0.175
-0.125
-0.155
-0.11
-0.085
-0.11
-0.16
-0.145
-0.165
-0.215
-0.2
-0.165
-0.17
-0.07
-0.105
-0.085
-0.06
-0.155
-0.19
-0.335
-0.345
-0.315
-0.27
-0.33
-0.32
-0.285
-0.355
-0.315
-0.355
-0.35
-0.34
-0.42
-0.525
-0.57
-0.59
-0.685
-0.62
-0.525
-0.545
-0.565
-0.605
-0.62
-0.54
-0.595
-0.645
-0.66
-0.68
-0.615
-0.59
-0.595
-0.59
-0.575
-0.55
-0.585
-0.49
-0.48
-0.485
-0.445
-0.485
-0.605
-0.625
-0.55
-0.45
-0.495
-0.43
-0.425
-0.45
-0.405
-0.46
-0.465
-0.48
-0.505
-0.57
-0.7
-0.75
-0.71
-0.6
-0.66
-0.78
-0.815
-0.815
-0.855
-0.815
-0.85
-0.875
-0.82
-0.87
-0.835
-0.77
-0.83
-0.865
-0.86
-0.88
-0.815
-0.815
-0.775
-0.775
-0.69
-0.755
-0.77
-0.8
-0.725
-0.765
-0.78
-0.795
-0.815
-0.84
-0.855
-0.85
-0.82
-0.81
-0.805
-0.755
-0.695
-0.75
-0.775
-0.77
-0.775
-0.775
-0.775
-0.845
-0.865
-0.815
-0.805
-0.845
-0.83
-0.77
-0.815
-0.775
-0.81
-0.825
-0.805
-0.8
-0.77
-0.66
-0.67
-0.645
-0.555
-0.595
-0.555
-0.545
-0.48
-0.4
-0.43
-0.395
-0.465
-0.545
-0.62
-0.68
-0.64
-0.51
-0.545
-0.515
-0.59
-0.53
-0.515
-0.525
-0.565
-0.58
-0.545
-0.475
-0.465
-0.535
-0.505
-0.545
-0.59
-0.625
-0.645
-0.71
-0.815
-0.76
-0.79
-0.79
-0.875
-0.84
-0.785
-0.8
-0.845
-0.82
-0.76
-0.715
-0.605
-0.595
-0.575
-0.6
-0.615
-0.57
-0.635
-0.695
-0.67
-0.675
-0.65
-0.635
-0.625
-0.62
-0.68
-0.74
-0.73
-0.73
-0.755
-0.755
-0.755
-0.775
-0.75
-0.7
-0.66
-0.635
-0.655
-0.59
-0.605
-0.61
-0.63
-0.615
-0.57
-0.58
-0.66
-0.67
-0.685
-0.73
-0.755
-0.745
-0.79
-0.815
-0.77
-0.755
-0.79
-0.725
-0.69
-0.705
-0.685
-0.615
-0.59
-0.64
-0.62
-0.67
-0.675
-0.655
-0.705
-0.705
-0.655
-0.745
-0.82
-0.8
-0.745
-0.775
-0.805
-0.765
-0.755
-0.69
-0.65
-0.64
-0.7
-0.695
-0.715
-0.78
-0.8
-0.84
-0.81
-0.795
-0.75
-0.755
-0.795
-0.8
-0.815
-0.82
-0.77
-0.715
-0.695
-0.69
-0.64
-0.705
-0.73
-0.645
-0.705
-0.645
-0.705
-0.725
-0.745
-0.73
-0.715
-0.705
-0.685
-0.69
-0.68
-0.66
-0.745
-0.695
-0.595
-0.59
-0.575
-0.625
-0.75
-0.785
-0.735
-0.685
-0.575
-0.63
-0.61
-0.625
-0.545
-0.53
-0.51
-0.59
-0.595
-0.475
-0.475
-0.44
-0.45
-0.495
-0.5
-0.48
-0.545
-0.595
-0.605
-0.635
-0.72
-0.7
-0.695
-0.715
-0.695
-0.715
-0.73
-0.69
-0.68
-0.76
-0.725
-0.71
-0.775
-0.76
-0.76
-0.77
-0.75
-0.775
-0.765
-0.74
-0.74
-0.765
-0.73
-0.72
-0.73
-0.765
-0.8
-0.735
-0.745
-0.77
-0.745
-0.79
-0.755
-0.72
-0.685
-0.695
-0.665
-0.7
-0.755
-0.775
-0.775
-0.715
-0.705
-0.785
-0.77
-0.79
-0.745
-0.755
-0.79
-0.79
-0.735
-0.655
-0.655
-0.635
-0.585
-0.475
-0.515
-0.535
-0.58
-0.61
-0.585
-0.51
-0.55
-0.525
-0.575
-0.58
-0.575
-0.49
-0.52
-0.495
-0.5
-0.44
-0.455
-0.42
-0.455
-0.505
-0.6
-0.57
-0.505
-0.575
-0.45
-0.48
-0.48
-0.46
-0.495
-0.505
-0.5
-0.495
-0.58
-0.575
-0.54
-0.41
-0.32
-0.375
-0.465
-0.34
-0.425
-0.46
-0.445
-0.57
-0.59
-0.555
-0.555
-0.475
-0.475
-0.42
-0.34
-0.285
-0.355
-0.245
-0.22
-0.255
-0.26
-0.235
-0.255
-0.295
-0.31
-0.255
-0.33
-0.395
-0.44
-0.515
-0.525
-0.565
-0.475
-0.42
-0.3
-0.275
-0.24
-0.165
-0.16
-0.105
-0.18
-0.27
-0.28
-0.315
-0.365
-0.3
-0.36
-0.375
-0.32
-0.38
-0.4
-0.345
-0.28
-0.275
-0.26
-0.315
-0.305
-0.385
-0.35
-0.305
-0.28
-0.28
-0.315
-0.25
-0.275
-0.225
-0.21
-0.305
-0.33
-0.4
-0.44
-0.48
-0.57
-0.665
-0.575
-0.56
-0.57
-0.545
-0.605
-0.655
-0.595
-0.7
-0.705
-0.75
-0.785
-0.75
-0.765
-0.755
-0.79
-0.865
-0.86
-0.875
-0.88
-0.855
-0.805
-0.83
-0.815
-0.8
-0.755
-0.81
-0.815
-0.835
-0.75
-0.725
-0.695
-0.61
-0.605
-0.655
-0.655
-0.63
-0.575
-0.6
-0.555
-0.71
-0.68
-0.675
-0.71
-0.735
-0.69
-0.645
-0.625
-0.68
-0.67
-0.65
-0.665
-0.7
-0.805
-0.835
-0.765
-0.75
-0.745
-0.72
-0.67
-0.69
-0.645
-0.575
-0.565
-0.535
-0.595
-0.645
-0.61
-0.595
-0.575
-0.63
-0.635
-0.585
-0.585
-0.645
-0.645
-0.615
-0.655
-0.585
-0.525
-0.535
-0.53
-0.535
-0.49
-0.575
-0.55
-0.57
-0.535
-0.49
-0.46
-0.405
-0.375
-0.285
-0.215
-0.16
-0.155
-0.08
-0.045
-0.005
-0.015
-0.015
-0.065
-0.095
-0.1
-0.13
-0.08
-0.085
-0.005
-0.015
0.01
-0.075
-0.06
-0.15
-0.19
-0.19
-0.255
-0.28
-0.32
-0.325
-0.445
-0.37
-0.31
-0.315
-0.33
-0.27
-0.235
-0.21
-0.125
-0.045
-0.09
0.055
0
-0.055
0.045
0.05
0.03
0.07
-0.005
-0.055
-0.07
-0.045
-0.01
0.1
0.07
0.065
0.01
0.01
0.02
0.06
0.12
0.125
0.125
0.015
0.015
-0.055
-0.065
-0.1
-0.1
-0.11
-0.165
-0.22
-0.085
-0.055
-0.03
-0.035
0.01
-0.035
0.075
0.045
0.095
0.14
0.1
0.015
0.08
0.23
0.255
0.315
0.375
0.42
0.48
0.505
0.595
0.625
0.625
0.665
0.66
0.66
0.665
0.665
0.645
0.655
0.67
0.67
0.655
0.765
0.755
0.81
0.875
0.845
0.865
0.88
0.865
0.935
0.89
0.88
0.835
0.835
0.845
0.855
0.87
0.845
0.825
0.75
0.795
0.735
0.745
0.71
0.71
0.755
0.755
0.78
0.77
0.59
0.61
0.69
0.67
0.62
0.585
0.62
0.65
0.725
0.74
0.715
0.7
0.705
0.61
0.655
0.63
0.56
0.575
0.56
0.585
0.56
0.5
0.5
0.38
0.365
0.36
0.305
0.21
0.205
0.235
0.135
0.09
0.105
0.025
0.02
0.085
-0.05
-0.12
-0.14
-0.08
-0.1
-0.18
-0.115
-0.065
-0.1
-0.015
-0.175
-0.11
-0.095
-0.095
-0.09
-0.095
-0.11
-0.135
-0.13
-0.09
-0.035
0.135
0.06
0.125
0.02
-0.025
0.015
-0.085
-0.185
-0.195
-0.145
-0.08
-0.04
-0.14
-0.015
0.03
0.005
0.115
0.235
0.295
0.36
0.32
0.335
0.29
0.23
0.135
0.14
0.135
0.19
0.17
0.21
0.285
0.25
0.22
0.27
0.36
0.285
0.315
0.3
0.245
0.285
0.29
0.285
0.37
0.325
0.315
0.27
0.26
0.3
0.215
0.125
0.105
0.085
0.155
0.145
0.165
0.14
0.05
0
-0.015
0.015
0.055
0.045
0.095
0.16
0.185
0.23
0.225
0.265
0.29
0.31
0.34
0.45
0.48
0.495
0.535
0.54
0.615
0.58
0.58
0.66
0.605
0.54
0.535
0.535
0.465
0.46
0.38
0.36
0.38
0.36
0.35
0.2
0.145
0.16
0.15
0.07
0.13
0.105
0.065
0.075
0.075
0.055
0.115
0.035
0.1
0.075
0.105
0.13
0.105
0.1
0.04
0.005
0.04
-0.005
0.045
0.035
0.05
0.08
0.085
0.155
0.165
0.165
0.145
0.22
0.34
0.275
0.11
-0.04
0.045
0.04
0
0.055
0.09
0.125
0.165
0.165
0.235
0.23
0.19
0.25
0.24
0.115
0.12
0.205
0.255
0.22
0.165
0.265
0.28
0.33
0.33
0.28
0.175
0.13
0.105
0.055
0.1
0.125
0.1
0.07
0.035
0.05
0.05
0.01
0.04
-0.005
0.02
0.015
0.115
0.065
0.1
0.075
0.05
0.005
0.01
0.04
0.04
0.09
0.02
0.045
0.045
-0.015
-0.02
0.06
0.15
0.145
0.085
0.115
0.105
0.135
0.115
0.1
0.005
0.04
-0.01
-0.04
-0.115
-0.135
-0.165
-0.205
-0.095
-0.08
-0.155
-0.185
-0.115
-0.065
-0.11
-0.14
-0.3
-0.305
-0.295
-0.315
-0.265
-0.255
-0.28
-0.375
-0.46
-0.495
-0.475
-0.43
-0.495
-0.525
-0.6
-0.615
-0.635
-0.675
-0.685
-0.61
-0.67
-0.69
-0.64
-0.57
-0.54
-0.505
-0.465
-0.46
-0.35
-0.35
-0.385
-0.305
-0.33
-0.3
-0.275
-0.165
-0.11
-0.13
-0.075
-0.045
-0.06
-0.1
0.05
0.01
0.015
-0.07
0.005
0.1
0.045
0.09
0.145
0.195
0.225
0.205
0.215
0.175
0.245
0.22
0.225
0.16
0.19
0.18
0.155
0.085
0.16
0.195
0.205
0.245
0.355
0.375
0.315
0.335
0.36
0.34
0.29
0.205
0.175
0.26
0.275
0.335
0.31
0.245
0.2
0.275
0.315
0.31
0.205
0.135
0.2
0.115
0.055
0.045
-0.045
-0.055
-0.055
0.025
-0.01
-0.065
-0.135
-0.07
-0.08
-0.13
-0.11
-0.085
-0.12
-0.045
-0.01
-0.01
0.035
0.04
0.035
0.13
0.15
0.125
0.18
0.23
0.265
0.285
0.345
0.305
0.325
0.265
0.295
0.365
0.445
0.42
0.465
0.5
0.565
0.455
0.44
0.375
0.38
0.44
0.39
0.445
0.385
0.44
0.35
0.375
0.32
0.295
0.335
0.25
0.315
0.36
0.39
0.405
0.425
0.435
0.435
0.455
0.475
0.425
0.365
0.37
0.435
0.48
0.475
0.395
0.37
0.39
0.28
0.285
0.35
0.385
0.375
0.38
0.345
0.355
0.32
0.36
0.255
0.315
0.3
0.3
0.285
0.31
0.205
0.185
0.17
0.14
0.14
0.11
0.165
0.15
0.2
0.17
0.215
0.12
0.2
0.25
0.285
0.285
0.245
0.23
0.23
0.15
0.21
0.255
0.19
0.14
0.115
0.03
0.02
0.02
0.035
0.07
0.135
0.155
0.185
0.185
0.23
0.235
0.25
0.28
0.26
0.3
0.38
0.3
0.2
0.275
0.16
0.125
0.18
0.16
0.115
0.125
0.235
0.21
0.2
0.205
0.205
0.105
0.065
0.1
0.04
0.095
0.085
0.135
0.035
0.115
0.2
0.27
0.31
0.42
0.375
0.32
0.395
0.335
0.34
0.28
0.355
0.385
0.43
0.41
0.38
0.365
0.35
0.37
0.43
0.335
0.31
0.3
