x , y , z
1 , 0 , 0
0.998821 , 0.0472097 , 0
0.996465 , 0.0943638 , 0
0.992937 , 0.141407 , 0
0.988249 , 0.188285 , 0
0.982417 , 0.234945 , 0
0.975461 , 0.281336 , 0
0.967407 , 0.32741 , 0
0.958282 , 0.373122 , 0
0.948118 , 0.418429 , 0
0.93695 , 0.463294 , 0
0.924815 , 0.50768 , 0
0.911752 , 0.551556 , 0
0.8978 , 0.594895 , 0
0.883002 , 0.637673 , 0
0.867397 , 0.679868 , 0
0.851029 , 0.721465 , 0
0.833939 , 0.76245 , 0
0.816167 , 0.802812 , 0
0.797754 , 0.842542 , 0
0.778739 , 0.881637 , 0
0.75916 , 0.920094 , 0
0.739054 , 0.957911 , 0
0.718456 , 0.995091 , 0
0.6974 , 1.03164 , 0
0.675918 , 1.06755 , 0
0.654041 , 1.10284 , 0
0.631799 , 1.13752 , 0
0.609219 , 1.17158 , 0
0.586326 , 1.20505 , 0
0.563147 , 1.23793 , 0
0.539704 , 1.27022 , 0
0.516019 , 1.30195 , 0
0.492112 , 1.33312 , 0
0.468003 , 1.36374 , 0
0.44371 , 1.39382 , 0
0.419251 , 1.42338 , 0
0.39464 , 1.45242 , 0
0.369892 , 1.48096 , 0
0.345022 , 1.50902 , 0
0.320043 , 1.53659 , 0
0.294965 , 1.56369 , 0
0.269802 , 1.59034 , 0
0.244563 , 1.61654 , 0
0.219258 , 1.6423 , 0
0.193896 , 1.66764 , 0
0.168486 , 1.69256 , 0
0.143036 , 1.71708 , 0
0.117553 , 1.7412 , 0
0.0920434 , 1.76493 , 0
0.0665146 , 1.78829 , 0
0.0409721 , 1.81128 , 0
0.0154216 , 1.83391 , 0
-0.0101319 , 1.85619 , 0
-0.0356834 , 1.87813 , 0
-0.0612286 , 1.89973 , 0
-0.0867631 , 1.92101 , 0
-0.112283 , 1.94197 , 0
-0.137785 , 1.96262 , 0
-0.163266 , 1.98297 , 0
-0.188722 , 2.00301 , 0
-0.214151 , 2.02277 , 0
-0.23955 , 2.04225 , 0
-0.264916 , 2.06145 , 0
-0.290248 , 2.08037 , 0
-0.315542 , 2.09903 , 0
-0.340798 , 2.11744 , 0
-0.366013 , 2.13559 , 0
-0.391185 , 2.15349 , 0
-0.416313 , 2.17115 , 0
-0.441396 , 2.18858 , 0
-0.466432 , 2.20577 , 0
-0.49142 , 2.22274 , 0
-0.516359 , 2.23948 , 0
-0.541248 , 2.25601 , 0
-0.566085 , 2.27232 , 0
-0.590871 , 2.28842 , 0
-0.615603 , 2.30432 , 0
-0.640283 , 2.32002 , 0
-0.664908 , 2.33553 , 0
-0.689478 , 2.35084 , 0
-0.713993 , 2.36596 , 0
-0.738452 , 2.3809 , 0
-0.762855 , 2.39566 , 0
-0.787201 , 2.41023 , 0
-0.81149 , 2.42464 , 0
-0.835722 , 2.43887 , 0
-0.859897 , 2.45294 , 0
-0.884013 , 2.46684 , 0
-0.908072 , 2.48058 , 0
-0.932073 , 2.49416 , 0
-0.956015 , 2.50759 , 0
-0.979899 , 2.52086 , 0
-1.00372 , 2.53398 , 0
-1.02749 , 2.54696 , 0
-1.0512 , 2.55979 , 0
-1.07485 , 2.57247 , 0
-1.09844 , 2.58502 , 0
-1.12198 , 2.59743 , 0
-1.14545 , 2.60971 , 0
-1.16887 , 2.62185 , 0
-1.19222 , 2.63386 , 0
-1.21552 , 2.64574 , 0
-1.23877 , 2.6575 , 0
-1.26195 , 2.66913 , 0
-1.28508 , 2.68064 , 0
-1.30814 , 2.69203 , 0
-1.33115 , 2.7033 , 0
-1.35411 , 2.71446 , 0
-1.377 , 2.7255 , 0
-1.39984 , 2.73642 , 0
-1.42263 , 2.74724 , 0
-1.44535 , 2.75795 , 0
-1.46802 , 2.76855 , 0
-1.49063 , 2.77904 , 0
-1.51319 , 2.78943 , 0
-1.53569 , 2.79971 , 0
-1.55814 , 2.8099 , 0
-1.58053 , 2.81998 , 0
-1.60286 , 2.82997 , 0
-1.62514 , 2.83986 , 0
-1.64737 , 2.84965 , 0
-1.66954 , 2.85935 , 0
-1.69165 , 2.86896 , 0
-1.71371 , 2.87847 , 0
-1.73572 , 2.8879 , 0
-1.75768 , 2.89723 , 0
-1.77958 , 2.90648 , 0
-1.80143 , 2.91564 , 0
-1.82322 , 2.92472 , 0
-1.84497 , 2.93371 , 0
-1.86666 , 2.94262 , 0
-1.8883 , 2.95145 , 0
-1.90988 , 2.96019 , 0
-1.93142 , 2.96886 , 0
-1.9529 , 2.97745 , 0
-1.97434 , 2.98596 , 0
-1.99572 , 2.99439 , 0
-2.01705 , 3.00275 , 0
-2.03834 , 3.01103 , 0
-2.05957 , 3.01924 , 0
-2.08075 , 3.02737 , 0
-2.10188 , 3.03544 , 0
-2.12297 , 3.04343 , 0
-2.144 , 3.05135 , 0
-2.16499 , 3.05921 , 0
-2.18592 , 3.06699 , 0
-2.20681 , 3.07471 , 0
-2.22765 , 3.08236 , 0
-2.24844 , 3.08994 , 0
-2.26919 , 3.09746 , 0
-2.28989 , 3.10492 , 0
-2.31054 , 3.11231 , 0
-2.33114 , 3.11963 , 0
-2.3517 , 3.1269 , 0
-2.37221 , 3.1341 , 0
-2.39268 , 3.14125 , 0
-2.4131 , 3.14833 , 0
-2.43347 , 3.15535 , 0
-2.4538 , 3.16232 , 0
-2.47409 , 3.16922 , 0
-2.49432 , 3.17607 , 0
-2.51452 , 3.18286 , 0
-2.53467 , 3.1896 , 0
-2.55477 , 3.19628 , 0
-2.57483 , 3.20291 , 0
-2.59485 , 3.20948 , 0
-2.61483 , 3.21599 , 0
-2.63476 , 3.22246 , 0
-2.65464 , 3.22887 , 0
-2.67449 , 3.23523 , 0
-2.69429 , 3.24154 , 0
-2.71405 , 3.24779 , 0
-2.73377 , 3.254 , 0
-2.75344 , 3.26015 , 0
-2.77308 , 3.26626 , 0
-2.79267 , 3.27232 , 0
-2.81222 , 3.27833 , 0
-2.83173 , 3.28429 , 0
-2.8512 , 3.2902 , 0
-2.87063 , 3.29607 , 0
-2.89001 , 3.30189 , 0
-2.90936 , 3.30767 , 0
-2.92867 , 3.31339 , 0
-2.94794 , 3.31908 , 0
-2.96716 , 3.32472 , 0
-2.98635 , 3.33031 , 0
-3.0055 , 3.33586 , 0
-3.02461 , 3.34137 , 0
-3.04368 , 3.34683 , 0
-3.06271 , 3.35225 , 0
-3.0817 , 3.35763 , 0
-3.10066 , 3.36297 , 0
-3.11957 , 3.36827 , 0
-3.13845 , 3.37352 , 0
-3.15729 , 3.37874 , 0
-3.17609 , 3.38391 , 0
-3.19486 , 3.38905 , 0
-3.21359 , 3.39414 , 0
-3.23228 , 3.3992 , 0
-3.25093 , 3.40421 , 0
-3.26955 , 3.40919 , 0
-3.28813 , 3.41413 , 0
-3.30667 , 3.41904 , 0
-3.32518 , 3.4239 , 0
-3.34365 , 3.42873 , 0
-3.36209 , 3.43352 , 0
-3.38049 , 3.43828 , 0
-3.39885 , 3.44299 , 0
-3.41718 , 3.44768 , 0
-3.43548 , 3.45232 , 0
-3.45374 , 3.45694 , 0
-3.47196 , 3.46151 , 0
-3.49015 , 3.46606 , 0
-3.5083 , 3.47056 , 0
-3.52642 , 3.47504 , 0
-3.54451 , 3.47948 , 0
-3.56256 , 3.48389 , 0
-3.58058 , 3.48826 , 0
-3.59856 , 3.4926 , 0
-3.61651 , 3.49691 , 0
-3.63443 , 3.50118 , 0
-3.65231 , 3.50543 , 0
-3.67016 , 3.50964 , 0
-3.68798 , 3.51382 , 0
-3.70577 , 3.51797 , 0
-3.72352 , 3.52209 , 0
-3.74124 , 3.52617 , 0
-3.75892 , 3.53023 , 0
-3.77658 , 3.53426 , 0
-3.7942 , 3.53825 , 0
-3.81179 , 3.54222 , 0
-3.82935 , 3.54616 , 0
-3.84687 , 3.55006 , 0
-3.86437 , 3.55394 , 0
-3.88183 , 3.55779 , 0
-3.89926 , 3.56161 , 0
-3.91666 , 3.5654 , 0
-3.93403 , 3.56917 , 0
-3.95137 , 3.5729 , 0
-3.96868 , 3.57661 , 0
-3.98596 , 3.58029 , 0
-4.0032 , 3.58394 , 0
-4.02042 , 3.58757 , 0
-4.0376 , 3.59117 , 0
-4.05476 , 3.59474 , 0
-4.07189 , 3.59828 , 0
-4.08898 , 3.6018 , 0
-4.10605 , 3.60529 , 0
-4.12308 , 3.60876 , 0
-4.14009 , 3.6122 , 0
-4.15707 , 3.61561 , 0
-4.17401 , 3.619 , 0
-4.19093 , 3.62237 , 0
-4.20782 , 3.62571 , 0
-4.22468 , 3.62902 , 0
-4.24151 , 3.63231 , 0
-4.25832 , 3.63557 , 0
-4.27509 , 3.63882 , 0
-4.29184 , 3.64203 , 0
-4.30855 , 3.64522 , 0
-4.32524 , 3.64839 , 0
-4.3419 , 3.65154 , 0
-4.35854 , 3.65466 , 0
-4.37514 , 3.65775 , 0
-4.39172 , 3.66083 , 0
-4.40827 , 3.66388 , 0
-4.42479 , 3.66691 , 0
-4.44129 , 3.66991 , 0
-4.45775 , 3.6729 , 0
-4.47419 , 3.67586 , 0
-4.4906 , 3.67879 , 0
-4.50699 , 3.68171 , 0
-4.52335 , 3.6846 , 0
-4.53968 , 3.68748 , 0
-4.55598 , 3.69033 , 0
-4.57226 , 3.69315 , 0
-4.58851 , 3.69596 , 0
-4.60474 , 3.69875 , 0
-4.62094 , 3.70151 , 0
-4.63711 , 3.70426 , 0
-4.65326 , 3.70698 , 0
-4.66938 , 3.70968 , 0
-4.68547 , 3.71236 , 0
-4.70154 , 3.71502 , 0
-4.71758 , 3.71766 , 0
-4.7336 , 3.72028 , 0
-4.74959 , 3.72289 , 0
-4.76556 , 3.72547 , 0
-4.7815 , 3.72803 , 0
-4.79741 , 3.73057 , 0
-4.8133 , 3.73309 , 0
-4.82917 , 3.73559 , 0
-4.84501 , 3.73807 , 0
-4.86082 , 3.74054 , 0
-4.87661 , 3.74298 , 0
-4.89238 , 3.74541 , 0
-4.90812 , 3.74781 , 0
-4.92384 , 3.7502 , 0
-4.93953 , 3.75257 , 0
-4.95519 , 3.75492 , 0
-4.97084 , 3.75725 , 0
-4.98646 , 3.75957 , 0
-5.00205 , 3.76186 , 0
-5.01762 , 3.76414 , 0
-5.03317 , 3.7664 , 0
-5.04869 , 3.76864 , 0
-5.06419 , 3.77086 , 0
-5.07966 , 3.77307 , 0
-5.09511 , 3.77526 , 0
-5.11054 , 3.77743 , 0
-5.12595 , 3.77959 , 0
-5.14133 , 3.78172 , 0
-5.15669 , 3.78384 , 0
-5.17202 , 3.78594 , 0
-5.18733 , 3.78803 , 0
-5.20262 , 3.7901 , 0
-5.21788 , 3.79215 , 0
-5.23313 , 3.79419 , 0
-5.24835 , 3.79621 , 0
-5.26354 , 3.79821 , 0
-5.27872 , 3.80019 , 0
-5.29387 , 3.80216 , 0
-5.309 , 3.80412 , 0
-5.3241 , 3.80605 , 0
-5.33919 , 3.80798 , 0
-5.35425 , 3.80988 , 0
-5.36929 , 3.81177 , 0
-5.3843 , 3.81365 , 0
-5.3993 , 3.8155 , 0
-5.41427 , 3.81735 , 0
-5.42922 , 3.81918 , 0
-5.44415 , 3.82099 , 0
-5.45906 , 3.82278 , 0
-5.47394 , 3.82457 , 0
-5.48881 , 3.82633 , 0
-5.50365 , 3.82808 , 0
-5.51847 , 3.82982 , 0
-5.53327 , 3.83154 , 0
-5.54805 , 3.83325 , 0
-5.5628 , 3.83494 , 0
-5.57754 , 3.83662 , 0
-5.59225 , 3.83828 , 0
-5.60695 , 3.83993 , 0
-5.62162 , 3.84156 , 0
-5.63627 , 3.84318 , 0
-5.6509 , 3.84479 , 0
-5.66551 , 3.84638 , 0
-5.68009 , 3.84796 , 0
-5.69466 , 3.84952 , 0
-5.70921 , 3.85107 , 0
-5.72373 , 3.8526 , 0
-5.73824 , 3.85412 , 0
-5.75272 , 3.85563 , 0
-5.76719 , 3.85713 , 0
-5.78163 , 3.85861 , 0
-5.79606 , 3.86007 , 0
-5.81046 , 3.86153 , 0
-5.82484 , 3.86297 , 0
-5.83921 , 3.86439 , 0
-5.85355 , 3.86581 , 0
-5.86787 , 3.86721 , 0
-5.88218 , 3.86859 , 0
-5.89646 , 3.86997 , 0
-5.91072 , 3.87133 , 0
-5.92497 , 3.87268 , 0
-5.93919 , 3.87401 , 0
-5.9534 , 3.87533 , 0
-5.96758 , 3.87664 , 0
-5.98175 , 3.87794 , 0
-5.99589 , 3.87923 , 0
-6.01002 , 3.8805 , 0
-6.02413 , 3.88176 , 0
-6.03821 , 3.883 , 0
-6.05228 , 3.88424 , 0
-6.06633 , 3.88546 , 0
-6.08036 , 3.88667 , 0
-6.09437 , 3.88787 , 0
-6.10837 , 3.88906 , 0
-6.12234 , 3.89023 , 0
-6.13629 , 3.89139 , 0
-6.15023 , 3.89254 , 0
-6.16415 , 3.89368 , 0
-6.17804 , 3.8948 , 0
-6.19192 , 3.89592 , 0
-6.20578 , 3.89702 , 0
-6.21962 , 3.89811 , 0
-6.23345 , 3.89919 , 0
-6.24725 , 3.90026 , 0
-6.26104 , 3.90132 , 0
-6.27481 , 3.90236 , 0
-6.28856 , 3.90339 , 0
-6.30229 , 3.90442 , 0
-6.316 , 3.90543 , 0
-6.3297 , 3.90643 , 0
-6.34337 , 3.90742 , 0
-6.35703 , 3.90839 , 0
-6.37067 , 3.90936 , 0
-6.38429 , 3.91031 , 0
-6.3979 , 3.91126 , 0
-6.41149 , 3.91219 , 0
-6.42505 , 3.91311 , 0
-6.43861 , 3.91403 , 0
-6.45214 , 3.91493 , 0
-6.46565 , 3.91582 , 0
-6.47915 , 3.9167 , 0
-6.49263 , 3.91756 , 0
-6.5061 , 3.91842 , 0
-6.51954 , 3.91927 , 0
-6.53297 , 3.92011 , 0
-6.54638 , 3.92093 , 0
-6.55977 , 3.92175 , 0
-6.57315 , 3.92256 , 0
-6.58651 , 3.92335 , 0
-6.59985 , 3.92414 , 0
-6.61317 , 3.92491 , 0
-6.62648 , 3.92568 , 0
-6.63977 , 3.92643 , 0
-6.65304 , 3.92718 , 0
-6.6663 , 3.92791 , 0
-6.67953 , 3.92864 , 0
-6.69276 , 3.92935 , 0
-6.70596 , 3.93006 , 0
-6.71915 , 3.93075 , 0
-6.73232 , 3.93144 , 0
-6.74547 , 3.93212 , 0
-6.75861 , 3.93278 , 0
-6.77173 , 3.93344 , 0
-6.78484 , 3.93408 , 0
-6.79793 , 3.93472 , 0
-6.811 , 3.93535 , 0
-6.82405 , 3.93597 , 0
-6.83709 , 3.93658 , 0
-6.85011 , 3.93717 , 0
-6.86312 , 3.93776 , 0
-6.87611 , 3.93834 , 0
-6.88908 , 3.93891 , 0
-6.90204 , 3.93948 , 0
-6.91498 , 3.94003 , 0
-6.9279 , 3.94057 , 0
-6.94081 , 3.94111 , 0
-6.9537 , 3.94163 , 0
-6.96658 , 3.94215 , 0
-6.97944 , 3.94265 , 0
-6.99228 , 3.94315 , 0
-7.00511 , 3.94364 , 0
-7.01792 , 3.94412 , 0
-7.03072 , 3.94459 , 0
-7.0435 , 3.94505 , 0
-7.05626 , 3.94551 , 0
-7.06901 , 3.94595 , 0
-7.08174 , 3.94639 , 0
-7.09446 , 3.94681 , 0
-7.10716 , 3.94723 , 0
-7.11985 , 3.94764 , 0
-7.13252 , 3.94804 , 0
-7.14517 , 3.94844 , 0
-7.15781 , 3.94882 , 0
-7.17044 , 3.9492 , 0
-7.18305 , 3.94956 , 0
-7.19564 , 3.94992 , 0
-7.20822 , 3.95027 , 0
-7.22078 , 3.95061 , 0
-7.23333 , 3.95095 , 0
-7.24586 , 3.95127 , 0
-7.25838 , 3.95159 , 0
-7.27088 , 3.9519 , 0
-7.28337 , 3.9522 , 0
-7.29584 , 3.95249 , 0
-7.30829 , 3.95277 , 0
-7.32074 , 3.95305 , 0
-7.33316 , 3.95332 , 0
-7.34557 , 3.95358 , 0
-7.35797 , 3.95383 , 0
-7.37035 , 3.95407 , 0
-7.38272 , 3.95431 , 0
-7.39507 , 3.95454 , 0
-7.40741 , 3.95476 , 0
-7.41973 , 3.95497 , 0
-7.43204 , 3.95518 , 0
-7.44433 , 3.95537 , 0
-7.45661 , 3.95556 , 0
-7.46887 , 3.95574 , 0
-7.48112 , 3.95592 , 0
-7.49336 , 3.95608 , 0
-7.50558 , 3.95624 , 0
-7.51778 , 3.95639 , 0
-7.52997 , 3.95653 , 0
-7.54215 , 3.95667 , 0
-7.55431 , 3.9568 , 0
-7.56646 , 3.95692 , 0
-7.57859 , 3.95703 , 0
-7.59071 , 3.95713 , 0
-7.60282 , 3.95723 , 0
-7.61491 , 3.95732 , 0
-7.62698 , 3.95741 , 0
-7.63905 , 3.95748 , 0
-7.6511 , 3.95755 , 0
-7.66313 , 3.95761 , 0
-7.67515 , 3.95767 , 0
-7.68716 , 3.95771 , 0
-7.69915 , 3.95775 , 0
-7.71112 , 3.95778 , 0
-7.72309 , 3.95781 , 0
-7.73504 , 3.95783 , 0
-7.74697 , 3.95784 , 0
-7.7589 , 3.95784 , 0
-7.77081 , 3.95784 , 0
-7.7827 , 3.95783 , 0
-7.79458 , 3.95781 , 0
-7.80645 , 3.95779 , 0
-7.8183 , 3.95776 , 0
-7.83014 , 3.95772 , 0
-7.84197 , 3.95767 , 0
-7.85378 , 3.95762 , 0
-7.86558 , 3.95756 , 0
-7.87736 , 3.9575 , 0
-7.88913 , 3.95743 , 0
-7.90089 , 3.95735 , 0
-7.91264 , 3.95726 , 0
-7.92437 , 3.95717 , 0
-7.93608 , 3.95707 , 0
-7.94779 , 3.95696 , 0
-7.95948 , 3.95685 , 0
-7.97116 , 3.95673 , 0
-7.98282 , 3.95661 , 0
-7.99447 , 3.95647 , 0
-8.00611 , 3.95633 , 0
-8.01773 , 3.95619 , 0
-8.02934 , 3.95604 , 0
-8.04094 , 3.95588 , 0
-8.05252 , 3.95571 , 0
-8.0641 , 3.95554 , 0
-8.07565 , 3.95536 , 0
-8.0872 , 3.95518 , 0
-8.09873 , 3.95499 , 0
-8.11025 , 3.95479 , 0
-8.12175 , 3.95459 , 0
-8.13325 , 3.95438 , 0
-8.14473 , 3.95416 , 0
-8.15619 , 3.95394 , 0
-8.16765 , 3.95371 , 0
-8.17909 , 3.95348 , 0
-8.19052 , 3.95324 , 0
-8.20193 , 3.95299 , 0
-8.21334 , 3.95274 , 0
-8.22473 , 3.95248 , 0
-8.2361 , 3.95221 , 0
-8.24747 , 3.95194 , 0
-8.25882 , 3.95167 , 0
-8.27016 , 3.95138 , 0
-8.28148 , 3.95109 , 0
-8.2928 , 3.9508 , 0
-8.3041 , 3.9505 , 0
-8.31539 , 3.95019 , 0
-8.32666 , 3.94987 , 0
-8.33792 , 3.94955 , 0
-8.34918 , 3.94923 , 0
-8.36041 , 3.9489 , 0
-8.37164 , 3.94856 , 0
-8.38285 , 3.94822 , 0
-8.39405 , 3.94787 , 0
-8.40524 , 3.94751 , 0
-8.41642 , 3.94715 , 0
-8.42758 , 3.94679 , 0
-8.43873 , 3.94642 , 0
-8.44987 , 3.94604 , 0
-8.461 , 3.94565 , 0
-8.47211 , 3.94526 , 0
-8.48321 , 3.94487 , 0
-8.4943 , 3.94447 , 0
-8.50538 , 3.94406 , 0
-8.51645 , 3.94365 , 0
-8.5275 , 3.94323 , 0
-8.53854 , 3.94281 , 0
-8.54957 , 3.94238 , 0
-8.56059 , 3.94195 , 0
-8.57159 , 3.94151 , 0
-8.58259 , 3.94106 , 0
-8.59357 , 3.94061 , 0
-8.60454 , 3.94016 , 0
-8.61549 , 3.9397 , 0
-8.62644 , 3.93923 , 0
-8.63737 , 3.93876 , 0
-8.64829 , 3.93828 , 0
-8.6592 , 3.93779 , 0
-8.6701 , 3.93731 , 0
-8.68099 , 3.93681 , 0
-8.69186 , 3.93631 , 0
-8.70272 , 3.93581 , 0
-8.71357 , 3.9353 , 0
-8.72441 , 3.93478 , 0
-8.73524 , 3.93426 , 0
-8.74605 , 3.93374 , 0
-8.75685 , 3.9332 , 0
-8.76765 , 3.93267 , 0
-8.77843 , 3.93213 , 0
-8.78919 , 3.93158 , 0
-8.79995 , 3.93103 , 0
-8.8107 , 3.93047 , 0
-8.82143 , 3.92991 , 0
-8.83215 , 3.92934 , 0
-8.84286 , 3.92877 , 0
-8.85356 , 3.92819 , 0
-8.86425 , 3.92761 , 0
-8.87492 , 3.92702 , 0
-8.88559 , 3.92643 , 0
-8.89624 , 3.92583 , 0
-8.90688 , 3.92523 , 0
-8.91751 , 3.92462 , 0
-8.92813 , 3.92401 , 0
-8.93874 , 3.92339 , 0
-8.94933 , 3.92277 , 0
-8.95992 , 3.92214 , 0
-8.97049 , 3.9215 , 0
-8.98105 , 3.92087 , 0
-8.99161 , 3.92022 , 0
-9.00215 , 3.91958 , 0
-9.01267 , 3.91893 , 0
-9.02319 , 3.91827 , 0
-9.0337 , 3.91761 , 0
-9.04419 , 3.91694 , 0
-9.05468 , 3.91627 , 0
-9.06515 , 3.91559 , 0
-9.07561 , 3.91491 , 0
-9.08606 , 3.91422 , 0
-9.0965 , 3.91353 , 0
-9.10693 , 3.91284 , 0
-9.11734 , 3.91214 , 0
-9.12775 , 3.91143 , 0
-9.13815 , 3.91072 , 0
-9.14853 , 3.91001 , 0
-9.1589 , 3.90929 , 0
-9.16927 , 3.90857 , 0
-9.17962 , 3.90784 , 0
-9.18996 , 3.90711 , 0
-9.20029 , 3.90637 , 0
-9.21061 , 3.90563 , 0
-9.22091 , 3.90488 , 0
-9.23121 , 3.90413 , 0
-9.2415 , 3.90337 , 0
-9.25177 , 3.90261 , 0
-9.26204 , 3.90185 , 0
-9.27229 , 3.90108 , 0
-9.28253 , 3.90031 , 0
-9.29277 , 3.89953 , 0
-9.30299 , 3.89874 , 0
-9.3132 , 3.89796 , 0
-9.3234 , 3.89717 , 0
-9.33359 , 3.89637 , 0
-9.34377 , 3.89557 , 0
-9.35394 , 3.89476 , 0
-9.36409 , 3.89396 , 0
-9.37424 , 3.89314 , 0
-9.38438 , 3.89232 , 0
-9.3945 , 3.8915 , 0
-9.40462 , 3.89067 , 0
-9.41472 , 3.88984 , 0
-9.42482 , 3.88901 , 0
-9.4349 , 3.88817 , 0
-9.44498 , 3.88732 , 0
-9.45504 , 3.88648 , 0
-9.46509 , 3.88562 , 0
-9.47513 , 3.88477 , 0
-9.48517 , 3.8839 , 0
-9.49519 , 3.88304 , 0
-9.5052 , 3.88217 , 0
-9.5152 , 3.8813 , 0
-9.52519 , 3.88042 , 0
-9.53517 , 3.87953 , 0
-9.54514 , 3.87865 , 0
-9.5551 , 3.87776 , 0
-9.56505 , 3.87686 , 0
-9.57498 , 3.87596 , 0
-9.58491 , 3.87506 , 0
-9.59483 , 3.87415 , 0
-9.60474 , 3.87324 , 0
-9.61464 , 3.87233 , 0
-9.62452 , 3.87141 , 0
-9.6344 , 3.87048 , 0
-9.64427 , 3.86956 , 0
-9.65413 , 3.86863 , 0
-9.66397 , 3.86769 , 0
-9.67381 , 3.86675 , 0
-9.68364 , 3.86581 , 0
-9.69345 , 3.86486 , 0
-9.70326 , 3.86391 , 0
-9.71306 , 3.86295 , 0
-9.72284 , 3.86199 , 0
-9.73262 , 3.86103 , 0
-9.74239 , 3.86006 , 0
-9.75214 , 3.85909 , 0
-9.76189 , 3.85811 , 0
-9.77163 , 3.85713 , 0
-9.78135 , 3.85615 , 0
-9.79107 , 3.85516 , 0
-9.80078 , 3.85417 , 0
-9.81047 , 3.85318 , 0
-9.82016 , 3.85218 , 0
-9.82984 , 3.85118 , 0
-9.8395 , 3.85017 , 0
-9.84916 , 3.84916 , 0
-9.85881 , 3.84814 , 0
-9.86845 , 3.84713 , 0
-9.87807 , 3.8461 , 0
-9.88769 , 3.84508 , 0
-9.8973 , 3.84405 , 0
-9.9069 , 3.84302 , 0
-9.91649 , 3.84198 , 0
-9.92607 , 3.84094 , 0
-9.93564 , 3.83989 , 0
-9.9452 , 3.83885 , 0
-9.95475 , 3.83779 , 0
-9.96429 , 3.83674 , 0
-9.97382 , 3.83568 , 0
-9.98334 , 3.83462 , 0
-9.99285 , 3.83355 , 0
-10.0024 , 3.83248 , 0
-10.0118 , 3.83141 , 0
-10.0213 , 3.83033 , 0
-10.0308 , 3.82925 , 0
-10.0403 , 3.82816 , 0
-10.0497 , 3.82707 , 0
-10.0592 , 3.82598 , 0
-10.0686 , 3.82489 , 0
-10.078 , 3.82379 , 0
-10.0874 , 3.82268 , 0
-10.0968 , 3.82158 , 0
-10.1062 , 3.82047 , 0
-10.1156 , 3.81935 , 0
-10.125 , 3.81824 , 0
-10.1344 , 3.81711 , 0
-10.1437 , 3.81599 , 0
-10.1531 , 3.81486 , 0
-10.1624 , 3.81373 , 0
-10.1718 , 3.8126 , 0
-10.1811 , 3.81146 , 0
-10.1904 , 3.81032 , 0
-10.1997 , 3.80917 , 0
-10.209 , 3.80802 , 0
-10.2183 , 3.80687 , 0
-10.2275 , 3.80571 , 0
-10.2368 , 3.80456 , 0
-10.2461 , 3.80339 , 0
-10.2553 , 3.80223 , 0
-10.2645 , 3.80106 , 0
-10.2738 , 3.79988 , 0
-10.283 , 3.79871 , 0
-10.2922 , 3.79753 , 0
-10.3014 , 3.79635 , 0
-10.3106 , 3.79516 , 0
-10.3198 , 3.79397 , 0
-10.329 , 3.79278 , 0
-10.3381 , 3.79158 , 0
-10.3473 , 3.79038 , 0
-10.3564 , 3.78918 , 0
-10.3656 , 3.78797 , 0
-10.3747 , 3.78676 , 0
-10.3838 , 3.78555 , 0
-10.3929 , 3.78433 , 0
-10.402 , 3.78311 , 0
-10.4111 , 3.78189 , 0
-10.4202 , 3.78066 , 0
-10.4293 , 3.77944 , 0
-10.4383 , 3.7782 , 0
-10.4474 , 3.77697 , 0
-10.4564 , 3.77573 , 0
-10.4655 , 3.77449 , 0
-10.4745 , 3.77324 , 0
-10.4835 , 3.77199 , 0
-10.4925 , 3.77074 , 0
-10.5015 , 3.76948 , 0
-10.5105 , 3.76823 , 0
-10.5195 , 3.76696 , 0
-10.5285 , 3.7657 , 0
-10.5374 , 3.76443 , 0
-10.5464 , 3.76316 , 0
-10.5553 , 3.76189 , 0
-10.5643 , 3.76061 , 0
-10.5732 , 3.75933 , 0
-10.5821 , 3.75805 , 0
-10.591 , 3.75676 , 0
-10.5999 , 3.75547 , 0
-10.6088 , 3.75418 , 0
-10.6177 , 3.75288 , 0
-10.6266 , 3.75158 , 0
-10.6355 , 3.75028 , 0
-10.6443 , 3.74897 , 0
-10.6532 , 3.74767 , 0
-10.662 , 3.74635 , 0
-10.6709 , 3.74504 , 0
-10.6797 , 3.74372 , 0
-10.6885 , 3.7424 , 0
-10.6973 , 3.74108 , 0
-10.7061 , 3.73975 , 0
-10.7149 , 3.73842 , 0
-10.7237 , 3.73709 , 0
-10.7325 , 3.73575 , 0
-10.7412 , 3.73442 , 0
-10.75 , 3.73307 , 0
-10.7587 , 3.73173 , 0
-10.7675 , 3.73038 , 0
-10.7762 , 3.72903 , 0
-10.7849 , 3.72768 , 0
-10.7936 , 3.72632 , 0
-10.8023 , 3.72496 , 0
-10.811 , 3.7236 , 0
-10.8197 , 3.72224 , 0
-10.8284 , 3.72087 , 0
-10.8371 , 3.7195 , 0
-10.8457 , 3.71812 , 0
-10.8544 , 3.71675 , 0
-10.863 , 3.71537 , 0
-10.8717 , 3.71398 , 0
-10.8803 , 3.7126 , 0
-10.8889 , 3.71121 , 0
-10.8975 , 3.70982 , 0
-10.9061 , 3.70843 , 0
-10.9147 , 3.70703 , 0
-10.9233 , 3.70563 , 0
-10.9319 , 3.70423 , 0
-10.9404 , 3.70282 , 0
-10.949 , 3.70141 , 0
-10.9576 , 3.7 , 0
-10.9661 , 3.69859 , 0
-10.9746 , 3.69717 , 0
-10.9832 , 3.69575 , 0
-10.9917 , 3.69433 , 0
-11.0002 , 3.69291 , 0
-11.0087 , 3.69148 , 0
-11.0172 , 3.69005 , 0
-11.0257 , 3.68862 , 0
-11.0341 , 3.68718 , 0
-11.0426 , 3.68574 , 0
-11.0511 , 3.6843 , 0
-11.0595 , 3.68285 , 0
-11.068 , 3.68141 , 0
-11.0764 , 3.67996 , 0
-11.0848 , 3.67851 , 0
-11.0933 , 3.67705 , 0
-11.1017 , 3.67559 , 0
-11.1101 , 3.67413 , 0
-11.1185 , 3.67267 , 0
-11.1268 , 3.6712 , 0
-11.1352 , 3.66973 , 0
-11.1436 , 3.66826 , 0
-11.152 , 3.66679 , 0
-11.1603 , 3.66531 , 0
-11.1687 , 3.66383 , 0
-11.177 , 3.66235 , 0
-11.1853 , 3.66087 , 0
-11.1936 , 3.65938 , 0
-11.202 , 3.65789 , 0
-11.2103 , 3.6564 , 0
-11.2186 , 3.6549 , 0
-11.2268 , 3.6534 , 0
-11.2351 , 3.6519 , 0
-11.2434 , 3.6504 , 0
-11.2517 , 3.6489 , 0
-11.2599 , 3.64739 , 0
-11.2682 , 3.64588 , 0
-11.2764 , 3.64436 , 0
-11.2846 , 3.64285 , 0
-11.2929 , 3.64133 , 0
-11.3011 , 3.63981 , 0
-11.3093 , 3.63829 , 0
-11.3175 , 3.63676 , 0
-11.3257 , 3.63523 , 0
-11.3339 , 3.6337 , 0
-11.342 , 3.63217 , 0
-11.3502 , 3.63063 , 0
-11.3584 , 3.62909 , 0
-11.3665 , 3.62755 , 0
-11.3747 , 3.62601 , 0
-11.3828 , 3.62446 , 0
-11.3909 , 3.62291 , 0
-11.3991 , 3.62136 , 0
-11.4072 , 3.61981 , 0
-11.4153 , 3.61825 , 0
-11.4234 , 3.61669 , 0
-11.4315 , 3.61513 , 0
-11.4396 , 3.61357 , 0
-11.4476 , 3.612 , 0
-11.4557 , 3.61043 , 0
-11.4638 , 3.60886 , 0
-11.4718 , 3.60729 , 0
-11.4799 , 3.60571 , 0
-11.4879 , 3.60413 , 0
-11.4959 , 3.60255 , 0
-11.5039 , 3.60097 , 0
-11.5119 , 3.59939 , 0
-11.52 , 3.5978 , 0
-11.5279 , 3.59621 , 0
-11.5359 , 3.59461 , 0
-11.5439 , 3.59302 , 0
-11.5519 , 3.59142 , 0
-11.5599 , 3.58982 , 0
-11.5678 , 3.58822 , 0
-11.5758 , 3.58661 , 0
-11.5837 , 3.58501 , 0
-11.5916 , 3.5834 , 0
-11.5996 , 3.58179 , 0
-11.6075 , 3.58017 , 0
-11.6154 , 3.57856 , 0
-11.6233 , 3.57694 , 0
-11.6312 , 3.57532 , 0
-11.6391 , 3.57369 , 0
-11.647 , 3.57207 , 0
-11.6548 , 3.57044 , 0
-11.6627 , 3.56881 , 0
-11.6706 , 3.56718 , 0
-11.6784 , 3.56554 , 0
-11.6863 , 3.5639 , 0
-11.6941 , 3.56226 , 0
-11.7019 , 3.56062 , 0
-11.7098 , 3.55898 , 0
-11.7176 , 3.55733 , 0
-11.7254 , 3.55568 , 0
-11.7332 , 3.55403 , 0
-11.741 , 3.55238 , 0
-11.7487 , 3.55072 , 0
-11.7565 , 3.54906 , 0
-11.7643 , 3.5474 , 0
-11.772 , 3.54574 , 0
-11.7798 , 3.54408 , 0
-11.7875 , 3.54241 , 0
-11.7953 , 3.54074 , 0
-11.803 , 3.53907 , 0
-11.8107 , 3.5374 , 0
-11.8185 , 3.53572 , 0
-11.8262 , 3.53404 , 0
-11.8339 , 3.53236 , 0
-11.8416 , 3.53068 , 0
-11.8492 , 3.529 , 0
-11.8569 , 3.52731 , 0
-11.8646 , 3.52562 , 0
-11.8723 , 3.52393 , 0
-11.8799 , 3.52224 , 0
-11.8876 , 3.52054 , 0
-11.8952 , 3.51884 , 0
-11.9028 , 3.51714 , 0
-11.9105 , 3.51544 , 0
-11.9181 , 3.51374 , 0
-11.9257 , 3.51203 , 0
-11.9333 , 3.51032 , 0
-11.9409 , 3.50861 , 0
-11.9485 , 3.5069 , 0
-11.9561 , 3.50519 , 0
-11.9637 , 3.50347 , 0
-11.9712 , 3.50175 , 0
-11.9788 , 3.50003 , 0
-11.9863 , 3.4983 , 0
-11.9939 , 3.49658 , 0
-12.0014 , 3.49485 , 0
-12.009 , 3.49312 , 0
-12.0165 , 3.49139 , 0
-12.024 , 3.48966 , 0
-12.0315 , 3.48792 , 0
-12.039 , 3.48618 , 0
-12.0465 , 3.48444 , 0
-12.054 , 3.4827 , 0
-12.0615 , 3.48096 , 0
-12.069 , 3.47921 , 0
-12.0764 , 3.47746 , 0
-12.0839 , 3.47571 , 0
-12.0913 , 3.47396 , 0
-12.0988 , 3.4722 , 0
-12.1062 , 3.47045 , 0
-12.1136 , 3.46869 , 0
-12.1211 , 3.46693 , 0
-12.1285 , 3.46516 , 0
-12.1359 , 3.4634 , 0
-12.1433 , 3.46163 , 0
-12.1507 , 3.45986 , 0
-12.1581 , 3.45809 , 0
-12.1655 , 3.45632 , 0
-12.1728 , 3.45455 , 0
-12.1802 , 3.45277 , 0
-12.1876 , 3.45099 , 0
-12.1949 , 3.44921 , 0
-12.2023 , 3.44743 , 0
-12.2096 , 3.44564 , 0
-12.2169 , 3.44386 , 0
-12.2243 , 3.44207 , 0
-12.2316 , 3.44028 , 0
-12.2389 , 3.43848 , 0
-12.2462 , 3.43669 , 0
-12.2535 , 3.43489 , 0
-12.2608 , 3.43309 , 0
-12.2681 , 3.43129 , 0
-12.2753 , 3.42949 , 0
-12.2826 , 3.42769 , 0
-12.2899 , 3.42588 , 0
-12.2971 , 3.42407 , 0
-12.3044 , 3.42226 , 0
-12.3116 , 3.42045 , 0
-12.3188 , 3.41863 , 0
-12.3261 , 3.41682 , 0
-12.3333 , 3.415 , 0
-12.3405 , 3.41318 , 0
-12.3477 , 3.41136 , 0
-12.3549 , 3.40953 , 0
-12.3621 , 3.40771 , 0
-12.3693 , 3.40588 , 0
-12.3765 , 3.40405 , 0
-12.3836 , 3.40222 , 0
-12.3908 , 3.40039 , 0
-12.398 , 3.39855 , 0
-12.4051 , 3.39672 , 0
-12.4123 , 3.39488 , 0
-12.4194 , 3.39304 , 0
-12.4265 , 3.39119 , 0
-12.4336 , 3.38935 , 0
-12.4408 , 3.3875 , 0
-12.4479 , 3.38565 , 0
-12.455 , 3.3838 , 0
-12.4621 , 3.38195 , 0
-12.4692 , 3.3801 , 0
-12.4762 , 3.37824 , 0
-12.4833 , 3.37639 , 0
-12.4904 , 3.37453 , 0
-12.4974 , 3.37266 , 0
-12.5045 , 3.3708 , 0
-12.5115 , 3.36894 , 0
-12.5186 , 3.36707 , 0
-12.5256 , 3.3652 , 0
-12.5326 , 3.36333 , 0
-12.5397 , 3.36146 , 0
-12.5467 , 3.35959 , 0
-12.5537 , 3.35771 , 0
-12.5607 , 3.35583 , 0
-12.5677 , 3.35395 , 0
-12.5747 , 3.35207 , 0
-12.5816 , 3.35019 , 0
-12.5886 , 3.34831 , 0
-12.5956 , 3.34642 , 0
-12.6025 , 3.34453 , 0
-12.6095 , 3.34264 , 0
-12.6164 , 3.34075 , 0
-12.6234 , 3.33886 , 0
-12.6303 , 3.33696 , 0
-12.6372 , 3.33506 , 0
-12.6442 , 3.33316 , 0
-12.6511 , 3.33126 , 0
-12.658 , 3.32936 , 0
-12.6649 , 3.32746 , 0
-12.6718 , 3.32555 , 0
-12.6787 , 3.32364 , 0
-12.6855 , 3.32174 , 0
-12.6924 , 3.31982 , 0
-12.6993 , 3.31791 , 0
-12.7061 , 3.316 , 0
-12.713 , 3.31408 , 0
-12.7198 , 3.31216 , 0
-12.7267 , 3.31024 , 0
-12.7335 , 3.30832 , 0
-12.7403 , 3.3064 , 0
-12.7472 , 3.30448 , 0
-12.754 , 3.30255 , 0
-12.7608 , 3.30062 , 0
-12.7676 , 3.29869 , 0
-12.7744 , 3.29676 , 0
-12.7812 , 3.29483 , 0
-12.7879 , 3.29289 , 0
-12.7947 , 3.29096 , 0
-12.8015 , 3.28902 , 0
-12.8083 , 3.28708 , 0
-12.815 , 3.28514 , 0
-12.8218 , 3.28319 , 0
-12.8285 , 3.28125 , 0
-12.8352 , 3.2793 , 0
-12.842 , 3.27735 , 0
-12.8487 , 3.2754 , 0
-12.8554 , 3.27345 , 0
-12.8621 , 3.2715 , 0
-12.8688 , 3.26954 , 0
-12.8755 , 3.26759 , 0
-12.8822 , 3.26563 , 0
-12.8889 , 3.26367 , 0
-12.8956 , 3.26171 , 0
-12.9022 , 3.25974 , 0
-12.9089 , 3.25778 , 0
-12.9155 , 3.25581 , 0
-12.9222 , 3.25385 , 0
-12.9288 , 3.25188 , 0
-12.9355 , 3.24991 , 0
-12.9421 , 3.24793 , 0
-12.9487 , 3.24596 , 0
-12.9553 , 3.24398 , 0
-12.962 , 3.242 , 0
-12.9686 , 3.24003 , 0
-12.9752 , 3.23805 , 0
-12.9818 , 3.23606 , 0
-12.9883 , 3.23408 , 0
-12.9949 , 3.23209 , 0
-13.0015 , 3.23011 , 0
-13.0081 , 3.22812 , 0
-13.0146 , 3.22613 , 0
-13.0212 , 3.22414 , 0
-13.0277 , 3.22214 , 0
-13.0343 , 3.22015 , 0
-13.0408 , 3.21815 , 0
-13.0473 , 3.21615 , 0
-13.0539 , 3.21415 , 0
-13.0604 , 3.21215 , 0
-13.0669 , 3.21015 , 0
-13.0734 , 3.20815 , 0
-13.0799 , 3.20614 , 0
-13.0864 , 3.20413 , 0
-13.0929 , 3.20212 , 0
-13.0993 , 3.20011 , 0
-13.1058 , 3.1981 , 0
-13.1123 , 3.19609 , 0
-13.1187 , 3.19407 , 0
-13.1252 , 3.19206 , 0
-13.1316 , 3.19004 , 0
-13.1381 , 3.18802 , 0
-13.1445 , 3.186 , 0
-13.1509 , 3.18397 , 0
-13.1574 , 3.18195 , 0
-13.1638 , 3.17992 , 0
-13.1702 , 3.1779 , 0
-13.1766 , 3.17587 , 0
-13.183 , 3.17384 , 0
-13.1894 , 3.17181 , 0
-13.1958 , 3.16977 , 0
-13.2021 , 3.16774 , 0
-13.2085 , 3.1657 , 0
-13.2149 , 3.16366 , 0
-13.2212 , 3.16163 , 0
-13.2276 , 3.15959 , 0
-13.2339 , 3.15754 , 0
-13.2403 , 3.1555 , 0
-13.2466 , 3.15345 , 0
-13.2529 , 3.15141 , 0
-13.2593 , 3.14936 , 0
-13.2656 , 3.14731 , 0
-13.2719 , 3.14526 , 0
-13.2782 , 3.14321 , 0
-13.2845 , 3.14115 , 0
-13.2908 , 3.1391 , 0
-13.2971 , 3.13704 , 0
-13.3033 , 3.13498 , 0
-13.3096 , 3.13292 , 0
-13.3159 , 3.13086 , 0
-13.3221 , 3.1288 , 0
-13.3284 , 3.12674 , 0
-13.3346 , 3.12467 , 0
-13.3409 , 3.1226 , 0
-13.3471 , 3.12054 , 0
-13.3534 , 3.11847 , 0
-13.3596 , 3.1164 , 0
-13.3658 , 3.11432 , 0
-13.372 , 3.11225 , 0
-13.3782 , 3.11017 , 0
-13.3844 , 3.1081 , 0
-13.3906 , 3.10602 , 0
-13.3968 , 3.10394 , 0
-13.403 , 3.10186 , 0
-13.4091 , 3.09978 , 0
-13.4153 , 3.09769 , 0
-13.4215 , 3.09561 , 0
-13.4276 , 3.09352 , 0
-13.4338 , 3.09143 , 0
-13.4399 , 3.08934 , 0
-13.4461 , 3.08725 , 0
-13.4522 , 3.08516 , 0
-13.4583 , 3.08307 , 0
-13.4644 , 3.08097 , 0
-13.4706 , 3.07888 , 0
-13.4767 , 3.07678 , 0
-13.4828 , 3.07468 , 0
-13.4889 , 3.07258 , 0
-13.495 , 3.07048 , 0
-13.501 , 3.06838 , 0
-13.5071 , 3.06627 , 0
-13.5132 , 3.06417 , 0
-13.5193 , 3.06206 , 0
-13.5253 , 3.05995 , 0
-13.5314 , 3.05784 , 0
-13.5374 , 3.05573 , 0
-13.5435 , 3.05362 , 0
-13.5495 , 3.0515 , 0
-13.5555 , 3.04939 , 0
-13.5616 , 3.04727 , 0
-13.5676 , 3.04515 , 0
-13.5736 , 3.04304 , 0
-13.5796 , 3.04091 , 0
-13.5856 , 3.03879 , 0
-13.5916 , 3.03667 , 0
-13.5976 , 3.03455 , 0
-13.6036 , 3.03242 , 0
-13.6095 , 3.03029 , 0
-13.6155 , 3.02816 , 0
-13.6215 , 3.02603 , 0
-13.6274 , 3.0239 , 0
-13.6334 , 3.02177 , 0
-13.6393 , 3.01964 , 0
-13.6453 , 3.0175 , 0
-13.6512 , 3.01537 , 0
-13.6571 , 3.01323 , 0
-13.6631 , 3.01109 , 0
-13.669 , 3.00895 , 0
-13.6749 , 3.00681 , 0
-13.6808 , 3.00467 , 0
-13.6867 , 3.00252 , 0
-13.6926 , 3.00038 , 0
-13.6985 , 2.99823 , 0
-13.7044 , 2.99608 , 0
-13.7102 , 2.99393 , 0
-13.7161 , 2.99178 , 0
-13.722 , 2.98963 , 0
-13.7278 , 2.98748 , 0
-13.7337 , 2.98532 , 0
-13.7395 , 2.98317 , 0
-13.7454 , 2.98101 , 0
-13.7512 , 2.97885 , 0
-13.757 , 2.9767 , 0
-13.7629 , 2.97453 , 0
-13.7687 , 2.97237 , 0
-13.7745 , 2.97021 , 0
-13.7803 , 2.96805 , 0
-13.7861 , 2.96588 , 0
-13.7919 , 2.96371 , 0
-13.7977 , 2.96155 , 0
-13.8035 , 2.95938 , 0
-13.8093 , 2.95721 , 0
-13.815 , 2.95503 , 0
-13.8208 , 2.95286 , 0
-13.8266 , 2.95069 , 0
-13.8323 , 2.94851 , 0
-13.8381 , 2.94634 , 0
-13.8438 , 2.94416 , 0
-13.8495 , 2.94198 , 0
-13.8553 , 2.9398 , 0
-13.861 , 2.93762 , 0
-13.8667 , 2.93543 , 0
-13.8724 , 2.93325 , 0
-13.8781 , 2.93107 , 0
-13.8838 , 2.92888 , 0
-13.8895 , 2.92669 , 0
-13.8952 , 2.9245 , 0
-13.9009 , 2.92231 , 0
-13.9066 , 2.92012 , 0
-13.9123 , 2.91793 , 0
-13.9179 , 2.91574 , 0
-13.9236 , 2.91354 , 0
-13.9293 , 2.91135 , 0
-13.9349 , 2.90915 , 0
-13.9406 , 2.90695 , 0
-13.9462 , 2.90475 , 0
-13.9518 , 2.90255 , 0
-13.9575 , 2.90035 , 0
-13.9631 , 2.89815 , 0
-13.9687 , 2.89594 , 0
-13.9743 , 2.89374 , 0
-13.9799 , 2.89153 , 0
-13.9855 , 2.88932 , 0
-13.9911 , 2.88711 , 0
-13.9967 , 2.8849 , 0
-14.0023 , 2.88269 , 0
-14.0079 , 2.88048 , 0
-14.0134 , 2.87827 , 0
-14.019 , 2.87605 , 0
-14.0246 , 2.87384 , 0
-14.0301 , 2.87162 , 0
-14.0357 , 2.8694 , 0
-14.0412 , 2.86718 , 0
-14.0467 , 2.86496 , 0
-14.0523 , 2.86274 , 0
-14.0578 , 2.86052 , 0
-14.0633 , 2.8583 , 0
-14.0688 , 2.85607 , 0
-14.0743 , 2.85385 , 0
-14.0799 , 2.85162 , 0
-14.0854 , 2.84939 , 0
-14.0908 , 2.84716 , 0
-14.0963 , 2.84493 , 0
-14.1018 , 2.8427 , 0
-14.1073 , 2.84047 , 0
-14.1128 , 2.83823 , 0
-14.1182 , 2.836 , 0
-14.1237 , 2.83376 , 0
-14.1291 , 2.83152 , 0
-14.1346 , 2.82929 , 0
-14.14 , 2.82705 , 0
-14.1455 , 2.82481 , 0
-14.1509 , 2.82256 , 0
-14.1563 , 2.82032 , 0
-14.1617 , 2.81808 , 0
-14.1672 , 2.81583 , 0
-14.1726 , 2.81359 , 0
-14.178 , 2.81134 , 0
-14.1834 , 2.80909 , 0
-14.1888 , 2.80684 , 0
-14.1942 , 2.80459 , 0
-14.1995 , 2.80234 , 0
-14.2049 , 2.80009 , 0
-14.2103 , 2.79783 , 0
-14.2156 , 2.79558 , 0
-14.221 , 2.79332 , 0
-14.2264 , 2.79107 , 0
-14.2317 , 2.78881 , 0
-14.2371 , 2.78655 , 0
-14.2424 , 2.78429 , 0
-14.2477 , 2.78203 , 0
-14.2531 , 2.77977 , 0
-14.2584 , 2.7775 , 0
-14.2637 , 2.77524 , 0
-14.269 , 2.77297 , 0
-14.2743 , 2.77071 , 0
-14.2796 , 2.76844 , 0
-14.2849 , 2.76617 , 0
-14.2902 , 2.7639 , 0
-14.2955 , 2.76163 , 0
-14.3007 , 2.75936 , 0
-14.306 , 2.75709 , 0
-14.3113 , 2.75481 , 0
-14.3165 , 2.75254 , 0
-14.3218 , 2.75026 , 0
-14.3271 , 2.74798 , 0
-14.3323 , 2.74571 , 0
-14.3375 , 2.74343 , 0
-14.3428 , 2.74115 , 0
-14.348 , 2.73887 , 0
-14.3532 , 2.73658 , 0
-14.3584 , 2.7343 , 0
-14.3636 , 2.73202 , 0
-14.3689 , 2.72973 , 0
-14.3741 , 2.72745 , 0
-14.3793 , 2.72516 , 0
-14.3844 , 2.72287 , 0
-14.3896 , 2.72058 , 0
-14.3948 , 2.71829 , 0
-14.4 , 2.716 , 0
-14.4052 , 2.71371 , 0
-14.4103 , 2.71141 , 0
-14.4155 , 2.70912 , 0
-14.4206 , 2.70682 , 0
-14.4258 , 2.70453 , 0
-14.4309 , 2.70223 , 0
-14.4361 , 2.69993 , 0
-14.4412 , 2.69763 , 0
-14.4463 , 2.69533 , 0
-14.4514 , 2.69303 , 0
-14.4565 , 2.69073 , 0
-14.4617 , 2.68842 , 0
-14.4668 , 2.68612 , 0
-14.4719 , 2.68381 , 0
-14.477 , 2.68151 , 0
-14.482 , 2.6792 , 0
-14.4871 , 2.67689 , 0
-14.4922 , 2.67458 , 0
-14.4973 , 2.67227 , 0
-14.5023 , 2.66996 , 0
-14.5074 , 2.66765 , 0
-14.5125 , 2.66534 , 0
-14.5175 , 2.66302 , 0
-14.5226 , 2.66071 , 0
-14.5276 , 2.65839 , 0
-14.5326 , 2.65607 , 0
-14.5377 , 2.65376 , 0
-14.5427 , 2.65144 , 0
-14.5477 , 2.64912 , 0
-14.5527 , 2.6468 , 0
-14.5577 , 2.64447 , 0
-14.5627 , 2.64215 , 0
-14.5677 , 2.63983 , 0
-14.5727 , 2.6375 , 0
-14.5777 , 2.63518 , 0
-14.5827 , 2.63285 , 0
-14.5877 , 2.63052 , 0
-14.5926 , 2.6282 , 0
-14.5976 , 2.62587 , 0
-14.6026 , 2.62354 , 0
-14.6075 , 2.6212 , 0
-14.6125 , 2.61887 , 0
-14.6174 , 2.61654 , 0
-14.6223 , 2.6142 , 0
-14.6273 , 2.61187 , 0
-14.6322 , 2.60953 , 0
-14.6371 , 2.6072 , 0
-14.6421 , 2.60486 , 0
-14.647 , 2.60252 , 0
-14.6519 , 2.60018 , 0
-14.6568 , 2.59784 , 0
-14.6617 , 2.5955 , 0
-14.6666 , 2.59316 , 0
-14.6715 , 2.59081 , 0
-14.6763 , 2.58847 , 0
-14.6812 , 2.58612 , 0
-14.6861 , 2.58378 , 0
-14.691 , 2.58143 , 0
-14.6958 , 2.57908 , 0
-14.7007 , 2.57673 , 0
-14.7055 , 2.57438 , 0
-14.7104 , 2.57203 , 0
-14.7152 , 2.56968 , 0
-14.72 , 2.56733 , 0
-14.7249 , 2.56497 , 0
-14.7297 , 2.56262 , 0
-14.7345 , 2.56026 , 0
-14.7393 , 2.55791 , 0
-14.7441 , 2.55555 , 0
-14.7489 , 2.55319 , 0
-14.7537 , 2.55083 , 0
-14.7585 , 2.54847 , 0
-14.7633 , 2.54611 , 0
-14.7681 , 2.54375 , 0
-14.7729 , 2.54139 , 0
-14.7777 , 2.53903 , 0
-14.7824 , 2.53666 , 0
-14.7872 , 2.5343 , 0
-14.7919 , 2.53193 , 0
-14.7967 , 2.52957 , 0
-14.8014 , 2.5272 , 0
-14.8062 , 2.52483 , 0
-14.8109 , 2.52246 , 0
-14.8156 , 2.52009 , 0
-14.8204 , 2.51772 , 0
-14.8251 , 2.51535 , 0
-14.8298 , 2.51297 , 0
-14.8345 , 2.5106 , 0
-14.8392 , 2.50823 , 0
-14.8439 , 2.50585 , 0
-14.8486 , 2.50347 , 0
-14.8533 , 2.5011 , 0
-14.858 , 2.49872 , 0
-14.8627 , 2.49634 , 0
-14.8674 , 2.49396 , 0
-14.872 , 2.49158 , 0
-14.8767 , 2.4892 , 0
-14.8813 , 2.48682 , 0
-14.886 , 2.48443 , 0
-14.8906 , 2.48205 , 0
-14.8953 , 2.47966 , 0
-14.8999 , 2.47728 , 0
-14.9046 , 2.47489 , 0
-14.9092 , 2.4725 , 0
-14.9138 , 2.47012 , 0
-14.9184 , 2.46773 , 0
-14.9231 , 2.46534 , 0
-14.9277 , 2.46295 , 0
-14.9323 , 2.46056 , 0
-14.9369 , 2.45816 , 0
-14.9415 , 2.45577 , 0
-14.946 , 2.45338 , 0
-14.9506 , 2.45098 , 0
-14.9552 , 2.44859 , 0
-14.9598 , 2.44619 , 0
-14.9643 , 2.44379 , 0
-14.9689 , 2.44139 , 0
-14.9735 , 2.43899 , 0
-14.978 , 2.43659 , 0
-14.9826 , 2.43419 , 0
-14.9871 , 2.43179 , 0
-14.9916 , 2.42939 , 0
-14.9962 , 2.42699 , 0
-15.0007 , 2.42458 , 0
-15.0052 , 2.42218 , 0
-15.0097 , 2.41977 , 0
-15.0143 , 2.41737 , 0
-15.0188 , 2.41496 , 0
-15.0233 , 2.41255 , 0
-15.0278 , 2.41014 , 0
-15.0323 , 2.40773 , 0
-15.0367 , 2.40532 , 0
-15.0412 , 2.40291 , 0
-15.0457 , 2.4005 , 0
-15.0502 , 2.39809 , 0
-15.0546 , 2.39568 , 0
-15.0591 , 2.39326 , 0
-15.0636 , 2.39085 , 0
-15.068 , 2.38843 , 0
-15.0725 , 2.38601 , 0
-15.0769 , 2.3836 , 0
-15.0813 , 2.38118 , 0
-15.0858 , 2.37876 , 0
-15.0902 , 2.37634 , 0
-15.0946 , 2.37392 , 0
-15.099 , 2.3715 , 0
-15.1034 , 2.36908 , 0
-15.1079 , 2.36665 , 0
-15.1123 , 2.36423 , 0
-15.1167 , 2.36181 , 0
-15.121 , 2.35938 , 0
-15.1254 , 2.35695 , 0
-15.1298 , 2.35453 , 0
-15.1342 , 2.3521 , 0
-15.1386 , 2.34967 , 0
-15.1429 , 2.34724 , 0
-15.1473 , 2.34481 , 0
-15.1517 , 2.34238 , 0
-15.156 , 2.33995 , 0
-15.1604 , 2.33752 , 0
-15.1647 , 2.33509 , 0
-15.169 , 2.33265 , 0
-15.1734 , 2.33022 , 0
-15.1777 , 2.32778 , 0
-15.182 , 2.32535 , 0
-15.1863 , 2.32291 , 0
-15.1906 , 2.32047 , 0
-15.195 , 2.31804 , 0
-15.1993 , 2.3156 , 0
-15.2036 , 2.31316 , 0
-15.2078 , 2.31072 , 0
-15.2121 , 2.30828 , 0
-15.2164 , 2.30584 , 0
-15.2207 , 2.30339 , 0
-15.225 , 2.30095 , 0
-15.2292 , 2.29851 , 0
-15.2335 , 2.29606 , 0
-15.2378 , 2.29362 , 0
-15.242 , 2.29117 , 0
-15.2463 , 2.28872 , 0
-15.2505 , 2.28628 , 0
-15.2547 , 2.28383 , 0
-15.259 , 2.28138 , 0
-15.2632 , 2.27893 , 0
-15.2674 , 2.27648 , 0
-15.2717 , 2.27403 , 0
-15.2759 , 2.27157 , 0
-15.2801 , 2.26912 , 0
-15.2843 , 2.26667 , 0
-15.2885 , 2.26421 , 0
-15.2927 , 2.26176 , 0
-15.2969 , 2.2593 , 0
-15.3011 , 2.25685 , 0
-15.3052 , 2.25439 , 0
-15.3094 , 2.25193 , 0
-15.3136 , 2.24947 , 0
-15.3177 , 2.24702 , 0
-15.3219 , 2.24456 , 0
-15.3261 , 2.2421 , 0
-15.3302 , 2.23963 , 0
-15.3344 , 2.23717 , 0
-15.3385 , 2.23471 , 0
-15.3426 , 2.23225 , 0
-15.3468 , 2.22978 , 0
-15.3509 , 2.22732 , 0
-15.355 , 2.22485 , 0
-15.3591 , 2.22239 , 0
-15.3632 , 2.21992 , 0
-15.3673 , 2.21745 , 0
-15.3715 , 2.21498 , 0
-15.3755 , 2.21251 , 0
-15.3796 , 2.21005 , 0
-15.3837 , 2.20757 , 0
-15.3878 , 2.2051 , 0
-15.3919 , 2.20263 , 0
-15.396 , 2.20016 , 0
-15.4 , 2.19769 , 0
-15.4041 , 2.19521 , 0
-15.4082 , 2.19274 , 0
-15.4122 , 2.19026 , 0
-15.4163 , 2.18779 , 0
-15.4203 , 2.18531 , 0
-15.4243 , 2.18283 , 0
-15.4284 , 2.18036 , 0
-15.4324 , 2.17788 , 0
-15.4364 , 2.1754 , 0
-15.4405 , 2.17292 , 0
-15.4445 , 2.17044 , 0
-15.4485 , 2.16796 , 0
-15.4525 , 2.16548 , 0
-15.4565 , 2.16299 , 0
-15.4605 , 2.16051 , 0
-15.4645 , 2.15803 , 0
-15.4685 , 2.15554 , 0
-15.4724 , 2.15306 , 0
-15.4764 , 2.15057 , 0
-15.4804 , 2.14809 , 0
-15.4844 , 2.1456 , 0
-15.4883 , 2.14311 , 0
-15.4923 , 2.14062 , 0
-15.4962 , 2.13813 , 0
-15.5002 , 2.13564 , 0
-15.5041 , 2.13315 , 0
-15.5081 , 2.13066 , 0
-15.512 , 2.12817 , 0
-15.5159 , 2.12568 , 0
-15.5199 , 2.12319 , 0
-15.5238 , 2.12069 , 0
-15.5277 , 2.1182 , 0
-15.5316 , 2.1157 , 0
-15.5355 , 2.11321 , 0
-15.5394 , 2.11071 , 0
-15.5433 , 2.10822 , 0
-15.5472 , 2.10572 , 0
-15.5511 , 2.10322 , 0
-15.555 , 2.10072 , 0
-15.5588 , 2.09822 , 0
-15.5627 , 2.09572 , 0
-15.5666 , 2.09322 , 0
-15.5704 , 2.09072 , 0
-15.5743 , 2.08822 , 0
-15.5782 , 2.08572 , 0
-15.582 , 2.08321 , 0
-15.5859 , 2.08071 , 0
-15.5897 , 2.0782 , 0
-15.5935 , 2.0757 , 0
-15.5974 , 2.07319 , 0
-15.6012 , 2.07069 , 0
-15.605 , 2.06818 , 0
-15.6088 , 2.06567 , 0
-15.6126 , 2.06317 , 0
-15.6164 , 2.06066 , 0
-15.6202 , 2.05815 , 0
-15.624 , 2.05564 , 0
-15.6278 , 2.05313 , 0
-15.6316 , 2.05062 , 0
-15.6354 , 2.04811 , 0
-15.6392 , 2.04559 , 0
-15.6429 , 2.04308 , 0
-15.6467 , 2.04057 , 0
-15.6505 , 2.03805 , 0
-15.6542 , 2.03554 , 0
-15.658 , 2.03302 , 0
-15.6617 , 2.03051 , 0
-15.6655 , 2.02799 , 0
-15.6692 , 2.02547 , 0
-15.673 , 2.02295 , 0
-15.6767 , 2.02044 , 0
-15.6804 , 2.01792 , 0
-15.6841 , 2.0154 , 0
-15.6879 , 2.01288 , 0
-15.6916 , 2.01036 , 0
-15.6953 , 2.00784 , 0
-15.699 , 2.00531 , 0
-15.7027 , 2.00279 , 0
-15.7064 , 2.00027 , 0
-15.7101 , 1.99774 , 0
-15.7137 , 1.99522 , 0
-15.7174 , 1.9927 , 0
-15.7211 , 1.99017 , 0
-15.7248 , 1.98764 , 0
-15.7284 , 1.98512 , 0
-15.7321 , 1.98259 , 0
-15.7358 , 1.98006 , 0
-15.7394 , 1.97753 , 0
-15.7431 , 1.97501 , 0
-15.7467 , 1.97248 , 0
-15.7503 , 1.96995 , 0
-15.754 , 1.96742 , 0
-15.7576 , 1.96488 , 0
-15.7612 , 1.96235 , 0
-15.7648 , 1.95982 , 0
-15.7685 , 1.95729 , 0
-15.7721 , 1.95475 , 0
-15.7757 , 1.95222 , 0
-15.7793 , 1.94969 , 0
-15.7829 , 1.94715 , 0
-15.7865 , 1.94461 , 0
-15.79 , 1.94208 , 0
-15.7936 , 1.93954 , 0
-15.7972 , 1.937 , 0
-15.8008 , 1.93447 , 0
-15.8043 , 1.93193 , 0
-15.8079 , 1.92939 , 0
-15.8115 , 1.92685 , 0
-15.815 , 1.92431 , 0
-15.8186 , 1.92177 , 0
-15.8221 , 1.91923 , 0
-15.8257 , 1.91668 , 0
-15.8292 , 1.91414 , 0
-15.8327 , 1.9116 , 0
-15.8362 , 1.90906 , 0
-15.8398 , 1.90651 , 0
-15.8433 , 1.90397 , 0
-15.8468 , 1.90142 , 0
-15.8503 , 1.89888 , 0
-15.8538 , 1.89633 , 0
-15.8573 , 1.89378 , 0
-15.8608 , 1.89124 , 0
-15.8643 , 1.88869 , 0
-15.8678 , 1.88614 , 0
-15.8713 , 1.88359 , 0
-15.8747 , 1.88104 , 0
-15.8782 , 1.87849 , 0
-15.8817 , 1.87594 , 0
-15.8851 , 1.87339 , 0
-15.8886 , 1.87084 , 0
-15.8921 , 1.86829 , 0
-15.8955 , 1.86573 , 0
-15.8989 , 1.86318 , 0
-15.9024 , 1.86063 , 0
-15.9058 , 1.85807 , 0
-15.9092 , 1.85552 , 0
-15.9127 , 1.85296 , 0
-15.9161 , 1.85041 , 0
-15.9195 , 1.84785 , 0
-15.9229 , 1.84529 , 0
-15.9263 , 1.84274 , 0
-15.9297 , 1.84018 , 0
-15.9331 , 1.83762 , 0
-15.9365 , 1.83506 , 0
-15.9399 , 1.8325 , 0
-15.9433 , 1.82994 , 0
-15.9467 , 1.82738 , 0
-15.9501 , 1.82482 , 0
-15.9534 , 1.82226 , 0
-15.9568 , 1.8197 , 0
-15.9602 , 1.81713 , 0
-15.9635 , 1.81457 , 0
-15.9669 , 1.81201 , 0
-15.9702 , 1.80944 , 0
-15.9736 , 1.80688 , 0
-15.9769 , 1.80431 , 0
-15.9802 , 1.80175 , 0
-15.9836 , 1.79918 , 0
-15.9869 , 1.79661 , 0
-15.9902 , 1.79405 , 0
-15.9935 , 1.79148 , 0
-15.9968 , 1.78891 , 0
-16.0001 , 1.78634 , 0
-16.0035 , 1.78377 , 0
-16.0068 , 1.7812 , 0
-16.01 , 1.77863 , 0
-16.0133 , 1.77606 , 0
-16.0166 , 1.77349 , 0
-16.0199 , 1.77092 , 0
-16.0232 , 1.76835 , 0
-16.0264 , 1.76578 , 0
-16.0297 , 1.7632 , 0
-16.033 , 1.76063 , 0
-16.0362 , 1.75806 , 0
-16.0395 , 1.75548 , 0
-16.0427 , 1.75291 , 0
-16.046 , 1.75033 , 0
-16.0492 , 1.74776 , 0
-16.0525 , 1.74518 , 0
-16.0557 , 1.7426 , 0
-16.0589 , 1.74002 , 0
-16.0621 , 1.73745 , 0
-16.0654 , 1.73487 , 0
-16.0686 , 1.73229 , 0
-16.0718 , 1.72971 , 0
-16.075 , 1.72713 , 0
-16.0782 , 1.72455 , 0
-16.0814 , 1.72197 , 0
-16.0846 , 1.71939 , 0
-16.0878 , 1.71681 , 0
-16.0909 , 1.71422 , 0
-16.0941 , 1.71164 , 0
-16.0973 , 1.70906 , 0
-16.1005 , 1.70648 , 0
-16.1036 , 1.70389 , 0
-16.1068 , 1.70131 , 0
-16.1099 , 1.69872 , 0
-16.1131 , 1.69614 , 0
-16.1162 , 1.69355 , 0
-16.1194 , 1.69096 , 0
-16.1225 , 1.68838 , 0
-16.1256 , 1.68579 , 0
-16.1288 , 1.6832 , 0
-16.1319 , 1.68061 , 0
-16.135 , 1.67803 , 0
-16.1381 , 1.67544 , 0
-16.1412 , 1.67285 , 0
-16.1443 , 1.67026 , 0
-16.1474 , 1.66767 , 0
-16.1505 , 1.66508 , 0
-16.1536 , 1.66248 , 0
-16.1567 , 1.65989 , 0
-16.1598 , 1.6573 , 0
-16.1629 , 1.65471 , 0
-16.166 , 1.65211 , 0
-16.169 , 1.64952 , 0
-16.1721 , 1.64693 , 0
-16.1751 , 1.64433 , 0
-16.1782 , 1.64174 , 0
-16.1813 , 1.63914 , 0
-16.1843 , 1.63655 , 0
-16.1873 , 1.63395 , 0
-16.1904 , 1.63135 , 0
-16.1934 , 1.62876 , 0
-16.1965 , 1.62616 , 0
-16.1995 , 1.62356 , 0
-16.2025 , 1.62096 , 0
-16.2055 , 1.61836 , 0
-16.2085 , 1.61576 , 0
-16.2115 , 1.61316 , 0
-16.2145 , 1.61056 , 0
-16.2175 , 1.60796 , 0
-16.2205 , 1.60536 , 0
-16.2235 , 1.60276 , 0
-16.2265 , 1.60016 , 0
-16.2295 , 1.59756 , 0
-16.2325 , 1.59495 , 0
-16.2354 , 1.59235 , 0
-16.2384 , 1.58975 , 0
-16.2414 , 1.58714 , 0
-16.2443 , 1.58454 , 0
-16.2473 , 1.58193 , 0
-16.2502 , 1.57933 , 0
-16.2532 , 1.57672 , 0
-16.2561 , 1.57412 , 0
-16.2591 , 1.57151 , 0
-16.262 , 1.5689 , 0
-16.2649 , 1.5663 , 0
-16.2678 , 1.56369 , 0
-16.2708 , 1.56108 , 0
-16.2737 , 1.55847 , 0
-16.2766 , 1.55586 , 0
-16.2795 , 1.55325 , 0
-16.2824 , 1.55064 , 0
-16.2853 , 1.54803 , 0
-16.2882 , 1.54542 , 0
-16.2911 , 1.54281 , 0
-16.294 , 1.5402 , 0
-16.2968 , 1.53759 , 0
-16.2997 , 1.53497 , 0
-16.3026 , 1.53236 , 0
-16.3055 , 1.52975 , 0
-16.3083 , 1.52714 , 0
-16.3112 , 1.52452 , 0
-16.314 , 1.52191 , 0
-16.3169 , 1.51929 , 0
-16.3197 , 1.51668 , 0
-16.3226 , 1.51406 , 0
-16.3254 , 1.51145 , 0
-16.3282 , 1.50883 , 0
-16.3311 , 1.50621 , 0
-16.3339 , 1.5036 , 0
-16.3367 , 1.50098 , 0
-16.3395 , 1.49836 , 0
-16.3423 , 1.49574 , 0
-16.3451 , 1.49312 , 0
-16.3479 , 1.4905 , 0
-16.3507 , 1.48788 , 0
