x , y , z
0 , 0 , 0
4.49532e-008 , 0 , 0
1.34856e-007 , 2.87204e-010 , 0
2.6969e-007 , 1.14763e-009 , 0
4.49421e-007 , 2.86439e-009 , 0
6.74e-007 , 5.71599e-009 , 0
9.43363e-007 , 9.97483e-009 , 0
1.25744e-006 , 1.59058e-008 , 0
1.61613e-006 , 2.37652e-008 , 0
2.01935e-006 , 3.37997e-008 , 0
2.46699e-006 , 4.62456e-008 , 0
2.95893e-006 , 6.13284e-008 , 0
3.49506e-006 , 7.92625e-008 , 0
4.07524e-006 , 1.00251e-007 , 0
4.69936e-006 , 1.24487e-007 , 0
5.36729e-006 , 1.5215e-007 , 0
6.07888e-006 , 1.83413e-007 , 0
6.83403e-006 , 2.18436e-007 , 0
7.63258e-006 , 2.57371e-007 , 0
8.47443e-006 , 3.00361e-007 , 0
9.35945e-006 , 3.47543e-007 , 0
1.02875e-005 , 3.99043e-007 , 0
1.12585e-005 , 4.54985e-007 , 0
1.22723e-005 , 5.15482e-007 , 0
1.33288e-005 , 5.80647e-007 , 0
1.44279e-005 , 6.50585e-007 , 0
1.55695e-005 , 7.25397e-007 , 0
1.67535e-005 , 8.05184e-007 , 0
1.79799e-005 , 8.9004e-007 , 0
1.92484e-005 , 9.80058e-007 , 0
2.05591e-005 , 1.07533e-006 , 0
2.19119e-005 , 1.17595e-006 , 0
2.33066e-005 , 1.28199e-006 , 0
2.47432e-005 , 1.39356e-006 , 0
2.62217e-005 , 1.51073e-006 , 0
2.7742e-005 , 1.6336e-006 , 0
2.9304e-005 , 1.76224e-006 , 0
3.09076e-005 , 1.89674e-006 , 0
3.25529e-005 , 2.03719e-006 , 0
3.42396e-005 , 2.18367e-006 , 0
3.59679e-005 , 2.33627e-006 , 0
3.77376e-005 , 2.49508e-006 , 0
3.95487e-005 , 2.66018e-006 , 0
4.14012e-005 , 2.83166e-006 , 0
4.3295e-005 , 3.0096e-006 , 0
4.523e-005 , 3.1941e-006 , 0
4.72062e-005 , 3.38524e-006 , 0
4.92237e-005 , 3.58312e-006 , 0
5.12822e-005 , 3.78781e-006 , 0
5.33819e-005 , 3.99942e-006 , 0
5.55227e-005 , 4.21803e-006 , 0
5.77045e-005 , 4.44374e-006 , 0
5.99272e-005 , 4.67664e-006 , 0
6.2191e-005 , 4.91682e-006 , 0
6.44957e-005 , 5.16438e-006 , 0
6.68413e-005 , 5.4194e-006 , 0
6.92278e-005 , 5.682e-006 , 0
7.16551e-005 , 5.95225e-006 , 0
7.41232e-005 , 6.23026e-006 , 0
7.66321e-005 , 6.51613e-006 , 0
7.91818e-005 , 6.80995e-006 , 0
8.17722e-005 , 7.11181e-006 , 0
8.44032e-005 , 7.42183e-006 , 0
8.7075e-005 , 7.7401e-006 , 0
8.97874e-005 , 8.06671e-006 , 0
9.25404e-005 , 8.40177e-006 , 0
9.53339e-005 , 8.74538e-006 , 0
9.81681e-005 , 9.09764e-006 , 0
0.000101043 , 9.45866e-006 , 0
0.000103958 , 9.82852e-006 , 0
0.000106913 , 1.02073e-005 , 0
0.00010991 , 1.05952e-005 , 0
0.000112946 , 1.09923e-005 , 0
0.000116023 , 1.13986e-005 , 0
0.00011914 , 1.18142e-005 , 0
0.000122298 , 1.22394e-005 , 0
0.000125495 , 1.26741e-005 , 0
0.000128734 , 1.31185e-005 , 0
0.000132012 , 1.35727e-005 , 0
0.000135331 , 1.40368e-005 , 0
0.000138689 , 1.45108e-005 , 0
0.000142088 , 1.4995e-005 , 0
0.000145527 , 1.54894e-005 , 0
0.000149006 , 1.59941e-005 , 0
0.000152526 , 1.65092e-005 , 0
0.000156085 , 1.70349e-005 , 0
0.000159684 , 1.75712e-005 , 0
0.000163323 , 1.81182e-005 , 0
0.000167003 , 1.86761e-005 , 0
0.000170722 , 1.92449e-005 , 0
0.000174481 , 1.98248e-005 , 0
0.00017828 , 2.04159e-005 , 0
0.000182118 , 2.10183e-005 , 0
0.000185997 , 2.1632e-005 , 0
0.000189915 , 2.22572e-005 , 0
0.000193873 , 2.28941e-005 , 0
0.000197871 , 2.35426e-005 , 0
0.000201908 , 2.4203e-005 , 0
0.000205985 , 2.48753e-005 , 0
0.000210101 , 2.55596e-005 , 0
0.000214257 , 2.62561e-005 , 0
0.000218453 , 2.69649e-005 , 0
0.000222688 , 2.7686e-005 , 0
0.000226963 , 2.84195e-005 , 0
0.000231277 , 2.91657e-005 , 0
0.00023563 , 2.99245e-005 , 0
0.000240023 , 3.06962e-005 , 0
0.000244455 , 3.14807e-005 , 0
0.000248926 , 3.22783e-005 , 0
0.000253437 , 3.3089e-005 , 0
0.000257987 , 3.39129e-005 , 0
0.000262576 , 3.47502e-005 , 0
0.000267204 , 3.56009e-005 , 0
0.000271871 , 3.64652e-005 , 0
0.000276577 , 3.73432e-005 , 0
0.000281323 , 3.82349e-005 , 0
0.000286107 , 3.91405e-005 , 0
0.00029093 , 4.00602e-005 , 0
0.000295792 , 4.09939e-005 , 0
0.000300693 , 4.19418e-005 , 0
0.000305633 , 4.29041e-005 , 0
0.000310612 , 4.38808e-005 , 0
0.000315629 , 4.48721e-005 , 0
0.000320685 , 4.5878e-005 , 0
0.00032578 , 4.68986e-005 , 0
0.000330913 , 4.79342e-005 , 0
0.000336085 , 4.89847e-005 , 0
0.000341296 , 5.00503e-005 , 0
0.000346545 , 5.11311e-005 , 0
0.000351832 , 5.22272e-005 , 0
0.000357158 , 5.33387e-005 , 0
0.000362522 , 5.44657e-005 , 0
0.000367924 , 5.56084e-005 , 0
0.000373365 , 5.67668e-005 , 0
0.000378844 , 5.7941e-005 , 0
0.000384361 , 5.91313e-005 , 0
0.000389917 , 6.03375e-005 , 0
0.00039551 , 6.156e-005 , 0
0.000401142 , 6.27987e-005 , 0
0.000406811 , 6.40538e-005 , 0
0.000412518 , 6.53254e-005 , 0
0.000418264 , 6.66136e-005 , 0
0.000424047 , 6.79185e-005 , 0
0.000429868 , 6.92403e-005 , 0
0.000435727 , 7.05789e-005 , 0
0.000441623 , 7.19346e-005 , 0
0.000447558 , 7.33074e-005 , 0
0.000453529 , 7.46975e-005 , 0
0.000459539 , 7.6105e-005 , 0
0.000465586 , 7.75299e-005 , 0
0.00047167 , 7.89723e-005 , 0
0.000477792 , 8.04325e-005 , 0
0.000483951 , 8.19104e-005 , 0
0.000490148 , 8.34062e-005 , 0
0.000496382 , 8.492e-005 , 0
0.000502653 , 8.6452e-005 , 0
0.000508961 , 8.80021e-005 , 0
0.000515306 , 8.95705e-005 , 0
0.000521689 , 9.11574e-005 , 0
0.000528108 , 9.27628e-005 , 0
0.000534564 , 9.43868e-005 , 0
0.000541058 , 9.60295e-005 , 0
0.000547588 , 9.76911e-005 , 0
0.000554155 , 9.93717e-005 , 0
0.000560758 , 0.000101071 , 0
0.000567399 , 0.00010279 , 0
0.000574076 , 0.000104528 , 0
0.00058079 , 0.000106285 , 0
0.00058754 , 0.000108062 , 0
0.000594326 , 0.000109859 , 0
0.000601149 , 0.000111675 , 0
0.000608009 , 0.000113511 , 0
0.000614904 , 0.000115367 , 0
0.000621836 , 0.000117242 , 0
0.000628805 , 0.000119138 , 0
0.000635809 , 0.000121054 , 0
0.000642849 , 0.000122991 , 0
0.000649926 , 0.000124948 , 0
0.000657038 , 0.000126925 , 0
0.000664186 , 0.000128923 , 0
0.00067137 , 0.000130942 , 0
0.00067859 , 0.000132981 , 0
0.000685846 , 0.000135042 , 0
0.000693137 , 0.000137123 , 0
0.000700464 , 0.000139226 , 0
0.000707826 , 0.000141349 , 0
0.000715224 , 0.000143495 , 0
0.000722657 , 0.000145661 , 0
0.000730126 , 0.000147849 , 0
0.00073763 , 0.000150059 , 0
0.000745169 , 0.00015229 , 0
0.000752743 , 0.000154544 , 0
0.000760353 , 0.000156819 , 0
0.000767997 , 0.000159116 , 0
0.000775676 , 0.000161436 , 0
0.000783391 , 0.000163778 , 0
0.00079114 , 0.000166142 , 0
0.000798924 , 0.000168528 , 0
0.000806743 , 0.000170937 , 0
0.000814596 , 0.000173369 , 0
0.000822484 , 0.000175823 , 0
0.000830407 , 0.000178301 , 0
0.000838364 , 0.000180801 , 0
0.000846355 , 0.000183324 , 0
0.000854381 , 0.000185871 , 0
0.000862441 , 0.00018844 , 0
0.000870535 , 0.000191033 , 0
0.000878663 , 0.00019365 , 0
0.000886826 , 0.00019629 , 0
0.000895022 , 0.000198953 , 0
0.000903252 , 0.000201641 , 0
0.000911516 , 0.000204352 , 0
0.000919814 , 0.000207087 , 0
0.000928146 , 0.000209846 , 0
0.000936511 , 0.000212629 , 0
0.00094491 , 0.000215437 , 0
0.000953342 , 0.000218269 , 0
0.000961808 , 0.000221125 , 0
0.000970307 , 0.000224006 , 0
0.00097884 , 0.000226911 , 0
0.000987406 , 0.000229841 , 0
0.000996004 , 0.000232796 , 0
0.00100464 , 0.000235775 , 0
0.0010133 , 0.00023878 , 0
0.001022 , 0.00024181 , 0
0.00103073 , 0.000244865 , 0
0.00103949 , 0.000247945 , 0
0.00104829 , 0.000251051 , 0
0.00105712 , 0.000254182 , 0
0.00106598 , 0.000257338 , 0
0.00107487 , 0.000260521 , 0
0.0010838 , 0.000263729 , 0
0.00109276 , 0.000266962 , 0
0.00110175 , 0.000270222 , 0
0.00111077 , 0.000273508 , 0
0.00111983 , 0.00027682 , 0
0.00112892 , 0.000280158 , 0
0.00113804 , 0.000283522 , 0
0.00114719 , 0.000286913 , 0
0.00115637 , 0.00029033 , 0
0.00116559 , 0.000293774 , 0
0.00117483 , 0.000297245 , 0
0.00118411 , 0.000300742 , 0
0.00119342 , 0.000304266 , 0
0.00120276 , 0.000307817 , 0
0.00121213 , 0.000311395 , 0
0.00122154 , 0.000315 , 0
0.00123097 , 0.000318633 , 0
0.00124044 , 0.000322292 , 0
0.00124994 , 0.00032598 , 0
0.00125946 , 0.000329694 , 0
0.00126902 , 0.000333436 , 0
0.00127861 , 0.000337206 , 0
0.00128823 , 0.000341004 , 0
0.00129788 , 0.000344829 , 0
0.00130757 , 0.000348682 , 0
0.00131728 , 0.000352564 , 0
0.00132702 , 0.000356473 , 0
0.00133679 , 0.000360411 , 0
0.0013466 , 0.000364376 , 0
0.00135643 , 0.000368371 , 0
0.00136629 , 0.000372393 , 0
0.00137619 , 0.000376445 , 0
0.00138611 , 0.000380524 , 0
0.00139606 , 0.000384633 , 0
0.00140605 , 0.00038877 , 0
0.00141606 , 0.000392937 , 0
0.0014261 , 0.000397132 , 0
0.00143617 , 0.000401356 , 0
0.00144628 , 0.000405609 , 0
0.00145641 , 0.000409892 , 0
0.00146657 , 0.000414204 , 0
0.00147675 , 0.000418545 , 0
0.00148697 , 0.000422916 , 0
0.00149722 , 0.000427316 , 0
0.00150749 , 0.000431746 , 0
0.0015178 , 0.000436206 , 0
0.00152813 , 0.000440695 , 0
0.00153849 , 0.000445215 , 0
0.00154889 , 0.000449764 , 0
0.0015593 , 0.000454343 , 0
0.00156975 , 0.000458953 , 0
0.00158023 , 0.000463593 , 0
0.00159073 , 0.000468263 , 0
0.00160126 , 0.000472963 , 0
0.00161182 , 0.000477694 , 0
0.00162241 , 0.000482455 , 0
0.00163303 , 0.000487247 , 0
0.00164367 , 0.00049207 , 0
0.00165434 , 0.000496924 , 0
0.00166504 , 0.000501808 , 0
0.00167577 , 0.000506723 , 0
0.00168652 , 0.00051167 , 0
0.0016973 , 0.000516647 , 0
0.00170811 , 0.000521656 , 0
0.00171895 , 0.000526696 , 0
0.00172981 , 0.000531767 , 0
0.0017407 , 0.000536869 , 0
0.00175161 , 0.000542004 , 0
0.00176256 , 0.000547169 , 0
0.00177353 , 0.000552367 , 0
0.00178452 , 0.000557596 , 0
0.00179555 , 0.000562856 , 0
0.0018066 , 0.000568149 , 0
0.00181767 , 0.000573474 , 0
0.00182877 , 0.00057883 , 0
0.0018399 , 0.000584219 , 0
0.00185105 , 0.00058964 , 0
0.00186223 , 0.000595093 , 0
0.00187344 , 0.000600579 , 0
0.00188467 , 0.000606097 , 0
0.00189593 , 0.000611647 , 0
0.00190721 , 0.00061723 , 0
0.00191852 , 0.000622846 , 0
0.00192985 , 0.000628494 , 0
0.00194121 , 0.000634175 , 0
0.0019526 , 0.000639889 , 0
0.00196401 , 0.000645636 , 0
0.00197544 , 0.000651415 , 0
0.0019869 , 0.000657228 , 0
0.00199838 , 0.000663074 , 0
0.00200989 , 0.000668953 , 0
0.00202142 , 0.000674866 , 0
0.00203298 , 0.000680812 , 0
0.00204456 , 0.000686791 , 0
0.00205617 , 0.000692803 , 0
0.0020678 , 0.00069885 , 0
0.00207946 , 0.000704929 , 0
0.00209113 , 0.000711043 , 0
0.00210284 , 0.00071719 , 0
0.00211456 , 0.000723371 , 0
0.00212631 , 0.000729586 , 0
0.00213809 , 0.000735835 , 0
0.00214988 , 0.000742118 , 0
0.00216171 , 0.000748435 , 0
0.00217355 , 0.000754787 , 0
0.00218542 , 0.000761172 , 0
0.00219731 , 0.000767592 , 0
0.00220922 , 0.000774046 , 0
0.00222116 , 0.000780535 , 0
0.00223312 , 0.000787058 , 0
0.0022451 , 0.000793615 , 0
0.0022571 , 0.000800208 , 0
0.00226913 , 0.000806835 , 0
0.00228118 , 0.000813496 , 0
0.00229325 , 0.000820193 , 0
0.00230535 , 0.000826924 , 0
0.00231746 , 0.000833691 , 0
0.0023296 , 0.000840492 , 0
0.00234176 , 0.000847329 , 0
0.00235395 , 0.0008542 , 0
0.00236615 , 0.000861107 , 0
0.00237838 , 0.000868049 , 0
0.00239062 , 0.000875027 , 0
0.00240289 , 0.00088204 , 0
0.00241518 , 0.000889088 , 0
0.00242749 , 0.000896172 , 0
0.00243983 , 0.000903291 , 0
0.00245218 , 0.000910446 , 0
0.00246455 , 0.000917637 , 0
0.00247695 , 0.000924863 , 0
0.00248936 , 0.000932125 , 0
0.0025018 , 0.000939423 , 0
0.00251426 , 0.000946758 , 0
0.00252673 , 0.000954128 , 0
0.00253923 , 0.000961534 , 0
0.00255175 , 0.000968976 , 0
0.00256429 , 0.000976454 , 0
0.00257684 , 0.000983969 , 0
0.00258942 , 0.00099152 , 0
0.00260202 , 0.000999107 , 0
0.00261464 , 0.00100673 , 0
0.00262727 , 0.00101439 , 0
0.00263993 , 0.00102209 , 0
0.0026526 , 0.00102982 , 0
0.0026653 , 0.00103759 , 0
0.00267801 , 0.0010454 , 0
0.00269075 , 0.00105324 , 0
0.0027035 , 0.00106112 , 0
0.00271627 , 0.00106904 , 0
0.00272906 , 0.00107699 , 0
0.00274186 , 0.00108498 , 0
0.00275469 , 0.00109301 , 0
0.00276753 , 0.00110107 , 0
0.0027804 , 0.00110917 , 0
0.00279328 , 0.00111731 , 0
0.00280618 , 0.00112549 , 0
0.00281909 , 0.0011337 , 0
0.00283203 , 0.00114195 , 0
0.00284498 , 0.00115024 , 0
0.00285795 , 0.00115857 , 0
0.00287094 , 0.00116693 , 0
0.00288395 , 0.00117533 , 0
0.00289697 , 0.00118377 , 0
0.00291001 , 0.00119224 , 0
0.00292306 , 0.00120076 , 0
0.00293614 , 0.00120931 , 0
0.00294923 , 0.0012179 , 0
0.00296234 , 0.00122652 , 0
0.00297546 , 0.00123519 , 0
0.0029886 , 0.00124389 , 0
0.00300176 , 0.00125263 , 0
0.00301493 , 0.00126141 , 0
0.00302812 , 0.00127022 , 0
0.00304132 , 0.00127908 , 0
0.00305455 , 0.00128797 , 0
0.00306778 , 0.0012969 , 0
0.00308104 , 0.00130587 , 0
0.0030943 , 0.00131488 , 0
0.00310759 , 0.00132392 , 0
0.00312089 , 0.001333 , 0
0.0031342 , 0.00134213 , 0
0.00314753 , 0.00135129 , 0
0.00316088 , 0.00136049 , 0
0.00317424 , 0.00136972 , 0
0.00318761 , 0.001379 , 0
0.003201 , 0.00138831 , 0
0.00321441 , 0.00139767 , 0
0.00322783 , 0.00140706 , 0
0.00324126 , 0.00141649 , 0
0.00325471 , 0.00142596 , 0
0.00326817 , 0.00143547 , 0
0.00328165 , 0.00144502 , 0
0.00329514 , 0.0014546 , 0
0.00330864 , 0.00146423 , 0
0.00332216 , 0.00147389 , 0
0.00333569 , 0.00148359 , 0
0.00334923 , 0.00149334 , 0
0.00336279 , 0.00150312 , 0
0.00337636 , 0.00151294 , 0
0.00338995 , 0.0015228 , 0
0.00340355 , 0.0015327 , 0
0.00341716 , 0.00154263 , 0
0.00343078 , 0.00155261 , 0
0.00344442 , 0.00156263 , 0
0.00345807 , 0.00157268 , 0
0.00347173 , 0.00158278 , 0
0.0034854 , 0.00159291 , 0
0.00349909 , 0.00160309 , 0
0.00351279 , 0.0016133 , 0
0.0035265 , 0.00162355 , 0
0.00354022 , 0.00163385 , 0
0.00355395 , 0.00164418 , 0
0.0035677 , 0.00165455 , 0
0.00358145 , 0.00166496 , 0
0.00359522 , 0.00167541 , 0
0.003609 , 0.00168591 , 0
0.0036228 , 0.00169644 , 0
0.0036366 , 0.00170701 , 0
0.00365041 , 0.00171762 , 0
0.00366424 , 0.00172827 , 0
0.00367807 , 0.00173896 , 0
0.00369192 , 0.00174969 , 0
0.00370577 , 0.00176046 , 0
0.00371964 , 0.00177127 , 0
0.00373352 , 0.00178212 , 0
0.0037474 , 0.00179301 , 0
0.0037613 , 0.00180394 , 0
0.00377521 , 0.00181491 , 0
0.00378912 , 0.00182592 , 0
0.00380305 , 0.00183697 , 0
0.00381699 , 0.00184806 , 0
0.00383093 , 0.00185919 , 0
0.00384489 , 0.00187036 , 0
0.00385885 , 0.00188157 , 0
0.00387283 , 0.00189282 , 0
0.00388681 , 0.00190411 , 0
0.0039008 , 0.00191545 , 0
0.0039148 , 0.00192682 , 0
0.00392881 , 0.00193823 , 0
0.00394283 , 0.00194969 , 0
0.00395686 , 0.00196118 , 0
0.00397089 , 0.00197271 , 0
0.00398493 , 0.00198429 , 0
0.00399898 , 0.0019959 , 0
0.00401304 , 0.00200756 , 0
0.00402711 , 0.00201925 , 0
0.00404118 , 0.00203099 , 0
0.00405527 , 0.00204277 , 0
0.00406936 , 0.00205459 , 0
0.00408345 , 0.00206644 , 0
0.00409756 , 0.00207834 , 0
0.00411167 , 0.00209028 , 0
0.00412579 , 0.00210226 , 0
0.00413991 , 0.00211428 , 0
0.00415405 , 0.00212635 , 0
0.00416818 , 0.00213845 , 0
0.00418233 , 0.00215059 , 0
0.00419648 , 0.00216278 , 0
0.00421064 , 0.002175 , 0
0.0042248 , 0.00218727 , 0
0.00423898 , 0.00219957 , 0
0.00425315 , 0.00221192 , 0
0.00426733 , 0.00222431 , 0
0.00428152 , 0.00223674 , 0
0.00429572 , 0.00224921 , 0
0.00430992 , 0.00226172 , 0
0.00432412 , 0.00227427 , 0
0.00433833 , 0.00228686 , 0
0.00435255 , 0.0022995 , 0
0.00436677 , 0.00231217 , 0
0.00438099 , 0.00232489 , 0
0.00439522 , 0.00233765 , 0
0.00440946 , 0.00235044 , 0
0.0044237 , 0.00236328 , 0
0.00443794 , 0.00237616 , 0
0.00445219 , 0.00238908 , 0
0.00446644 , 0.00240204 , 0
0.0044807 , 0.00241505 , 0
0.00449496 , 0.00242809 , 0
0.00450922 , 0.00244118 , 0
0.00452349 , 0.0024543 , 0
0.00453776 , 0.00246747 , 0
0.00455203 , 0.00248068 , 0
0.00456631 , 0.00249393 , 0
0.00458059 , 0.00250722 , 0
0.00459488 , 0.00252055 , 0
0.00460917 , 0.00253392 , 0
0.00462346 , 0.00254734 , 0
0.00463775 , 0.00256079 , 0
0.00465205 , 0.00257429 , 0
0.00466634 , 0.00258783 , 0
0.00468065 , 0.0026014 , 0
0.00469495 , 0.00261502 , 0
0.00470925 , 0.00262869 , 0
0.00472356 , 0.00264239 , 0
0.00473787 , 0.00265613 , 0
0.00475218 , 0.00266992 , 0
0.0047665 , 0.00268374 , 0
0.00478081 , 0.00269761 , 0
0.00479513 , 0.00271152 , 0
0.00480944 , 0.00272547 , 0
0.00482376 , 0.00273946 , 0
0.00483808 , 0.00275349 , 0
0.0048524 , 0.00276756 , 0
0.00486673 , 0.00278168 , 0
0.00488105 , 0.00279583 , 0
0.00489537 , 0.00281003 , 0
0.00490969 , 0.00282427 , 0
0.00492402 , 0.00283855 , 0
0.00493834 , 0.00285287 , 0
0.00495267 , 0.00286723 , 0
0.00496699 , 0.00288163 , 0
0.00498132 , 0.00289608 , 0
0.00499564 , 0.00291056 , 0
0.00500997 , 0.00292509 , 0
0.00502429 , 0.00293966 , 0
0.00503861 , 0.00295427 , 0
0.00505293 , 0.00296892 , 0
0.00506726 , 0.00298361 , 0
0.00508158 , 0.00299834 , 0
0.0050959 , 0.00301312 , 0
0.00511021 , 0.00302793 , 0
0.00512453 , 0.00304279 , 0
0.00513885 , 0.00305769 , 0
0.00515316 , 0.00307263 , 0
0.00516747 , 0.00308761 , 0
0.00518179 , 0.00310263 , 0
0.00519609 , 0.00311769 , 0
0.0052104 , 0.0031328 , 0
0.00522471 , 0.00314794 , 0
0.00523901 , 0.00316313 , 0
0.00525331 , 0.00317835 , 0
0.00526761 , 0.00319362 , 0
0.0052819 , 0.00320893 , 0
0.0052962 , 0.00322428 , 0
0.00531049 , 0.00323968 , 0
0.00532477 , 0.00325511 , 0
0.00533906 , 0.00327058 , 0
0.00535334 , 0.0032861 , 0
0.00536762 , 0.00330165 , 0
0.00538189 , 0.00331725 , 0
0.00539616 , 0.00333289 , 0
0.00541043 , 0.00334857 , 0
0.00542469 , 0.00336429 , 0
0.00543895 , 0.00338005 , 0
0.00545321 , 0.00339585 , 0
0.00546746 , 0.0034117 , 0
0.0054817 , 0.00342758 , 0
0.00549595 , 0.00344351 , 0
0.00551019 , 0.00345947 , 0
0.00552442 , 0.00347548 , 0
0.00553865 , 0.00349153 , 0
0.00555287 , 0.00350762 , 0
0.00556709 , 0.00352375 , 0
0.00558131 , 0.00353992 , 0
0.00559551 , 0.00355613 , 0
0.00560972 , 0.00357238 , 0
0.00562392 , 0.00358868 , 0
0.00563811 , 0.00360501 , 0
0.0056523 , 0.00362139 , 0
0.00566648 , 0.0036378 , 0
0.00568065 , 0.00365426 , 0
0.00569482 , 0.00367076 , 0
0.00570899 , 0.0036873 , 0
0.00572314 , 0.00370388 , 0
0.00573729 , 0.0037205 , 0
0.00575144 , 0.00373716 , 0
0.00576558 , 0.00375386 , 0
0.00577971 , 0.0037706 , 0
0.00579383 , 0.00378738 , 0
0.00580795 , 0.0038042 , 0
0.00582206 , 0.00382107 , 0
0.00583616 , 0.00383797 , 0
0.00585026 , 0.00385492 , 0
0.00586435 , 0.0038719 , 0
0.00587843 , 0.00388893 , 0
0.0058925 , 0.00390599 , 0
0.00590657 , 0.0039231 , 0
0.00592063 , 0.00394025 , 0
0.00593468 , 0.00395743 , 0
0.00594872 , 0.00397466 , 0
0.00596275 , 0.00399193 , 0
0.00597678 , 0.00400924 , 0
0.00599079 , 0.00402659 , 0
0.0060048 , 0.00404397 , 0
0.0060188 , 0.0040614 , 0
0.00603279 , 0.00407887 , 0
0.00604677 , 0.00409638 , 0
0.00606075 , 0.00411393 , 0
0.00607471 , 0.00413152 , 0
0.00608866 , 0.00414915 , 0
0.00610261 , 0.00416682 , 0
0.00611654 , 0.00418453 , 0
0.00613047 , 0.00420228 , 0
0.00614439 , 0.00422007 , 0
0.00615829 , 0.0042379 , 0
0.00617219 , 0.00425577 , 0
0.00618608 , 0.00427368 , 0
0.00619995 , 0.00429163 , 0
0.00621382 , 0.00430962 , 0
0.00622767 , 0.00432765 , 0
0.00624152 , 0.00434572 , 0
0.00625535 , 0.00436383 , 0
0.00626918 , 0.00438198 , 0
0.00628299 , 0.00440017 , 0
0.00629679 , 0.0044184 , 0
0.00631058 , 0.00443666 , 0
0.00632436 , 0.00445497 , 0
0.00633813 , 0.00447332 , 0
0.00635189 , 0.0044917 , 0
0.00636563 , 0.00451013 , 0
0.00637937 , 0.0045286 , 0
0.00639309 , 0.0045471 , 0
0.0064068 , 0.00456565 , 0
0.0064205 , 0.00458423 , 0
0.00643418 , 0.00460285 , 0
0.00644785 , 0.00462151 , 0
0.00646152 , 0.00464022 , 0
0.00647516 , 0.00465896 , 0
0.0064888 , 0.00467774 , 0
0.00650242 , 0.00469656 , 0
0.00651604 , 0.00471541 , 0
0.00652963 , 0.00473431 , 0
0.00654322 , 0.00475325 , 0
0.00655679 , 0.00477222 , 0
0.00657035 , 0.00479124 , 0
0.00658389 , 0.00481029 , 0
0.00659743 , 0.00482938 , 0
0.00661094 , 0.00484851 , 0
0.00662445 , 0.00486768 , 0
0.00663794 , 0.00488689 , 0
0.00665142 , 0.00490614 , 0
0.00666488 , 0.00492542 , 0
0.00667833 , 0.00494475 , 0
0.00669176 , 0.00496411 , 0
0.00670518 , 0.00498351 , 0
0.00671859 , 0.00500295 , 0
0.00673198 , 0.00502243 , 0
0.00674536 , 0.00504195 , 0
0.00675872 , 0.0050615 , 0
0.00677207 , 0.00508109 , 0
0.0067854 , 0.00510073 , 0
0.00679871 , 0.0051204 , 0
0.00681202 , 0.0051401 , 0
0.0068253 , 0.00515985 , 0
0.00683857 , 0.00517963 , 0
0.00685183 , 0.00519946 , 0
0.00686507 , 0.00521932 , 0
0.00687829 , 0.00523922 , 0
0.0068915 , 0.00525915 , 0
0.00690469 , 0.00527913 , 0
0.00691787 , 0.00529914 , 0
0.00693103 , 0.00531919 , 0
0.00694417 , 0.00533928 , 0
0.0069573 , 0.0053594 , 0
0.00697041 , 0.00537956 , 0
0.0069835 , 0.00539977 , 0
0.00699658 , 0.00542 , 0
0.00700964 , 0.00544028 , 0
0.00702268 , 0.00546059 , 0
0.00703571 , 0.00548094 , 0
0.00704872 , 0.00550133 , 0
0.00706171 , 0.00552175 , 0
0.00707468 , 0.00554222 , 0
0.00708764 , 0.00556272 , 0
0.00710058 , 0.00558325 , 0
0.0071135 , 0.00560383 , 0
0.0071264 , 0.00562444 , 0
0.00713929 , 0.00564509 , 0
0.00715216 , 0.00566577 , 0
0.00716501 , 0.00568649 , 0
0.00717784 , 0.00570725 , 0
0.00719065 , 0.00572804 , 0
0.00720344 , 0.00574888 , 0
0.00721622 , 0.00576974 , 0
0.00722898 , 0.00579065 , 0
0.00724172 , 0.00581159 , 0
0.00725444 , 0.00583257 , 0
0.00726714 , 0.00585358 , 0
0.00727982 , 0.00587463 , 0
0.00729248 , 0.00589572 , 0
0.00730512 , 0.00591685 , 0
0.00731775 , 0.00593801 , 0
0.00733035 , 0.0059592 , 0
0.00734294 , 0.00598043 , 0
0.0073555 , 0.0060017 , 0
0.00736805 , 0.00602301 , 0
0.00738057 , 0.00604435 , 0
0.00739308 , 0.00606572 , 0
0.00740556 , 0.00608713 , 0
0.00741803 , 0.00610858 , 0
0.00743047 , 0.00613006 , 0
0.0074429 , 0.00615158 , 0
0.0074553 , 0.00617314 , 0
0.00746768 , 0.00619473 , 0
0.00748005 , 0.00621635 , 0
0.00749239 , 0.00623801 , 0
0.00750471 , 0.00625971 , 0
0.00751701 , 0.00628144 , 0
0.00752929 , 0.00630321 , 0
0.00754155 , 0.00632501 , 0
0.00755378 , 0.00634684 , 0
0.007566 , 0.00636872 , 0
0.00757819 , 0.00639062 , 0
0.00759036 , 0.00641256 , 0
0.00760251 , 0.00643454 , 0
0.00761464 , 0.00645655 , 0
0.00762674 , 0.0064786 , 0
0.00763883 , 0.00650068 , 0
0.00765089 , 0.00652279 , 0
0.00766293 , 0.00654494 , 0
0.00767495 , 0.00656713 , 0
0.00768694 , 0.00658935 , 0
0.00769892 , 0.0066116 , 0
0.00771086 , 0.00663389 , 0
0.00772279 , 0.00665621 , 0
0.0077347 , 0.00667856 , 0
0.00774658 , 0.00670095 , 0
0.00775844 , 0.00672338 , 0
0.00777027 , 0.00674583 , 0
0.00778208 , 0.00676832 , 0
0.00779387 , 0.00679085 , 0
0.00780564 , 0.00681341 , 0
0.00781738 , 0.006836 , 0
0.0078291 , 0.00685863 , 0
0.00784079 , 0.00688129 , 0
0.00785246 , 0.00690398 , 0
0.00786411 , 0.00692671 , 0
0.00787573 , 0.00694947 , 0
0.00788733 , 0.00697226 , 0
0.00789891 , 0.00699508 , 0
0.00791046 , 0.00701794 , 0
0.00792198 , 0.00704084 , 0
0.00793349 , 0.00706376 , 0
0.00794496 , 0.00708672 , 0
0.00795642 , 0.00710971 , 0
0.00796784 , 0.00713273 , 0
0.00797925 , 0.00715579 , 0
0.00799063 , 0.00717888 , 0
0.00800198 , 0.007202 , 0
0.00801331 , 0.00722515 , 0
0.00802461 , 0.00724834 , 0
0.00803589 , 0.00727156 , 0
0.00804714 , 0.00729481 , 0
0.00805837 , 0.00731809 , 0
0.00806957 , 0.00734141 , 0
0.00808074 , 0.00736476 , 0
0.00809189 , 0.00738814 , 0
0.00810302 , 0.00741155 , 0
0.00811412 , 0.00743499 , 0
0.00812519 , 0.00745846 , 0
0.00813623 , 0.00748197 , 0
0.00814725 , 0.00750551 , 0
0.00815825 , 0.00752908 , 0
0.00816922 , 0.00755268 , 0
0.00818016 , 0.00757631 , 0
0.00819107 , 0.00759997 , 0
0.00820196 , 0.00762367 , 0
0.00821282 , 0.00764739 , 0
0.00822365 , 0.00767115 , 0
0.00823446 , 0.00769494 , 0
0.00824524 , 0.00771875 , 0
0.00825599 , 0.0077426 , 0
0.00826672 , 0.00776648 , 0
0.00827742 , 0.00779039 , 0
0.00828809 , 0.00781433 , 0
0.00829873 , 0.00783831 , 0
0.00830935 , 0.00786231 , 0
0.00831994 , 0.00788634 , 0
0.0083305 , 0.0079104 , 0
0.00834103 , 0.00793449 , 0
0.00835154 , 0.00795862 , 0
0.00836202 , 0.00798277 , 0
0.00837247 , 0.00800695 , 0
0.00838289 , 0.00803117 , 0
0.00839328 , 0.00805541 , 0
0.00840365 , 0.00807968 , 0
0.00841398 , 0.00810398 , 0
0.00842429 , 0.00812831 , 0
0.00843457 , 0.00815267 , 0
0.00844482 , 0.00817706 , 0
0.00845504 , 0.00820148 , 0
0.00846524 , 0.00822593 , 0
0.0084754 , 0.00825041 , 0
0.00848554 , 0.00827491 , 0
0.00849565 , 0.00829945 , 0
0.00850572 , 0.00832401 , 0
0.00851577 , 0.0083486 , 0
0.00852579 , 0.00837323 , 0
0.00853578 , 0.00839788 , 0
0.00854574 , 0.00842255 , 0
0.00855567 , 0.00844726 , 0
0.00856557 , 0.008472 , 0
0.00857544 , 0.00849676 , 0
0.00858529 , 0.00852155 , 0
0.0085951 , 0.00854637 , 0
0.00860488 , 0.00857122 , 0
0.00861463 , 0.0085961 , 0
0.00862435 , 0.008621 , 0
0.00863405 , 0.00864593 , 0
0.00864371 , 0.00867089 , 0
0.00865334 , 0.00869588 , 0
0.00866294 , 0.00872089 , 0
0.00867251 , 0.00874593 , 0
0.00868205 , 0.008771 , 0
0.00869156 , 0.00879609 , 0
0.00870104 , 0.00882122 , 0
0.00871048 , 0.00884637 , 0
0.0087199 , 0.00887154 , 0
0.00872929 , 0.00889675 , 0
0.00873864 , 0.00892198 , 0
0.00874797 , 0.00894724 , 0
0.00875726 , 0.00897252 , 0
0.00876652 , 0.00899783 , 0
0.00877575 , 0.00902317 , 0
0.00878495 , 0.00904853 , 0
0.00879412 , 0.00907392 , 0
0.00880325 , 0.00909933 , 0
0.00881236 , 0.00912477 , 0
0.00882143 , 0.00915024 , 0
0.00883047 , 0.00917574 , 0
0.00883948 , 0.00920125 , 0
0.00884845 , 0.0092268 , 0
0.0088574 , 0.00925237 , 0
0.00886631 , 0.00927796 , 0
0.00887519 , 0.00930359 , 0
0.00888404 , 0.00932923 , 0
0.00889286 , 0.0093549 , 0
0.00890164 , 0.0093806 , 0
0.00891039 , 0.00940632 , 0
0.00891911 , 0.00943207 , 0
0.0089278 , 0.00945784 , 0
0.00893645 , 0.00948364 , 0
0.00894507 , 0.00950946 , 0
0.00895366 , 0.0095353 , 0
0.00896222 , 0.00956117 , 0
0.00897074 , 0.00958707 , 0
0.00897923 , 0.00961298 , 0
0.00898769 , 0.00963893 , 0
0.00899611 , 0.00966489 , 0
0.0090045 , 0.00969088 , 0
0.00901286 , 0.0097169 , 0
0.00902118 , 0.00974294 , 0
0.00902947 , 0.009769 , 0
0.00903773 , 0.00979508 , 0
0.00904595 , 0.00982119 , 0
0.00905414 , 0.00984733 , 0
0.0090623 , 0.00987348 , 0
0.00907042 , 0.00989966 , 0
0.00907851 , 0.00992586 , 0
0.00908656 , 0.00995209 , 0
0.00909458 , 0.00997834 , 0
0.00910257 , 0.0100046 , 0
0.00911052 , 0.0100309 , 0
0.00911844 , 0.0100572 , 0
0.00912633 , 0.0100836 , 0
0.00913418 , 0.0101099 , 0
0.00914199 , 0.0101363 , 0
0.00914978 , 0.0101627 , 0
0.00915752 , 0.0101891 , 0
0.00916524 , 0.0102156 , 0
0.00917292 , 0.0102421 , 0
0.00918056 , 0.0102685 , 0
0.00918817 , 0.0102951 , 0
0.00919574 , 0.0103216 , 0
0.00920328 , 0.0103482 , 0
0.00921079 , 0.0103747 , 0
0.00921826 , 0.0104013 , 0
0.00922569 , 0.010428 , 0
0.00923309 , 0.0104546 , 0
0.00924046 , 0.0104813 , 0
0.00924779 , 0.010508 , 0
0.00925508 , 0.0105347 , 0
0.00926234 , 0.0105614 , 0
0.00926956 , 0.0105881 , 0
0.00927675 , 0.0106149 , 0
0.0092839 , 0.0106417 , 0
0.00929102 , 0.0106685 , 0
0.0092981 , 0.0106953 , 0
0.00930515 , 0.0107222 , 0
0.00931216 , 0.0107491 , 0
0.00931914 , 0.0107759 , 0
0.00932607 , 0.0108029 , 0
0.00933298 , 0.0108298 , 0
0.00933984 , 0.0108567 , 0
0.00934668 , 0.0108837 , 0
0.00935347 , 0.0109107 , 0
0.00936023 , 0.0109377 , 0
0.00936695 , 0.0109647 , 0
0.00937364 , 0.0109918 , 0
0.00938029 , 0.0110188 , 0
0.00938691 , 0.0110459 , 0
0.00939348 , 0.011073 , 0
0.00940003 , 0.0111001 , 0
0.00940653 , 0.0111273 , 0
0.009413 , 0.0111544 , 0
0.00941943 , 0.0111816 , 0
0.00942583 , 0.0112088 , 0
0.00943219 , 0.011236 , 0
0.00943851 , 0.0112632 , 0
0.0094448 , 0.0112905 , 0
0.00945104 , 0.0113178 , 0
0.00945726 , 0.011345 , 0
0.00946343 , 0.0113723 , 0
0.00946957 , 0.0113997 , 0
0.00947567 , 0.011427 , 0
0.00948174 , 0.0114543 , 0
0.00948776 , 0.0114817 , 0
0.00949375 , 0.0115091 , 0
0.00949971 , 0.0115365 , 0
0.00950562 , 0.0115639 , 0
0.0095115 , 0.0115914 , 0
0.00951734 , 0.0116188 , 0
0.00952314 , 0.0116463 , 0
0.00952891 , 0.0116738 , 0
0.00953464 , 0.0117013 , 0
0.00954033 , 0.0117288 , 0
0.00954598 , 0.0117563 , 0
0.0095516 , 0.0117839 , 0
0.00955718 , 0.0118115 , 0
0.00956272 , 0.0118391 , 0
0.00956822 , 0.0118667 , 0
0.00957369 , 0.0118943 , 0
0.00957911 , 0.0119219 , 0
0.0095845 , 0.0119495 , 0
0.00958985 , 0.0119772 , 0
0.00959517 , 0.0120049 , 0
0.00960044 , 0.0120326 , 0
0.00960568 , 0.0120603 , 0
0.00961088 , 0.012088 , 0
0.00961604 , 0.0121157 , 0
0.00962116 , 0.0121435 , 0
0.00962625 , 0.0121713 , 0
0.00963129 , 0.012199 , 0
0.0096363 , 0.0122268 , 0
0.00964127 , 0.0122546 , 0
0.0096462 , 0.0122825 , 0
0.0096511 , 0.0123103 , 0
0.00965595 , 0.0123382 , 0
0.00966077 , 0.012366 , 0
0.00966554 , 0.0123939 , 0
0.00967028 , 0.0124218 , 0
0.00967498 , 0.0124497 , 0
0.00967965 , 0.0124776 , 0
0.00968427 , 0.0125055 , 0
0.00968885 , 0.0125335 , 0
0.0096934 , 0.0125614 , 0
0.00969791 , 0.0125894 , 0
0.00970237 , 0.0126174 , 0
0.0097068 , 0.0126454 , 0
0.00971119 , 0.0126734 , 0
0.00971555 , 0.0127014 , 0
0.00971986 , 0.0127294 , 0
0.00972413 , 0.0127575 , 0
0.00972837 , 0.0127855 , 0
0.00973256 , 0.0128136 , 0
0.00973672 , 0.0128417 , 0
0.00974083 , 0.0128698 , 0
0.00974491 , 0.0128979 , 0
0.00974895 , 0.012926 , 0
0.00975295 , 0.0129541 , 0
0.00975691 , 0.0129823 , 0
0.00976083 , 0.0130104 , 0
0.00976471 , 0.0130386 , 0
0.00976856 , 0.0130668 , 0
0.00977236 , 0.0130949 , 0
0.00977612 , 0.0131231 , 0
0.00977985 , 0.0131513 , 0
0.00978353 , 0.0131795 , 0
0.00978717 , 0.0132078 , 0
0.00979078 , 0.013236 , 0
0.00979435 , 0.0132642 , 0
0.00979787 , 0.0132925 , 0
0.00980136 , 0.0133208 , 0
0.00980481 , 0.013349 , 0
0.00980821 , 0.0133773 , 0
0.00981158 , 0.0134056 , 0
0.00981491 , 0.0134339 , 0
0.0098182 , 0.0134622 , 0
0.00982145 , 0.0134905 , 0
0.00982465 , 0.0135189 , 0
0.00982782 , 0.0135472 , 0
0.00983095 , 0.0135756 , 0
0.00983404 , 0.0136039 , 0
0.00983709 , 0.0136323 , 0
0.0098401 , 0.0136607 , 0
0.00984307 , 0.013689 , 0
0.009846 , 0.0137174 , 0
0.00984889 , 0.0137458 , 0
0.00985174 , 0.0137742 , 0
0.00985455 , 0.0138027 , 0
0.00985731 , 0.0138311 , 0
0.00986004 , 0.0138595 , 0
0.00986273 , 0.013888 , 0
0.00986538 , 0.0139164 , 0
0.00986799 , 0.0139449 , 0
0.00987056 , 0.0139733 , 0
0.00987309 , 0.0140018 , 0
0.00987557 , 0.0140303 , 0
0.00987802 , 0.0140587 , 0
0.00988043 , 0.0140872 , 0
0.0098828 , 0.0141157 , 0
0.00988512 , 0.0141442 , 0
0.00988741 , 0.0141727 , 0
0.00988966 , 0.0142012 , 0
0.00989186 , 0.0142298 , 0
0.00989403 , 0.0142583 , 0
0.00989615 , 0.0142868 , 0
0.00989824 , 0.0143154 , 0
0.00990028 , 0.0143439 , 0
0.00990229 , 0.0143725 , 0
0.00990425 , 0.014401 , 0
0.00990617 , 0.0144296 , 0
0.00990806 , 0.0144581 , 0
0.0099099 , 0.0144867 , 0
0.0099117 , 0.0145153 , 0
0.00991346 , 0.0145439 , 0
0.00991518 , 0.0145725 , 0
0.00991686 , 0.0146011 , 0
0.0099185 , 0.0146297 , 0
0.0099201 , 0.0146583 , 0
0.00992166 , 0.0146869 , 0
0.00992318 , 0.0147155 , 0
0.00992465 , 0.0147441 , 0
0.00992609 , 0.0147727 , 0
0.00992749 , 0.0148013 , 0
0.00992884 , 0.01483 , 0
0.00993016 , 0.0148586 , 0
0.00993143 , 0.0148872 , 0
0.00993266 , 0.0149159 , 0
0.00993386 , 0.0149445 , 0
0.00993501 , 0.0149731 , 0
0.00993612 , 0.0150018 , 0
0.00993719 , 0.0150304 , 0
0.00993822 , 0.0150591 , 0
0.00993921 , 0.0150877 , 0
0.00994016 , 0.0151164 , 0
0.00994107 , 0.0151451 , 0
0.00994193 , 0.0151737 , 0
0.00994276 , 0.0152024 , 0
0.00994354 , 0.015231 , 0
0.00994429 , 0.0152597 , 0
0.00994499 , 0.0152884 , 0
0.00994566 , 0.0153171 , 0
0.00994628 , 0.0153457 , 0
0.00994686 , 0.0153744 , 0
0.0099474 , 0.0154031 , 0
0.0099479 , 0.0154318 , 0
0.00994836 , 0.0154605 , 0
0.00994878 , 0.0154891 , 0
0.00994916 , 0.0155178 , 0
0.00994949 , 0.0155465 , 0
0.00994979 , 0.0155752 , 0
0.00995005 , 0.0156039 , 0
0.00995026 , 0.0156326 , 0
0.00995043 , 0.0156612 , 0
0.00995057 , 0.0156899 , 0
0.00995066 , 0.0157186 , 0
0.00995071 , 0.0157473 , 0
0.00995072 , 0.015776 , 0
0.00995069 , 0.0158047 , 0
0.00995062 , 0.0158334 , 0
0.00995051 , 0.015862 , 0
0.00995035 , 0.0158907 , 0
0.00995016 , 0.0159194 , 0
0.00994993 , 0.0159481 , 0
0.00994965 , 0.0159768 , 0
0.00994934 , 0.0160055 , 0
0.00994898 , 0.0160341 , 0
0.00994858 , 0.0160628 , 0
0.00994814 , 0.0160915 , 0
0.00994766 , 0.0161202 , 0
0.00994714 , 0.0161489 , 0
0.00994658 , 0.0161775 , 0
0.00994598 , 0.0162062 , 0
0.00994534 , 0.0162349 , 0
0.00994466 , 0.0162635 , 0
0.00994393 , 0.0162922 , 0
0.00994317 , 0.0163209 , 0
0.00994237 , 0.0163495 , 0
0.00994152 , 0.0163782 , 0
0.00994063 , 0.0164068 , 0
0.00993971 , 0.0164355 , 0
0.00993874 , 0.0164642 , 0
0.00993773 , 0.0164928 , 0
0.00993668 , 0.0165214 , 0
0.00993559 , 0.0165501 , 0
0.00993446 , 0.0165787 , 0
0.00993329 , 0.0166074 , 0
0.00993208 , 0.016636 , 0
0.00993083 , 0.0166646 , 0
0.00992953 , 0.0166932 , 0
0.0099282 , 0.0167219 , 0
0.00992682 , 0.0167505 , 0
0.00992541 , 0.0167791 , 0
0.00992395 , 0.0168077 , 0
0.00992246 , 0.0168363 , 0
0.00992092 , 0.0168649 , 0
0.00991935 , 0.0168935 , 0
0.00991773 , 0.0169221 , 0
0.00991607 , 0.0169507 , 0
0.00991437 , 0.0169793 , 0
0.00991263 , 0.0170078 , 0
0.00991085 , 0.0170364 , 0
0.00990903 , 0.017065 , 0
0.00990717 , 0.0170935 , 0
0.00990527 , 0.0171221 , 0
0.00990333 , 0.0171506 , 0
0.00990135 , 0.0171792 , 0
0.00989933 , 0.0172077 , 0
0.00989726 , 0.0172362 , 0
0.00989516 , 0.0172648 , 0
0.00989302 , 0.0172933 , 0
0.00989084 , 0.0173218 , 0
0.00988861 , 0.0173503 , 0
0.00988635 , 0.0173788 , 0
0.00988404 , 0.0174073 , 0
0.0098817 , 0.0174358 , 0
0.00987932 , 0.0174643 , 0
0.00987689 , 0.0174927 , 0
0.00987443 , 0.0175212 , 0
0.00987192 , 0.0175497 , 0
0.00986938 , 0.0175781 , 0
0.00986679 , 0.0176066 , 0
0.00986417 , 0.017635 , 0
0.0098615 , 0.0176634 , 0
0.0098588 , 0.0176918 , 0
0.00985605 , 0.0177202 , 0
0.00985327 , 0.0177487 , 0
0.00985044 , 0.0177771 , 0
0.00984757 , 0.0178054 , 0
0.00984467 , 0.0178338 , 0
0.00984172 , 0.0178622 , 0
0.00983874 , 0.0178906 , 0
0.00983571 , 0.0179189 , 0
0.00983265 , 0.0179473 , 0
0.00982955 , 0.0179756 , 0
0.0098264 , 0.0180039 , 0
0.00982322 , 0.0180322 , 0
0.00981999 , 0.0180605 , 0
0.00981673 , 0.0180888 , 0
0.00981343 , 0.0181171 , 0
0.00981009 , 0.0181454 , 0
0.0098067 , 0.0181737 , 0
0.00980328 , 0.0182019 , 0
0.00979982 , 0.0182302 , 0
0.00979632 , 0.0182584 , 0
0.00979278 , 0.0182867 , 0
0.0097892 , 0.0183149 , 0
0.00978558 , 0.0183431 , 0
0.00978192 , 0.0183713 , 0
0.00977822 , 0.0183995 , 0
0.00977449 , 0.0184277 , 0
0.00977071 , 0.0184558 , 0
0.00976689 , 0.018484 , 0
0.00976304 , 0.0185121 , 0
0.00975914 , 0.0185403 , 0
0.00975521 , 0.0185684 , 0
0.00975124 , 0.0185965 , 0
0.00974723 , 0.0186246 , 0
0.00974318 , 0.0186527 , 0
0.00973909 , 0.0186808 , 0
0.00973496 , 0.0187088 , 0
0.00973079 , 0.0187369 , 0
0.00972658 , 0.0187649 , 0
0.00972234 , 0.018793 , 0
0.00971805 , 0.018821 , 0
0.00971373 , 0.018849 , 0
0.00970936 , 0.018877 , 0
0.00970496 , 0.0189049 , 0
0.00970052 , 0.0189329 , 0
0.00969605 , 0.0189609 , 0
0.00969153 , 0.0189888 , 0
0.00968697 , 0.0190167 , 0
0.00968238 , 0.0190446 , 0
0.00967774 , 0.0190725 , 0
0.00967307 , 0.0191004 , 0
0.00966836 , 0.0191283 , 0
0.00966361 , 0.0191562 , 0
0.00965883 , 0.019184 , 0
0.009654 , 0.0192118 , 0
0.00964914 , 0.0192397 , 0
0.00964424 , 0.0192675 , 0
0.0096393 , 0.0192953 , 0
0.00963432 , 0.019323 , 0
0.0096293 , 0.0193508 , 0
0.00962425 , 0.0193785 , 0
0.00961916 , 0.0194063 , 0
0.00961403 , 0.019434 , 0
0.00960886 , 0.0194617 , 0
0.00960365 , 0.0194894 , 0
0.00959841 , 0.0195171 , 0
0.00959312 , 0.0195447 , 0
0.0095878 , 0.0195724 , 0
0.00958245 , 0.0196 , 0
0.00957705 , 0.0196276 , 0
0.00957162 , 0.0196552 , 0
0.00956615 , 0.0196828 , 0
0.00956064 , 0.0197103 , 0
0.00955509 , 0.0197379 , 0
0.00954951 , 0.0197654 , 0
0.00954389 , 0.0197929 , 0
0.00953823 , 0.0198204 , 0
0.00953253 , 0.0198479 , 0
0.0095268 , 0.0198754 , 0
0.00952103 , 0.0199029 , 0
0.00951522 , 0.0199303 , 0
0.00950938 , 0.0199577 , 0
0.00950349 , 0.0199851 , 0
0.00949757 , 0.0200125 , 0
0.00949162 , 0.0200399 , 0
0.00948563 , 0.0200672 , 0
0.0094796 , 0.0200945 , 0
0.00947353 , 0.0201219 , 0
0.00946742 , 0.0201492 , 0
0.00946128 , 0.0201764 , 0
0.00945511 , 0.0202037 , 0
0.00944889 , 0.0202309 , 0
0.00944264 , 0.0202582 , 0
0.00943636 , 0.0202854 , 0
0.00943003 , 0.0203126 , 0
0.00942367 , 0.0203397 , 0
0.00941728 , 0.0203669 , 0
0.00941084 , 0.020394 , 0
0.00940437 , 0.0204211 , 0
0.00939787 , 0.0204482 , 0
0.00939133 , 0.0204753 , 0
0.00938475 , 0.0205024 , 0
0.00937813 , 0.0205294 , 0
0.00937148 , 0.0205565 , 0
0.0093648 , 0.0205835 , 0
0.00935808 , 0.0206104 , 0
0.00935132 , 0.0206374 , 0
0.00934452 , 0.0206644 , 0
0.00933769 , 0.0206913 , 0
0.00933083 , 0.0207182 , 0
0.00932393 , 0.0207451 , 0
0.00931699 , 0.0207719 , 0
0.00931002 , 0.0207988 , 0
0.00930301 , 0.0208256 , 0
0.00929597 , 0.0208524 , 0
0.00928889 , 0.0208792 , 0
0.00928178 , 0.020906 , 0
0.00927463 , 0.0209327 , 0
0.00926744 , 0.0209594 , 0
0.00926022 , 0.0209861 , 0
0.00925297 , 0.0210128 , 0
0.00924568 , 0.0210395 , 0
0.00923836 , 0.0210661 , 0
0.009231 , 0.0210928 , 0
0.0092236 , 0.0211194 , 0
0.00921617 , 0.0211459 , 0
0.00920871 , 0.0211725 , 0
0.00920121 , 0.021199 , 0
0.00919368 , 0.0212255 , 0
0.00918611 , 0.021252 , 0
0.00917851 , 0.0212785 , 0
0.00917087 , 0.021305 , 0
0.0091632 , 0.0213314 , 0
0.0091555 , 0.0213578 , 0
0.00914776 , 0.0213842 , 0
0.00913998 , 0.0214105 , 0
0.00913218 , 0.0214369 , 0
0.00912434 , 0.0214632 , 0
0.00911646 , 0.0214895 , 0
0.00910855 , 0.0215157 , 0
0.00910061 , 0.021542 , 0
0.00909263 , 0.0215682 , 0
0.00908462 , 0.0215944 , 0
0.00907657 , 0.0216206 , 0
0.0090685 , 0.0216467 , 0
0.00906038 , 0.0216729 , 0
0.00905224 , 0.021699 , 0
0.00904406 , 0.0217251 , 0
0.00903585 , 0.0217511 , 0
0.0090276 , 0.0217772 , 0
0.00901933 , 0.0218032 , 0
0.00901101 , 0.0218292 , 0
0.00900267 , 0.0218551 , 0
0.00899429 , 0.0218811 , 0
0.00898588 , 0.021907 , 0
0.00897744 , 0.0219329 , 0
0.00896896 , 0.0219588 , 0
0.00896046 , 0.0219846 , 0
0.00895191 , 0.0220104 , 0
0.00894334 , 0.0220362 , 0
0.00893473 , 0.022062 , 0
0.0089261 , 0.0220878 , 0
0.00891742 , 0.0221135 , 0
0.00890872 , 0.0221392 , 0
0.00889999 , 0.0221648 , 0
0.00889122 , 0.0221905 , 0
0.00888242 , 0.0222161 , 0
0.00887359 , 0.0222417 , 0
0.00886472 , 0.0222673 , 0
0.00885583 , 0.0222928 , 0
0.0088469 , 0.0223184 , 0
0.00883794 , 0.0223439 , 0
0.00882895 , 0.0223693 , 0
0.00881993 , 0.0223948 , 0
0.00881087 , 0.0224202 , 0
0.00880179 , 0.0224456 , 0
0.00879267 , 0.0224709 , 0
0.00878352 , 0.0224963 , 0
0.00877435 , 0.0225216 , 0
0.00876514 , 0.0225469 , 0
0.00875589 , 0.0225721 , 0
0.00874662 , 0.0225974 , 0
0.00873732 , 0.0226226 , 0
0.00872799 , 0.0226478 , 0
0.00871862 , 0.0226729 , 0
0.00870923 , 0.022698 , 0
0.0086998 , 0.0227231 , 0
0.00869034 , 0.0227482 , 0
0.00868086 , 0.0227733 , 0
0.00867134 , 0.0227983 , 0
0.00866179 , 0.0228233 , 0
0.00865222 , 0.0228482 , 0
0.00864261 , 0.0228732 , 0
0.00863297 , 0.0228981 , 0
0.0086233 , 0.0229229 , 0
0.00861361 , 0.0229478 , 0
0.00860388 , 0.0229726 , 0
0.00859412 , 0.0229974 , 0
0.00858434 , 0.0230222 , 0
0.00857452 , 0.0230469 , 0
0.00856467 , 0.0230716 , 0
0.0085548 , 0.0230963 , 0
0.00854489 , 0.023121 , 0
0.00853496 , 0.0231456 , 0
0.008525 , 0.0231702 , 0
0.00851501 , 0.0231948 , 0
0.00850498 , 0.0232193 , 0
0.00849493 , 0.0232438 , 0
0.00848486 , 0.0232683 , 0
0.00847475 , 0.0232928 , 0
0.00846461 , 0.0233172 , 0
0.00845445 , 0.0233416 , 0
0.00844426 , 0.023366 , 0
0.00843403 , 0.0233903 , 0
0.00842378 , 0.0234146 , 0
0.00841351 , 0.0234389 , 0
0.0084032 , 0.0234631 , 0
0.00839287 , 0.0234874 , 0
0.0083825 , 0.0235116 , 0
0.00837211 , 0.0235357 , 0
0.00836169 , 0.0235598 , 0
0.00835125 , 0.0235839 , 0
0.00834078 , 0.023608 , 0
0.00833027 , 0.0236321 , 0
0.00831975 , 0.0236561 , 0
0.00830919 , 0.02368 , 0
0.00829861 , 0.023704 , 0
0.008288 , 0.0237279 , 0
0.00827736 , 0.0237518 , 0
0.00826669 , 0.0237757 , 0
0.008256 , 0.0237995 , 0
0.00824528 , 0.0238233 , 0
0.00823454 , 0.0238471 , 0
0.00822377 , 0.0238708 , 0
0.00821297 , 0.0238945 , 0
0.00820214 , 0.0239182 , 0
0.00819129 , 0.0239418 , 0
0.00818041 , 0.0239654 , 0
0.00816951 , 0.023989 , 0
0.00815858 , 0.0240126 , 0
0.00814762 , 0.0240361 , 0
0.00813664 , 0.0240596 , 0
0.00812563 , 0.024083 , 0
0.0081146 , 0.0241064 , 0
0.00810354 , 0.0241298 , 0
0.00809245 , 0.0241532 , 0
0.00808134 , 0.0241765 , 0
0.0080702 , 0.0241998 , 0
0.00805904 , 0.0242231 , 0
0.00804786 , 0.0242463 , 0
0.00803664 , 0.0242695 , 0
0.00802541 , 0.0242927 , 0
0.00801414 , 0.0243158 , 0
0.00800286 , 0.0243389 , 0
0.00799154 , 0.024362 , 0
0.00798021 , 0.024385 , 0
0.00796885 , 0.024408 , 0
0.00795746 , 0.024431 , 0
0.00794605 , 0.0244539 , 0
0.00793461 , 0.0244768 , 0
0.00792316 , 0.0244997 , 0
0.00791167 , 0.0245226 , 0
0.00790017 , 0.0245454 , 0
0.00788863 , 0.0245681 , 0
0.00787708 , 0.0245909 , 0
0.0078655 , 0.0246136 , 0
0.0078539 , 0.0246363 , 0
0.00784227 , 0.0246589 , 0
0.00783062 , 0.0246815 , 0
0.00781895 , 0.0247041 , 0
0.00780725 , 0.0247266 , 0
0.00779553 , 0.0247492 , 0
0.00778379 , 0.0247716 , 0
0.00777203 , 0.0247941 , 0
0.00776024 , 0.0248165 , 0
0.00774843 , 0.0248389 , 0
0.00773659 , 0.0248612 , 0
0.00772473 , 0.0248835 , 0
0.00771286 , 0.0249058 , 0
0.00770095 , 0.024928 , 0
0.00768903 , 0.0249502 , 0
0.00767708 , 0.0249724 , 0
0.00766511 , 0.0249945 , 0
0.00765312 , 0.0250166 , 0
0.00764111 , 0.0250387 , 0
0.00762908 , 0.0250607 , 0
0.00761702 , 0.0250827 , 0
0.00760494 , 0.0251047 , 0
0.00759285 , 0.0251266 , 0
0.00758072 , 0.0251485 , 0
0.00756858 , 0.0251703 , 0
0.00755642 , 0.0251922 , 0
0.00754423 , 0.025214 , 0
0.00753203 , 0.0252357 , 0
0.0075198 , 0.0252574 , 0
0.00750756 , 0.0252791 , 0
0.00749529 , 0.0253008 , 0
0.007483 , 0.0253224 , 0
0.00747069 , 0.025344 , 0
0.00745836 , 0.0253655 , 0
0.00744601 , 0.025387 , 0
0.00743364 , 0.0254085 , 0
0.00742125 , 0.0254299 , 0
0.00740884 , 0.0254513 , 0
0.00739641 , 0.0254727 , 0
0.00738396 , 0.025494 , 0
0.00737149 , 0.0255153 , 0
0.007359 , 0.0255366 , 0
0.00734649 , 0.0255578 , 0
0.00733396 , 0.025579 , 0
0.00732141 , 0.0256001 , 0
0.00730885 , 0.0256212 , 0
0.00729626 , 0.0256423 , 0
0.00728365 , 0.0256633 , 0
0.00727103 , 0.0256843 , 0
0.00725839 , 0.0257053 , 0
0.00724572 , 0.0257262 , 0
0.00723304 , 0.0257471 , 0
0.00722034 , 0.025768 , 0
0.00720763 , 0.0257888 , 0
0.00719489 , 0.0258096 , 0
0.00718214 , 0.0258304 , 0
0.00716937 , 0.0258511 , 0
0.00715658 , 0.0258718 , 0
0.00714377 , 0.0258924 , 0
0.00713094 , 0.025913 , 0
0.0071181 , 0.0259336 , 0
0.00710524 , 0.0259541 , 0
0.00709236 , 0.0259746 , 0
0.00707947 , 0.025995 , 0
0.00706655 , 0.0260155 , 0
0.00705362 , 0.0260358 , 0
0.00704068 , 0.0260562 , 0
0.00702771 , 0.0260765 , 0
0.00701473 , 0.0260968 , 0
0.00700173 , 0.026117 , 0
0.00698872 , 0.0261372 , 0
0.00697569 , 0.0261573 , 0
0.00696264 , 0.0261775 , 0
0.00694958 , 0.0261975 , 0
0.0069365 , 0.0262176 , 0
0.0069234 , 0.0262376 , 0
0.00691029 , 0.0262576 , 0
0.00689716 , 0.0262775 , 0
0.00688402 , 0.0262974 , 0
0.00687086 , 0.0263173 , 0
0.00685769 , 0.0263371 , 0
0.0068445 , 0.0263569 , 0
0.00683129 , 0.0263766 , 0
0.00681807 , 0.0263963 , 0
0.00680484 , 0.026416 , 0
0.00679159 , 0.0264356 , 0
0.00677832 , 0.0264552 , 0
0.00676504 , 0.0264747 , 0
0.00675175 , 0.0264943 , 0
0.00673844 , 0.0265137 , 0
0.00672511 , 0.0265332 , 0
0.00671178 , 0.0265526 , 0
0.00669842 , 0.0265719 , 0
0.00668506 , 0.0265913 , 0
0.00667168 , 0.0266105 , 0
0.00665828 , 0.0266298 , 0
0.00664487 , 0.026649 , 0
0.00663145 , 0.0266682 , 0
0.00661802 , 0.0266873 , 0
0.00660457 , 0.0267064 , 0
0.00659111 , 0.0267255 , 0
0.00657763 , 0.0267445 , 0
0.00656414 , 0.0267634 , 0
0.00655064 , 0.0267824 , 0
0.00653713 , 0.0268013 , 0
0.0065236 , 0.0268201 , 0
0.00651006 , 0.026839 , 0
0.00649651 , 0.0268577 , 0
0.00648294 , 0.0268765 , 0
0.00646936 , 0.0268952 , 0
0.00645577 , 0.0269139 , 0
0.00644217 , 0.0269325 , 0
0.00642856 , 0.0269511 , 0
0.00641493 , 0.0269696 , 0
0.0064013 , 0.0269881 , 0
0.00638765 , 0.0270066 , 0
0.00637399 , 0.027025 , 0
0.00636031 , 0.0270434 , 0
0.00634663 , 0.0270618 , 0
0.00633294 , 0.0270801 , 0
0.00631923 , 0.0270984 , 0
0.00630551 , 0.0271166 , 0
0.00629179 , 0.0271348 , 0
0.00627805 , 0.0271529 , 0
0.0062643 , 0.0271711 , 0
0.00625054 , 0.0271891 , 0
0.00623677 , 0.0272072 , 0
0.00622299 , 0.0272252 , 0
0.0062092 , 0.0272431 , 0
0.0061954 , 0.027261 , 0
0.00618159 , 0.0272789 , 0
0.00616776 , 0.0272968 , 0
0.00615393 , 0.0273146 , 0
0.00614009 , 0.0273323 , 0
0.00612624 , 0.02735 , 0
0.00611239 , 0.0273677 , 0
0.00609852 , 0.0273854 , 0
0.00608464 , 0.027403 , 0
0.00607075 , 0.0274205 , 0
0.00605686 , 0.027438 , 0
0.00604295 , 0.0274555 , 0
0.00602904 , 0.027473 , 0
0.00601512 , 0.0274904 , 0
0.00600119 , 0.0275077 , 0
0.00598725 , 0.027525 , 0
0.0059733 , 0.0275423 , 0
0.00595935 , 0.0275596 , 0
0.00594538 , 0.0275768 , 0
0.00593141 , 0.0275939 , 0
0.00591743 , 0.027611 , 0
0.00590345 , 0.0276281 , 0
0.00588945 , 0.0276452 , 0
0.00587545 , 0.0276622 , 0
0.00586144 , 0.0276791 , 0
0.00584743 , 0.027696 , 0
0.0058334 , 0.0277129 , 0
0.00581937 , 0.0277297 , 0
0.00580533 , 0.0277465 , 0
0.00579129 , 0.0277633 , 0
0.00577724 , 0.02778 , 0
0.00576318 , 0.0277967 , 0
0.00574912 , 0.0278133 , 0
0.00573505 , 0.0278299 , 0
0.00572097 , 0.0278465 , 0
0.00570689 , 0.027863 , 0
0.0056928 , 0.0278795 , 0
0.00567871 , 0.0278959 , 0
0.00566461 , 0.0279123 , 0
0.0056505 , 0.0279286 , 0
0.00563639 , 0.027945 , 0
0.00562227 , 0.0279612 , 0
0.00560815 , 0.0279775 , 0
0.00559403 , 0.0279936 , 0
0.00557989 , 0.0280098 , 0
0.00556576 , 0.0280259 , 0
0.00555162 , 0.028042 , 0
0.00553747 , 0.028058 , 0
0.00552332 , 0.028074 , 0
0.00550916 , 0.0280899 , 0
0.005495 , 0.0281058 , 0
0.00548084 , 0.0281217 , 0
0.00546667 , 0.0281375 , 0
0.0054525 , 0.0281533 , 0
0.00543832 , 0.028169 , 0
0.00542414 , 0.0281847 , 0
0.00540996 , 0.0282004 , 0
0.00539577 , 0.028216 , 0
0.00538158 , 0.0282316 , 0
0.00536739 , 0.0282471 , 0
0.00535319 , 0.0282626 , 0
0.00533899 , 0.0282781 , 0
0.00532479 , 0.0282935 , 0
0.00531059 , 0.0283089 , 0
0.00529638 , 0.0283242 , 0
0.00528217 , 0.0283395 , 0
0.00526795 , 0.0283548 , 0
0.00525374 , 0.02837 , 0
0.00523952 , 0.0283851 , 0
0.0052253 , 0.0284003 , 0
0.00521108 , 0.0284154 , 0
0.00519686 , 0.0284304 , 0
0.00518263 , 0.0284454 , 0
0.0051684 , 0.0284604 , 0
0.00515418 , 0.0284753 , 0
0.00513994 , 0.0284902 , 0
0.00512571 , 0.028505 , 0
0.00511148 , 0.0285198 , 0
0.00509725 , 0.0285346 , 0
0.00508301 , 0.0285493 , 0
0.00506878 , 0.028564 , 0
0.00505454 , 0.0285786 , 0
0.00504031 , 0.0285932 , 0
0.00502607 , 0.0286078 , 0
0.00501183 , 0.0286223 , 0
0.00499759 , 0.0286368 , 0
0.00498336 , 0.0286512 , 0
0.00496912 , 0.0286656 , 0
0.00495488 , 0.02868 , 0
0.00494064 , 0.0286943 , 0
0.00492641 , 0.0287085 , 0
0.00491217 , 0.0287228 , 0
0.00489793 , 0.0287369 , 0
0.0048837 , 0.0287511 , 0
0.00486946 , 0.0287652 , 0
0.00485523 , 0.0287793 , 0
0.004841 , 0.0287933 , 0
0.00482677 , 0.0288073 , 0
0.00481254 , 0.0288212 , 0
0.00479831 , 0.0288351 , 0
0.00478408 , 0.028849 , 0
0.00476986 , 0.0288628 , 0
0.00475563 , 0.0288766 , 0
0.00474141 , 0.0288903 , 0
0.00472719 , 0.028904 , 0
0.00471297 , 0.0289177 , 0
0.00469876 , 0.0289313 , 0
0.00468454 , 0.0289448 , 0
0.00467033 , 0.0289584 , 0
0.00465613 , 0.0289719 , 0
0.00464192 , 0.0289853 , 0
0.00462772 , 0.0289987 , 0
0.00461352 , 0.0290121 , 0
0.00459932 , 0.0290254 , 0
0.00458513 , 0.0290387 , 0
0.00457094 , 0.029052 , 0
0.00455675 , 0.0290652 , 0
0.00454257 , 0.0290783 , 0
0.00452839 , 0.0290914 , 0
0.00451422 , 0.0291045 , 0
0.00450004 , 0.0291176 , 0
0.00448588 , 0.0291306 , 0
0.00447171 , 0.0291435 , 0
0.00445755 , 0.0291564 , 0
0.0044434 , 0.0291693 , 0
0.00442925 , 0.0291822 , 0
0.0044151 , 0.029195 , 0
0.00440096 , 0.0292077 , 0
0.00438682 , 0.0292204 , 0
0.00437269 , 0.0292331 , 0
0.00435857 , 0.0292457 , 0
0.00434445 , 0.0292583 , 0
0.00433033 , 0.0292709 , 0
0.00431622 , 0.0292834 , 0
0.00430211 , 0.0292959 , 0
0.00428802 , 0.0293083 , 0
0.00427392 , 0.0293207 , 0
0.00425983 , 0.029333 , 0
0.00424575 , 0.0293453 , 0
0.00423168 , 0.0293576 , 0
0.00421761 , 0.0293698 , 0
0.00420355 , 0.029382 , 0
0.00418949 , 0.0293942 , 0
0.00417544 , 0.0294063 , 0
0.0041614 , 0.0294183 , 0
0.00414736 , 0.0294304 , 0
0.00413333 , 0.0294424 , 0
0.00411931 , 0.0294543 , 0
0.00410529 , 0.0294662 , 0
0.00409128 , 0.0294781 , 0
0.00407728 , 0.0294899 , 0
0.00406329 , 0.0295017 , 0
0.0040493 , 0.0295134 , 0
0.00403533 , 0.0295251 , 0
0.00402136 , 0.0295368 , 0
0.0040074 , 0.0295484 , 0
0.00399344 , 0.02956 , 0
0.0039795 , 0.0295715 , 0
0.00396556 , 0.029583 , 0
0.00395163 , 0.0295945 , 0
0.00393771 , 0.0296059 , 0
0.0039238 , 0.0296173 , 0
0.0039099 , 0.0296286 , 0
0.003896 , 0.0296399 , 0
0.00388212 , 0.0296512 , 0
0.00386824 , 0.0296624 , 0
0.00385437 , 0.0296736 , 0
0.00384052 , 0.0296847 , 0
0.00382667 , 0.0296958 , 0
0.00381283 , 0.0297069 , 0
0.003799 , 0.0297179 , 0
0.00378518 , 0.0297289 , 0
0.00377138 , 0.0297398 , 0
0.00375758 , 0.0297507 , 0
0.00374379 , 0.0297616 , 0
0.00373001 , 0.0297724 , 0
0.00371624 , 0.0297832 , 0
0.00370249 , 0.0297939 , 0
0.00368874 , 0.0298046 , 0
0.003675 , 0.0298153 , 0
0.00366128 , 0.0298259 , 0
0.00364756 , 0.0298365 , 0
0.00363386 , 0.0298471 , 0
0.00362017 , 0.0298576 , 0
0.00360649 , 0.029868 , 0
0.00359282 , 0.0298785 , 0
0.00357916 , 0.0298888 , 0
0.00356552 , 0.0298992 , 0
0.00355188 , 0.0299095 , 0
0.00353826 , 0.0299198 , 0
0.00352465 , 0.02993 , 0
0.00351105 , 0.0299402 , 0
0.00349747 , 0.0299503 , 0
0.00348389 , 0.0299604 , 0
0.00347033 , 0.0299705 , 0
0.00345678 , 0.0299806 , 0
0.00344325 , 0.0299905 , 0
0.00342972 , 0.0300005 , 0
0.00341621 , 0.0300104 , 0
0.00340272 , 0.0300203 , 0
0.00338923 , 0.0300301 , 0
0.00337576 , 0.0300399 , 0
0.0033623 , 0.0300497 , 0
0.00334886 , 0.0300594 , 0
0.00333543 , 0.0300691 , 0
0.00332201 , 0.0300787 , 0
0.00330861 , 0.0300883 , 0
0.00329522 , 0.0300979 , 0
0.00328185 , 0.0301074 , 0
0.00326848 , 0.0301169 , 0
0.00325514 , 0.0301264 , 0
0.00324181 , 0.0301358 , 0
0.00322849 , 0.0301452 , 0
0.00321518 , 0.0301545 , 0
0.0032019 , 0.0301638 , 0
0.00318862 , 0.0301731 , 0
0.00317536 , 0.0301823 , 0
0.00316212 , 0.0301915 , 0
0.00314889 , 0.0302006 , 0
0.00313568 , 0.0302097 , 0
0.00312248 , 0.0302188 , 0
0.0031093 , 0.0302278 , 0
0.00309613 , 0.0302368 , 0
0.00308298 , 0.0302458 , 0
0.00306984 , 0.0302547 , 0
0.00305672 , 0.0302635 , 0
0.00304362 , 0.0302724 , 0
0.00303053 , 0.0302812 , 0
0.00301746 , 0.03029 , 0
0.0030044 , 0.0302987 , 0
0.00299136 , 0.0303074 , 0
0.00297834 , 0.030316 , 0
0.00296534 , 0.0303246 , 0
0.00295235 , 0.0303332 , 0
0.00293938 , 0.0303417 , 0
0.00292642 , 0.0303502 , 0
0.00291348 , 0.0303587 , 0
0.00290056 , 0.0303671 , 0
0.00288766 , 0.0303755 , 0
0.00287477 , 0.0303839 , 0
0.0028619 , 0.0303922 , 0
0.00284905 , 0.0304005 , 0
0.00283622 , 0.0304087 , 0
0.00282341 , 0.0304169 , 0
0.00281061 , 0.0304251 , 0
0.00279783 , 0.0304332 , 0
0.00278507 , 0.0304413 , 0
0.00277233 , 0.0304494 , 0
0.0027596 , 0.0304574 , 0
0.0027469 , 0.0304654 , 0
0.00273421 , 0.0304733 , 0
0.00272154 , 0.0304812 , 0
0.00270889 , 0.0304891 , 0
0.00269626 , 0.0304969 , 0
0.00268365 , 0.0305047 , 0
0.00267106 , 0.0305125 , 0
0.00265848 , 0.0305202 , 0
0.00264593 , 0.0305279 , 0
0.00263339 , 0.0305356 , 0
0.00262088 , 0.0305432 , 0
0.00260838 , 0.0305508 , 0
0.00259591 , 0.0305583 , 0
0.00258345 , 0.0305658 , 0
0.00257102 , 0.0305733 , 0
0.0025586 , 0.0305807 , 0
0.0025462 , 0.0305881 , 0
0.00253383 , 0.0305955 , 0
0.00252147 , 0.0306028 , 0
0.00250914 , 0.0306101 , 0
0.00249683 , 0.0306174 , 0
0.00248453 , 0.0306246 , 0
0.00247226 , 0.0306318 , 0
0.00246001 , 0.0306389 , 0
0.00244778 , 0.0306461 , 0
0.00243557 , 0.0306531 , 0
0.00242338 , 0.0306602 , 0
0.00241121 , 0.0306672 , 0
0.00239907 , 0.0306742 , 0
