x , y , z
1 , 0 , 0
0.999576 , 0.0206006 , 0
0.998727 , 0.0411925 , 0
0.997453 , 0.0617668 , 0
0.995756 , 0.0823149 , 0
0.993635 , 0.102828 , 0
0.991091 , 0.123297 , 0
0.988124 , 0.143714 , 0
0.984737 , 0.164069 , 0
0.980929 , 0.184355 , 0
0.976702 , 0.204562 , 0
0.972058 , 0.224681 , 0
0.966999 , 0.244705 , 0
0.961526 , 0.264623 , 0
0.955642 , 0.284429 , 0
0.949348 , 0.304112 , 0
0.942648 , 0.323666 , 0
0.935543 , 0.34308 , 0
0.928037 , 0.362347 , 0
0.920132 , 0.381459 , 0
0.911832 , 0.400407 , 0
0.903141 , 0.419183 , 0
0.89406 , 0.437778 , 0
0.884595 , 0.456185 , 0
0.874749 , 0.474396 , 0
0.864526 , 0.492402 , 0
0.853931 , 0.510196 , 0
0.842967 , 0.52777 , 0
0.831639 , 0.545116 , 0
0.819952 , 0.562226 , 0
0.807911 , 0.579094 , 0
0.79552 , 0.595711 , 0
0.782785 , 0.612071 , 0
0.769712 , 0.628166 , 0
0.756305 , 0.643988 , 0
0.74257 , 0.659532 , 0
0.728514 , 0.674789 , 0
0.714141 , 0.689755 , 0
0.699459 , 0.70442 , 0
0.684473 , 0.71878 , 0
0.66919 , 0.732828 , 0
0.653616 , 0.746557 , 0
0.637757 , 0.759962 , 0
0.621622 , 0.773036 , 0
0.605216 , 0.785774 , 0
0.588546 , 0.79817 , 0
0.57162 , 0.810218 , 0
0.554445 , 0.821913 , 0
0.537029 , 0.83325 , 0
0.519378 , 0.844223 , 0
0.501501 , 0.854829 , 0
0.483404 , 0.865061 , 0
0.465097 , 0.874916 , 0
0.446587 , 0.884389 , 0
0.427882 , 0.893475 , 0
0.40899 , 0.902171 , 0
0.389919 , 0.910473 , 0
0.370677 , 0.918377 , 0
0.351274 , 0.925879 , 0
0.331717 , 0.932976 , 0
0.312014 , 0.939665 , 0
0.292175 , 0.945942 , 0
0.272209 , 0.951806 , 0
0.252123 , 0.957252 , 0
0.231926 , 0.96228 , 0
0.211628 , 0.966886 , 0
0.191237 , 0.971068 , 0
0.170763 , 0.974825 , 0
0.150214 , 0.978155 , 0
0.129598 , 0.981056 , 0
0.108926 , 0.983526 , 0
0.0882065 , 0.985566 , 0
0.0674481 , 0.987173 , 0
0.04666 , 0.988348 , 0
0.0258515 , 0.989089 , 0
0.00503167 , 0.989396 , 0
-0.0157904 , 0.989269 , 0
-0.0366055 , 0.988708 , 0
-0.0574046 , 0.987714 , 0
-0.0781784 , 0.986286 , 0
-0.098918 , 0.984426 , 0
-0.119614 , 0.982134 , 0
-0.140258 , 0.979411 , 0
-0.16084 , 0.976258 , 0
-0.181352 , 0.972677 , 0
-0.201784 , 0.96867 , 0
-0.222128 , 0.964237 , 0
-0.242374 , 0.959382 , 0
-0.262514 , 0.954107 , 0
-0.282539 , 0.948413 , 0
-0.30244 , 0.942303 , 0
-0.322208 , 0.93578 , 0
-0.341835 , 0.928847 , 0
-0.361313 , 0.921507 , 0
-0.380632 , 0.913764 , 0
-0.399784 , 0.90562 , 0
-0.418762 , 0.89708 , 0
-0.437556 , 0.888147 , 0
-0.456158 , 0.878825 , 0
-0.474561 , 0.869118 , 0
-0.492757 , 0.859032 , 0
-0.510736 , 0.84857 , 0
-0.528493 , 0.837736 , 0
-0.546018 , 0.826537 , 0
-0.563305 , 0.814976 , 0
-0.580346 , 0.803059 , 0
-0.597133 , 0.790792 , 0
-0.61366 , 0.778179 , 0
-0.629919 , 0.765227 , 0
-0.645903 , 0.751941 , 0
-0.661605 , 0.738327 , 0
-0.677019 , 0.724391 , 0
-0.692138 , 0.710139 , 0
-0.706956 , 0.695578 , 0
-0.721466 , 0.680715 , 0
-0.735661 , 0.665555 , 0
-0.749537 , 0.650105 , 0
-0.763087 , 0.634373 , 0
-0.776305 , 0.618365 , 0
-0.789186 , 0.602089 , 0
-0.801724 , 0.585551 , 0
-0.813914 , 0.568758 , 0
-0.825751 , 0.55172 , 0
-0.83723 , 0.534442 , 0
-0.848347 , 0.516932 , 0
-0.859095 , 0.499198 , 0
-0.869472 , 0.481249 , 0
-0.879473 , 0.463091 , 0
-0.889093 , 0.444733 , 0
-0.898329 , 0.426182 , 0
-0.907178 , 0.407448 , 0
-0.915634 , 0.388538 , 0
-0.923695 , 0.369459 , 0
-0.931358 , 0.350222 , 0
-0.93862 , 0.330834 , 0
-0.945477 , 0.311303 , 0
-0.951927 , 0.291638 , 0
-0.957968 , 0.271848 , 0
-0.963597 , 0.251941 , 0
-0.968811 , 0.231925 , 0
-0.97361 , 0.21181 , 0
-0.977991 , 0.191604 , 0
-0.981952 , 0.171316 , 0
-0.985493 , 0.150955 , 0
-0.988611 , 0.130528 , 0
-0.991306 , 0.110046 , 0
-0.993577 , 0.0895172 , 0
-0.995423 , 0.0689497 , 0
-0.996844 , 0.0483528 , 0
-0.997839 , 0.0277353 , 0
-0.998409 , 0.00710587 , 0
-0.998552 , -0.0135266 , 0
-0.99827 , -0.0341532 , 0
-0.997563 , -0.0547653 , 0
-0.996431 , -0.0753541 , 0
-0.994876 , -0.0959109 , 0
-0.992897 , -0.116427 , 0
-0.990497 , -0.136893 , 0
-0.987676 , -0.157302 , 0
-0.984437 , -0.177644 , 0
-0.98078 , -0.19791 , 0
-0.976707 , -0.218092 , 0
-0.972221 , -0.238183 , 0
-0.967324 , -0.258172 , 0
-0.962018 , -0.278052 , 0
-0.956305 , -0.297815 , 0
-0.950188 , -0.317452 , 0
-0.94367 , -0.336955 , 0
-0.936754 , -0.356316 , 0
-0.929444 , -0.375527 , 0
-0.921742 , -0.394579 , 0
-0.913652 , -0.413466 , 0
-0.905178 , -0.432178 , 0
-0.896323 , -0.450709 , 0
-0.887092 , -0.469051 , 0
-0.877488 , -0.487195 , 0
-0.867516 , -0.505136 , 0
-0.85718 , -0.522864 , 0
-0.846485 , -0.540373 , 0
-0.835435 , -0.557656 , 0
-0.824036 , -0.574706 , 0
-0.812292 , -0.591515 , 0
-0.800208 , -0.608076 , 0
-0.78779 , -0.624384 , 0
-0.775044 , -0.640431 , 0
-0.761973 , -0.656211 , 0
-0.748585 , -0.671717 , 0
-0.734885 , -0.686943 , 0
-0.720878 , -0.701882 , 0
-0.706572 , -0.71653 , 0
-0.691971 , -0.730879 , 0
-0.677082 , -0.744924 , 0
-0.661912 , -0.75866 , 0
-0.646467 , -0.77208 , 0
-0.630754 , -0.78518 , 0
-0.614778 , -0.797953 , 0
-0.598548 , -0.810396 , 0
-0.582069 , -0.822502 , 0
-0.565349 , -0.834268 , 0
-0.548395 , -0.845688 , 0
-0.531214 , -0.856758 , 0
-0.513812 , -0.867473 , 0
-0.496199 , -0.877829 , 0
-0.47838 , -0.887822 , 0
-0.460363 , -0.897448 , 0
-0.442156 , -0.906704 , 0
-0.423766 , -0.915584 , 0
-0.405202 , -0.924087 , 0
-0.38647 , -0.932208 , 0
-0.367579 , -0.939945 , 0
-0.348536 , -0.947294 , 0
-0.329349 , -0.954253 , 0
-0.310027 , -0.960818 , 0
-0.290577 , -0.966987 , 0
-0.271007 , -0.972758 , 0
-0.251326 , -0.978129 , 0
-0.231541 , -0.983097 , 0
-0.211661 , -0.98766 , 0
-0.191694 , -0.991817 , 0
-0.171648 , -0.995566 , 0
-0.151531 , -0.998906 , 0
-0.131353 , -1.00184 , 0
-0.11112 , -1.00435 , 0
-0.0908414 , -1.00646 , 0
-0.0705256 , -1.00815 , 0
-0.0501809 , -1.00943 , 0
-0.0298156 , -1.01029 , 0
-0.00943797 , -1.01074 , 0
0.0109435 , -1.01077 , 0
0.0313205 , -1.01039 , 0
0.0516846 , -1.00959 , 0
0.0720275 , -1.00838 , 0
0.0923408 , -1.00676 , 0
0.112616 , -1.00472 , 0
0.132846 , -1.00227 , 0
0.15302 , -0.999408 , 0
0.173132 , -0.996138 , 0
0.193173 , -0.992458 , 0
0.213135 , -0.988372 , 0
0.23301 , -0.98388 , 0
0.252788 , -0.978985 , 0
0.272463 , -0.973689 , 0
0.292027 , -0.967993 , 0
0.311471 , -0.9619 , 0
0.330786 , -0.955412 , 0
0.349967 , -0.948533 , 0
0.369003 , -0.941264 , 0
0.387889 , -0.93361 , 0
0.406615 , -0.925572 , 0
0.425174 , -0.917155 , 0
0.443559 , -0.908361 , 0
0.461762 , -0.899194 , 0
0.479775 , -0.889659 , 0
0.497591 , -0.879758 , 0
0.515203 , -0.869496 , 0
0.532604 , -0.858877 , 0
0.549785 , -0.847905 , 0
0.566741 , -0.836585 , 0
0.583464 , -0.824921 , 0
0.599947 , -0.812918 , 0
0.616184 , -0.800581 , 0
0.632167 , -0.787915 , 0
0.64789 , -0.774924 , 0
0.663347 , -0.761615 , 0
0.678531 , -0.747993 , 0
0.693435 , -0.734062 , 0
0.708054 , -0.71983 , 0
0.722381 , -0.705301 , 0
0.736411 , -0.690481 , 0
0.750137 , -0.675377 , 0
0.763554 , -0.659994 , 0
0.776656 , -0.644339 , 0
0.789438 , -0.628418 , 0
0.801893 , -0.612238 , 0
0.814018 , -0.595805 , 0
0.825806 , -0.579126 , 0
0.837253 , -0.562208 , 0
0.848354 , -0.545057 , 0
0.859105 , -0.527681 , 0
0.869499 , -0.510086 , 0
0.879534 , -0.49228 , 0
0.889205 , -0.474271 , 0
0.898507 , -0.456065 , 0
0.907436 , -0.43767 , 0
0.91599 , -0.419093 , 0
0.924163 , -0.400343 , 0
0.931953 , -0.381426 , 0
0.939355 , -0.362351 , 0
0.946368 , -0.343126 , 0
0.952987 , -0.323757 , 0
0.959209 , -0.304254 , 0
0.965032 , -0.284625 , 0
0.970454 , -0.264877 , 0
0.975471 , -0.245018 , 0
0.980081 , -0.225058 , 0
0.984282 , -0.205003 , 0
0.988073 , -0.184863 , 0
0.991451 , -0.164646 , 0
0.994415 , -0.14436 , 0
0.996963 , -0.124013 , 0
0.999094 , -0.103615 , 0
1.00081 , -0.0831734 , 0
1.0021 , -0.062697 , 0
1.00297 , -0.0421942 , 0
1.00343 , -0.0216738 , 0
1.00346 , -0.00114424 , 0
1.00307 , 0.0193858 , 0
1.00226 , 0.0399077 , 0
1.00103 , 0.0604127 , 0
0.999375 , 0.0808924 , 0
0.997301 , 0.101338 , 0
0.994808 , 0.121741 , 0
0.991895 , 0.142093 , 0
0.988563 , 0.162384 , 0
0.984815 , 0.182608 , 0
0.98065 , 0.202754 , 0
0.976071 , 0.222814 , 0
0.97108 , 0.24278 , 0
0.965677 , 0.262644 , 0
0.959866 , 0.282396 , 0
0.953648 , 0.302029 , 0
0.947026 , 0.321533 , 0
0.940002 , 0.340901 , 0
0.932579 , 0.360125 , 0
0.92476 , 0.379195 , 0
0.916547 , 0.398105 , 0
0.907945 , 0.416845 , 0
0.898957 , 0.435407 , 0
0.889585 , 0.453784 , 0
0.879835 , 0.471968 , 0
0.869709 , 0.48995 , 0
0.859212 , 0.507724 , 0
0.848348 , 0.52528 , 0
0.837122 , 0.542612 , 0
0.825538 , 0.559713 , 0
0.813601 , 0.576573 , 0
0.801315 , 0.593187 , 0
0.788686 , 0.609547 , 0
0.775719 , 0.625645 , 0
0.762419 , 0.641475 , 0
0.748792 , 0.65703 , 0
0.734844 , 0.672303 , 0
0.72058 , 0.687286 , 0
0.706005 , 0.701974 , 0
0.691128 , 0.716361 , 0
0.675952 , 0.730438 , 0
0.660486 , 0.744202 , 0
0.644734 , 0.757644 , 0
0.628705 , 0.77076 , 0
0.612405 , 0.783543 , 0
0.59584 , 0.795988 , 0
0.579017 , 0.808089 , 0
0.561945 , 0.81984 , 0
0.544629 , 0.831238 , 0
0.527078 , 0.842275 , 0
0.509298 , 0.852948 , 0
0.491298 , 0.863251 , 0
0.473085 , 0.873181 , 0
0.454667 , 0.882731 , 0
0.436052 , 0.891899 , 0
0.417248 , 0.90068 , 0
0.398262 , 0.909069 , 0
0.379103 , 0.917064 , 0
0.359779 , 0.92466 , 0
0.340299 , 0.931854 , 0
0.320671 , 0.938643 , 0
0.300904 , 0.945023 , 0
0.281005 , 0.950991 , 0
0.260984 , 0.956546 , 0
0.24085 , 0.961683 , 0
0.22061 , 0.966402 , 0
0.200274 , 0.970699 , 0
0.179851 , 0.974572 , 0
0.159349 , 0.97802 , 0
0.138778 , 0.981042 , 0
0.118146 , 0.983634 , 0
0.0974622 , 0.985798 , 0
0.076736 , 0.98753 , 0
0.0559764 , 0.98883 , 0
0.0351922 , 0.989699 , 0
0.0143926 , 0.990134 , 0
-0.0064132 , 0.990136 , 0
-0.0272162 , 0.989705 , 0
-0.0480074 , 0.988841 , 0
-0.0687775 , 0.987544 , 0
-0.0895175 , 0.985814 , 0
-0.110218 , 0.983653 , 0
-0.130871 , 0.98106 , 0
-0.151466 , 0.978038 , 0
-0.171995 , 0.974587 , 0
-0.192448 , 0.970709 , 0
-0.212817 , 0.966406 , 0
-0.233093 , 0.961679 , 0
-0.253266 , 0.95653 , 0
-0.273329 , 0.950962 , 0
-0.293271 , 0.944976 , 0
-0.313085 , 0.938577 , 0
-0.332762 , 0.931765 , 0
-0.352293 , 0.924545 , 0
-0.371669 , 0.916919 , 0
-0.390882 , 0.908891 , 0
-0.409924 , 0.900465 , 0
-0.428785 , 0.891643 , 0
-0.447459 , 0.88243 , 0
-0.465937 , 0.87283 , 0
-0.48421 , 0.862848 , 0
-0.50227 , 0.852487 , 0
-0.520111 , 0.841752 , 0
-0.537723 , 0.830647 , 0
-0.5551 , 0.819179 , 0
-0.572233 , 0.807352 , 0
-0.589115 , 0.79517 , 0
-0.605739 , 0.78264 , 0
-0.622098 , 0.769767 , 0
-0.638184 , 0.756557 , 0
-0.65399 , 0.743015 , 0
-0.66951 , 0.729148 , 0
-0.684737 , 0.714961 , 0
-0.699664 , 0.700461 , 0
-0.714285 , 0.685655 , 0
-0.728593 , 0.670549 , 0
-0.742582 , 0.655149 , 0
-0.756246 , 0.639462 , 0
-0.76958 , 0.623496 , 0
-0.782577 , 0.607258 , 0
-0.795232 , 0.590754 , 0
-0.80754 , 0.573992 , 0
-0.819495 , 0.556979 , 0
-0.831092 , 0.539723 , 0
-0.842326 , 0.522231 , 0
-0.853193 , 0.504511 , 0
-0.863688 , 0.486572 , 0
-0.873806 , 0.46842 , 0
-0.883543 , 0.450064 , 0
-0.892896 , 0.431512 , 0
-0.901859 , 0.412773 , 0
-0.91043 , 0.393853 , 0
-0.918605 , 0.374762 , 0
-0.92638 , 0.355508 , 0
-0.933752 , 0.3361 , 0
-0.940719 , 0.316545 , 0
-0.947277 , 0.296853 , 0
-0.953424 , 0.277032 , 0
-0.959157 , 0.257091 , 0
-0.964474 , 0.237038 , 0
-0.969373 , 0.216883 , 0
-0.973853 , 0.196634 , 0
-0.97791 , 0.176299 , 0
-0.981544 , 0.155888 , 0
-0.984753 , 0.13541 , 0
-0.987537 , 0.114873 , 0
-0.989894 , 0.094287 , 0
-0.991824 , 0.0736598 , 0
-0.993325 , 0.0530009 , 0
-0.994398 , 0.0323191 , 0
-0.995042 , 0.0116234 , 0
-0.995258 , -0.00907735 , 0
-0.995045 , -0.0297742 , 0
-0.994403 , -0.0504582 , 0
-0.993334 , -0.0711205 , 0
-0.991838 , -0.0917522 , 0
-0.989916 , -0.112345 , 0
-0.987569 , -0.132889 , 0
-0.984798 , -0.153376 , 0
-0.981605 , -0.173797 , 0
-0.977991 , -0.194144 , 0
-0.973958 , -0.214407 , 0
-0.969509 , -0.234579 , 0
-0.964644 , -0.254651 , 0
-0.959368 , -0.274614 , 0
-0.953682 , -0.294459 , 0
-0.947588 , -0.314179 , 0
-0.941091 , -0.333765 , 0
-0.934192 , -0.353208 , 0
-0.926895 , -0.372501 , 0
-0.919203 , -0.391635 , 0
-0.911121 , -0.410603 , 0
-0.902651 , -0.429396 , 0
-0.893797 , -0.448007 , 0
-0.884564 , -0.466427 , 0
-0.874955 , -0.484649 , 0
-0.864975 , -0.502666 , 0
-0.854629 , -0.52047 , 0
-0.843921 , -0.538054 , 0
-0.832855 , -0.555409 , 0
-0.821438 , -0.57253 , 0
-0.809673 , -0.589409 , 0
-0.797566 , -0.606038 , 0
-0.785122 , -0.622412 , 0
-0.772347 , -0.638523 , 0
-0.759246 , -0.654366 , 0
-0.745826 , -0.669932 , 0
-0.732091 , -0.685216 , 0
-0.718049 , -0.700212 , 0
-0.703704 , -0.714914 , 0
-0.689064 , -0.729315 , 0
-0.674134 , -0.743409 , 0
-0.658922 , -0.757192 , 0
-0.643432 , -0.770657 , 0
-0.627674 , -0.783799 , 0
-0.611652 , -0.796612 , 0
-0.595374 , -0.809092 , 0
-0.578847 , -0.821234 , 0
-0.562078 , -0.833032 , 0
-0.545073 , -0.844481 , 0
-0.527842 , -0.855578 , 0
-0.51039 , -0.866318 , 0
-0.492724 , -0.876697 , 0
-0.474854 , -0.886709 , 0
-0.456785 , -0.896353 , 0
-0.438527 , -0.905622 , 0
-0.420085 , -0.914515 , 0
-0.401469 , -0.923027 , 0
-0.382686 , -0.931156 , 0
-0.363744 , -0.938897 , 0
-0.344651 , -0.946248 , 0
-0.325414 , -0.953207 , 0
-0.306043 , -0.95977 , 0
-0.286544 , -0.965934 , 0
-0.266927 , -0.971698 , 0
-0.247199 , -0.97706 , 0
-0.227369 , -0.982017 , 0
-0.207445 , -0.986567 , 0
-0.187435 , -0.990709 , 0
-0.167347 , -0.994441 , 0
-0.14719 , -0.997762 , 0
-0.126972 , -1.00067 , 0
-0.106702 , -1.00317 , 0
-0.0863877 , -1.00525 , 0
-0.0660377 , -1.00691 , 0
-0.0456605 , -1.00816 , 0
-0.0252645 , -1.009 , 0
-0.00485802 , -1.00941 , 0
0.0155504 , -1.00942 , 0
0.0359525 , -1.009 , 0
0.0563397 , -1.00817 , 0
0.0767038 , -1.00693 , 0
0.0970362 , -1.00527 , 0
0.117329 , -1.0032 , 0
0.137573 , -1.00071 , 0
0.157761 , -0.997814 , 0
0.177883 , -0.994506 , 0
0.197933 , -0.99079 , 0
0.217901 , -0.986666 , 0
0.23778 , -0.982137 , 0
0.257561 , -0.977204 , 0
0.277236 , -0.97187 , 0
0.296798 , -0.966137 , 0
0.316237 , -0.960007 , 0
0.335547 , -0.953483 , 0
0.354719 , -0.946567 , 0
0.373745 , -0.939263 , 0
0.392619 , -0.931574 , 0
0.41133 , -0.923502 , 0
0.429874 , -0.915052 , 0
0.44824 , -0.906226 , 0
0.466423 , -0.897028 , 0
0.484415 , -0.887462 , 0
0.502208 , -0.877533 , 0
0.519795 , -0.867243 , 0
0.537169 , -0.856598 , 0
0.554322 , -0.845602 , 0
0.571248 , -0.834258 , 0
0.58794 , -0.822573 , 0
0.604391 , -0.81055 , 0
0.620594 , -0.798195 , 0
0.636542 , -0.785512 , 0
0.652229 , -0.772507 , 0
0.667649 , -0.759186 , 0
0.682795 , -0.745553 , 0
0.69766 , -0.731614 , 0
0.71224 , -0.717374 , 0
0.726527 , -0.702841 , 0
0.740516 , -0.688019 , 0
0.754201 , -0.672914 , 0
0.767576 , -0.657534 , 0
0.780636 , -0.641883 , 0
0.793376 , -0.625968 , 0
0.805789 , -0.609797 , 0
0.817872 , -0.593375 , 0
0.829619 , -0.576709 , 0
0.841024 , -0.559806 , 0
0.852084 , -0.542673 , 0
0.862793 , -0.525317 , 0
0.873148 , -0.507745 , 0
0.883143 , -0.489964 , 0
0.892775 , -0.471981 , 0
0.902039 , -0.453804 , 0
0.910932 , -0.43544 , 0
0.91945 , -0.416897 , 0
0.927588 , -0.398182 , 0
0.935345 , -0.379302 , 0
0.942715 , -0.360267 , 0
0.949697 , -0.341083 , 0
0.956287 , -0.321758 , 0
0.962482 , -0.3023 , 0
0.96828 , -0.282717 , 0
0.973678 , -0.263018 , 0
0.978673 , -0.243209 , 0
0.983264 , -0.223301 , 0
0.987447 , -0.2033 , 0
0.991223 , -0.183214 , 0
0.994587 , -0.163053 , 0
0.99754 , -0.142825 , 0
1.00008 , -0.122537 , 0
1.0022 , -0.102198 , 0
1.00391 , -0.0818173 , 0
1.00521 , -0.0614023 , 0
1.00608 , -0.0409619 , 0
1.00654 , -0.0205044 , 0
1.00658 , -3.8447e-005 , 0
1.0062 , 0.0204276 , 0
1.0054 , 0.040885 , 0
1.00418 , 0.0613255 , 0
1.00255 , 0.0817405 , 0
1.0005 , 0.102121 , 0
0.998025 , 0.12246 , 0
0.995138 , 0.142747 , 0
0.991837 , 0.162974 , 0
0.98812 , 0.183134 , 0
0.983991 , 0.203217 , 0
0.97945 , 0.223215 , 0
0.9745 , 0.24312 , 0
0.969141 , 0.262922 , 0
0.963377 , 0.282615 , 0
0.957208 , 0.302189 , 0
0.950638 , 0.321637 , 0
0.94367 , 0.340949 , 0
0.936304 , 0.360118 , 0
0.928546 , 0.379136 , 0
0.920397 , 0.397995 , 0
0.91186 , 0.416686 , 0
0.90294 , 0.435201 , 0
0.893639 , 0.453534 , 0
0.883961 , 0.471675 , 0
0.873911 , 0.489617 , 0
0.863492 , 0.507352 , 0
0.852708 , 0.524873 , 0
0.841563 , 0.542172 , 0
0.830063 , 0.559242 , 0
0.818211 , 0.576075 , 0
0.806013 , 0.592665 , 0
0.793473 , 0.609003 , 0
0.780596 , 0.625082 , 0
0.767389 , 0.640897 , 0
0.753855 , 0.656439 , 0
0.740002 , 0.671703 , 0
0.725833 , 0.686681 , 0
0.711356 , 0.701367 , 0
0.696576 , 0.715754 , 0
0.681499 , 0.729836 , 0
0.666132 , 0.743607 , 0
0.65048 , 0.757061 , 0
0.634551 , 0.770192 , 0
0.618351 , 0.782993 , 0
0.601887 , 0.79546 , 0
0.585165 , 0.807587 , 0
0.568192 , 0.819369 , 0
0.550977 , 0.830799 , 0
0.533525 , 0.841873 , 0
0.515845 , 0.852587 , 0
0.497943 , 0.862934 , 0
0.479827 , 0.872912 , 0
0.461506 , 0.882514 , 0
0.442986 , 0.891737 , 0
0.424275 , 0.900576 , 0
0.405382 , 0.909028 , 0
0.386314 , 0.917088 , 0
0.36708 , 0.924754 , 0
0.347688 , 0.93202 , 0
0.328145 , 0.938885 , 0
0.308461 , 0.945344 , 0
0.288644 , 0.951395 , 0
0.268702 , 0.957036 , 0
0.248644 , 0.962262 , 0
0.228479 , 0.967072 , 0
0.208214 , 0.971463 , 0
0.187859 , 0.975434 , 0
0.167423 , 0.978983 , 0
0.146915 , 0.982106 , 0
0.126342 , 0.984804 , 0
0.105715 , 0.987075 , 0
0.0850422 , 0.988917 , 0
0.0643322 , 0.99033 , 0
0.0435943 , 0.991312 , 0
0.0228374 , 0.991864 , 0
0.00207054 , 0.991984 , 0
-0.0186972 , 0.991672 , 0
-0.0394568 , 0.990929 , 0
-0.0601992 , 0.989754 , 0
-0.0809154 , 0.988148 , 0
-0.101596 , 0.986112 , 0
-0.122233 , 0.983645 , 0
-0.142816 , 0.98075 , 0
-0.163337 , 0.977426 , 0
-0.183787 , 0.973676 , 0
-0.204156 , 0.969501 , 0
-0.224437 , 0.964902 , 0
-0.244619 , 0.959882 , 0
-0.264694 , 0.954442 , 0
-0.284654 , 0.948585 , 0
-0.304489 , 0.942313 , 0
-0.324191 , 0.935629 , 0
-0.343751 , 0.928536 , 0
-0.363161 , 0.921036 , 0
-0.382411 , 0.913133 , 0
-0.401494 , 0.904831 , 0
-0.420402 , 0.896131 , 0
-0.439125 , 0.88704 , 0
-0.457656 , 0.87756 , 0
-0.475986 , 0.867695 , 0
-0.494108 , 0.85745 , 0
-0.512013 , 0.846829 , 0
-0.529694 , 0.835837 , 0
-0.547142 , 0.824478 , 0
-0.564351 , 0.812758 , 0
-0.581312 , 0.800682 , 0
-0.598018 , 0.788254 , 0
-0.614462 , 0.775481 , 0
-0.630636 , 0.762367 , 0
-0.646534 , 0.748919 , 0
-0.662148 , 0.735143 , 0
-0.677471 , 0.721044 , 0
-0.692498 , 0.706629 , 0
-0.70722 , 0.691904 , 0
-0.721633 , 0.676875 , 0
-0.735729 , 0.661549 , 0
-0.749502 , 0.645933 , 0
-0.762946 , 0.630034 , 0
-0.776056 , 0.613859 , 0
-0.788826 , 0.597414 , 0
-0.801249 , 0.580708 , 0
-0.813322 , 0.563747 , 0
-0.825038 , 0.546539 , 0
-0.836392 , 0.529091 , 0
-0.847379 , 0.511411 , 0
-0.857996 , 0.493507 , 0
-0.868236 , 0.475387 , 0
-0.878097 , 0.457059 , 0
-0.887572 , 0.438531 , 0
-0.896659 , 0.419811 , 0
-0.905354 , 0.400907 , 0
-0.913652 , 0.381827 , 0
-0.921551 , 0.36258 , 0
-0.929047 , 0.343175 , 0
-0.936136 , 0.32362 , 0
-0.942816 , 0.303923 , 0
-0.949084 , 0.284094 , 0
-0.954938 , 0.26414 , 0
-0.960374 , 0.244071 , 0
-0.965391 , 0.223896 , 0
-0.969987 , 0.203623 , 0
-0.97416 , 0.18326 , 0
-0.977908 , 0.162818 , 0
-0.981229 , 0.142305 , 0
-0.984123 , 0.12173 , 0
-0.986589 , 0.101102 , 0
-0.988624 , 0.0804304 , 0
-0.99023 , 0.0597234 , 0
-0.991404 , 0.0389904 , 0
-0.992148 , 0.0182404 , 0
-0.99246 , -0.00251753 , 0
-0.992341 , -0.0232743 , 0
-0.991791 , -0.044021 , 0
-0.990811 , -0.0647486 , 0
-0.989401 , -0.0854482 , 0
-0.987562 , -0.106111 , 0
-0.985294 , -0.126727 , 0
-0.9826 , -0.147289 , 0
-0.979481 , -0.167786 , 0
-0.975938 , -0.188212 , 0
-0.971972 , -0.208555 , 0
-0.967587 , -0.228809 , 0
-0.962783 , -0.248964 , 0
-0.957564 , -0.269011 , 0
-0.951932 , -0.288942 , 0
-0.945889 , -0.308749 , 0
-0.939438 , -0.328423 , 0
-0.932583 , -0.347955 , 0
-0.925326 , -0.367337 , 0
-0.917671 , -0.386561 , 0
-0.909622 , -0.405619 , 0
-0.901181 , -0.424503 , 0
-0.892354 , -0.443204 , 0
-0.883143 , -0.461715 , 0
-0.873554 , -0.480028 , 0
-0.86359 , -0.498136 , 0
-0.853256 , -0.51603 , 0
-0.842557 , -0.533703 , 0
-0.831498 , -0.551147 , 0
-0.820083 , -0.568356 , 0
-0.808317 , -0.585322 , 0
-0.796206 , -0.602038 , 0
-0.783756 , -0.618497 , 0
-0.770971 , -0.634693 , 0
-0.757857 , -0.650618 , 0
-0.744421 , -0.666265 , 0
-0.730668 , -0.68163 , 0
-0.716604 , -0.696704 , 0
-0.702236 , -0.711482 , 0
-0.687569 , -0.725958 , 0
-0.67261 , -0.740125 , 0
-0.657366 , -0.753979 , 0
-0.641843 , -0.767513 , 0
-0.626048 , -0.780721 , 0
-0.609989 , -0.7936 , 0
-0.593671 , -0.806142 , 0
-0.577102 , -0.818343 , 0
-0.560289 , -0.830199 , 0
-0.543239 , -0.841704 , 0
-0.52596 , -0.852854 , 0
-0.50846 , -0.863644 , 0
-0.490745 , -0.87407 , 0
-0.472823 , -0.884128 , 0
-0.454703 , -0.893813 , 0
-0.436391 , -0.903123 , 0
-0.417895 , -0.912053 , 0
-0.399224 , -0.9206 , 0
-0.380385 , -0.92876 , 0
-0.361387 , -0.93653 , 0
-0.342237 , -0.943908 , 0
-0.322944 , -0.95089 , 0
-0.303516 , -0.957474 , 0
-0.28396 , -0.963657 , 0
-0.264286 , -0.969437 , 0
-0.244501 , -0.974811 , 0
-0.224614 , -0.979778 , 0
-0.204633 , -0.984336 , 0
-0.184566 , -0.988483 , 0
-0.164423 , -0.992218 , 0
-0.144211 , -0.995539 , 0
-0.123939 , -0.998446 , 0
-0.103616 , -1.00094 , 0
-0.0832493 , -1.00301 , 0
-0.062848 , -1.00467 , 0
-0.0424206 , -1.00591 , 0
-0.0219755 , -1.00673 , 0
-0.00152136 , -1.00713 , 0
0.0189334 , -1.00711 , 0
0.0393804 , -1.00668 , 0
0.059811 , -1.00583 , 0
0.0802168 , -1.00456 , 0
0.100589 , -1.00288 , 0
0.12092 , -1.00078 , 0
0.141201 , -0.998266 , 0
0.161424 , -0.995339 , 0
0.181579 , -0.992001 , 0
0.20166 , -0.988253 , 0
0.221657 , -0.984096 , 0
0.241563 , -0.979533 , 0
0.261369 , -0.974565 , 0
0.281067 , -0.969195 , 0
0.300649 , -0.963425 , 0
0.320107 , -0.957258 , 0
0.339433 , -0.950696 , 0
0.35862 , -0.943742 , 0
0.377658 , -0.9364 , 0
0.396541 , -0.928671 , 0
0.415261 , -0.920561 , 0
0.433809 , -0.912071 , 0
0.45218 , -0.903206 , 0
0.470364 , -0.89397 , 0
0.488354 , -0.884366 , 0
0.506144 , -0.874398 , 0
0.523726 , -0.864071 , 0
0.541093 , -0.853388 , 0
0.558237 , -0.842355 , 0
0.575152 , -0.830976 , 0
0.591831 , -0.819256 , 0
0.608266 , -0.807199 , 0
0.624452 , -0.79481 , 0
0.640382 , -0.782096 , 0
0.656048 , -0.76906 , 0
0.671446 , -0.755709 , 0
0.686568 , -0.742048 , 0
0.701408 , -0.728082 , 0
0.715961 , -0.713818 , 0
0.730219 , -0.69926 , 0
0.744179 , -0.684416 , 0
0.757833 , -0.669291 , 0
0.771176 , -0.653892 , 0
0.784203 , -0.638224 , 0
0.796908 , -0.622295 , 0
0.809286 , -0.606111 , 0
0.821333 , -0.589678 , 0
0.833043 , -0.573003 , 0
0.844411 , -0.556093 , 0
0.855432 , -0.538955 , 0
0.866103 , -0.521596 , 0
0.876419 , -0.504023 , 0
0.886375 , -0.486243 , 0
0.895967 , -0.468264 , 0
0.905192 , -0.450092 , 0
0.914046 , -0.431736 , 0
0.922524 , -0.413203 , 0
0.930624 , -0.3945 , 0
0.938341 , -0.375635 , 0
0.945674 , -0.356616 , 0
0.952618 , -0.337451 , 0
0.95917 , -0.318147 , 0
0.965329 , -0.298712 , 0
0.971091 , -0.279155 , 0
0.976454 , -0.259483 , 0
0.981416 , -0.239704 , 0
0.985974 , -0.219826 , 0
0.990127 , -0.199859 , 0
0.993872 , -0.179809 , 0
0.997209 , -0.159685 , 0
1.00013 , -0.139495 , 0
1.00265 , -0.119248 , 0
1.00475 , -0.0989513 , 0
1.00644 , -0.0786143 , 0
1.00771 , -0.0582448 , 0
1.00857 , -0.0378513 , 0
1.00901 , -0.0174423 , 0
1.00903 , 0.002974 , 0
1.00864 , 0.023389 , 0
1.00783 , 0.0437944 , 0
1.00661 , 0.0641817 , 0
1.00497 , 0.0845425 , 0
1.00291 , 0.104868 , 0
1.00044 , 0.125151 , 0
0.997558 , 0.145381 , 0
0.994261 , 0.165552 , 0
0.990552 , 0.185654 , 0
0.986432 , 0.205679 , 0
0.981904 , 0.225619 , 0
0.976969 , 0.245465 , 0
0.971628 , 0.265209 , 0
0.965884 , 0.284844 , 0
0.959739 , 0.30436 , 0
0.953195 , 0.323749 , 0
0.946255 , 0.343004 , 0
0.938921 , 0.362117 , 0
0.931197 , 0.381078 , 0
0.923084 , 0.399881 , 0
0.914588 , 0.418517 , 0
0.90571 , 0.436979 , 0
0.896454 , 0.455259 , 0
0.886824 , 0.473348 , 0
0.876824 , 0.49124 , 0
0.866457 , 0.508927 , 0
0.855728 , 0.526401 , 0
0.844642 , 0.543655 , 0
0.833201 , 0.560681 , 0
0.821412 , 0.577473 , 0
0.809279 , 0.594022 , 0
0.796806 , 0.610322 , 0
0.783999 , 0.626367 , 0
0.770863 , 0.642148 , 0
0.757403 , 0.657659 , 0
0.743624 , 0.672895 , 0
0.729533 , 0.687847 , 0
0.715135 , 0.702509 , 0
0.700436 , 0.716876 , 0
0.685441 , 0.73094 , 0
0.670157 , 0.744697 , 0
0.654591 , 0.758139 , 0
0.638748 , 0.771261 , 0
0.622635 , 0.784057 , 0
0.606259 , 0.796522 , 0
0.589627 , 0.808649 , 0
0.572745 , 0.820435 , 0
0.55562 , 0.831872 , 0
0.53826 , 0.842957 , 0
0.520671 , 0.853685 , 0
0.502862 , 0.86405 , 0
0.484838 , 0.874048 , 0
0.466609 , 0.883675 , 0
0.448181 , 0.892926 , 0
0.429563 , 0.901796 , 0
0.410762 , 0.910283 , 0
0.391785 , 0.918382 , 0
0.372642 , 0.926089 , 0
0.353339 , 0.933401 , 0
0.333886 , 0.940315 , 0
0.31429 , 0.946827 , 0
0.29456 , 0.952934 , 0
0.274703 , 0.958633 , 0
0.254729 , 0.963922 , 0
0.234646 , 0.968798 , 0
0.214463 , 0.973259 , 0
0.194187 , 0.977302 , 0
0.173828 , 0.980927 , 0
0.153394 , 0.984129 , 0
0.132895 , 0.986909 , 0
0.112338 , 0.989265 , 0
0.0917332 , 0.991195 , 0
0.0710887 , 0.992699 , 0
0.0504136 , 0.993774 , 0
0.0297168 , 0.994422 , 0
0.0090072 , 0.994641 , 0
-0.0117063 , 0.99443 , 0
-0.0324148 , 0.993791 , 0
-0.0531092 , 0.992722 , 0
-0.0737807 , 0.991224 , 0
-0.0944203 , 0.989297 , 0
-0.115019 , 0.986943 , 0
-0.135568 , 0.984161 , 0
-0.156058 , 0.980953 , 0
-0.176481 , 0.977319 , 0
-0.196827 , 0.973263 , 0
-0.217088 , 0.968783 , 0
-0.237254 , 0.963884 , 0
-0.257318 , 0.958566 , 0
-0.277269 , 0.952831 , 0
-0.297101 , 0.946683 , 0
-0.316803 , 0.940123 , 0
-0.336367 , 0.933154 , 0
-0.355785 , 0.925778 , 0
-0.375048 , 0.918 , 0
-0.394147 , 0.909822 , 0
-0.413075 , 0.901247 , 0
-0.431823 , 0.89228 , 0
-0.450382 , 0.882923 , 0
-0.468745 , 0.873182 , 0
-0.486904 , 0.863059 , 0
-0.50485 , 0.85256 , 0
-0.522575 , 0.841688 , 0
-0.540072 , 0.830448 , 0
-0.557334 , 0.818846 , 0
-0.574351 , 0.806886 , 0
-0.591118 , 0.794573 , 0
-0.607626 , 0.781912 , 0
-0.623868 , 0.76891 , 0
-0.639837 , 0.755571 , 0
-0.655526 , 0.741901 , 0
-0.670928 , 0.727906 , 0
-0.686036 , 0.713593 , 0
-0.700844 , 0.698967 , 0
-0.715345 , 0.684035 , 0
-0.729532 , 0.668803 , 0
-0.7434 , 0.653279 , 0
-0.756941 , 0.637467 , 0
-0.770152 , 0.621377 , 0
-0.783024 , 0.605014 , 0
-0.795553 , 0.588385 , 0
-0.807733 , 0.571499 , 0
-0.819559 , 0.554362 , 0
-0.831026 , 0.536982 , 0
-0.842128 , 0.519367 , 0
-0.85286 , 0.501523 , 0
-0.863219 , 0.48346 , 0
-0.873199 , 0.465184 , 0
-0.882796 , 0.446705 , 0
-0.892005 , 0.428029 , 0
-0.900824 , 0.409166 , 0
-0.909247 , 0.390123 , 0
-0.917271 , 0.370909 , 0
-0.924893 , 0.351533 , 0
-0.932109 , 0.332002 , 0
-0.938917 , 0.312326 , 0
-0.945313 , 0.292513 , 0
-0.951294 , 0.272571 , 0
-0.956859 , 0.25251 , 0
-0.962004 , 0.232338 , 0
-0.966727 , 0.212065 , 0
-0.971027 , 0.191698 , 0
-0.974901 , 0.171248 , 0
-0.978348 , 0.150722 , 0
-0.981367 , 0.130131 , 0
-0.983956 , 0.109483 , 0
-0.986114 , 0.0887862 , 0
-0.987841 , 0.068051 , 0
-0.989135 , 0.047286 , 0
-0.989997 , 0.0265003 , 0
-0.990425 , 0.00570297 , 0
-0.990421 , -0.0150968 , 0
-0.989984 , -0.03589 , 0
-0.989114 , -0.0566675 , 0
-0.987812 , -0.0774202 , 0
-0.986079 , -0.0981392 , 0
-0.983916 , -0.118815 , 0
-0.981323 , -0.13944 , 0
-0.978302 , -0.160003 , 0
-0.974854 , -0.180497 , 0
-0.970982 , -0.200912 , 0
-0.966686 , -0.221239 , 0
-0.96197 , -0.24147 , 0
-0.956834 , -0.261596 , 0
-0.951283 , -0.281608 , 0
-0.945317 , -0.301498 , 0
-0.938941 , -0.321257 , 0
-0.932156 , -0.340875 , 0
-0.924967 , -0.360346 , 0
-0.917376 , -0.379661 , 0
-0.909387 , -0.398811 , 0
-0.901003 , -0.417787 , 0
-0.892229 , -0.436583 , 0
-0.883069 , -0.455189 , 0
-0.873525 , -0.473599 , 0
-0.863604 , -0.491803 , 0
-0.853309 , -0.509794 , 0
-0.842645 , -0.527566 , 0
-0.831618 , -0.545109 , 0
-0.82023 , -0.562416 , 0
-0.808489 , -0.579481 , 0
-0.796399 , -0.596296 , 0
-0.783966 , -0.612854 , 0
-0.771195 , -0.629148 , 0
-0.758091 , -0.64517 , 0
-0.744662 , -0.660916 , 0
-0.730912 , -0.676376 , 0
-0.716848 , -0.691546 , 0
-0.702475 , -0.706419 , 0
-0.687802 , -0.720989 , 0
-0.672833 , -0.735249 , 0
-0.657575 , -0.749194 , 0
-0.642036 , -0.762818 , 0
-0.626222 , -0.776115 , 0
-0.61014 , -0.78908 , 0
-0.593796 , -0.801707 , 0
-0.577199 , -0.813992 , 0
-0.560356 , -0.825929 , 0
-0.543273 , -0.837513 , 0
-0.525958 , -0.84874 , 0
-0.508419 , -0.859606 , 0
-0.490664 , -0.870104 , 0
-0.472699 , -0.880233 , 0
-0.454533 , -0.889987 , 0
-0.436175 , -0.899362 , 0
-0.41763 , -0.908355 , 0
-0.398909 , -0.916962 , 0
-0.380018 , -0.925181 , 0
-0.360965 , -0.933006 , 0
-0.34176 , -0.940437 , 0
-0.32241 , -0.947469 , 0
-0.302924 , -0.954099 , 0
-0.283309 , -0.960327 , 0
-0.263575 , -0.966148 , 0
-0.24373 , -0.971561 , 0
-0.223781 , -0.976564 , 0
-0.203738 , -0.981155 , 0
-0.183609 , -0.985332 , 0
-0.163403 , -0.989094 , 0
-0.143128 , -0.99244 , 0
-0.122792 , -0.995367 , 0
-0.102405 , -0.997876 , 0
-0.0819755 , -0.999966 , 0
-0.0615111 , -1.00164 , 0
-0.0410208 , -1.00289 , 0
-0.0205134 , -1.00371 , 0
2.67482e-006 , -1.00412 , 0
0.0205187 , -1.00411 , 0
0.0410262 , -1.00367 , 0
0.0615165 , -1.00282 , 0
0.081981 , -1.00155 , 0
0.102411 , -0.999857 , 0
0.122799 , -0.997747 , 0
0.143135 , -0.995221 , 0
0.163412 , -0.99228 , 0
0.18362 , -0.988925 , 0
0.203752 , -0.985158 , 0
0.223799 , -0.98098 , 0
0.243753 , -0.976394 , 0
0.263605 , -0.971402 , 0
0.283348 , -0.966005 , 0
0.302972 , -0.960208 , 0
0.322472 , -0.954011 , 0
0.341837 , -0.947418 , 0
0.36106 , -0.940431 , 0
0.380133 , -0.933055 , 0
0.399049 , -0.925292 , 0
0.4178 , -0.917145 , 0
0.436377 , -0.908618 , 0
0.454774 , -0.899715 , 0
0.472982 , -0.89044 , 0
0.490995 , -0.880797 , 0
0.508805 , -0.870789 , 0
0.526404 , -0.860421 , 0
0.543786 , -0.849698 , 0
0.560944 , -0.838623 , 0
0.577869 , -0.827203 , 0
0.594557 , -0.815441 , 0
0.610999 , -0.803343 , 0
0.627189 , -0.790913 , 0
0.64312 , -0.778158 , 0
0.658787 , -0.765081 , 0
0.674182 , -0.75169 , 0
0.6893 , -0.737989 , 0
0.704133 , -0.723984 , 0
0.718677 , -0.709681 , 0
0.732925 , -0.695087 , 0
0.746872 , -0.680206 , 0
0.760511 , -0.665045 , 0
0.773838 , -0.649611 , 0
0.786847 , -0.63391 , 0
0.799532 , -0.617949 , 0
0.811889 , -0.601734 , 0
0.823913 , -0.585271 , 0
0.835598 , -0.568568 , 0
0.84694 , -0.551632 , 0
0.857934 , -0.534469 , 0
0.868576 , -0.517087 , 0
0.878861 , -0.499493 , 0
0.888786 , -0.481693 , 0
0.898346 , -0.463696 , 0
0.907538 , -0.445509 , 0
0.916357 , -0.427139 , 0
0.9248 , -0.408593 , 0
0.932864 , -0.38988 , 0
0.940546 , -0.371008 , 0
0.947841 , -0.351983 , 0
0.954748 , -0.332813 , 0
0.961264 , -0.313507 , 0
0.967385 , -0.294073 , 0
0.973109 , -0.274518 , 0
0.978435 , -0.25485 , 0
0.983359 , -0.235078 , 0
0.987879 , -0.21521 , 0
0.991995 , -0.195253 , 0
0.995703 , -0.175216 , 0
0.999003 , -0.155107 , 0
1.00189 , -0.134935 , 0
1.00437 , -0.114707 , 0
1.00644 , -0.0944323 , 0
1.00809 , -0.0741187 , 0
1.00933 , -0.0537746 , 0
1.01016 , -0.0334085 , 0
1.01057 , -0.0130287 , 0
1.01057 , 0.00735647 , 0
1.01015 , 0.0277386 , 0
1.00931 , 0.0481094 , 0
1.00806 , 0.0684604 , 0
1.0064 , 0.0887832 , 0
1.00432 , 0.10907 , 0
1.00183 , 0.129311 , 0
0.998933 , 0.149499 , 0
0.99562 , 0.169626 , 0
0.991898 , 0.189683 , 0
0.987767 , 0.209662 , 0
0.983229 , 0.229555 , 0
0.978286 , 0.249353 , 0
0.97294 , 0.269048 , 0
0.967194 , 0.288632 , 0
0.961048 , 0.308098 , 0
0.954506 , 0.327436 , 0
0.94757 , 0.346639 , 0
0.940243 , 0.365699 , 0
0.932528 , 0.384608 , 0
0.924427 , 0.403359 , 0
0.915945 , 0.421942 , 0
0.907084 , 0.440351 , 0
0.897847 , 0.458578 , 0
0.888239 , 0.476615 , 0
0.878263 , 0.494455 , 0
0.867924 , 0.51209 , 0
0.857225 , 0.529513 , 0
0.84617 , 0.546716 , 0
0.834765 , 0.563693 , 0
0.823013 , 0.580436 , 0
0.81092 , 0.596937 , 0
0.798489 , 0.613191 , 0
0.785727 , 0.62919 , 0
0.772638 , 0.644927 , 0
0.759228 , 0.660396 , 0
0.745501 , 0.67559 , 0
0.731465 , 0.690503 , 0
0.717123 , 0.705128 , 0
0.702482 , 0.719459 , 0
0.687548 , 0.733489 , 0
0.672328 , 0.747214 , 0
0.656826 , 0.760626 , 0
0.64105 , 0.773721 , 0
0.625006 , 0.786492 , 0
0.6087 , 0.798934 , 0
0.59214 , 0.811042 , 0
0.575331 , 0.82281 , 0
0.558281 , 0.834233 , 0
0.540998 , 0.845306 , 0
0.523487 , 0.856024 , 0
0.505756 , 0.866383 , 0
0.487813 , 0.876377 , 0
0.469664 , 0.886004 , 0
0.451318 , 0.895257 , 0
0.432782 , 0.904134 , 0
0.414064 , 0.912629 , 0
0.395171 , 0.92074 , 0
0.376112 , 0.928463 , 0
0.356893 , 0.935794 , 0
0.337524 , 0.942729 , 0
0.318013 , 0.949266 , 0
0.298367 , 0.955401 , 0
0.278594 , 0.961133 , 0
0.258704 , 0.966457 , 0
0.238704 , 0.971372 , 0
0.218603 , 0.975874 , 0
0.198409 , 0.979963 , 0
0.17813 , 0.983636 , 0
0.157776 , 0.98689 , 0
0.137355 , 0.989726 , 0
0.116876 , 0.99214 , 0
0.0963468 , 0.994131 , 0
0.0757765 , 0.9957 , 0
0.055174 , 0.996843 , 0
0.0345479 , 0.997562 , 0
0.0139071 , 0.997855 , 0
-0.00673962 , 0.997722 , 0
-0.0273835 , 0.997162 , 0
-0.0480156 , 0.996176 , 0
-0.0686273 , 0.994763 , 0
-0.0892095 , 0.992925 , 0
-0.109753 , 0.990661 , 0
-0.13025 , 0.987973 , 0
-0.150692 , 0.98486 , 0
-0.171068 , 0.981325 , 0
-0.191371 , 0.977369 , 0
-0.211591 , 0.972992 , 0
-0.231721 , 0.968197 , 0
-0.251751 , 0.962985 , 0
-0.271673 , 0.957359 , 0
-0.291477 , 0.95132 , 0
-0.311156 , 0.944871 , 0
-0.330701 , 0.938015 , 0
-0.350103 , 0.930754 , 0
-0.369353 , 0.92309 , 0
-0.388445 , 0.915028 , 0
-0.407368 , 0.906571 , 0
-0.426115 , 0.897721 , 0
-0.444678 , 0.888483 , 0
-0.463048 , 0.87886 , 0
-0.481217 , 0.868857 , 0
-0.499178 , 0.858477 , 0
-0.516923 , 0.847724 , 0
-0.534443 , 0.836604 , 0
-0.551731 , 0.825121 , 0
-0.56878 , 0.813279 , 0
-0.585581 , 0.801084 , 0
-0.602128 , 0.788541 , 0
-0.618413 , 0.775654 , 0
-0.634429 , 0.762431 , 0
-0.650169 , 0.748875 , 0
-0.665626 , 0.734993 , 0
-0.680793 , 0.720792 , 0
-0.695663 , 0.706276 , 0
-0.71023 , 0.691452 , 0
-0.724487 , 0.676326 , 0
-0.738428 , 0.660906 , 0
-0.752046 , 0.645197 , 0
-0.765337 , 0.629206 , 0
-0.778293 , 0.612941 , 0
-0.790909 , 0.596408 , 0
-0.803179 , 0.579614 , 0
-0.815099 , 0.562566 , 0
-0.826661 , 0.545273 , 0
-0.837863 , 0.527741 , 0
-0.848697 , 0.509979 , 0
-0.859161 , 0.491993 , 0
-0.869248 , 0.473791 , 0
-0.878954 , 0.455383 , 0
-0.888276 , 0.436775 , 0
-0.897209 , 0.417975 , 0
-0.905748 , 0.398993 , 0
-0.913891 , 0.379835 , 0
-0.921633 , 0.360511 , 0
-0.928971 , 0.34103 , 0
-0.935902 , 0.321398 , 0
-0.942423 , 0.301626 , 0
-0.94853 , 0.281721 , 0
-0.954221 , 0.261693 , 0
-0.959494 , 0.241551 , 0
-0.964346 , 0.221302 , 0
-0.968775 , 0.200956 , 0
-0.97278 , 0.180522 , 0
-0.976357 , 0.160009 , 0
-0.979506 , 0.139425 , 0
-0.982226 , 0.118781 , 0
-0.984514 , 0.0980842 , 0
-0.986371 , 0.0773446 , 0
-0.987795 , 0.056571 , 0
-0.988786 , 0.0357726 , 0
-0.989343 , 0.0149585 , 0
-0.989466 , -0.00586217 , 0
-0.989156 , -0.0266802 , 0
-0.988411 , -0.0474866 , 0
-0.987233 , -0.0682722 , 0
-0.985623 , -0.0890278 , 0
-0.98358 , -0.109744 , 0
-0.981107 , -0.130413 , 0
-0.978203 , -0.151024 , 0
-0.974871 , -0.17157 , 0
-0.971112 , -0.19204 , 0
-0.966928 , -0.212426 , 0
-0.96232 , -0.232718 , 0
-0.957291 , -0.25291 , 0
-0.951844 , -0.27299 , 0
-0.945979 , -0.292951 , 0
-0.939701 , -0.312784 , 0
-0.933012 , -0.33248 , 0
-0.925915 , -0.352031 , 0
-0.918414 , -0.371427 , 0
-0.910511 , -0.390662 , 0
-0.902211 , -0.409726 , 0
-0.893516 , -0.428611 , 0
-0.884432 , -0.447309 , 0
-0.874962 , -0.465812 , 0
-0.86511 , -0.484112 , 0
-0.854881 , -0.5022 , 0
-0.84428 , -0.52007 , 0
-0.833311 , -0.537713 , 0
-0.821978 , -0.555122 , 0
-0.810289 , -0.57229 , 0
-0.798246 , -0.589208 , 0
-0.785857 , -0.605871 , 0
-0.773125 , -0.622269 , 0
-0.760058 , -0.638398 , 0
-0.746661 , -0.654249 , 0
-0.73294 , -0.669817 , 0
-0.718901 , -0.685093 , 0
-0.70455 , -0.700073 , 0
-0.689893 , -0.714749 , 0
-0.674938 , -0.729115 , 0
-0.659691 , -0.743166 , 0
-0.644158 , -0.756896 , 0
-0.628346 , -0.770297 , 0
-0.612263 , -0.783366 , 0
-0.595915 , -0.796097 , 0
-0.57931 , -0.808483 , 0
-0.562455 , -0.820521 , 0
-0.545358 , -0.832205 , 0
-0.528025 , -0.84353 , 0
-0.510465 , -0.854492 , 0
-0.492685 , -0.865086 , 0
-0.474693 , -0.875307 , 0
-0.456497 , -0.885153 , 0
-0.438105 , -0.894617 , 0
-0.419524 , -0.903698 , 0
-0.400764 , -0.91239 , 0
-0.381831 , -0.920692 , 0
-0.362735 , -0.928598 , 0
-0.343483 , -0.936107 , 0
-0.324085 , -0.943214 , 0
-0.304547 , -0.949919 , 0
-0.28488 , -0.956217 , 0
-0.265091 , -0.962106 , 0
-0.245188 , -0.967584 , 0
-0.225181 , -0.97265 , 0
-0.205078 , -0.9773 , 0
-0.184887 , -0.981534 , 0
-0.164618 , -0.98535 , 0
-0.144278 , -0.988747 , 0
-0.123877 , -0.991722 , 0
-0.103424 , -0.994277 , 0
-0.0829263 , -0.996408 , 0
-0.0623937 , -0.998117 , 0
-0.0418346 , -0.999402 , 0
-0.0212577 , -1.00026 , 0
-0.000671827 , -1.0007 , 0
0.0199143 , -1.00072 , 0
0.0404921 , -1.00031 , 0
0.0610527 , -0.999473 , 0
0.0815875 , -0.998218 , 0
0.102088 , -0.996541 , 0
0.122545 , -0.994444 , 0
0.142951 , -0.991927 , 0
0.163296 , -0.988992 , 0
0.183572 , -0.985641 , 0
0.203772 , -0.981874 , 0
0.223885 , -0.977694 , 0
0.243905 , -0.973104 , 0
0.263821 , -0.968104 , 0
0.283628 , -0.962698 , 0
0.303315 , -0.956888 , 0
0.322874 , -0.950676 , 0
0.342299 , -0.944067 , 0
0.36158 , -0.937061 , 0
0.38071 , -0.929663 , 0
0.39968 , -0.921877 , 0
0.418484 , -0.913705 , 0
0.437112 , -0.905151 , 0
0.455558 , -0.896219 , 0
0.473814 , -0.886912 , 0
0.491872 , -0.877236 , 0
0.509725 , -0.867194 , 0
0.527365 , -0.856791 , 0
0.544786 , -0.846031 , 0
0.56198 , -0.834919 , 0
0.578941 , -0.823459 , 0
0.59566 , -0.811657 , 0
0.612133 , -0.799518 , 0
0.62835 , -0.787046 , 0
0.644307 , -0.774248 , 0
0.659997 , -0.761129 , 0
0.675413 , -0.747694 , 0
0.690549 , -0.733949 , 0
0.705398 , -0.719899 , 0
0.719956 , -0.705552 , 0
0.734215 , -0.690912 , 0
0.748171 , -0.675987 , 0
0.761817 , -0.660782 , 0
0.775149 , -0.645304 , 0
0.78816 , -0.629559 , 0
0.800845 , -0.613554 , 0
0.8132 , -0.597296 , 0
0.825218 , -0.580791 , 0
0.836897 , -0.564046 , 0
0.84823 , -0.547069 , 0
0.859214 , -0.529867 , 0
0.869843 , -0.512445 , 0
0.880114 , -0.494813 , 0
0.890023 , -0.476977 , 0
0.899565 , -0.458945 , 0
0.908736 , -0.440723 , 0
0.917534 , -0.422321 , 0
0.925954 , -0.403744 , 0
0.933993 , -0.385001 , 0
0.941649 , -0.3661 , 0
0.948917 , -0.347049 , 0
0.955795 , -0.327855 , 0
0.96228 , -0.308526 , 0
0.96837 , -0.289071 , 0
0.974063 , -0.269497 , 0
0.979355 , -0.249812 , 0
0.984245 , -0.230024 , 0
0.988731 , -0.210142 , 0
0.992812 , -0.190174 , 0
0.996485 , -0.170128 , 0
0.999748 , -0.150012 , 0
1.0026 , -0.129834 , 0
1.00504 , -0.109603 , 0
1.00707 , -0.0893275 , 0
1.00869 , -0.069015 , 0
1.00989 , -0.0486742 , 0
1.01068 , -0.0283135 , 0
1.01106 , -0.00794115 , 0
1.01102 , 0.0124345 , 0
1.01056 , 0.032805 , 0
1.00969 , 0.053162 , 0
1.00841 , 0.0734973 , 0
1.00671 , 0.0938024 , 0
1.0046 , 0.114069 , 0
1.00208 , 0.134289 , 0
0.99915 , 0.154454 , 0
0.995807 , 0.174555 , 0
0.992056 , 0.194585 , 0
0.987897 , 0.214535 , 0
0.983334 , 0.234397 , 0
0.978367 , 0.254162 , 0
0.972998 , 0.273824 , 0
0.96723 , 0.293373 , 0
0.961065 , 0.312801 , 0
0.954505 , 0.332102 , 0
0.947553 , 0.351265 , 0
0.940212 , 0.370285 , 0
0.932484 , 0.389152 , 0
0.924374 , 0.407859 , 0
0.915883 , 0.426399 , 0
0.907016 , 0.444764 , 0
0.897776 , 0.462945 , 0
0.888166 , 0.480936 , 0
0.878191 , 0.498729 , 0
0.867855 , 0.516317 , 0
0.857161 , 0.533693 , 0
0.846114 , 0.550848 , 0
0.834719 , 0.567777 , 0
0.82298 , 0.584471 , 0
0.810901 , 0.600925 , 0
0.798488 , 0.617131 , 0
0.785746 , 0.633082 , 0
0.77268 , 0.648772 , 0
0.759294 , 0.664194 , 0
0.745595 , 0.679342 , 0
0.731587 , 0.694209 , 0
0.717278 , 0.70879 , 0
0.702671 , 0.723077 , 0
0.687775 , 0.737065 , 0
0.672593 , 0.750748 , 0
0.657133 , 0.76412 , 0
0.6414 , 0.777175 , 0
0.625402 , 0.789909 , 0
0.609145 , 0.802314 , 0
0.592634 , 0.814387 , 0
0.575878 , 0.826122 , 0
0.558883 , 0.837514 , 0
0.541655 , 0.848558 , 0
0.524203 , 0.85925 , 0
0.506532 , 0.869584 , 0
0.48865 , 0.879556 , 0
0.470565 , 0.889161 , 0
0.452284 , 0.898397 , 0
0.433815 , 0.907258 , 0
0.415165 , 0.91574 , 0
0.396341 , 0.923841 , 0
0.377352 , 0.931555 , 0
0.358205 , 0.938881 , 0
0.338908 , 0.945814 , 0
0.31947 , 0.952351 , 0
0.299898 , 0.95849 , 0
0.280201 , 0.964228 , 0
0.260386 , 0.969561 , 0
0.240461 , 0.974488 , 0
0.220436 , 0.979006 , 0
0.200319 , 0.983114 , 0
0.180117 , 0.986808 , 0
0.15984 , 0.990087 , 0
0.139495 , 0.99295 , 0
0.119092 , 0.995395 , 0
0.0986381 , 0.997421 , 0
0.078143 , 0.999027 , 0
0.057615 , 1.00021 , 0
0.0370626 , 1.00097 , 0
0.0164946 , 1.00131 , 0
-0.00408031 , 1.00123 , 0
-0.0246535 , 1.00072 , 0
-0.0452163 , 0.999794 , 0
-0.06576 , 0.998441 , 0
-0.0862758 , 0.996665 , 0
-0.106755 , 0.994466 , 0
-0.127189 , 0.991846 , 0
-0.147569 , 0.988805 , 0
-0.167886 , 0.985343 , 0
-0.188132 , 0.981463 , 0
-0.208298 , 0.977166 , 0
-0.228375 , 0.972453 , 0
-0.248356 , 0.967325 , 0
-0.26823 , 0.961786 , 0
-0.28799 , 0.955836 , 0
-0.307627 , 0.949479 , 0
-0.327132 , 0.942716 , 0
-0.346498 , 0.935551 , 0
-0.365716 , 0.927985 , 0
-0.384777 , 0.920023 , 0
-0.403674 , 0.911667 , 0
-0.422398 , 0.90292 , 0
-0.44094 , 0.893787 , 0
-0.459294 , 0.88427 , 0
-0.477451 , 0.874373 , 0
-0.495402 , 0.864102 , 0
-0.513141 , 0.853459 , 0
-0.530659 , 0.842449 , 0
-0.547949 , 0.831076 , 0
-0.565003 , 0.819346 , 0
-0.581813 , 0.807263 , 0
-0.598373 , 0.794833 , 0
-0.614675 , 0.782059 , 0
-0.630712 , 0.768948 , 0
-0.646476 , 0.755505 , 0
-0.661962 , 0.741736 , 0
-0.677161 , 0.727647 , 0
-0.692067 , 0.713242 , 0
-0.706674 , 0.69853 , 0
-0.720975 , 0.683514 , 0
-0.734964 , 0.668203 , 0
-0.748635 , 0.652602 , 0
-0.76198 , 0.636719 , 0
-0.774996 , 0.620559 , 0
-0.787675 , 0.60413 , 0
-0.800012 , 0.587438 , 0
-0.812001 , 0.570491 , 0
-0.823638 , 0.553297 , 0
-0.834916 , 0.535862 , 0
-0.845832 , 0.518194 , 0
-0.856379 , 0.5003 , 0
-0.866554 , 0.482188 , 0
-0.876351 , 0.463867 , 0
-0.885766 , 0.445343 , 0
-0.894795 , 0.426626 , 0
-0.903434 , 0.407722 , 0
-0.911679 , 0.38864 , 0
-0.919526 , 0.369389 , 0
-0.926972 , 0.349977 , 0
-0.934013 , 0.330411 , 0
-0.940646 , 0.310702 , 0
-0.946868 , 0.290856 , 0
-0.952676 , 0.270884 , 0
-0.958067 , 0.250793 , 0
-0.96304 , 0.230592 , 0
-0.967591 , 0.210291 , 0
-0.971719 , 0.189898 , 0
-0.975422 , 0.169421 , 0
-0.978697 , 0.14887 , 0
-0.981544 , 0.128254 , 0
-0.983961 , 0.107582 , 0
-0.985947 , 0.0868628 , 0
-0.987502 , 0.0661055 , 0
-0.988623 , 0.0453193 , 0
-0.989311 , 0.0245131 , 0
-0.989565 , 0.00369624 , 0
-0.989386 , -0.0171223 , 0
-0.988773 , -0.0379333 , 0
-0.987726 , -0.0587276 , 0
-0.986246 , -0.0794962 , 0
-0.984334 , -0.10023 , 0
-0.981989 , -0.12092 , 0
-0.979214 , -0.141556 , 0
-0.97601 , -0.162131 , 0
-0.972377 , -0.182635 , 0
-0.968318 , -0.203058 , 0
-0.963834 , -0.223392 , 0
-0.958927 , -0.243629 , 0
-0.9536 , -0.263758 , 0
-0.947854 , -0.283772 , 0
-0.941693 , -0.303661 , 0
-0.935119 , -0.323417 , 0
-0.928134 , -0.343032 , 0
-0.920743 , -0.362496 , 0
-0.912948 , -0.381801 , 0
-0.904752 , -0.400938 , 0
-0.89616 , -0.4199 , 0
-0.887175 , -0.438678 , 0
-0.877802 , -0.457263 , 0
-0.868043 , -0.475648 , 0
-0.857905 , -0.493825 , 0
-0.847391 , -0.511786 , 0
-0.836506 , -0.529522 , 0
-0.825254 , -0.547027 , 0
-0.813641 , -0.564292 , 0
-0.801673 , -0.58131 , 0
-0.789353 , -0.598074 , 0
-0.776689 , -0.614577 , 0
-0.763684 , -0.63081 , 0
-0.750346 , -0.646768 , 0
-0.736681 , -0.662444 , 0
-0.722693 , -0.67783 , 0
-0.70839 , -0.69292 , 0
-0.693777 , -0.707707 , 0
-0.678862 , -0.722186 , 0
-0.66365 , -0.736349 , 0
-0.648149 , -0.750192 , 0
-0.632366 , -0.763707 , 0
-0.616307 , -0.77689 , 0
-0.59998 , -0.789734 , 0
-0.583391 , -0.802235 , 0
-0.566549 , -0.814386 , 0
-0.54946 , -0.826184 , 0
-0.532132 , -0.837622 , 0
-0.514573 , -0.848696 , 0
-0.496791 , -0.859401 , 0
-0.478793 , -0.869733 , 0
-0.460587 , -0.879688 , 0
-0.442181 , -0.889261 , 0
-0.423583 , -0.898448 , 0
-0.404802 , -0.907247 , 0
-0.385846 , -0.915652 , 0
-0.366722 , -0.923661 , 0
-0.34744 , -0.93127 , 0
-0.328008 , -0.938477 , 0
-0.308434 , -0.945278 , 0
-0.288727 , -0.951671 , 0
-0.268895 , -0.957652 , 0
-0.248947 , -0.963221 , 0
-0.228891 , -0.968375 , 0
-0.208738 , -0.973111 , 0
-0.188494 , -0.977427 , 0
-0.168169 , -0.981324 , 0
-0.147771 , -0.984798 , 0
-0.127311 , -0.987848 , 0
-0.106795 , -0.990475 , 0
-0.0862335 , -0.992676 , 0
-0.0656351 , -0.99445 , 0
-0.0450085 , -0.995799 , 0
-0.0243627 , -0.99672 , 0
-0.00370637 , -0.997215 , 0
0.0169515 , -0.997283 , 0
0.0376021 , -0.996924 , 0
0.0582367 , -0.996139 , 0
0.0788464 , -0.994929 , 0
0.0994224 , -0.993293 , 0
0.119956 , -0.991234 , 0
0.140438 , -0.988752 , 0
0.160861 , -0.985849 , 0
0.181215 , -0.982526 , 0
0.201492 , -0.978784 , 0
0.221683 , -0.974627 , 0
0.24178 , -0.970055 , 0
0.261775 , -0.965072 , 0
0.281658 , -0.959678 , 0
0.301422 , -0.953878 , 0
0.321058 , -0.947673 , 0
0.340558 , -0.941067 , 0
0.359914 , -0.934062 , 0
0.379117 , -0.926662 , 0
0.39816 , -0.918871 , 0
0.417036 , -0.910691 , 0
0.435734 , -0.902127 , 0
0.45425 , -0.893182 , 0
0.472573 , -0.88386 , 0
0.490698 , -0.874166 , 0
0.508615 , -0.864104 , 0
0.526319 , -0.853678 , 0
0.543801 , -0.842893 , 0
0.561055 , -0.831753 , 0
0.578073 , -0.820264 , 0
0.594848 , -0.808431 , 0
0.611374 , -0.796259 , 0
0.627643 , -0.783753 , 0
0.64365 , -0.770918 , 0
0.659387 , -0.757761 , 0
0.674847 , -0.744286 , 0
0.690026 , -0.7305 , 0
0.704916 , -0.716409 , 0
0.719512 , -0.702018 , 0
0.733807 , -0.687335 , 0
0.747796 , -0.672364 , 0
0.761473 , -0.657113 , 0
0.774833 , -0.641588 , 0
0.787869 , -0.625796 , 0
0.800578 , -0.609743 , 0
0.812954 , -0.593437 , 0
0.824991 , -0.576883 , 0
0.836686 , -0.56009 , 0
0.848033 , -0.543064 , 0
0.859028 , -0.525813 , 0
0.869666 , -0.508343 , 0
0.879943 , -0.490662 , 0
0.889855 , -0.472778 , 0
0.899399 , -0.454698 , 0
0.90857 , -0.43643 , 0
0.917365 , -0.417981 , 0
0.92578 , -0.399359 , 0
0.933812 , -0.380572 , 0
0.941458 , -0.361627 , 0
0.948715 , -0.342533 , 0
0.95558 , -0.323297 , 0
0.96205 , -0.303928 , 0
0.968122 , -0.284433 , 0
0.973796 , -0.264821 , 0
0.979067 , -0.245099 , 0
0.983935 , -0.225277 , 0
0.988397 , -0.205362 , 0
0.992452 , -0.185362 , 0
0.996098 , -0.165285 , 0
0.999334 , -0.145141 , 0
1.00216 , -0.124937 , 0
1.00457 , -0.104681 , 0
1.00657 , -0.0843826 , 0
1.00815 , -0.0640493 , 0
1.00932 , -0.0436896 , 0
1.01008 , -0.0233119 , 0
1.01042 , -0.00292467 , 0
1.01034 , 0.0174638 , 0
1.00985 , 0.0378451 , 0
1.00894 , 0.0582108 , 0
1.00762 , 0.0785526 , 0
1.00589 , 0.0988622 , 0
1.00374 , 0.119131 , 0
1.00118 , 0.139351 , 0
0.998215 , 0.159514 , 0
0.994836 , 0.179612 , 0
0.991048 , 0.199635 , 0
0.986854 , 0.219577 , 0
0.982255 , 0.239429 , 0
0.977253 , 0.259182 , 0
0.97185 , 0.278829 , 0
0.966048 , 0.298362 , 0
0.959851 , 0.317773 , 0
0.953259 , 0.337053 , 0
0.946277 , 0.356195 , 0
0.938906 , 0.375191 , 0
0.931151 , 0.394033 , 0
0.923014 , 0.412713 , 0
0.914498 , 0.431224 , 0
0.905607 , 0.449558 , 0
0.896344 , 0.467708 , 0
0.886714 , 0.485666 , 0
0.87672 , 0.503425 , 0
0.866367 , 0.520977 , 0
0.855658 , 0.538315 , 0
0.844597 , 0.555433 , 0
0.833191 , 0.572322 , 0
0.821442 , 0.588977 , 0
0.809356 , 0.60539 , 0
0.796938 , 0.621554 , 0
0.784192 , 0.637463 , 0
0.771124 , 0.653111 , 0
0.75774 , 0.66849 , 0
0.744044 , 0.683594 , 0
0.730043 , 0.698417 , 0
0.715741 , 0.712953 , 0
0.701145 , 0.727196 , 0
0.68626 , 0.74114 , 0
0.671094 , 0.754779 , 0
0.655651 , 0.768108 , 0
0.639938 , 0.78112 , 0
0.623962 , 0.793811 , 0
0.607728 , 0.806174 , 0
0.591245 , 0.818206 , 0
0.574517 , 0.8299 , 0
0.557553 , 0.841252 , 0
0.540359 , 0.852257 , 0
0.522942 , 0.862911 , 0
0.505309 , 0.873208 , 0
0.487467 , 0.883145 , 0
0.469424 , 0.892717 , 0
0.451187 , 0.90192 , 0
0.432763 , 0.91075 , 0
0.414161 , 0.919203 , 0
0.395387 , 0.927276 , 0
0.376449 , 0.934965 , 0
0.357356 , 0.942267 , 0
0.338114 , 0.949179 , 0
0.318732 , 0.955697 , 0
0.299218 , 0.961819 , 0
0.27958 , 0.967542 , 0
0.259826 , 0.972863 , 0
0.239964 , 0.977779 , 0
0.220002 , 0.98229 , 0
0.199949 , 0.986392 , 0
0.179813 , 0.990084 , 0
0.159601 , 0.993364 , 0
0.139324 , 0.99623 , 0
0.118988 , 0.998681 , 0
0.0986023 , 1.00072 , 0
0.0781757 , 1.00233 , 0
0.0577165 , 1.00353 , 0
0.0372333 , 1.00431 , 0
0.0167344 , 1.00467 , 0
-0.00377144 , 1.00461 , 0
-0.0242757 , 1.00413 , 0
-0.0447698 , 1.00323 , 0
-0.0652452 , 1.00191 , 0
-0.0856932 , 1.00017 , 0
-0.106105 , 0.998007 , 0
-0.126473 , 0.995428 , 0
-0.146787 , 0.99243 , 0
-0.16704 , 0.989016 , 0
-0.187222 , 0.985186 , 0
-0.207326 , 0.980942 , 0
-0.227343 , 0.976284 , 0
-0.247263 , 0.971216 , 0
-0.26708 , 0.965738 , 0
-0.286784 , 0.959852 , 0
-0.306367 , 0.953562 , 0
-0.32582 , 0.946869 , 0
-0.345136 , 0.939775 , 0
-0.364306 , 0.932285 , 0
-0.383321 , 0.9244 , 0
-0.402175 , 0.916123 , 0
-0.420857 , 0.907458 , 0
-0.439362 , 0.898409 , 0
-0.45768 , 0.888978 , 0
-0.475804 , 0.87917 , 0
-0.493725 , 0.868988 , 0
-0.511437 , 0.858437 , 0
-0.528931 , 0.847521 , 0
-0.5462 , 0.836244 , 0
-0.563237 , 0.824611 , 0
-0.580033 , 0.812626 , 0
-0.596582 , 0.800295 , 0
-0.612876 , 0.787622 , 0
-0.628909 , 0.774613 , 0
-0.644673 , 0.761273 , 0
-0.660161 , 0.747607 , 0
-0.675367 , 0.733621 , 0
-0.690283 , 0.719322 , 0
-0.704904 , 0.704714 , 0
-0.719223 , 0.689804 , 0
-0.733233 , 0.674598 , 0
-0.746928 , 0.659103 , 0
-0.760303 , 0.643324 , 0
-0.773351 , 0.62727 , 0
-0.786066 , 0.610945 , 0
-0.798443 , 0.594357 , 0
-0.810476 , 0.577514 , 0
-0.822161 , 0.560422 , 0
-0.83349 , 0.543088 , 0
-0.844461 , 0.52552 , 0
-0.855067 , 0.507725 , 0
-0.865303 , 0.489711 , 0
-0.875166 , 0.471486 , 0
-0.884651 , 0.453056 , 0
-0.893753 , 0.434431 , 0
-0.902468 , 0.415618 , 0
-0.910793 , 0.396625 , 0
-0.918723 , 0.37746 , 0
-0.926255 , 0.358131 , 0
-0.933385 , 0.338647 , 0
-0.94011 , 0.319016 , 0
-0.946427 , 0.299247 , 0
-0.952334 , 0.279348 , 0
-0.957826 , 0.259327 , 0
-0.962902 , 0.239194 , 0
-0.967559 , 0.218956 , 0
-0.971796 , 0.198624 , 0
-0.975609 , 0.178205 , 0
-0.978998 , 0.157708 , 0
-0.98196 , 0.137143 , 0
-0.984495 , 0.116518 , 0
-0.9866 , 0.0958417 , 0
-0.988275 , 0.075124 , 0
-0.989518 , 0.0543735 , 0
-0.99033 , 0.0335993 , 0
-0.99071 , 0.0128104 , 0
-0.990657 , -0.00798407 , 0
-0.990171 , -0.0287751 , 0
-0.989252 , -0.0495535 , 0
-0.987901 , -0.0703102 , 0
-0.986118 , -0.0910362 , 0
-0.983903 , -0.111722 , 0
-0.981258 , -0.13236 , 0
-0.978184 , -0.152939 , 0
-0.974682 , -0.173452 , 0
-0.970752 , -0.193888 , 0
-0.966398 , -0.21424 , 0
-0.96162 , -0.234497 , 0
-0.956421 , -0.254652 , 0
-0.950804 , -0.274696 , 0
-0.944769 , -0.294619 , 0
-0.93832 , -0.314413 , 0
-0.93146 , -0.334069 , 0
-0.924192 , -0.353579 , 0
-0.916518 , -0.372933 , 0
-0.908442 , -0.392124 , 0
-0.899968 , -0.411143 , 0
-0.8911 , -0.429982 , 0
-0.88184 , -0.448632 , 0
-0.872194 , -0.467086 , 0
-0.862165 , -0.485334 , 0
-0.851757 , -0.50337 , 0
-0.840977 , -0.521184 , 0
-0.829827 , -0.538771 , 0
-0.818313 , -0.55612 , 0
-0.806441 , -0.573226 , 0
-0.794214 , -0.590081 , 0
-0.781639 , -0.606676 , 0
-0.768722 , -0.623006 , 0
-0.755467 , -0.639062 , 0
-0.741881 , -0.654839 , 0
-0.72797 , -0.670328 , 0
-0.71374 , -0.685523 , 0
-0.699197 , -0.700417 , 0
-0.684347 , -0.715005 , 0
-0.669198 , -0.72928 , 0
-0.653755 , -0.743235 , 0
-0.638026 , -0.756864 , 0
-0.622018 , -0.770162 , 0
-0.605737 , -0.783123 , 0
-0.589191 , -0.79574 , 0
-0.572387 , -0.80801 , 0
-0.555333 , -0.819926 , 0
-0.538036 , -0.831484 , 0
-0.520503 , -0.842677 , 0
-0.502743 , -0.853503 , 0
-0.484764 , -0.863955 , 0
-0.466572 , -0.87403 , 0
-0.448177 , -0.883723 , 0
-0.429586 , -0.893031 , 0
-0.410807 , -0.901948 , 0
-0.39185 , -0.910472 , 0
-0.372721 , -0.918599 , 0
-0.35343 , -0.926326 , 0
-0.333985 , -0.933649 , 0
-0.314394 , -0.940565 , 0
-0.294667 , -0.947071 , 0
-0.274811 , -0.953165 , 0
-0.254835 , -0.958845 , 0
-0.234749 , -0.964107 , 0
-0.214561 , -0.96895 , 0
-0.19428 , -0.973373 , 0
-0.173914 , -0.977372 , 0
-0.153472 , -0.980948 , 0
-0.132964 , -0.984097 , 0
-0.112399 , -0.98682 , 0
-0.0917844 , -0.989115 , 0
-0.0711303 , -0.990982 , 0
-0.0504454 , -0.992419 , 0
-0.0297387 , -0.993427 , 0
-0.0090191 , -0.994006 , 0
0.0117044 , -0.994154 , 0
0.0324228 , -0.993873 , 0
0.0531273 , -0.993163 , 0
0.0738088 , -0.992024 , 0
0.0944584 , -0.990458 , 0
0.115067 , -0.988464 , 0
0.135627 , -0.986044 , 0
0.156128 , -0.9832 , 0
0.176561 , -0.979933 , 0
0.196919 , -0.976244 , 0
0.217193 , -0.972136 , 0
0.237372 , -0.96761 , 0
0.25745 , -0.962669 , 0
0.277418 , -0.957315 , 0
0.297267 , -0.95155 , 0
0.316988 , -0.945377 , 0
0.336573 , -0.9388 , 0
0.356015 , -0.931821 , 0
0.375304 , -0.924444 , 0
0.394433 , -0.916671 , 0
0.413393 , -0.908507 , 0
0.432177 , -0.899955 , 0
0.450777 , -0.891019 , 0
0.469184 , -0.881703 , 0
0.487391 , -0.872012 , 0
0.505391 , -0.86195 , 0
0.523176 , -0.85152 , 0
0.540739 , -0.840729 , 0
0.558072 , -0.82958 , 0
0.575168 , -0.81808 , 0
0.592019 , -0.806232 , 0
0.60862 , -0.794042 , 0
0.624963 , -0.781516 , 0
0.641041 , -0.768658 , 0
0.656848 , -0.755476 , 0
0.672377 , -0.741974 , 0
0.687621 , -0.728158 , 0
0.702576 , -0.714034 , 0
0.717233 , -0.69961 , 0
0.731589 , -0.68489 , 0
0.745635 , -0.669881 , 0
0.759368 , -0.65459 , 0
0.772781 , -0.639024 , 0
0.785869 , -0.623189 , 0
0.798626 , -0.607091 , 0
0.811048 , -0.590739 , 0
0.823129 , -0.574138 , 0
0.834864 , -0.557297 , 0
0.84625 , -0.540222 , 0
0.857281 , -0.52292 , 0
0.867952 , -0.505399 , 0
0.87826 , -0.487667 , 0
0.888201 , -0.46973 , 0
0.89777 , -0.451597 , 0
0.906964 , -0.433276 , 0
0.915779 , -0.414773 , 0
0.924212 , -0.396097 , 0
0.93226 , -0.377256 , 0
0.939918 , -0.358258 , 0
0.947185 , -0.33911 , 0
0.954057 , -0.319822 , 0
0.960533 , -0.3004 , 0
0.966608 , -0.280853 , 0
0.972282 , -0.261189 , 0
0.977551 , -0.241417 , 0
0.982415 , -0.221544 , 0
0.98687 , -0.201579 , 0
0.990916 , -0.181531 , 0
0.994551 , -0.161408 , 0
0.997774 , -0.141217 , 0
1.00058 , -0.120968 , 0
1.00298 , -0.100669 , 0
1.00496 , -0.0803283 , 0
1.00652 , -0.0599543 , 0
1.00767 , -0.0395555 , 0
1.0084 , -0.0191403 , 0
1.00871 , 0.00128274 , 0
1.00861 , 0.0217053 , 0
1.00809 , 0.0421189 , 0
1.00716 , 0.062515 , 0
1.0058 , 0.0828854 , 0
1.00404 , 0.103222 , 0
1.00186 , 0.123515 , 0
0.999265 , 0.143758 , 0
0.99626 , 0.163941 , 0
0.992845 , 0.184057 , 0
0.989021 , 0.204098 , 0
0.98479 , 0.224054 , 0
0.980154 , 0.243918 , 0
0.975114 , 0.263681 , 0
0.969674 , 0.283336 , 0
0.963834 , 0.302875 , 0
0.957598 , 0.322289 , 0
0.950969 , 0.341571 , 0
0.943949 , 0.360712 , 0
0.936541 , 0.379705 , 0
0.928749 , 0.398542 , 0
0.920575 , 0.417216 , 0
0.912023 , 0.435718 , 0
0.903096 , 0.454041 , 0
0.893799 , 0.472178 , 0
0.884135 , 0.490121 , 0
0.874109 , 0.507863 , 0
0.863723 , 0.525396 , 0
0.852983 , 0.542714 , 0
0.841894 , 0.55981 , 0
0.830459 , 0.576676 , 0
0.818683 , 0.593305 , 0
0.806572 , 0.609691 , 0
0.794129 , 0.625826 , 0
0.781361 , 0.641706 , 0
0.768273 , 0.657322 , 0
0.754869 , 0.672668 , 0
0.741156 , 0.687739 , 0
0.727139 , 0.702527 , 0
0.712824 , 0.717027 , 0
0.698217 , 0.731234 , 0
0.683323 , 0.74514 , 0
0.668148 , 0.75874 , 0
0.6527 , 0.77203 , 0
0.636984 , 0.785002 , 0
0.621006 , 0.797653 , 0
0.604774 , 0.809976 , 0
0.588293 , 0.821967 , 0
0.571571 , 0.83362 , 0
0.554614 , 0.844931 , 0
0.53743 , 0.855896 , 0
0.520024 , 0.866508 , 0
0.502406 , 0.876765 , 0
0.48458 , 0.886661 , 0
0.466556 , 0.896193 , 0
0.44834 , 0.905357 , 0
0.429939 , 0.914149 , 0
0.411362 , 0.922564 , 0
0.392615 , 0.930601 , 0
0.373707 , 0.938254 , 0
0.354646 , 0.945521 , 0
0.335438 , 0.952399 , 0
0.316092 , 0.958884 , 0
0.296616 , 0.964975 , 0
0.277017 , 0.970668 , 0
0.257304 , 0.975961 , 0
0.237486 , 0.980851 , 0
0.217569 , 0.985337 , 0
0.197563 , 0.989416 , 0
0.177474 , 0.993086 , 0
0.157313 , 0.996347 , 0
0.137087 , 0.999196 , 0
0.116804 , 1.00163 , 0
0.0964725 , 1.00365 , 0
0.0761013 , 1.00526 , 0
0.0556986 , 1.00645 , 0
0.0352728 , 1.00722 , 0
0.0148325 , 1.00758 , 0
-0.00561404 , 1.00752 , 0
-0.0260582 , 1.00704 , 0
-0.0464916 , 1.00614 , 0
-0.0669057 , 1.00483 , 0
-0.087292 , 1.0031 , 0
-0.107642 , 1.00095 , 0
-0.127947 , 0.998387 , 0
-0.148199 , 0.995407 , 0
-0.16839 , 0.992014 , 0
-0.18851 , 0.988207 , 0
-0.208552 , 0.983989 , 0
-0.228507 , 0.979361 , 0
-0.248366 , 0.974324 , 0
-0.268122 , 0.968881 , 0
-0.287766 , 0.963033 , 0
-0.30729 , 0.956783 , 0
-0.326685 , 0.950133 , 0
-0.345944 , 0.943086 , 0
-0.365058 , 0.935644 , 0
-0.384019 , 0.92781 , 0
-0.402819 , 0.919588 , 0
-0.421451 , 0.91098 , 0
-0.439905 , 0.90199 , 0
-0.458175 , 0.892621 , 0
-0.476253 , 0.882877 , 0
-0.49413 , 0.872762 , 0
-0.511799 , 0.862281 , 0
-0.529253 , 0.851436 , 0
-0.546485 , 0.840233 , 0
-0.563486 , 0.828676 , 0
-0.580249 , 0.816769 , 0
-0.596768 , 0.804518 , 0
-0.613034 , 0.791927 , 0
-0.629042 , 0.779002 , 0
-0.644784 , 0.765747 , 0
-0.660253 , 0.752168 , 0
-0.675442 , 0.738271 , 0
-0.690346 , 0.724062 , 0
-0.704957 , 0.709545 , 0
-0.719269 , 0.694728 , 0
-0.733275 , 0.679616 , 0
-0.74697 , 0.664215 , 0
-0.760348 , 0.648531 , 0
-0.773403 , 0.632573 , 0
-0.786128 , 0.616344 , 0
-0.798519 , 0.599854 , 0
-0.810569 , 0.583108 , 0
-0.822274 , 0.566113 , 0
-0.833628 , 0.548877 , 0
-0.844627 , 0.531406 , 0
-0.855264 , 0.513709 , 0
-0.865536 , 0.495792 , 0
-0.875438 , 0.477663 , 0
-0.884965 , 0.459329 , 0
-0.894113 , 0.440799 , 0
-0.902877 , 0.422079 , 0
-0.911255 , 0.403179 , 0
-0.919242 , 0.384106 , 0
-0.926834 , 0.364868 , 0
-0.934027 , 0.345473 , 0
-0.94082 , 0.32593 , 0
-0.947207 , 0.306246 , 0
-0.953187 , 0.286431 , 0
-0.958757 , 0.266492 , 0
-0.963913 , 0.246438 , 0
-0.968654 , 0.226279 , 0
-0.972977 , 0.206021 , 0
-0.97688 , 0.185675 , 0
-0.980361 , 0.165248 , 0
-0.983419 , 0.14475 , 0
-0.986051 , 0.12419 , 0
-0.988256 , 0.103576 , 0
-0.990034 , 0.0829166 , 0
-0.991384 , 0.0622217 , 0
-0.992303 , 0.0414997 , 0
-0.992793 , 0.0207598 , 0
-0.992852 , 1.08817e-005 , 0
-0.99248 , -0.020738 , 0
-0.991677 , -0.041478 , 0
-0.990444 , -0.0621999 , 0
-0.98878 , -0.0828948 , 0
-0.986686 , -0.103554 , 0
-0.984163 , -0.124167 , 0
-0.981212 , -0.144727 , 0
-0.977833 , -0.165224 , 0
-0.974029 , -0.185649 , 0
-0.969801 , -0.205993 , 0
-0.96515 , -0.226247 , 0
-0.960078 , -0.246402 , 0
-0.954587 , -0.26645 , 0
-0.948679 , -0.286382 , 0
-0.942358 , -0.306189 , 0
-0.935625 , -0.325862 , 0
-0.928484 , -0.345393 , 0
-0.920936 , -0.364773 , 0
-0.912987 , -0.383993 , 0
-0.904638 , -0.403045 , 0
-0.895893 , -0.421922 , 0
-0.886757 , -0.440613 , 0
-0.877232 , -0.459112 , 0
-0.867324 , -0.47741 , 0
-0.857036 , -0.495499 , 0
-0.846372 , -0.513371 , 0
-0.835338 , -0.531018 , 0
-0.823938 , -0.548433 , 0
-0.812178 , -0.565607 , 0
-0.800061 , -0.582534 , 0
-0.787593 , -0.599205 , 0
-0.774781 , -0.615613 , 0
-0.761628 , -0.631752 , 0
-0.748142 , -0.647613 , 0
-0.734328 , -0.663191 , 0
-0.720191 , -0.678478 , 0
-0.705739 , -0.693467 , 0
-0.690977 , -0.708152 , 0
-0.675913 , -0.722526 , 0
-0.660551 , -0.736584 , 0
-0.6449 , -0.750318 , 0
-0.628966 , -0.763724 , 0
-0.612756 , -0.776794 , 0
-0.596278 , -0.789523 , 0
-0.579537 , -0.801906 , 0
-0.562543 , -0.813938 , 0
-0.545302 , -0.825612 , 0
-0.527822 , -0.836925 , 0
-0.51011 , -0.84787 , 0
-0.492174 , -0.858443 , 0
-0.474023 , -0.86864 , 0
-0.455664 , -0.878457 , 0
-0.437105 , -0.887888 , 0
-0.418354 , -0.89693 , 0
-0.399421 , -0.905579 , 0
-0.380312 , -0.913831 , 0
-0.361036 , -0.921683 , 0
-0.341603 , -0.929131 , 0
-0.32202 , -0.936172 , 0
-0.302296 , -0.942804 , 0
-0.282439 , -0.949023 , 0
-0.262459 , -0.954826 , 0
-0.242365 , -0.960212 , 0
-0.222164 , -0.965178 , 0
-0.201866 , -0.969721 , 0
-0.181479 , -0.973841 , 0
-0.161014 , -0.977536 , 0
-0.140478 , -0.980803 , 0
-0.119881 , -0.983642 , 0
-0.0992314 , -0.986051 , 0
-0.0785386 , -0.988031 , 0
-0.0578115 , -0.989579 , 0
-0.0370592 , -0.990696 , 0
-0.0162907 , -0.99138 , 0
0.00448488 , -0.991633 , 0
0.0252585 , -0.991454 , 0
0.0460211 , -0.990843 , 0
0.0667637 , -0.989801 , 0
0.0874772 , -0.988329 , 0
0.108153 , -0.986427 , 0
0.128781 , -0.984096 , 0
0.149354 , -0.981337 , 0
0.169861 , -0.978152 , 0
0.190295 , -0.974543 , 0
0.210647 , -0.970511 , 0
0.230907 , -0.966058 , 0
0.251067 , -0.961187 , 0
0.271118 , -0.955899 , 0
0.291052 , -0.950198 , 0
0.31086 , -0.944085 , 0
0.330534 , -0.937564 , 0
0.350064 , -0.930638 , 0
0.369444 , -0.92331 , 0
0.388664 , -0.915583 , 0
0.407716 , -0.907461 , 0
0.426593 , -0.898948 , 0
0.445285 , -0.890047 , 0
0.463786 , -0.880763 , 0
0.482087 , -0.8711 , 0
0.500181 , -0.861062 , 0
0.51806 , -0.850654 , 0
0.535716 , -0.83988 , 0
0.553142 , -0.828746 , 0
0.57033 , -0.817256 , 0
0.587274 , -0.805416 , 0
0.603966 , -0.79323 , 0
0.6204 , -0.780704 , 0
0.636568 , -0.767844 , 0
0.652464 , -0.754656 , 0
0.66808 , -0.741145 , 0
0.683411 , -0.727317 , 0
0.698451 , -0.713179 , 0
0.713192 , -0.698737 , 0
0.727629 , -0.683996 , 0
0.741756 , -0.668964 , 0
0.755568 , -0.653647 , 0
0.769057 , -0.638052 , 0
0.78222 , -0.622186 , 0
0.79505 , -0.606055 , 0
0.807542 , -0.589666 , 0
0.819691 , -0.573028 , 0
0.831493 , -0.556146 , 0
0.842942 , -0.539028 , 0
0.854035 , -0.521682 , 0
0.864765 , -0.504115 , 0
0.87513 , -0.486335 , 0
0.885125 , -0.46835 , 0
0.894745 , -0.450166 , 0
0.903988 , -0.431792 , 0
0.912849 , -0.413236 , 0
0.921326 , -0.394506 , 0
0.929414 , -0.37561 , 0
0.93711 , -0.356555 , 0
0.944412 , -0.33735 , 0
0.951317 , -0.318003 , 0
0.957822 , -0.298523 , 0
0.963925 , -0.278917 , 0
0.969623 , -0.259194 , 0
0.974914 , -0.239363 , 0
0.979796 , -0.219431 , 0
0.984267 , -0.199407 , 0
0.988327 , -0.179299 , 0
0.991972 , -0.159117 , 0
0.995203 , -0.138868 , 0
0.998018 , -0.11856 , 0
1.00042 , -0.0982037 , 0
1.0024 , -0.077806 , 0
1.00396 , -0.0573758 , 0
1.0051 , -0.0369217 , 0
1.00582 , -0.0164522 , 0
1.00613 , 0.00402416 , 0
1.00601 , 0.0244988 , 0
1.00548 , 0.0449633 , 0
1.00453 , 0.0654091 , 0
1.00316 , 0.0858277 , 0
1.00137 , 0.106211 , 0
0.999173 , 0.126549 , 0
0.996557 , 0.146836 , 0
0.993527 , 0.167061 , 0
0.990085 , 0.187217 , 0
0.986233 , 0.207296 , 0
0.981972 , 0.227288 , 0
0.977305 , 0.247187 , 0
0.972233 , 0.266983 , 0
0.966758 , 0.286669 , 0
0.960884 , 0.306236 , 0
0.954613 , 0.325676 , 0
0.947947 , 0.344982 , 0
0.94089 , 0.364146 , 0
0.933444 , 0.383159 , 0
0.925613 , 0.402014 , 0
0.9174 , 0.420703 , 0
0.908809 , 0.439218 , 0
0.899843 , 0.457553 , 0
0.890506 , 0.475699 , 0
0.880802 , 0.493649 , 0
0.870736 , 0.511396 , 0
0.860311 , 0.528932 , 0
0.849532 , 0.54625 , 0
0.838403 , 0.563344 , 0
0.826929 , 0.580205 , 0
0.815116 , 0.596829 , 0
0.802967 , 0.613206 , 0
0.790488 , 0.629332 , 0
0.777684 , 0.645199 , 0
0.76456 , 0.660801 , 0
0.751123 , 0.676132 , 0
0.737377 , 0.691185 , 0
0.723328 , 0.705954 , 0
0.708983 , 0.720433 , 0
0.694346 , 0.734616 , 0
0.679424 , 0.748498 , 0
0.664223 , 0.762073 , 0
0.64875 , 0.775335 , 0
0.633011 , 0.788279 , 0
0.617012 , 0.800899 , 0
0.60076 , 0.813191 , 0
0.584261 , 0.82515 , 0
0.567523 , 0.836769 , 0
0.550552 , 0.848046 , 0
0.533355 , 0.858975 , 0
0.51594 , 0.869552 , 0
0.498313 , 0.879772 , 0
0.480481 , 0.889631 , 0
0.462453 , 0.899125 , 0
0.444234 , 0.908251 , 0
0.425834 , 0.917004 , 0
0.407259 , 0.925381 , 0
0.388517 , 0.933379 , 0
0.369615 , 0.940993 , 0
0.350562 , 0.948222 , 0
0.331365 , 0.955061 , 0
0.312032 , 0.961508 , 0
0.292571 , 0.967561 , 0
0.27299 , 0.973217 , 0
0.253297 , 0.978473 , 0
0.2335 , 0.983328 , 0
0.213607 , 0.987779 , 0
0.193626 , 0.991824 , 0
0.173566 , 0.995461 , 0
0.153434 , 0.99869 , 0
0.13324 , 1.00151 , 0
0.11299 , 1.00391 , 0
0.0926942 , 1.00591 , 0
0.0723602 , 1.00749 , 0
0.0519964 , 1.00865 , 0
0.0316112 , 1.0094 , 0
0.011213 , 1.00974 , 0
-0.00918983 , 1.00966 , 0
-0.0295889 , 1.00916 , 0
-0.0499757 , 1.00825 , 0
-0.070342 , 1.00692 , 0
-0.0906792 , 1.00518 , 0
-0.110979 , 1.00302 , 0
-0.131233 , 1.00045 , 0
-0.151433 , 0.997463 , 0
-0.17157 , 0.994067 , 0
-0.191637 , 0.99026 , 0
-0.211624 , 0.986044 , 0
-0.231524 , 0.98142 , 0
-0.251328 , 0.97639 , 0
-0.271028 , 0.970956 , 0
-0.290616 , 0.965121 , 0
-0.310084 , 0.958886 , 0
-0.329423 , 0.952253 , 0
-0.348625 , 0.945226 , 0
-0.367683 , 0.937806 , 0
-0.386589 , 0.929998 , 0
-0.405334 , 0.921804 , 0
-0.42391 , 0.913226 , 0
-0.442311 , 0.90427 , 0
-0.460527 , 0.894937 , 0
-0.478552 , 0.885232 , 0
-0.496378 , 0.875159 , 0
-0.513997 , 0.864721 , 0
-0.531402 , 0.853923 , 0
-0.548585 , 0.842768 , 0
-0.56554 , 0.831263 , 0
-0.582258 , 0.81941 , 0
-0.598734 , 0.807215 , 0
-0.614959 , 0.794683 , 0
-0.630927 , 0.781819 , 0
-0.646631 , 0.768628 , 0
-0.662065 , 0.755115 , 0
-0.677221 , 0.741285 , 0
-0.692093 , 0.727145 , 0
-0.706675 , 0.7127 , 0
-0.720961 , 0.697956 , 0
-0.734944 , 0.682919 , 0
-0.748618 , 0.667595 , 0
-0.761978 , 0.65199 , 0
-0.775016 , 0.636112 , 0
-0.787729 , 0.619965 , 0
-0.80011 , 0.603557 , 0
-0.812154 , 0.586895 , 0
-0.823855 , 0.569985 , 0
-0.835208 , 0.552835 , 0
-0.846209 , 0.535451 , 0
-0.856852 , 0.517841 , 0
-0.867133 , 0.500012 , 0
-0.877047 , 0.481972 , 0
-0.88659 , 0.463727 , 0
-0.895757 , 0.445286 , 0
-0.904544 , 0.426657 , 0
-0.912947 , 0.407846 , 0
-0.920963 , 0.388862 , 0
-0.928588 , 0.369713 , 0
-0.935818 , 0.350407 , 0
-0.94265 , 0.330951 , 0
-0.949081 , 0.311355 , 0
-0.955108 , 0.291626 , 0
-0.960727 , 0.271773 , 0
-0.965937 , 0.251804 , 0
-0.970734 , 0.231728 , 0
-0.975118 , 0.211552 , 0
-0.979084 , 0.191287 , 0
-0.982632 , 0.170939 , 0
-0.985759 , 0.150518 , 0
-0.988465 , 0.130033 , 0
-0.990746 , 0.109493 , 0
-0.992604 , 0.0889047 , 0
-0.994035 , 0.0682789 , 0
-0.99504 , 0.0476237 , 0
-0.995618 , 0.026948 , 0
-0.995767 , 0.00626077 , 0
-0.995489 , -0.0144292 , 0
-0.994782 , -0.0351129 , 0
-0.993647 , -0.0557815 , 0
-0.992084 , -0.076426 , 0
-0.990094 , -0.0970377 , 0
-0.987676 , -0.117607 , 0
-0.984832 , -0.138126 , 0
-0.981563 , -0.158586 , 0
-0.977871 , -0.178977 , 0
-0.973755 , -0.19929 , 0
-0.969218 , -0.219518 , 0
-0.964262 , -0.23965 , 0
-0.958889 , -0.259679 , 0
-0.9531 , -0.279595 , 0
-0.946898 , -0.29939 , 0
-0.940285 , -0.319055 , 0
-0.933265 , -0.338582 , 0
-0.92584 , -0.357962 , 0
-0.918012 , -0.377186 , 0
-0.909786 , -0.396246 , 0
-0.901164 , -0.415135 , 0
-0.892151 , -0.433842 , 0
-0.882749 , -0.452361 , 0
-0.872963 , -0.470684 , 0
-0.862797 , -0.488801 , 0
-0.852255 , -0.506705 , 0
-0.841342 , -0.524389 , 0
-0.830062 , -0.541844 , 0
-0.81842 , -0.559062 , 0
-0.806422 , -0.576037 , 0
-0.794071 , -0.59276 , 0
-0.781373 , -0.609225 , 0
-0.768334 , -0.625423 , 0
-0.75496 , -0.641349 , 0
-0.741256 , -0.656994 , 0
-0.727227 , -0.672352 , 0
-0.712881 , -0.687415 , 0
-0.698223 , -0.702179 , 0
-0.68326 , -0.716635 , 0
-0.667997 , -0.730777 , 0
-0.652442 , -0.7446 , 0
-0.636601 , -0.758096 , 0
-0.620482 , -0.771261 , 0
-0.604091 , -0.784087 , 0
-0.587435 , -0.796571 , 0
-0.570522 , -0.808705 , 0
-0.553359 , -0.820485 , 0
-0.535953 , -0.831905 , 0
-0.518313 , -0.842961 , 0
-0.500445 , -0.853647 , 0
-0.482357 , -0.863958 , 0
-0.464059 , -0.873891 , 0
-0.445556 , -0.883441 , 0
-0.426858 , -0.892603 , 0
-0.407973 , -0.901373 , 0
-0.388909 , -0.909749 , 0
-0.369675 , -0.917725 , 0
-0.350278 , -0.925298 , 0
-0.330728 , -0.932466 , 0
-0.311032 , -0.939225 , 0
-0.291201 , -0.945571 , 0
-0.271241 , -0.951503 , 0
-0.251162 , -0.957018 , 0
-0.230974 , -0.962113 , 0
-0.210684 , -0.966786 , 0
-0.190301 , -0.971034 , 0
-0.169835 , -0.974857 , 0
-0.149295 , -0.978253 , 0
-0.128689 , -0.98122 , 0
-0.108027 , -0.983757 , 0
-0.0873174 , -0.985862 , 0
-0.0665696 , -0.987536 , 0
-0.0457926 , -0.988777 , 0
-0.0249956 , -0.989584 , 0
-0.00418758 , -0.989959 , 0
0.0166222 , -0.9899 , 0
0.0374248 , -0.989407 , 0
0.0582109 , -0.988482 , 0
0.0789716 , -0.987124 , 0
0.0996978 , -0.985334 , 0
0.12038 , -0.983113 , 0
0.14101 , -0.980463 , 0
0.161578 , -0.977384 , 0
0.182076 , -0.973878 , 0
0.202494 , -0.969946 , 0
0.222824 , -0.965591 , 0
0.243057 , -0.960815 , 0
0.263183 , -0.955619 , 0
0.283195 , -0.950007 , 0
0.303083 , -0.94398 , 0
0.322839 , -0.937542 , 0
0.342454 , -0.930696 , 0
0.36192 , -0.923444 , 0
0.381229 , -0.91579 , 0
0.400372 , -0.907737 , 0
0.419341 , -0.89929 , 0
0.438127 , -0.890452 , 0
0.456723 , -0.881227 , 0
0.475121 , -0.871619 , 0
0.493312 , -0.861633 , 0
0.51129 , -0.851273 , 0
0.529045 , -0.840544 , 0
0.546571 , -0.82945 , 0
0.563861 , -0.817997 , 0
0.580906 , -0.80619 , 0
0.5977 , -0.794034 , 0
0.614235 , -0.781534 , 0
0.630505 , -0.768696 , 0
0.646502 , -0.755527 , 0
0.66222 , -0.742031 , 0
0.677652 , -0.728215 , 0
0.692792 , -0.714084 , 0
0.707634 , -0.699646 , 0
0.72217 , -0.684906 , 0
0.736395 , -0.669871 , 0
0.750304 , -0.654548 , 0
0.763889 , -0.638944 , 0
0.777147 , -0.623065 , 0
0.79007 , -0.606918 , 0
0.802654 , -0.590511 , 0
0.814894 , -0.57385 , 0
0.826785 , -0.556943 , 0
0.838321 , -0.539798 , 0
0.849498 , -0.522421 , 0
0.860312 , -0.504821 , 0
0.870757 , -0.487005 , 0
0.880831 , -0.46898 , 0
0.890528 , -0.450756 , 0
0.899845 , -0.432339 , 0
0.908778 , -0.413737 , 0
0.917324 , -0.394959 , 0
0.925479 , -0.376013 , 0
0.93324 , -0.356907 , 0
0.940603 , -0.337649 , 0
0.947567 , -0.318247 , 0
0.954128 , -0.29871 , 0
0.960284 , -0.279046 , 0
0.966033 , -0.259264 , 0
0.971372 , -0.239372 , 0
0.976299 , -0.219379 , 0
0.980812 , -0.199292 , 0
0.984911 , -0.179121 , 0
0.988593 , -0.158875 , 0
0.991856 , -0.138561 , 0
0.994701 , -0.118188 , 0
0.997126 , -0.0977662 , 0
0.999131 , -0.0773028 , 0
1.00071 , -0.0568067 , 0
1.00188 , -0.0362868 , 0
1.00262 , -0.0157515 , 0
1.00293 , 0.00479039 , 0
1.00283 , 0.0253303 , 0
1.0023 , 0.0458595 , 0
1.00136 , 0.0663694 , 0
0.99999 , 0.0868516 , 0
0.998204 , 0.107297 , 0
0.995999 , 0.127698 , 0
0.993377 , 0.148045 , 0
0.990339 , 0.16833 , 0
0.986886 , 0.188545 , 0
0.983021 , 0.208681 , 0
0.978745 , 0.22873 , 0
0.97406 , 0.248683 , 0
0.968969 , 0.268532 , 0
0.963473 , 0.288269 , 0
0.957575 , 0.307886 , 0
0.951279 , 0.327375 , 0
0.944586 , 0.346728 , 0
0.9375 , 0.365936 , 0
0.930023 , 0.384991 , 0
0.92216 , 0.403887 , 0
0.913914 , 0.422615 , 0
0.905288 , 0.441167 , 0
0.896286 , 0.459536 , 0
0.886912 , 0.477714 , 0
0.87717 , 0.495695 , 0
0.867065 , 0.513469 , 0
0.8566 , 0.531031 , 0
0.845781 , 0.548373 , 0
0.834611 , 0.565488 , 0
0.823096 , 0.582369 , 0
0.81124 , 0.599008 , 0
0.799049 , 0.615401 , 0
0.786527 , 0.631539 , 0
0.773681 , 0.647415 , 0
0.760515 , 0.663025 , 0
0.747035 , 0.678361 , 0
0.733247 , 0.693417 , 0
0.719157 , 0.708187 , 0
0.70477 , 0.722665 , 0
0.690092 , 0.736845 , 0
0.67513 , 0.750721 , 0
0.65989 , 0.764288 , 0
0.644378 , 0.77754 , 0
0.628601 , 0.790473 , 0
0.612565 , 0.803079 , 0
0.596277 , 0.815356 , 0
0.579744 , 0.827297 , 0
0.562972 , 0.838898 , 0
0.545969 , 0.850154 , 0
0.528742 , 0.86106 , 0
0.511297 , 0.871613 , 0
0.493642 , 0.881808 , 0
0.475785 , 0.89164 , 0
0.457732 , 0.901106 , 0
0.439491 , 0.910202 , 0
0.42107 , 0.918925 , 0
0.402476 , 0.92727 , 0
0.383716 , 0.935235 , 0
0.364799 , 0.942816 , 0
0.345733 , 0.95001 , 0
0.326524 , 0.956814 , 0
0.307182 , 0.963226 , 0
0.287714 , 0.969243 , 0
0.268127 , 0.974862 , 0
0.248431 , 0.980081 , 0
0.228633 , 0.984898 , 0
0.208741 , 0.989312 , 0
0.188763 , 0.993319 , 0
0.168708 , 0.99692 , 0
0.148584 , 1.00011 , 0
0.128399 , 1.00289 , 0
0.108161 , 1.00526 , 0
0.0878792 , 1.00722 , 0
0.067561 , 1.00876 , 0
0.0472151 , 1.00989 , 0
0.0268499 , 1.01061 , 0
0.00647358 , 1.01091 , 0
-0.0139054 , 1.0108 , 0
-0.0342786 , 1.01027 , 0
-0.0546378 , 1.00933 , 0
-0.0749745 , 1.00797 , 0
-0.0952805 , 1.0062 , 0
-0.115547 , 1.00402 , 0
-0.135767 , 1.00142 , 0
-0.15593 , 0.998415 , 0
-0.17603 , 0.994997 , 0
-0.196057 , 0.991171 , 0
-0.216004 , 0.986937 , 0
-0.235862 , 0.982298 , 0
-0.255622 , 0.977254 , 0
-0.275278 , 0.971808 , 0
-0.294821 , 0.965963 , 0
-0.314242 , 0.95972 , 0
-0.333533 , 0.953082 , 0
-0.352688 , 0.946052 , 0
-0.371697 , 0.938631 , 0
-0.390553 , 0.930824 , 0
-0.409248 , 0.922634 , 0
-0.427774 , 0.914063 , 0
-0.446124 , 0.905115 , 0
-0.464289 , 0.895793 , 0
-0.482263 , 0.886101 , 0
-0.500038 , 0.876044 , 0
-0.517606 , 0.865625 , 0
-0.534961 , 0.854848 , 0
-0.552094 , 0.843717 , 0
-0.568999 , 0.832238 , 0
-0.585668 , 0.820414 , 0
-0.602095 , 0.80825 , 0
-0.618272 , 0.795752 , 0
-0.634193 , 0.782924 , 0
-0.649852 , 0.769771 , 0
-0.66524 , 0.756299 , 0
-0.680353 , 0.742513 , 0
-0.695183 , 0.728419 , 0
-0.709725 , 0.714022 , 0
-0.723971 , 0.699329 , 0
-0.737916 , 0.684344 , 0
-0.751555 , 0.669075 , 0
-0.76488 , 0.653527 , 0
-0.777887 , 0.637708 , 0
-0.790569 , 0.621622 , 0
-0.802922 , 0.605277 , 0
-0.814941 , 0.58868 , 0
-0.826618 , 0.571837 , 0
-0.837951 , 0.554755 , 0
-0.848933 , 0.537441 , 0
-0.85956 , 0.519902 , 0
-0.869828 , 0.502146 , 0
-0.879731 , 0.48418 , 0
-0.889266 , 0.466011 , 0
-0.898428 , 0.447646 , 0
-0.907214 , 0.429094 , 0
-0.915618 , 0.410361 , 0
-0.923638 , 0.391457 , 0
-0.93127 , 0.372387 , 0
-0.93851 , 0.353161 , 0
-0.945355 , 0.333787 , 0
-0.951802 , 0.314272 , 0
-0.957849 , 0.294625 , 0
-0.963491 , 0.274853 , 0
-0.968727 , 0.254965 , 0
-0.973554 , 0.23497 , 0
-0.97797 , 0.214876 , 0
-0.981972 , 0.19469 , 0
-0.985559 , 0.174423 , 0
-0.988729 , 0.154081 , 0
-0.99148 , 0.133675 , 0
-0.993811 , 0.113211 , 0
-0.995721 , 0.0926999 , 0
-0.997208 , 0.0721492 , 0
-0.998271 , 0.0515679 , 0
-0.998911 , 0.0309646 , 0
-0.999125 , 0.0103482 , 0
-0.998915 , -0.0102726 , 0
-0.998279 , -0.0308891 , 0
-0.997218 , -0.0514924 , 0
-0.995732 , -0.0720737 , 0
-0.993821 , -0.0926243 , 0
-0.991486 , -0.113135 , 0
-0.988728 , -0.133598 , 0
-0.985546 , -0.154004 , 0
-0.981944 , -0.174343 , 0
-0.977921 , -0.194609 , 0
-0.973479 , -0.21479 , 0
-0.96862 , -0.23488 , 0
-0.963346 , -0.254869 , 0
-0.957659 , -0.274749 , 0
-0.95156 , -0.294511 , 0
-0.945053 , -0.314146 , 0
-0.938139 , -0.333646 , 0
-0.930822 , -0.353003 , 0
-0.923105 , -0.372208 , 0
-0.91499 , -0.391252 , 0
-0.90648 , -0.410128 , 0
-0.89758 , -0.428828 , 0
-0.888293 , -0.447342 , 0
-0.878622 , -0.465663 , 0
-0.868572 , -0.483783 , 0
-0.858147 , -0.501694 , 0
-0.847351 , -0.519388 , 0
-0.836188 , -0.536857 , 0
-0.824663 , -0.554094 , 0
-0.812781 , -0.571092 , 0
-0.800547 , -0.587841 , 0
-0.787966 , -0.604336 , 0
-0.775043 , -0.620569 , 0
-0.761784 , -0.636533 , 0
-0.748194 , -0.65222 , 0
-0.73428 , -0.667624 , 0
-0.720046 , -0.682738 , 0
-0.705499 , -0.697555 , 0
-0.690645 , -0.712068 , 0
-0.675491 , -0.726272 , 0
-0.660043 , -0.74016 , 0
-0.644308 , -0.753725 , 0
-0.628291 , -0.766962 , 0
-0.612001 , -0.779865 , 0
-0.595444 , -0.792428 , 0
-0.578628 , -0.804645 , 0
-0.561558 , -0.816511 , 0
-0.544244 , -0.828021 , 0
-0.526692 , -0.839169 , 0
-0.50891 , -0.84995 , 0
-0.490906 , -0.860361 , 0
-0.472687 , -0.870395 , 0
-0.454262 , -0.880049 , 0
-0.435638 , -0.889317 , 0
-0.416823 , -0.898197 , 0
-0.397826 , -0.906684 , 0
-0.378655 , -0.914774 , 0
-0.359318 , -0.922464 , 0
-0.339824 , -0.929749 , 0
-0.320181 , -0.936628 , 0
-0.300397 , -0.943096 , 0
-0.280482 , -0.949151 , 0
-0.260445 , -0.95479 , 0
-0.240293 , -0.960011 , 0
-0.220035 , -0.964811 , 0
-0.199682 , -0.969188 , 0
-0.17924 , -0.97314 , 0
-0.15872 , -0.976665 , 0
-0.138131 , -0.979762 , 0
-0.117481 , -0.98243 , 0
-0.0967792 , -0.984666 , 0
-0.0760352 , -0.986471 , 0
-0.0552578 , -0.987842 , 0
-0.0344561 , -0.988781 , 0
-0.0136393 , -0.989286 , 0
0.0071834 , -0.989356 , 0
0.028003 , -0.988993 , 0
0.0488103 , -0.988196 , 0
0.0695962 , -0.986966 , 0
0.0903516 , -0.985302 , 0
0.111067 , -0.983207 , 0
0.131734 , -0.98068 , 0
0.152344 , -0.977723 , 0
0.172886 , -0.974338 , 0
0.193353 , -0.970525 , 0
0.213735 , -0.966287 , 0
0.234023 , -0.961625 , 0
0.254209 , -0.956542 , 0
0.274283 , -0.95104 , 0
0.294237 , -0.945121 , 0
0.314062 , -0.938788 , 0
0.33375 , -0.932044 , 0
0.353292 , -0.924892 , 0
0.372679 , -0.917336 , 0
0.391902 , -0.909377 , 0
0.410955 , -0.901021 , 0
0.429828 , -0.892271 , 0
0.448512 , -0.883131 , 0
0.467001 , -0.873604 , 0
0.485286 , -0.863696 , 0
0.503358 , -0.853411 , 0
0.521211 , -0.842753 , 0
0.538836 , -0.831726 , 0
0.556226 , -0.820337 , 0
0.573373 , -0.80859 , 0
0.590271 , -0.796491 , 0
0.606911 , -0.784044 , 0
0.623286 , -0.771255 , 0
0.63939 , -0.758131 , 0
0.655216 , -0.744676 , 0
0.670756 , -0.730898 , 0
0.686005 , -0.716801 , 0
0.700955 , -0.702393 , 0
0.715601 , -0.687679 , 0
0.729936 , -0.672667 , 0
0.743954 , -0.657362 , 0
0.757648 , -0.641772 , 0
0.771015 , -0.625904 , 0
0.784047 , -0.609765 , 0
0.796739 , -0.593361 , 0
0.809086 , -0.5767 , 0
0.821082 , -0.559789 , 0
0.832724 , -0.542636 , 0
0.844005 , -0.525249 , 0
0.854921 , -0.507634 , 0
0.865468 , -0.4898 , 0
0.875642 , -0.471755 , 0
0.885437 , -0.453506 , 0
0.894851 , -0.435062 , 0
0.903879 , -0.41643 , 0
0.912518 , -0.397618 , 0
0.920763 , -0.378636 , 0
0.928613 , -0.35949 , 0
0.936063 , -0.34019 , 0
0.943111 , -0.320744 , 0
0.949754 , -0.30116 , 0
0.95599 , -0.281447 , 0
0.961815 , -0.261613 , 0
0.967228 , -0.241666 , 0
0.972227 , -0.221617 , 0
0.976809 , -0.201472 , 0
0.980973 , -0.181241 , 0
0.984718 , -0.160933 , 0
0.988043 , -0.140556 , 0
0.990945 , -0.120119 , 0
0.993424 , -0.0996308 , 0
0.99548 , -0.0790999 , 0
0.997111 , -0.0585354 , 0
0.998318 , -0.037946 , 0
0.9991 , -0.0173404 , 0
0.999456 , 0.00327261 , 0
0.999388 , 0.0238842 , 0
0.998896 , 0.0444856 , 0
0.997979 , 0.0650682 , 0
0.996639 , 0.0856232 , 0
0.994876 , 0.106142 , 0
0.992692 , 0.126615 , 0
0.990087 , 0.147036 , 0
0.987064 , 0.167393 , 0
0.983623 , 0.18768 , 0
0.979766 , 0.207888 , 0
0.975496 , 0.228008 , 0
0.970814 , 0.248032 , 0
0.965723 , 0.267951 , 0
0.960224 , 0.287757 , 0
0.954321 , 0.307442 , 0
0.948016 , 0.326998 , 0
0.941313 , 0.346416 , 0
0.934214 , 0.365688 , 0
0.926722 , 0.384807 , 0
0.918841 , 0.403764 , 0
0.910574 , 0.422552 , 0
0.901926 , 0.441162 , 0
0.8929 , 0.459588 , 0
0.883499 , 0.477821 , 0
0.873729 , 0.495854 , 0
0.863593 , 0.513679 , 0
0.853096 , 0.53129 , 0
0.842243 , 0.548679 , 0
0.831038 , 0.565839 , 0
0.819486 , 0.582762 , 0
0.807593 , 0.599443 , 0
0.795362 , 0.615873 , 0
0.7828 , 0.632047 , 0
0.769912 , 0.647958 , 0
0.756704 , 0.663599 , 0
0.743181 , 0.678964 , 0
0.729349 , 0.694046 , 0
0.715214 , 0.708841 , 0
0.700782 , 0.72334 , 0
0.686059 , 0.73754 , 0
0.671051 , 0.751434 , 0
0.655765 , 0.765015 , 0
0.640207 , 0.77828 , 0
0.624384 , 0.791222 , 0
0.608302 , 0.803837 , 0
0.591968 , 0.816119 , 0
0.57539 , 0.828063 , 0
0.558573 , 0.839665 , 0
0.541526 , 0.850919 , 0
0.524255 , 0.861822 , 0
0.506767 , 0.872369 , 0
0.48907 , 0.882556 , 0
0.471171 , 0.892378 , 0
0.453078 , 0.901832 , 0
0.434798 , 0.910915 , 0
0.416338 , 0.919621 , 0
0.397707 , 0.927949 , 0
0.378912 , 0.935895 , 0
0.359961 , 0.943454 , 0
0.340862 , 0.950626 , 0
0.321623 , 0.957406 , 0
0.302251 , 0.963792 , 0
0.282755 , 0.969782 , 0
0.263142 , 0.975372 , 0
0.243422 , 0.980562 , 0
0.223601 , 0.985349 , 0
0.203688 , 0.98973 , 0
0.183692 , 0.993705 , 0
0.16362 , 0.997272 , 0
0.143481 , 1.00043 , 0
0.123283 , 1.00318 , 0
0.103035 , 1.00551 , 0
0.0827439 , 1.00743 , 0
0.0624191 , 1.00894 , 0
0.0420687 , 1.01003 , 0
0.021701 , 1.01071 , 0
0.00132443 , 1.01098 , 0
-0.0190527 , 1.01083 , 0
-0.039422 , 1.01026 , 0
-0.0597751 , 1.00928 , 0
-0.0801037 , 1.00789 , 0
-0.100399 , 1.00608 , 0
-0.120654 , 1.00387 , 0
-0.140859 , 1.00124 , 0
-0.161006 , 0.998194 , 0
-0.181088 , 0.994743 , 0
-0.201095 , 0.990885 , 0
-0.221019 , 0.98662 , 0
-0.240853 , 0.98195 , 0
-0.260588 , 0.976878 , 0
-0.280217 , 0.971405 , 0
-0.29973 , 0.965533 , 0
-0.31912 , 0.959265 , 0
-0.33838 , 0.952604 , 0
-0.3575 , 0.945552 , 0
-0.376474 , 0.938112 , 0
-0.395293 , 0.930286 , 0
-0.41395 , 0.922079 , 0
-0.432437 , 0.913493 , 0
-0.450747 , 0.904533 , 0
-0.468871 , 0.8952 , 0
-0.486803 , 0.8855 , 0
-0.504535 , 0.875436 , 0
-0.522059 , 0.865012 , 0
-0.539369 , 0.854233 , 0
-0.556457 , 0.843103 , 0
-0.573316 , 0.831625 , 0
-0.589939 , 0.819806 , 0
-0.60632 , 0.807649 , 0
-0.622451 , 0.79516 , 0
-0.638326 , 0.782344 , 0
-0.653938 , 0.769205 , 0
-0.66928 , 0.755749 , 0
-0.684347 , 0.741982 , 0
-0.699131 , 0.727909 , 0
-0.713627 , 0.713536 , 0
-0.727829 , 0.698869 , 0
-0.74173 , 0.683913 , 0
-0.755325 , 0.668674 , 0
-0.768608 , 0.65316 , 0
-0.781574 , 0.637375 , 0
-0.794216 , 0.621327 , 0
-0.80653 , 0.605022 , 0
-0.818511 , 0.588467 , 0
-0.830152 , 0.571669 , 0
-0.84145 , 0.554633 , 0
-0.852399 , 0.537368 , 0
-0.862995 , 0.51988 , 0
-0.873233 , 0.502176 , 0
-0.883109 , 0.484264 , 0
-0.892618 , 0.466151 , 0
-0.901756 , 0.447845 , 0
-0.91052 , 0.429352 , 0
-0.918905 , 0.410681 , 0
-0.926908 , 0.391839 , 0
-0.934525 , 0.372834 , 0
-0.941753 , 0.353674 , 0
-0.948589 , 0.334366 , 0
-0.955029 , 0.314919 , 0
-0.961071 , 0.295341 , 0
-0.966712 , 0.27564 , 0
-0.97195 , 0.255823 , 0
-0.976781 , 0.235899 , 0
-0.981204 , 0.215877 , 0
-0.985216 , 0.195765 , 0
-0.988816 , 0.17557 , 0
-0.992002 , 0.155302 , 0
-0.994772 , 0.134969 , 0
-0.997125 , 0.11458 , 0
-0.99906 , 0.0941422 , 0
-1.00058 , 0.073665 , 0
-1.00167 , 0.0531568 , 0
-1.00234 , 0.0326264 , 0
-1.0026 , 0.0120821 , 0
-1.00243 , -0.00846716 , 0
-1.00184 , -0.0290129 , 0
-1.00082 , -0.0495464 , 0
-0.999385 , -0.070059 , 0
-0.997527 , -0.0905421 , 0
-0.995248 , -0.110987 , 0
-0.992548 , -0.131385 , 0
-0.989429 , -0.151727 , 0
-0.985891 , -0.172005 , 0
-0.981936 , -0.192211 , 0
-0.977565 , -0.212335 , 0
-0.972779 , -0.232369 , 0
-0.967581 , -0.252304 , 0
-0.961972 , -0.272132 , 0
-0.955954 , -0.291845 , 0
-0.949531 , -0.311433 , 0
-0.942703 , -0.33089 , 0
-0.935474 , -0.350205 , 0
-0.927847 , -0.369371 , 0
-0.919824 , -0.38838 , 0
-0.911409 , -0.407223 , 0
-0.902605 , -0.425893 , 0
-0.893416 , -0.44438 , 0
-0.883845 , -0.462678 , 0
-0.873896 , -0.480778 , 0
-0.863574 , -0.498672 , 0
-0.852881 , -0.516353 , 0
-0.841824 , -0.533812 , 0
-0.830405 , -0.551043 , 0
-0.818631 , -0.568038 , 0
-0.806505 , -0.584788 , 0
-0.794033 , -0.601288 , 0
-0.781219 , -0.617529 , 0
-0.76807 , -0.633505 , 0
-0.75459 , -0.649208 , 0
-0.740786 , -0.664632 , 0
-0.726662 , -0.679769 , 0
-0.712225 , -0.694614 , 0
-0.697481 , -0.709159 , 0
-0.682436 , -0.723398 , 0
-0.667097 , -0.737324 , 0
-0.651469 , -0.750933 , 0
-0.63556 , -0.764216 , 0
-0.619376 , -0.77717 , 0
-0.602924 , -0.789786 , 0
-0.586211 , -0.802062 , 0
-0.569244 , -0.813989 , 0
-0.552031 , -0.825564 , 0
-0.534578 , -0.836781 , 0
-0.516893 , -0.847635 , 0
-0.498984 , -0.858121 , 0
-0.480858 , -0.868235 , 0
-0.462524 , -0.877971 , 0
-0.443988 , -0.887326 , 0
-0.425259 , -0.896295 , 0
-0.406346 , -0.904874 , 0
-0.387255 , -0.91306 , 0
-0.367996 , -0.920847 , 0
-0.348577 , -0.928234 , 0
-0.329005 , -0.935216 , 0
-0.309291 , -0.941791 , 0
-0.289441 , -0.947955 , 0
-0.269465 , -0.953705 , 0
-0.249372 , -0.95904 , 0
-0.229169 , -0.963955 , 0
-0.208867 , -0.96845 , 0
-0.188473 , -0.972521 , 0
-0.167998 , -0.976168 , 0
-0.147448 , -0.979388 , 0
-0.126834 , -0.98218 , 0
-0.106165 , -0.984542 , 0
-0.0854491 , -0.986473 , 0
-0.0646959 , -0.987973 , 0
-0.0439144 , -0.98904 , 0
-0.0231137 , -0.989675 , 0
-0.00230286 , -0.989875 , 0
0.018509 , -0.989643 , 0
0.0393127 , -0.988977 , 0
0.0600993 , -0.987877 , 0
0.0808594 , -0.986345 , 0
0.101584 , -0.98438 , 0
0.122264 , -0.981984 , 0
0.142891 , -0.979157 , 0
0.163455 , -0.975901 , 0
0.183947 , -0.972217 , 0
0.204359 , -0.968107 , 0
0.224681 , -0.963572 , 0
0.244904 , -0.958615 , 0
0.26502 , -0.953237 , 0
0.28502 , -0.947441 , 0
0.304895 , -0.941229 , 0
0.324636 , -0.934604 , 0
0.344234 , -0.92757 , 0
0.363682 , -0.920128 , 0
0.38297 , -0.912283 , 0
0.40209 , -0.904038 , 0
0.421034 , -0.895396 , 0
0.439793 , -0.886361 , 0
0.458359 , -0.876938 , 0
0.476724 , -0.86713 , 0
0.49488 , -0.856942 , 0
0.51282 , -0.846379 , 0
0.530534 , -0.835444 , 0
0.548016 , -0.824143 , 0
0.565258 , -0.812482 , 0
0.582252 , -0.800464 , 0
0.598991 , -0.788095 , 0
0.615468 , -0.775381 , 0
0.631675 , -0.762328 , 0
0.647606 , -0.748941 , 0
0.663253 , -0.735227 , 0
0.67861 , -0.72119 , 0
0.69367 , -0.706838 , 0
0.708427 , -0.692177 , 0
0.722874 , -0.677213 , 0
0.737005 , -0.661954 , 0
0.750814 , -0.646405 , 0
0.764295 , -0.630574 , 0
0.777443 , -0.614467 , 0
0.790251 , -0.598092 , 0
0.802714 , -0.581456 , 0
0.814827 , -0.564567 , 0
0.826585 , -0.547431 , 0
0.837982 , -0.530057 , 0
0.849015 , -0.512452 , 0
0.859677 , -0.494624 , 0
0.869966 , -0.47658 , 0
0.879875 , -0.458329 , 0
0.889402 , -0.439878 , 0
0.898543 , -0.421237 , 0
0.907293 , -0.402412 , 0
0.915649 , -0.383412 , 0
0.923607 , -0.364246 , 0
0.931164 , -0.344922 , 0
0.938318 , -0.325449 , 0
0.945065 , -0.305834 , 0
0.951402 , -0.286087 , 0
0.957328 , -0.266216 , 0
0.962839 , -0.246229 , 0
0.967933 , -0.226136 , 0
0.972609 , -0.205946 , 0
0.976864 , -0.185666 , 0
0.980698 , -0.165306 , 0
0.984109 , -0.144875 , 0
0.987094 , -0.124381 , 0
0.989655 , -0.103834 , 0
0.991788 , -0.0832419 , 0
0.993495 , -0.062614 , 0
0.994774 , -0.0419591 , 0
0.995625 , -0.0212861 , 0
0.996048 , -0.000604049 , 0
0.996043 , 0.0200783 , 0
0.995611 , 0.040752 , 0
0.994751 , 0.0614083 , 0
0.993465 , 0.0820382 , 0
0.991753 , 0.102633 , 0
0.989616 , 0.123184 , 0
0.987056 , 0.143682 , 0
0.984073 , 0.164118 , 0
0.98067 , 0.184485 , 0
0.976848 , 0.204772 , 0
0.972608 , 0.224973 , 0
0.967954 , 0.245077 , 0
0.962887 , 0.265077 , 0
0.95741 , 0.284963 , 0
0.951525 , 0.304729 , 0
0.945236 , 0.324365 , 0
0.938544 , 0.343862 , 0
0.931453 , 0.363214 , 0
0.923967 , 0.382412 , 0
0.916089 , 0.401447 , 0
0.907822 , 0.420312 , 0
0.89917 , 0.438998 , 0
0.890138 , 0.457499 , 0
0.880729 , 0.475806 , 0
0.870947 , 0.493912 , 0
0.860797 , 0.511809 , 0
0.850283 , 0.52949 , 0
0.83941 , 0.546947 , 0
0.828184 , 0.564174 , 0
0.816607 , 0.581162 , 0
0.804687 , 0.597906 , 0
0.792428 , 0.614398 , 0
0.779836 , 0.630631 , 0
0.766915 , 0.6466 , 0
0.753672 , 0.662296 , 0
0.740113 , 0.677714 , 0
0.726243 , 0.692848 , 0
0.712068 , 0.707691 , 0
0.697595 , 0.722237 , 0
0.682829 , 0.736481 , 0
0.667778 , 0.750416 , 0
0.652447 , 0.764038 , 0
0.636843 , 0.777339 , 0
0.620973 , 0.790316 , 0
0.604843 , 0.802963 , 0
0.588461 , 0.815274 , 0
0.571834 , 0.827245 , 0
0.554968 , 0.838871 , 0
0.53787 , 0.850148 , 0
0.520549 , 0.86107 , 0
0.503011 , 0.871634 , 0
0.485263 , 0.881835 , 0
0.467314 , 0.89167 , 0
0.44917 , 0.901134 , 0
0.43084 , 0.910223 , 0
0.412331 , 0.918934 , 0
0.393651 , 0.927264 , 0
0.374807 , 0.93521 , 0
0.355808 , 0.942767 , 0
0.336662 , 0.949934 , 0
0.317376 , 0.956707 , 0
0.297959 , 0.963084 , 0
0.278418 , 0.969063 , 0
0.258762 , 0.974641 , 0
0.239 , 0.979815 , 0
0.219138 , 0.984585 , 0
0.199186 , 0.988948 , 0
0.179152 , 0.992902 , 0
0.159043 , 0.996447 , 0
0.138869 , 0.99958 , 0
0.118638 , 1.0023 , 0
0.098358 , 1.00461 , 0
0.0780373 , 1.0065 , 0
0.0576844 , 1.00798 , 0
0.0373078 , 1.00904 , 0
0.0169158 , 1.00969 , 0
-0.00348321 , 1.00992 , 0
-0.0238807 , 1.00974 , 0
-0.0442685 , 1.00914 , 0
-0.064638 , 1.00813 , 0
-0.0849809 , 1.0067 , 0
-0.105289 , 1.00486 , 0
-0.125554 , 1.0026 , 0
-0.145767 , 0.999934 , 0
-0.16592 , 0.996855 , 0
-0.186005 , 0.993367 , 0
-0.206014 , 0.989471 , 0
-0.225938 , 0.985169 , 0
-0.245769 , 0.980462 , 0
-0.265499 , 0.975353 , 0
-0.285121 , 0.969844 , 0
-0.304625 , 0.963936 , 0
-0.324005 , 0.957633 , 0
-0.343251 , 0.950938 , 0
-0.362357 , 0.943852 , 0
-0.381314 , 0.936378 , 0
-0.400115 , 0.928521 , 0
-0.418751 , 0.920283 , 0
-0.437216 , 0.911667 , 0
-0.455502 , 0.902678 , 0
-0.4736 , 0.893318 , 0
-0.491505 , 0.883592 , 0
-0.509208 , 0.873504 , 0
-0.526702 , 0.863057 , 0
-0.54398 , 0.852257 , 0
-0.561034 , 0.841107 , 0
-0.577859 , 0.829612 , 0
-0.594447 , 0.817776 , 0
-0.610791 , 0.805605 , 0
-0.626884 , 0.793104 , 0
-0.64272 , 0.780277 , 0
-0.658293 , 0.76713 , 0
-0.673595 , 0.753668 , 0
-0.68862 , 0.739897 , 0
-0.703363 , 0.725822 , 0
-0.717818 , 0.711449 , 0
-0.731977 , 0.696783 , 0
-0.745836 , 0.681832 , 0
-0.759388 , 0.666601 , 0
-0.772628 , 0.651095 , 0
-0.785551 , 0.635322 , 0
-0.798151 , 0.619288 , 0
-0.810422 , 0.602999 , 0
-0.822361 , 0.586462 , 0
-0.833961 , 0.569684 , 0
-0.845217 , 0.552671 , 0
-0.856126 , 0.535431 , 0
-0.866682 , 0.517971 , 0
-0.876881 , 0.500297 , 0
-0.886719 , 0.482417 , 0
-0.896192 , 0.464338 , 0
-0.905295 , 0.446067 , 0
-0.914024 , 0.427613 , 0
-0.922376 , 0.408982 , 0
-0.930348 , 0.390182 , 0
-0.937935 , 0.371221 , 0
-0.945135 , 0.352107 , 0
-0.951945 , 0.332848 , 0
-0.95836 , 0.31345 , 0
-0.96438 , 0.293923 , 0
-0.97 , 0.274275 , 0
-0.975219 , 0.254513 , 0
-0.980034 , 0.234645 , 0
-0.984442 , 0.21468 , 0
-0.988443 , 0.194627 , 0
-0.992033 , 0.174492 , 0
-0.995212 , 0.154285 , 0
-0.997978 , 0.134014 , 0
-1.00033 , 0.113688 , 0
-1.00226 , 0.0933139 , 0
-1.00378 , 0.0729013 , 0
-1.00488 , 0.0524583 , 0
-1.00557 , 0.0319934 , 0
-1.00583 , 0.0115153 , 0
-1.00568 , -0.00896766 , 0
-1.0051 , -0.0294469 , 0
-1.00411 , -0.0499138 , 0
-1.00269 , -0.0703599 , 0
-1.00086 , -0.0907766 , 0
-0.998613 , -0.111155 , 0
-0.995946 , -0.131488 , 0
-0.992861 , -0.151765 , 0
-0.989361 , -0.171979 , 0
-0.985447 , -0.19212 , 0
-0.981119 , -0.212182 , 0
-0.97638 , -0.232154 , 0
-0.971232 , -0.252028 , 0
-0.965675 , -0.271797 , 0
-0.959713 , -0.291452 , 0
-0.953347 , -0.310984 , 0
-0.94658 , -0.330385 , 0
-0.939414 , -0.349648 , 0
-0.931853 , -0.368763 , 0
-0.923899 , -0.387722 , 0
-0.915555 , -0.406518 , 0
-0.906824 , -0.425142 , 0
-0.897711 , -0.443587 , 0
-0.888218 , -0.461844 , 0
-0.87835 , -0.479906 , 0
-0.86811 , -0.497765 , 0
-0.857502 , -0.515413 , 0
-0.846531 , -0.532843 , 0
-0.835201 , -0.550046 , 0
-0.823517 , -0.567017 , 0
-0.811482 , -0.583746 , 0
-0.799104 , -0.600228 , 0
-0.786385 , -0.616454 , 0
-0.773332 , -0.632418 , 0
-0.759949 , -0.648113 , 0
-0.746243 , -0.663532 , 0
-0.732219 , -0.678668 , 0
-0.717883 , -0.693514 , 0
-0.70324 , -0.708065 , 0
-0.688296 , -0.722313 , 0
-0.673059 , -0.736252 , 0
-0.657534 , -0.749877 , 0
-0.641727 , -0.76318 , 0
-0.625646 , -0.776157 , 0
-0.609296 , -0.788802 , 0
-0.592686 , -0.801108 , 0
-0.575821 , -0.81307 , 0
-0.558708 , -0.824684 , 0
-0.541356 , -0.835943 , 0
-0.523772 , -0.846843 , 0
-0.505962 , -0.857378 , 0
-0.487934 , -0.867545 , 0
-0.469696 , -0.877338 , 0
-0.451256 , -0.886754 , 0
-0.432621 , -0.895787 , 0
-0.4138 , -0.904433 , 0
-0.3948 , -0.91269 , 0
-0.375629 , -0.920552 , 0
-0.356297 , -0.928016 , 0
-0.33681 , -0.93508 , 0
-0.317178 , -0.941738 , 0
-0.297408 , -0.94799 , 0
-0.27751 , -0.953831 , 0
-0.257491 , -0.959258 , 0
-0.237361 , -0.96427 , 0
-0.217127 , -0.968864 , 0
-0.1968 , -0.973037 , 0
-0.176387 , -0.976788 , 0
-0.155898 , -0.980115 , 0
-0.135341 , -0.983016 , 0
-0.114725 , -0.985489 , 0
-0.0940589 , -0.987534 , 0
-0.0733521 , -0.98915 , 0
-0.0526133 , -0.990334 , 0
-0.0318517 , -0.991088 , 0
-0.0110762 , -0.99141 , 0
0.00970414 , -0.991299 , 0
0.0304802 , -0.990757 , 0
0.0512431 , -0.989783 , 0
0.0719835 , -0.988376 , 0
0.0926926 , -0.986538 , 0
0.113361 , -0.98427 , 0
0.13398 , -0.981572 , 0
0.154541 , -0.978444 , 0
0.175034 , -0.974889 , 0
0.19545 , -0.970908 , 0
0.215781 , -0.966503 , 0
0.236018 , -0.961675 , 0
0.256151 , -0.956426 , 0
0.276172 , -0.950758 , 0
0.296073 , -0.944674 , 0
0.315843 , -0.938177 , 0
0.335476 , -0.931268 , 0
0.354961 , -0.923952 , 0
0.374291 , -0.916231 , 0
0.393457 , -0.908109 , 0
0.412451 , -0.899588 , 0
0.431263 , -0.890673 , 0
0.449887 , -0.881368 , 0
0.468314 , -0.871677 , 0
0.486535 , -0.861603 , 0
0.504542 , -0.851151 , 0
0.522329 , -0.840326 , 0
0.539886 , -0.829133 , 0
0.557207 , -0.817575 , 0
0.574283 , -0.80566 , 0
0.591107 , -0.79339 , 0
0.607672 , -0.780773 , 0
0.62397 , -0.767813 , 0
0.639995 , -0.754517 , 0
0.655739 , -0.740889 , 0
0.671195 , -0.726937 , 0
0.686357 , -0.712665 , 0
0.701218 , -0.698081 , 0
0.715771 , -0.683191 , 0
0.730011 , -0.668001 , 0
0.74393 , -0.652519 , 0
0.757523 , -0.63675 , 0
0.770784 , -0.620702 , 0
0.783708 , -0.604382 , 0
0.796287 , -0.587798 , 0
0.808518 , -0.570955 , 0
0.820395 , -0.553863 , 0
0.831912 , -0.536528 , 0
0.843065 , -0.518958 , 0
0.853849 , -0.501161 , 0
0.864259 , -0.483144 , 0
0.874291 , -0.464916 , 0
0.883941 , -0.446485 , 0
0.893203 , -0.427858 , 0
0.902076 , -0.409044 , 0
0.910553 , -0.390051 , 0
0.918633 , -0.370888 , 0
0.926312 , -0.351563 , 0
0.933586 , -0.332084 , 0
0.940452 , -0.312461 , 0
0.946908 , -0.292701 , 0
0.952951 , -0.272813 , 0
0.958578 , -0.252806 , 0
0.963788 , -0.232689 , 0
0.968577 , -0.212471 , 0
0.972944 , -0.19216 , 0
0.976888 , -0.171765 , 0
0.980406 , -0.151296 , 0
0.983498 , -0.130761 , 0
0.986163 , -0.110169 , 0
0.988398 , -0.089529 , 0
0.990204 , -0.0688502 , 0
0.99158 , -0.0481415 , 0
0.992526 , -0.0274119 , 0
0.993041 , -0.00667036 , 0
