x , y , z
5.2 , 0 , 0
5.19946 , 0.0531154 , 0
5.19838 , 0.106225 , 0
5.19676 , 0.159324 , 0
5.1946 , 0.212406 , 0
5.1919 , 0.265467 , 0
5.18866 , 0.318499 , 0
5.18488 , 0.371499 , 0
5.18057 , 0.42446 , 0
5.17571 , 0.477376 , 0
5.17032 , 0.530244 , 0
5.16439 , 0.583056 , 0
5.15792 , 0.635807 , 0
5.15091 , 0.688492 , 0
5.14337 , 0.741106 , 0
5.13529 , 0.793642 , 0
5.12668 , 0.846096 , 0
5.11754 , 0.898462 , 0
5.10786 , 0.950734 , 0
5.09765 , 1.00291 , 0
5.08692 , 1.05498 , 0
5.07565 , 1.10694 , 0
5.06385 , 1.15878 , 0
5.05152 , 1.2105 , 0
5.03867 , 1.2621 , 0
5.0253 , 1.31357 , 0
5.0114 , 1.36489 , 0
4.99697 , 1.41608 , 0
4.98203 , 1.46712 , 0
4.96657 , 1.51801 , 0
4.95059 , 1.56873 , 0
4.93409 , 1.6193 , 0
4.91708 , 1.66969 , 0
4.89956 , 1.71991 , 0
4.88153 , 1.76996 , 0
4.86298 , 1.81981 , 0
4.84393 , 1.86948 , 0
4.82438 , 1.91895 , 0
4.80432 , 1.96822 , 0
4.78376 , 2.01729 , 0
4.7627 , 2.06615 , 0
4.74114 , 2.11479 , 0
4.71909 , 2.16321 , 0
4.69655 , 2.2114 , 0
4.67351 , 2.25936 , 0
4.64999 , 2.30709 , 0
4.62598 , 2.35458 , 0
4.60149 , 2.40182 , 0
4.57652 , 2.44881 , 0
4.55107 , 2.49554 , 0
4.52515 , 2.54202 , 0
4.49875 , 2.58822 , 0
4.47188 , 2.63416 , 0
4.44455 , 2.67982 , 0
4.41675 , 2.72521 , 0
4.38849 , 2.7703 , 0
4.35977 , 2.81511 , 0
4.3306 , 2.85963 , 0
4.30097 , 2.90384 , 0
4.2709 , 2.94775 , 0
4.24038 , 2.99136 , 0
4.20941 , 3.03465 , 0
4.17801 , 3.07762 , 0
4.14616 , 3.12027 , 0
4.11389 , 3.1626 , 0
4.08118 , 3.20459 , 0
4.04805 , 3.24625 , 0
4.0145 , 3.28757 , 0
3.98052 , 3.32855 , 0
3.94613 , 3.36918 , 0
3.91133 , 3.40946 , 0
3.87612 , 3.44938 , 0
3.8405 , 3.48894 , 0
3.80448 , 3.52813 , 0
3.76806 , 3.56696 , 0
3.73125 , 3.60541 , 0
3.69405 , 3.64348 , 0
3.65647 , 3.68118 , 0
3.6185 , 3.71849 , 0
3.58015 , 3.75541 , 0
3.54143 , 3.79193 , 0
3.50233 , 3.82806 , 0
3.46287 , 3.8638 , 0
3.42305 , 3.89912 , 0
3.38288 , 3.93404 , 0
3.34234 , 3.96855 , 0
3.30146 , 4.00264 , 0
3.26023 , 4.03631 , 0
3.21867 , 4.06956 , 0
3.17676 , 4.10239 , 0
3.13452 , 4.13478 , 0
3.09196 , 4.16675 , 0
3.04907 , 4.19827 , 0
3.00586 , 4.22936 , 0
2.96234 , 4.26001 , 0
2.91851 , 4.29021 , 0
2.87438 , 4.31996 , 0
2.82994 , 4.34926 , 0
2.78521 , 4.3781 , 0
2.74019 , 4.40649 , 0
2.69488 , 4.43442 , 0
2.64929 , 4.46188 , 0
2.60342 , 4.48887 , 0
2.55728 , 4.5154 , 0
2.51087 , 4.54145 , 0
2.4642 , 4.56703 , 0
2.41727 , 4.59213 , 0
2.37009 , 4.61675 , 0
2.32267 , 4.64089 , 0
2.275 , 4.66455 , 0
2.22709 , 4.68771 , 0
2.17895 , 4.71039 , 0
2.13058 , 4.73257 , 0
2.08199 , 4.75426 , 0
2.03318 , 4.77545 , 0
1.98416 , 4.79614 , 0
1.93493 , 4.81633 , 0
1.8855 , 4.83602 , 0
1.83588 , 4.8552 , 0
1.78606 , 4.87387 , 0
1.73606 , 4.89204 , 0
1.68587 , 4.90969 , 0
1.63551 , 4.92683 , 0
1.58498 , 4.94345 , 0
1.53428 , 4.95956 , 0
1.48343 , 4.97515 , 0
1.43241 , 4.99023 , 0
1.38125 , 5.00478 , 0
1.32995 , 5.0188 , 0
1.27851 , 5.03231 , 0
1.22693 , 5.04528 , 0
1.17522 , 5.05773 , 0
1.1234 , 5.06966 , 0
1.07146 , 5.08105 , 0
1.0194 , 5.09191 , 0
0.967239 , 5.10225 , 0
0.914978 , 5.11204 , 0
0.862621 , 5.12131 , 0
0.810175 , 5.13004 , 0
0.757645 , 5.13824 , 0
0.705036 , 5.1459 , 0
0.652353 , 5.15302 , 0
0.599604 , 5.15961 , 0
0.546792 , 5.16565 , 0
0.493923 , 5.17116 , 0
0.441004 , 5.17613 , 0
0.388039 , 5.18056 , 0
0.335034 , 5.18445 , 0
0.281994 , 5.1878 , 0
0.228926 , 5.19061 , 0
0.175834 , 5.19288 , 0
0.122725 , 5.1946 , 0
0.0696027 , 5.19579 , 0
0.0164741 , 5.19643 , 0
-0.0366557 , 5.19653 , 0
-0.0897812 , 5.19609 , 0
-0.142897 , 5.19512 , 0
-0.195997 , 5.19359 , 0
-0.249076 , 5.19153 , 0
-0.302129 , 5.18893 , 0
-0.35515 , 5.18579 , 0
-0.408133 , 5.18211 , 0
-0.461073 , 5.17789 , 0
-0.513965 , 5.17313 , 0
-0.566802 , 5.16783 , 0
-0.61958 , 5.162 , 0
-0.672293 , 5.15563 , 0
-0.724936 , 5.14872 , 0
-0.777502 , 5.14127 , 0
-0.829987 , 5.1333 , 0
-0.882385 , 5.12479 , 0
-0.93469 , 5.11574 , 0
-0.986898 , 5.10617 , 0
-1.039 , 5.09606 , 0
-1.091 , 5.08543 , 0
-1.14288 , 5.07427 , 0
-1.19464 , 5.06258 , 0
-1.24628 , 5.05036 , 0
-1.29779 , 5.03762 , 0
-1.34916 , 5.02436 , 0
-1.40039 , 5.01058 , 0
-1.45148 , 4.99627 , 0
-1.50241 , 4.98145 , 0
-1.55319 , 4.96611 , 0
-1.60381 , 4.95026 , 0
-1.65425 , 4.9339 , 0
-1.70453 , 4.91702 , 0
-1.75463 , 4.89963 , 0
-1.80455 , 4.88174 , 0
-1.85427 , 4.86334 , 0
-1.90381 , 4.84443 , 0
-1.95315 , 4.82503 , 0
-2.00228 , 4.80512 , 0
-2.05121 , 4.78472 , 0
-2.09992 , 4.76382 , 0
-2.14841 , 4.74243 , 0
-2.19669 , 4.72055 , 0
-2.24473 , 4.69818 , 0
-2.29254 , 4.67532 , 0
-2.34011 , 4.65198 , 0
-2.38744 , 4.62816 , 0
-2.43452 , 4.60386 , 0
-2.48135 , 4.57909 , 0
-2.52792 , 4.55384 , 0
-2.57423 , 4.52813 , 0
-2.62027 , 4.50194 , 0
-2.66604 , 4.47529 , 0
-2.71153 , 4.44818 , 0
-2.75675 , 4.42061 , 0
-2.80167 , 4.39258 , 0
-2.84631 , 4.3641 , 0
-2.89065 , 4.33517 , 0
-2.93469 , 4.30579 , 0
-2.97843 , 4.27597 , 0
-3.02186 , 4.24571 , 0
-3.06498 , 4.21501 , 0
-3.10778 , 4.18387 , 0
-3.15026 , 4.15231 , 0
-3.19241 , 4.12032 , 0
-3.23424 , 4.0879 , 0
-3.27573 , 4.05506 , 0
-3.31688 , 4.02181 , 0
-3.35768 , 3.98814 , 0
-3.39814 , 3.95406 , 0
-3.43825 , 3.91957 , 0
-3.47801 , 3.88468 , 0
-3.5174 , 3.8494 , 0
-3.55644 , 3.81371 , 0
-3.5951 , 3.77764 , 0
-3.6334 , 3.74117 , 0
-3.67131 , 3.70432 , 0
-3.70886 , 3.6671 , 0
-3.74601 , 3.62949 , 0
-3.78279 , 3.59151 , 0
-3.81917 , 3.55317 , 0
-3.85516 , 3.51446 , 0
-3.89075 , 3.47539 , 0
-3.92594 , 3.43596 , 0
-3.96072 , 3.39618 , 0
-3.9951 , 3.35605 , 0
-4.02907 , 3.31558 , 0
-4.06262 , 3.27477 , 0
-4.09576 , 3.23362 , 0
-4.12847 , 3.19215 , 0
-4.16076 , 3.15034 , 0
-4.19262 , 3.10822 , 0
-4.22405 , 3.06577 , 0
-4.25504 , 3.02302 , 0
-4.2856 , 2.97995 , 0
-4.31571 , 2.93658 , 0
-4.34539 , 2.89291 , 0
-4.37462 , 2.84894 , 0
-4.40339 , 2.80468 , 0
-4.43172 , 2.76014 , 0
-4.45959 , 2.71531 , 0
-4.487 , 2.67021 , 0
-4.51396 , 2.62483 , 0
-4.54044 , 2.57919 , 0
-4.56647 , 2.53328 , 0
-4.59202 , 2.48712 , 0
-4.61711 , 2.4407 , 0
-4.64172 , 2.39404 , 0
-4.66586 , 2.34713 , 0
-4.68951 , 2.29998 , 0
-4.71269 , 2.25259 , 0
-4.73538 , 2.20498 , 0
-4.75759 , 2.15715 , 0
-4.77931 , 2.10909 , 0
-4.80055 , 2.06082 , 0
-4.82129 , 2.01234 , 0
-4.84154 , 1.96366 , 0
-4.86129 , 1.91478 , 0
-4.88054 , 1.8657 , 0
-4.8993 , 1.81643 , 0
-4.91756 , 1.76698 , 0
-4.93531 , 1.71735 , 0
-4.95256 , 1.66755 , 0
-4.9693 , 1.61758 , 0
-4.98553 , 1.56744 , 0
-5.00126 , 1.51715 , 0
-5.01647 , 1.4667 , 0
-5.03117 , 1.4161 , 0
-5.04536 , 1.36536 , 0
-5.05903 , 1.31449 , 0
-5.07219 , 1.26348 , 0
-5.08483 , 1.21234 , 0
-5.09695 , 1.16108 , 0
-5.10855 , 1.10971 , 0
-5.11963 , 1.05822 , 0
-5.13018 , 1.00663 , 0
-5.14022 , 0.954932 , 0
-5.14973 , 0.903142 , 0
-5.15871 , 0.851261 , 0
-5.16717 , 0.799296 , 0
-5.1751 , 0.74725 , 0
-5.18251 , 0.69513 , 0
-5.18939 , 0.64294 , 0
-5.19573 , 0.590687 , 0
-5.20155 , 0.538375 , 0
-5.20685 , 0.48601 , 0
-5.21161 , 0.433597 , 0
-5.21584 , 0.381142 , 0
-5.21954 , 0.328649 , 0
-5.2227 , 0.276125 , 0
-5.22534 , 0.223574 , 0
-5.22745 , 0.171002 , 0
-5.22902 , 0.118414 , 0
-5.23006 , 0.0658153 , 0
-5.23058 , 0.0132118 , 0
-5.23056 , -0.0393914 , 0
-5.23 , -0.091989 , 0
-5.22892 , -0.144576 , 0
-5.22731 , -0.197146 , 0
-5.22516 , -0.249695 , 0
-5.22248 , -0.302217 , 0
-5.21928 , -0.354706 , 0
-5.21554 , -0.407158 , 0
-5.21127 , -0.459567 , 0
-5.20648 , -0.511928 , 0
-5.20116 , -0.564235 , 0
-5.1953 , -0.616484 , 0
-5.18893 , -0.668668 , 0
-5.18202 , -0.720783 , 0
-5.17459 , -0.772823 , 0
-5.16664 , -0.824783 , 0
-5.15816 , -0.876658 , 0
-5.14916 , -0.928442 , 0
-5.13963 , -0.980131 , 0
-5.12959 , -1.03172 , 0
-5.11902 , -1.0832 , 0
-5.10794 , -1.13457 , 0
-5.09634 , -1.18582 , 0
-5.08422 , -1.23696 , 0
-5.07159 , -1.28796 , 0
-5.05844 , -1.33883 , 0
-5.04478 , -1.38957 , 0
-5.03061 , -1.44016 , 0
-5.01593 , -1.49061 , 0
-5.00075 , -1.5409 , 0
-4.98506 , -1.59104 , 0
-4.96886 , -1.64101 , 0
-4.95216 , -1.69082 , 0
-4.93496 , -1.74045 , 0
-4.91726 , -1.78991 , 0
-4.89906 , -1.83918 , 0
-4.88036 , -1.88827 , 0
-4.86118 , -1.93716 , 0
-4.8415 , -1.98585 , 0
-4.82133 , -2.03435 , 0
-4.80067 , -2.08263 , 0
-4.77953 , -2.1307 , 0
-4.7579 , -2.17856 , 0
-4.7358 , -2.22619 , 0
-4.71321 , -2.2736 , 0
-4.69015 , -2.32078 , 0
-4.66661 , -2.36772 , 0
-4.64261 , -2.41442 , 0
-4.61813 , -2.46087 , 0
-4.59319 , -2.50707 , 0
-4.56778 , -2.55302 , 0
-4.54191 , -2.59871 , 0
-4.51558 , -2.64414 , 0
-4.4888 , -2.68929 , 0
-4.46156 , -2.73418 , 0
-4.43388 , -2.77878 , 0
-4.40574 , -2.8231 , 0
-4.37716 , -2.86714 , 0
-4.34814 , -2.91089 , 0
-4.31867 , -2.95434 , 0
-4.28878 , -2.99748 , 0
-4.25844 , -3.04033 , 0
-4.22768 , -3.08287 , 0
-4.1965 , -3.12509 , 0
-4.16488 , -3.167 , 0
-4.13285 , -3.20858 , 0
-4.1004 , -3.24985 , 0
-4.06754 , -3.29078 , 0
-4.03427 , -3.33137 , 0
-4.00058 , -3.37163 , 0
-3.9665 , -3.41155 , 0
-3.93201 , -3.45112 , 0
-3.89713 , -3.49034 , 0
-3.86186 , -3.52921 , 0
-3.82619 , -3.56772 , 0
-3.79014 , -3.60587 , 0
-3.75371 , -3.64365 , 0
-3.71689 , -3.68107 , 0
-3.67971 , -3.71811 , 0
-3.64215 , -3.75477 , 0
-3.60422 , -3.79106 , 0
-3.56593 , -3.82696 , 0
-3.52728 , -3.86247 , 0
-3.48827 , -3.89759 , 0
-3.44891 , -3.93232 , 0
-3.40921 , -3.96664 , 0
-3.36916 , -4.00057 , 0
-3.32877 , -4.03409 , 0
-3.28804 , -4.0672 , 0
-3.24698 , -4.0999 , 0
-3.20559 , -4.13219 , 0
-3.16389 , -4.16406 , 0
-3.12186 , -4.1955 , 0
-3.07951 , -4.22652 , 0
-3.03686 , -4.25712 , 0
-2.9939 , -4.28728 , 0
-2.95063 , -4.317 , 0
-2.90707 , -4.34629 , 0
-2.86322 , -4.37515 , 0
-2.81907 , -4.40355 , 0
-2.77464 , -4.43151 , 0
-2.72994 , -4.45903 , 0
-2.68495 , -4.48609 , 0
-2.6397 , -4.51269 , 0
-2.59417 , -4.53885 , 0
-2.54839 , -4.56454 , 0
-2.50235 , -4.58976 , 0
-2.45606 , -4.61453 , 0
-2.40951 , -4.63882 , 0
-2.36273 , -4.66265 , 0
-2.31571 , -4.68601 , 0
-2.26845 , -4.70889 , 0
-2.22096 , -4.73129 , 0
-2.17325 , -4.75321 , 0
-2.12532 , -4.77466 , 0
-2.07717 , -4.79561 , 0
-2.02882 , -4.81609 , 0
-1.98026 , -4.83607 , 0
-1.9315 , -4.85557 , 0
-1.88254 , -4.87457 , 0
-1.83339 , -4.89308 , 0
-1.78406 , -4.9111 , 0
-1.73455 , -4.92862 , 0
-1.68486 , -4.94563 , 0
-1.635 , -4.96215 , 0
-1.58498 , -4.97816 , 0
-1.53479 , -4.99367 , 0
-1.48445 , -5.00868 , 0
-1.43397 , -5.02317 , 0
-1.38333 , -5.03716 , 0
-1.33256 , -5.05064 , 0
-1.28165 , -5.0636 , 0
-1.23061 , -5.07605 , 0
-1.17944 , -5.08799 , 0
-1.12816 , -5.09941 , 0
-1.07676 , -5.11031 , 0
-1.02525 , -5.1207 , 0
-0.973639 , -5.13056 , 0
-0.921928 , -5.13991 , 0
-0.870124 , -5.14873 , 0
-0.818232 , -5.15704 , 0
-0.766256 , -5.16481 , 0
-0.714203 , -5.17207 , 0
-0.662076 , -5.1788 , 0
-0.609883 , -5.185 , 0
-0.557627 , -5.19068 , 0
-0.505314 , -5.19583 , 0
-0.45295 , -5.20046 , 0
-0.40054 , -5.20455 , 0
-0.348088 , -5.20812 , 0
-0.295601 , -5.21116 , 0
-0.243084 , -5.21367 , 0
-0.190541 , -5.21565 , 0
-0.137979 , -5.2171 , 0
-0.0854021 , -5.21802 , 0
-0.0328162 , -5.21841 , 0
0.0197736 , -5.21827 , 0
0.0723618 , -5.2176 , 0
0.124943 , -5.2164 , 0
0.177513 , -5.21467 , 0
0.230064 , -5.21241 , 0
0.282594 , -5.20962 , 0
0.335095 , -5.2063 , 0
0.387562 , -5.20245 , 0
0.439991 , -5.19807 , 0
0.492376 , -5.19316 , 0
0.544711 , -5.18772 , 0
0.596992 , -5.18176 , 0
0.649213 , -5.17526 , 0
0.701368 , -5.16825 , 0
0.753453 , -5.1607 , 0
0.805462 , -5.15263 , 0
0.85739 , -5.14403 , 0
0.909231 , -5.13491 , 0
0.960981 , -5.12527 , 0
1.01263 , -5.11511 , 0
1.06418 , -5.10442 , 0
1.11563 , -5.09321 , 0
1.16696 , -5.08149 , 0
1.21817 , -5.06924 , 0
1.26926 , -5.05648 , 0
1.32022 , -5.04321 , 0
1.37105 , -5.02942 , 0
1.42174 , -5.01511 , 0
1.47228 , -5.0003 , 0
1.52268 , -4.98497 , 0
1.57292 , -4.96913 , 0
1.623 , -4.95279 , 0
1.67292 , -4.93594 , 0
1.72267 , -4.91859 , 0
1.77225 , -4.90073 , 0
1.82164 , -4.88238 , 0
1.87085 , -4.86352 , 0
1.91987 , -4.84417 , 0
1.9687 , -4.82432 , 0
2.01732 , -4.80398 , 0
2.06574 , -4.78315 , 0
2.11395 , -4.76183 , 0
2.16195 , -4.74002 , 0
2.20973 , -4.71773 , 0
2.25728 , -4.69495 , 0
2.3046 , -4.67169 , 0
2.35169 , -4.64796 , 0
2.39854 , -4.62374 , 0
2.44515 , -4.59906 , 0
2.4915 , -4.5739 , 0
2.53761 , -4.54828 , 0
2.58345 , -4.52218 , 0
2.62904 , -4.49563 , 0
2.67435 , -4.46861 , 0
2.71939 , -4.44113 , 0
