x , y , z
1 , 0 , 0
0.999853 , 0.0343343 , 0
0.999411 , 0.0686586 , 0
0.998969 , 0.102983 , 0
0.998528 , 0.137307 , 0
0.998086 , 0.171631 , 0
0.997644 , 0.205956 , 0
0.997203 , 0.24028 , 0
0.996761 , 0.274604 , 0
0.99632 , 0.308928 , 0
0.995878 , 0.343253 , 0
0.995436 , 0.377577 , 0
0.994995 , 0.411901 , 0
0.994553 , 0.446225 , 0
0.994111 , 0.480549 , 0
0.99367 , 0.514874 , 0
0.993228 , 0.549198 , 0
0.992787 , 0.583522 , 0
0.992345 , 0.617846 , 0
0.991903 , 0.652171 , 0
0.991462 , 0.686495 , 0
0.99102 , 0.720819 , 0
0.990578 , 0.755143 , 0
0.990137 , 0.789468 , 0
0.989695 , 0.823792 , 0
0.989253 , 0.858116 , 0
0.988812 , 0.89244 , 0
0.98837 , 0.926765 , 0
0.987929 , 0.961089 , 0
0.987487 , 0.995413 , 0
0.987045 , 1.02974 , 0
0.986604 , 1.06406 , 0
0.986162 , 1.09839 , 0
0.98572 , 1.13271 , 0
0.985279 , 1.16703 , 0
0.984837 , 1.20136 , 0
0.984395 , 1.23568 , 0
0.983954 , 1.27001 , 0
0.983512 , 1.30433 , 0
0.983071 , 1.33866 , 0
0.982629 , 1.37298 , 0
0.982187 , 1.4073 , 0
0.981746 , 1.44163 , 0
0.981304 , 1.47595 , 0
0.980862 , 1.51028 , 0
0.980421 , 1.5446 , 0
0.979979 , 1.57893 , 0
0.979537 , 1.61325 , 0
0.979096 , 1.64757 , 0
0.978654 , 1.6819 , 0
0.978213 , 1.71622 , 0
0.977771 , 1.75055 , 0
0.977329 , 1.78487 , 0
0.976888 , 1.81919 , 0
0.976446 , 1.85352 , 0
0.976004 , 1.88784 , 0
0.975563 , 1.92217 , 0
0.975121 , 1.95649 , 0
0.97468 , 1.99082 , 0
0.974238 , 2.02514 , 0
0.973796 , 2.05946 , 0
0.973355 , 2.09379 , 0
0.972913 , 2.12811 , 0
0.972471 , 2.16244 , 0
0.97203 , 2.19676 , 0
0.971588 , 2.23109 , 0
0.971146 , 2.26541 , 0
0.970705 , 2.29973 , 0
0.970263 , 2.33406 , 0
0.969822 , 2.36838 , 0
0.96938 , 2.40271 , 0
0.968938 , 2.43703 , 0
0.968497 , 2.47136 , 0
0.968055 , 2.50568 , 0
0.967613 , 2.54 , 0
0.967172 , 2.57433 , 0
0.96673 , 2.60865 , 0
0.966288 , 2.64298 , 0
0.965847 , 2.6773 , 0
0.965405 , 2.71163 , 0
0.964964 , 2.74595 , 0
0.964522 , 2.78027 , 0
0.96408 , 2.8146 , 0
0.963639 , 2.84892 , 0
0.963197 , 2.88325 , 0
0.962755 , 2.91757 , 0
0.962314 , 2.95189 , 0
0.961872 , 2.98622 , 0
0.96143 , 3.02054 , 0
0.960989 , 3.05487 , 0
0.960547 , 3.08919 , 0
0.960106 , 3.12352 , 0
0.959664 , 3.15784 , 0
0.959222 , 3.19216 , 0
0.958781 , 3.22649 , 0
0.958339 , 3.26081 , 0
0.957897 , 3.29514 , 0
0.957456 , 3.32946 , 0
0.957014 , 3.36379 , 0
0.956573 , 3.39811 , 0
0.956131 , 3.43243 , 0
0.955689 , 3.46676 , 0
0.955248 , 3.50108 , 0
0.954806 , 3.53541 , 0
0.954364 , 3.56973 , 0
0.953923 , 3.60406 , 0
0.953481 , 3.63838 , 0
0.953039 , 3.6727 , 0
0.952598 , 3.70703 , 0
0.952156 , 3.74135 , 0
0.951715 , 3.77568 , 0
0.951273 , 3.81 , 0
0.950831 , 3.84433 , 0
0.95039 , 3.87865 , 0
0.949948 , 3.91297 , 0
0.949506 , 3.9473 , 0
0.949065 , 3.98162 , 0
0.948623 , 4.01595 , 0
0.948181 , 4.05027 , 0
0.94774 , 4.08459 , 0
0.947298 , 4.11892 , 0
0.946857 , 4.15324 , 0
0.946415 , 4.18757 , 0
0.945973 , 4.22189 , 0
0.945532 , 4.25622 , 0
0.94509 , 4.29054 , 0
0.944648 , 4.32486 , 0
0.944207 , 4.35919 , 0
0.943765 , 4.39351 , 0
0.943323 , 4.42784 , 0
0.942882 , 4.46216 , 0
0.94244 , 4.49649 , 0
0.941999 , 4.53081 , 0
0.941557 , 4.56513 , 0
0.941115 , 4.59946 , 0
0.940674 , 4.63378 , 0
0.940232 , 4.66811 , 0
0.93979 , 4.70243 , 0
0.939349 , 4.73676 , 0
0.938907 , 4.77108 , 0
0.938466 , 4.8054 , 0
0.938024 , 4.83973 , 0
0.937582 , 4.87405 , 0
0.937141 , 4.90838 , 0
0.936699 , 4.9427 , 0
0.936257 , 4.97702 , 0
0.935816 , 5.01135 , 0
0.935374 , 5.04567 , 0
0.934932 , 5.08 , 0
0.934491 , 5.11432 , 0
0.934049 , 5.14865 , 0
0.933608 , 5.18297 , 0
0.933166 , 5.21729 , 0
0.932724 , 5.25162 , 0
0.932283 , 5.28594 , 0
0.931841 , 5.32027 , 0
0.931399 , 5.35459 , 0
0.930958 , 5.38892 , 0
0.930516 , 5.42324 , 0
0.930074 , 5.45756 , 0
0.929633 , 5.49189 , 0
0.929191 , 5.52621 , 0
0.92875 , 5.56054 , 0
0.928308 , 5.59486 , 0
0.927866 , 5.62919 , 0
0.927425 , 5.66351 , 0
0.926983 , 5.69783 , 0
0.926541 , 5.73216 , 0
0.9261 , 5.76648 , 0
0.925658 , 5.80081 , 0
0.925217 , 5.83513 , 0
0.924775 , 5.86946 , 0
0.924333 , 5.90378 , 0
0.923892 , 5.9381 , 0
0.92345 , 5.97243 , 0
0.923008 , 6.00675 , 0
0.922567 , 6.04108 , 0
0.922125 , 6.0754 , 0
0.921683 , 6.10972 , 0
0.921242 , 6.14405 , 0
0.9208 , 6.17837 , 0
0.920359 , 6.2127 , 0
0.919917 , 6.24702 , 0
0.919475 , 6.28135 , 0
0.919034 , 6.31567 , 0
0.918592 , 6.34999 , 0
0.91815 , 6.38432 , 0
0.917709 , 6.41864 , 0
0.917267 , 6.45297 , 0
0.916825 , 6.48729 , 0
0.916384 , 6.52162 , 0
0.915942 , 6.55594 , 0
0.915501 , 6.59026 , 0
0.915059 , 6.62459 , 0
0.914617 , 6.65891 , 0
0.914176 , 6.69324 , 0
0.913734 , 6.72756 , 0
0.913292 , 6.76189 , 0
0.912851 , 6.79621 , 0
0.912409 , 6.83053 , 0
0.911967 , 6.86486 , 0
0.911526 , 6.89918 , 0
0.911084 , 6.93351 , 0
0.910643 , 6.96783 , 0
0.910201 , 7.00216 , 0
0.909759 , 7.03648 , 0
0.909318 , 7.0708 , 0
0.908876 , 7.10513 , 0
0.908434 , 7.13945 , 0
0.907993 , 7.17378 , 0
0.907551 , 7.2081 , 0
0.90711 , 7.24242 , 0
0.906668 , 7.27675 , 0
0.906226 , 7.31107 , 0
0.905785 , 7.3454 , 0
0.905343 , 7.37972 , 0
0.904901 , 7.41405 , 0
0.90446 , 7.44837 , 0
0.904018 , 7.48269 , 0
0.903576 , 7.51702 , 0
0.903135 , 7.55134 , 0
0.902693 , 7.58567 , 0
0.902252 , 7.61999 , 0
0.90181 , 7.65432 , 0
0.901368 , 7.68864 , 0
0.900927 , 7.72296 , 0
0.900485 , 7.75729 , 0
0.900043 , 7.79161 , 0
0.899602 , 7.82594 , 0
0.89916 , 7.86026 , 0
0.898718 , 7.89459 , 0
0.898277 , 7.92891 , 0
0.897835 , 7.96323 , 0
0.897394 , 7.99756 , 0
0.896952 , 8.03188 , 0
0.89651 , 8.06621 , 0
0.896069 , 8.10053 , 0
0.895627 , 8.13486 , 0
0.895185 , 8.16918 , 0
0.894744 , 8.2035 , 0
0.894302 , 8.23783 , 0
0.89386 , 8.27215 , 0
0.893419 , 8.30648 , 0
0.892977 , 8.3408 , 0
0.892536 , 8.37512 , 0
0.892094 , 8.40945 , 0
0.891652 , 8.44377 , 0
0.891211 , 8.4781 , 0
0.890769 , 8.51242 , 0
0.890327 , 8.54675 , 0
0.889886 , 8.58107 , 0
0.889444 , 8.61539 , 0
0.889003 , 8.64972 , 0
0.888561 , 8.68404 , 0
0.888119 , 8.71837 , 0
0.887678 , 8.75269 , 0
0.887236 , 8.78702 , 0
0.886794 , 8.82134 , 0
0.886353 , 8.85566 , 0
0.885911 , 8.88999 , 0
0.885469 , 8.92431 , 0
0.885028 , 8.95864 , 0
0.884586 , 8.99296 , 0
0.884145 , 9.02729 , 0
0.883703 , 9.06161 , 0
0.883261 , 9.09593 , 0
0.88282 , 9.13026 , 0
0.882378 , 9.16458 , 0
0.881936 , 9.19891 , 0
0.881495 , 9.23323 , 0
0.881053 , 9.26756 , 0
0.880611 , 9.30188 , 0
0.88017 , 9.3362 , 0
0.879728 , 9.37053 , 0
0.879287 , 9.40485 , 0
0.878845 , 9.43918 , 0
0.878403 , 9.4735 , 0
0.877962 , 9.50782 , 0
0.87752 , 9.54215 , 0
0.877078 , 9.57647 , 0
0.876637 , 9.6108 , 0
0.876195 , 9.64512 , 0
0.875754 , 9.67945 , 0
0.875312 , 9.71377 , 0
0.87487 , 9.74809 , 0
0.874429 , 9.78242 , 0
0.873987 , 9.81674 , 0
0.873545 , 9.85107 , 0
0.873104 , 9.88539 , 0
0.872662 , 9.91972 , 0
0.87222 , 9.95404 , 0
0.871779 , 9.98836 , 0
0.871337 , 10.0227 , 0
0.870896 , 10.057 , 0
0.870454 , 10.0913 , 0
0.870012 , 10.1257 , 0
0.869571 , 10.16 , 0
0.869129 , 10.1943 , 0
0.868687 , 10.2286 , 0
0.868246 , 10.263 , 0
0.867804 , 10.2973 , 0
0.867362 , 10.3316 , 0
0.866921 , 10.3659 , 0
0.866479 , 10.4003 , 0
0.866038 , 10.4346 , 0
0.865596 , 10.4689 , 0
0.865154 , 10.5032 , 0
0.864713 , 10.5376 , 0
0.864271 , 10.5719 , 0
0.863829 , 10.6062 , 0
0.863388 , 10.6405 , 0
0.862946 , 10.6748 , 0
0.862504 , 10.7092 , 0
0.862063 , 10.7435 , 0
0.861621 , 10.7778 , 0
0.86118 , 10.8121 , 0
0.860738 , 10.8465 , 0
0.860296 , 10.8808 , 0
0.859855 , 10.9151 , 0
0.859413 , 10.9494 , 0
0.858971 , 10.9838 , 0
0.85853 , 11.0181 , 0
0.858088 , 11.0524 , 0
0.857647 , 11.0867 , 0
0.857205 , 11.1211 , 0
0.856763 , 11.1554 , 0
0.856322 , 11.1897 , 0
0.85588 , 11.224 , 0
0.855438 , 11.2584 , 0
0.854997 , 11.2927 , 0
0.854555 , 11.327 , 0
0.854113 , 11.3613 , 0
0.853672 , 11.3957 , 0
0.85323 , 11.43 , 0
0.852789 , 11.4643 , 0
0.852347 , 11.4986 , 0
0.851905 , 11.533 , 0
0.851464 , 11.5673 , 0
0.851022 , 11.6016 , 0
0.85058 , 11.6359 , 0
0.850139 , 11.6703 , 0
0.849697 , 11.7046 , 0
0.849255 , 11.7389 , 0
0.848814 , 11.7732 , 0
0.848372 , 11.8075 , 0
0.847931 , 11.8419 , 0
0.847489 , 11.8762 , 0
0.847047 , 11.9105 , 0
0.846606 , 11.9448 , 0
0.846164 , 11.9792 , 0
0.845722 , 12.0135 , 0
0.845281 , 12.0478 , 0
0.844839 , 12.0821 , 0
0.844397 , 12.1165 , 0
0.843956 , 12.1508 , 0
0.843514 , 12.1851 , 0
0.843073 , 12.2194 , 0
0.842631 , 12.2538 , 0
0.842189 , 12.2881 , 0
0.841748 , 12.3224 , 0
0.841306 , 12.3567 , 0
0.840864 , 12.3911 , 0
0.840423 , 12.4254 , 0
0.839981 , 12.4597 , 0
0.83954 , 12.494 , 0
0.839098 , 12.5284 , 0
0.838656 , 12.5627 , 0
0.838215 , 12.597 , 0
0.837773 , 12.6313 , 0
0.837331 , 12.6657 , 0
0.83689 , 12.7 , 0
0.836448 , 12.7343 , 0
0.836006 , 12.7686 , 0
0.835565 , 12.803 , 0
0.835123 , 12.8373 , 0
0.834682 , 12.8716 , 0
0.83424 , 12.9059 , 0
0.833798 , 12.9402 , 0
0.833357 , 12.9746 , 0
0.832915 , 13.0089 , 0
0.832473 , 13.0432 , 0
0.832032 , 13.0775 , 0
0.83159 , 13.1119 , 0
0.831148 , 13.1462 , 0
0.830707 , 13.1805 , 0
0.830265 , 13.2148 , 0
0.829824 , 13.2492 , 0
0.829382 , 13.2835 , 0
0.82894 , 13.3178 , 0
0.828499 , 13.3521 , 0
0.828057 , 13.3865 , 0
0.827615 , 13.4208 , 0
0.827174 , 13.4551 , 0
0.826732 , 13.4894 , 0
0.826291 , 13.5238 , 0
0.825849 , 13.5581 , 0
0.825407 , 13.5924 , 0
0.824966 , 13.6267 , 0
0.824524 , 13.6611 , 0
0.824082 , 13.6954 , 0
0.823641 , 13.7297 , 0
0.823199 , 13.764 , 0
0.822757 , 13.7984 , 0
0.822316 , 13.8327 , 0
0.821874 , 13.867 , 0
0.821433 , 13.9013 , 0
0.820991 , 13.9357 , 0
0.820549 , 13.97 , 0
0.820108 , 14.0043 , 0
0.819666 , 14.0386 , 0
0.819224 , 14.0729 , 0
0.818783 , 14.1073 , 0
0.818341 , 14.1416 , 0
0.817899 , 14.1759 , 0
0.817458 , 14.2102 , 0
0.817016 , 14.2446 , 0
0.816575 , 14.2789 , 0
0.816133 , 14.3132 , 0
0.815691 , 14.3475 , 0
0.81525 , 14.3819 , 0
0.814808 , 14.4162 , 0
0.814366 , 14.4505 , 0
0.813925 , 14.4848 , 0
0.813483 , 14.5192 , 0
0.813041 , 14.5535 , 0
0.8126 , 14.5878 , 0
0.812158 , 14.6221 , 0
0.811717 , 14.6565 , 0
0.811275 , 14.6908 , 0
0.810833 , 14.7251 , 0
0.810392 , 14.7594 , 0
0.80995 , 14.7938 , 0
0.809508 , 14.8281 , 0
0.809067 , 14.8624 , 0
0.808625 , 14.8967 , 0
0.808184 , 14.9311 , 0
0.807742 , 14.9654 , 0
0.8073 , 14.9997 , 0
0.806859 , 15.034 , 0
0.806417 , 15.0684 , 0
0.805975 , 15.1027 , 0
0.805534 , 15.137 , 0
0.805092 , 15.1713 , 0
0.80465 , 15.2056 , 0
0.804209 , 15.24 , 0
0.803767 , 15.2743 , 0
0.803326 , 15.3086 , 0
0.802884 , 15.3429 , 0
0.802442 , 15.3773 , 0
0.802001 , 15.4116 , 0
0.801559 , 15.4459 , 0
0.801117 , 15.4802 , 0
0.800676 , 15.5146 , 0
0.800234 , 15.5489 , 0
0.799792 , 15.5832 , 0
0.799351 , 15.6175 , 0
0.798909 , 15.6519 , 0
0.798468 , 15.6862 , 0
0.798026 , 15.7205 , 0
0.797584 , 15.7548 , 0
0.797143 , 15.7892 , 0
0.796701 , 15.8235 , 0
0.796259 , 15.8578 , 0
0.795818 , 15.8921 , 0
0.795376 , 15.9265 , 0
0.794934 , 15.9608 , 0
0.794493 , 15.9951 , 0
0.794051 , 16.0294 , 0
0.79361 , 16.0638 , 0
0.793168 , 16.0981 , 0
0.792726 , 16.1324 , 0
0.792285 , 16.1667 , 0
0.791843 , 16.2011 , 0
0.791401 , 16.2354 , 0
0.79096 , 16.2697 , 0
0.790518 , 16.304 , 0
0.790077 , 16.3383 , 0
0.789635 , 16.3727 , 0
0.789193 , 16.407 , 0
0.788752 , 16.4413 , 0
0.78831 , 16.4756 , 0
0.787868 , 16.51 , 0
0.787427 , 16.5443 , 0
0.786985 , 16.5786 , 0
0.786543 , 16.6129 , 0
0.786102 , 16.6473 , 0
0.78566 , 16.6816 , 0
0.785219 , 16.7159 , 0
0.784777 , 16.7502 , 0
0.784335 , 16.7846 , 0
0.783894 , 16.8189 , 0
0.783452 , 16.8532 , 0
0.78301 , 16.8875 , 0
0.782569 , 16.9219 , 0
0.782127 , 16.9562 , 0
0.781685 , 16.9905 , 0
0.781244 , 17.0248 , 0
0.780802 , 17.0592 , 0
0.780361 , 17.0935 , 0
0.779919 , 17.1278 , 0
0.779477 , 17.1621 , 0
0.779036 , 17.1965 , 0
0.778594 , 17.2308 , 0
0.778152 , 17.2651 , 0
0.777711 , 17.2994 , 0
0.777269 , 17.3338 , 0
0.776828 , 17.3681 , 0
0.776386 , 17.4024 , 0
0.775944 , 17.4367 , 0
0.775503 , 17.471 , 0
0.775061 , 17.5054 , 0
0.774619 , 17.5397 , 0
0.774178 , 17.574 , 0
0.773736 , 17.6083 , 0
0.773294 , 17.6427 , 0
0.772853 , 17.677 , 0
0.772411 , 17.7113 , 0
0.77197 , 17.7456 , 0
0.771528 , 17.78 , 0
0.771086 , 17.8143 , 0
0.770645 , 17.8486 , 0
0.770203 , 17.8829 , 0
0.769761 , 17.9173 , 0
0.76932 , 17.9516 , 0
0.768878 , 17.9859 , 0
0.768436 , 18.0202 , 0
0.767995 , 18.0546 , 0
0.767553 , 18.0889 , 0
0.767112 , 18.1232 , 0
0.76667 , 18.1575 , 0
0.766228 , 18.1919 , 0
0.765787 , 18.2262 , 0
0.765345 , 18.2605 , 0
0.764903 , 18.2948 , 0
0.764462 , 18.3292 , 0
0.76402 , 18.3635 , 0
0.763578 , 18.3978 , 0
0.763137 , 18.4321 , 0
0.762695 , 18.4665 , 0
0.762254 , 18.5008 , 0
0.761812 , 18.5351 , 0
0.76137 , 18.5694 , 0
0.760929 , 18.6037 , 0
0.760487 , 18.6381 , 0
0.760045 , 18.6724 , 0
0.759604 , 18.7067 , 0
0.759162 , 18.741 , 0
0.758721 , 18.7754 , 0
0.758279 , 18.8097 , 0
0.757837 , 18.844 , 0
0.757396 , 18.8783 , 0
0.756954 , 18.9127 , 0
0.756512 , 18.947 , 0
0.756071 , 18.9813 , 0
0.755629 , 19.0156 , 0
0.755187 , 19.05 , 0
0.754746 , 19.0843 , 0
0.754304 , 19.1186 , 0
0.753863 , 19.1529 , 0
0.753421 , 19.1873 , 0
0.752979 , 19.2216 , 0
0.752538 , 19.2559 , 0
0.752096 , 19.2902 , 0
0.751654 , 19.3246 , 0
0.751213 , 19.3589 , 0
0.750771 , 19.3932 , 0
0.750329 , 19.4275 , 0
0.749888 , 19.4619 , 0
0.749446 , 19.4962 , 0
0.749005 , 19.5305 , 0
0.748563 , 19.5648 , 0
0.748121 , 19.5992 , 0
0.74768 , 19.6335 , 0
0.747238 , 19.6678 , 0
0.746796 , 19.7021 , 0
0.746355 , 19.7364 , 0
0.745913 , 19.7708 , 0
0.745471 , 19.8051 , 0
0.74503 , 19.8394 , 0
0.744588 , 19.8737 , 0
0.744147 , 19.9081 , 0
0.743705 , 19.9424 , 0
0.743263 , 19.9767 , 0
0.742822 , 20.011 , 0
0.74238 , 20.0454 , 0
0.741938 , 20.0797 , 0
0.741497 , 20.114 , 0
0.741055 , 20.1483 , 0
0.740614 , 20.1827 , 0
0.740172 , 20.217 , 0
0.73973 , 20.2513 , 0
0.739289 , 20.2856 , 0
0.738847 , 20.32 , 0
0.738405 , 20.3543 , 0
0.737964 , 20.3886 , 0
0.737522 , 20.4229 , 0
0.73708 , 20.4573 , 0
0.736639 , 20.4916 , 0
0.736197 , 20.5259 , 0
0.735756 , 20.5602 , 0
0.735314 , 20.5946 , 0
0.734872 , 20.6289 , 0
0.734431 , 20.6632 , 0
0.733989 , 20.6975 , 0
0.733547 , 20.7319 , 0
0.733106 , 20.7662 , 0
0.732664 , 20.8005 , 0
0.732222 , 20.8348 , 0
0.731781 , 20.8691 , 0
0.731339 , 20.9035 , 0
0.730898 , 20.9378 , 0
0.730456 , 20.9721 , 0
0.730014 , 21.0064 , 0
0.729573 , 21.0408 , 0
0.729131 , 21.0751 , 0
0.728689 , 21.1094 , 0
0.728248 , 21.1437 , 0
0.727806 , 21.1781 , 0
0.727364 , 21.2124 , 0
0.726923 , 21.2467 , 0
0.726481 , 21.281 , 0
0.72604 , 21.3154 , 0
0.725598 , 21.3497 , 0
0.725156 , 21.384 , 0
0.724715 , 21.4183 , 0
0.724273 , 21.4527 , 0
0.723831 , 21.487 , 0
0.72339 , 21.5213 , 0
0.722948 , 21.5556 , 0
0.722507 , 21.59 , 0
0.722065 , 21.6243 , 0
0.721623 , 21.6586 , 0
0.721182 , 21.6929 , 0
0.72074 , 21.7273 , 0
0.720298 , 21.7616 , 0
0.719857 , 21.7959 , 0
0.719415 , 21.8302 , 0
0.718973 , 21.8646 , 0
0.718532 , 21.8989 , 0
0.71809 , 21.9332 , 0
0.717649 , 21.9675 , 0
0.717207 , 22.0018 , 0
0.716765 , 22.0362 , 0
0.716324 , 22.0705 , 0
0.715882 , 22.1048 , 0
0.71544 , 22.1391 , 0
0.714999 , 22.1735 , 0
0.714557 , 22.2078 , 0
0.714115 , 22.2421 , 0
0.713674 , 22.2764 , 0
0.713232 , 22.3108 , 0
0.712791 , 22.3451 , 0
0.712349 , 22.3794 , 0
0.711907 , 22.4137 , 0
0.711466 , 22.4481 , 0
0.711024 , 22.4824 , 0
0.710582 , 22.5167 , 0
0.710141 , 22.551 , 0
0.709699 , 22.5854 , 0
0.709258 , 22.6197 , 0
0.708816 , 22.654 , 0
0.708374 , 22.6883 , 0
0.707933 , 22.7227 , 0
0.707491 , 22.757 , 0
0.707049 , 22.7913 , 0
0.706608 , 22.8256 , 0
0.706166 , 22.86 , 0
0.705724 , 22.8943 , 0
0.705283 , 22.9286 , 0
0.704841 , 22.9629 , 0
0.7044 , 22.9973 , 0
0.703958 , 23.0316 , 0
0.703516 , 23.0659 , 0
0.703075 , 23.1002 , 0
0.702633 , 23.1345 , 0
0.702191 , 23.1689 , 0
0.70175 , 23.2032 , 0
0.701308 , 23.2375 , 0
0.700866 , 23.2718 , 0
0.700425 , 23.3062 , 0
0.699983 , 23.3405 , 0
0.699542 , 23.3748 , 0
0.6991 , 23.4091 , 0
0.698658 , 23.4435 , 0
0.698217 , 23.4778 , 0
0.697775 , 23.5121 , 0
0.697333 , 23.5464 , 0
0.696892 , 23.5808 , 0
0.69645 , 23.6151 , 0
0.696008 , 23.6494 , 0
0.695567 , 23.6837 , 0
0.695125 , 23.7181 , 0
0.694684 , 23.7524 , 0
0.694242 , 23.7867 , 0
0.6938 , 23.821 , 0
0.693359 , 23.8554 , 0
0.692917 , 23.8897 , 0
0.692475 , 23.924 , 0
0.692034 , 23.9583 , 0
0.691592 , 23.9927 , 0
0.691151 , 24.027 , 0
0.690709 , 24.0613 , 0
0.690267 , 24.0956 , 0
0.689826 , 24.13 , 0
0.689384 , 24.1643 , 0
0.688942 , 24.1986 , 0
0.688501 , 24.2329 , 0
0.688059 , 24.2672 , 0
0.687617 , 24.3016 , 0
0.687176 , 24.3359 , 0
0.686734 , 24.3702 , 0
0.686293 , 24.4045 , 0
0.685851 , 24.4389 , 0
0.685409 , 24.4732 , 0
0.684968 , 24.5075 , 0
0.684526 , 24.5418 , 0
0.684084 , 24.5762 , 0
0.683643 , 24.6105 , 0
0.683201 , 24.6448 , 0
0.682759 , 24.6791 , 0
0.682318 , 24.7135 , 0
0.681876 , 24.7478 , 0
0.681435 , 24.7821 , 0
0.680993 , 24.8164 , 0
0.680551 , 24.8508 , 0
0.68011 , 24.8851 , 0
0.679668 , 24.9194 , 0
0.679226 , 24.9537 , 0
0.678785 , 24.9881 , 0
0.678343 , 25.0224 , 0
0.677901 , 25.0567 , 0
0.67746 , 25.091 , 0
0.677018 , 25.1254 , 0
0.676577 , 25.1597 , 0
0.676135 , 25.194 , 0
0.675693 , 25.2283 , 0
0.675252 , 25.2627 , 0
0.67481 , 25.297 , 0
0.674368 , 25.3313 , 0
0.673927 , 25.3656 , 0
0.673485 , 25.3999 , 0
0.673044 , 25.4343 , 0
0.672602 , 25.4686 , 0
0.67216 , 25.5029 , 0
0.671719 , 25.5372 , 0
0.671277 , 25.5716 , 0
0.670835 , 25.6059 , 0
0.670394 , 25.6402 , 0
0.669952 , 25.6745 , 0
0.66951 , 25.7089 , 0
0.669069 , 25.7432 , 0
0.668627 , 25.7775 , 0
0.668186 , 25.8118 , 0
0.667744 , 25.8462 , 0
0.667302 , 25.8805 , 0
0.666861 , 25.9148 , 0
0.666419 , 25.9491 , 0
0.665977 , 25.9835 , 0
0.665536 , 26.0178 , 0
0.665094 , 26.0521 , 0
0.664652 , 26.0864 , 0
0.664211 , 26.1208 , 0
0.663769 , 26.1551 , 0
0.663328 , 26.1894 , 0
0.662886 , 26.2237 , 0
0.662444 , 26.2581 , 0
0.662003 , 26.2924 , 0
0.661561 , 26.3267 , 0
0.661119 , 26.361 , 0
0.660678 , 26.3954 , 0
0.660236 , 26.4297 , 0
0.659795 , 26.464 , 0
0.659353 , 26.4983 , 0
0.658911 , 26.5326 , 0
0.65847 , 26.567 , 0
0.658028 , 26.6013 , 0
0.657586 , 26.6356 , 0
0.657145 , 26.6699 , 0
0.656703 , 26.7043 , 0
0.656261 , 26.7386 , 0
0.65582 , 26.7729 , 0
0.655378 , 26.8072 , 0
0.654937 , 26.8416 , 0
0.654495 , 26.8759 , 0
0.654053 , 26.9102 , 0
0.653612 , 26.9445 , 0
0.65317 , 26.9789 , 0
0.652728 , 27.0132 , 0
0.652287 , 27.0475 , 0
0.651845 , 27.0818 , 0
0.651403 , 27.1162 , 0
0.650962 , 27.1505 , 0
0.65052 , 27.1848 , 0
0.650079 , 27.2191 , 0
0.649637 , 27.2535 , 0
0.649195 , 27.2878 , 0
0.648754 , 27.3221 , 0
0.648312 , 27.3564 , 0
0.64787 , 27.3908 , 0
0.647429 , 27.4251 , 0
0.646987 , 27.4594 , 0
0.646545 , 27.4937 , 0
0.646104 , 27.5281 , 0
0.645662 , 27.5624 , 0
0.645221 , 27.5967 , 0
0.644779 , 27.631 , 0
0.644337 , 27.6653 , 0
0.643896 , 27.6997 , 0
0.643454 , 27.734 , 0
0.643012 , 27.7683 , 0
0.642571 , 27.8026 , 0
0.642129 , 27.837 , 0
0.641688 , 27.8713 , 0
0.641246 , 27.9056 , 0
0.640804 , 27.9399 , 0
0.640363 , 27.9743 , 0
0.639921 , 28.0086 , 0
0.639479 , 28.0429 , 0
0.639038 , 28.0772 , 0
0.638596 , 28.1116 , 0
0.638154 , 28.1459 , 0
0.637713 , 28.1802 , 0
0.637271 , 28.2145 , 0
0.63683 , 28.2489 , 0
0.636388 , 28.2832 , 0
0.635946 , 28.3175 , 0
0.635505 , 28.3518 , 0
0.635063 , 28.3862 , 0
0.634621 , 28.4205 , 0
0.63418 , 28.4548 , 0
0.633738 , 28.4891 , 0
0.633296 , 28.5235 , 0
0.632855 , 28.5578 , 0
0.632413 , 28.5921 , 0
0.631972 , 28.6264 , 0
0.63153 , 28.6608 , 0
0.631088 , 28.6951 , 0
0.630647 , 28.7294 , 0
0.630205 , 28.7637 , 0
0.629763 , 28.798 , 0
0.629322 , 28.8324 , 0
0.62888 , 28.8667 , 0
0.628438 , 28.901 , 0
0.627997 , 28.9353 , 0
0.627555 , 28.9697 , 0
0.627114 , 29.004 , 0
0.626672 , 29.0383 , 0
0.62623 , 29.0726 , 0
0.625789 , 29.107 , 0
0.625347 , 29.1413 , 0
0.624905 , 29.1756 , 0
0.624464 , 29.2099 , 0
0.624022 , 29.2443 , 0
0.623581 , 29.2786 , 0
0.623139 , 29.3129 , 0
0.622697 , 29.3472 , 0
0.622256 , 29.3816 , 0
0.621814 , 29.4159 , 0
0.621372 , 29.4502 , 0
0.620931 , 29.4845 , 0
0.620489 , 29.5189 , 0
0.620047 , 29.5532 , 0
0.619606 , 29.5875 , 0
0.619164 , 29.6218 , 0
0.618723 , 29.6562 , 0
0.618281 , 29.6905 , 0
0.617839 , 29.7248 , 0
0.617398 , 29.7591 , 0
0.616956 , 29.7935 , 0
0.616514 , 29.8278 , 0
0.616073 , 29.8621 , 0
0.615631 , 29.8964 , 0
0.615189 , 29.9307 , 0
0.614748 , 29.9651 , 0
0.614306 , 29.9994 , 0
0.613865 , 30.0337 , 0
0.613423 , 30.068 , 0
0.612981 , 30.1024 , 0
0.61254 , 30.1367 , 0
0.612098 , 30.171 , 0
0.611656 , 30.2053 , 0
0.611215 , 30.2397 , 0
0.610773 , 30.274 , 0
0.610332 , 30.3083 , 0
0.60989 , 30.3426 , 0
0.609448 , 30.377 , 0
0.609007 , 30.4113 , 0
0.608565 , 30.4456 , 0
0.608123 , 30.4799 , 0
0.607682 , 30.5143 , 0
0.60724 , 30.5486 , 0
0.606798 , 30.5829 , 0
0.606357 , 30.6172 , 0
0.605915 , 30.6516 , 0
0.605474 , 30.6859 , 0
0.605032 , 30.7202 , 0
0.60459 , 30.7545 , 0
0.604149 , 30.7889 , 0
0.603707 , 30.8232 , 0
0.603265 , 30.8575 , 0
0.602824 , 30.8918 , 0
0.602382 , 30.9262 , 0
0.60194 , 30.9605 , 0
0.601499 , 30.9948 , 0
0.601057 , 31.0291 , 0
0.600616 , 31.0634 , 0
0.600174 , 31.0978 , 0
0.599732 , 31.1321 , 0
0.599291 , 31.1664 , 0
0.598849 , 31.2007 , 0
0.598407 , 31.2351 , 0
0.597966 , 31.2694 , 0
0.597524 , 31.3037 , 0
0.597082 , 31.338 , 0
0.596641 , 31.3724 , 0
0.596199 , 31.4067 , 0
0.595758 , 31.441 , 0
0.595316 , 31.4753 , 0
0.594874 , 31.5097 , 0
0.594433 , 31.544 , 0
0.593991 , 31.5783 , 0
0.593549 , 31.6126 , 0
0.593108 , 31.647 , 0
0.592666 , 31.6813 , 0
0.592225 , 31.7156 , 0
0.591783 , 31.7499 , 0
0.591341 , 31.7843 , 0
0.5909 , 31.8186 , 0
0.590458 , 31.8529 , 0
0.590016 , 31.8872 , 0
0.589575 , 31.9216 , 0
0.589133 , 31.9559 , 0
0.588691 , 31.9902 , 0
0.58825 , 32.0245 , 0
0.587808 , 32.0589 , 0
0.587367 , 32.0932 , 0
0.586925 , 32.1275 , 0
0.586483 , 32.1618 , 0
0.586042 , 32.1961 , 0
0.5856 , 32.2305 , 0
0.585158 , 32.2648 , 0
0.584717 , 32.2991 , 0
0.584275 , 32.3334 , 0
0.583833 , 32.3678 , 0
0.583392 , 32.4021 , 0
0.58295 , 32.4364 , 0
0.582509 , 32.4707 , 0
0.582067 , 32.5051 , 0
0.581625 , 32.5394 , 0
0.581184 , 32.5737 , 0
0.580742 , 32.608 , 0
0.5803 , 32.6424 , 0
0.579859 , 32.6767 , 0
0.579417 , 32.711 , 0
0.578975 , 32.7453 , 0
0.578534 , 32.7797 , 0
0.578092 , 32.814 , 0
0.577651 , 32.8483 , 0
0.577209 , 32.8826 , 0
0.576767 , 32.917 , 0
0.576326 , 32.9513 , 0
0.575884 , 32.9856 , 0
0.575442 , 33.0199 , 0
0.575001 , 33.0543 , 0
0.574559 , 33.0886 , 0
0.574118 , 33.1229 , 0
0.573676 , 33.1572 , 0
0.573234 , 33.1916 , 0
0.572793 , 33.2259 , 0
0.572351 , 33.2602 , 0
0.571909 , 33.2945 , 0
0.571468 , 33.3288 , 0
0.571026 , 33.3632 , 0
0.570584 , 33.3975 , 0
0.570143 , 33.4318 , 0
0.569701 , 33.4661 , 0
0.56926 , 33.5005 , 0
0.568818 , 33.5348 , 0
0.568376 , 33.5691 , 0
0.567935 , 33.6034 , 0
0.567493 , 33.6378 , 0
0.567051 , 33.6721 , 0
0.56661 , 33.7064 , 0
0.566168 , 33.7407 , 0
0.565726 , 33.7751 , 0
0.565285 , 33.8094 , 0
0.564843 , 33.8437 , 0
0.564402 , 33.878 , 0
0.56396 , 33.9124 , 0
0.563518 , 33.9467 , 0
0.563077 , 33.981 , 0
0.562635 , 34.0153 , 0
0.562193 , 34.0497 , 0
0.561752 , 34.084 , 0
0.56131 , 34.1183 , 0
0.560869 , 34.1526 , 0
0.560427 , 34.187 , 0
0.559985 , 34.2213 , 0
0.559544 , 34.2556 , 0
0.559102 , 34.2899 , 0
0.55866 , 34.3243 , 0
0.558219 , 34.3586 , 0
0.557777 , 34.3929 , 0
0.557335 , 34.4272 , 0
0.556894 , 34.4615 , 0
0.556452 , 34.4959 , 0
0.556011 , 34.5302 , 0
0.555569 , 34.5645 , 0
0.555127 , 34.5988 , 0
0.554686 , 34.6332 , 0
0.554244 , 34.6675 , 0
0.553802 , 34.7018 , 0
0.553361 , 34.7361 , 0
0.552919 , 34.7705 , 0
0.552477 , 34.8048 , 0
0.552036 , 34.8391 , 0
0.551594 , 34.8734 , 0
0.551153 , 34.9078 , 0
0.550711 , 34.9421 , 0
0.550269 , 34.9764 , 0
0.549828 , 35.0107 , 0
0.549386 , 35.0451 , 0
0.548944 , 35.0794 , 0
0.548503 , 35.1137 , 0
0.548061 , 35.148 , 0
0.547619 , 35.1824 , 0
0.547178 , 35.2167 , 0
0.546736 , 35.251 , 0
0.546295 , 35.2853 , 0
0.545853 , 35.3197 , 0
0.545411 , 35.354 , 0
0.54497 , 35.3883 , 0
0.544528 , 35.4226 , 0
0.544086 , 35.457 , 0
0.543645 , 35.4913 , 0
0.543203 , 35.5256 , 0
0.542762 , 35.5599 , 0
0.54232 , 35.5942 , 0
0.541878 , 35.6286 , 0
0.541437 , 35.6629 , 0
0.540995 , 35.6972 , 0
0.540553 , 35.7315 , 0
0.540112 , 35.7659 , 0
0.53967 , 35.8002 , 0
0.539228 , 35.8345 , 0
0.538787 , 35.8688 , 0
0.538345 , 35.9032 , 0
0.537904 , 35.9375 , 0
0.537462 , 35.9718 , 0
0.53702 , 36.0061 , 0
0.536579 , 36.0405 , 0
0.536137 , 36.0748 , 0
0.535695 , 36.1091 , 0
0.535254 , 36.1434 , 0
0.534812 , 36.1778 , 0
0.53437 , 36.2121 , 0
0.533929 , 36.2464 , 0
0.533487 , 36.2807 , 0
0.533046 , 36.3151 , 0
0.532604 , 36.3494 , 0
0.532162 , 36.3837 , 0
0.531721 , 36.418 , 0
0.531279 , 36.4524 , 0
0.530837 , 36.4867 , 0
0.530396 , 36.521 , 0
0.529954 , 36.5553 , 0
0.529512 , 36.5897 , 0
0.529071 , 36.624 , 0
0.528629 , 36.6583 , 0
0.528188 , 36.6926 , 0
0.527746 , 36.7269 , 0
0.527304 , 36.7613 , 0
0.526863 , 36.7956 , 0
0.526421 , 36.8299 , 0
0.525979 , 36.8642 , 0
0.525538 , 36.8986 , 0
0.525096 , 36.9329 , 0
0.524655 , 36.9672 , 0
0.524213 , 37.0015 , 0
0.523771 , 37.0359 , 0
0.52333 , 37.0702 , 0
0.522888 , 37.1045 , 0
0.522446 , 37.1388 , 0
0.522005 , 37.1732 , 0
0.521563 , 37.2075 , 0
0.521121 , 37.2418 , 0
0.52068 , 37.2761 , 0
0.520238 , 37.3105 , 0
0.519797 , 37.3448 , 0
0.519355 , 37.3791 , 0
0.518913 , 37.4134 , 0
0.518472 , 37.4478 , 0
0.51803 , 37.4821 , 0
0.517588 , 37.5164 , 0
0.517147 , 37.5507 , 0
0.516705 , 37.5851 , 0
0.516263 , 37.6194 , 0
0.515822 , 37.6537 , 0
0.51538 , 37.688 , 0
0.514939 , 37.7224 , 0
0.514497 , 37.7567 , 0
0.514055 , 37.791 , 0
0.513614 , 37.8253 , 0
0.513172 , 37.8596 , 0
0.51273 , 37.894 , 0
0.512289 , 37.9283 , 0
0.511847 , 37.9626 , 0
0.511405 , 37.9969 , 0
0.510964 , 38.0313 , 0
0.510522 , 38.0656 , 0
0.510081 , 38.0999 , 0
0.509639 , 38.1342 , 0
0.509197 , 38.1686 , 0
0.508756 , 38.2029 , 0
0.508314 , 38.2372 , 0
0.507872 , 38.2715 , 0
0.507431 , 38.3059 , 0
0.506989 , 38.3402 , 0
0.506548 , 38.3745 , 0
0.506106 , 38.4088 , 0
0.505664 , 38.4432 , 0
0.505223 , 38.4775 , 0
0.504781 , 38.5118 , 0
0.504339 , 38.5461 , 0
0.503898 , 38.5805 , 0
0.503456 , 38.6148 , 0
0.503014 , 38.6491 , 0
0.502573 , 38.6834 , 0
0.502131 , 38.7178 , 0
0.50169 , 38.7521 , 0
0.501248 , 38.7864 , 0
0.500806 , 38.8207 , 0
0.500365 , 38.8551 , 0
0.499923 , 38.8894 , 0
0.499481 , 38.9237 , 0
0.49904 , 38.958 , 0
0.498598 , 38.9923 , 0
0.498156 , 39.0267 , 0
0.497715 , 39.061 , 0
0.497273 , 39.0953 , 0
0.496832 , 39.1296 , 0
0.49639 , 39.164 , 0
0.495948 , 39.1983 , 0
0.495507 , 39.2326 , 0
0.495065 , 39.2669 , 0
0.494623 , 39.3013 , 0
0.494182 , 39.3356 , 0
0.49374 , 39.3699 , 0
0.493299 , 39.4042 , 0
0.492857 , 39.4386 , 0
0.492415 , 39.4729 , 0
0.491974 , 39.5072 , 0
0.491532 , 39.5415 , 0
0.49109 , 39.5759 , 0
0.490649 , 39.6102 , 0
0.490207 , 39.6445 , 0
0.489765 , 39.6788 , 0
0.489324 , 39.7132 , 0
0.488882 , 39.7475 , 0
0.488441 , 39.7818 , 0
0.487999 , 39.8161 , 0
0.487557 , 39.8505 , 0
0.487116 , 39.8848 , 0
0.486674 , 39.9191 , 0
0.486232 , 39.9534 , 0
0.485791 , 39.9878 , 0
0.485349 , 40.0221 , 0
0.484907 , 40.0564 , 0
0.484466 , 40.0907 , 0
0.484024 , 40.125 , 0
0.483583 , 40.1594 , 0
0.483141 , 40.1937 , 0
0.482699 , 40.228 , 0
0.482258 , 40.2623 , 0
0.481816 , 40.2967 , 0
0.481374 , 40.331 , 0
0.480933 , 40.3653 , 0
0.480491 , 40.3996 , 0
0.480049 , 40.434 , 0
0.479608 , 40.4683 , 0
0.479166 , 40.5026 , 0
0.478725 , 40.5369 , 0
0.478283 , 40.5713 , 0
0.477841 , 40.6056 , 0
0.4774 , 40.6399 , 0
0.476958 , 40.6742 , 0
0.476516 , 40.7086 , 0
0.476075 , 40.7429 , 0
0.475633 , 40.7772 , 0
0.475192 , 40.8115 , 0
0.47475 , 40.8459 , 0
0.474308 , 40.8802 , 0
0.473867 , 40.9145 , 0
0.473425 , 40.9488 , 0
0.472983 , 40.9832 , 0
0.472542 , 41.0175 , 0
0.4721 , 41.0518 , 0
0.471658 , 41.0861 , 0
0.471217 , 41.1205 , 0
0.470775 , 41.1548 , 0
0.470334 , 41.1891 , 0
0.469892 , 41.2234 , 0
0.46945 , 41.2577 , 0
0.469009 , 41.2921 , 0
0.468567 , 41.3264 , 0
0.468125 , 41.3607 , 0
0.467684 , 41.395 , 0
0.467242 , 41.4294 , 0
0.4668 , 41.4637 , 0
0.466359 , 41.498 , 0
0.465917 , 41.5323 , 0
0.465476 , 41.5667 , 0
0.465034 , 41.601 , 0
0.464592 , 41.6353 , 0
0.464151 , 41.6696 , 0
0.463709 , 41.704 , 0
0.463267 , 41.7383 , 0
0.462826 , 41.7726 , 0
0.462384 , 41.8069 , 0
0.461942 , 41.8413 , 0
0.461501 , 41.8756 , 0
0.461059 , 41.9099 , 0
0.460618 , 41.9442 , 0
0.460176 , 41.9786 , 0
0.459734 , 42.0129 , 0
0.459293 , 42.0472 , 0
0.458851 , 42.0815 , 0
0.458409 , 42.1159 , 0
0.457968 , 42.1502 , 0
0.457526 , 42.1845 , 0
0.457085 , 42.2188 , 0
0.456643 , 42.2532 , 0
0.456201 , 42.2875 , 0
0.45576 , 42.3218 , 0
0.455318 , 42.3561 , 0
0.454876 , 42.3904 , 0
0.454435 , 42.4248 , 0
0.453993 , 42.4591 , 0
0.453551 , 42.4934 , 0
0.45311 , 42.5277 , 0
0.452668 , 42.5621 , 0
0.452227 , 42.5964 , 0
0.451785 , 42.6307 , 0
0.451343 , 42.665 , 0
0.450902 , 42.6994 , 0
0.45046 , 42.7337 , 0
0.450018 , 42.768 , 0
0.449577 , 42.8023 , 0
0.449135 , 42.8367 , 0
0.448693 , 42.871 , 0
0.448252 , 42.9053 , 0
0.44781 , 42.9396 , 0
0.447369 , 42.974 , 0
0.446927 , 43.0083 , 0
0.446485 , 43.0426 , 0
0.446044 , 43.0769 , 0
0.445602 , 43.1113 , 0
0.44516 , 43.1456 , 0
0.444719 , 43.1799 , 0
0.444277 , 43.2142 , 0
0.443836 , 43.2486 , 0
0.443394 , 43.2829 , 0
0.442952 , 43.3172 , 0
0.442511 , 43.3515 , 0
0.442069 , 43.3859 , 0
0.441627 , 43.4202 , 0
0.441186 , 43.4545 , 0
0.440744 , 43.4888 , 0
0.440302 , 43.5231 , 0
0.439861 , 43.5575 , 0
0.439419 , 43.5918 , 0
0.438978 , 43.6261 , 0
0.438536 , 43.6604 , 0
0.438094 , 43.6948 , 0
0.437653 , 43.7291 , 0
0.437211 , 43.7634 , 0
0.436769 , 43.7977 , 0
0.436328 , 43.8321 , 0
0.435886 , 43.8664 , 0
0.435444 , 43.9007 , 0
0.435003 , 43.935 , 0
0.434561 , 43.9694 , 0
0.43412 , 44.0037 , 0
0.433678 , 44.038 , 0
0.433236 , 44.0723 , 0
0.432795 , 44.1067 , 0
0.432353 , 44.141 , 0
0.431911 , 44.1753 , 0
0.43147 , 44.2096 , 0
0.431028 , 44.244 , 0
0.430586 , 44.2783 , 0
0.430145 , 44.3126 , 0
0.429703 , 44.3469 , 0
0.429262 , 44.3813 , 0
0.42882 , 44.4156 , 0
0.428378 , 44.4499 , 0
0.427937 , 44.4842 , 0
0.427495 , 44.5186 , 0
0.427053 , 44.5529 , 0
0.426612 , 44.5872 , 0
0.42617 , 44.6215 , 0
0.425729 , 44.6558 , 0
0.425287 , 44.6902 , 0
0.424845 , 44.7245 , 0
0.424404 , 44.7588 , 0
0.423962 , 44.7931 , 0
0.42352 , 44.8275 , 0
0.423079 , 44.8618 , 0
0.422637 , 44.8961 , 0
0.422195 , 44.9304 , 0
0.421754 , 44.9648 , 0
0.421312 , 44.9991 , 0
0.420871 , 45.0334 , 0
0.420429 , 45.0677 , 0
0.419987 , 45.1021 , 0
0.419546 , 45.1364 , 0
0.419104 , 45.1707 , 0
0.418662 , 45.205 , 0
0.418221 , 45.2394 , 0
0.417779 , 45.2737 , 0
0.417337 , 45.308 , 0
0.416896 , 45.3423 , 0
0.416454 , 45.3767 , 0
0.416013 , 45.411 , 0
0.415571 , 45.4453 , 0
0.415129 , 45.4796 , 0
0.414688 , 45.514 , 0
0.414246 , 45.5483 , 0
0.413804 , 45.5826 , 0
0.413363 , 45.6169 , 0
0.412921 , 45.6513 , 0
0.412479 , 45.6856 , 0
0.412038 , 45.7199 , 0
0.411596 , 45.7542 , 0
0.411155 , 45.7885 , 0
0.410713 , 45.8229 , 0
0.410271 , 45.8572 , 0
0.40983 , 45.8915 , 0
0.409388 , 45.9258 , 0
0.408946 , 45.9602 , 0
0.408505 , 45.9945 , 0
0.408063 , 46.0288 , 0
0.407622 , 46.0631 , 0
0.40718 , 46.0975 , 0
0.406738 , 46.1318 , 0
0.406297 , 46.1661 , 0
0.405855 , 46.2004 , 0
0.405413 , 46.2348 , 0
0.404972 , 46.2691 , 0
0.40453 , 46.3034 , 0
0.404088 , 46.3377 , 0
0.403647 , 46.3721 , 0
0.403205 , 46.4064 , 0
0.402764 , 46.4407 , 0
0.402322 , 46.475 , 0
0.40188 , 46.5094 , 0
0.401439 , 46.5437 , 0
0.400997 , 46.578 , 0
0.400555 , 46.6123 , 0
0.400114 , 46.6467 , 0
0.399672 , 46.681 , 0
0.39923 , 46.7153 , 0
0.398789 , 46.7496 , 0
0.398347 , 46.784 , 0
0.397906 , 46.8183 , 0
0.397464 , 46.8526 , 0
0.397022 , 46.8869 , 0
0.396581 , 46.9212 , 0
0.396139 , 46.9556 , 0
0.395697 , 46.9899 , 0
0.395256 , 47.0242 , 0
0.394814 , 47.0585 , 0
0.394373 , 47.0929 , 0
0.393931 , 47.1272 , 0
0.393489 , 47.1615 , 0
0.393048 , 47.1958 , 0
0.392606 , 47.2302 , 0
0.392164 , 47.2645 , 0
0.391723 , 47.2988 , 0
0.391281 , 47.3331 , 0
0.390839 , 47.3675 , 0
0.390398 , 47.4018 , 0
0.389956 , 47.4361 , 0
0.389515 , 47.4704 , 0
0.389073 , 47.5048 , 0
0.388631 , 47.5391 , 0
0.38819 , 47.5734 , 0
0.387748 , 47.6077 , 0
0.387306 , 47.6421 , 0
0.386865 , 47.6764 , 0
0.386423 , 47.7107 , 0
0.385981 , 47.745 , 0
0.38554 , 47.7794 , 0
0.385098 , 47.8137 , 0
0.384657 , 47.848 , 0
0.384215 , 47.8823 , 0
0.383773 , 47.9166 , 0
0.383332 , 47.951 , 0
0.38289 , 47.9853 , 0
0.382448 , 48.0196 , 0
0.382007 , 48.0539 , 0
0.381565 , 48.0883 , 0
0.381123 , 48.1226 , 0
0.380682 , 48.1569 , 0
0.38024 , 48.1912 , 0
0.379799 , 48.2256 , 0
0.379357 , 48.2599 , 0
0.378915 , 48.2942 , 0
0.378474 , 48.3285 , 0
0.378032 , 48.3629 , 0
0.37759 , 48.3972 , 0
0.377149 , 48.4315 , 0
0.376707 , 48.4658 , 0
0.376266 , 48.5002 , 0
0.375824 , 48.5345 , 0
0.375382 , 48.5688 , 0
0.374941 , 48.6031 , 0
0.374499 , 48.6375 , 0
0.374057 , 48.6718 , 0
0.373616 , 48.7061 , 0
0.373174 , 48.7404 , 0
0.372732 , 48.7748 , 0
0.372291 , 48.8091 , 0
0.371849 , 48.8434 , 0
0.371408 , 48.8777 , 0
0.370966 , 48.9121 , 0
0.370524 , 48.9464 , 0
0.370083 , 48.9807 , 0
0.369641 , 49.015 , 0
0.369199 , 49.0493 , 0
0.368758 , 49.0837 , 0
0.368316 , 49.118 , 0
0.367874 , 49.1523 , 0
0.367433 , 49.1866 , 0
0.366991 , 49.221 , 0
0.36655 , 49.2553 , 0
0.366108 , 49.2896 , 0
0.365666 , 49.3239 , 0
0.365225 , 49.3583 , 0
0.364783 , 49.3926 , 0
0.364341 , 49.4269 , 0
0.3639 , 49.4612 , 0
0.363458 , 49.4956 , 0
0.363016 , 49.5299 , 0
0.362575 , 49.5642 , 0
0.362133 , 49.5985 , 0
0.361692 , 49.6329 , 0
0.36125 , 49.6672 , 0
0.360808 , 49.7015 , 0
0.360367 , 49.7358 , 0
0.359925 , 49.7702 , 0
0.359483 , 49.8045 , 0
0.359042 , 49.8388 , 0
0.3586 , 49.8731 , 0
0.358159 , 49.9075 , 0
0.357717 , 49.9418 , 0
0.357275 , 49.9761 , 0
0.356834 , 50.0104 , 0
0.356392 , 50.0448 , 0
0.35595 , 50.0791 , 0
0.355509 , 50.1134 , 0
0.355067 , 50.1477 , 0
0.354625 , 50.182 , 0
0.354184 , 50.2164 , 0
0.353742 , 50.2507 , 0
0.353301 , 50.285 , 0
0.352859 , 50.3193 , 0
0.352417 , 50.3537 , 0
0.351976 , 50.388 , 0
0.351534 , 50.4223 , 0
0.351092 , 50.4566 , 0
0.350651 , 50.491 , 0
0.350209 , 50.5253 , 0
0.349767 , 50.5596 , 0
0.349326 , 50.5939 , 0
0.348884 , 50.6283 , 0
0.348443 , 50.6626 , 0
0.348001 , 50.6969 , 0
0.347559 , 50.7312 , 0
0.347118 , 50.7656 , 0
0.346676 , 50.7999 , 0
0.346234 , 50.8342 , 0
0.345793 , 50.8685 , 0
0.345351 , 50.9029 , 0
0.34491 , 50.9372 , 0
0.344468 , 50.9715 , 0
0.344026 , 51.0058 , 0
0.343585 , 51.0402 , 0
0.343143 , 51.0745 , 0
0.342701 , 51.1088 , 0
0.34226 , 51.1431 , 0
0.341818 , 51.1775 , 0
0.341376 , 51.2118 , 0
0.340935 , 51.2461 , 0
0.340493 , 51.2804 , 0
0.340052 , 51.3147 , 0
0.33961 , 51.3491 , 0
0.339168 , 51.3834 , 0
0.338727 , 51.4177 , 0
0.338285 , 51.452 , 0
0.337843 , 51.4864 , 0
0.337402 , 51.5207 , 0
0.33696 , 51.555 , 0
0.336518 , 51.5893 , 0
0.336077 , 51.6237 , 0
0.335635 , 51.658 , 0
0.335194 , 51.6923 , 0
0.334752 , 51.7266 , 0
0.33431 , 51.761 , 0
0.333869 , 51.7953 , 0
0.333427 , 51.8296 , 0
0.332985 , 51.8639 , 0
0.332544 , 51.8983 , 0
0.332102 , 51.9326 , 0
0.33166 , 51.9669 , 0
0.331219 , 52.0012 , 0
0.330777 , 52.0356 , 0
0.330336 , 52.0699 , 0
0.329894 , 52.1042 , 0
0.329452 , 52.1385 , 0
0.329011 , 52.1729 , 0
0.328569 , 52.2072 , 0
0.328127 , 52.2415 , 0
0.327686 , 52.2758 , 0
0.327244 , 52.3102 , 0
0.326803 , 52.3445 , 0
0.326361 , 52.3788 , 0
0.325919 , 52.4131 , 0
0.325478 , 52.4474 , 0
0.325036 , 52.4818 , 0
0.324594 , 52.5161 , 0
0.324153 , 52.5504 , 0
0.323711 , 52.5847 , 0
0.323269 , 52.6191 , 0
0.322828 , 52.6534 , 0
0.322386 , 52.6877 , 0
0.321945 , 52.722 , 0
0.321503 , 52.7564 , 0
0.321061 , 52.7907 , 0
0.32062 , 52.825 , 0
0.320178 , 52.8593 , 0
0.319736 , 52.8937 , 0
0.319295 , 52.928 , 0
0.318853 , 52.9623 , 0
0.318411 , 52.9966 , 0
0.31797 , 53.031 , 0
0.317528 , 53.0653 , 0
0.317087 , 53.0996 , 0
0.316645 , 53.1339 , 0
0.316203 , 53.1683 , 0
0.315762 , 53.2026 , 0
0.31532 , 53.2369 , 0
0.314878 , 53.2712 , 0
0.314437 , 53.3056 , 0
0.313995 , 53.3399 , 0
0.313553 , 53.3742 , 0
0.313112 , 53.4085 , 0
0.31267 , 53.4429 , 0
0.312229 , 53.4772 , 0
0.311787 , 53.5115 , 0
0.311345 , 53.5458 , 0
0.310904 , 53.5801 , 0
0.310462 , 53.6145 , 0
0.31002 , 53.6488 , 0
0.309579 , 53.6831 , 0
0.309137 , 53.7174 , 0
0.308696 , 53.7518 , 0
0.308254 , 53.7861 , 0
0.307812 , 53.8204 , 0
0.307371 , 53.8547 , 0
0.306929 , 53.8891 , 0
0.306487 , 53.9234 , 0
0.306046 , 53.9577 , 0
0.305604 , 53.992 , 0
0.305162 , 54.0264 , 0
0.304721 , 54.0607 , 0
0.304279 , 54.095 , 0
0.303838 , 54.1293 , 0
0.303396 , 54.1637 , 0
0.302954 , 54.198 , 0
0.302513 , 54.2323 , 0
0.302071 , 54.2666 , 0
0.301629 , 54.301 , 0
0.301188 , 54.3353 , 0
0.300746 , 54.3696 , 0
0.300304 , 54.4039 , 0
0.299863 , 54.4383 , 0
0.299421 , 54.4726 , 0
0.29898 , 54.5069 , 0
0.298538 , 54.5412 , 0
0.298096 , 54.5756 , 0
0.297655 , 54.6099 , 0
0.297213 , 54.6442 , 0
0.296771 , 54.6785 , 0
0.29633 , 54.7128 , 0
0.295888 , 54.7472 , 0
0.295447 , 54.7815 , 0
0.295005 , 54.8158 , 0
0.294563 , 54.8501 , 0
0.294122 , 54.8845 , 0
0.29368 , 54.9188 , 0
0.293238 , 54.9531 , 0
0.292797 , 54.9874 , 0
0.292355 , 55.0218 , 0
0.291913 , 55.0561 , 0
0.291472 , 55.0904 , 0
0.29103 , 55.1247 , 0
0.290589 , 55.1591 , 0
0.290147 , 55.1934 , 0
0.289705 , 55.2277 , 0
0.289264 , 55.262 , 0
0.288822 , 55.2964 , 0
0.28838 , 55.3307 , 0
0.287939 , 55.365 , 0
0.287497 , 55.3993 , 0
0.287055 , 55.4337 , 0
0.286614 , 55.468 , 0
0.286172 , 55.5023 , 0
0.285731 , 55.5366 , 0
0.285289 , 55.571 , 0
0.284847 , 55.6053 , 0
0.284406 , 55.6396 , 0
0.283964 , 55.6739 , 0
0.283522 , 55.7083 , 0
0.283081 , 55.7426 , 0
0.282639 , 55.7769 , 0
0.282197 , 55.8112 , 0
0.281756 , 55.8455 , 0
0.281314 , 55.8799 , 0
0.280873 , 55.9142 , 0
0.280431 , 55.9485 , 0
0.279989 , 55.9828 , 0
0.279548 , 56.0172 , 0
0.279106 , 56.0515 , 0
0.278664 , 56.0858 , 0
0.278223 , 56.1201 , 0
0.277781 , 56.1545 , 0
0.27734 , 56.1888 , 0
0.276898 , 56.2231 , 0
0.276456 , 56.2574 , 0
0.276015 , 56.2918 , 0
0.275573 , 56.3261 , 0
0.275131 , 56.3604 , 0
0.27469 , 56.3947 , 0
0.274248 , 56.4291 , 0
0.273806 , 56.4634 , 0
0.273365 , 56.4977 , 0
0.272923 , 56.532 , 0
0.272482 , 56.5664 , 0
0.27204 , 56.6007 , 0
0.271598 , 56.635 , 0
0.271157 , 56.6693 , 0
0.270715 , 56.7037 , 0
0.270273 , 56.738 , 0
0.269832 , 56.7723 , 0
0.26939 , 56.8066 , 0
0.268948 , 56.841 , 0
0.268507 , 56.8753 , 0
0.268065 , 56.9096 , 0
0.267624 , 56.9439 , 0
0.267182 , 56.9782 , 0
0.26674 , 57.0126 , 0
0.266299 , 57.0469 , 0
0.265857 , 57.0812 , 0
0.265415 , 57.1155 , 0
0.264974 , 57.1499 , 0
0.264532 , 57.1842 , 0
0.26409 , 57.2185 , 0
0.263649 , 57.2528 , 0
0.263207 , 57.2872 , 0
0.262766 , 57.3215 , 0
0.262324 , 57.3558 , 0
0.261882 , 57.3901 , 0
0.261441 , 57.4245 , 0
0.260999 , 57.4588 , 0
0.260557 , 57.4931 , 0
0.260116 , 57.5274 , 0
0.259674 , 57.5618 , 0
0.259233 , 57.5961 , 0
0.258791 , 57.6304 , 0
0.258349 , 57.6647 , 0
0.257908 , 57.6991 , 0
0.257466 , 57.7334 , 0
0.257024 , 57.7677 , 0
0.256583 , 57.802 , 0
0.256141 , 57.8364 , 0
0.255699 , 57.8707 , 0
0.255258 , 57.905 , 0
0.254816 , 57.9393 , 0
0.254375 , 57.9737 , 0
0.253933 , 58.008 , 0
0.253491 , 58.0423 , 0
0.25305 , 58.0766 , 0
0.252608 , 58.1109 , 0
0.252166 , 58.1453 , 0
0.251725 , 58.1796 , 0
0.251283 , 58.2139 , 0
0.250841 , 58.2482 , 0
0.2504 , 58.2826 , 0
0.249958 , 58.3169 , 0
0.249517 , 58.3512 , 0
0.249075 , 58.3855 , 0
0.248633 , 58.4199 , 0
0.248192 , 58.4542 , 0
0.24775 , 58.4885 , 0
0.247308 , 58.5228 , 0
0.246867 , 58.5572 , 0
0.246425 , 58.5915 , 0
0.245983 , 58.6258 , 0
0.245542 , 58.6601 , 0
0.2451 , 58.6945 , 0
0.244659 , 58.7288 , 0
0.244217 , 58.7631 , 0
0.243775 , 58.7974 , 0
0.243334 , 58.8318 , 0
0.242892 , 58.8661 , 0
0.24245 , 58.9004 , 0
0.242009 , 58.9347 , 0
0.241567 , 58.9691 , 0
0.241126 , 59.0034 , 0
0.240684 , 59.0377 , 0
0.240242 , 59.072 , 0
0.239801 , 59.1064 , 0
0.239359 , 59.1407 , 0
0.238917 , 59.175 , 0
0.238476 , 59.2093 , 0
0.238034 , 59.2436 , 0
0.237592 , 59.278 , 0
0.237151 , 59.3123 , 0
0.236709 , 59.3466 , 0
0.236268 , 59.3809 , 0
0.235826 , 59.4153 , 0
0.235384 , 59.4496 , 0
0.234943 , 59.4839 , 0
0.234501 , 59.5182 , 0
0.234059 , 59.5526 , 0
0.233618 , 59.5869 , 0
0.233176 , 59.6212 , 0
0.232734 , 59.6555 , 0
0.232293 , 59.6899 , 0
0.231851 , 59.7242 , 0
0.23141 , 59.7585 , 0
0.230968 , 59.7928 , 0
0.230526 , 59.8272 , 0
0.230085 , 59.8615 , 0
0.229643 , 59.8958 , 0
0.229201 , 59.9301 , 0
0.22876 , 59.9645 , 0
0.228318 , 59.9988 , 0
0.227877 , 60.0331 , 0
0.227435 , 60.0674 , 0
0.226993 , 60.1018 , 0
0.226552 , 60.1361 , 0
0.22611 , 60.1704 , 0
0.225668 , 60.2047 , 0
0.225227 , 60.2391 , 0
0.224785 , 60.2734 , 0
0.224343 , 60.3077 , 0
0.223902 , 60.342 , 0
0.22346 , 60.3763 , 0
0.223019 , 60.4107 , 0
0.222577 , 60.445 , 0
0.222135 , 60.4793 , 0
0.221694 , 60.5136 , 0
0.221252 , 60.548 , 0
0.22081 , 60.5823 , 0
0.220369 , 60.6166 , 0
0.219927 , 60.6509 , 0
0.219485 , 60.6853 , 0
0.219044 , 60.7196 , 0
0.218602 , 60.7539 , 0
0.218161 , 60.7882 , 0
0.217719 , 60.8226 , 0
0.217277 , 60.8569 , 0
0.216836 , 60.8912 , 0
0.216394 , 60.9255 , 0
0.215952 , 60.9599 , 0
0.215511 , 60.9942 , 0
0.215069 , 61.0285 , 0
0.214627 , 61.0628 , 0
0.214186 , 61.0972 , 0
0.213744 , 61.1315 , 0
0.213303 , 61.1658 , 0
0.212861 , 61.2001 , 0
0.212419 , 61.2345 , 0
0.211978 , 61.2688 , 0
0.211536 , 61.3031 , 0
0.211094 , 61.3374 , 0
0.210653 , 61.3718 , 0
0.210211 , 61.4061 , 0
0.20977 , 61.4404 , 0
0.209328 , 61.4747 , 0
0.208886 , 61.509 , 0
0.208445 , 61.5434 , 0
0.208003 , 61.5777 , 0
0.207561 , 61.612 , 0
0.20712 , 61.6463 , 0
0.206678 , 61.6807 , 0
0.206236 , 61.715 , 0
0.205795 , 61.7493 , 0
0.205353 , 61.7836 , 0
0.204912 , 61.818 , 0
0.20447 , 61.8523 , 0
0.204028 , 61.8866 , 0
0.203587 , 61.9209 , 0
0.203145 , 61.9553 , 0
0.202703 , 61.9896 , 0
0.202262 , 62.0239 , 0
0.20182 , 62.0582 , 0
0.201378 , 62.0926 , 0
0.200937 , 62.1269 , 0
0.200495 , 62.1612 , 0
0.200054 , 62.1955 , 0
0.199612 , 62.2299 , 0
0.19917 , 62.2642 , 0
0.198729 , 62.2985 , 0
0.198287 , 62.3328 , 0
0.197845 , 62.3672 , 0
0.197404 , 62.4015 , 0
0.196962 , 62.4358 , 0
0.19652 , 62.4701 , 0
0.196079 , 62.5045 , 0
0.195637 , 62.5388 , 0
0.195196 , 62.5731 , 0
0.194754 , 62.6074 , 0
0.194312 , 62.6417 , 0
0.193871 , 62.6761 , 0
0.193429 , 62.7104 , 0
0.192987 , 62.7447 , 0
0.192546 , 62.779 , 0
0.192104 , 62.8134 , 0
0.191663 , 62.8477 , 0
0.191221 , 62.882 , 0
0.190779 , 62.9163 , 0
0.190338 , 62.9507 , 0
0.189896 , 62.985 , 0
0.189454 , 63.0193 , 0
0.189013 , 63.0536 , 0
0.188571 , 63.088 , 0
0.188129 , 63.1223 , 0
0.187688 , 63.1566 , 0
0.187246 , 63.1909 , 0
0.186805 , 63.2253 , 0
0.186363 , 63.2596 , 0
0.185921 , 63.2939 , 0
0.18548 , 63.3282 , 0
0.185038 , 63.3626 , 0
0.184596 , 63.3969 , 0
0.184155 , 63.4312 , 0
0.183713 , 63.4655 , 0
0.183271 , 63.4999 , 0
0.18283 , 63.5342 , 0
0.182388 , 63.5685 , 0
0.181947 , 63.6028 , 0
0.181505 , 63.6372 , 0
0.181063 , 63.6715 , 0
0.180622 , 63.7058 , 0
0.18018 , 63.7401 , 0
0.179738 , 63.7744 , 0
0.179297 , 63.8088 , 0
0.178855 , 63.8431 , 0
0.178414 , 63.8774 , 0
0.177972 , 63.9117 , 0
0.17753 , 63.9461 , 0
0.177089 , 63.9804 , 0
0.176647 , 64.0147 , 0
0.176205 , 64.049 , 0
0.175764 , 64.0834 , 0
0.175322 , 64.1177 , 0
0.17488 , 64.152 , 0
0.174439 , 64.1863 , 0
0.173997 , 64.2207 , 0
0.173556 , 64.255 , 0
0.173114 , 64.2893 , 0
0.172672 , 64.3236 , 0
0.172231 , 64.358 , 0
0.171789 , 64.3923 , 0
0.171347 , 64.4266 , 0
0.170906 , 64.4609 , 0
0.170464 , 64.4953 , 0
0.170022 , 64.5296 , 0
0.169581 , 64.5639 , 0
0.169139 , 64.5982 , 0
0.168698 , 64.6326 , 0
0.168256 , 64.6669 , 0
0.167814 , 64.7012 , 0
0.167373 , 64.7355 , 0
0.166931 , 64.7699 , 0
0.166489 , 64.8042 , 0
0.166048 , 64.8385 , 0
0.165606 , 64.8728 , 0
0.165164 , 64.9071 , 0
0.164723 , 64.9415 , 0
0.164281 , 64.9758 , 0
0.16384 , 65.0101 , 0
0.163398 , 65.0444 , 0
0.162956 , 65.0788 , 0
0.162515 , 65.1131 , 0
0.162073 , 65.1474 , 0
0.161631 , 65.1817 , 0
0.16119 , 65.2161 , 0
0.160748 , 65.2504 , 0
0.160307 , 65.2847 , 0
0.159865 , 65.319 , 0
0.159423 , 65.3534 , 0
0.158982 , 65.3877 , 0
0.15854 , 65.422 , 0
0.158098 , 65.4563 , 0
0.157657 , 65.4907 , 0
0.157215 , 65.525 , 0
0.156773 , 65.5593 , 0
0.156332 , 65.5936 , 0
0.15589 , 65.628 , 0
0.155449 , 65.6623 , 0
0.155007 , 65.6966 , 0
0.154565 , 65.7309 , 0
0.154124 , 65.7653 , 0
0.153682 , 65.7996 , 0
0.15324 , 65.8339 , 0
0.152799 , 65.8682 , 0
0.152357 , 65.9026 , 0
0.151915 , 65.9369 , 0
0.151474 , 65.9712 , 0
0.151032 , 66.0055 , 0
0.150591 , 66.0398 , 0
0.150149 , 66.0742 , 0
0.149707 , 66.1085 , 0
0.149266 , 66.1428 , 0
0.148824 , 66.1771 , 0
0.148382 , 66.2115 , 0
0.147941 , 66.2458 , 0
0.147499 , 66.2801 , 0
0.147057 , 66.3144 , 0
0.146616 , 66.3488 , 0
0.146174 , 66.3831 , 0
0.145733 , 66.4174 , 0
0.145291 , 66.4517 , 0
0.144849 , 66.4861 , 0
0.144408 , 66.5204 , 0
0.143966 , 66.5547 , 0
0.143524 , 66.589 , 0
0.143083 , 66.6234 , 0
0.142641 , 66.6577 , 0
0.1422 , 66.692 , 0
0.141758 , 66.7263 , 0
0.141316 , 66.7607 , 0
0.140875 , 66.795 , 0
0.140433 , 66.8293 , 0
0.139991 , 66.8636 , 0
0.13955 , 66.898 , 0
0.139108 , 66.9323 , 0
0.138666 , 66.9666 , 0
0.138225 , 67.0009 , 0
0.137783 , 67.0353 , 0
0.137342 , 67.0696 , 0
0.1369 , 67.1039 , 0
0.136458 , 67.1382 , 0
0.136017 , 67.1725 , 0
0.135575 , 67.2069 , 0
0.135133 , 67.2412 , 0
0.134692 , 67.2755 , 0
0.13425 , 67.3098 , 0
0.133808 , 67.3442 , 0
0.133367 , 67.3785 , 0
0.132925 , 67.4128 , 0
0.132484 , 67.4471 , 0
0.132042 , 67.4815 , 0
0.1316 , 67.5158 , 0
0.131159 , 67.5501 , 0
0.130717 , 67.5844 , 0
0.130275 , 67.6188 , 0
0.129834 , 67.6531 , 0
0.129392 , 67.6874 , 0
0.128951 , 67.7217 , 0
0.128509 , 67.7561 , 0
0.128067 , 67.7904 , 0
0.127626 , 67.8247 , 0
0.127184 , 67.859 , 0
0.126742 , 67.8934 , 0
0.126301 , 67.9277 , 0
0.125859 , 67.962 , 0
0.125417 , 67.9963 , 0
0.124976 , 68.0307 , 0
0.124534 , 68.065 , 0
0.124093 , 68.0993 , 0
0.123651 , 68.1336 , 0
0.123209 , 68.168 , 0
0.122768 , 68.2023 , 0
0.122326 , 68.2366 , 0
0.121884 , 68.2709 , 0
0.121443 , 68.3052 , 0
0.121001 , 68.3396 , 0
0.120559 , 68.3739 , 0
0.120118 , 68.4082 , 0
0.119676 , 68.4425 , 0
0.119235 , 68.4769 , 0
0.118793 , 68.5112 , 0
0.118351 , 68.5455 , 0
0.11791 , 68.5798 , 0
0.117468 , 68.6142 , 0
0.117026 , 68.6485 , 0
0.116585 , 68.6828 , 0
0.116143 , 68.7171 , 0
0.115701 , 68.7515 , 0
0.11526 , 68.7858 , 0
0.114818 , 68.8201 , 0
0.114377 , 68.8544 , 0
0.113935 , 68.8888 , 0
0.113493 , 68.9231 , 0
0.113052 , 68.9574 , 0
0.11261 , 68.9917 , 0
0.112168 , 69.0261 , 0
0.111727 , 69.0604 , 0
0.111285 , 69.0947 , 0
0.110844 , 69.129 , 0
0.110402 , 69.1634 , 0
0.10996 , 69.1977 , 0
0.109519 , 69.232 , 0
0.109077 , 69.2663 , 0
0.108635 , 69.3007 , 0
0.108194 , 69.335 , 0
0.107752 , 69.3693 , 0
0.10731 , 69.4036 , 0
0.106869 , 69.4379 , 0
0.106427 , 69.4723 , 0
0.105986 , 69.5066 , 0
0.105544 , 69.5409 , 0
0.105102 , 69.5752 , 0
0.104661 , 69.6096 , 0
0.104219 , 69.6439 , 0
0.103777 , 69.6782 , 0
0.103336 , 69.7125 , 0
0.102894 , 69.7469 , 0
0.102452 , 69.7812 , 0
0.102011 , 69.8155 , 0
0.101569 , 69.8498 , 0
0.101128 , 69.8842 , 0
0.100686 , 69.9185 , 0
0.100244 , 69.9528 , 0
0.0998027 , 69.9871 , 0
0.099361 , 70.0215 , 0
0.0989194 , 70.0558 , 0
0.0984778 , 70.0901 , 0
0.0980361 , 70.1244 , 0
0.0975945 , 70.1588 , 0
0.0971529 , 70.1931 , 0
0.0967112 , 70.2274 , 0
0.0962696 , 70.2617 , 0
0.095828 , 70.2961 , 0
0.0953863 , 70.3304 , 0
0.0949447 , 70.3647 , 0
0.0945031 , 70.399 , 0
0.0940614 , 70.4334 , 0
0.0936198 , 70.4677 , 0
0.0931782 , 70.502 , 0
0.0927365 , 70.5363 , 0
0.0922949 , 70.5706 , 0
0.0918533 , 70.605 , 0
0.0914116 , 70.6393 , 0
0.09097 , 70.6736 , 0
0.0905283 , 70.7079 , 0
0.0900867 , 70.7423 , 0
0.0896451 , 70.7766 , 0
0.0892034 , 70.8109 , 0
0.0887618 , 70.8452 , 0
0.0883202 , 70.8796 , 0
0.0878785 , 70.9139 , 0
0.0874369 , 70.9482 , 0
0.0869953 , 70.9825 , 0
0.0865536 , 71.0169 , 0
0.086112 , 71.0512 , 0
0.0856704 , 71.0855 , 0
0.0852287 , 71.1198 , 0
0.0847871 , 71.1542 , 0
0.0843455 , 71.1885 , 0
0.0839038 , 71.2228 , 0
0.0834622 , 71.2571 , 0
0.0830206 , 71.2915 , 0
0.0825789 , 71.3258 , 0
0.0821373 , 71.3601 , 0
0.0816957 , 71.3944 , 0
0.081254 , 71.4288 , 0
0.0808124 , 71.4631 , 0
0.0803708 , 71.4974 , 0
0.0799291 , 71.5317 , 0
0.0794875 , 71.5661 , 0
0.0790459 , 71.6004 , 0
0.0786042 , 71.6347 , 0
0.0781626 , 71.669 , 0
0.077721 , 71.7033 , 0
0.0772793 , 71.7377 , 0
0.0768377 , 71.772 , 0
0.0763961 , 71.8063 , 0
0.0759544 , 71.8406 , 0
0.0755128 , 71.875 , 0
0.0750712 , 71.9093 , 0
0.0746295 , 71.9436 , 0
0.0741879 , 71.9779 , 0
0.0737463 , 72.0123 , 0
0.0733046 , 72.0466 , 0
0.072863 , 72.0809 , 0
0.0724214 , 72.1152 , 0
0.0719797 , 72.1496 , 0
0.0715381 , 72.1839 , 0
0.0710965 , 72.2182 , 0
0.0706548 , 72.2525 , 0
0.0702132 , 72.2869 , 0
0.0697716 , 72.3212 , 0
0.0693299 , 72.3555 , 0
0.0688883 , 72.3898 , 0
0.0684467 , 72.4242 , 0
0.068005 , 72.4585 , 0
0.0675634 , 72.4928 , 0
0.0671217 , 72.5271 , 0
0.0666801 , 72.5615 , 0
0.0662385 , 72.5958 , 0
0.0657968 , 72.6301 , 0
0.0653552 , 72.6644 , 0
0.0649136 , 72.6988 , 0
0.0644719 , 72.7331 , 0
0.0640303 , 72.7674 , 0
0.0635887 , 72.8017 , 0
0.063147 , 72.836 , 0
0.0627054 , 72.8704 , 0
0.0622638 , 72.9047 , 0
0.0618221 , 72.939 , 0
0.0613805 , 72.9733 , 0
0.0609389 , 73.0077 , 0
0.0604972 , 73.042 , 0
0.0600556 , 73.0763 , 0
0.059614 , 73.1106 , 0
0.0591723 , 73.145 , 0
0.0587307 , 73.1793 , 0
0.0582891 , 73.2136 , 0
0.0578474 , 73.2479 , 0
0.0574058 , 73.2823 , 0
0.0569642 , 73.3166 , 0
0.0565225 , 73.3509 , 0
0.0560809 , 73.3852 , 0
0.0556393 , 73.4196 , 0
0.0551976 , 73.4539 , 0
0.054756 , 73.4882 , 0
0.0543144 , 73.5225 , 0
0.0538727 , 73.5569 , 0
0.0534311 , 73.5912 , 0
0.0529895 , 73.6255 , 0
0.0525478 , 73.6598 , 0
0.0521062 , 73.6942 , 0
0.0516646 , 73.7285 , 0
0.0512229 , 73.7628 , 0
0.0507813 , 73.7971 , 0
0.0503397 , 73.8315 , 0
0.049898 , 73.8658 , 0
0.0494564 , 73.9001 , 0
0.0490148 , 73.9344 , 0
0.0485731 , 73.9687 , 0
0.0481315 , 74.0031 , 0
0.0476899 , 74.0374 , 0
0.0472482 , 74.0717 , 0
0.0468066 , 74.106 , 0
0.046365 , 74.1404 , 0
0.0459233 , 74.1747 , 0
0.0454817 , 74.209 , 0
0.0450401 , 74.2433 , 0
0.0445984 , 74.2777 , 0
0.0441568 , 74.312 , 0
0.0437152 , 74.3463 , 0
0.0432735 , 74.3806 , 0
0.0428319 , 74.415 , 0
0.0423902 , 74.4493 , 0
0.0419486 , 74.4836 , 0
0.041507 , 74.5179 , 0
0.0410653 , 74.5523 , 0
0.0406237 , 74.5866 , 0
0.0401821 , 74.6209 , 0
0.0397404 , 74.6552 , 0
0.0392988 , 74.6896 , 0
0.0388572 , 74.7239 , 0
0.0384155 , 74.7582 , 0
0.0379739 , 74.7925 , 0
0.0375323 , 74.8269 , 0
0.0370906 , 74.8612 , 0
0.036649 , 74.8955 , 0
0.0362074 , 74.9298 , 0
0.0357657 , 74.9642 , 0
0.0353241 , 74.9985 , 0
0.0348825 , 75.0328 , 0
0.0344408 , 75.0671 , 0
0.0339992 , 75.1014 , 0
0.0335576 , 75.1358 , 0
0.0331159 , 75.1701 , 0
0.0326743 , 75.2044 , 0
0.0322327 , 75.2387 , 0
0.031791 , 75.2731 , 0
0.0313494 , 75.3074 , 0
0.0309078 , 75.3417 , 0
0.0304661 , 75.376 , 0
0.0300245 , 75.4104 , 0
0.0295829 , 75.4447 , 0
0.0291412 , 75.479 , 0
0.0286996 , 75.5133 , 0
0.028258 , 75.5477 , 0
0.0278163 , 75.582 , 0
0.0273747 , 75.6163 , 0
0.0269331 , 75.6506 , 0
0.0264914 , 75.685 , 0
0.0260498 , 75.7193 , 0
0.0256082 , 75.7536 , 0
0.0251665 , 75.7879 , 0
0.0247249 , 75.8223 , 0
0.0242833 , 75.8566 , 0
0.0238416 , 75.8909 , 0
0.0234 , 75.9252 , 0
0.0229584 , 75.9596 , 0
0.0225167 , 75.9939 , 0
0.0220751 , 76.0282 , 0
0.0216335 , 76.0625 , 0
0.0211918 , 76.0969 , 0
0.0207502 , 76.1312 , 0
0.0203086 , 76.1655 , 0
0.0198669 , 76.1998 , 0
0.0194253 , 76.2341 , 0
0.0189836 , 76.2685 , 0
0.018542 , 76.3028 , 0
0.0181004 , 76.3371 , 0
0.0176587 , 76.3714 , 0
0.0172171 , 76.4058 , 0
0.0167755 , 76.4401 , 0
0.0163338 , 76.4744 , 0
0.0158922 , 76.5087 , 0
0.0154506 , 76.5431 , 0
0.0150089 , 76.5774 , 0
0.0145673 , 76.6117 , 0
0.0141257 , 76.646 , 0
0.013684 , 76.6804 , 0
0.0132424 , 76.7147 , 0
0.0128008 , 76.749 , 0
0.0123591 , 76.7833 , 0
0.0119175 , 76.8177 , 0
0.0114759 , 76.852 , 0
0.0110342 , 76.8863 , 0
0.0105926 , 76.9206 , 0
0.010151 , 76.955 , 0
0.00970934 , 76.9893 , 0
0.0092677 , 77.0236 , 0
0.00882607 , 77.0579 , 0
0.00838444 , 77.0923 , 0
0.0079428 , 77.1266 , 0
0.00750117 , 77.1609 , 0
0.00705953 , 77.1952 , 0
0.0066179 , 77.2296 , 0
0.00617627 , 77.2639 , 0
0.00573463 , 77.2982 , 0
0.005293 , 77.3325 , 0
0.00485136 , 77.3668 , 0
0.00440973 , 77.4012 , 0
0.0039681 , 77.4355 , 0
0.00352646 , 77.4698 , 0
0.00308483 , 77.5041 , 0
0.00264319 , 77.5385 , 0
0.00220156 , 77.5728 , 0
0.00175993 , 77.6071 , 0
0.00131829 , 77.6414 , 0
0.000876658 , 77.6758 , 0
0.000435024 , 77.7101 , 0
-6.60991e-006 , 77.7444 , 0
-0.000448244 , 77.7787 , 0
-0.000889878 , 77.8131 , 0
-0.00133151 , 77.8474 , 0
-0.00177315 , 77.8817 , 0
-0.00221478 , 77.916 , 0
-0.00265641 , 77.9504 , 0
-0.00309805 , 77.9847 , 0
-0.00353968 , 78.019 , 0
-0.00398132 , 78.0533 , 0
-0.00442295 , 78.0877 , 0
-0.00486458 , 78.122 , 0
-0.00530622 , 78.1563 , 0
-0.00574785 , 78.1906 , 0
-0.00618949 , 78.225 , 0
-0.00663112 , 78.2593 , 0
-0.00707275 , 78.2936 , 0
-0.00751439 , 78.3279 , 0
-0.00795602 , 78.3623 , 0
-0.00839765 , 78.3966 , 0
-0.00883929 , 78.4309 , 0
-0.00928092 , 78.4652 , 0
-0.00972256 , 78.4995 , 0
-0.0101642 , 78.5339 , 0
-0.0106058 , 78.5682 , 0
-0.0110475 , 78.6025 , 0
-0.0114891 , 78.6368 , 0
-0.0119307 , 78.6712 , 0
-0.0123724 , 78.7055 , 0
-0.012814 , 78.7398 , 0
-0.0132556 , 78.7741 , 0
-0.0136973 , 78.8085 , 0
-0.0141389 , 78.8428 , 0
-0.0145805 , 78.8771 , 0
-0.0150222 , 78.9114 , 0
-0.0154638 , 78.9458 , 0
-0.0159054 , 78.9801 , 0
-0.0163471 , 79.0144 , 0
-0.0167887 , 79.0487 , 0
-0.0172303 , 79.0831 , 0
-0.017672 , 79.1174 , 0
-0.0181136 , 79.1517 , 0
-0.0185552 , 79.186 , 0
-0.0189969 , 79.2204 , 0
-0.0194385 , 79.2547 , 0
-0.0198801 , 79.289 , 0
-0.0203218 , 79.3233 , 0
-0.0207634 , 79.3577 , 0
-0.021205 , 79.392 , 0
-0.0216467 , 79.4263 , 0
-0.0220883 , 79.4606 , 0
-0.0225299 , 79.495 , 0
-0.0229716 , 79.5293 , 0
-0.0234132 , 79.5636 , 0
-0.0238548 , 79.5979 , 0
-0.0242965 , 79.6322 , 0
-0.0247381 , 79.6666 , 0
-0.0251797 , 79.7009 , 0
-0.0256214 , 79.7352 , 0
-0.026063 , 79.7695 , 0
-0.0265046 , 79.8039 , 0
-0.0269463 , 79.8382 , 0
-0.0273879 , 79.8725 , 0
-0.0278295 , 79.9068 , 0
-0.0282712 , 79.9412 , 0
-0.0287128 , 79.9755 , 0
-0.0291545 , 80.0098 , 0
-0.0295961 , 80.0441 , 0
-0.0300377 , 80.0785 , 0
-0.0304794 , 80.1128 , 0
-0.030921 , 80.1471 , 0
-0.0313626 , 80.1814 , 0
-0.0318043 , 80.2158 , 0
-0.0322459 , 80.2501 , 0
-0.0326875 , 80.2844 , 0
-0.0331292 , 80.3187 , 0
-0.0335708 , 80.3531 , 0
-0.0340124 , 80.3874 , 0
-0.0344541 , 80.4217 , 0
-0.0348957 , 80.456 , 0
-0.0353373 , 80.4904 , 0
-0.035779 , 80.5247 , 0
-0.0362206 , 80.559 , 0
-0.0366622 , 80.5933 , 0
-0.0371039 , 80.6277 , 0
-0.0375455 , 80.662 , 0
-0.0379871 , 80.6963 , 0
-0.0384288 , 80.7306 , 0
-0.0388704 , 80.7649 , 0
-0.039312 , 80.7993 , 0
-0.0397537 , 80.8336 , 0
-0.0401953 , 80.8679 , 0
-0.0406369 , 80.9022 , 0
-0.0410786 , 80.9366 , 0
-0.0415202 , 80.9709 , 0
-0.0419618 , 81.0052 , 0
-0.0424035 , 81.0395 , 0
-0.0428451 , 81.0739 , 0
-0.0432867 , 81.1082 , 0
-0.0437284 , 81.1425 , 0
-0.04417 , 81.1768 , 0
-0.0446116 , 81.2112 , 0
-0.0450533 , 81.2455 , 0
-0.0454949 , 81.2798 , 0
-0.0459365 , 81.3141 , 0
-0.0463782 , 81.3485 , 0
-0.0468198 , 81.3828 , 0
-0.0472614 , 81.4171 , 0
-0.0477031 , 81.4514 , 0
-0.0481447 , 81.4858 , 0
-0.0485863 , 81.5201 , 0
-0.049028 , 81.5544 , 0
-0.0494696 , 81.5887 , 0
-0.0499112 , 81.6231 , 0
-0.0503529 , 81.6574 , 0
-0.0507945 , 81.6917 , 0
-0.0512361 , 81.726 , 0
-0.0516778 , 81.7604 , 0
-0.0521194 , 81.7947 , 0
-0.052561 , 81.829 , 0
-0.0530027 , 81.8633 , 0
-0.0534443 , 81.8976 , 0
-0.053886 , 81.932 , 0
-0.0543276 , 81.9663 , 0
-0.0547692 , 82.0006 , 0
-0.0552109 , 82.0349 , 0
-0.0556525 , 82.0693 , 0
-0.0560941 , 82.1036 , 0
-0.0565358 , 82.1379 , 0
-0.0569774 , 82.1722 , 0
-0.057419 , 82.2066 , 0
-0.0578607 , 82.2409 , 0
-0.0583023 , 82.2752 , 0
-0.0587439 , 82.3095 , 0
-0.0591856 , 82.3439 , 0
-0.0596272 , 82.3782 , 0
-0.0600688 , 82.4125 , 0
-0.0605105 , 82.4468 , 0
-0.0609521 , 82.4812 , 0
-0.0613937 , 82.5155 , 0
-0.0618354 , 82.5498 , 0
-0.062277 , 82.5841 , 0
-0.0627186 , 82.6185 , 0
-0.0631603 , 82.6528 , 0
-0.0636019 , 82.6871 , 0
-0.0640435 , 82.7214 , 0
-0.0644852 , 82.7558 , 0
-0.0649268 , 82.7901 , 0
-0.0653684 , 82.8244 , 0
-0.0658101 , 82.8587 , 0
-0.0662517 , 82.8931 , 0
-0.0666933 , 82.9274 , 0
-0.067135 , 82.9617 , 0
-0.0675766 , 82.996 , 0
-0.0680182 , 83.0303 , 0
-0.0684599 , 83.0647 , 0
-0.0689015 , 83.099 , 0
-0.0693431 , 83.1333 , 0
-0.0697848 , 83.1676 , 0
-0.0702264 , 83.202 , 0
-0.070668 , 83.2363 , 0
-0.0711097 , 83.2706 , 0
-0.0715513 , 83.3049 , 0
-0.0719929 , 83.3393 , 0
-0.0724346 , 83.3736 , 0
-0.0728762 , 83.4079 , 0
-0.0733178 , 83.4422 , 0
-0.0737595 , 83.4766 , 0
-0.0742011 , 83.5109 , 0
-0.0746427 , 83.5452 , 0
-0.0750844 , 83.5795 , 0
-0.075526 , 83.6139 , 0
-0.0759676 , 83.6482 , 0
-0.0764093 , 83.6825 , 0
-0.0768509 , 83.7168 , 0
-0.0772926 , 83.7512 , 0
-0.0777342 , 83.7855 , 0
-0.0781758 , 83.8198 , 0
-0.0786175 , 83.8541 , 0
-0.0790591 , 83.8885 , 0
-0.0795007 , 83.9228 , 0
-0.0799424 , 83.9571 , 0
-0.080384 , 83.9914 , 0
-0.0808256 , 84.0258 , 0
-0.0812673 , 84.0601 , 0
-0.0817089 , 84.0944 , 0
-0.0821505 , 84.1287 , 0
-0.0825922 , 84.163 , 0
-0.0830338 , 84.1974 , 0
-0.0834754 , 84.2317 , 0
-0.0839171 , 84.266 , 0
-0.0843587 , 84.3003 , 0
-0.0848003 , 84.3347 , 0
-0.085242 , 84.369 , 0
-0.0856836 , 84.4033 , 0
-0.0861252 , 84.4376 , 0
-0.0865669 , 84.472 , 0
-0.0870085 , 84.5063 , 0
-0.0874501 , 84.5406 , 0
-0.0878918 , 84.5749 , 0
-0.0883334 , 84.6093 , 0
-0.088775 , 84.6436 , 0
-0.0892167 , 84.6779 , 0
-0.0896583 , 84.7122 , 0
-0.0900999 , 84.7466 , 0
-0.0905416 , 84.7809 , 0
-0.0909832 , 84.8152 , 0
-0.0914248 , 84.8495 , 0
-0.0918665 , 84.8839 , 0
-0.0923081 , 84.9182 , 0
-0.0927497 , 84.9525 , 0
-0.0931914 , 84.9868 , 0
-0.093633 , 85.0212 , 0
-0.0940746 , 85.0555 , 0
-0.0945163 , 85.0898 , 0
-0.0949579 , 85.1241 , 0
-0.0953995 , 85.1585 , 0
-0.0958412 , 85.1928 , 0
-0.0962828 , 85.2271 , 0
-0.0967244 , 85.2614 , 0
-0.0971661 , 85.2957 , 0
-0.0976077 , 85.3301 , 0
-0.0980493 , 85.3644 , 0
-0.098491 , 85.3987 , 0
-0.0989326 , 85.433 , 0
-0.0993742 , 85.4674 , 0
-0.0998159 , 85.5017 , 0
-0.100258 , 85.536 , 0
-0.100699 , 85.5703 , 0
-0.101141 , 85.6047 , 0
-0.101582 , 85.639 , 0
-0.102024 , 85.6733 , 0
-0.102466 , 85.7076 , 0
-0.102907 , 85.742 , 0
-0.103349 , 85.7763 , 0
-0.103791 , 85.8106 , 0
-0.104232 , 85.8449 , 0
-0.104674 , 85.8793 , 0
-0.105115 , 85.9136 , 0
-0.105557 , 85.9479 , 0
-0.105999 , 85.9822 , 0
-0.10644 , 86.0166 , 0
-0.106882 , 86.0509 , 0
-0.107324 , 86.0852 , 0
-0.107765 , 86.1195 , 0
-0.108207 , 86.1539 , 0
-0.108649 , 86.1882 , 0
-0.10909 , 86.2225 , 0
-0.109532 , 86.2568 , 0
-0.109973 , 86.2912 , 0
-0.110415 , 86.3255 , 0
-0.110857 , 86.3598 , 0
-0.111298 , 86.3941 , 0
-0.11174 , 86.4284 , 0
-0.112182 , 86.4628 , 0
-0.112623 , 86.4971 , 0
-0.113065 , 86.5314 , 0
-0.113507 , 86.5657 , 0
-0.113948 , 86.6001 , 0
-0.11439 , 86.6344 , 0
-0.114831 , 86.6687 , 0
-0.115273 , 86.703 , 0
-0.115715 , 86.7374 , 0
-0.116156 , 86.7717 , 0
-0.116598 , 86.806 , 0
-0.11704 , 86.8403 , 0
-0.117481 , 86.8747 , 0
-0.117923 , 86.909 , 0
-0.118365 , 86.9433 , 0
-0.118806 , 86.9776 , 0
-0.119248 , 87.012 , 0
-0.119689 , 87.0463 , 0
-0.120131 , 87.0806 , 0
-0.120573 , 87.1149 , 0
-0.121014 , 87.1493 , 0
-0.121456 , 87.1836 , 0
-0.121898 , 87.2179 , 0
-0.122339 , 87.2522 , 0
-0.122781 , 87.2866 , 0
-0.123222 , 87.3209 , 0
-0.123664 , 87.3552 , 0
-0.124106 , 87.3895 , 0
-0.124547 , 87.4239 , 0
-0.124989 , 87.4582 , 0
-0.125431 , 87.4925 , 0
-0.125872 , 87.5268 , 0
-0.126314 , 87.5611 , 0
-0.126756 , 87.5955 , 0
-0.127197 , 87.6298 , 0
-0.127639 , 87.6641 , 0
-0.12808 , 87.6984 , 0
-0.128522 , 87.7328 , 0
-0.128964 , 87.7671 , 0
-0.129405 , 87.8014 , 0
-0.129847 , 87.8357 , 0
-0.130289 , 87.8701 , 0
-0.13073 , 87.9044 , 0
-0.131172 , 87.9387 , 0
-0.131614 , 87.973 , 0
-0.132055 , 88.0074 , 0
-0.132497 , 88.0417 , 0
-0.132938 , 88.076 , 0
-0.13338 , 88.1103 , 0
-0.133822 , 88.1447 , 0
-0.134263 , 88.179 , 0
-0.134705 , 88.2133 , 0
-0.135147 , 88.2476 , 0
-0.135588 , 88.282 , 0
-0.13603 , 88.3163 , 0
-0.136471 , 88.3506 , 0
-0.136913 , 88.3849 , 0
-0.137355 , 88.4193 , 0
-0.137796 , 88.4536 , 0
-0.138238 , 88.4879 , 0
-0.13868 , 88.5222 , 0
-0.139121 , 88.5566 , 0
-0.139563 , 88.5909 , 0
-0.140005 , 88.6252 , 0
-0.140446 , 88.6595 , 0
-0.140888 , 88.6938 , 0
-0.141329 , 88.7282 , 0
-0.141771 , 88.7625 , 0
-0.142213 , 88.7968 , 0
-0.142654 , 88.8311 , 0
-0.143096 , 88.8655 , 0
-0.143538 , 88.8998 , 0
-0.143979 , 88.9341 , 0
-0.144421 , 88.9684 , 0
-0.144863 , 89.0028 , 0
-0.145304 , 89.0371 , 0
-0.145746 , 89.0714 , 0
-0.146187 , 89.1057 , 0
-0.146629 , 89.1401 , 0
-0.147071 , 89.1744 , 0
-0.147512 , 89.2087 , 0
-0.147954 , 89.243 , 0
-0.148396 , 89.2774 , 0
-0.148837 , 89.3117 , 0
-0.149279 , 89.346 , 0
-0.149721 , 89.3803 , 0
-0.150162 , 89.4147 , 0
-0.150604 , 89.449 , 0
-0.151045 , 89.4833 , 0
-0.151487 , 89.5176 , 0
-0.151929 , 89.552 , 0
-0.15237 , 89.5863 , 0
-0.152812 , 89.6206 , 0
-0.153254 , 89.6549 , 0
-0.153695 , 89.6893 , 0
-0.154137 , 89.7236 , 0
-0.154578 , 89.7579 , 0
-0.15502 , 89.7922 , 0
-0.155462 , 89.8265 , 0
-0.155903 , 89.8609 , 0
-0.156345 , 89.8952 , 0
-0.156787 , 89.9295 , 0
-0.157228 , 89.9638 , 0
-0.15767 , 89.9982 , 0
-0.158112 , 90.0325 , 0
-0.158553 , 90.0668 , 0
-0.158995 , 90.1011 , 0
-0.159436 , 90.1355 , 0
-0.159878 , 90.1698 , 0
-0.16032 , 90.2041 , 0
-0.160761 , 90.2384 , 0
-0.161203 , 90.2728 , 0
-0.161645 , 90.3071 , 0
-0.162086 , 90.3414 , 0
-0.162528 , 90.3757 , 0
-0.16297 , 90.4101 , 0
-0.163411 , 90.4444 , 0
-0.163853 , 90.4787 , 0
-0.164294 , 90.513 , 0
-0.164736 , 90.5474 , 0
-0.165178 , 90.5817 , 0
-0.165619 , 90.616 , 0
-0.166061 , 90.6503 , 0
-0.166503 , 90.6847 , 0
-0.166944 , 90.719 , 0
-0.167386 , 90.7533 , 0
-0.167828 , 90.7876 , 0
-0.168269 , 90.822 , 0
-0.168711 , 90.8563 , 0
-0.169152 , 90.8906 , 0
-0.169594 , 90.9249 , 0
-0.170036 , 90.9592 , 0
-0.170477 , 90.9936 , 0
-0.170919 , 91.0279 , 0
-0.171361 , 91.0622 , 0
-0.171802 , 91.0965 , 0
-0.172244 , 91.1309 , 0
-0.172685 , 91.1652 , 0
-0.173127 , 91.1995 , 0
-0.173569 , 91.2338 , 0
-0.17401 , 91.2682 , 0
-0.174452 , 91.3025 , 0
-0.174894 , 91.3368 , 0
-0.175335 , 91.3711 , 0
-0.175777 , 91.4055 , 0
-0.176219 , 91.4398 , 0
-0.17666 , 91.4741 , 0
-0.177102 , 91.5084 , 0
-0.177543 , 91.5428 , 0
-0.177985 , 91.5771 , 0
-0.178427 , 91.6114 , 0
-0.178868 , 91.6457 , 0
-0.17931 , 91.6801 , 0
-0.179752 , 91.7144 , 0
-0.180193 , 91.7487 , 0
-0.180635 , 91.783 , 0
-0.181077 , 91.8174 , 0
-0.181518 , 91.8517 , 0
-0.18196 , 91.886 , 0
-0.182401 , 91.9203 , 0
-0.182843 , 91.9547 , 0
-0.183285 , 91.989 , 0
-0.183726 , 92.0233 , 0
-0.184168 , 92.0576 , 0
-0.18461 , 92.0919 , 0
-0.185051 , 92.1263 , 0
-0.185493 , 92.1606 , 0
-0.185935 , 92.1949 , 0
-0.186376 , 92.2292 , 0
-0.186818 , 92.2636 , 0
-0.187259 , 92.2979 , 0
-0.187701 , 92.3322 , 0
-0.188143 , 92.3665 , 0
-0.188584 , 92.4009 , 0
-0.189026 , 92.4352 , 0
-0.189468 , 92.4695 , 0
-0.189909 , 92.5038 , 0
-0.190351 , 92.5382 , 0
-0.190792 , 92.5725 , 0
-0.191234 , 92.6068 , 0
-0.191676 , 92.6411 , 0
-0.192117 , 92.6755 , 0
-0.192559 , 92.7098 , 0
-0.193001 , 92.7441 , 0
-0.193442 , 92.7784 , 0
-0.193884 , 92.8128 , 0
-0.194326 , 92.8471 , 0
-0.194767 , 92.8814 , 0
-0.195209 , 92.9157 , 0
-0.19565 , 92.9501 , 0
-0.196092 , 92.9844 , 0
-0.196534 , 93.0187 , 0
-0.196975 , 93.053 , 0
-0.197417 , 93.0874 , 0
-0.197859 , 93.1217 , 0
-0.1983 , 93.156 , 0
-0.198742 , 93.1903 , 0
-0.199184 , 93.2246 , 0
-0.199625 , 93.259 , 0
-0.200067 , 93.2933 , 0
-0.200508 , 93.3276 , 0
-0.20095 , 93.3619 , 0
-0.201392 , 93.3963 , 0
-0.201833 , 93.4306 , 0
-0.202275 , 93.4649 , 0
-0.202717 , 93.4992 , 0
-0.203158 , 93.5336 , 0
-0.2036 , 93.5679 , 0
-0.204041 , 93.6022 , 0
-0.204483 , 93.6365 , 0
-0.204925 , 93.6709 , 0
-0.205366 , 93.7052 , 0
-0.205808 , 93.7395 , 0
-0.20625 , 93.7738 , 0
-0.206691 , 93.8082 , 0
-0.207133 , 93.8425 , 0
-0.207575 , 93.8768 , 0
-0.208016 , 93.9111 , 0
-0.208458 , 93.9455 , 0
-0.208899 , 93.9798 , 0
-0.209341 , 94.0141 , 0
-0.209783 , 94.0484 , 0
-0.210224 , 94.0828 , 0
-0.210666 , 94.1171 , 0
-0.211108 , 94.1514 , 0
-0.211549 , 94.1857 , 0
-0.211991 , 94.2201 , 0
-0.212433 , 94.2544 , 0
-0.212874 , 94.2887 , 0
-0.213316 , 94.323 , 0
-0.213757 , 94.3573 , 0
-0.214199 , 94.3917 , 0
-0.214641 , 94.426 , 0
-0.215082 , 94.4603 , 0
-0.215524 , 94.4946 , 0
-0.215966 , 94.529 , 0
-0.216407 , 94.5633 , 0
-0.216849 , 94.5976 , 0
-0.217291 , 94.6319 , 0
-0.217732 , 94.6663 , 0
-0.218174 , 94.7006 , 0
-0.218615 , 94.7349 , 0
-0.219057 , 94.7692 , 0
-0.219499 , 94.8036 , 0
-0.21994 , 94.8379 , 0
-0.220382 , 94.8722 , 0
-0.220824 , 94.9065 , 0
-0.221265 , 94.9409 , 0
-0.221707 , 94.9752 , 0
-0.222148 , 95.0095 , 0
-0.22259 , 95.0438 , 0
-0.223032 , 95.0782 , 0
-0.223473 , 95.1125 , 0
-0.223915 , 95.1468 , 0
-0.224357 , 95.1811 , 0
-0.224798 , 95.2155 , 0
-0.22524 , 95.2498 , 0
-0.225682 , 95.2841 , 0
-0.226123 , 95.3184 , 0
-0.226565 , 95.3528 , 0
-0.227006 , 95.3871 , 0
-0.227448 , 95.4214 , 0
-0.22789 , 95.4557 , 0
-0.228331 , 95.49 , 0
-0.228773 , 95.5244 , 0
-0.229215 , 95.5587 , 0
-0.229656 , 95.593 , 0
-0.230098 , 95.6273 , 0
-0.23054 , 95.6617 , 0
-0.230981 , 95.696 , 0
-0.231423 , 95.7303 , 0
-0.231864 , 95.7646 , 0
-0.232306 , 95.799 , 0
-0.232748 , 95.8333 , 0
-0.233189 , 95.8676 , 0
-0.233631 , 95.9019 , 0
-0.234073 , 95.9363 , 0
-0.234514 , 95.9706 , 0
-0.234956 , 96.0049 , 0
-0.235398 , 96.0392 , 0
-0.235839 , 96.0736 , 0
-0.236281 , 96.1079 , 0
-0.236722 , 96.1422 , 0
-0.237164 , 96.1765 , 0
-0.237606 , 96.2109 , 0
-0.238047 , 96.2452 , 0
-0.238489 , 96.2795 , 0
-0.238931 , 96.3138 , 0
-0.239372 , 96.3482 , 0
-0.239814 , 96.3825 , 0
-0.240255 , 96.4168 , 0
-0.240697 , 96.4511 , 0
-0.241139 , 96.4855 , 0
-0.24158 , 96.5198 , 0
-0.242022 , 96.5541 , 0
-0.242464 , 96.5884 , 0
-0.242905 , 96.6227 , 0
-0.243347 , 96.6571 , 0
-0.243789 , 96.6914 , 0
-0.24423 , 96.7257 , 0
-0.244672 , 96.76 , 0
-0.245113 , 96.7944 , 0
-0.245555 , 96.8287 , 0
-0.245997 , 96.863 , 0
-0.246438 , 96.8973 , 0
-0.24688 , 96.9317 , 0
-0.247322 , 96.966 , 0
-0.247763 , 97.0003 , 0
-0.248205 , 97.0346 , 0
-0.248647 , 97.069 , 0
-0.249088 , 97.1033 , 0
-0.24953 , 97.1376 , 0
-0.249971 , 97.1719 , 0
-0.250413 , 97.2063 , 0
-0.250855 , 97.2406 , 0
-0.251296 , 97.2749 , 0
-0.251738 , 97.3092 , 0
-0.25218 , 97.3436 , 0
-0.252621 , 97.3779 , 0
-0.253063 , 97.4122 , 0
-0.253504 , 97.4465 , 0
-0.253946 , 97.4809 , 0
-0.254388 , 97.5152 , 0
-0.254829 , 97.5495 , 0
-0.255271 , 97.5838 , 0
-0.255713 , 97.6182 , 0
-0.256154 , 97.6525 , 0
-0.256596 , 97.6868 , 0
-0.257038 , 97.7211 , 0
-0.257479 , 97.7554 , 0
-0.257921 , 97.7898 , 0
-0.258362 , 97.8241 , 0
-0.258804 , 97.8584 , 0
-0.259246 , 97.8927 , 0
-0.259687 , 97.9271 , 0
-0.260129 , 97.9614 , 0
-0.260571 , 97.9957 , 0
-0.261012 , 98.03 , 0
-0.261454 , 98.0644 , 0
-0.261896 , 98.0987 , 0
-0.262337 , 98.133 , 0
-0.262779 , 98.1673 , 0
-0.26322 , 98.2017 , 0
-0.263662 , 98.236 , 0
-0.264104 , 98.2703 , 0
-0.264545 , 98.3046 , 0
-0.264987 , 98.339 , 0
-0.265429 , 98.3733 , 0
-0.26587 , 98.4076 , 0
-0.266312 , 98.4419 , 0
-0.266754 , 98.4763 , 0
-0.267195 , 98.5106 , 0
-0.267637 , 98.5449 , 0
-0.268078 , 98.5792 , 0
-0.26852 , 98.6136 , 0
-0.268962 , 98.6479 , 0
-0.269403 , 98.6822 , 0
-0.269845 , 98.7165 , 0
-0.270287 , 98.7509 , 0
-0.270728 , 98.7852 , 0
-0.27117 , 98.8195 , 0
-0.271611 , 98.8538 , 0
-0.272053 , 98.8881 , 0
-0.272495 , 98.9225 , 0
-0.272936 , 98.9568 , 0
-0.273378 , 98.9911 , 0
-0.27382 , 99.0254 , 0
-0.274261 , 99.0598 , 0
-0.274703 , 99.0941 , 0
-0.275145 , 99.1284 , 0
-0.275586 , 99.1627 , 0
-0.276028 , 99.1971 , 0
-0.276469 , 99.2314 , 0
-0.276911 , 99.2657 , 0
-0.277353 , 99.3 , 0
-0.277794 , 99.3344 , 0
-0.278236 , 99.3687 , 0
-0.278678 , 99.403 , 0
-0.279119 , 99.4373 , 0
-0.279561 , 99.4717 , 0
-0.280003 , 99.506 , 0
-0.280444 , 99.5403 , 0
-0.280886 , 99.5746 , 0
-0.281327 , 99.609 , 0
-0.281769 , 99.6433 , 0
-0.282211 , 99.6776 , 0
-0.282652 , 99.7119 , 0
-0.283094 , 99.7463 , 0
-0.283536 , 99.7806 , 0
-0.283977 , 99.8149 , 0
-0.284419 , 99.8492 , 0
-0.284861 , 99.8836 , 0
-0.285302 , 99.9179 , 0
-0.285744 , 99.9522 , 0
-0.286185 , 99.9865 , 0
-0.286627 , 100.021 , 0
-0.287069 , 100.055 , 0
-0.28751 , 100.089 , 0
-0.287952 , 100.124 , 0
-0.288394 , 100.158 , 0
-0.288835 , 100.192 , 0
-0.289277 , 100.227 , 0
-0.289718 , 100.261 , 0
-0.29016 , 100.295 , 0
-0.290602 , 100.33 , 0
-0.291043 , 100.364 , 0
-0.291485 , 100.398 , 0
-0.291927 , 100.433 , 0
-0.292368 , 100.467 , 0
-0.29281 , 100.501 , 0
-0.293252 , 100.536 , 0
-0.293693 , 100.57 , 0
-0.294135 , 100.604 , 0
-0.294576 , 100.639 , 0
-0.295018 , 100.673 , 0
-0.29546 , 100.707 , 0
-0.295901 , 100.742 , 0
-0.296343 , 100.776 , 0
-0.296785 , 100.81 , 0
-0.297226 , 100.845 , 0
-0.297668 , 100.879 , 0
-0.29811 , 100.913 , 0
-0.298551 , 100.948 , 0
-0.298993 , 100.982 , 0
-0.299434 , 101.016 , 0
-0.299876 , 101.051 , 0
-0.300318 , 101.085 , 0
-0.300759 , 101.119 , 0
-0.301201 , 101.154 , 0
-0.301643 , 101.188 , 0
-0.302084 , 101.222 , 0
-0.302526 , 101.257 , 0
-0.302967 , 101.291 , 0
-0.303409 , 101.325 , 0
-0.303851 , 101.359 , 0
-0.304292 , 101.394 , 0
-0.304734 , 101.428 , 0
-0.305176 , 101.462 , 0
-0.305617 , 101.497 , 0
-0.306059 , 101.531 , 0
-0.306501 , 101.565 , 0
-0.306942 , 101.6 , 0
-0.307384 , 101.634 , 0
-0.307825 , 101.668 , 0
-0.308267 , 101.703 , 0
-0.308709 , 101.737 , 0
-0.30915 , 101.771 , 0
-0.309592 , 101.806 , 0
-0.310034 , 101.84 , 0
-0.310475 , 101.874 , 0
-0.310917 , 101.909 , 0
-0.311359 , 101.943 , 0
-0.3118 , 101.977 , 0
-0.312242 , 102.012 , 0
-0.312683 , 102.046 , 0
-0.313125 , 102.08 , 0
-0.313567 , 102.115 , 0
-0.314008 , 102.149 , 0
-0.31445 , 102.183 , 0
-0.314892 , 102.218 , 0
-0.315333 , 102.252 , 0
-0.315775 , 102.286 , 0
-0.316217 , 102.321 , 0
-0.316658 , 102.355 , 0
-0.3171 , 102.389 , 0
-0.317541 , 102.424 , 0
-0.317983 , 102.458 , 0
-0.318425 , 102.492 , 0
-0.318866 , 102.527 , 0
-0.319308 , 102.561 , 0
-0.31975 , 102.595 , 0
-0.320191 , 102.629 , 0
-0.320633 , 102.664 , 0
-0.321074 , 102.698 , 0
-0.321516 , 102.732 , 0
-0.321958 , 102.767 , 0
-0.322399 , 102.801 , 0
-0.322841 , 102.835 , 0
-0.323283 , 102.87 , 0
-0.323724 , 102.904 , 0
-0.324166 , 102.938 , 0
-0.324608 , 102.973 , 0
-0.325049 , 103.007 , 0
-0.325491 , 103.041 , 0
-0.325932 , 103.076 , 0
-0.326374 , 103.11 , 0
-0.326816 , 103.144 , 0
-0.327257 , 103.179 , 0
-0.327699 , 103.213 , 0
-0.328141 , 103.247 , 0
-0.328582 , 103.282 , 0
-0.329024 , 103.316 , 0
-0.329466 , 103.35 , 0
-0.329907 , 103.385 , 0
-0.330349 , 103.419 , 0
-0.33079 , 103.453 , 0
-0.331232 , 103.488 , 0
-0.331674 , 103.522 , 0
-0.332115 , 103.556 , 0
-0.332557 , 103.591 , 0
-0.332999 , 103.625 , 0
-0.33344 , 103.659 , 0
-0.333882 , 103.694 , 0
-0.334324 , 103.728 , 0
-0.334765 , 103.762 , 0
-0.335207 , 103.797 , 0
-0.335648 , 103.831 , 0
-0.33609 , 103.865 , 0
-0.336532 , 103.899 , 0
-0.336973 , 103.934 , 0
-0.337415 , 103.968 , 0
-0.337857 , 104.002 , 0
-0.338298 , 104.037 , 0
-0.33874 , 104.071 , 0
-0.339181 , 104.105 , 0
-0.339623 , 104.14 , 0
-0.340065 , 104.174 , 0
-0.340506 , 104.208 , 0
-0.340948 , 104.243 , 0
-0.34139 , 104.277 , 0
-0.341831 , 104.311 , 0
-0.342273 , 104.346 , 0
-0.342715 , 104.38 , 0
-0.343156 , 104.414 , 0
-0.343598 , 104.449 , 0
-0.344039 , 104.483 , 0
-0.344481 , 104.517 , 0
-0.344923 , 104.552 , 0
-0.345364 , 104.586 , 0
-0.345806 , 104.62 , 0
-0.346248 , 104.655 , 0
-0.346689 , 104.689 , 0
-0.347131 , 104.723 , 0
-0.347573 , 104.758 , 0
-0.348014 , 104.792 , 0
-0.348456 , 104.826 , 0
-0.348897 , 104.861 , 0
-0.349339 , 104.895 , 0
-0.349781 , 104.929 , 0
-0.350222 , 104.964 , 0
-0.350664 , 104.998 , 0
-0.351106 , 105.032 , 0
-0.351547 , 105.067 , 0
-0.351989 , 105.101 , 0
-0.35243 , 105.135 , 0
-0.352872 , 105.169 , 0
-0.353314 , 105.204 , 0
-0.353755 , 105.238 , 0
-0.354197 , 105.272 , 0
-0.354639 , 105.307 , 0
-0.35508 , 105.341 , 0
-0.355522 , 105.375 , 0
-0.355964 , 105.41 , 0
-0.356405 , 105.444 , 0
-0.356847 , 105.478 , 0
-0.357288 , 105.513 , 0
-0.35773 , 105.547 , 0
-0.358172 , 105.581 , 0
-0.358613 , 105.616 , 0
-0.359055 , 105.65 , 0
-0.359497 , 105.684 , 0
-0.359938 , 105.719 , 0
-0.36038 , 105.753 , 0
-0.360822 , 105.787 , 0
-0.361263 , 105.822 , 0
-0.361705 , 105.856 , 0
-0.362146 , 105.89 , 0
-0.362588 , 105.925 , 0
-0.36303 , 105.959 , 0
-0.363471 , 105.993 , 0
-0.363913 , 106.028 , 0
-0.364355 , 106.062 , 0
-0.364796 , 106.096 , 0
-0.365238 , 106.131 , 0
-0.36568 , 106.165 , 0
-0.366121 , 106.199 , 0
-0.366563 , 106.234 , 0
-0.367004 , 106.268 , 0
-0.367446 , 106.302 , 0
-0.367888 , 106.337 , 0
-0.368329 , 106.371 , 0
-0.368771 , 106.405 , 0
-0.369213 , 106.439 , 0
-0.369654 , 106.474 , 0
-0.370096 , 106.508 , 0
-0.370537 , 106.542 , 0
-0.370979 , 106.577 , 0
-0.371421 , 106.611 , 0
-0.371862 , 106.645 , 0
-0.372304 , 106.68 , 0
-0.372746 , 106.714 , 0
-0.373187 , 106.748 , 0
-0.373629 , 106.783 , 0
-0.374071 , 106.817 , 0
-0.374512 , 106.851 , 0
-0.374954 , 106.886 , 0
-0.375395 , 106.92 , 0
-0.375837 , 106.954 , 0
-0.376279 , 106.989 , 0
-0.37672 , 107.023 , 0
-0.377162 , 107.057 , 0
-0.377604 , 107.092 , 0
-0.378045 , 107.126 , 0
-0.378487 , 107.16 , 0
-0.378929 , 107.195 , 0
-0.37937 , 107.229 , 0
-0.379812 , 107.263 , 0
-0.380253 , 107.298 , 0
-0.380695 , 107.332 , 0
-0.381137 , 107.366 , 0
-0.381578 , 107.401 , 0
-0.38202 , 107.435 , 0
-0.382462 , 107.469 , 0
-0.382903 , 107.504 , 0
-0.383345 , 107.538 , 0
-0.383787 , 107.572 , 0
-0.384228 , 107.607 , 0
-0.38467 , 107.641 , 0
-0.385111 , 107.675 , 0
-0.385553 , 107.709 , 0
-0.385995 , 107.744 , 0
-0.386436 , 107.778 , 0
-0.386878 , 107.812 , 0
-0.38732 , 107.847 , 0
-0.387761 , 107.881 , 0
-0.388203 , 107.915 , 0
-0.388644 , 107.95 , 0
-0.389086 , 107.984 , 0
-0.389528 , 108.018 , 0
-0.389969 , 108.053 , 0
-0.390411 , 108.087 , 0
-0.390853 , 108.121 , 0
-0.391294 , 108.156 , 0
-0.391736 , 108.19 , 0
-0.392178 , 108.224 , 0
-0.392619 , 108.259 , 0
-0.393061 , 108.293 , 0
-0.393502 , 108.327 , 0
-0.393944 , 108.362 , 0
-0.394386 , 108.396 , 0
-0.394827 , 108.43 , 0
-0.395269 , 108.465 , 0
-0.395711 , 108.499 , 0
-0.396152 , 108.533 , 0
-0.396594 , 108.568 , 0
-0.397036 , 108.602 , 0
-0.397477 , 108.636 , 0
-0.397919 , 108.671 , 0
-0.39836 , 108.705 , 0
-0.398802 , 108.739 , 0
-0.399244 , 108.774 , 0
-0.399685 , 108.808 , 0
-0.400127 , 108.842 , 0
-0.400569 , 108.877 , 0
-0.40101 , 108.911 , 0
-0.401452 , 108.945 , 0
-0.401894 , 108.979 , 0
-0.402335 , 109.014 , 0
-0.402777 , 109.048 , 0
-0.403218 , 109.082 , 0
-0.40366 , 109.117 , 0
-0.404102 , 109.151 , 0
-0.404543 , 109.185 , 0
-0.404985 , 109.22 , 0
-0.405427 , 109.254 , 0
-0.405868 , 109.288 , 0
-0.40631 , 109.323 , 0
-0.406751 , 109.357 , 0
-0.407193 , 109.391 , 0
-0.407635 , 109.426 , 0
-0.408076 , 109.46 , 0
-0.408518 , 109.494 , 0
-0.40896 , 109.529 , 0
-0.409401 , 109.563 , 0
-0.409843 , 109.597 , 0
-0.410285 , 109.632 , 0
-0.410726 , 109.666 , 0
-0.411168 , 109.7 , 0
-0.411609 , 109.735 , 0
-0.412051 , 109.769 , 0
-0.412493 , 109.803 , 0
-0.412934 , 109.838 , 0
-0.413376 , 109.872 , 0
-0.413818 , 109.906 , 0
-0.414259 , 109.941 , 0
-0.414701 , 109.975 , 0
-0.415143 , 110.009 , 0
-0.415584 , 110.044 , 0
-0.416026 , 110.078 , 0
-0.416467 , 110.112 , 0
-0.416909 , 110.146 , 0
-0.417351 , 110.181 , 0
-0.417792 , 110.215 , 0
-0.418234 , 110.249 , 0
-0.418676 , 110.284 , 0
-0.419117 , 110.318 , 0
-0.419559 , 110.352 , 0
-0.42 , 110.387 , 0
-0.420442 , 110.421 , 0
-0.420884 , 110.455 , 0
-0.421325 , 110.49 , 0
-0.421767 , 110.524 , 0
-0.422209 , 110.558 , 0
-0.42265 , 110.593 , 0
-0.423092 , 110.627 , 0
-0.423534 , 110.661 , 0
-0.423975 , 110.696 , 0
-0.424417 , 110.73 , 0
-0.424858 , 110.764 , 0
-0.4253 , 110.799 , 0
-0.425742 , 110.833 , 0
-0.426183 , 110.867 , 0
-0.426625 , 110.902 , 0
-0.427067 , 110.936 , 0
-0.427508 , 110.97 , 0
-0.42795 , 111.005 , 0
-0.428392 , 111.039 , 0
-0.428833 , 111.073 , 0
-0.429275 , 111.108 , 0
-0.429716 , 111.142 , 0
-0.430158 , 111.176 , 0
-0.4306 , 111.211 , 0
-0.431041 , 111.245 , 0
-0.431483 , 111.279 , 0
-0.431925 , 111.314 , 0
-0.432366 , 111.348 , 0
-0.432808 , 111.382 , 0
-0.43325 , 111.416 , 0
-0.433691 , 111.451 , 0
-0.434133 , 111.485 , 0
-0.434574 , 111.519 , 0
-0.435016 , 111.554 , 0
-0.435458 , 111.588 , 0
-0.435899 , 111.622 , 0
-0.436341 , 111.657 , 0
-0.436783 , 111.691 , 0
-0.437224 , 111.725 , 0
-0.437666 , 111.76 , 0
-0.438107 , 111.794 , 0
-0.438549 , 111.828 , 0
-0.438991 , 111.863 , 0
-0.439432 , 111.897 , 0
-0.439874 , 111.931 , 0
-0.440316 , 111.966 , 0
-0.440757 , 112 , 0
-0.441199 , 112.034 , 0
-0.441641 , 112.069 , 0
-0.442082 , 112.103 , 0
-0.442524 , 112.137 , 0
-0.442965 , 112.172 , 0
-0.443407 , 112.206 , 0
-0.443849 , 112.24 , 0
-0.44429 , 112.275 , 0
-0.444732 , 112.309 , 0
-0.445174 , 112.343 , 0
-0.445615 , 112.378 , 0
-0.446057 , 112.412 , 0
-0.446499 , 112.446 , 0
-0.44694 , 112.481 , 0
-0.447382 , 112.515 , 0
-0.447823 , 112.549 , 0
-0.448265 , 112.584 , 0
-0.448707 , 112.618 , 0
-0.449148 , 112.652 , 0
-0.44959 , 112.686 , 0
-0.450032 , 112.721 , 0
-0.450473 , 112.755 , 0
-0.450915 , 112.789 , 0
-0.451357 , 112.824 , 0
-0.451798 , 112.858 , 0
-0.45224 , 112.892 , 0
-0.452681 , 112.927 , 0
-0.453123 , 112.961 , 0
-0.453565 , 112.995 , 0
-0.454006 , 113.03 , 0
-0.454448 , 113.064 , 0
-0.45489 , 113.098 , 0
-0.455331 , 113.133 , 0
-0.455773 , 113.167 , 0
-0.456214 , 113.201 , 0
-0.456656 , 113.236 , 0
-0.457098 , 113.27 , 0
-0.457539 , 113.304 , 0
-0.457981 , 113.339 , 0
-0.458423 , 113.373 , 0
-0.458864 , 113.407 , 0
-0.459306 , 113.442 , 0
-0.459748 , 113.476 , 0
-0.460189 , 113.51 , 0
-0.460631 , 113.545 , 0
-0.461072 , 113.579 , 0
-0.461514 , 113.613 , 0
-0.461956 , 113.648 , 0
-0.462397 , 113.682 , 0
-0.462839 , 113.716 , 0
-0.463281 , 113.751 , 0
-0.463722 , 113.785 , 0
-0.464164 , 113.819 , 0
-0.464606 , 113.854 , 0
-0.465047 , 113.888 , 0
-0.465489 , 113.922 , 0
-0.46593 , 113.956 , 0
-0.466372 , 113.991 , 0
-0.466814 , 114.025 , 0
-0.467255 , 114.059 , 0
-0.467697 , 114.094 , 0
-0.468139 , 114.128 , 0
-0.46858 , 114.162 , 0
-0.469022 , 114.197 , 0
-0.469463 , 114.231 , 0
-0.469905 , 114.265 , 0
-0.470347 , 114.3 , 0
-0.470788 , 114.334 , 0
-0.47123 , 114.368 , 0
-0.471672 , 114.403 , 0
-0.472113 , 114.437 , 0
-0.472555 , 114.471 , 0
-0.472997 , 114.506 , 0
-0.473438 , 114.54 , 0
-0.47388 , 114.574 , 0
-0.474321 , 114.609 , 0
-0.474763 , 114.643 , 0
-0.475205 , 114.677 , 0
-0.475646 , 114.712 , 0
-0.476088 , 114.746 , 0
-0.47653 , 114.78 , 0
-0.476971 , 114.815 , 0
-0.477413 , 114.849 , 0
-0.477855 , 114.883 , 0
-0.478296 , 114.918 , 0
-0.478738 , 114.952 , 0
-0.479179 , 114.986 , 0
-0.479621 , 115.021 , 0
-0.480063 , 115.055 , 0
-0.480504 , 115.089 , 0
-0.480946 , 115.124 , 0
-0.481388 , 115.158 , 0
-0.481829 , 115.192 , 0
-0.482271 , 115.226 , 0
-0.482713 , 115.261 , 0
-0.483154 , 115.295 , 0
-0.483596 , 115.329 , 0
-0.484037 , 115.364 , 0
-0.484479 , 115.398 , 0
-0.484921 , 115.432 , 0
-0.485362 , 115.467 , 0
-0.485804 , 115.501 , 0
-0.486246 , 115.535 , 0
-0.486687 , 115.57 , 0
-0.487129 , 115.604 , 0
-0.48757 , 115.638 , 0
-0.488012 , 115.673 , 0
-0.488454 , 115.707 , 0
-0.488895 , 115.741 , 0
-0.489337 , 115.776 , 0
-0.489779 , 115.81 , 0
-0.49022 , 115.844 , 0
-0.490662 , 115.879 , 0
-0.491104 , 115.913 , 0
-0.491545 , 115.947 , 0
-0.491987 , 115.982 , 0
-0.492428 , 116.016 , 0
-0.49287 , 116.05 , 0
-0.493312 , 116.085 , 0
-0.493753 , 116.119 , 0
-0.494195 , 116.153 , 0
-0.494637 , 116.188 , 0
-0.495078 , 116.222 , 0
-0.49552 , 116.256 , 0
-0.495962 , 116.291 , 0
-0.496403 , 116.325 , 0
-0.496845 , 116.359 , 0
-0.497286 , 116.394 , 0
-0.497728 , 116.428 , 0
-0.49817 , 116.462 , 0
-0.498611 , 116.496 , 0
-0.499053 , 116.531 , 0
-0.499495 , 116.565 , 0
-0.499936 , 116.599 , 0
-0.500378 , 116.634 , 0
-0.50082 , 116.668 , 0
-0.501261 , 116.702 , 0
-0.501703 , 116.737 , 0
-0.502144 , 116.771 , 0
-0.502586 , 116.805 , 0
-0.503028 , 116.84 , 0
-0.503469 , 116.874 , 0
-0.503911 , 116.908 , 0
-0.504353 , 116.943 , 0
-0.504794 , 116.977 , 0
-0.505236 , 117.011 , 0
-0.505677 , 117.046 , 0
-0.506119 , 117.08 , 0
-0.506561 , 117.114 , 0
-0.507002 , 117.149 , 0
-0.507444 , 117.183 , 0
-0.507886 , 117.217 , 0
-0.508327 , 117.252 , 0
-0.508769 , 117.286 , 0
-0.509211 , 117.32 , 0
-0.509652 , 117.355 , 0
-0.510094 , 117.389 , 0
-0.510535 , 117.423 , 0
-0.510977 , 117.458 , 0
-0.511419 , 117.492 , 0
-0.51186 , 117.526 , 0
-0.512302 , 117.561 , 0
-0.512744 , 117.595 , 0
-0.513185 , 117.629 , 0
-0.513627 , 117.664 , 0
-0.514069 , 117.698 , 0
-0.51451 , 117.732 , 0
-0.514952 , 117.766 , 0
-0.515393 , 117.801 , 0
-0.515835 , 117.835 , 0
-0.516277 , 117.869 , 0
-0.516718 , 117.904 , 0
-0.51716 , 117.938 , 0
-0.517602 , 117.972 , 0
-0.518043 , 118.007 , 0
-0.518485 , 118.041 , 0
-0.518926 , 118.075 , 0
-0.519368 , 118.11 , 0
-0.51981 , 118.144 , 0
-0.520251 , 118.178 , 0
-0.520693 , 118.213 , 0
-0.521135 , 118.247 , 0
-0.521576 , 118.281 , 0
-0.522018 , 118.316 , 0
-0.52246 , 118.35 , 0
-0.522901 , 118.384 , 0
-0.523343 , 118.419 , 0
-0.523784 , 118.453 , 0
-0.524226 , 118.487 , 0
-0.524668 , 118.522 , 0
-0.525109 , 118.556 , 0
-0.525551 , 118.59 , 0
-0.525993 , 118.625 , 0
-0.526434 , 118.659 , 0
-0.526876 , 118.693 , 0
-0.527318 , 118.728 , 0
-0.527759 , 118.762 , 0
-0.528201 , 118.796 , 0
-0.528642 , 118.831 , 0
-0.529084 , 118.865 , 0
-0.529526 , 118.899 , 0
-0.529967 , 118.934 , 0
-0.530409 , 118.968 , 0
-0.530851 , 119.002 , 0
-0.531292 , 119.036 , 0
-0.531734 , 119.071 , 0
-0.532176 , 119.105 , 0
-0.532617 , 119.139 , 0
-0.533059 , 119.174 , 0
-0.5335 , 119.208 , 0
-0.533942 , 119.242 , 0
-0.534384 , 119.277 , 0
-0.534825 , 119.311 , 0
-0.535267 , 119.345 , 0
-0.535709 , 119.38 , 0
-0.53615 , 119.414 , 0
-0.536592 , 119.448 , 0
-0.537033 , 119.483 , 0
-0.537475 , 119.517 , 0
-0.537917 , 119.551 , 0
-0.538358 , 119.586 , 0
-0.5388 , 119.62 , 0
-0.539242 , 119.654 , 0
-0.539683 , 119.689 , 0
-0.540125 , 119.723 , 0
-0.540567 , 119.757 , 0
-0.541008 , 119.792 , 0
-0.54145 , 119.826 , 0
-0.541891 , 119.86 , 0
-0.542333 , 119.895 , 0
-0.542775 , 119.929 , 0
-0.543216 , 119.963 , 0
-0.543658 , 119.998 , 0
-0.5441 , 120.032 , 0
-0.544541 , 120.066 , 0
-0.544983 , 120.101 , 0
-0.545425 , 120.135 , 0
-0.545866 , 120.169 , 0
-0.546308 , 120.204 , 0
-0.546749 , 120.238 , 0
-0.547191 , 120.272 , 0
-0.547633 , 120.306 , 0
-0.548074 , 120.341 , 0
-0.548516 , 120.375 , 0
-0.548958 , 120.409 , 0
-0.549399 , 120.444 , 0
-0.549841 , 120.478 , 0
-0.550283 , 120.512 , 0
-0.550724 , 120.547 , 0
-0.551166 , 120.581 , 0
-0.551607 , 120.615 , 0
-0.552049 , 120.65 , 0
-0.552491 , 120.684 , 0
-0.552932 , 120.718 , 0
-0.553374 , 120.753 , 0
-0.553816 , 120.787 , 0
-0.554257 , 120.821 , 0
-0.554699 , 120.856 , 0
-0.55514 , 120.89 , 0
-0.555582 , 120.924 , 0
-0.556024 , 120.959 , 0
-0.556465 , 120.993 , 0
-0.556907 , 121.027 , 0
-0.557349 , 121.062 , 0
-0.55779 , 121.096 , 0
-0.558232 , 121.13 , 0
-0.558674 , 121.165 , 0
-0.559115 , 121.199 , 0
-0.559557 , 121.233 , 0
-0.559998 , 121.268 , 0
-0.56044 , 121.302 , 0
-0.560882 , 121.336 , 0
-0.561323 , 121.371 , 0
-0.561765 , 121.405 , 0
-0.562207 , 121.439 , 0
-0.562648 , 121.473 , 0
-0.56309 , 121.508 , 0
-0.563532 , 121.542 , 0
-0.563973 , 121.576 , 0
-0.564415 , 121.611 , 0
-0.564856 , 121.645 , 0
-0.565298 , 121.679 , 0
-0.56574 , 121.714 , 0
-0.566181 , 121.748 , 0
-0.566623 , 121.782 , 0
-0.567065 , 121.817 , 0
-0.567506 , 121.851 , 0
-0.567948 , 121.885 , 0
-0.568389 , 121.92 , 0
-0.568831 , 121.954 , 0
-0.569273 , 121.988 , 0
-0.569714 , 122.023 , 0
-0.570156 , 122.057 , 0
-0.570598 , 122.091 , 0
-0.571039 , 122.126 , 0
-0.571481 , 122.16 , 0
-0.571923 , 122.194 , 0
-0.572364 , 122.229 , 0
-0.572806 , 122.263 , 0
-0.573247 , 122.297 , 0
-0.573689 , 122.332 , 0
-0.574131 , 122.366 , 0
-0.574572 , 122.4 , 0
-0.575014 , 122.435 , 0
-0.575456 , 122.469 , 0
-0.575897 , 122.503 , 0
-0.576339 , 122.538 , 0
-0.576781 , 122.572 , 0
-0.577222 , 122.606 , 0
-0.577664 , 122.641 , 0
-0.578105 , 122.675 , 0
-0.578547 , 122.709 , 0
-0.578989 , 122.743 , 0
-0.57943 , 122.778 , 0
-0.579872 , 122.812 , 0
-0.580314 , 122.846 , 0
-0.580755 , 122.881 , 0
-0.581197 , 122.915 , 0
-0.581639 , 122.949 , 0
-0.58208 , 122.984 , 0
-0.582522 , 123.018 , 0
-0.582963 , 123.052 , 0
-0.583405 , 123.087 , 0
-0.583847 , 123.121 , 0
-0.584288 , 123.155 , 0
-0.58473 , 123.19 , 0
-0.585172 , 123.224 , 0
-0.585613 , 123.258 , 0
-0.586055 , 123.293 , 0
-0.586496 , 123.327 , 0
-0.586938 , 123.361 , 0
-0.58738 , 123.396 , 0
-0.587821 , 123.43 , 0
-0.588263 , 123.464 , 0
-0.588705 , 123.499 , 0
-0.589146 , 123.533 , 0
-0.589588 , 123.567 , 0
-0.59003 , 123.602 , 0
-0.590471 , 123.636 , 0
-0.590913 , 123.67 , 0
-0.591354 , 123.705 , 0
-0.591796 , 123.739 , 0
-0.592238 , 123.773 , 0
-0.592679 , 123.808 , 0
-0.593121 , 123.842 , 0
-0.593563 , 123.876 , 0
-0.594004 , 123.911 , 0
-0.594446 , 123.945 , 0
-0.594888 , 123.979 , 0
-0.595329 , 124.013 , 0
-0.595771 , 124.048 , 0
-0.596212 , 124.082 , 0
-0.596654 , 124.116 , 0
-0.597096 , 124.151 , 0
-0.597537 , 124.185 , 0
-0.597979 , 124.219 , 0
-0.598421 , 124.254 , 0
-0.598862 , 124.288 , 0
-0.599304 , 124.322 , 0
-0.599746 , 124.357 , 0
-0.600187 , 124.391 , 0
-0.600629 , 124.425 , 0
-0.60107 , 124.46 , 0
-0.601512 , 124.494 , 0
-0.601954 , 124.528 , 0
-0.602395 , 124.563 , 0
-0.602837 , 124.597 , 0
-0.603279 , 124.631 , 0
-0.60372 , 124.666 , 0
-0.604162 , 124.7 , 0
-0.604603 , 124.734 , 0
-0.605045 , 124.769 , 0
-0.605487 , 124.803 , 0
-0.605928 , 124.837 , 0
-0.60637 , 124.872 , 0
-0.606812 , 124.906 , 0
-0.607253 , 124.94 , 0
-0.607695 , 124.975 , 0
-0.608137 , 125.009 , 0
-0.608578 , 125.043 , 0
-0.60902 , 125.078 , 0
-0.609461 , 125.112 , 0
-0.609903 , 125.146 , 0
-0.610345 , 125.181 , 0
-0.610786 , 125.215 , 0
-0.611228 , 125.249 , 0
-0.61167 , 125.283 , 0
-0.612111 , 125.318 , 0
-0.612553 , 125.352 , 0
-0.612995 , 125.386 , 0
-0.613436 , 125.421 , 0
-0.613878 , 125.455 , 0
-0.614319 , 125.489 , 0
-0.614761 , 125.524 , 0
-0.615203 , 125.558 , 0
-0.615644 , 125.592 , 0
