x , y , z
1 , 0 , 0
0.999411 , 0.0343343 , 0
0.997643 , 0.0686282 , 0
0.994698 , 0.102841 , 0
0.99058 , 0.136933 , 0
0.985294 , 0.170863 , 0
0.978846 , 0.204591 , 0
0.971243 , 0.238079 , 0
0.962495 , 0.271285 , 0
0.952612 , 0.304172 , 0
0.941606 , 0.3367 , 0
0.929488 , 0.36883 , 0
0.916275 , 0.400526 , 0
0.901981 , 0.431749 , 0
0.886623 , 0.462463 , 0
0.87022 , 0.492632 , 0
0.85279 , 0.522219 , 0
0.834354 , 0.551191 , 0
0.814934 , 0.579512 , 0
0.794553 , 0.60715 , 0
0.773235 , 0.634072 , 0
0.751005 , 0.660246 , 0
0.727889 , 0.685641 , 0
0.703914 , 0.710228 , 0
0.679109 , 0.733976 , 0
0.653503 , 0.756859 , 0
0.627127 , 0.778849 , 0
0.60001 , 0.799921 , 0
0.572186 , 0.820048 , 0
0.543687 , 0.839209 , 0
0.514547 , 0.857379 , 0
0.484799 , 0.874538 , 0
0.45448 , 0.890666 , 0
0.423625 , 0.905742 , 0
0.39227 , 0.91975 , 0
0.360452 , 0.932673 , 0
0.328209 , 0.944496 , 0
0.295579 , 0.955204 , 0
0.2626 , 0.964786 , 0
0.229311 , 0.973229 , 0
0.195751 , 0.980524 , 0
0.161961 , 0.986662 , 0
0.12798 , 0.991636 , 0
0.0938477 , 0.99544 , 0
0.0596047 , 0.998069 , 0
0.0252914 , 0.999521 , 0
-0.0090517 , 0.999793 , 0
-0.0433841 , 0.998886 , 0
-0.0776653 , 0.9968 , 0
-0.111855 , 0.993537 , 0
-0.145912 , 0.989103 , 0
-0.179798 , 0.9835 , 0
-0.213471 , 0.976738 , 0
-0.246892 , 0.968822 , 0
-0.280022 , 0.959763 , 0
-0.312821 , 0.949572 , 0
-0.345251 , 0.93826 , 0
-0.377274 , 0.92584 , 0
-0.408851 , 0.912328 , 0
-0.439946 , 0.897739 , 0
-0.470521 , 0.88209 , 0
-0.500541 , 0.8654 , 0
-0.52997 , 0.847689 , 0
-0.558774 , 0.828977 , 0
-0.586918 , 0.809286 , 0
-0.614369 , 0.78864 , 0
-0.641095 , 0.767063 , 0
-0.667064 , 0.744581 , 0
-0.692245 , 0.72122 , 0
-0.716609 , 0.697007 , 0
-0.740128 , 0.671971 , 0
-0.762772 , 0.646142 , 0
-0.784516 , 0.619551 , 0
-0.805334 , 0.592228 , 0
-0.825201 , 0.564205 , 0
-0.844093 , 0.535517 , 0
-0.861989 , 0.506196 , 0
-0.878867 , 0.476277 , 0
-0.894708 , 0.445796 , 0
-0.909492 , 0.414789 , 0
-0.923202 , 0.383292 , 0
-0.935822 , 0.351342 , 0
-0.947336 , 0.318978 , 0
-0.957733 , 0.286237 , 0
-0.966998 , 0.253158 , 0
-0.975121 , 0.219779 , 0
-0.982093 , 0.186142 , 0
-0.987905 , 0.152284 , 0
-0.99255 , 0.118247 , 0
-0.996024 , 0.0840702 , 0
-0.99832 , 0.049794 , 0
-0.999438 , 0.015459 , 0
-0.999376 , -0.0188943 , 0
-0.998133 , -0.0532252 , 0
-0.995712 , -0.0874933 , 0
-0.992115 , -0.121658 , 0
-0.987346 , -0.155679 , 0
-0.98141 , -0.189516 , 0
-0.974316 , -0.22313 , 0
-0.966071 , -0.256479 , 0
-0.956685 , -0.289526 , 0
-0.946169 , -0.322231 , 0
-0.934536 , -0.354556 , 0
-0.921799 , -0.386461 , 0
-0.907973 , -0.417911 , 0
-0.893074 , -0.448866 , 0
-0.877121 , -0.479292 , 0
-0.860132 , -0.509151 , 0
-0.842128 , -0.538409 , 0
-0.823128 , -0.567031 , 0
-0.803156 , -0.594984 , 0
-0.782236 , -0.622233 , 0
-0.760392 , -0.648748 , 0
-0.73765 , -0.674497 , 0
-0.714036 , -0.699449 , 0
-0.689579 , -0.723574 , 0
-0.664308 , -0.746846 , 0
-0.638252 , -0.769235 , 0
-0.611443 , -0.790716 , 0
-0.583911 , -0.811263 , 0
-0.55569 , -0.830852 , 0
-0.526812 , -0.849459 , 0
-0.497312 , -0.867064 , 0
-0.467225 , -0.883644 , 0
-0.436586 , -0.899181 , 0
-0.405432 , -0.913656 , 0
-0.373798 , -0.927052 , 0
-0.341724 , -0.939353 , 0
-0.309245 , -0.950545 , 0
-0.276402 , -0.960614 , 0
-0.243232 , -0.969549 , 0
-0.209775 , -0.977339 , 0
-0.17607 , -0.983976 , 0
-0.142157 , -0.98945 , 0
-0.108076 , -0.993756 , 0
-0.0738682 , -0.996888 , 0
-0.0395727 , -0.998843 , 0
-0.00523044 , -0.999619 , 0
0.029118 , -0.999215 , 0
0.0634321 , -0.997631 , 0
0.0976713 , -0.994869 , 0
0.131795 , -0.990933 , 0
0.165763 , -0.985826 , 0
0.199536 , -0.979556 , 0
0.233073 , -0.972129 , 0
0.266335 , -0.963555 , 0
0.299283 , -0.953843 , 0
0.331877 , -0.943005 , 0
0.364079 , -0.931054 , 0
0.395852 , -0.918004 , 0
0.427158 , -0.90387 , 0
0.457959 , -0.888669 , 0
0.48822 , -0.87242 , 0
0.517904 , -0.85514 , 0
0.546978 , -0.836851 , 0
0.575405 , -0.817575 , 0
0.603154 , -0.797333 , 0
0.63019 , -0.776151 , 0
0.656483 , -0.754052 , 0
0.682002 , -0.731064 , 0
0.706715 , -0.707212 , 0
0.730594 , -0.682527 , 0
0.753612 , -0.657035 , 0
0.77574 , -0.630769 , 0
0.796952 , -0.603757 , 0
0.817224 , -0.576034 , 0
0.836532 , -0.547631 , 0
0.854853 , -0.518581 , 0
0.872165 , -0.48892 , 0
0.888448 , -0.458682 , 0
0.903683 , -0.427902 , 0
0.917852 , -0.396618 , 0
0.930937 , -0.364865 , 0
0.942925 , -0.332683 , 0
0.9538 , -0.300107 , 0
0.96355 , -0.267178 , 0
0.972163 , -0.233933 , 0
0.979629 , -0.200413 , 0
0.985939 , -0.166656 , 0
0.991087 , -0.132702 , 0
0.995065 , -0.0985919 , 0
0.99787 , -0.0643654 , 0
0.999497 , -0.0300629 , 0
0.999946 , 0.00427507 , 0
0.999215 , 0.038608 , 0
0.997305 , 0.0728954 , 0
0.99422 , 0.107097 , 0
0.989961 , 0.141172 , 0
0.984535 , 0.175081 , 0
0.977948 , 0.208783 , 0
0.970207 , 0.242239 , 0
0.961322 , 0.275409 , 0
0.951303 , 0.308254 , 0
0.940162 , 0.340736 , 0
0.927912 , 0.372816 , 0
0.914569 , 0.404457 , 0
0.900146 , 0.43562 , 0
0.884662 , 0.46627 , 0
0.868135 , 0.496369 , 0
0.850583 , 0.525884 , 0
0.832029 , 0.554778 , 0
0.812494 , 0.583018 , 0
0.792 , 0.610571 , 0
0.770572 , 0.637403 , 0
0.748236 , 0.663484 , 0
0.725017 , 0.688782 , 0
0.700944 , 0.713268 , 0
0.676044 , 0.736913 , 0
0.650346 , 0.759689 , 0
0.623882 , 0.781569 , 0
0.596682 , 0.802528 , 0
0.568778 , 0.82254 , 0
0.540204 , 0.841582 , 0
0.510992 , 0.859631 , 0
0.481178 , 0.876667 , 0
0.450797 , 0.892669 , 0
0.419884 , 0.907619 , 0
0.388476 , 0.921498 , 0
0.35661 , 0.93429 , 0
0.324323 , 0.945981 , 0
0.291654 , 0.956556 , 0
0.258641 , 0.966003 , 0
0.225323 , 0.974311 , 0
0.191739 , 0.98147 , 0
0.157929 , 0.987471 , 0
0.123933 , 0.992308 , 0
0.0897909 , 0.995974 , 0
0.0555428 , 0.998466 , 0
0.0212292 , 0.999781 , 0
-0.0131094 , 0.999916 , 0
-0.0474325 , 0.998872 , 0
-0.0816996 , 0.99665 , 0
-0.11587 , 0.993252 , 0
-0.149904 , 0.988683 , 0
-0.183762 , 0.982948 , 0
-0.217402 , 0.976053 , 0
-0.250786 , 0.968008 , 0
-0.283874 , 0.95882 , 0
-0.316628 , 0.948502 , 0
-0.349008 , 0.937064 , 0
-0.380976 , 0.924522 , 0
-0.412495 , 0.910888 , 0
-0.443527 , 0.896181 , 0
-0.474035 , 0.880416 , 0
-0.503985 , 0.863612 , 0
-0.53334 , 0.84579 , 0
-0.562066 , 0.82697 , 0
-0.590129 , 0.807174 , 0
-0.617495 , 0.786426 , 0
-0.644133 , 0.76475 , 0
-0.670011 , 0.742172 , 0
-0.695098 , 0.718718 , 0
-0.719366 , 0.694416 , 0
-0.742784 , 0.669295 , 0
-0.765326 , 0.643384 , 0
-0.786965 , 0.616714 , 0
-0.807675 , 0.589316 , 0
-0.827432 , 0.561223 , 0
-0.846212 , 0.532468 , 0
-0.863994 , 0.503084 , 0
-0.880757 , 0.473106 , 0
-0.896479 , 0.44257 , 0
-0.911144 , 0.411512 , 0
-0.924733 , 0.379968 , 0
-0.937231 , 0.347975 , 0
-0.948623 , 0.315572 , 0
-0.958895 , 0.282797 , 0
-0.968035 , 0.249687 , 0
-0.976032 , 0.216283 , 0
-0.982878 , 0.182624 , 0
-0.988563 , 0.148749 , 0
-0.993081 , 0.114698 , 0
-0.996426 , 0.0805125 , 0
-0.998595 , 0.0462315 , 0
-0.999586 , 0.0118959 , 0
-0.999396 , -0.0224537 , 0
-0.998026 , -0.0567767 , 0
-0.995478 , -0.0910328 , 0
-0.991754 , -0.125181 , 0
-0.986859 , -0.159182 , 0
-0.9808 , -0.192995 , 0
-0.973582 , -0.22658 , 0
-0.965214 , -0.259897 , 0
-0.955706 , -0.292907 , 0
-0.94507 , -0.325572 , 0
-0.933318 , -0.357852 , 0
-0.920464 , -0.389709 , 0
-0.906523 , -0.421106 , 0
-0.891511 , -0.452006 , 0
-0.875446 , -0.482372 , 0
-0.858347 , -0.512169 , 0
-0.840235 , -0.54136 , 0
-0.82113 , -0.569912 , 0
-0.801055 , -0.597791 , 0
-0.780035 , -0.624964 , 0
-0.758093 , -0.651398 , 0
-0.735255 , -0.677064 , 0
-0.711549 , -0.701929 , 0
-0.687002 , -0.725966 , 0
-0.661645 , -0.749144 , 0
-0.635505 , -0.771438 , 0
-0.608615 , -0.792821 , 0
-0.581006 , -0.813268 , 0
-0.55271 , -0.832753 , 0
-0.523762 , -0.851255 , 0
-0.494195 , -0.868751 , 0
-0.464044 , -0.885222 , 0
-0.433345 , -0.900646 , 0
-0.402135 , -0.915007 , 0
-0.370449 , -0.928286 , 0
-0.338325 , -0.940469 , 0
-0.305802 , -0.951541 , 0
-0.272918 , -0.961489 , 0
-0.239711 , -0.970302 , 0
-0.206221 , -0.977968 , 0
-0.172487 , -0.984479 , 0
-0.13855 , -0.989827 , 0
-0.104449 , -0.994005 , 0
-0.0702245 , -0.99701 , 0
-0.0359171 , -0.998836 , 0
-0.00156733 , -0.999483 , 0
0.0327843 , -0.998949 , 0
0.0670973 , -0.997235 , 0
0.101331 , -0.994344 , 0
0.135445 , -0.990277 , 0
0.169399 , -0.985041 , 0
0.203153 , -0.978642 , 0
0.236667 , -0.971086 , 0
0.269901 , -0.962384 , 0
0.302817 , -0.952545 , 0
0.335375 , -0.94158 , 0
0.367537 , -0.929504 , 0
0.399265 , -0.91633 , 0
0.430521 , -0.902073 , 0
0.461269 , -0.886751 , 0
0.491472 , -0.870382 , 0
0.521095 , -0.852985 , 0
0.550102 , -0.834581 , 0
0.57846 , -0.815191 , 0
0.606134 , -0.794838 , 0
0.633093 , -0.773547 , 0
0.659305 , -0.751342 , 0
0.684737 , -0.72825 , 0
0.709361 , -0.704298 , 0
0.733148 , -0.679515 , 0
0.756069 , -0.653929 , 0
0.778097 , -0.627571 , 0
0.799207 , -0.600472 , 0
0.819373 , -0.572664 , 0
0.838571 , -0.54418 , 0
0.85678 , -0.515053 , 0
0.873977 , -0.485318 , 0
0.890143 , -0.455011 , 0
0.905257 , -0.424166 , 0
0.919303 , -0.392821 , 0
0.932264 , -0.361012 , 0
0.944125 , -0.328776 , 0
0.954871 , -0.296153 , 0
0.96449 , -0.26318 , 0
0.97297 , -0.229896 , 0
0.980302 , -0.196341 , 0
0.986478 , -0.162554 , 0
0.991489 , -0.128576 , 0
0.99533 , -0.0944454 , 0
0.997996 , -0.0602035 , 0
0.999485 , -0.0258906 , 0
0.999794 , 0.00845288 , 0
0.998924 , 0.0427864 , 0
0.996875 , 0.0770695 , 0
0.993649 , 0.111262 , 0
0.989251 , 0.145323 , 0
0.983686 , 0.179212 , 0
0.976961 , 0.21289 , 0
0.969083 , 0.246317 , 0
0.960061 , 0.279453 , 0
0.949907 , 0.31226 , 0
0.938632 , 0.344698 , 0
0.92625 , 0.37673 , 0
0.912776 , 0.408317 , 0
0.898224 , 0.439423 , 0
0.882614 , 0.470011 , 0
0.865962 , 0.500044 , 0
0.848288 , 0.529487 , 0
0.829614 , 0.558306 , 0
0.809962 , 0.586466 , 0
0.789354 , 0.613934 , 0
0.767816 , 0.640679 , 0
0.745371 , 0.666668 , 0
0.722048 , 0.691871 , 0
0.697873 , 0.716257 , 0
0.672876 , 0.7398 , 0
0.647084 , 0.762469 , 0
0.62053 , 0.78424 , 0
0.593244 , 0.805086 , 0
0.565258 , 0.824982 , 0
0.536606 , 0.843906 , 0
0.507321 , 0.861834 , 0
0.477438 , 0.878747 , 0
0.446992 , 0.894623 , 0
0.416019 , 0.909444 , 0
0.384555 , 0.923193 , 0
0.352638 , 0.935854 , 0
0.320305 , 0.947411 , 0
0.287594 , 0.957851 , 0
0.254545 , 0.967162 , 0
0.221195 , 0.975332 , 0
0.187584 , 0.982352 , 0
0.153753 , 0.988215 , 0
0.11974 , 0.992912 , 0
0.0855855 , 0.996438 , 0
0.0513305 , 0.99879 , 0
0.017015 , 0.999964 , 0
-0.0173206 , 0.999959 , 0
-0.0516358 , 0.998775 , 0
-0.08589 , 0.996414 , 0
-0.120043 , 0.992878 , 0
-0.154054 , 0.988171 , 0
-0.187884 , 0.982299 , 0
-0.221492 , 0.975269 , 0
-0.254839 , 0.967089 , 0
-0.287886 , 0.957769 , 0
-0.320593 , 0.94732 , 0
-0.352922 , 0.935754 , 0
-0.384835 , 0.923085 , 0
-0.416295 , 0.909327 , 0
-0.447263 , 0.894497 , 0
-0.477704 , 0.878612 , 0
-0.507582 , 0.861692 , 0
-0.536861 , 0.843755 , 0
-0.565507 , 0.824823 , 0
-0.593486 , 0.804919 , 0
-0.620766 , 0.784066 , 0
-0.647313 , 0.762288 , 0
-0.673097 , 0.739611 , 0
-0.698087 , 0.716062 , 0
-0.722255 , 0.691669 , 0
-0.74557 , 0.66646 , 0
-0.768006 , 0.640465 , 0
-0.789536 , 0.613715 , 0
-0.810135 , 0.586241 , 0
-0.829779 , 0.558075 , 0
-0.848443 , 0.529252 , 0
-0.866108 , 0.499804 , 0
-0.88275 , 0.469766 , 0
-0.898351 , 0.439175 , 0
-0.912893 , 0.408065 , 0
-0.926358 , 0.376475 , 0
-0.93873 , 0.34444 , 0
-0.949995 , 0.311998 , 0
-0.960138 , 0.279189 , 0
-0.96915 , 0.246051 , 0
-0.977017 , 0.212622 , 0
-0.983732 , 0.178942 , 0
-0.989287 , 0.145051 , 0
-0.993674 , 0.110989 , 0
-0.996889 , 0.0767964 , 0
-0.998927 , 0.0425129 , 0
-0.999787 , 0.00817928 , 0
-0.999467 , -0.026164 , 0
-0.997967 , -0.0604764 , 0
-0.99529 , -0.0947174 , 0
-0.991438 , -0.128847 , 0
-0.986415 , -0.162824 , 0
-0.980229 , -0.196609 , 0
-0.972886 , -0.230161 , 0
-0.964394 , -0.263443 , 0
-0.954764 , -0.296413 , 0
-0.944007 , -0.329033 , 0
-0.932136 , -0.361265 , 0
-0.919165 , -0.39307 , 0
-0.905108 , -0.424412 , 0
-0.889982 , -0.455252 , 0
-0.873806 , -0.485555 , 0
-0.856599 , -0.515284 , 0
-0.83838 , -0.544405 , 0
-0.819171 , -0.572884 , 0
-0.798994 , -0.600686 , 0
-0.777875 , -0.627778 , 0
-0.755836 , -0.654129 , 0
-0.732906 , -0.679708 , 0
-0.709109 , -0.704484 , 0
-0.684476 , -0.728428 , 0
-0.659034 , -0.751512 , 0
-0.632813 , -0.773708 , 0
-0.605845 , -0.794991 , 0
-0.578162 , -0.815334 , 0
-0.549796 , -0.834715 , 0
-0.52078 , -0.85311 , 0
-0.49115 , -0.870497 , 0
-0.460939 , -0.886855 , 0
-0.430183 , -0.902166 , 0
-0.39892 , -0.916412 , 0
-0.367185 , -0.929575 , 0
-0.335017 , -0.941639 , 0
-0.302453 , -0.952592 , 0
-0.269531 , -0.962419 , 0
-0.236291 , -0.971109 , 0
-0.202772 , -0.978651 , 0
-0.169013 , -0.985038 , 0
-0.135055 , -0.990261 , 0
-0.100937 , -0.994314 , 0
-0.0666999 , -0.997192 , 0
-0.032384 , -0.998892 , 0
0.00197026 , -0.999412 , 0
0.0363222 , -0.998751 , 0
0.0706311 , -0.99691 , 0
0.104857 , -0.993891 , 0
0.138958 , -0.989697 , 0
0.172896 , -0.984335 , 0
0.206629 , -0.977809 , 0
0.240118 , -0.970128 , 0
0.273323 , -0.961301 , 0
0.306206 , -0.951338 , 0
0.338726 , -0.940251 , 0
0.370847 , -0.928053 , 0
0.402529 , -0.914759 , 0
0.433736 , -0.900383 , 0
0.46443 , -0.884944 , 0
0.494575 , -0.86846 , 0
0.524137 , -0.850949 , 0
0.553078 , -0.832433 , 0
0.581367 , -0.812933 , 0
0.608968 , -0.792473 , 0
0.635851 , -0.771076 , 0
0.661981 , -0.748769 , 0
0.68733 , -0.725577 , 0
0.711867 , -0.701528 , 0
0.735563 , -0.67665 , 0
0.75839 , -0.650973 , 0
0.780321 , -0.624526 , 0
0.80133 , -0.597342 , 0
0.821393 , -0.569452 , 0
0.840485 , -0.54089 , 0
0.858585 , -0.511689 , 0
0.87567 , -0.481883 , 0
0.891721 , -0.451508 , 0
0.906719 , -0.4206 , 0
0.920646 , -0.389194 , 0
0.933486 , -0.35733 , 0
0.945223 , -0.325043 , 0
0.955844 , -0.292372 , 0
0.965336 , -0.259356 , 0
0.973688 , -0.226034 , 0
0.98089 , -0.192445 , 0
0.986934 , -0.158628 , 0
0.991812 , -0.124624 , 0
0.995519 , -0.0904734 , 0
0.998051 , -0.0562155 , 0
0.999405 , -0.0218913 , 0
0.999578 , 0.0124588 , 0
0.998572 , 0.0467942 , 0
0.996386 , 0.0810744 , 0
0.993024 , 0.115259 , 0
0.98849 , 0.149307 , 0
0.982789 , 0.18318 , 0
0.975928 , 0.216836 , 0
0.967915 , 0.250236 , 0
0.95876 , 0.28334 , 0
0.948472 , 0.316111 , 0
0.937066 , 0.348508 , 0
0.924553 , 0.380494 , 0
0.91095 , 0.412031 , 0
0.896271 , 0.443082 , 0
0.880535 , 0.47361 , 0
0.863759 , 0.503579 , 0
0.845965 , 0.532954 , 0
0.827172 , 0.5617 , 0
0.807403 , 0.589783 , 0
0.786682 , 0.61717 , 0
0.765032 , 0.64383 , 0
0.74248 , 0.669729 , 0
0.719052 , 0.694839 , 0
0.694775 , 0.719129 , 0
0.66968 , 0.742571 , 0
0.643794 , 0.765137 , 0
0.617148 , 0.7868 , 0
0.589775 , 0.807535 , 0
0.561706 , 0.827318 , 0
0.532975 , 0.846125 , 0
0.503614 , 0.863934 , 0
0.47366 , 0.880724 , 0
0.443148 , 0.896476 , 0
0.412112 , 0.91117 , 0
0.380591 , 0.92479 , 0
0.348621 , 0.93732 , 0
0.31624 , 0.948744 , 0
0.283486 , 0.959049 , 0
0.250397 , 0.968223 , 0
0.217014 , 0.976256 , 0
0.183374 , 0.983138 , 0
0.149518 , 0.988861 , 0
0.115486 , 0.993417 , 0
0.081318 , 0.996803 , 0
0.0470538 , 0.999013 , 0
0.0127342 , 1.00005 , 0
-0.0216004 , 0.999899 , 0
-0.0559095 , 0.998574 , 0
-0.0901528 , 0.996071 , 0
-0.12429 , 0.992395 , 0
-0.15828 , 0.987548 , 0
-0.192084 , 0.981537 , 0
-0.225662 , 0.974369 , 0
-0.258973 , 0.966053 , 0
-0.291979 , 0.956598 , 0
-0.324641 , 0.946015 , 0
-0.35692 , 0.934317 , 0
-0.388779 , 0.921518 , 0
-0.420179 , 0.907632 , 0
-0.451084 , 0.892677 , 0
-0.481457 , 0.876669 , 0
-0.511263 , 0.859628 , 0
-0.540466 , 0.841573 , 0
-0.569032 , 0.822527 , 0
-0.596927 , 0.802511 , 0
-0.624119 , 0.781549 , 0
-0.650574 , 0.759666 , 0
-0.676263 , 0.736887 , 0
-0.701155 , 0.71324 , 0
-0.72522 , 0.688752 , 0
-0.74843 , 0.663452 , 0
-0.770758 , 0.63737 , 0
-0.792178 , 0.610537 , 0
-0.812663 , 0.582984 , 0
-0.832191 , 0.554743 , 0
-0.850737 , 0.525849 , 0
-0.86828 , 0.496335 , 0
-0.8848 , 0.466235 , 0
-0.900277 , 0.435586 , 0
-0.914692 , 0.404424 , 0
-0.928029 , 0.372785 , 0
-0.940271 , 0.340706 , 0
-0.951405 , 0.308225 , 0
-0.961417 , 0.275381 , 0
-0.970296 , 0.242213 , 0
-0.97803 , 0.208759 , 0
-0.984611 , 0.175058 , 0
-0.990031 , 0.141152 , 0
-0.994284 , 0.107078 , 0
-0.997364 , 0.0728791 , 0
-0.999267 , 0.0385937 , 0
-0.999993 , 0.00426292 , 0
-0.999538 , -0.0300729 , 0
-0.997905 , -0.0643733 , 0
-0.995095 , -0.0985977 , 0
-0.991112 , -0.132706 , 0
-0.985959 , -0.166657 , 0
-0.979643 , -0.200412 , 0
-0.972171 , -0.233931 , 0
-0.963553 , -0.267173 , 0
-0.953798 , -0.3001 , 0
-0.942917 , -0.332674 , 0
-0.930925 , -0.364854 , 0
-0.917833 , -0.396604 , 0
-0.903659 , -0.427887 , 0
-0.888419 , -0.458664 , 0
-0.87213 , -0.4889 , 0
-0.854812 , -0.518559 , 0
-0.836485 , -0.547606 , 0
-0.817171 , -0.576007 , 0
-0.796893 , -0.603728 , 0
-0.775674 , -0.630737 , 0
-0.75354 , -0.657001 , 0
-0.730516 , -0.682489 , 0
-0.70663 , -0.707172 , 0
-0.68191 , -0.73102 , 0
-0.656385 , -0.754005 , 0
-0.630084 , -0.7761 , 0
-0.603041 , -0.797279 , 0
-0.575285 , -0.817516 , 0
-0.546849 , -0.836789 , 0
-0.517769 , -0.855073 , 0
-0.488077 , -0.872347 , 0
-0.457808 , -0.888592 , 0
-0.426999 , -0.903787 , 0
-0.395686 , -0.917914 , 0
-0.363905 , -0.930958 , 0
-0.331695 , -0.942903 , 0
-0.299093 , -0.953733 , 0
-0.266137 , -0.963438 , 0
-0.232868 , -0.972004 , 0
-0.199323 , -0.979422 , 0
-0.165543 , -0.985683 , 0
-0.131567 , -0.990781 , 0
-0.097436 , -0.994707 , 0
-0.0631899 , -0.997459 , 0
-0.028869 , -0.999032 , 0
0.0054859 , -0.999425 , 0
0.0398343 , -0.998637 , 0
0.0741357 , -0.99667 , 0
0.10835 , -0.993525 , 0
0.142435 , -0.989206 , 0
0.176353 , -0.983718 , 0
0.210062 , -0.977068 , 0
0.243523 , -0.969264 , 0
0.276696 , -0.960314 , 0
0.309542 , -0.95023 , 0
0.342023 , -0.939022 , 0
0.374099 , -0.926706 , 0
0.405733 , -0.913294 , 0
0.436888 , -0.898803 , 0
0.467526 , -0.883249 , 0
0.497612 , -0.866652 , 0
0.52711 , -0.849031 , 0
0.555985 , -0.830407 , 0
0.584203 , -0.810801 , 0
0.611731 , -0.790237 , 0
0.638536 , -0.768739 , 0
0.664586 , -0.746333 , 0
0.689851 , -0.723045 , 0
0.714301 , -0.698902 , 0
0.737906 , -0.673934 , 0
0.76064 , -0.648169 , 0
0.782474 , -0.621638 , 0
0.803384 , -0.594372 , 0
0.823345 , -0.566404 , 0
0.842332 , -0.537767 , 0
0.860325 , -0.508494 , 0
0.8773 , -0.47862 , 0
0.893239 , -0.448181 , 0
0.908123 , -0.417212 , 0
0.921933 , -0.38575 , 0
0.934654 , -0.353833 , 0
0.946271 , -0.321497 , 0
0.956769 , -0.288781 , 0
0.966137 , -0.255725 , 0
0.974364 , -0.222366 , 0
0.981439 , -0.188744 , 0
0.987355 , -0.154899 , 0
0.992105 , -0.120871 , 0
0.995682 , -0.0867008 , 0
0.998083 , -0.0524278 , 0
0.999305 , -0.0180929 , 0
0.999346 , 0.0162634 , 0
0.998207 , 0.0506006 , 0
0.995889 , 0.0848779 , 0
0.992395 , 0.119055 , 0
0.987728 , 0.153092 , 0
0.981895 , 0.186947 , 0
0.974902 , 0.220582 , 0
0.966758 , 0.253957 , 0
0.957472 , 0.287031 , 0
0.947055 , 0.319767 , 0
0.93552 , 0.352125 , 0
0.92288 , 0.384067 , 0
0.909151 , 0.415556 , 0
0.894348 , 0.446554 , 0
0.878488 , 0.477024 , 0
0.861592 , 0.506932 , 0
0.843679 , 0.536241 , 0
0.824769 , 0.564917 , 0
0.804886 , 0.592927 , 0
0.784053 , 0.620236 , 0
0.762294 , 0.646813 , 0
0.739635 , 0.672627 , 0
0.716104 , 0.697647 , 0
0.691727 , 0.721843 , 0
0.666534 , 0.745188 , 0
0.640554 , 0.767653 , 0
0.613818 , 0.789212 , 0
0.586358 , 0.80984 , 0
0.558205 , 0.829512 , 0
0.529395 , 0.848205 , 0
0.499959 , 0.865898 , 0
0.469934 , 0.882569 , 0
0.439354 , 0.898199 , 0
0.408256 , 0.912769 , 0
0.376676 , 0.926262 , 0
0.344652 , 0.938663 , 0
0.312221 , 0.949956 , 0
0.279422 , 0.960129 , 0
0.246293 , 0.96917 , 0
0.212874 , 0.977067 , 0
0.179204 , 0.983812 , 0
0.145322 , 0.989396 , 0
0.111269 , 0.993814 , 0
0.0770845 , 0.99706 , 0
0.0428092 , 0.99913 , 0
0.00848346 , 1.00002 , 0
-0.0258523 , 0.999734 , 0
-0.0601577 , 0.998268 , 0
-0.0943921 , 0.995624 , 0
-0.128515 , 0.991807 , 0
-0.162487 , 0.98682 , 0
-0.196267 , 0.98067 , 0
-0.229816 , 0.973364 , 0
-0.263093 , 0.96491 , 0
-0.296061 , 0.955319 , 0
-0.32868 , 0.944601 , 0
-0.360911 , 0.93277 , 0
-0.392717 , 0.919839 , 0
-0.424059 , 0.905824 , 0
-0.454902 , 0.890742 , 0
-0.485209 , 0.874609 , 0
-0.514944 , 0.857445 , 0
-0.544072 , 0.839271 , 0
-0.572558 , 0.820107 , 0
-0.60037 , 0.799977 , 0
-0.627474 , 0.778904 , 0
-0.653839 , 0.756913 , 0
-0.679433 , 0.734029 , 0
-0.704226 , 0.710281 , 0
-0.728189 , 0.685695 , 0
-0.751294 , 0.660302 , 0
-0.773513 , 0.63413 , 0
-0.794821 , 0.60721 , 0
-0.815192 , 0.579575 , 0
-0.834602 , 0.551257 , 0
-0.853028 , 0.522289 , 0
-0.870449 , 0.492706 , 0
-0.886844 , 0.462542 , 0
-0.902194 , 0.431833 , 0
-0.916481 , 0.400615 , 0
-0.929687 , 0.368924 , 0
-0.941798 , 0.336799 , 0
-0.952799 , 0.304277 , 0
-0.962676 , 0.271397 , 0
-0.971419 , 0.238196 , 0
-0.979017 , 0.204715 , 0
-0.985461 , 0.170992 , 0
-0.990743 , 0.137068 , 0
-0.994858 , 0.102982 , 0
-0.997799 , 0.0687753 , 0
-0.999565 , 0.0344872 , 0
-1.00015 , 0.000158524 , 0
-0.99956 , -0.0341704 , 0
-0.99779 , -0.0684589 , 0
-0.994844 , -0.102667 , 0
-0.990724 , -0.136754 , 0
-0.985437 , -0.170679 , 0
-0.978988 , -0.204403 , 0
-0.971384 , -0.237887 , 0
-0.962636 , -0.271089 , 0
-0.952752 , -0.303972 , 0
-0.941744 , -0.336497 , 0
-0.929627 , -0.368625 , 0
-0.916413 , -0.400318 , 0
-0.902118 , -0.431539 , 0
-0.886759 , -0.462251 , 0
-0.870355 , -0.492418 , 0
-0.852924 , -0.522004 , 0
-0.834487 , -0.550974 , 0
-0.815066 , -0.579295 , 0
-0.794683 , -0.606932 , 0
-0.773363 , -0.633853 , 0
-0.751131 , -0.660026 , 0
-0.728012 , -0.685421 , 0
-0.704035 , -0.710007 , 0
-0.679227 , -0.733756 , 0
-0.653618 , -0.756638 , 0
-0.627237 , -0.778628 , 0
-0.600117 , -0.7997 , 0
-0.572288 , -0.819827 , 0
-0.543784 , -0.838987 , 0
-0.514639 , -0.857157 , 0
-0.484885 , -0.874315 , 0
-0.45456 , -0.890442 , 0
-0.423698 , -0.905517 , 0
-0.392336 , -0.919524 , 0
-0.360511 , -0.932445 , 0
-0.328261 , -0.944266 , 0
-0.295623 , -0.954971 , 0
-0.262636 , -0.96455 , 0
-0.229339 , -0.97299 , 0
-0.195771 , -0.98028 , 0
-0.161972 , -0.986414 , 0
-0.127982 , -0.991383 , 0
-0.0938405 , -0.995181 , 0
-0.0595884 , -0.997804 , 0
-0.025266 , -0.999249 , 0
0.00908633 , -0.999513 , 0
0.0434279 , -0.998597 , 0
0.0777181 , -0.996502 , 0
0.111917 , -0.99323 , 0
0.145983 , -0.988785 , 0
0.179877 , -0.983172 , 0
0.213558 , -0.976397 , 0
0.246987 , -0.968469 , 0
0.280124 , -0.959397 , 0
0.312931 , -0.949192 , 0
0.345367 , -0.937865 , 0
0.377396 , -0.925431 , 0
0.408978 , -0.911902 , 0
0.440078 , -0.897297 , 0
0.470657 , -0.881631 , 0
0.500681 , -0.864924 , 0
0.530113 , -0.847195 , 0
0.558918 , -0.828464 , 0
0.587063 , -0.808755 , 0
0.614514 , -0.78809 , 0
0.641239 , -0.766494 , 0
0.667207 , -0.743991 , 0
0.692386 , -0.72061 , 0
0.716746 , -0.696377 , 0
0.74026 , -0.671321 , 0
0.762898 , -0.645472 , 0
0.784635 , -0.61886 , 0
0.805445 , -0.591517 , 0
0.825303 , -0.563474 , 0
0.844186 , -0.534766 , 0
0.86207 , -0.505425 , 0
0.878936 , -0.475487 , 0
0.894763 , -0.444987 , 0
0.909533 , -0.413962 , 0
0.923228 , -0.382447 , 0
0.935831 , -0.35048 , 0
0.947329 , -0.318099 , 0
0.957707 , -0.285341 , 0
0.966953 , -0.252247 , 0
0.975056 , -0.218854 , 0
0.982007 , -0.185203 , 0
0.987797 , -0.151333 , 0
0.99242 , -0.117284 , 0
0.99587 , -0.0830967 , 0
0.998143 , -0.048811 , 0
0.999237 , -0.0144676 , 0
0.999149 , 0.0198929 , 0
0.997881 , 0.05423 , 0
0.995434 , 0.0885029 , 0
0.991811 , 0.122671 , 0
0.987015 , 0.156695 , 0
0.981053 , 0.190533 , 0
0.973932 , 0.224146 , 0
0.96566 , 0.257494 , 0
0.956248 , 0.290539 , 0
0.945705 , 0.323239 , 0
0.934045 , 0.355558 , 0
0.921282 , 0.387457 , 0
0.90743 , 0.418898 , 0
0.892506 , 0.449845 , 0
0.876528 , 0.480259 , 0
0.859514 , 0.510107 , 0
0.841485 , 0.539352 , 0
0.822462 , 0.56796 , 0
0.802468 , 0.595897 , 0
0.781526 , 0.62313 , 0
0.759661 , 0.649628 , 0
0.736899 , 0.675358 , 0
0.713266 , 0.700291 , 0
0.688791 , 0.724396 , 0
0.663503 , 0.747647 , 0
0.637431 , 0.770014 , 0
0.610607 , 0.791472 , 0
0.583061 , 0.811996 , 0
0.554827 , 0.831561 , 0
0.525939 , 0.850144 , 0
0.496429 , 0.867724 , 0
0.466333 , 0.884279 , 0
0.435687 , 0.899791 , 0
0.404526 , 0.91424 , 0
0.372888 , 0.927611 , 0
0.34081 , 0.939886 , 0
0.308329 , 0.951052 , 0
0.275485 , 0.961096 , 0
0.242315 , 0.970006 , 0
0.20886 , 0.977771 , 0
0.175158 , 0.984382 , 0
0.141249 , 0.989832 , 0
0.107174 , 0.994113 , 0
0.072972 , 0.997222 , 0
0.0386841 , 0.999154 , 0
0.00435049 , 0.999908 , 0
-0.0299883 , 0.999482 , 0
-0.0642916 , 0.997877 , 0
-0.0985192 , 0.995095 , 0
-0.132631 , 0.991139 , 0
-0.166586 , 0.986014 , 0
-0.200344 , 0.979726 , 0
-0.233866 , 0.972283 , 0
-0.267113 , 0.963692 , 0
-0.300044 , 0.953966 , 0
-0.332622 , 0.943114 , 0
-0.364807 , 0.931151 , 0
-0.396563 , 0.918089 , 0
-0.42785 , 0.903945 , 0
-0.458634 , 0.888735 , 0
-0.488876 , 0.872477 , 0
-0.518542 , 0.85519 , 0
-0.547597 , 0.836895 , 0
-0.576007 , 0.817614 , 0
-0.603737 , 0.797368 , 0
-0.630755 , 0.776183 , 0
-0.65703 , 0.754083 , 0
-0.682531 , 0.731093 , 0
-0.707227 , 0.707242 , 0
-0.731089 , 0.682557 , 0
-0.75409 , 0.657068 , 0
-0.776202 , 0.630804 , 0
-0.797398 , 0.603797 , 0
-0.817655 , 0.576078 , 0
-0.836949 , 0.54768 , 0
-0.855256 , 0.518636 , 0
-0.872555 , 0.488981 , 0
-0.888825 , 0.45875 , 0
-0.904048 , 0.427979 , 0
-0.918206 , 0.396702 , 0
-0.931281 , 0.364959 , 0
-0.943259 , 0.332785 , 0
-0.954125 , 0.300219 , 0
-0.963867 , 0.267299 , 0
-0.972473 , 0.234064 , 0
-0.979933 , 0.200553 , 0
-0.986238 , 0.166806 , 0
-0.99138 , 0.132863 , 0
-0.995355 , 0.0987625 , 0
-0.998156 , 0.0645459 , 0
-0.999781 , 0.0302532 , 0
-1.00023 , -0.00407511 , 0
-0.999495 , -0.0383986 , 0
-0.997585 , -0.0726768 , 0
-0.994499 , -0.106869 , 0
-0.990241 , -0.140936 , 0
-0.984816 , -0.174836 , 0
-0.97823 , -0.208531 , 0
-0.970491 , -0.241979 , 0
-0.961609 , -0.275143 , 0
-0.951593 , -0.307982 , 0
-0.940455 , -0.340458 , 0
-0.928209 , -0.372533 , 0
-0.914868 , -0.404168 , 0
-0.900449 , -0.435327 , 0
-0.884969 , -0.465973 , 0
-0.868445 , -0.49607 , 0
-0.850898 , -0.525581 , 0
-0.832348 , -0.554474 , 0
-0.812816 , -0.582712 , 0
-0.792326 , -0.610263 , 0
-0.770901 , -0.637095 , 0
-0.748568 , -0.663176 , 0
-0.725352 , -0.688474 , 0
-0.701281 , -0.712961 , 0
-0.676383 , -0.736607 , 0
-0.650688 , -0.759384 , 0
-0.624225 , -0.781266 , 0
-0.597026 , -0.802227 , 0
-0.569122 , -0.822241 , 0
-0.540548 , -0.841285 , 0
-0.511336 , -0.859338 , 0
-0.481521 , -0.876376 , 0
-0.451138 , -0.892381 , 0
-0.420222 , -0.907333 , 0
-0.388811 , -0.921215 , 0
-0.356942 , -0.93401 , 0
-0.324651 , -0.945703 , 0
-0.291977 , -0.95628 , 0
-0.258959 , -0.965729 , 0
-0.225635 , -0.974038 , 0
-0.192045 , -0.981198 , 0
-0.158228 , -0.9872 , 0
-0.124225 , -0.992037 , 0
-0.090075 , -0.995704 , 0
-0.0558187 , -0.998195 , 0
-0.0214966 , -0.999508 , 0
0.0128508 , -0.999641 , 0
0.0471831 , -0.998594 , 0
0.0814596 , -0.996369 , 0
0.11564 , -0.992967 , 0
0.149684 , -0.988393 , 0
0.183551 , -0.982652 , 0
0.217201 , -0.975751 , 0
0.250595 , -0.967698 , 0
0.283693 , -0.958502 , 0
0.316456 , -0.948174 , 0
0.348845 , -0.936727 , 0
0.380823 , -0.924174 , 0
0.41235 , -0.910529 , 0
0.443391 , -0.895808 , 0
0.473908 , -0.88003 , 0
0.503865 , -0.863213 , 0
0.533227 , -0.845375 , 0
0.561959 , -0.82654 , 0
0.590027 , -0.806727 , 0
0.617398 , -0.785962 , 0
0.64404 , -0.764269 , 0
0.669921 , -0.741672 , 0
0.695011 , -0.7182 , 0
0.719279 , -0.693878 , 0
0.742698 , -0.668737 , 0
0.765239 , -0.642806 , 0
0.786876 , -0.616116 , 0
0.807583 , -0.588697 , 0
0.827336 , -0.560583 , 0
0.846111 , -0.531806 , 0
0.863887 , -0.502401 , 0
0.880641 , -0.472402 , 0
0.896355 , -0.441845 , 0
0.91101 , -0.410766 , 0
0.924588 , -0.379202 , 0
0.937073 , -0.347189 , 0
0.948451 , -0.314766 , 0
0.958708 , -0.281971 , 0
0.967831 , -0.248842 , 0
0.975811 , -0.21542 , 0
0.982638 , -0.181743 , 0
0.988303 , -0.147851 , 0
0.992801 , -0.113785 , 0
0.996125 , -0.0795837 , 0
0.998271 , -0.0452887 , 0
0.999238 , -0.0109401 , 0
0.999023 , 0.0234214 , 0
0.997628 , 0.0577553 , 0
0.995054 , 0.0920209 , 0
0.991304 , 0.126178 , 0
0.986382 , 0.160185 , 0
0.980294 , 0.194004 , 0
0.973048 , 0.227593 , 0
0.964652 , 0.260913 , 0
0.955116 , 0.293925 , 0
0.944451 , 0.326589 , 0
0.932669 , 0.358867 , 0
0.919786 , 0.390722 , 0
0.905815 , 0.422114 , 0
0.890774 , 0.453008 , 0
0.874681 , 0.483366 , 0
0.857553 , 0.513154 , 0
0.839413 , 0.542335 , 0
0.82028 , 0.570875 , 0
0.800179 , 0.59874 , 0
0.779131 , 0.625898 , 0
0.757163 , 0.652316 , 0
0.734301 , 0.677964 , 0
0.710571 , 0.702811 , 0
0.686001 , 0.726827 , 0
0.660621 , 0.749985 , 0
0.634461 , 0.772257 , 0
0.607551 , 0.793616 , 0
0.579923 , 0.814038 , 0
0.551611 , 0.833498 , 0
0.522646 , 0.851974 , 0
0.493065 , 0.869444 , 0
0.462901 , 0.885886 , 0
0.43219 , 0.901283 , 0
0.400969 , 0.915615 , 0
0.369274 , 0.928865 , 0
0.337143 , 0.941019 , 0
0.304615 , 0.952062 , 0
0.271726 , 0.96198 , 0
0.238516 , 0.970762 , 0
0.205025 , 0.978399 , 0
0.171292 , 0.98488 , 0
0.137357 , 0.990198 , 0
0.103259 , 0.994347 , 0
0.0690397 , 0.997323 , 0
0.0347386 , 0.999121 , 0
0.000396575 , 0.99974 , 0
-0.033946 , 0.999179 , 0
-0.0682485 , 0.997439 , 0
-0.10247 , 0.994521 , 0
-0.136571 , 0.99043 , 0
-0.170511 , 0.98517 , 0
-0.20425 , 0.978747 , 0
-0.237748 , 0.971169 , 0
-0.270965 , 0.962446 , 0
-0.303862 , 0.952587 , 0
-0.336401 , 0.941604 , 0
-0.368544 , 0.92951 , 0
-0.400251 , 0.916319 , 0
-0.431486 , 0.902048 , 0
-0.462212 , 0.886712 , 0
-0.492394 , 0.87033 , 0
-0.521994 , 0.852922 , 0
-0.550978 , 0.834508 , 0
-0.579313 , 0.81511 , 0
-0.606965 , 0.79475 , 0
-0.633901 , 0.773453 , 0
-0.660089 , 0.751243 , 0
-0.685499 , 0.728148 , 0
-0.7101 , 0.704194 , 0
-0.733864 , 0.67941 , 0
-0.756763 , 0.653825 , 0
-0.77877 , 0.627469 , 0
-0.799858 , 0.600373 , 0
-0.820004 , 0.572569 , 0
-0.839182 , 0.54409 , 0
-0.857372 , 0.514969 , 0
-0.87455 , 0.485242 , 0
-0.890698 , 0.454942 , 0
-0.905796 , 0.424106 , 0
-0.919826 , 0.39277 , 0
-0.932771 , 0.360971 , 0
-0.944617 , 0.328747 , 0
-0.95535 , 0.296135 , 0
-0.964957 , 0.263174 , 0
-0.973426 , 0.229903 , 0
-0.980748 , 0.19636 , 0
-0.986914 , 0.162587 , 0
-0.991917 , 0.128622 , 0
-0.995751 , 0.0945046 , 0
-0.998411 , 0.0602763 , 0
-0.999894 , 0.025977 , 0
-1.0002 , -0.00835302 , 0
-0.999326 , -0.0426732 , 0
-0.997274 , -0.076943 , 0
-0.994048 , -0.111122 , 0
-0.989649 , -0.14517 , 0
-0.984085 , -0.179048 , 0
-0.97736 , -0.212714 , 0
-0.969484 , -0.246129 , 0
-0.960465 , -0.279255 , 0
-0.950315 , -0.312051 , 0
-0.939044 , -0.344479 , 0
-0.926666 , -0.376502 , 0
-0.913197 , -0.408081 , 0
-0.898651 , -0.439179 , 0
-0.883046 , -0.469759 , 0
-0.8664 , -0.499785 , 0
-0.848734 , -0.529223 , 0
-0.830066 , -0.558037 , 0
-0.810421 , -0.586193 , 0
-0.78982 , -0.613658 , 0
-0.768288 , -0.640399 , 0
-0.745851 , -0.666386 , 0
-0.722535 , -0.691588 , 0
-0.698367 , -0.715974 , 0
-0.673375 , -0.739516 , 0
-0.64759 , -0.762186 , 0
-0.621042 , -0.783958 , 0
-0.593761 , -0.804806 , 0
-0.565781 , -0.824705 , 0
-0.537133 , -0.843631 , 0
-0.507852 , -0.861563 , 0
-0.477972 , -0.87848 , 0
-0.447529 , -0.89436 , 0
-0.416558 , -0.909186 , 0
-0.385096 , -0.922939 , 0
-0.35318 , -0.935605 , 0
-0.320848 , -0.947167 , 0
-0.288137 , -0.957612 , 0
-0.255086 , -0.966928 , 0
-0.221735 , -0.975103 , 0
-0.188122 , -0.982128 , 0
-0.154287 , -0.987995 , 0
-0.12027 , -0.992697 , 0
-0.0861116 , -0.996228 , 0
-0.0518514 , -0.998583 , 0
-0.0175301 , -0.999761 , 0
0.0168119 , -0.999759 , 0
0.051134 , -0.998577 , 0
0.0853958 , -0.996218 , 0
0.119557 , -0.992683 , 0
0.153577 , -0.987977 , 0
0.187415 , -0.982105 , 0
0.221033 , -0.975074 , 0
0.25439 , -0.966893 , 0
0.287446 , -0.95757 , 0
0.320163 , -0.947117 , 0
0.352502 , -0.935547 , 0
0.384426 , -0.922872 , 0
0.415895 , -0.909108 , 0
0.446874 , -0.894271 , 0
0.477325 , -0.878379 , 0
0.507212 , -0.861449 , 0
0.536501 , -0.843503 , 0
0.565156 , -0.82456 , 0
0.593144 , -0.804644 , 0
0.620432 , -0.783778 , 0
0.646987 , -0.761987 , 0
0.672778 , -0.739296 , 0
0.697774 , -0.715732 , 0
0.721947 , -0.691323 , 0
0.745267 , -0.666097 , 0
0.767707 , -0.640085 , 0
0.78924 , -0.613316 , 0
0.809841 , -0.585824 , 0
0.829486 , -0.557639 , 0
0.84815 , -0.528796 , 0
0.865813 , -0.499328 , 0
0.882453 , -0.46927 , 0
0.898051 , -0.438658 , 0
0.912587 , -0.407528 , 0
0.926046 , -0.375916 , 0
0.938411 , -0.343861 , 0
0.949666 , -0.311399 , 0
0.9598 , -0.278569 , 0
0.9688 , -0.24541 , 0
0.976655 , -0.211961 , 0
0.983356 , -0.178261 , 0
0.988895 , -0.144351 , 0
0.993266 , -0.110271 , 0
0.996463 , -0.0760597 , 0
0.998483 , -0.041759 , 0
0.999322 , -0.00740884 , 0
0.998981 , 0.02695 , 0
0.997459 , 0.061277 , 0
0.994758 , 0.0955316 , 0
0.990882 , 0.129673 , 0
0.985835 , 0.163662 , 0
0.979623 , 0.197457 , 0
0.972252 , 0.231018 , 0
0.963733 , 0.264307 , 0
0.954075 , 0.297283 , 0
0.94329 , 0.329908 , 0
0.931389 , 0.362143 , 0
0.918388 , 0.39395 , 0
0.904302 , 0.425292 , 0
0.889146 , 0.45613 , 0
0.87294 , 0.48643 , 0
0.855702 , 0.516155 , 0
0.837453 , 0.54527 , 0
0.818214 , 0.57374 , 0
0.798009 , 0.601533 , 0
0.77686 , 0.628614 , 0
0.754793 , 0.654953 , 0
0.731834 , 0.680517 , 0
0.70801 , 0.705278 , 0
0.68335 , 0.729205 , 0
0.657882 , 0.75227 , 0
0.631636 , 0.774446 , 0
0.604644 , 0.795707 , 0
0.576938 , 0.816028 , 0
0.54855 , 0.835385 , 0
0.519514 , 0.853754 , 0
0.489864 , 0.871115 , 0
0.459635 , 0.887447 , 0
0.428863 , 0.90273 , 0
0.397585 , 0.916946 , 0
0.365836 , 0.93008 , 0
0.333656 , 0.942114 , 0
0.301081 , 0.953035 , 0
0.268151 , 0.962831 , 0
0.234904 , 0.971489 , 0
0.201379 , 0.979 , 0
0.167617 , 0.985354 , 0
0.133656 , 0.990545 , 0
0.0995378 , 0.994565 , 0
0.0653019 , 0.997411 , 0
0.0309888 , 0.999079 , 0
-0.00336085 , 0.999567 , 0
-0.0377066 , 0.998874 , 0
-0.0720078 , 0.997002 , 0
-0.106224 , 0.993953 , 0
-0.140315 , 0.98973 , 0
-0.17424 , 0.984338 , 0
-0.207959 , 0.977785 , 0
-0.241433 , 0.970076 , 0
-0.274622 , 0.961223 , 0
-0.307487 , 0.951235 , 0
-0.339988 , 0.940124 , 0
-0.372089 , 0.927903 , 0
-0.40375 , 0.914586 , 0
-0.434934 , 0.900191 , 0
-0.465606 , 0.884733 , 0
-0.495728 , 0.86823 , 0
-0.525264 , 0.850703 , 0
-0.554181 , 0.832172 , 0
-0.582444 , 0.812659 , 0
-0.61002 , 0.792187 , 0
-0.636876 , 0.77078 , 0
-0.66298 , 0.748464 , 0
-0.688302 , 0.725265 , 0
-0.712813 , 0.70121 , 0
-0.736482 , 0.676327 , 0
-0.759282 , 0.650647 , 0
-0.781187 , 0.624199 , 0
-0.80217 , 0.597015 , 0
-0.822207 , 0.569127 , 0
-0.841274 , 0.540567 , 0
-0.859349 , 0.51137 , 0
-0.876411 , 0.481569 , 0
-0.892438 , 0.451201 , 0
-0.907414 , 0.4203 , 0
-0.921319 , 0.388904 , 0
-0.934138 , 0.357049 , 0
-0.945855 , 0.324773 , 0
-0.956456 , 0.292114 , 0
-0.96593 , 0.259111 , 0
-0.974266 , 0.225802 , 0
-0.981452 , 0.192227 , 0
-0.987481 , 0.158425 , 0
-0.992346 , 0.124436 , 0
-0.996041 , 0.0903006 , 0
-0.998562 , 0.0560587 , 0
-0.999905 , 0.0217507 , 0
-1.00007 , -0.012583 , 0
-0.999055 , -0.0469018 , 0
-0.996863 , -0.0811655 , 0
-0.993496 , -0.115333 , 0
-0.988958 , -0.149365 , 0
-0.983254 , -0.183221 , 0
-0.976391 , -0.216861 , 0
-0.968377 , -0.250246 , 0
-0.959222 , -0.283335 , 0
-0.948936 , -0.316091 , 0
-0.937531 , -0.348474 , 0
-0.925021 , -0.380446 , 0
-0.911422 , -0.41197 , 0
-0.896747 , -0.443008 , 0
-0.881016 , -0.473524 , 0
-0.864247 , -0.503482 , 0
-0.846459 , -0.532847 , 0
-0.827673 , -0.561583 , 0
-0.807911 , -0.589658 , 0
-0.787198 , -0.617038 , 0
-0.765556 , -0.64369 , 0
-0.743013 , -0.669584 , 0
-0.719593 , -0.694688 , 0
-0.695325 , -0.718974 , 0
-0.670238 , -0.742412 , 0
-0.644361 , -0.764976 , 0
-0.617724 , -0.786637 , 0
-0.590359 , -0.807372 , 0
-0.562299 , -0.827154 , 0
-0.533575 , -0.845962 , 0
-0.504223 , -0.863773 , 0
-0.474276 , -0.880565 , 0
-0.44377 , -0.896319 , 0
-0.412741 , -0.911017 , 0
-0.381225 , -0.924641 , 0
-0.34926 , -0.937174 , 0
-0.316884 , -0.948603 , 0
-0.284134 , -0.958914 , 0
-0.251048 , -0.968094 , 0
-0.217667 , -0.976133 , 0
-0.184029 , -0.983021 , 0
-0.150175 , -0.98875 , 0
-0.116143 , -0.993313 , 0
-0.0819741 , -0.996705 , 0
-0.0477088 , -0.998921 , 0
-0.0133872 , -0.99996 , 0
0.0209502 , -0.999819 , 0
0.0552628 , -0.9985 , 0
0.0895103 , -0.996003 , 0
0.123652 , -0.992331 , 0
0.157648 , -0.987489 , 0
0.191458 , -0.981482 , 0
0.225042 , -0.974318 , 0
0.258361 , -0.966005 , 0
0.291375 , -0.956552 , 0
0.324045 , -0.945971 , 0
0.356333 , -0.934274 , 0
0.388201 , -0.921474 , 0
0.419611 , -0.907588 , 0
0.450525 , -0.892631 , 0
0.480908 , -0.876621 , 0
0.510724 , -0.859576 , 0
0.539937 , -0.841517 , 0
0.568513 , -0.822466 , 0
0.596417 , -0.802444 , 0
0.623619 , -0.781475 , 0
0.650084 , -0.759583 , 0
0.675782 , -0.736796 , 0
0.700682 , -0.713138 , 0
0.724755 , -0.688639 , 0
0.747973 , -0.663328 , 0
0.770308 , -0.637233 , 0
0.791734 , -0.610386 , 0
0.812225 , -0.582819 , 0
0.831758 , -0.554564 , 0
0.850308 , -0.525654 , 0
0.867854 , -0.496123 , 0
0.884376 , -0.466007 , 0
0.899854 , -0.43534 , 0
0.914269 , -0.40416 , 0
0.927605 , -0.372502 , 0
0.939845 , -0.340405 , 0
0.950976 , -0.307905 , 0
0.960983 , -0.275042 , 0
0.969856 , -0.241854 , 0
0.977583 , -0.208381 , 0
0.984156 , -0.174661 , 0
0.989566 , -0.140735 , 0
0.993807 , -0.106643 , 0
0.996875 , -0.0724253 , 0
0.998765 , -0.0381218 , 0
0.999476 , -0.00377329 , 0
0.999006 , 0.0305797 , 0
0.997355 , 0.0648965 , 0
0.994527 , 0.0991367 , 0
0.990524 , 0.13326 , 0
0.98535 , 0.167225 , 0
0.979012 , 0.200993 , 0
0.971518 , 0.234524 , 0
0.962876 , 0.267777 , 0
0.953096 , 0.300714 , 0
0.942191 , 0.333296 , 0
0.930172 , 0.365484 , 0
0.917054 , 0.39724 , 0
0.902852 , 0.428527 , 0
0.887584 , 0.459307 , 0
0.871266 , 0.489545 , 0
0.85392 , 0.519204 , 0
0.835564 , 0.54825 , 0
0.816221 , 0.576648 , 0
0.795914 , 0.604364 , 0
0.774666 , 0.631367 , 0
0.752502 , 0.657623 , 0
0.72945 , 0.683102 , 0
0.705535 , 0.707774 , 0
0.680787 , 0.731609 , 0
0.655234 , 0.75458 , 0
0.628907 , 0.77666 , 0
0.601837 , 0.797821 , 0
0.574055 , 0.81804 , 0
0.545596 , 0.837292 , 0
0.516491 , 0.855555 , 0
0.486776 , 0.872807 , 0
0.456486 , 0.889027 , 0
0.425657 , 0.904197 , 0
0.394325 , 0.918299 , 0
0.362527 , 0.931315 , 0
0.3303 , 0.943231 , 0
0.297683 , 0.954032 , 0
0.264714 , 0.963707 , 0
0.231433 , 0.972242 , 0
0.197878 , 0.979629 , 0
0.16409 , 0.985858 , 0
0.130107 , 0.990923 , 0
0.0959708 , 0.994817 , 0
0.0617212 , 0.997536 , 0
0.0273986 , 0.999076 , 0
-0.00695626 , 0.999436 , 0
-0.041303 , 0.998615 , 0
-0.0756009 , 0.996614 , 0
-0.109809 , 0.993437 , 0
-0.143888 , 0.989085 , 0
-0.177797 , 0.983566 , 0
-0.211496 , 0.976885 , 0
-0.244945 , 0.969049 , 0
-0.278105 , 0.96007 , 0
-0.310937 , 0.949956 , 0
-0.343401 , 0.938721 , 0
-0.375459 , 0.926377 , 0
-0.407075 , 0.912939 , 0
-0.438209 , 0.898422 , 0
-0.468826 , 0.882845 , 0
-0.49889 , 0.866226 , 0
-0.528364 , 0.848583 , 0
-0.557215 , 0.829939 , 0
-0.585408 , 0.810315 , 0
-0.612909 , 0.789734 , 0
-0.639687 , 0.768221 , 0
-0.66571 , 0.745801 , 0
-0.690947 , 0.7225 , 0
-0.715368 , 0.698346 , 0
-0.738945 , 0.673368 , 0
-0.76165 , 0.647596 , 0
-0.783456 , 0.621059 , 0
-0.804337 , 0.593789 , 0
-0.824269 , 0.565818 , 0
-0.843228 , 0.537179 , 0
-0.861191 , 0.507906 , 0
-0.878139 , 0.478034 , 0
-0.89405 , 0.447598 , 0
-0.908907 , 0.416634 , 0
-0.922691 , 0.385178 , 0
-0.935386 , 0.353267 , 0
-0.946978 , 0.32094 , 0
-0.957452 , 0.288234 , 0
-0.966797 , 0.255188 , 0
-0.975001 , 0.221841 , 0
-0.982055 , 0.188232 , 0
-0.987951 , 0.154401 , 0
-0.992681 , 0.120388 , 0
-0.99624 , 0.0862333 , 0
-0.998624 , 0.0519765 , 0
-0.999831 , 0.0176583 , 0
-0.999858 , -0.0166807 , 0
-0.998705 , -0.051 , 0
-0.996375 , -0.0852592 , 0
-0.99287 , -0.119418 , 0
-0.988194 , -0.153436 , 0
-0.982353 , -0.187273 , 0
-0.975353 , -0.220889 , 0
-0.967203 , -0.254244 , 0
-0.957912 , -0.2873 , 0
-0.947492 , -0.320017 , 0
-0.935955 , -0.352357 , 0
-0.923314 , -0.384282 , 0
-0.909584 , -0.415753 , 0
-0.894782 , -0.446734 , 0
-0.878925 , -0.477189 , 0
-0.862032 , -0.50708 , 0
-0.844123 , -0.536374 , 0
-0.825218 , -0.565036 , 0
-0.80534 , -0.593032 , 0
-0.784513 , -0.620328 , 0
-0.762761 , -0.646893 , 0
-0.74011 , -0.672696 , 0
-0.716586 , -0.697705 , 0
-0.692217 , -0.721892 , 0
-0.667033 , -0.745228 , 0
-0.641062 , -0.767686 , 0
-0.614335 , -0.789238 , 0
-0.586884 , -0.80986 , 0
-0.558741 , -0.829528 , 0
-0.52994 , -0.848217 , 0
-0.500514 , -0.865907 , 0
-0.470498 , -0.882576 , 0
-0.439927 , -0.898204 , 0
-0.408837 , -0.912774 , 0
-0.377266 , -0.926268 , 0
-0.34525 , -0.93867 , 0
-0.312826 , -0.949965 , 0
-0.280034 , -0.96014 , 0
-0.246912 , -0.969183 , 0
-0.213499 , -0.977084 , 0
-0.179834 , -0.983833 , 0
-0.145957 , -0.989423 , 0
-0.111908 , -0.993845 , 0
-0.0777276 , -0.997096 , 0
-0.0434551 , -0.999172 , 0
-0.00913135 , -1.00007 , 0
0.0252032 , -0.999788 , 0
0.0595079 , -0.998328 , 0
0.0937426 , -0.995691 , 0
0.127867 , -0.991879 , 0
0.16184 , -0.986898 , 0
0.195622 , -0.980754 , 0
0.229174 , -0.973453 , 0
0.262456 , -0.965005 , 0
0.295428 , -0.955418 , 0
0.328052 , -0.944705 , 0
0.360288 , -0.932878 , 0
0.3921 , -0.91995 , 0
0.42345 , -0.905938 , 0
0.4543 , -0.890857 , 0
0.484614 , -0.874726 , 0
0.514357 , -0.857563 , 0
0.543493 , -0.839389 , 0
0.571988 , -0.820225 , 0
0.599809 , -0.800093 , 0
0.626921 , -0.779018 , 0
0.653295 , -0.757023 , 0
0.678897 , -0.734136 , 0
0.703699 , -0.710383 , 0
0.727671 , -0.685791 , 0
0.750784 , -0.660391 , 0
0.773012 , -0.634211 , 0
0.794327 , -0.607284 , 0
0.814705 , -0.579639 , 0
0.834122 , -0.551311 , 0
0.852555 , -0.522333 , 0
0.869982 , -0.492738 , 0
0.886382 , -0.462562 , 0
0.901736 , -0.43184 , 0
0.916026 , -0.400608 , 0
0.929235 , -0.368904 , 0
0.941347 , -0.336764 , 0
0.952349 , -0.304227 , 0
0.962226 , -0.27133 , 0
0.970968 , -0.238114 , 0
0.978563 , -0.204616 , 0
0.985004 , -0.170877 , 0
0.990282 , -0.136937 , 0
0.99439 , -0.102834 , 0
0.997325 , -0.0686106 , 0
0.999083 , -0.0343059 , 0
0.999661 , 3.9216e-005 , 0
0.999059 , 0.0343843 , 0
0.997277 , 0.0686888 , 0
0.994318 , 0.102912 , 0
0.990185 , 0.137014 , 0
0.984882 , 0.170954 , 0
0.978417 , 0.204692 , 0
0.970796 , 0.238189 , 0
0.962029 , 0.271404 , 0
0.952126 , 0.304298 , 0
0.941099 , 0.336834 , 0
0.92896 , 0.368971 , 0
0.915724 , 0.400673 , 0
0.901406 , 0.431901 , 0
0.886024 , 0.462619 , 0
0.869596 , 0.492791 , 0
0.85214 , 0.522381 , 0
0.833678 , 0.551354 , 0
0.814231 , 0.579676 , 0
0.793822 , 0.607313 , 0
0.772476 , 0.634232 , 0
0.750217 , 0.660402 , 0
0.727072 , 0.685793 , 0
0.703069 , 0.710373 , 0
0.678234 , 0.734114 , 0
0.652599 , 0.756987 , 0
0.626192 , 0.778967 , 0
0.599046 , 0.800026 , 0
0.571192 , 0.82014 , 0
0.542663 , 0.839285 , 0
0.513493 , 0.857438 , 0
0.483717 , 0.874579 , 0
0.453369 , 0.890686 , 0
0.422486 , 0.905741 , 0
0.391103 , 0.919726 , 0
0.359258 , 0.932625 , 0
0.326989 , 0.944421 , 0
0.294333 , 0.955102 , 0
0.26133 , 0.964654 , 0
0.228018 , 0.973067 , 0
0.194437 , 0.98033 , 0
0.160626 , 0.986435 , 0
0.126625 , 0.991374 , 0
0.0924744 , 0.995142 , 0
0.0582147 , 0.997734 , 0
0.0238863 , 0.999148 , 0
-0.0104704 , 0.999381 , 0
-0.0448147 , 0.998434 , 0
-0.0791061 , 0.996306 , 0
-0.113304 , 0.993002 , 0
-0.147368 , 0.988525 , 0
-0.181258 , 0.98288 , 0
-0.214934 , 0.976074 , 0
-0.248356 , 0.968115 , 0
-0.281484 , 0.959012 , 0
-0.31428 , 0.948776 , 0
-0.346705 , 0.937419 , 0
-0.37872 , 0.924956 , 0
-0.410288 , 0.911399 , 0
-0.441371 , 0.896766 , 0
-0.471933 , 0.881074 , 0
-0.501938 , 0.864341 , 0
-0.531349 , 0.846587 , 0
-0.560133 , 0.827833 , 0
-0.588256 , 0.808101 , 0
-0.615684 , 0.787415 , 0
-0.642384 , 0.765799 , 0
-0.668326 , 0.743279 , 0
-0.693479 , 0.71988 , 0
-0.717812 , 0.695632 , 0
-0.741298 , 0.670562 , 0
-0.763909 , 0.644701 , 0
-0.785617 , 0.618078 , 0
-0.806398 , 0.590725 , 0
-0.826227 , 0.562674 , 0
-0.84508 , 0.53396 , 0
-0.862936 , 0.504614 , 0
-0.879772 , 0.474673 , 0
-0.89557 , 0.444172 , 0
-0.910311 , 0.413146 , 0
-0.923976 , 0.381633 , 0
-0.936552 , 0.349669 , 0
-0.948021 , 0.317292 , 0
-0.958372 , 0.28454 , 0
-0.967591 , 0.251453 , 0
-0.975668 , 0.218069 , 0
-0.982593 , 0.184427 , 0
-0.988359 , 0.150568 , 0
-0.992958 , 0.116531 , 0
-0.996386 , 0.0823563 , 0
-0.998637 , 0.0480846 , 0
-0.99971 , 0.0137561 , 0
-0.999603 , -0.0205887 , 0
-0.998316 , -0.0549092 , 0
-0.995852 , -0.0891649 , 0
-0.992212 , -0.123315 , 0
-0.987402 , -0.15732 , 0
-0.981426 , -0.19114 , 0
-0.974293 , -0.224734 , 0
-0.96601 , -0.258062 , 0
-0.956587 , -0.291087 , 0
-0.946035 , -0.323768 , 0
-0.934368 , -0.356067 , 0
-0.921598 , -0.387946 , 0
-0.907741 , -0.419367 , 0
-0.892814 , -0.450293 , 0
-0.876833 , -0.480689 , 0
-0.859818 , -0.510517 , 0
-0.841788 , -0.539744 , 0
-0.822766 , -0.568333 , 0
-0.802773 , -0.596253 , 0
-0.781833 , -0.623469 , 0
-0.759971 , -0.64995 , 0
-0.737213 , -0.675664 , 0
-0.713586 , -0.700581 , 0
-0.689116 , -0.724672 , 0
-0.663834 , -0.747909 , 0
-0.63777 , -0.770263 , 0
-0.610953 , -0.791709 , 0
-0.583415 , -0.812222 , 0
-0.555189 , -0.831777 , 0
-0.526309 , -0.85035 , 0
-0.496808 , -0.867922 , 0
-0.466722 , -0.884469 , 0
-0.436084 , -0.899974 , 0
-0.404933 , -0.914417 , 0
-0.373304 , -0.927783 , 0
-0.341235 , -0.940054 , 0
-0.308764 , -0.951217 , 0
-0.275928 , -0.961258 , 0
-0.242767 , -0.970166 , 0
-0.20932 , -0.97793 , 0
-0.175626 , -0.98454 , 0
-0.141725 , -0.98999 , 0
-0.107657 , -0.994273 , 0
-0.0734614 , -0.997383 , 0
-0.0391796 , -0.999318 , 0
-0.00485158 , -1.00007 , 0
0.0294822 , -0.999651 , 0
0.0637812 , -0.998049 , 0
0.098005 , -0.99527 , 0
0.132113 , -0.991318 , 0
0.166066 , -0.986197 , 0
0.199823 , -0.979914 , 0
0.233344 , -0.972474 , 0
0.26659 , -0.963889 , 0
0.299521 , -0.954166 , 0
0.3321 , -0.943319 , 0
0.364287 , -0.931359 , 0
0.396044 , -0.918301 , 0
0.427335 , -0.904161 , 0
0.458121 , -0.888954 , 0
0.488367 , -0.872699 , 0
0.518038 , -0.855414 , 0
0.547097 , -0.837122 , 0
0.575512 , -0.817842 , 0
0.603247 , -0.797597 , 0
0.630272 , -0.776412 , 0
0.656553 , -0.754311 , 0
0.682059 , -0.731321 , 0
0.706762 , -0.707469 , 0
0.730631 , -0.682782 , 0
0.753638 , -0.65729 , 0
0.775756 , -0.631022 , 0
0.79696 , -0.604011 , 0
0.817223 , -0.576287 , 0
0.836523 , -0.547883 , 0
0.854836 , -0.518833 , 0
0.87214 , -0.489171 , 0
0.888416 , -0.458933 , 0
0.903644 , -0.428152 , 0
0.917806 , -0.396867 , 0
0.930885 , -0.365114 , 0
0.942866 , -0.33293 , 0
0.953735 , -0.300353 , 0
0.963479 , -0.267422 , 0
0.972086 , -0.234176 , 0
0.979547 , -0.200653 , 0
0.985851 , -0.166894 , 0
0.990993 , -0.132938 , 0
0.994965 , -0.0988244 , 0
0.997763 , -0.0645947 , 0
0.999384 , -0.0302888 , 0
0.999826 , 0.00405277 , 0
0.999088 , 0.0383896 , 0
0.997171 , 0.0726811 , 0
0.994078 , 0.106887 , 0
0.989811 , 0.140966 , 0
0.984376 , 0.174879 , 0
0.97778 , 0.208586 , 0
0.970029 , 0.242047 , 0
0.961134 , 0.275222 , 0
0.951104 , 0.308072 , 0
0.939952 , 0.340558 , 0
0.92769 , 0.372642 , 0
0.914334 , 0.404287 , 0
0.899898 , 0.435454 , 0
0.8844 , 0.466108 , 0
0.867858 , 0.496211 , 0
0.850291 , 0.525728 , 0
0.831721 , 0.554624 , 0
0.812169 , 0.582866 , 0
0.791658 , 0.61042 , 0
0.770212 , 0.637253 , 0
0.747857 , 0.663334 , 0
0.724619 , 0.688631 , 0
0.700526 , 0.713116 , 0
0.675605 , 0.736758 , 0
0.649887 , 0.759531 , 0
0.623402 , 0.781406 , 0
0.59618 , 0.80236 , 0
0.568254 , 0.822365 , 0
0.539658 , 0.8414 , 0
0.510424 , 0.85944 , 0
0.480587 , 0.876466 , 0
0.450183 , 0.892457 , 0
0.419248 , 0.907394 , 0
0.387817 , 0.92126 , 0
0.355928 , 0.934037 , 0
0.323619 , 0.945712 , 0
0.290927 , 0.956269 , 0
0.257892 , 0.965697 , 0
0.224553 , 0.973985 , 0
0.190948 , 0.981122 , 0
0.157118 , 0.9871 , 0
0.123102 , 0.991913 , 0
0.0889412 , 0.995554 , 0
0.054675 , 0.998019 , 0
0.0203442 , 0.999305 , 0
-0.0140106 , 0.999411 , 0
-0.0483488 , 0.998336 , 0
-0.0826299 , 0.996083 , 0
-0.116813 , 0.992653 , 0
-0.150859 , 0.98805 , 0
-0.184726 , 0.98228 , 0
-0.218375 , 0.97535 , 0
-0.251767 , 0.967268 , 0
-0.28486 , 0.958043 , 0
-0.317618 , 0.947687 , 0
-0.35 , 0.936211 , 0
-0.381968 , 0.923629 , 0
-0.413486 , 0.909956 , 0
-0.444515 , 0.895209 , 0
-0.475019 , 0.879404 , 0
-0.504962 , 0.86256 , 0
-0.534308 , 0.844698 , 0
-0.563024 , 0.825838 , 0
-0.591074 , 0.806002 , 0
-0.618426 , 0.785214 , 0
-0.645048 , 0.763499 , 0
-0.670908 , 0.740882 , 0
-0.695975 , 0.71739 , 0
-0.72022 , 0.69305 , 0
-0.743615 , 0.667892 , 0
-0.766131 , 0.641945 , 0
-0.787742 , 0.61524 , 0
-0.808424 , 0.587808 , 0
-0.82815 , 0.559682 , 0
-0.846898 , 0.530895 , 0
-0.864646 , 0.501481 , 0
-0.881373 , 0.471475 , 0
-0.897058 , 0.440912 , 0
-0.911685 , 0.409828 , 0
-0.925235 , 0.37826 , 0
-0.937692 , 0.346245 , 0
-0.949041 , 0.313822 , 0
-0.959271 , 0.281028 , 0
-0.968367 , 0.247902 , 0
-0.97632 , 0.214483 , 0
-0.983119 , 0.180811 , 0
-0.988758 , 0.146926 , 0
-0.99323 , 0.112867 , 0
-0.996529 , 0.0786746 , 0
-0.998651 , 0.0443894 , 0
-0.999594 , 0.0100519 , 0
-0.999357 , -0.0242976 , 0
-0.99794 , -0.0586183 , 0
-0.995344 , -0.0928699 , 0
-0.991574 , -0.127012 , 0
-0.986633 , -0.161004 , 0
-0.980527 , -0.194806 , 0
-0.973264 , -0.228378 , 0
-0.964852 , -0.26168 , 0
-0.955301 , -0.294674 , 0
-0.944622 , -0.327319 , 0
-0.932828 , -0.359579 , 0
-0.919933 , -0.391413 , 0
-0.905952 , -0.422786 , 0
-0.890902 , -0.45366 , 0
-0.874801 , -0.483999 , 0
-0.857666 , -0.513766 , 0
-0.83952 , -0.542927 , 0
-0.820383 , -0.571447 , 0
-0.800278 , -0.599293 , 0
-0.779228 , -0.626431 , 0
-0.757259 , -0.652831 , 0
-0.734396 , -0.67846 , 0
-0.710666 , -0.703288 , 0
-0.686098 , -0.727287 , 0
-0.66072 , -0.750427 , 0
-0.634562 , -0.772682 , 0
-0.607656 , -0.794025 , 0
-0.580033 , -0.814431 , 0
-0.551725 , -0.833876 , 0
-0.522767 , -0.852338 , 0
-0.493192 , -0.869794 , 0
-0.463034 , -0.886224 , 0
-0.432331 , -0.901608 , 0
-0.401117 , -0.915928 , 0
-0.36943 , -0.929168 , 0
-0.337308 , -0.941312 , 0
-0.304787 , -0.952346 , 0
-0.271907 , -0.962256 , 0
-0.238706 , -0.971031 , 0
-0.205224 , -0.97866 , 0
-0.171499 , -0.985135 , 0
-0.137572 , -0.990448 , 0
-0.103483 , -0.994593 , 0
-0.0692715 , -0.997565 , 0
-0.0349785 , -0.99936 , 0
-0.000644163 , -0.999976 , 0
0.033691 , -0.999413 , 0
0.0679864 , -0.997671 , 0
0.102202 , -0.994752 , 0
0.136296 , -0.99066 , 0
0.17023 , -0.9854 , 0
0.203964 , -0.978977 , 0
0.237456 , -0.9714 , 0
0.270669 , -0.962677 , 0
0.303562 , -0.952819 , 0
0.336098 , -0.941837 , 0
0.368237 , -0.929744 , 0
0.399942 , -0.916555 , 0
0.431175 , -0.902285 , 0
0.4619 , -0.886951 , 0
0.49208 , -0.870571 , 0
0.52168 , -0.853164 , 0
0.550664 , -0.834751 , 0
0.578999 , -0.815353 , 0
0.606651 , -0.794994 , 0
0.633588 , -0.773698 , 0
0.659778 , -0.751489 , 0
0.68519 , -0.728394 , 0
0.709793 , -0.704439 , 0
0.73356 , -0.679654 , 0
0.756461 , -0.654068 , 0
0.778471 , -0.62771 , 0
0.799562 , -0.600612 , 0
0.81971 , -0.572805 , 0
0.838892 , -0.544323 , 0
0.857084 , -0.515199 , 0
0.874266 , -0.485468 , 0
0.890416 , -0.455164 , 0
0.905517 , -0.424323 , 0
0.919549 , -0.392982 , 0
0.932497 , -0.361177 , 0
0.944345 , -0.328946 , 0
0.95508 , -0.296328 , 0
0.964688 , -0.263359 , 0
0.973158 , -0.230081 , 0
0.98048 , -0.196531 , 0
0.986647 , -0.162749 , 0
0.991649 , -0.128775 , 0
0.995482 , -0.0946492 , 0
0.99814 , -0.0604119 , 0
0.999621 , -0.0261034 , 0
0.999924 , 0.0082359 , 0
0.999046 , 0.0425655 , 0
0.996991 , 0.0768448 , 0
0.993759 , 0.111034 , 0
0.989355 , 0.145091 , 0
0.983784 , 0.178978 , 0
0.977053 , 0.212653 , 0
0.969169 , 0.246078 , 0
0.960141 , 0.279212 , 0
0.949981 , 0.312017 , 0
0.938701 , 0.344453 , 0
0.926313 , 0.376484 , 0
0.912832 , 0.40807 , 0
0.898274 , 0.439174 , 0
0.882656 , 0.469761 , 0
0.865997 , 0.499793 , 0
0.848317 , 0.529236 , 0
0.829635 , 0.558054 , 0
0.809975 , 0.586213 , 0
0.789358 , 0.613681 , 0
0.767811 , 0.640425 , 0
0.745357 , 0.666413 , 0
0.722024 , 0.691615 , 0
0.697839 , 0.716 , 0
0.672831 , 0.739541 , 0
0.647028 , 0.762209 , 0
0.620462 , 0.783977 , 0
0.593164 , 0.804821 , 0
0.565166 , 0.824714 , 0
0.536501 , 0.843634 , 0
0.507202 , 0.861559 , 0
0.477305 , 0.878466 , 0
0.446845 , 0.894337 , 0
0.415857 , 0.909152 , 0
0.384379 , 0.922894 , 0
0.352447 , 0.935547 , 0
0.320098 , 0.947095 , 0
0.287372 , 0.957526 , 0
0.254307 , 0.966826 , 0
0.220942 , 0.974985 , 0
0.187316 , 0.981993 , 0
0.153469 , 0.987842 , 0
0.11944 , 0.992524 , 0
0.0852707 , 0.996035 , 0
0.0510007 , 0.99837 , 0
0.0166704 , 0.999527 , 0
-0.0176795 , 0.999503 , 0
-0.0520085 , 0.9983 , 0
-0.0862761 , 0.995917 , 0
-0.120442 , 0.992359 , 0
-0.154465 , 0.987629 , 0
-0.188306 , 0.981734 , 0
-0.221925 , 0.974678 , 0
-0.255282 , 0.966473 , 0
-0.288337 , 0.957125 , 0
-0.321052 , 0.946648 , 0
-0.353388 , 0.935053 , 0
-0.385306 , 0.922354 , 0
-0.416769 , 0.908566 , 0
-0.447741 , 0.893704 , 0
-0.478183 , 0.877788 , 0
-0.508061 , 0.860835 , 0
-0.537339 , 0.842865 , 0
-0.565982 , 0.8239 , 0
-0.593957 , 0.803962 , 0
-0.62123 , 0.783075 , 0
-0.64777 , 0.761263 , 0
-0.673545 , 0.738551 , 0
-0.698524 , 0.714968 , 0
-0.722679 , 0.69054 , 0
-0.74598 , 0.665297 , 0
-0.7684 , 0.639268 , 0
-0.789912 , 0.612484 , 0
-0.810492 , 0.584976 , 0
-0.830114 , 0.556778 , 0
-0.848756 , 0.527922 , 0
-0.866395 , 0.498443 , 0
-0.883012 , 0.468375 , 0
-0.898585 , 0.437754 , 0
-0.913097 , 0.406616 , 0
-0.926531 , 0.374998 , 0
-0.93887 , 0.342936 , 0
-0.950101 , 0.31047 , 0
-0.960209 , 0.277637 , 0
-0.969183 , 0.244476 , 0
-0.977013 , 0.211027 , 0
-0.983689 , 0.177328 , 0
-0.989203 , 0.14342 , 0
-0.993549 , 0.109342 , 0
-0.996721 , 0.0751352 , 0
-0.998717 , 0.0408397 , 0
-0.999532 , 0.00649592 , 0
-0.999168 , -0.0278555 , 0
-0.997623 , -0.062174 , 0
-0.9949 , -0.0964191 , 0
-0.991002 , -0.13055 , 0
-0.985934 , -0.164527 , 0
-0.979702 , -0.19831 , 0
-0.972312 , -0.231859 , 0
-0.963774 , -0.265134 , 0
-0.954099 , -0.298095 , 0
-0.943296 , -0.330705 , 0
-0.931379 , -0.362924 , 0
-0.918363 , -0.394715 , 0
-0.904262 , -0.426039 , 0
-0.889094 , -0.456861 , 0
-0.872875 , -0.487143 , 0
-0.855626 , -0.516849 , 0
-0.837367 , -0.545946 , 0
-0.818119 , -0.574398 , 0
-0.797905 , -0.602171 , 0
-0.776748 , -0.629234 , 0
-0.754675 , -0.655554 , 0
-0.73171 , -0.681099 , 0
-0.707882 , -0.705841 , 0
-0.683218 , -0.729749 , 0
-0.657747 , -0.752796 , 0
-0.6315 , -0.774954 , 0
-0.604507 , -0.796197 , 0
-0.576801 , -0.8165 , 0
-0.548413 , -0.835839 , 0
-0.519378 , -0.854192 , 0
-0.48973 , -0.871536 , 0
-0.459504 , -0.887851 , 0
-0.428736 , -0.903119 , 0
-0.397461 , -0.91732 , 0
-0.365717 , -0.930439 , 0
-0.333542 , -0.942459 , 0
-0.300972 , -0.953367 , 0
-0.268048 , -0.963149 , 0
-0.234807 , -0.971795 , 0
-0.201289 , -0.979294 , 0
-0.167533 , -0.985637 , 0
-0.13358 , -0.990817 , 0
-0.0994691 , -0.994827 , 0
-0.0652406 , -0.997663 , 0
-0.0309352 , -0.999322 , 0
0.00340678 , -0.999802 , 0
0.0377447 , -0.999102 , 0
0.0720382 , -0.997222 , 0
0.106247 , -0.994167 , 0
0.14033 , -0.989937 , 0
0.174247 , -0.98454 , 0
0.207959 , -0.977981 , 0
0.241426 , -0.970268 , 0
0.274608 , -0.961411 , 0
0.307465 , -0.951418 , 0
0.33996 , -0.940304 , 0
0.372054 , -0.92808 , 0
0.403709 , -0.91476 , 0
0.434888 , -0.900362 , 0
0.465554 , -0.884901 , 0
0.49567 , -0.868397 , 0
0.525202 , -0.850868 , 0
0.554114 , -0.832335 , 0
0.582372 , -0.81282 , 0
0.609944 , -0.792346 , 0
0.636796 , -0.770938 , 0
0.662897 , -0.74862 , 0
0.688215 , -0.725419 , 0
0.712722 , -0.701362 , 0
0.736389 , -0.676478 , 0
0.759186 , -0.650796 , 0
0.781088 , -0.624346 , 0
0.802069 , -0.59716 , 0
0.822104 , -0.569269 , 0
0.841169 , -0.540707 , 0
0.859242 , -0.511507 , 0
0.876301 , -0.481704 , 0
0.892327 , -0.451333 , 0
0.907301 , -0.420429 , 0
0.921204 , -0.389029 , 0
0.934021 , -0.357171 , 0
0.945736 , -0.324891 , 0
0.956336 , -0.292228 , 0
0.965808 , -0.259221 , 0
0.97414 , -0.225907 , 0
0.981324 , -0.192327 , 0
0.987351 , -0.158521 , 0
0.992213 , -0.124527 , 0
0.995904 , -0.0903868 , 0
0.998422 , -0.0561397 , 0
0.999761 , -0.0218264 , 0
0.999922 , 0.0125126 , 0
