x , y , z
5.2 , 0 , 0
5.19993 , 0.0265577 , 0
5.19973 , 0.0531147 , 0
5.19953 , 0.0796717 , 0
5.19933 , 0.106229 , 0
5.19912 , 0.132786 , 0
5.19892 , 0.159343 , 0
5.19872 , 0.1859 , 0
5.19852 , 0.212457 , 0
5.19831 , 0.239014 , 0
5.19811 , 0.265571 , 0
5.19791 , 0.292128 , 0
5.19771 , 0.318685 , 0
5.1975 , 0.345242 , 0
5.1973 , 0.371799 , 0
5.1971 , 0.398356 , 0
5.1969 , 0.424913 , 0
5.19669 , 0.45147 , 0
5.19649 , 0.478027 , 0
5.19629 , 0.504584 , 0
5.19609 , 0.531141 , 0
5.19588 , 0.557698 , 0
5.19568 , 0.584255 , 0
5.19548 , 0.610812 , 0
5.19528 , 0.637369 , 0
5.19507 , 0.663926 , 0
5.19487 , 0.690483 , 0
5.19467 , 0.71704 , 0
5.19447 , 0.743597 , 0
5.19426 , 0.770154 , 0
5.19406 , 0.796711 , 0
5.19386 , 0.823268 , 0
5.19366 , 0.849825 , 0
5.19345 , 0.876382 , 0
5.19325 , 0.902939 , 0
5.19305 , 0.929496 , 0
5.19285 , 0.956053 , 0
5.19264 , 0.98261 , 0
5.19244 , 1.00917 , 0
5.19224 , 1.03572 , 0
5.19204 , 1.06228 , 0
5.19183 , 1.08884 , 0
5.19163 , 1.11539 , 0
5.19143 , 1.14195 , 0
5.19123 , 1.16851 , 0
5.19102 , 1.19507 , 0
5.19082 , 1.22162 , 0
5.19062 , 1.24818 , 0
5.19042 , 1.27474 , 0
5.19021 , 1.30129 , 0
5.19001 , 1.32785 , 0
5.18981 , 1.35441 , 0
5.18961 , 1.38096 , 0
5.1894 , 1.40752 , 0
5.1892 , 1.43408 , 0
5.189 , 1.46064 , 0
5.1888 , 1.48719 , 0
5.18859 , 1.51375 , 0
5.18839 , 1.54031 , 0
5.18819 , 1.56686 , 0
5.18799 , 1.59342 , 0
5.18778 , 1.61998 , 0
5.18758 , 1.64654 , 0
5.18738 , 1.67309 , 0
5.18718 , 1.69965 , 0
5.18697 , 1.72621 , 0
5.18677 , 1.75276 , 0
5.18657 , 1.77932 , 0
5.18637 , 1.80588 , 0
5.18616 , 1.83243 , 0
5.18596 , 1.85899 , 0
5.18576 , 1.88555 , 0
5.18556 , 1.91211 , 0
5.18535 , 1.93866 , 0
5.18515 , 1.96522 , 0
5.18495 , 1.99178 , 0
5.18475 , 2.01833 , 0
5.18454 , 2.04489 , 0
5.18434 , 2.07145 , 0
5.18414 , 2.098 , 0
5.18394 , 2.12456 , 0
5.18373 , 2.15112 , 0
5.18353 , 2.17768 , 0
5.18333 , 2.20423 , 0
5.18313 , 2.23079 , 0
5.18292 , 2.25735 , 0
5.18272 , 2.2839 , 0
5.18252 , 2.31046 , 0
5.18232 , 2.33702 , 0
5.18211 , 2.36357 , 0
5.18191 , 2.39013 , 0
5.18171 , 2.41669 , 0
5.18151 , 2.44325 , 0
5.1813 , 2.4698 , 0
5.1811 , 2.49636 , 0
5.1809 , 2.52292 , 0
5.1807 , 2.54947 , 0
5.18049 , 2.57603 , 0
5.18029 , 2.60259 , 0
5.18009 , 2.62914 , 0
5.17989 , 2.6557 , 0
5.17968 , 2.68226 , 0
5.17948 , 2.70882 , 0
5.17928 , 2.73537 , 0
5.17908 , 2.76193 , 0
5.17887 , 2.78849 , 0
5.17867 , 2.81504 , 0
5.17847 , 2.8416 , 0
5.17827 , 2.86816 , 0
5.17806 , 2.89471 , 0
5.17786 , 2.92127 , 0
5.17766 , 2.94783 , 0
5.17745 , 2.97439 , 0
5.17725 , 3.00094 , 0
5.17705 , 3.0275 , 0
5.17685 , 3.05406 , 0
5.17664 , 3.08061 , 0
5.17644 , 3.10717 , 0
5.17624 , 3.13373 , 0
5.17604 , 3.16029 , 0
5.17583 , 3.18684 , 0
5.17563 , 3.2134 , 0
5.17543 , 3.23996 , 0
5.17523 , 3.26651 , 0
5.17502 , 3.29307 , 0
5.17482 , 3.31963 , 0
5.17462 , 3.34618 , 0
5.17442 , 3.37274 , 0
5.17421 , 3.3993 , 0
5.17401 , 3.42586 , 0
5.17381 , 3.45241 , 0
5.17361 , 3.47897 , 0
5.1734 , 3.50553 , 0
5.1732 , 3.53208 , 0
5.173 , 3.55864 , 0
5.1728 , 3.5852 , 0
5.17259 , 3.61175 , 0
5.17239 , 3.63831 , 0
5.17219 , 3.66487 , 0
5.17199 , 3.69143 , 0
5.17178 , 3.71798 , 0
5.17158 , 3.74454 , 0
5.17138 , 3.7711 , 0
5.17118 , 3.79765 , 0
5.17097 , 3.82421 , 0
5.17077 , 3.85077 , 0
5.17057 , 3.87732 , 0
5.17037 , 3.90388 , 0
5.17016 , 3.93044 , 0
5.16996 , 3.957 , 0
5.16976 , 3.98355 , 0
5.16956 , 4.01011 , 0
5.16935 , 4.03667 , 0
5.16915 , 4.06322 , 0
5.16895 , 4.08978 , 0
5.16875 , 4.11634 , 0
5.16854 , 4.1429 , 0
5.16834 , 4.16945 , 0
5.16814 , 4.19601 , 0
5.16794 , 4.22257 , 0
5.16773 , 4.24912 , 0
5.16753 , 4.27568 , 0
5.16733 , 4.30224 , 0
5.16713 , 4.32879 , 0
5.16692 , 4.35535 , 0
5.16672 , 4.38191 , 0
5.16652 , 4.40847 , 0
5.16632 , 4.43502 , 0
5.16611 , 4.46158 , 0
5.16591 , 4.48814 , 0
5.16571 , 4.51469 , 0
5.16551 , 4.54125 , 0
5.1653 , 4.56781 , 0
5.1651 , 4.59436 , 0
5.1649 , 4.62092 , 0
5.1647 , 4.64748 , 0
5.16449 , 4.67404 , 0
5.16429 , 4.70059 , 0
5.16409 , 4.72715 , 0
5.16389 , 4.75371 , 0
5.16368 , 4.78026 , 0
5.16348 , 4.80682 , 0
5.16328 , 4.83338 , 0
5.16308 , 4.85993 , 0
5.16287 , 4.88649 , 0
5.16267 , 4.91305 , 0
5.16247 , 4.93961 , 0
5.16227 , 4.96616 , 0
5.16206 , 4.99272 , 0
5.16186 , 5.01928 , 0
5.16166 , 5.04583 , 0
5.16146 , 5.07239 , 0
5.16125 , 5.09895 , 0
5.16105 , 5.12551 , 0
5.16085 , 5.15206 , 0
5.16065 , 5.17862 , 0
5.16044 , 5.20518 , 0
5.16024 , 5.23173 , 0
5.16004 , 5.25829 , 0
5.15984 , 5.28485 , 0
5.15963 , 5.3114 , 0
5.15943 , 5.33796 , 0
5.15923 , 5.36452 , 0
5.15903 , 5.39108 , 0
5.15882 , 5.41763 , 0
5.15862 , 5.44419 , 0
5.15842 , 5.47075 , 0
5.15822 , 5.4973 , 0
5.15801 , 5.52386 , 0
5.15781 , 5.55042 , 0
5.15761 , 5.57697 , 0
5.15741 , 5.60353 , 0
5.1572 , 5.63009 , 0
5.157 , 5.65665 , 0
5.1568 , 5.6832 , 0
5.1566 , 5.70976 , 0
5.15639 , 5.73632 , 0
5.15619 , 5.76287 , 0
5.15599 , 5.78943 , 0
5.15579 , 5.81599 , 0
5.15558 , 5.84254 , 0
5.15538 , 5.8691 , 0
5.15518 , 5.89566 , 0
5.15498 , 5.92222 , 0
5.15477 , 5.94877 , 0
5.15457 , 5.97533 , 0
5.15437 , 6.00189 , 0
5.15417 , 6.02844 , 0
5.15396 , 6.055 , 0
5.15376 , 6.08156 , 0
5.15356 , 6.10812 , 0
5.15336 , 6.13467 , 0
5.15315 , 6.16123 , 0
5.15295 , 6.18779 , 0
5.15275 , 6.21434 , 0
5.15255 , 6.2409 , 0
5.15234 , 6.26746 , 0
5.15214 , 6.29401 , 0
5.15194 , 6.32057 , 0
5.15174 , 6.34713 , 0
5.15153 , 6.37369 , 0
5.15133 , 6.40024 , 0
5.15113 , 6.4268 , 0
5.15093 , 6.45336 , 0
5.15072 , 6.47991 , 0
5.15052 , 6.50647 , 0
5.15032 , 6.53303 , 0
5.15012 , 6.55958 , 0
5.14991 , 6.58614 , 0
5.14971 , 6.6127 , 0
5.14951 , 6.63926 , 0
5.14931 , 6.66581 , 0
5.1491 , 6.69237 , 0
5.1489 , 6.71893 , 0
5.1487 , 6.74548 , 0
5.1485 , 6.77204 , 0
5.14829 , 6.7986 , 0
5.14809 , 6.82516 , 0
5.14789 , 6.85171 , 0
5.14768 , 6.87827 , 0
5.14748 , 6.90483 , 0
5.14728 , 6.93138 , 0
5.14708 , 6.95794 , 0
5.14687 , 6.9845 , 0
5.14667 , 7.01105 , 0
5.14647 , 7.03761 , 0
5.14627 , 7.06417 , 0
5.14606 , 7.09073 , 0
5.14586 , 7.11728 , 0
5.14566 , 7.14384 , 0
5.14546 , 7.1704 , 0
5.14525 , 7.19695 , 0
5.14505 , 7.22351 , 0
5.14485 , 7.25007 , 0
5.14465 , 7.27662 , 0
5.14444 , 7.30318 , 0
5.14424 , 7.32974 , 0
5.14404 , 7.3563 , 0
5.14384 , 7.38285 , 0
5.14363 , 7.40941 , 0
5.14343 , 7.43597 , 0
5.14323 , 7.46252 , 0
5.14303 , 7.48908 , 0
5.14282 , 7.51564 , 0
5.14262 , 7.54219 , 0
5.14242 , 7.56875 , 0
5.14222 , 7.59531 , 0
5.14201 , 7.62187 , 0
5.14181 , 7.64842 , 0
5.14161 , 7.67498 , 0
5.14141 , 7.70154 , 0
5.1412 , 7.72809 , 0
5.141 , 7.75465 , 0
5.1408 , 7.78121 , 0
5.1406 , 7.80777 , 0
5.14039 , 7.83432 , 0
5.14019 , 7.86088 , 0
5.13999 , 7.88744 , 0
5.13979 , 7.91399 , 0
5.13958 , 7.94055 , 0
5.13938 , 7.96711 , 0
5.13918 , 7.99366 , 0
5.13898 , 8.02022 , 0
5.13877 , 8.04678 , 0
5.13857 , 8.07334 , 0
5.13837 , 8.09989 , 0
5.13817 , 8.12645 , 0
5.13796 , 8.15301 , 0
5.13776 , 8.17956 , 0
5.13756 , 8.20612 , 0
5.13736 , 8.23268 , 0
5.13715 , 8.25923 , 0
5.13695 , 8.28579 , 0
5.13675 , 8.31235 , 0
5.13655 , 8.33891 , 0
5.13634 , 8.36546 , 0
5.13614 , 8.39202 , 0
5.13594 , 8.41858 , 0
5.13574 , 8.44513 , 0
5.13553 , 8.47169 , 0
5.13533 , 8.49825 , 0
5.13513 , 8.52481 , 0
5.13493 , 8.55136 , 0
5.13472 , 8.57792 , 0
5.13452 , 8.60448 , 0
5.13432 , 8.63103 , 0
5.13412 , 8.65759 , 0
5.13391 , 8.68415 , 0
5.13371 , 8.7107 , 0
5.13351 , 8.73726 , 0
5.13331 , 8.76382 , 0
5.1331 , 8.79038 , 0
5.1329 , 8.81693 , 0
5.1327 , 8.84349 , 0
5.1325 , 8.87005 , 0
5.13229 , 8.8966 , 0
5.13209 , 8.92316 , 0
5.13189 , 8.94972 , 0
5.13169 , 8.97627 , 0
5.13148 , 9.00283 , 0
5.13128 , 9.02939 , 0
5.13108 , 9.05595 , 0
5.13088 , 9.0825 , 0
5.13067 , 9.10906 , 0
5.13047 , 9.13562 , 0
5.13027 , 9.16217 , 0
5.13007 , 9.18873 , 0
5.12986 , 9.21529 , 0
5.12966 , 9.24185 , 0
5.12946 , 9.2684 , 0
5.12926 , 9.29496 , 0
5.12905 , 9.32152 , 0
5.12885 , 9.34807 , 0
5.12865 , 9.37463 , 0
5.12845 , 9.40119 , 0
5.12824 , 9.42774 , 0
5.12804 , 9.4543 , 0
5.12784 , 9.48086 , 0
5.12764 , 9.50742 , 0
5.12743 , 9.53397 , 0
5.12723 , 9.56053 , 0
5.12703 , 9.58709 , 0
5.12683 , 9.61364 , 0
5.12662 , 9.6402 , 0
5.12642 , 9.66676 , 0
5.12622 , 9.69331 , 0
5.12602 , 9.71987 , 0
5.12581 , 9.74643 , 0
5.12561 , 9.77299 , 0
5.12541 , 9.79954 , 0
5.12521 , 9.8261 , 0
5.125 , 9.85266 , 0
5.1248 , 9.87921 , 0
5.1246 , 9.90577 , 0
5.1244 , 9.93233 , 0
5.12419 , 9.95889 , 0
5.12399 , 9.98544 , 0
5.12379 , 10.012 , 0
5.12359 , 10.0386 , 0
5.12338 , 10.0651 , 0
5.12318 , 10.0917 , 0
5.12298 , 10.1182 , 0
5.12277 , 10.1448 , 0
5.12257 , 10.1713 , 0
5.12237 , 10.1979 , 0
5.12217 , 10.2245 , 0
5.12196 , 10.251 , 0
5.12176 , 10.2776 , 0
5.12156 , 10.3041 , 0
5.12136 , 10.3307 , 0
5.12115 , 10.3572 , 0
5.12095 , 10.3838 , 0
5.12075 , 10.4104 , 0
5.12055 , 10.4369 , 0
5.12034 , 10.4635 , 0
5.12014 , 10.49 , 0
5.11994 , 10.5166 , 0
5.11974 , 10.5431 , 0
5.11953 , 10.5697 , 0
5.11933 , 10.5963 , 0
5.11913 , 10.6228 , 0
5.11893 , 10.6494 , 0
5.11872 , 10.6759 , 0
5.11852 , 10.7025 , 0
5.11832 , 10.729 , 0
5.11812 , 10.7556 , 0
5.11791 , 10.7822 , 0
5.11771 , 10.8087 , 0
5.11751 , 10.8353 , 0
5.11731 , 10.8618 , 0
5.1171 , 10.8884 , 0
5.1169 , 10.9149 , 0
5.1167 , 10.9415 , 0
5.1165 , 10.9681 , 0
5.11629 , 10.9946 , 0
5.11609 , 11.0212 , 0
5.11589 , 11.0477 , 0
5.11569 , 11.0743 , 0
5.11548 , 11.1008 , 0
5.11528 , 11.1274 , 0
5.11508 , 11.154 , 0
5.11488 , 11.1805 , 0
5.11467 , 11.2071 , 0
5.11447 , 11.2336 , 0
5.11427 , 11.2602 , 0
5.11407 , 11.2867 , 0
5.11386 , 11.3133 , 0
5.11366 , 11.3399 , 0
5.11346 , 11.3664 , 0
5.11326 , 11.393 , 0
5.11305 , 11.4195 , 0
5.11285 , 11.4461 , 0
5.11265 , 11.4726 , 0
5.11245 , 11.4992 , 0
5.11224 , 11.5258 , 0
5.11204 , 11.5523 , 0
5.11184 , 11.5789 , 0
5.11164 , 11.6054 , 0
5.11143 , 11.632 , 0
5.11123 , 11.6585 , 0
5.11103 , 11.6851 , 0
5.11083 , 11.7116 , 0
5.11062 , 11.7382 , 0
5.11042 , 11.7648 , 0
5.11022 , 11.7913 , 0
5.11002 , 11.8179 , 0
5.10981 , 11.8444 , 0
5.10961 , 11.871 , 0
5.10941 , 11.8975 , 0
5.10921 , 11.9241 , 0
5.109 , 11.9507 , 0
5.1088 , 11.9772 , 0
5.1086 , 12.0038 , 0
5.1084 , 12.0303 , 0
5.10819 , 12.0569 , 0
5.10799 , 12.0834 , 0
5.10779 , 12.11 , 0
5.10759 , 12.1366 , 0
5.10738 , 12.1631 , 0
5.10718 , 12.1897 , 0
5.10698 , 12.2162 , 0
5.10678 , 12.2428 , 0
5.10657 , 12.2693 , 0
5.10637 , 12.2959 , 0
5.10617 , 12.3225 , 0
5.10597 , 12.349 , 0
5.10576 , 12.3756 , 0
5.10556 , 12.4021 , 0
5.10536 , 12.4287 , 0
5.10516 , 12.4552 , 0
5.10495 , 12.4818 , 0
5.10475 , 12.5084 , 0
5.10455 , 12.5349 , 0
5.10435 , 12.5615 , 0
5.10414 , 12.588 , 0
5.10394 , 12.6146 , 0
5.10374 , 12.6411 , 0
5.10354 , 12.6677 , 0
5.10333 , 12.6943 , 0
5.10313 , 12.7208 , 0
5.10293 , 12.7474 , 0
5.10273 , 12.7739 , 0
5.10252 , 12.8005 , 0
5.10232 , 12.827 , 0
5.10212 , 12.8536 , 0
5.10192 , 12.8802 , 0
5.10171 , 12.9067 , 0
5.10151 , 12.9333 , 0
5.10131 , 12.9598 , 0
5.10111 , 12.9864 , 0
5.1009 , 13.0129 , 0
5.1007 , 13.0395 , 0
5.1005 , 13.0661 , 0
5.1003 , 13.0926 , 0
5.10009 , 13.1192 , 0
5.09989 , 13.1457 , 0
5.09969 , 13.1723 , 0
5.09949 , 13.1988 , 0
5.09928 , 13.2254 , 0
5.09908 , 13.252 , 0
5.09888 , 13.2785 , 0
5.09867 , 13.3051 , 0
5.09847 , 13.3316 , 0
5.09827 , 13.3582 , 0
5.09807 , 13.3847 , 0
5.09786 , 13.4113 , 0
5.09766 , 13.4379 , 0
5.09746 , 13.4644 , 0
5.09726 , 13.491 , 0
5.09705 , 13.5175 , 0
5.09685 , 13.5441 , 0
5.09665 , 13.5706 , 0
5.09645 , 13.5972 , 0
5.09624 , 13.6238 , 0
5.09604 , 13.6503 , 0
5.09584 , 13.6769 , 0
5.09564 , 13.7034 , 0
5.09543 , 13.73 , 0
5.09523 , 13.7565 , 0
5.09503 , 13.7831 , 0
5.09483 , 13.8097 , 0
5.09462 , 13.8362 , 0
5.09442 , 13.8628 , 0
5.09422 , 13.8893 , 0
5.09402 , 13.9159 , 0
5.09381 , 13.9424 , 0
5.09361 , 13.969 , 0
5.09341 , 13.9956 , 0
5.09321 , 14.0221 , 0
5.093 , 14.0487 , 0
5.0928 , 14.0752 , 0
5.0926 , 14.1018 , 0
5.0924 , 14.1283 , 0
5.09219 , 14.1549 , 0
5.09199 , 14.1815 , 0
5.09179 , 14.208 , 0
5.09159 , 14.2346 , 0
5.09138 , 14.2611 , 0
5.09118 , 14.2877 , 0
5.09098 , 14.3142 , 0
5.09078 , 14.3408 , 0
5.09057 , 14.3674 , 0
5.09037 , 14.3939 , 0
5.09017 , 14.4205 , 0
5.08997 , 14.447 , 0
5.08976 , 14.4736 , 0
5.08956 , 14.5001 , 0
5.08936 , 14.5267 , 0
5.08916 , 14.5533 , 0
5.08895 , 14.5798 , 0
5.08875 , 14.6064 , 0
5.08855 , 14.6329 , 0
5.08835 , 14.6595 , 0
5.08814 , 14.686 , 0
5.08794 , 14.7126 , 0
5.08774 , 14.7392 , 0
5.08754 , 14.7657 , 0
5.08733 , 14.7923 , 0
5.08713 , 14.8188 , 0
5.08693 , 14.8454 , 0
5.08673 , 14.8719 , 0
5.08652 , 14.8985 , 0
5.08632 , 14.9251 , 0
5.08612 , 14.9516 , 0
5.08592 , 14.9782 , 0
5.08571 , 15.0047 , 0
5.08551 , 15.0313 , 0
5.08531 , 15.0578 , 0
5.08511 , 15.0844 , 0
5.0849 , 15.111 , 0
5.0847 , 15.1375 , 0
5.0845 , 15.1641 , 0
5.0843 , 15.1906 , 0
5.08409 , 15.2172 , 0
5.08389 , 15.2437 , 0
5.08369 , 15.2703 , 0
5.08349 , 15.2968 , 0
5.08328 , 15.3234 , 0
5.08308 , 15.35 , 0
5.08288 , 15.3765 , 0
5.08268 , 15.4031 , 0
5.08247 , 15.4296 , 0
5.08227 , 15.4562 , 0
5.08207 , 15.4827 , 0
5.08187 , 15.5093 , 0
5.08166 , 15.5359 , 0
5.08146 , 15.5624 , 0
5.08126 , 15.589 , 0
5.08106 , 15.6155 , 0
5.08085 , 15.6421 , 0
5.08065 , 15.6686 , 0
5.08045 , 15.6952 , 0
5.08025 , 15.7218 , 0
5.08004 , 15.7483 , 0
5.07984 , 15.7749 , 0
5.07964 , 15.8014 , 0
5.07944 , 15.828 , 0
5.07923 , 15.8545 , 0
5.07903 , 15.8811 , 0
5.07883 , 15.9077 , 0
5.07863 , 15.9342 , 0
5.07842 , 15.9608 , 0
5.07822 , 15.9873 , 0
5.07802 , 16.0139 , 0
5.07782 , 16.0404 , 0
5.07761 , 16.067 , 0
5.07741 , 16.0936 , 0
5.07721 , 16.1201 , 0
5.07701 , 16.1467 , 0
5.0768 , 16.1732 , 0
5.0766 , 16.1998 , 0
5.0764 , 16.2263 , 0
5.0762 , 16.2529 , 0
5.07599 , 16.2795 , 0
5.07579 , 16.306 , 0
5.07559 , 16.3326 , 0
5.07539 , 16.3591 , 0
5.07518 , 16.3857 , 0
5.07498 , 16.4122 , 0
5.07478 , 16.4388 , 0
5.07457 , 16.4654 , 0
5.07437 , 16.4919 , 0
5.07417 , 16.5185 , 0
5.07397 , 16.545 , 0
5.07376 , 16.5716 , 0
5.07356 , 16.5981 , 0
5.07336 , 16.6247 , 0
5.07316 , 16.6513 , 0
5.07295 , 16.6778 , 0
5.07275 , 16.7044 , 0
5.07255 , 16.7309 , 0
5.07235 , 16.7575 , 0
5.07214 , 16.784 , 0
5.07194 , 16.8106 , 0
5.07174 , 16.8372 , 0
5.07154 , 16.8637 , 0
5.07133 , 16.8903 , 0
5.07113 , 16.9168 , 0
5.07093 , 16.9434 , 0
5.07073 , 16.9699 , 0
5.07052 , 16.9965 , 0
5.07032 , 17.0231 , 0
5.07012 , 17.0496 , 0
5.06992 , 17.0762 , 0
5.06971 , 17.1027 , 0
5.06951 , 17.1293 , 0
5.06931 , 17.1558 , 0
5.06911 , 17.1824 , 0
5.0689 , 17.209 , 0
5.0687 , 17.2355 , 0
5.0685 , 17.2621 , 0
5.0683 , 17.2886 , 0
5.06809 , 17.3152 , 0
5.06789 , 17.3417 , 0
5.06769 , 17.3683 , 0
5.06749 , 17.3949 , 0
5.06728 , 17.4214 , 0
5.06708 , 17.448 , 0
5.06688 , 17.4745 , 0
5.06668 , 17.5011 , 0
5.06647 , 17.5276 , 0
5.06627 , 17.5542 , 0
5.06607 , 17.5808 , 0
5.06587 , 17.6073 , 0
5.06566 , 17.6339 , 0
5.06546 , 17.6604 , 0
5.06526 , 17.687 , 0
5.06506 , 17.7135 , 0
5.06485 , 17.7401 , 0
5.06465 , 17.7667 , 0
5.06445 , 17.7932 , 0
5.06425 , 17.8198 , 0
5.06404 , 17.8463 , 0
5.06384 , 17.8729 , 0
5.06364 , 17.8994 , 0
5.06344 , 17.926 , 0
5.06323 , 17.9526 , 0
5.06303 , 17.9791 , 0
5.06283 , 18.0057 , 0
5.06263 , 18.0322 , 0
5.06242 , 18.0588 , 0
5.06222 , 18.0853 , 0
5.06202 , 18.1119 , 0
5.06182 , 18.1385 , 0
5.06161 , 18.165 , 0
5.06141 , 18.1916 , 0
5.06121 , 18.2181 , 0
5.06101 , 18.2447 , 0
5.0608 , 18.2712 , 0
5.0606 , 18.2978 , 0
5.0604 , 18.3244 , 0
5.0602 , 18.3509 , 0
5.05999 , 18.3775 , 0
5.05979 , 18.404 , 0
5.05959 , 18.4306 , 0
5.05939 , 18.4571 , 0
5.05918 , 18.4837 , 0
5.05898 , 18.5103 , 0
5.05878 , 18.5368 , 0
5.05858 , 18.5634 , 0
5.05837 , 18.5899 , 0
5.05817 , 18.6165 , 0
5.05797 , 18.643 , 0
5.05777 , 18.6696 , 0
5.05756 , 18.6962 , 0
5.05736 , 18.7227 , 0
5.05716 , 18.7493 , 0
5.05696 , 18.7758 , 0
5.05675 , 18.8024 , 0
5.05655 , 18.8289 , 0
5.05635 , 18.8555 , 0
5.05615 , 18.8821 , 0
5.05594 , 18.9086 , 0
5.05574 , 18.9352 , 0
5.05554 , 18.9617 , 0
5.05534 , 18.9883 , 0
5.05513 , 19.0148 , 0
5.05493 , 19.0414 , 0
5.05473 , 19.0679 , 0
5.05453 , 19.0945 , 0
5.05432 , 19.1211 , 0
5.05412 , 19.1476 , 0
5.05392 , 19.1742 , 0
5.05372 , 19.2007 , 0
5.05351 , 19.2273 , 0
5.05331 , 19.2538 , 0
5.05311 , 19.2804 , 0
5.05291 , 19.307 , 0
5.0527 , 19.3335 , 0
5.0525 , 19.3601 , 0
5.0523 , 19.3866 , 0
5.0521 , 19.4132 , 0
5.05189 , 19.4397 , 0
5.05169 , 19.4663 , 0
5.05149 , 19.4929 , 0
5.05128 , 19.5194 , 0
5.05108 , 19.546 , 0
5.05088 , 19.5725 , 0
5.05068 , 19.5991 , 0
5.05047 , 19.6256 , 0
5.05027 , 19.6522 , 0
5.05007 , 19.6788 , 0
5.04987 , 19.7053 , 0
5.04966 , 19.7319 , 0
5.04946 , 19.7584 , 0
5.04926 , 19.785 , 0
5.04906 , 19.8115 , 0
5.04885 , 19.8381 , 0
5.04865 , 19.8647 , 0
5.04845 , 19.8912 , 0
5.04825 , 19.9178 , 0
5.04804 , 19.9443 , 0
5.04784 , 19.9709 , 0
5.04764 , 19.9974 , 0
5.04744 , 20.024 , 0
5.04723 , 20.0506 , 0
5.04703 , 20.0771 , 0
5.04683 , 20.1037 , 0
5.04663 , 20.1302 , 0
5.04642 , 20.1568 , 0
5.04622 , 20.1833 , 0
5.04602 , 20.2099 , 0
5.04582 , 20.2365 , 0
5.04561 , 20.263 , 0
5.04541 , 20.2896 , 0
5.04521 , 20.3161 , 0
5.04501 , 20.3427 , 0
5.0448 , 20.3692 , 0
5.0446 , 20.3958 , 0
5.0444 , 20.4224 , 0
5.0442 , 20.4489 , 0
5.04399 , 20.4755 , 0
5.04379 , 20.502 , 0
5.04359 , 20.5286 , 0
5.04339 , 20.5551 , 0
5.04318 , 20.5817 , 0
5.04298 , 20.6083 , 0
5.04278 , 20.6348 , 0
5.04258 , 20.6614 , 0
5.04237 , 20.6879 , 0
5.04217 , 20.7145 , 0
5.04197 , 20.741 , 0
5.04177 , 20.7676 , 0
5.04156 , 20.7942 , 0
5.04136 , 20.8207 , 0
5.04116 , 20.8473 , 0
5.04096 , 20.8738 , 0
5.04075 , 20.9004 , 0
5.04055 , 20.9269 , 0
5.04035 , 20.9535 , 0
5.04015 , 20.9801 , 0
5.03994 , 21.0066 , 0
5.03974 , 21.0332 , 0
5.03954 , 21.0597 , 0
5.03934 , 21.0863 , 0
5.03913 , 21.1128 , 0
5.03893 , 21.1394 , 0
5.03873 , 21.166 , 0
5.03853 , 21.1925 , 0
5.03832 , 21.2191 , 0
5.03812 , 21.2456 , 0
5.03792 , 21.2722 , 0
5.03772 , 21.2987 , 0
5.03751 , 21.3253 , 0
5.03731 , 21.3519 , 0
5.03711 , 21.3784 , 0
5.03691 , 21.405 , 0
5.0367 , 21.4315 , 0
5.0365 , 21.4581 , 0
5.0363 , 21.4846 , 0
5.0361 , 21.5112 , 0
5.03589 , 21.5378 , 0
5.03569 , 21.5643 , 0
5.03549 , 21.5909 , 0
5.03529 , 21.6174 , 0
5.03508 , 21.644 , 0
5.03488 , 21.6705 , 0
5.03468 , 21.6971 , 0
5.03448 , 21.7237 , 0
5.03427 , 21.7502 , 0
5.03407 , 21.7768 , 0
5.03387 , 21.8033 , 0
5.03367 , 21.8299 , 0
5.03346 , 21.8564 , 0
5.03326 , 21.883 , 0
5.03306 , 21.9096 , 0
5.03286 , 21.9361 , 0
5.03265 , 21.9627 , 0
5.03245 , 21.9892 , 0
5.03225 , 22.0158 , 0
5.03205 , 22.0423 , 0
5.03184 , 22.0689 , 0
5.03164 , 22.0955 , 0
5.03144 , 22.122 , 0
5.03124 , 22.1486 , 0
5.03103 , 22.1751 , 0
5.03083 , 22.2017 , 0
5.03063 , 22.2282 , 0
5.03043 , 22.2548 , 0
5.03022 , 22.2814 , 0
5.03002 , 22.3079 , 0
5.02982 , 22.3345 , 0
5.02962 , 22.361 , 0
5.02941 , 22.3876 , 0
5.02921 , 22.4141 , 0
5.02901 , 22.4407 , 0
5.02881 , 22.4673 , 0
5.0286 , 22.4938 , 0
5.0284 , 22.5204 , 0
5.0282 , 22.5469 , 0
5.02799 , 22.5735 , 0
5.02779 , 22.6 , 0
5.02759 , 22.6266 , 0
5.02739 , 22.6531 , 0
5.02718 , 22.6797 , 0
5.02698 , 22.7063 , 0
5.02678 , 22.7328 , 0
5.02658 , 22.7594 , 0
5.02637 , 22.7859 , 0
5.02617 , 22.8125 , 0
5.02597 , 22.839 , 0
5.02577 , 22.8656 , 0
5.02556 , 22.8922 , 0
5.02536 , 22.9187 , 0
5.02516 , 22.9453 , 0
5.02496 , 22.9718 , 0
5.02475 , 22.9984 , 0
5.02455 , 23.0249 , 0
5.02435 , 23.0515 , 0
5.02415 , 23.0781 , 0
5.02394 , 23.1046 , 0
5.02374 , 23.1312 , 0
5.02354 , 23.1577 , 0
5.02334 , 23.1843 , 0
5.02313 , 23.2108 , 0
5.02293 , 23.2374 , 0
5.02273 , 23.264 , 0
5.02253 , 23.2905 , 0
5.02232 , 23.3171 , 0
5.02212 , 23.3436 , 0
5.02192 , 23.3702 , 0
5.02172 , 23.3967 , 0
5.02151 , 23.4233 , 0
5.02131 , 23.4499 , 0
5.02111 , 23.4764 , 0
5.02091 , 23.503 , 0
5.0207 , 23.5295 , 0
5.0205 , 23.5561 , 0
5.0203 , 23.5826 , 0
5.0201 , 23.6092 , 0
5.01989 , 23.6358 , 0
5.01969 , 23.6623 , 0
5.01949 , 23.6889 , 0
5.01929 , 23.7154 , 0
5.01908 , 23.742 , 0
5.01888 , 23.7685 , 0
5.01868 , 23.7951 , 0
5.01848 , 23.8217 , 0
5.01827 , 23.8482 , 0
5.01807 , 23.8748 , 0
5.01787 , 23.9013 , 0
5.01767 , 23.9279 , 0
5.01746 , 23.9544 , 0
5.01726 , 23.981 , 0
5.01706 , 24.0076 , 0
5.01686 , 24.0341 , 0
5.01665 , 24.0607 , 0
5.01645 , 24.0872 , 0
5.01625 , 24.1138 , 0
5.01605 , 24.1403 , 0
5.01584 , 24.1669 , 0
5.01564 , 24.1935 , 0
5.01544 , 24.22 , 0
5.01524 , 24.2466 , 0
5.01503 , 24.2731 , 0
5.01483 , 24.2997 , 0
5.01463 , 24.3262 , 0
5.01443 , 24.3528 , 0
5.01422 , 24.3794 , 0
5.01402 , 24.4059 , 0
5.01382 , 24.4325 , 0
5.01362 , 24.459 , 0
5.01341 , 24.4856 , 0
5.01321 , 24.5121 , 0
5.01301 , 24.5387 , 0
5.01281 , 24.5653 , 0
5.0126 , 24.5918 , 0
5.0124 , 24.6184 , 0
5.0122 , 24.6449 , 0
5.012 , 24.6715 , 0
5.01179 , 24.698 , 0
5.01159 , 24.7246 , 0
5.01139 , 24.7512 , 0
5.01119 , 24.7777 , 0
5.01098 , 24.8043 , 0
5.01078 , 24.8308 , 0
5.01058 , 24.8574 , 0
5.01038 , 24.8839 , 0
5.01017 , 24.9105 , 0
5.00997 , 24.9371 , 0
5.00977 , 24.9636 , 0
5.00957 , 24.9902 , 0
5.00936 , 25.0167 , 0
5.00916 , 25.0433 , 0
5.00896 , 25.0698 , 0
5.00876 , 25.0964 , 0
5.00855 , 25.123 , 0
5.00835 , 25.1495 , 0
5.00815 , 25.1761 , 0
5.00795 , 25.2026 , 0
5.00774 , 25.2292 , 0
5.00754 , 25.2557 , 0
5.00734 , 25.2823 , 0
5.00714 , 25.3089 , 0
5.00693 , 25.3354 , 0
5.00673 , 25.362 , 0
5.00653 , 25.3885 , 0
5.00633 , 25.4151 , 0
5.00612 , 25.4416 , 0
5.00592 , 25.4682 , 0
5.00572 , 25.4948 , 0
5.00552 , 25.5213 , 0
5.00531 , 25.5479 , 0
5.00511 , 25.5744 , 0
5.00491 , 25.601 , 0
5.0047 , 25.6275 , 0
5.0045 , 25.6541 , 0
5.0043 , 25.6807 , 0
5.0041 , 25.7072 , 0
5.00389 , 25.7338 , 0
5.00369 , 25.7603 , 0
5.00349 , 25.7869 , 0
5.00329 , 25.8134 , 0
5.00308 , 25.84 , 0
5.00288 , 25.8666 , 0
5.00268 , 25.8931 , 0
5.00248 , 25.9197 , 0
5.00227 , 25.9462 , 0
5.00207 , 25.9728 , 0
5.00187 , 25.9993 , 0
5.00167 , 26.0259 , 0
5.00146 , 26.0525 , 0
5.00126 , 26.079 , 0
5.00106 , 26.1056 , 0
5.00086 , 26.1321 , 0
5.00065 , 26.1587 , 0
5.00045 , 26.1852 , 0
5.00025 , 26.2118 , 0
5.00005 , 26.2384 , 0
4.99984 , 26.2649 , 0
4.99964 , 26.2915 , 0
4.99944 , 26.318 , 0
4.99924 , 26.3446 , 0
4.99903 , 26.3711 , 0
4.99883 , 26.3977 , 0
4.99863 , 26.4242 , 0
4.99843 , 26.4508 , 0
4.99822 , 26.4774 , 0
4.99802 , 26.5039 , 0
4.99782 , 26.5305 , 0
4.99762 , 26.557 , 0
4.99741 , 26.5836 , 0
4.99721 , 26.6101 , 0
4.99701 , 26.6367 , 0
4.99681 , 26.6633 , 0
4.9966 , 26.6898 , 0
4.9964 , 26.7164 , 0
4.9962 , 26.7429 , 0
4.996 , 26.7695 , 0
4.99579 , 26.796 , 0
4.99559 , 26.8226 , 0
4.99539 , 26.8492 , 0
4.99519 , 26.8757 , 0
4.99498 , 26.9023 , 0
4.99478 , 26.9288 , 0
4.99458 , 26.9554 , 0
4.99438 , 26.9819 , 0
4.99417 , 27.0085 , 0
4.99397 , 27.0351 , 0
4.99377 , 27.0616 , 0
4.99357 , 27.0882 , 0
4.99336 , 27.1147 , 0
4.99316 , 27.1413 , 0
4.99296 , 27.1678 , 0
4.99276 , 27.1944 , 0
4.99255 , 27.221 , 0
4.99235 , 27.2475 , 0
4.99215 , 27.2741 , 0
4.99195 , 27.3006 , 0
4.99174 , 27.3272 , 0
4.99154 , 27.3537 , 0
4.99134 , 27.3803 , 0
4.99114 , 27.4069 , 0
4.99093 , 27.4334 , 0
4.99073 , 27.46 , 0
4.99053 , 27.4865 , 0
4.99033 , 27.5131 , 0
4.99012 , 27.5396 , 0
4.98992 , 27.5662 , 0
4.98972 , 27.5928 , 0
