x , y , z
1 , 0 , 0
0.999576 , 0.0206006 , 0
0.998727 , 0.0411925 , 0
0.997453 , 0.0617668 , 0
0.995756 , 0.0823149 , 0
0.993634 , 0.102828 , 0
0.99109 , 0.123297 , 0
0.988123 , 0.143714 , 0
0.984734 , 0.164069 , 0
0.980926 , 0.184355 , 0
0.976698 , 0.204561 , 0
0.972053 , 0.22468 , 0
0.966991 , 0.244704 , 0
0.961516 , 0.264622 , 0
0.95563 , 0.284427 , 0
0.949333 , 0.30411 , 0
0.942629 , 0.323663 , 0
0.935521 , 0.343076 , 0
0.928011 , 0.362343 , 0
0.920102 , 0.381453 , 0
0.911797 , 0.4004 , 0
0.9031 , 0.419174 , 0
0.894013 , 0.437767 , 0
0.884541 , 0.456172 , 0
0.874688 , 0.47438 , 0
0.864457 , 0.492384 , 0
0.853853 , 0.510174 , 0
0.84288 , 0.527745 , 0
0.831542 , 0.545087 , 0
0.819845 , 0.562193 , 0
0.807792 , 0.579055 , 0
0.79539 , 0.595667 , 0
0.782642 , 0.61202 , 0
0.769555 , 0.628108 , 0
0.756134 , 0.643924 , 0
0.742385 , 0.659459 , 0
0.728313 , 0.674708 , 0
0.713924 , 0.689664 , 0
0.699224 , 0.704319 , 0
0.68422 , 0.718667 , 0
0.668917 , 0.732703 , 0
0.653324 , 0.746419 , 0
0.637445 , 0.75981 , 0
0.621288 , 0.772868 , 0
0.604859 , 0.78559 , 0
0.588167 , 0.797968 , 0
0.571217 , 0.809997 , 0
0.554017 , 0.821672 , 0
0.536575 , 0.832987 , 0
0.518898 , 0.843938 , 0
0.500994 , 0.854519 , 0
0.48287 , 0.864725 , 0
0.464534 , 0.874553 , 0
0.445994 , 0.883996 , 0
0.427259 , 0.893052 , 0
0.408336 , 0.901715 , 0
0.389234 , 0.909982 , 0
0.369961 , 0.917849 , 0
0.350524 , 0.925313 , 0
0.330934 , 0.932369 , 0
0.311198 , 0.939015 , 0
0.291325 , 0.945248 , 0
0.271324 , 0.951064 , 0
0.251203 , 0.956462 , 0
0.230972 , 0.961437 , 0
0.210638 , 0.965989 , 0
0.190212 , 0.970115 , 0
0.169702 , 0.973812 , 0
0.149117 , 0.97708 , 0
0.128466 , 0.979916 , 0
0.107758 , 0.98232 , 0
0.0870024 , 0.984289 , 0
0.0662086 , 0.985823 , 0
0.0453855 , 0.986922 , 0
0.0245424 , 0.987584 , 0
0.00368838 , 0.987809 , 0
-0.0171673 , 0.987597 , 0
-0.0380153 , 0.986948 , 0
-0.0588465 , 0.985862 , 0
-0.0796517 , 0.98434 , 0
-0.100422 , 0.982382 , 0
-0.121147 , 0.979988 , 0
-0.141819 , 0.977161 , 0
-0.162428 , 0.973901 , 0
-0.182965 , 0.970208 , 0
-0.20342 , 0.966086 , 0
-0.223786 , 0.961536 , 0
-0.244053 , 0.95656 , 0
-0.264211 , 0.951159 , 0
-0.284252 , 0.945336 , 0
-0.304167 , 0.939095 , 0
-0.323947 , 0.932437 , 0
-0.343583 , 0.925365 , 0
-0.363067 , 0.917883 , 0
-0.38239 , 0.909993 , 0
-0.401544 , 0.9017 , 0
-0.420519 , 0.893007 , 0
-0.439308 , 0.883918 , 0
-0.457902 , 0.874437 , 0
-0.476292 , 0.864568 , 0
-0.494472 , 0.854315 , 0
-0.512432 , 0.843684 , 0
-0.530165 , 0.832678 , 0
-0.547663 , 0.821303 , 0
-0.564918 , 0.809564 , 0
-0.581922 , 0.797466 , 0
-0.598668 , 0.785014 , 0
-0.615149 , 0.772214 , 0
-0.631358 , 0.759072 , 0
-0.647286 , 0.745594 , 0
-0.662928 , 0.731785 , 0
-0.678276 , 0.717652 , 0
-0.693323 , 0.703201 , 0
-0.708064 , 0.688438 , 0
-0.72249 , 0.673371 , 0
-0.736597 , 0.658006 , 0
-0.750378 , 0.642349 , 0
-0.763827 , 0.626408 , 0
-0.776938 , 0.61019 , 0
-0.789705 , 0.593702 , 0
-0.802124 , 0.576952 , 0
-0.814187 , 0.559946 , 0
-0.825891 , 0.542693 , 0
-0.83723 , 0.5252 , 0
-0.848199 , 0.507476 , 0
-0.858793 , 0.489527 , 0
-0.869009 , 0.471362 , 0
-0.878841 , 0.452989 , 0
-0.888285 , 0.434417 , 0
-0.897338 , 0.415652 , 0
-0.905995 , 0.396705 , 0
-0.914253 , 0.377583 , 0
-0.922109 , 0.358294 , 0
-0.929558 , 0.338848 , 0
-0.936598 , 0.319253 , 0
-0.943227 , 0.299517 , 0
-0.949441 , 0.27965 , 0
-0.955237 , 0.259659 , 0
-0.960614 , 0.239555 , 0
-0.965569 , 0.219345 , 0
-0.9701 , 0.199039 , 0
-0.974206 , 0.178646 , 0
-0.977884 , 0.158175 , 0
-0.981134 , 0.137634 , 0
-0.983955 , 0.117033 , 0
-0.986344 , 0.0963805 , 0
-0.988302 , 0.075686 , 0
-0.989828 , 0.0549584 , 0
-0.990921 , 0.0342068 , 0
-0.991581 , 0.0134402 , 0
-0.991808 , -0.00733225 , 0
-0.991602 , -0.0281015 , 0
-0.990964 , -0.0488585 , 0
-0.989894 , -0.0695942 , 0
-0.988393 , -0.0902996 , 0
-0.986461 , -0.110966 , 0
-0.9841 , -0.131583 , 0
-0.981311 , -0.152144 , 0
-0.978096 , -0.172638 , 0
-0.974456 , -0.193058 , 0
-0.970393 , -0.213394 , 0
-0.965909 , -0.233637 , 0
-0.961006 , -0.253778 , 0
-0.955687 , -0.27381 , 0
-0.949954 , -0.293724 , 0
-0.943811 , -0.31351 , 0
-0.937259 , -0.333161 , 0
-0.930302 , -0.352667 , 0
-0.922943 , -0.372022 , 0
-0.915186 , -0.391216 , 0
-0.907035 , -0.410241 , 0
-0.898492 , -0.429089 , 0
-0.889563 , -0.447753 , 0
-0.88025 , -0.466224 , 0
-0.870559 , -0.484494 , 0
-0.860495 , -0.502556 , 0
-0.85006 , -0.520402 , 0
-0.839261 , -0.538025 , 0
-0.828101 , -0.555418 , 0
-0.816587 , -0.572572 , 0
-0.804723 , -0.589481 , 0
-0.792515 , -0.606138 , 0
-0.779968 , -0.622535 , 0
-0.767087 , -0.638667 , 0
-0.753879 , -0.654525 , 0
-0.740349 , -0.670105 , 0
-0.726503 , -0.685398 , 0
-0.712348 , -0.7004 , 0
-0.69789 , -0.715103 , 0
-0.683134 , -0.729502 , 0
-0.668088 , -0.743591 , 0
-0.652758 , -0.757364 , 0
-0.637151 , -0.770815 , 0
-0.621274 , -0.783939 , 0
-0.605133 , -0.796731 , 0
-0.588736 , -0.809185 , 0
-0.57209 , -0.821297 , 0
-0.555201 , -0.833061 , 0
-0.538078 , -0.844473 , 0
-0.520728 , -0.855528 , 0
-0.503157 , -0.866222 , 0
-0.485375 , -0.876551 , 0
-0.467387 , -0.88651 , 0
-0.449203 , -0.896096 , 0
-0.43083 , -0.905304 , 0
-0.412276 , -0.914131 , 0
-0.393548 , -0.922575 , 0
-0.374655 , -0.930631 , 0
-0.355604 , -0.938296 , 0
-0.336405 , -0.945567 , 0
-0.317064 , -0.952442 , 0
-0.297591 , -0.958918 , 0
-0.277993 , -0.964993 , 0
-0.258279 , -0.970664 , 0
-0.238456 , -0.975929 , 0
-0.218535 , -0.980787 , 0
-0.198522 , -0.985235 , 0
-0.178426 , -0.989272 , 0
-0.158255 , -0.992897 , 0
-0.138019 , -0.996108 , 0
-0.117726 , -0.998904 , 0
-0.0973829 , -1.00128 , 0
-0.0769997 , -1.00325 , 0
-0.0565846 , -1.0048 , 0
-0.0361459 , -1.00593 , 0
-0.0156923 , -1.00664 , 0
0.0047679 , -1.00693 , 0
0.0252261 , -1.00681 , 0
0.0456738 , -1.00627 , 0
0.0661027 , -1.00531 , 0
0.0865041 , -1.00394 , 0
0.10687 , -1.00216 , 0
0.127191 , -0.999954 , 0
0.14746 , -0.99734 , 0
0.167669 , -0.994314 , 0
0.187807 , -0.990877 , 0
0.207869 , -0.987033 , 0
0.227845 , -0.982781 , 0
0.247727 , -0.978125 , 0
0.267507 , -0.973066 , 0
0.287177 , -0.967606 , 0
0.306729 , -0.961749 , 0
0.326155 , -0.955497 , 0
0.345447 , -0.948852 , 0
0.364597 , -0.941817 , 0
0.383597 , -0.934396 , 0
0.40244 , -0.926592 , 0
0.421118 , -0.918407 , 0
0.439624 , -0.909847 , 0
0.457949 , -0.900914 , 0
0.476087 , -0.891611 , 0
0.49403 , -0.881945 , 0
0.511771 , -0.871917 , 0
0.529303 , -0.861533 , 0
0.546619 , -0.850796 , 0
0.563711 , -0.839712 , 0
0.580573 , -0.828286 , 0
0.597198 , -0.816521 , 0
0.613579 , -0.804423 , 0
0.62971 , -0.791997 , 0
0.645584 , -0.779247 , 0
0.661195 , -0.766181 , 0
0.676537 , -0.752802 , 0
0.691603 , -0.739116 , 0
0.706388 , -0.725129 , 0
0.720884 , -0.710848 , 0
0.735088 , -0.696277 , 0
0.748992 , -0.681422 , 0
0.762592 , -0.666291 , 0
0.775882 , -0.650888 , 0
0.788856 , -0.635221 , 0
0.80151 , -0.619296 , 0
0.813838 , -0.603119 , 0
0.825836 , -0.586698 , 0
0.837498 , -0.570038 , 0
0.84882 , -0.553146 , 0
0.859798 , -0.53603 , 0
0.870426 , -0.518697 , 0
0.880702 , -0.501153 , 0
0.89062 , -0.483405 , 0
0.900176 , -0.465462 , 0
0.909368 , -0.447329 , 0
0.918191 , -0.429016 , 0
0.926641 , -0.410528 , 0
0.934716 , -0.391874 , 0
0.942412 , -0.373061 , 0
0.949726 , -0.354096 , 0
0.956654 , -0.334989 , 0
0.963195 , -0.315745 , 0
0.969346 , -0.296374 , 0
0.975104 , -0.276882 , 0
0.980466 , -0.257278 , 0
0.985432 , -0.23757 , 0
0.989998 , -0.217766 , 0
0.994162 , -0.197873 , 0
0.997924 , -0.1779 , 0
1.00128 , -0.157855 , 0
1.00423 , -0.137746 , 0
1.00678 , -0.117582 , 0
1.00891 , -0.0973692 , 0
1.01064 , -0.0771174 , 0
1.01196 , -0.0568343 , 0
1.01287 , -0.0365281 , 0
1.01337 , -0.0162071 , 0
1.01345 , 0.00412039 , 0
1.01313 , 0.0244462 , 0
1.01239 , 0.0447622 , 0
1.01124 , 0.06506 , 0
1.00969 , 0.0853314 , 0
1.00772 , 0.105568 , 0
1.00535 , 0.125762 , 0
1.00256 , 0.145905 , 0
0.999373 , 0.165989 , 0
0.995777 , 0.186005 , 0
0.991776 , 0.205946 , 0
0.987372 , 0.225803 , 0
0.982568 , 0.245568 , 0
0.977364 , 0.265233 , 0
0.971762 , 0.284791 , 0
0.965766 , 0.304233 , 0
0.959376 , 0.323551 , 0
0.952597 , 0.342737 , 0
0.945429 , 0.361784 , 0
0.937877 , 0.380684 , 0
0.929942 , 0.399428 , 0
0.921629 , 0.41801 , 0
0.91294 , 0.436422 , 0
0.90388 , 0.454656 , 0
0.89445 , 0.472704 , 0
0.884656 , 0.490559 , 0
0.8745 , 0.508214 , 0
0.863988 , 0.525662 , 0
0.853122 , 0.542895 , 0
0.841908 , 0.559906 , 0
0.83035 , 0.576688 , 0
0.818452 , 0.593235 , 0
0.80622 , 0.609539 , 0
0.793657 , 0.625593 , 0
0.78077 , 0.641391 , 0
0.767562 , 0.656926 , 0
0.754041 , 0.672192 , 0
0.740209 , 0.687183 , 0
0.726075 , 0.701891 , 0
0.711642 , 0.716312 , 0
0.696917 , 0.730438 , 0
0.681905 , 0.744264 , 0
0.666614 , 0.757785 , 0
0.651048 , 0.770993 , 0
0.635214 , 0.783885 , 0
0.619119 , 0.796453 , 0
0.602768 , 0.808694 , 0
0.58617 , 0.820601 , 0
0.569329 , 0.83217 , 0
0.552253 , 0.843395 , 0
0.53495 , 0.854272 , 0
0.517426 , 0.864796 , 0
0.499687 , 0.874963 , 0
0.481742 , 0.884768 , 0
0.463598 , 0.894207 , 0
0.445261 , 0.903275 , 0
0.42674 , 0.911969 , 0
0.408043 , 0.920285 , 0
0.389175 , 0.928219 , 0
0.370147 , 0.935768 , 0
0.350964 , 0.942928 , 0
0.331636 , 0.949696 , 0
0.31217 , 0.956069 , 0
0.292574 , 0.962045 , 0
0.272856 , 0.967619 , 0
0.253024 , 0.972791 , 0
0.233087 , 0.977556 , 0
0.213052 , 0.981914 , 0
0.192928 , 0.985862 , 0
0.172724 , 0.989397 , 0
0.152448 , 0.992519 , 0
0.132108 , 0.995226 , 0
0.111712 , 0.997516 , 0
0.0912702 , 0.999388 , 0
0.0707897 , 1.00084 , 0
0.0502794 , 1.00187 , 0
0.0297481 , 1.00249 , 0
0.00920424 , 1.00268 , 0
-0.0113435 , 1.00245 , 0
-0.0318864 , 1.00179 , 0
-0.0524159 , 1.00072 , 0
-0.0729234 , 0.999225 , 0
-0.0934 , 0.997307 , 0
-0.113837 , 0.994969 , 0
-0.134226 , 0.992211 , 0
-0.154559 , 0.989034 , 0
-0.174826 , 0.985438 , 0
-0.195019 , 0.981425 , 0
-0.21513 , 0.976997 , 0
-0.235149 , 0.972154 , 0
-0.255069 , 0.966899 , 0
-0.27488 , 0.961234 , 0
-0.294575 , 0.955161 , 0
-0.314144 , 0.948681 , 0
-0.33358 , 0.941798 , 0
-0.352874 , 0.934515 , 0
-0.372017 , 0.926833 , 0
-0.391002 , 0.918756 , 0
-0.40982 , 0.910287 , 0
-0.428464 , 0.90143 , 0
-0.446924 , 0.892187 , 0
-0.465193 , 0.882563 , 0
-0.483263 , 0.872562 , 0
-0.501126 , 0.862187 , 0
-0.518775 , 0.851443 , 0
-0.536201 , 0.840334 , 0
-0.553397 , 0.828864 , 0
-0.570356 , 0.817038 , 0
-0.587069 , 0.804862 , 0
-0.603531 , 0.792339 , 0
-0.619732 , 0.779476 , 0
-0.635667 , 0.766277 , 0
-0.651328 , 0.752748 , 0
-0.666708 , 0.738894 , 0
-0.681801 , 0.724722 , 0
-0.696599 , 0.710237 , 0
-0.711096 , 0.695445 , 0
-0.725287 , 0.680353 , 0
-0.739163 , 0.664966 , 0
-0.752719 , 0.649291 , 0
-0.76595 , 0.633336 , 0
-0.778849 , 0.617106 , 0
-0.79141 , 0.600608 , 0
-0.803627 , 0.58385 , 0
-0.815496 , 0.566838 , 0
-0.82701 , 0.54958 , 0
-0.838165 , 0.532083 , 0
-0.848955 , 0.514355 , 0
-0.859376 , 0.496402 , 0
-0.869423 , 0.478234 , 0
-0.87909 , 0.459857 , 0
-0.888375 , 0.44128 , 0
-0.897272 , 0.42251 , 0
-0.905777 , 0.403556 , 0
-0.913887 , 0.384426 , 0
-0.921597 , 0.365127 , 0
-0.928905 , 0.345669 , 0
-0.935806 , 0.32606 , 0
-0.942297 , 0.306308 , 0
-0.948376 , 0.286422 , 0
-0.95404 , 0.266411 , 0
-0.959285 , 0.246282 , 0
-0.96411 , 0.226046 , 0
-0.968511 , 0.205711 , 0
-0.972488 , 0.185285 , 0
-0.976037 , 0.164778 , 0
-0.979158 , 0.144198 , 0
-0.981848 , 0.123555 , 0
-0.984106 , 0.102858 , 0
-0.985932 , 0.0821154 , 0
-0.987323 , 0.0613367 , 0
-0.98828 , 0.040531 , 0
-0.988801 , 0.0197075 , 0
-0.988887 , -0.00112471 , 0
-0.988537 , -0.0219564 , 0
-0.987751 , -0.0427785 , 0
-0.986529 , -0.0635816 , 0
-0.984872 , -0.0843567 , 0
-0.98278 , -0.105095 , 0
-0.980254 , -0.125786 , 0
-0.977295 , -0.146422 , 0
-0.973904 , -0.166993 , 0
-0.970083 , -0.187491 , 0
-0.965833 , -0.207905 , 0
-0.961156 , -0.228228 , 0
-0.956053 , -0.248449 , 0
-0.950528 , -0.268561 , 0
-0.944582 , -0.288554 , 0
-0.938218 , -0.308419 , 0
-0.931438 , -0.328147 , 0
-0.924246 , -0.34773 , 0
-0.916644 , -0.36716 , 0
-0.908637 , -0.386426 , 0
-0.900227 , -0.405521 , 0
-0.891417 , -0.424437 , 0
-0.882213 , -0.443164 , 0
-0.872618 , -0.461696 , 0
-0.862636 , -0.480022 , 0
-0.852271 , -0.498135 , 0
-0.841529 , -0.516028 , 0
-0.830413 , -0.533692 , 0
-0.818929 , -0.551119 , 0
-0.807081 , -0.568301 , 0
-0.794876 , -0.585232 , 0
-0.782318 , -0.601903 , 0
-0.769413 , -0.618307 , 0
-0.756167 , -0.634437 , 0
-0.742586 , -0.650285 , 0
-0.728675 , -0.665845 , 0
-0.71444 , -0.681109 , 0
-0.699889 , -0.696071 , 0
-0.685028 , -0.710725 , 0
-0.669862 , -0.725063 , 0
-0.6544 , -0.73908 , 0
-0.638647 , -0.752769 , 0
-0.622611 , -0.766125 , 0
-0.606299 , -0.77914 , 0
-0.589719 , -0.79181 , 0
-0.572877 , -0.80413 , 0
-0.555781 , -0.816093 , 0
-0.538438 , -0.827694 , 0
-0.520858 , -0.838928 , 0
-0.503046 , -0.849791 , 0
-0.485012 , -0.860278 , 0
-0.466763 , -0.870383 , 0
-0.448307 , -0.880103 , 0
-0.429653 , -0.889434 , 0
-0.410809 , -0.898371 , 0
-0.391783 , -0.906911 , 0
-0.372583 , -0.915049 , 0
-0.353219 , -0.922783 , 0
-0.333699 , -0.930109 , 0
-0.314031 , -0.937024 , 0
-0.294225 , -0.943525 , 0
-0.274288 , -0.94961 , 0
-0.254231 , -0.955275 , 0
-0.234061 , -0.960518 , 0
-0.213788 , -0.965338 , 0
-0.193421 , -0.969731 , 0
-0.172969 , -0.973698 , 0
-0.15244 , -0.977235 , 0
-0.131844 , -0.980341 , 0
-0.11119 , -0.983016 , 0
-0.0904871 , -0.985258 , 0
-0.0697444 , -0.987067 , 0
-0.0489709 , -0.988441 , 0
-0.028176 , -0.989381 , 0
-0.00736868 , -0.989886 , 0
0.0134419 , -0.989956 , 0
0.0342466 , -0.989592 , 0
0.0550362 , -0.988793 , 0
0.0758017 , -0.987561 , 0
0.0965339 , -0.985895 , 0
0.117224 , -0.983798 , 0
0.137863 , -0.981269 , 0
0.158441 , -0.978311 , 0
0.17895 , -0.974925 , 0
0.19938 , -0.971113 , 0
0.219724 , -0.966876 , 0
0.239971 , -0.962217 , 0
0.260114 , -0.957137 , 0
0.280144 , -0.95164 , 0
0.300051 , -0.945729 , 0
0.319827 , -0.939404 , 0
0.339464 , -0.932671 , 0
0.358953 , -0.925531 , 0
0.378286 , -0.917989 , 0
0.397455 , -0.910048 , 0
0.416451 , -0.901711 , 0
0.435266 , -0.892983 , 0
0.453892 , -0.883867 , 0
0.472321 , -0.874368 , 0
0.490545 , -0.864489 , 0
0.508557 , -0.854237 , 0
0.526349 , -0.843614 , 0
0.543913 , -0.832626 , 0
0.561242 , -0.821279 , 0
0.578328 , -0.809576 , 0
0.595165 , -0.797524 , 0
0.611745 , -0.785128 , 0
0.628061 , -0.772393 , 0
0.644106 , -0.759326 , 0
0.659874 , -0.745931 , 0
0.675358 , -0.732215 , 0
0.690552 , -0.718185 , 0
0.705449 , -0.703846 , 0
0.720043 , -0.689205 , 0
0.734328 , -0.674267 , 0
0.748298 , -0.659041 , 0
0.761947 , -0.643532 , 0
0.77527 , -0.627748 , 0
0.788262 , -0.611695 , 0
0.800916 , -0.595381 , 0
0.813228 , -0.578812 , 0
0.825192 , -0.561996 , 0
0.836805 , -0.54494 , 0
0.848061 , -0.527652 , 0
0.858955 , -0.510139 , 0
0.869484 , -0.492408 , 0
0.879642 , -0.474468 , 0
0.889427 , -0.456327 , 0
0.898834 , -0.437991 , 0
0.907859 , -0.41947 , 0
0.916499 , -0.400771 , 0
0.92475 , -0.381901 , 0
0.93261 , -0.36287 , 0
0.940075 , -0.343686 , 0
0.947142 , -0.324355 , 0
0.953809 , -0.304888 , 0
0.960073 , -0.285292 , 0
0.965931 , -0.265576 , 0
0.971382 , -0.245747 , 0
0.976424 , -0.225815 , 0
0.981054 , -0.205788 , 0
0.985271 , -0.185674 , 0
0.989074 , -0.165482 , 0
0.992461 , -0.145221 , 0
0.995432 , -0.124898 , 0
0.997984 , -0.104524 , 0
1.00012 , -0.0841048 , 0
1.00183 , -0.0636509 , 0
1.00313 , -0.0431702 , 0
1.004 , -0.0226715 , 0
1.00446 , -0.00216328 , 0
1.00449 , 0.0183458 , 0
1.00411 , 0.0388473 , 0
1.00331 , 0.0593325 , 0
1.00208 , 0.079793 , 0
1.00044 , 0.10022 , 0
0.998387 , 0.120606 , 0
0.995914 , 0.140941 , 0
0.993028 , 0.161217 , 0
0.989728 , 0.181427 , 0
0.986017 , 0.201561 , 0
0.981897 , 0.221612 , 0
0.977369 , 0.24157 , 0
0.972436 , 0.261429 , 0
0.9671 , 0.281178 , 0
0.961363 , 0.300812 , 0
0.955228 , 0.320321 , 0
0.948698 , 0.339697 , 0
0.941776 , 0.358933 , 0
0.934464 , 0.378021 , 0
0.926767 , 0.396952 , 0
0.918687 , 0.41572 , 0
0.910228 , 0.434316 , 0
0.901394 , 0.452733 , 0
0.892188 , 0.470964 , 0
0.882615 , 0.489001 , 0
0.872679 , 0.506836 , 0
0.862383 , 0.524463 , 0
0.851733 , 0.541874 , 0
0.840733 , 0.559062 , 0
0.829388 , 0.576021 , 0
0.817702 , 0.592743 , 0
0.805681 , 0.609223 , 0
0.793329 , 0.625452 , 0
0.780652 , 0.641425 , 0
0.767655 , 0.657135 , 0
0.754343 , 0.672575 , 0
0.740723 , 0.687741 , 0
0.7268 , 0.702625 , 0
0.712579 , 0.717222 , 0
0.698067 , 0.731525 , 0
0.68327 , 0.74553 , 0
0.668194 , 0.75923 , 0
0.652845 , 0.772619 , 0
0.637229 , 0.785694 , 0
0.621353 , 0.798448 , 0
0.605224 , 0.810876 , 0
0.588848 , 0.822974 , 0
0.572232 , 0.834736 , 0
0.555383 , 0.846158 , 0
0.538308 , 0.857235 , 0
0.521013 , 0.867964 , 0
0.503507 , 0.878339 , 0
0.485795 , 0.888356 , 0
0.467886 , 0.898013 , 0
0.449787 , 0.907303 , 0
0.431504 , 0.916226 , 0
0.413047 , 0.924775 , 0
0.394421 , 0.932949 , 0
0.375635 , 0.940744 , 0
0.356697 , 0.948156 , 0
0.337614 , 0.955184 , 0
0.318393 , 0.961824 , 0
0.299044 , 0.968073 , 0
0.279573 , 0.973929 , 0
0.259989 , 0.979391 , 0
0.240299 , 0.984454 , 0
0.220511 , 0.989119 , 0
0.200635 , 0.993382 , 0
0.180676 , 0.997242 , 0
0.160645 , 1.0007 , 0
0.140548 , 1.00375 , 0
0.120395 , 1.00639 , 0
0.100193 , 1.00863 , 0
0.0799496 , 1.01045 , 0
0.0596742 , 1.01187 , 0
0.0393747 , 1.01288 , 0
0.0190592 , 1.01347 , 0
-0.00126408 , 1.01366 , 0
-0.0215868 , 1.01343 , 0
-0.0419008 , 1.0128 , 0
-0.0621978 , 1.01175 , 0
-0.0824695 , 1.0103 , 0
-0.102708 , 1.00843 , 0
-0.122905 , 1.00616 , 0
-0.143052 , 1.00347 , 0
-0.163141 , 1.00039 , 0
-0.183163 , 0.996891 , 0
-0.203112 , 0.992992 , 0
-0.222978 , 0.988691 , 0
-0.242754 , 0.983989 , 0
-0.262431 , 0.978888 , 0
-0.282002 , 0.97339 , 0
-0.301459 , 0.967498 , 0
-0.320793 , 0.961213 , 0
-0.339997 , 0.954538 , 0
-0.359064 , 0.947475 , 0
-0.377984 , 0.940028 , 0
-0.396751 , 0.9322 , 0
-0.415357 , 0.923993 , 0
-0.433794 , 0.915411 , 0
-0.452056 , 0.906457 , 0
-0.470133 , 0.897135 , 0
-0.488019 , 0.887448 , 0
-0.505708 , 0.8774 , 0
-0.52319 , 0.866996 , 0
-0.54046 , 0.856239 , 0
-0.55751 , 0.845134 , 0
-0.574333 , 0.833685 , 0
-0.590922 , 0.821897 , 0
-0.607271 , 0.809774 , 0
-0.623372 , 0.797322 , 0
-0.639219 , 0.784544 , 0
-0.654806 , 0.771447 , 0
-0.670126 , 0.758035 , 0
-0.685173 , 0.744314 , 0
-0.69994 , 0.73029 , 0
-0.714421 , 0.715967 , 0
-0.728611 , 0.701352 , 0
-0.742503 , 0.686451 , 0
-0.756092 , 0.671269 , 0
-0.769372 , 0.655813 , 0
-0.782337 , 0.640088 , 0
-0.794982 , 0.624102 , 0
-0.807301 , 0.60786 , 0
-0.81929 , 0.591369 , 0
-0.830944 , 0.574636 , 0
-0.842256 , 0.557668 , 0
-0.853224 , 0.54047 , 0
-0.863841 , 0.523052 , 0
-0.874104 , 0.505418 , 0
-0.884007 , 0.487577 , 0
-0.893548 , 0.469535 , 0
-0.902721 , 0.4513 , 0
-0.911523 , 0.43288 , 0
-0.91995 , 0.414282 , 0
-0.927998 , 0.395513 , 0
-0.935663 , 0.376581 , 0
-0.942943 , 0.357494 , 0
-0.949835 , 0.338259 , 0
-0.956334 , 0.318885 , 0
-0.962438 , 0.29938 , 0
-0.968144 , 0.27975 , 0
-0.973451 , 0.260005 , 0
-0.978355 , 0.240152 , 0
-0.982853 , 0.2202 , 0
-0.986945 , 0.200157 , 0
-0.990628 , 0.180031 , 0
-0.9939 , 0.15983 , 0
-0.99676 , 0.139563 , 0
-0.999206 , 0.119238 , 0
-1.00124 , 0.0988629 , 0
-1.00285 , 0.0784472 , 0
-1.00405 , 0.0579988 , 0
-1.00483 , 0.0375263 , 0
-1.00519 , 0.0170381 , 0
-1.00513 , -0.00345713 , 0
-1.00465 , -0.0239509 , 0
-1.00376 , -0.0444347 , 0
-1.00244 , -0.0649 , 0
-1.00071 , -0.0853381 , 0
-0.998554 , -0.105741 , 0
-0.995983 , -0.126099 , 0
-0.992995 , -0.146404 , 0
-0.989591 , -0.166648 , 0
-0.985772 , -0.186822 , 0
-0.98154 , -0.206918 , 0
-0.976895 , -0.226927 , 0
-0.971839 , -0.246841 , 0
-0.966375 , -0.26665 , 0
-0.960505 , -0.286348 , 0
-0.954229 , -0.305925 , 0
-0.947552 , -0.325373 , 0
-0.940475 , -0.344683 , 0
-0.933001 , -0.363849 , 0
-0.925134 , -0.38286 , 0
-0.916875 , -0.40171 , 0
-0.908228 , -0.42039 , 0
-0.899197 , -0.438892 , 0
-0.889785 , -0.457208 , 0
-0.879996 , -0.475331 , 0
-0.869834 , -0.493252 , 0
-0.859303 , -0.510963 , 0
-0.848406 , -0.528457 , 0
-0.837149 , -0.545727 , 0
-0.825536 , -0.562765 , 0
-0.813572 , -0.579563 , 0
-0.801261 , -0.596114 , 0
-0.788608 , -0.612411 , 0
-0.775619 , -0.628447 , 0
-0.762299 , -0.644214 , 0
-0.748653 , -0.659707 , 0
-0.734687 , -0.674917 , 0
-0.720407 , -0.689838 , 0
-0.705818 , -0.704465 , 0
-0.690927 , -0.718789 , 0
-0.67574 , -0.732805 , 0
-0.660263 , -0.746507 , 0
-0.644502 , -0.759888 , 0
-0.628465 , -0.772943 , 0
-0.612157 , -0.785666 , 0
-0.595586 , -0.798051 , 0
-0.578759 , -0.810092 , 0
-0.561682 , -0.821784 , 0
-0.544363 , -0.833121 , 0
-0.526809 , -0.8441 , 0
-0.509028 , -0.854714 , 0
-0.491027 , -0.864958 , 0
-0.472814 , -0.874829 , 0
-0.454396 , -0.884322 , 0
-0.435782 , -0.893432 , 0
-0.416978 , -0.902154 , 0
-0.397995 , -0.910486 , 0
-0.378838 , -0.918423 , 0
-0.359517 , -0.925962 , 0
-0.34004 , -0.933098 , 0
-0.320416 , -0.93983 , 0
-0.300652 , -0.946152 , 0
-0.280757 , -0.952063 , 0
-0.26074 , -0.95756 , 0
-0.240609 , -0.962639 , 0
-0.220374 , -0.967299 , 0
-0.200043 , -0.971538 , 0
-0.179624 , -0.975352 , 0
-0.159127 , -0.978741 , 0
-0.13856 , -0.981702 , 0
-0.117933 , -0.984235 , 0
-0.0972543 , -0.986337 , 0
-0.0765331 , -0.988007 , 0
-0.0557783 , -0.989245 , 0
-0.0349991 , -0.99005 , 0
-0.0142046 , -0.990421 , 0
0.00659615 , -0.990358 , 0
0.027394 , -0.989861 , 0
0.0481798 , -0.988929 , 0
0.0689445 , -0.987563 , 0
0.0896789 , -0.985764 , 0
0.110374 , -0.983531 , 0
0.13102 , -0.980866 , 0
0.151609 , -0.97777 , 0
0.172131 , -0.974243 , 0
0.192578 , -0.970288 , 0
0.212939 , -0.965905 , 0
0.233207 , -0.961097 , 0
0.253372 , -0.955865 , 0
0.273426 , -0.950212 , 0
0.293358 , -0.94414 , 0
0.313162 , -0.937652 , 0
0.332827 , -0.930749 , 0
0.352345 , -0.923436 , 0
0.371708 , -0.915715 , 0
0.390906 , -0.90759 , 0
0.409932 , -0.899063 , 0
0.428776 , -0.890139 , 0
0.447431 , -0.880822 , 0
0.465888 , -0.871114 , 0
0.484139 , -0.861022 , 0
0.502176 , -0.850549 , 0
0.519991 , -0.839699 , 0
0.537575 , -0.828477 , 0
0.554921 , -0.816889 , 0
0.572022 , -0.804939 , 0
0.588869 , -0.792632 , 0
0.605455 , -0.779974 , 0
0.621773 , -0.766971 , 0
0.637816 , -0.753628 , 0
0.653575 , -0.73995 , 0
0.669045 , -0.725945 , 0
0.684219 , -0.711618 , 0
0.699089 , -0.696975 , 0
0.713649 , -0.682023 , 0
0.727892 , -0.666769 , 0
0.741813 , -0.651219 , 0
0.755405 , -0.63538 , 0
0.768661 , -0.619259 , 0
0.781577 , -0.602864 , 0
0.794146 , -0.586201 , 0
0.806363 , -0.569279 , 0
0.818222 , -0.552103 , 0
0.829718 , -0.534683 , 0
0.840846 , -0.517026 , 0
0.851601 , -0.499139 , 0
0.861978 , -0.481031 , 0
0.871973 , -0.462709 , 0
0.881581 , -0.444183 , 0
0.890799 , -0.425459 , 0
0.899621 , -0.406547 , 0
0.908045 , -0.387454 , 0
0.916066 , -0.36819 , 0
0.923681 , -0.348763 , 0
0.930886 , -0.32918 , 0
0.937679 , -0.309453 , 0
0.944057 , -0.289587 , 0
0.950016 , -0.269594 , 0
0.955555 , -0.249481 , 0
0.960671 , -0.229258 , 0
0.965361 , -0.208934 , 0
0.969624 , -0.188516 , 0
0.973458 , -0.168016 , 0
0.976861 , -0.147441 , 0
0.979833 , -0.126801 , 0
0.982371 , -0.106105 , 0
0.984474 , -0.0853617 , 0
0.986143 , -0.0645809 , 0
0.987376 , -0.0437716 , 0
0.988173 , -0.0229429 , 0
0.988534 , -0.00210412 , 0
0.988458 , 0.0187356 , 0
0.987947 , 0.039567 , 0
0.986999 , 0.060381 , 0
0.985617 , 0.0811684 , 0
0.9838 , 0.10192 , 0
0.98155 , 0.122627 , 0
0.978867 , 0.143279 , 0
0.975753 , 0.163869 , 0
0.972211 , 0.184387 , 0
0.96824 , 0.204823 , 0
0.963844 , 0.225169 , 0
0.959024 , 0.245417 , 0
0.953783 , 0.265556 , 0
0.948124 , 0.285579 , 0
0.942048 , 0.305477 , 0
0.935559 , 0.325241 , 0
0.92866 , 0.344862 , 0
0.921354 , 0.364332 , 0
0.913644 , 0.383643 , 0
0.905535 , 0.402785 , 0
0.897029 , 0.421751 , 0
0.888131 , 0.440533 , 0
0.878845 , 0.459123 , 0
0.869175 , 0.477511 , 0
0.859125 , 0.495692 , 0
0.848701 , 0.513656 , 0
0.837907 , 0.531396 , 0
0.826747 , 0.548904 , 0
0.815227 , 0.566173 , 0
0.803353 , 0.583196 , 0
0.791128 , 0.599965 , 0
0.77856 , 0.616474 , 0
0.765654 , 0.632714 , 0
0.752415 , 0.64868 , 0
0.73885 , 0.664364 , 0
0.724964 , 0.67976 , 0
0.710763 , 0.694861 , 0
0.696255 , 0.709661 , 0
0.681446 , 0.724155 , 0
0.666342 , 0.738334 , 0
0.650949 , 0.752195 , 0
0.635276 , 0.765731 , 0
0.619328 , 0.778936 , 0
0.603113 , 0.791805 , 0
0.586638 , 0.804332 , 0
0.56991 , 0.816513 , 0
0.552936 , 0.828343 , 0
0.535725 , 0.839816 , 0
0.518284 , 0.850927 , 0
0.500619 , 0.861673 , 0
0.48274 , 0.87205 , 0
0.464654 , 0.882052 , 0
0.446368 , 0.891675 , 0
0.427891 , 0.900917 , 0
0.409231 , 0.909773 , 0
0.390396 , 0.918239 , 0
0.371393 , 0.926313 , 0
0.352232 , 0.933991 , 0
0.332921 , 0.941271 , 0
0.313468 , 0.948148 , 0
0.293881 , 0.954622 , 0
0.274169 , 0.960689 , 0
0.25434 , 0.966346 , 0
0.234402 , 0.971593 , 0
0.214366 , 0.976426 , 0
0.194238 , 0.980845 , 0
0.174027 , 0.984847 , 0
0.153743 , 0.988431 , 0
0.133394 , 0.991597 , 0
0.112988 , 0.994342 , 0
0.0925341 , 0.996666 , 0
0.0720413 , 0.998569 , 0
0.0515179 , 1.00005 , 0
0.0309729 , 1.00111 , 0
0.0104147 , 1.00174 , 0
-0.0101478 , 1.00196 , 0
-0.0307061 , 1.00175 , 0
-0.0512514 , 1.00112 , 0
-0.0717751 , 1.00006 , 0
-0.0922687 , 0.998591 , 0
-0.112723 , 0.996698 , 0
-0.133131 , 0.994387 , 0
-0.153482 , 0.991658 , 0
-0.17377 , 0.988513 , 0
-0.193984 , 0.984954 , 0
-0.214117 , 0.980982 , 0
-0.234161 , 0.9766 , 0
-0.254106 , 0.971809 , 0
-0.273945 , 0.966613 , 0
-0.29367 , 0.961012 , 0
-0.313273 , 0.95501 , 0
-0.332744 , 0.94861 , 0
-0.352077 , 0.941814 , 0
-0.371264 , 0.934626 , 0
-0.390295 , 0.927049 , 0
-0.409165 , 0.919087 , 0
-0.427864 , 0.910742 , 0
-0.446385 , 0.902019 , 0
-0.464721 , 0.892921 , 0
-0.482865 , 0.883453 , 0
-0.500807 , 0.873618 , 0
-0.518543 , 0.863421 , 0
-0.536063 , 0.852867 , 0
-0.553362 , 0.841959 , 0
-0.570432 , 0.830703 , 0
-0.587266 , 0.819104 , 0
-0.603857 , 0.807166 , 0
-0.620199 , 0.794895 , 0
-0.636285 , 0.782296 , 0
-0.652108 , 0.769374 , 0
-0.667663 , 0.756135 , 0
-0.682943 , 0.742584 , 0
-0.697941 , 0.728728 , 0
-0.712652 , 0.714572 , 0
-0.72707 , 0.700121 , 0
-0.741188 , 0.685383 , 0
-0.755003 , 0.670363 , 0
-0.768507 , 0.655068 , 0
-0.781696 , 0.639504 , 0
-0.794563 , 0.623677 , 0
-0.807106 , 0.607595 , 0
-0.819317 , 0.591264 , 0
-0.831192 , 0.57469 , 0
-0.842727 , 0.557881 , 0
-0.853917 , 0.540844 , 0
-0.864758 , 0.523585 , 0
-0.875245 , 0.506112 , 0
-0.885374 , 0.488432 , 0
-0.895142 , 0.470553 , 0
-0.904543 , 0.452481 , 0
-0.913576 , 0.434225 , 0
-0.922235 , 0.415791 , 0
-0.930518 , 0.397188 , 0
-0.938422 , 0.378423 , 0
-0.945943 , 0.359503 , 0
-0.953078 , 0.340437 , 0
-0.959825 , 0.321233 , 0
-0.966181 , 0.301897 , 0
-0.972144 , 0.282439 , 0
-0.977711 , 0.262865 , 0
-0.98288 , 0.243185 , 0
-0.98765 , 0.223405 , 0
-0.992017 , 0.203535 , 0
-0.995982 , 0.183582 , 0
-0.999541 , 0.163554 , 0
-1.00269 , 0.14346 , 0
-1.00544 , 0.123308 , 0
-1.00778 , 0.103105 , 0
-1.00971 , 0.082861 , 0
-1.01122 , 0.0625831 , 0
-1.01233 , 0.0422797 , 0
-1.01303 , 0.0219591 , 0
-1.01332 , 0.00162968 , 0
-1.01319 , -0.0187004 , 0
-1.01265 , -0.039023 , 0
-1.01171 , -0.0593297 , 0
-1.01035 , -0.0796123 , 0
-1.00858 , -0.0998627 , 0
-1.00641 , -0.120073 , 0
-1.00382 , -0.140234 , 0
-1.00083 , -0.160338 , 0
-0.997435 , -0.180377 , 0
-0.993634 , -0.200344 , 0
-0.989431 , -0.220229 , 0
-0.984826 , -0.240024 , 0
-0.979823 , -0.259723 , 0
-0.974422 , -0.279316 , 0
-0.968627 , -0.298796 , 0
-0.962439 , -0.318155 , 0
-0.95586 , -0.337385 , 0
-0.948895 , -0.356479 , 0
-0.941545 , -0.375428 , 0
-0.933813 , -0.394224 , 0
-0.925703 , -0.412861 , 0
-0.917218 , -0.431331 , 0
-0.908361 , -0.449625 , 0
-0.899135 , -0.467738 , 0
-0.889545 , -0.485661 , 0
-0.879595 , -0.503387 , 0
-0.869287 , -0.520908 , 0
-0.858627 , -0.538219 , 0
-0.847619 , -0.555311 , 0
-0.836267 , -0.572178 , 0
-0.824575 , -0.588812 , 0
-0.812549 , -0.605208 , 0
-0.800193 , -0.621358 , 0
-0.787512 , -0.637256 , 0
-0.774512 , -0.652895 , 0
-0.761197 , -0.668269 , 0
-0.747572 , -0.683371 , 0
-0.733644 , -0.698195 , 0
-0.719417 , -0.712736 , 0
-0.704899 , -0.726987 , 0
-0.690093 , -0.740943 , 0
-0.675007 , -0.754597 , 0
-0.659646 , -0.767944 , 0
-0.644016 , -0.780978 , 0
-0.628125 , -0.793694 , 0
-0.611977 , -0.806087 , 0
-0.59558 , -0.818152 , 0
-0.578941 , -0.829883 , 0
-0.562065 , -0.841276 , 0
-0.54496 , -0.852326 , 0
-0.527633 , -0.863028 , 0
-0.510091 , -0.873378 , 0
-0.49234 , -0.883371 , 0
-0.474388 , -0.893004 , 0
-0.456242 , -0.902271 , 0
-0.43791 , -0.91117 , 0
-0.419398 , -0.919696 , 0
-0.400715 , -0.927846 , 0
-0.381869 , -0.935615 , 0
-0.362865 , -0.943002 , 0
-0.343713 , -0.950003 , 0
-0.32442 , -0.956614 , 0
-0.304994 , -0.962832 , 0
-0.285443 , -0.968656 , 0
-0.265775 , -0.974082 , 0
-0.245997 , -0.979108 , 0
-0.226119 , -0.983732 , 0
-0.206147 , -0.987951 , 0
-0.186091 , -0.991764 , 0
-0.165958 , -0.995168 , 0
-0.145757 , -0.998163 , 0
-0.125496 , -1.00075 , 0
-0.105183 , -1.00292 , 0
-0.0848266 , -1.00468 , 0
-0.0644353 , -1.00602 , 0
-0.0440173 , -1.00695 , 0
-0.0235811 , -1.00746 , 0
-0.00313523 , -1.00755 , 0
0.017312 , -1.00723 , 0
0.037752 , -1.00649 , 0
0.0581764 , -1.00534 , 0
0.0785767 , -1.00376 , 0
0.0989444 , -1.00177 , 0
0.119271 , -0.999371 , 0
0.139548 , -0.996552 , 0
0.159767 , -0.993318 , 0
0.17992 , -0.989672 , 0
0.199998 , -0.985615 , 0
0.219993 , -0.981147 , 0
0.239896 , -0.97627 , 0
0.259699 , -0.970986 , 0
0.279393 , -0.965298 , 0
0.298971 , -0.959206 , 0
0.318425 , -0.952714 , 0
0.337745 , -0.945824 , 0
0.356924 , -0.938538 , 0
0.375953 , -0.930859 , 0
0.394825 , -0.922791 , 0
0.413532 , -0.914336 , 0
0.432065 , -0.905497 , 0
0.450417 , -0.896278 , 0
0.46858 , -0.886683 , 0
0.486545 , -0.876716 , 0
0.504307 , -0.866379 , 0
0.521856 , -0.855678 , 0
0.539185 , -0.844617 , 0
0.556287 , -0.8332 , 0
0.573154 , -0.821431 , 0
0.589779 , -0.809316 , 0
0.606156 , -0.796859 , 0
0.622276 , -0.784065 , 0
0.638133 , -0.770939 , 0
0.65372 , -0.757487 , 0
0.66903 , -0.743714 , 0
0.684056 , -0.729626 , 0
0.698792 , -0.715229 , 0
0.713232 , -0.700528 , 0
0.727368 , -0.685529 , 0
0.741196 , -0.670239 , 0
0.754708 , -0.654664 , 0
0.767899 , -0.63881 , 0
0.780762 , -0.622684 , 0
0.793293 , -0.606293 , 0
0.805486 , -0.589642 , 0
0.817334 , -0.57274 , 0
0.828833 , -0.555594 , 0
0.839978 , -0.53821 , 0
0.850764 , -0.520595 , 0
0.861185 , -0.502758 , 0
0.871237 , -0.484705 , 0
0.880916 , -0.466445 , 0
0.890217 , -0.447984 , 0
0.899136 , -0.429331 , 0
0.907668 , -0.410494 , 0
0.91581 , -0.39148 , 0
0.923558 , -0.372297 , 0
0.930908 , -0.352955 , 0
0.937858 , -0.33346 , 0
0.944403 , -0.313821 , 0
0.95054 , -0.294047 , 0
0.956267 , -0.274147 , 0
0.961581 , -0.254127 , 0
0.96648 , -0.233998 , 0
0.97096 , -0.213768 , 0
0.97502 , -0.193445 , 0
0.978658 , -0.173038 , 0
0.981872 , -0.152557 , 0
0.98466 , -0.132009 , 0
0.98702 , -0.111404 , 0
0.988952 , -0.0907504 , 0
0.990454 , -0.0700575 , 0
0.991526 , -0.0493342 , 0
0.992166 , -0.0285894 , 0
0.992375 , -0.00783214 , 0
0.992151 , 0.0129285 , 0
0.991495 , 0.0336836 , 0
0.990407 , 0.0544239 , 0
0.988886 , 0.0751405 , 0
0.986934 , 0.0958243 , 0
0.984551 , 0.116466 , 0
0.981737 , 0.137057 , 0
0.978494 , 0.157588 , 0
0.974824 , 0.178051 , 0
0.970726 , 0.198435 , 0
0.966203 , 0.218732 , 0
0.961257 , 0.238934 , 0
0.95589 , 0.25903 , 0
0.950103 , 0.279014 , 0
0.9439 , 0.298874 , 0
0.937282 , 0.318604 , 0
0.930252 , 0.338193 , 0
0.922814 , 0.357634 , 0
0.91497 , 0.376918 , 0
0.906724 , 0.396036 , 0
0.898078 , 0.41498 , 0
0.889038 , 0.433741 , 0
0.879606 , 0.452311 , 0
0.869786 , 0.470682 , 0
0.859583 , 0.488845 , 0
0.849001 , 0.506793 , 0
0.838045 , 0.524518 , 0
0.826719 , 0.542011 , 0
0.815028 , 0.559264 , 0
0.802978 , 0.576271 , 0
0.790572 , 0.593024 , 0
0.777818 , 0.609514 , 0
0.76472 , 0.625735 , 0
0.751283 , 0.64168 , 0
0.737515 , 0.657341 , 0
0.72342 , 0.672711 , 0
0.709006 , 0.687783 , 0
0.694277 , 0.702551 , 0
0.679242 , 0.717009 , 0
0.663906 , 0.731148 , 0
0.648275 , 0.744964 , 0
0.632358 , 0.758451 , 0
0.61616 , 0.771601 , 0
0.59969 , 0.784409 , 0
0.582954 , 0.79687 , 0
0.565959 , 0.808978 , 0
0.548714 , 0.820727 , 0
0.531225 , 0.832112 , 0
0.513501 , 0.843128 , 0
0.495549 , 0.853771 , 0
0.477378 , 0.864035 , 0
0.458995 , 0.873915 , 0
0.440408 , 0.883408 , 0
0.421626 , 0.89251 , 0
0.402656 , 0.901215 , 0
0.383509 , 0.909521 , 0
0.364191 , 0.917423 , 0
0.344711 , 0.924918 , 0
0.325079 , 0.932003 , 0
0.305302 , 0.938675 , 0
0.28539 , 0.94493 , 0
0.265352 , 0.950766 , 0
0.245195 , 0.95618 , 0
0.22493 , 0.96117 , 0
0.204565 , 0.965734 , 0
0.18411 , 0.96987 , 0
0.163573 , 0.973576 , 0
0.142963 , 0.97685 , 0
0.12229 , 0.979691 , 0
0.101563 , 0.982097 , 0
0.0807906 , 0.984069 , 0
0.0599825 , 0.985604 , 0
0.0391479 , 0.986703 , 0
0.0182959 , 0.987365 , 0
-0.00256413 , 0.987589 , 0
-0.0234231 , 0.987377 , 0
-0.0442716 , 0.986727 , 0
-0.0651006 , 0.98564 , 0
-0.0859008 , 0.984117 , 0
-0.106663 , 0.982159 , 0
-0.127378 , 0.979766 , 0
-0.148037 , 0.976941 , 0
-0.16863 , 0.973683 , 0
-0.189149 , 0.969995 , 0
-0.209584 , 0.965879 , 0
-0.229926 , 0.961336 , 0
-0.250167 , 0.956369 , 0
-0.270298 , 0.950979 , 0
-0.290309 , 0.94517 , 0
-0.310193 , 0.938945 , 0
-0.32994 , 0.932305 , 0
-0.349541 , 0.925254 , 0
-0.368988 , 0.917796 , 0
-0.388273 , 0.909934 , 0
-0.407387 , 0.901671 , 0
-0.426321 , 0.893011 , 0
-0.445068 , 0.883959 , 0
-0.46362 , 0.874518 , 0
-0.481968 , 0.864692 , 0
-0.500104 , 0.854487 , 0
-0.51802 , 0.843907 , 0
-0.535709 , 0.832956 , 0
-0.553163 , 0.821641 , 0
-0.570375 , 0.809965 , 0
-0.587337 , 0.797934 , 0
-0.604041 , 0.785553 , 0
-0.620482 , 0.772829 , 0
-0.63665 , 0.759766 , 0
-0.652541 , 0.746372 , 0
-0.668146 , 0.732651 , 0
-0.683459 , 0.71861 , 0
-0.698474 , 0.704256 , 0
-0.713184 , 0.689594 , 0
-0.727583 , 0.674631 , 0
-0.741665 , 0.659375 , 0
-0.755424 , 0.643831 , 0
-0.768855 , 0.628007 , 0
-0.781951 , 0.61191 , 0
-0.794706 , 0.595547 , 0
-0.807117 , 0.578925 , 0
-0.819177 , 0.562052 , 0
-0.830881 , 0.544934 , 0
-0.842226 , 0.527581 , 0
-0.853205 , 0.509999 , 0
-0.863814 , 0.492195 , 0
-0.87405 , 0.474179 , 0
-0.883908 , 0.455958 , 0
-0.893383 , 0.437539 , 0
-0.902472 , 0.418932 , 0
-0.911172 , 0.400144 , 0
-0.919479 , 0.381183 , 0
-0.927389 , 0.362057 , 0
-0.9349 , 0.342776 , 0
-0.942008 , 0.323347 , 0
-0.948711 , 0.303779 , 0
-0.955006 , 0.28408 , 0
-0.960891 , 0.26426 , 0
-0.966363 , 0.244326 , 0
-0.97142 , 0.224287 , 0
-0.976061 , 0.204151 , 0
-0.980284 , 0.183929 , 0
-0.984087 , 0.163627 , 0
-0.987469 , 0.143256 , 0
-0.990429 , 0.122823 , 0
-0.992965 , 0.102338 , 0
-0.995078 , 0.0818093 , 0
-0.996766 , 0.0612456 , 0
-0.998029 , 0.0406557 , 0
-0.998866 , 0.0200486 , 0
-0.999279 , -0.000567139 , 0
-0.999267 , -0.0211826 , 0
-0.998829 , -0.0417891 , 0
-0.997968 , -0.0623778 , 0
-0.996682 , -0.08294 , 0
-0.994974 , -0.103467 , 0
-0.992844 , -0.12395 , 0
-0.990294 , -0.144381 , 0
-0.987324 , -0.16475 , 0
-0.983937 , -0.18505 , 0
-0.980134 , -0.205272 , 0
-0.975917 , -0.225407 , 0
-0.971288 , -0.245447 , 0
-0.966249 , -0.265383 , 0
-0.960803 , -0.285208 , 0
-0.954953 , -0.304912 , 0
-0.9487 , -0.324488 , 0
-0.942049 , -0.343927 , 0
-0.935001 , -0.363222 , 0
-0.927561 , -0.382365 , 0
-0.919732 , -0.401347 , 0
-0.911517 , -0.42016 , 0
-0.90292 , -0.438798 , 0
-0.893945 , -0.457252 , 0
-0.884595 , -0.475514 , 0
-0.874876 , -0.493578 , 0
-0.864791 , -0.511435 , 0
-0.854345 , -0.529079 , 0
-0.843542 , -0.546501 , 0
-0.832387 , -0.563696 , 0
-0.820886 , -0.580656 , 0
-0.809042 , -0.597374 , 0
-0.796862 , -0.613844 , 0
-0.78435 , -0.630058 , 0
-0.771512 , -0.64601 , 0
-0.758354 , -0.661693 , 0
-0.74488 , -0.677102 , 0
-0.731098 , -0.69223 , 0
-0.717012 , -0.707071 , 0
-0.702629 , -0.721619 , 0
-0.687956 , -0.735868 , 0
-0.672997 , -0.749812 , 0
-0.65776 , -0.763446 , 0
-0.642251 , -0.776765 , 0
-0.626477 , -0.789762 , 0
-0.610444 , -0.802434 , 0
-0.594159 , -0.814774 , 0
-0.577629 , -0.826778 , 0
-0.560861 , -0.838442 , 0
-0.543862 , -0.84976 , 0
-0.526639 , -0.860728 , 0
-0.509199 , -0.871341 , 0
-0.491549 , -0.881597 , 0
-0.473698 , -0.891489 , 0
-0.455652 , -0.901016 , 0
-0.437419 , -0.910172 , 0
-0.419006 , -0.918955 , 0
-0.400421 , -0.927361 , 0
-0.381672 , -0.935387 , 0
-0.362767 , -0.943029 , 0
-0.343713 , -0.950284 , 0
-0.324518 , -0.957151 , 0
-0.30519 , -0.963625 , 0
-0.285738 , -0.969706 , 0
-0.266168 , -0.97539 , 0
-0.24649 , -0.980675 , 0
-0.226711 , -0.985559 , 0
-0.20684 , -0.990041 , 0
-0.186884 , -0.994118 , 0
-0.166852 , -0.99779 , 0
-0.146751 , -1.00105 , 0
-0.126591 , -1.00391 , 0
-0.106379 , -1.00636 , 0
-0.0861242 , -1.00839 , 0
-0.065834 , -1.01002 , 0
-0.0455169 , -1.01124 , 0
-0.0251814 , -1.01204 , 0
-0.00483552 , -1.01243 , 0
0.0155123 , -1.01241 , 0
0.0358538 , -1.01198 , 0
0.0561807 , -1.01113 , 0
0.0764848 , -1.00988 , 0
0.0967577 , -1.00821 , 0
0.116991 , -1.00613 , 0
0.137178 , -1.00365 , 0
0.157308 , -1.00076 , 0
0.177374 , -0.997459 , 0
0.197369 , -0.993755 , 0
0.217283 , -0.989648 , 0
0.23711 , -0.98514 , 0
0.25684 , -0.980232 , 0
0.276465 , -0.974926 , 0
0.295979 , -0.969224 , 0
0.315373 , -0.96313 , 0
0.334638 , -0.956645 , 0
0.353768 , -0.949771 , 0
0.372755 , -0.942513 , 0
0.39159 , -0.934873 , 0
0.410267 , -0.926854 , 0
0.428778 , -0.918459 , 0
0.447114 , -0.909692 , 0
0.46527 , -0.900556 , 0
0.483236 , -0.891055 , 0
0.501007 , -0.881193 , 0
0.518575 , -0.870974 , 0
0.535933 , -0.860402 , 0
0.553074 , -0.849482 , 0
0.56999 , -0.838217 , 0
0.586676 , -0.826612 , 0
0.603124 , -0.814672 , 0
0.619327 , -0.802403 , 0
0.635279 , -0.789808 , 0
0.650974 , -0.776892 , 0
0.666405 , -0.763662 , 0
0.681566 , -0.750123 , 0
0.69645 , -0.736279 , 0
0.711052 , -0.722136 , 0
0.725366 , -0.707701 , 0
0.739385 , -0.692979 , 0
0.753105 , -0.677976 , 0
0.766519 , -0.662697 , 0
0.779622 , -0.64715 , 0
0.792408 , -0.63134 , 0
0.804873 , -0.615273 , 0
0.817011 , -0.598957 , 0
0.828817 , -0.582398 , 0
0.840287 , -0.565602 , 0
0.851415 , -0.548576 , 0
0.862197 , -0.531328 , 0
0.872629 , -0.513863 , 0
0.882706 , -0.49619 , 0
0.892424 , -0.478314 , 0
0.901779 , -0.460245 , 0
0.910767 , -0.441987 , 0
0.919385 , -0.42355 , 0
0.927628 , -0.404941 , 0
0.935493 , -0.386166 , 0
0.942977 , -0.367235 , 0
0.950076 , -0.348153 , 0
0.956789 , -0.32893 , 0
0.963111 , -0.309572 , 0
0.96904 , -0.290088 , 0
0.974573 , -0.270486 , 0
0.979709 , -0.250773 , 0
0.984445 , -0.230958 , 0
0.988778 , -0.211049 , 0
0.992707 , -0.191053 , 0
0.99623 , -0.170979 , 0
0.999345 , -0.150835 , 0
1.00205 , -0.130629 , 0
1.00435 , -0.11037 , 0
1.00623 , -0.0900659 , 0
1.0077 , -0.0697246 , 0
1.00876 , -0.0493547 , 0
1.00941 , -0.0289646 , 0
1.00964 , -0.00856256 , 0
1.00945 , 0.011843 , 0
1.00885 , 0.0322437 , 0
1.00784 , 0.0526311 , 0
1.00641 , 0.0729969 , 0
1.00457 , 0.0933326 , 0
1.00231 , 0.11363 , 0
0.999642 , 0.13388 , 0
0.99656 , 0.154076 , 0
0.993068 , 0.174207 , 0
0.989165 , 0.194267 , 0
0.984854 , 0.214247 , 0
0.980136 , 0.234138 , 0
0.975013 , 0.253932 , 0
0.969487 , 0.273621 , 0
0.963559 , 0.293197 , 0
0.957232 , 0.312652 , 0
0.950509 , 0.331977 , 0
0.943391 , 0.351164 , 0
0.935882 , 0.370206 , 0
0.927984 , 0.389094 , 0
0.9197 , 0.40782 , 0
0.911035 , 0.426376 , 0
0.90199 , 0.444756 , 0
0.89257 , 0.46295 , 0
0.882778 , 0.480951 , 0
0.872618 , 0.498752 , 0
0.862094 , 0.516345 , 0
0.85121 , 0.533722 , 0
0.83997 , 0.550876 , 0
0.82838 , 0.5678 , 0
0.816443 , 0.584487 , 0
0.804164 , 0.600929 , 0
0.791549 , 0.617119 , 0
0.778602 , 0.633051 , 0
0.765328 , 0.648717 , 0
0.751733 , 0.664111 , 0
0.737823 , 0.679226 , 0
0.723602 , 0.694055 , 0
0.709077 , 0.708593 , 0
0.694253 , 0.722832 , 0
0.679137 , 0.736767 , 0
0.663735 , 0.750391 , 0
0.648053 , 0.763699 , 0
0.632098 , 0.776685 , 0
0.615875 , 0.789342 , 0
0.599392 , 0.801666 , 0
0.582656 , 0.813651 , 0
0.565672 , 0.825291 , 0
0.54845 , 0.836582 , 0
0.530995 , 0.847518 , 0
0.513314 , 0.858094 , 0
0.495416 , 0.868307 , 0
0.477307 , 0.87815 , 0
0.458995 , 0.88762 , 0
0.440488 , 0.896713 , 0
0.421794 , 0.905423 , 0
0.402919 , 0.913748 , 0
0.383873 , 0.921684 , 0
0.364663 , 0.929226 , 0
0.345298 , 0.936371 , 0
0.325785 , 0.943116 , 0
0.306132 , 0.949459 , 0
0.286349 , 0.955394 , 0
0.266443 , 0.960921 , 0
0.246423 , 0.966036 , 0
0.226297 , 0.970737 , 0
0.206074 , 0.975021 , 0
0.185763 , 0.978886 , 0
0.165372 , 0.982331 , 0
0.144909 , 0.985354 , 0
0.124385 , 0.987953 , 0
0.103807 , 0.990126 , 0
0.0831837 , 0.991872 , 0
0.0625249 , 0.993191 , 0
0.0418391 , 0.994082 , 0
0.0211352 , 0.994543 , 0
0.00042226 , 0.994574 , 0
-0.0202909 , 0.994176 , 0
-0.0409953 , 0.993348 , 0
-0.0616819 , 0.992089 , 0
-0.0823418 , 0.990401 , 0
-0.102966 , 0.988283 , 0
-0.123546 , 0.985737 , 0
-0.144072 , 0.982764 , 0
-0.164535 , 0.979363 , 0
-0.184927 , 0.975537 , 0
-0.205238 , 0.971286 , 0
-0.225461 , 0.966614 , 0
-0.245585 , 0.96152 , 0
-0.265602 , 0.956008 , 0
-0.285503 , 0.950079 , 0
-0.30528 , 0.943735 , 0
-0.324924 , 0.93698 , 0
-0.344425 , 0.929816 , 0
-0.363777 , 0.922246 , 0
-0.382969 , 0.914272 , 0
-0.401994 , 0.905899 , 0
-0.420843 , 0.89713 , 0
-0.439508 , 0.887968 , 0
-0.45798 , 0.878417 , 0
-0.476252 , 0.868481 , 0
-0.494315 , 0.858164 , 0
-0.512161 , 0.847471 , 0
-0.529782 , 0.836406 , 0
-0.547171 , 0.824974 , 0
-0.564319 , 0.813179 , 0
-0.58122 , 0.801027 , 0
-0.597865 , 0.788523 , 0
-0.614247 , 0.775672 , 0
-0.630358 , 0.76248 , 0
-0.646193 , 0.748952 , 0
-0.661742 , 0.735095 , 0
-0.677 , 0.720914 , 0
-0.69196 , 0.706414 , 0
-0.706615 , 0.691604 , 0
-0.720958 , 0.676488 , 0
-0.734983 , 0.661074 , 0
-0.748683 , 0.645368 , 0
-0.762054 , 0.629378 , 0
-0.775087 , 0.613109 , 0
-0.787778 , 0.59657 , 0
-0.800121 , 0.579766 , 0
-0.812111 , 0.562707 , 0
-0.823741 , 0.545399 , 0
-0.835007 , 0.527849 , 0
-0.845903 , 0.510066 , 0
-0.856425 , 0.492058 , 0
-0.866569 , 0.473831 , 0
-0.876328 , 0.455395 , 0
-0.8857 , 0.436757 , 0
-0.894679 , 0.417926 , 0
-0.903262 , 0.39891 , 0
-0.911445 , 0.379716 , 0
-0.919224 , 0.360355 , 0
-0.926595 , 0.340834 , 0
-0.933556 , 0.321162 , 0
-0.940103 , 0.301347 , 0
-0.946233 , 0.281399 , 0
-0.951944 , 0.261326 , 0
-0.957232 , 0.241137 , 0
-0.962096 , 0.220842 , 0
-0.966533 , 0.200448 , 0
-0.970542 , 0.179965 , 0
-0.97412 , 0.159403 , 0
-0.977266 , 0.13877 , 0
-0.979978 , 0.118075 , 0
-0.982256 , 0.0973282 , 0
-0.984098 , 0.0765379 , 0
-0.985503 , 0.0557138 , 0
-0.986472 , 0.0348649 , 0
-0.987003 , 0.0140005 , 0
-0.987096 , -0.00687006 , 0
-0.986751 , -0.0277376 , 0
-0.985968 , -0.0485928 , 0
-0.984749 , -0.0694265 , 0
-0.983093 , -0.0902294 , 0
-0.981001 , -0.110992 , 0
-0.978474 , -0.131706 , 0
-0.975513 , -0.152361 , 0
-0.97212 , -0.172949 , 0
-0.968296 , -0.19346 , 0
-0.964044 , -0.213886 , 0
-0.959364 , -0.234216 , 0
-0.954259 , -0.254443 , 0
-0.948732 , -0.274558 , 0
-0.942785 , -0.29455 , 0
-0.936421 , -0.314413 , 0
-0.929642 , -0.334136 , 0
-0.922452 , -0.353712 , 0
-0.914854 , -0.373131 , 0
-0.906852 , -0.392385 , 0
-0.898448 , -0.411465 , 0
-0.889648 , -0.430364 , 0
-0.880455 , -0.449073 , 0
-0.870873 , -0.467583 , 0
-0.860906 , -0.485887 , 0
-0.85056 , -0.503977 , 0
-0.839838 , -0.521844 , 0
-0.828746 , -0.539481 , 0
-0.817288 , -0.55688 , 0
-0.805471 , -0.574034 , 0
-0.793298 , -0.590935 , 0
-0.780777 , -0.607576 , 0
-0.767911 , -0.623949 , 0
-0.754708 , -0.640048 , 0
-0.741173 , -0.655865 , 0
-0.727312 , -0.671394 , 0
-0.713131 , -0.686628 , 0
-0.698637 , -0.70156 , 0
-0.683837 , -0.716185 , 0
-0.668736 , -0.730495 , 0
-0.653342 , -0.744485 , 0
-0.637662 , -0.758148 , 0
-0.621703 , -0.771479 , 0
-0.605471 , -0.784473 , 0
-0.588974 , -0.797123 , 0
-0.572219 , -0.809424 , 0
-0.555214 , -0.821371 , 0
-0.537967 , -0.83296 , 0
-0.520484 , -0.844184 , 0
-0.502775 , -0.855041 , 0
-0.484846 , -0.865524 , 0
-0.466706 , -0.875629 , 0
-0.448362 , -0.885354 , 0
-0.429823 , -0.894692 , 0
-0.411097 , -0.903641 , 0
-0.392192 , -0.912197 , 0
-0.373117 , -0.920357 , 0
-0.353879 , -0.928116 , 0
-0.334488 , -0.935473 , 0
-0.314952 , -0.942424 , 0
-0.295279 , -0.948966 , 0
-0.275478 , -0.955096 , 0
-0.255558 , -0.960813 , 0
-0.235527 , -0.966114 , 0
-0.215394 , -0.970998 , 0
-0.195168 , -0.975461 , 0
-0.174858 , -0.979503 , 0
-0.154473 , -0.983123 , 0
-0.13402 , -0.986318 , 0
-0.11351 , -0.989088 , 0
-0.0929516 , -0.991432 , 0
-0.0723526 , -0.993349 , 0
-0.0517226 , -0.994838 , 0
-0.0310703 , -0.9959 , 0
-0.0104047 , -0.996534 , 0
0.0102654 , -0.99674 , 0
0.0309311 , -0.996519 , 0
0.0515836 , -0.99587 , 0
0.0722139 , -0.994795 , 0
0.0928133 , -0.993293 , 0
0.113373 , -0.991367 , 0
0.133884 , -0.989017 , 0
0.154338 , -0.986244 , 0
0.174726 , -0.98305 , 0
0.19504 , -0.979437 , 0
0.215271 , -0.975407 , 0
0.235409 , -0.97096 , 0
0.255448 , -0.966101 , 0
0.275378 , -0.96083 , 0
0.295191 , -0.955151 , 0
0.314878 , -0.949067 , 0
0.334432 , -0.942579 , 0
0.353844 , -0.935692 , 0
0.373106 , -0.928408 , 0
0.392209 , -0.920731 , 0
0.411147 , -0.912664 , 0
0.429911 , -0.904211 , 0
0.448494 , -0.895376 , 0
0.466887 , -0.886163 , 0
0.485082 , -0.876576 , 0
0.503074 , -0.866619 , 0
0.520853 , -0.856297 , 0
0.538413 , -0.845614 , 0
0.555746 , -0.834575 , 0
0.572846 , -0.823186 , 0
0.589705 , -0.81145 , 0
0.606316 , -0.799374 , 0
0.622673 , -0.786962 , 0
0.638768 , -0.774221 , 0
0.654596 , -0.761154 , 0
0.67015 , -0.747769 , 0
0.685423 , -0.734071 , 0
0.70041 , -0.720067 , 0
0.715104 , -0.705761 , 0
0.7295 , -0.69116 , 0
0.74359 , -0.676271 , 0
0.757371 , -0.6611 , 0
0.770836 , -0.645654 , 0
0.78398 , -0.629938 , 0
0.796798 , -0.61396 , 0
0.809284 , -0.597727 , 0
0.821434 , -0.581245 , 0
0.833243 , -0.564522 , 0
0.844705 , -0.547565 , 0
0.855817 , -0.53038 , 0
0.866575 , -0.512975 , 0
0.876973 , -0.495358 , 0
0.887008 , -0.477536 , 0
0.896675 , -0.459516 , 0
0.905972 , -0.441306 , 0
0.914895 , -0.422913 , 0
0.923439 , -0.404346 , 0
0.931602 , -0.385612 , 0
0.939381 , -0.366718 , 0
0.946772 , -0.347674 , 0
0.953773 , -0.328486 , 0
0.96038 , -0.309162 , 0
0.966593 , -0.289712 , 0
0.972408 , -0.270142 , 0
0.977822 , -0.250461 , 0
0.982835 , -0.230677 , 0
0.987444 , -0.210799 , 0
0.991647 , -0.190833 , 0
0.995443 , -0.17079 , 0
0.998831 , -0.150676 , 0
1.00181 , -0.130501 , 0
1.00438 , -0.110272 , 0
1.00653 , -0.0899976 , 0
1.00828 , -0.0696866 , 0
1.00961 , -0.0493471 , 0
1.01053 , -0.0289875 , 0
1.01103 , -0.00861592 , 0
1.01112 , 0.0117591 , 0
1.0108 , 0.0321294 , 0
1.01007 , 0.0524865 , 0
1.00892 , 0.0728222 , 0
1.00736 , 0.0931282 , 0
1.00539 , 0.113396 , 0
1.00301 , 0.133618 , 0
1.00022 , 0.153785 , 0
0.997026 , 0.17389 , 0
0.993424 , 0.193924 , 0
0.989417 , 0.213878 , 0
0.985007 , 0.233746 , 0
0.980196 , 0.253519 , 0
0.974986 , 0.273188 , 0
0.96938 , 0.292746 , 0
0.963379 , 0.312185 , 0
0.956987 , 0.331498 , 0
0.950206 , 0.350675 , 0
0.943039 , 0.36971 , 0
0.935488 , 0.388595 , 0
0.927558 , 0.407322 , 0
0.919251 , 0.425884 , 0
0.91057 , 0.444272 , 0
0.901521 , 0.462481 , 0
0.892105 , 0.480501 , 0
0.882327 , 0.498327 , 0
0.872191 , 0.515951 , 0
0.861702 , 0.533365 , 0
0.850863 , 0.550563 , 0
0.839679 , 0.567537 , 0
0.828154 , 0.584282 , 0
0.816294 , 0.60079 , 0
0.804103 , 0.617054 , 0
0.791585 , 0.633067 , 0
0.778747 , 0.648825 , 0
0.765594 , 0.664319 , 0
0.75213 , 0.679544 , 0
0.738361 , 0.694494 , 0
0.724293 , 0.709162 , 0
0.709931 , 0.723543 , 0
0.695282 , 0.737631 , 0
0.680351 , 0.751419 , 0
0.665144 , 0.764904 , 0
0.649668 , 0.778078 , 0
0.633929 , 0.790937 , 0
0.617932 , 0.803475 , 0
0.601685 , 0.815688 , 0
0.585194 , 0.82757 , 0
0.568466 , 0.839116 , 0
0.551508 , 0.850323 , 0
0.534326 , 0.861184 , 0
0.516927 , 0.871697 , 0
0.499318 , 0.881855 , 0
0.481507 , 0.891657 , 0
0.463501 , 0.901096 , 0
0.445307 , 0.91017 , 0
0.426932 , 0.918874 , 0
0.408383 , 0.927206 , 0
0.389669 , 0.935161 , 0
0.370797 , 0.942737 , 0
0.351774 , 0.94993 , 0
0.332608 , 0.956736 , 0
0.313307 , 0.963155 , 0
0.293879 , 0.969181 , 0
0.274331 , 0.974814 , 0
0.254672 , 0.98005 , 0
0.234909 , 0.984888 , 0
0.215051 , 0.989325 , 0
0.195105 , 0.99336 , 0
0.17508 , 0.99699 , 0
0.154983 , 1.00021 , 0
0.134824 , 1.00303 , 0
0.114609 , 1.00544 , 0
0.0943476 , 1.00744 , 0
0.0740477 , 1.00903 , 0
0.0537177 , 1.0102 , 0
0.0333657 , 1.01097 , 0
0.0130002 , 1.01132 , 0
-0.0073707 , 1.01126 , 0
-0.0277386 , 1.01078 , 0
-0.0480951 , 1.00989 , 0
-0.068432 , 1.00859 , 0
-0.0887408 , 1.00688 , 0
-0.109013 , 1.00475 , 0
-0.129241 , 1.00222 , 0
-0.149416 , 0.999269 , 0
-0.16953 , 0.995913 , 0
-0.189574 , 0.992148 , 0
-0.209541 , 0.987976 , 0
-0.229422 , 0.983399 , 0
-0.249208 , 0.978418 , 0
-0.268892 , 0.973035 , 0
-0.288465 , 0.967253 , 0
-0.30792 , 0.961073 , 0
-0.327249 , 0.954497 , 0
-0.346442 , 0.947528 , 0
-0.365493 , 0.94017 , 0
-0.384393 , 0.932423 , 0
-0.403135 , 0.924293 , 0
-0.42171 , 0.915781 , 0
-0.440112 , 0.906891 , 0
-0.458332 , 0.897627 , 0
-0.476362 , 0.887992 , 0
-0.494195 , 0.877989 , 0
-0.511824 , 0.867624 , 0
-0.529241 , 0.856899 , 0
-0.546439 , 0.845819 , 0
-0.56341 , 0.834389 , 0
-0.580148 , 0.822612 , 0
-0.596644 , 0.810495 , 0
-0.612894 , 0.79804 , 0
-0.628888 , 0.785254 , 0
-0.644621 , 0.772142 , 0
-0.660086 , 0.758708 , 0
-0.675276 , 0.744959 , 0
-0.690184 , 0.730899 , 0
-0.704805 , 0.716534 , 0
-0.719132 , 0.701871 , 0
-0.733159 , 0.686915 , 0
-0.74688 , 0.671671 , 0
-0.760288 , 0.656147 , 0
-0.773378 , 0.640349 , 0
-0.786145 , 0.624282 , 0
-0.798582 , 0.607954 , 0
-0.810685 , 0.591371 , 0
-0.822447 , 0.57454 , 0
-0.833865 , 0.557468 , 0
-0.844932 , 0.540162 , 0
-0.855644 , 0.522629 , 0
-0.865996 , 0.504876 , 0
-0.875983 , 0.48691 , 0
-0.885602 , 0.468739 , 0
-0.894847 , 0.450371 , 0
-0.903715 , 0.431813 , 0
-0.912202 , 0.413072 , 0
-0.920303 , 0.394157 , 0
-0.928015 , 0.375076 , 0
-0.935334 , 0.355836 , 0
-0.942258 , 0.336445 , 0
-0.948782 , 0.316911 , 0
-0.954904 , 0.297244 , 0
-0.960621 , 0.27745 , 0
-0.965931 , 0.257538 , 0
-0.970829 , 0.237517 , 0
-0.975315 , 0.217395 , 0
-0.979387 , 0.19718 , 0
-0.983041 , 0.176882 , 0
-0.986276 , 0.156508 , 0
-0.989091 , 0.136067 , 0
-0.991483 , 0.115569 , 0
-0.993452 , 0.0950206 , 0
-0.994997 , 0.0744319 , 0
-0.996117 , 0.0538115 , 0
-0.99681 , 0.033168 , 0
-0.997076 , 0.0125103 , 0
-0.996915 , -0.00815273 , 0
-0.996326 , -0.0288123 , 0
-0.99531 , -0.0494595 , 0
-0.993867 , -0.0700854 , 0
-0.991996 , -0.0906812 , 0
-0.989699 , -0.111238 , 0
-0.986976 , -0.131747 , 0
-0.983828 , -0.152199 , 0
-0.980256 , -0.172586 , 0
-0.976261 , -0.192898 , 0
-0.971846 , -0.213127 , 0
-0.96701 , -0.233264 , 0
-0.961757 , -0.2533 , 0
-0.956088 , -0.273227 , 0
-0.950005 , -0.293036 , 0
-0.943511 , -0.312717 , 0
-0.936609 , -0.332263 , 0
-0.9293 , -0.351665 , 0
-0.921588 , -0.370915 , 0
-0.913476 , -0.390004 , 0
-0.904968 , -0.408923 , 0
-0.896066 , -0.427665 , 0
-0.886775 , -0.44622 , 0
-0.877098 , -0.464582 , 0
-0.867039 , -0.482741 , 0
-0.856603 , -0.50069 , 0
-0.845793 , -0.518421 , 0
-0.834614 , -0.535925 , 0
-0.823071 , -0.553196 , 0
-0.811169 , -0.570225 , 0
-0.798912 , -0.587006 , 0
-0.786307 , -0.603529 , 0
-0.773357 , -0.619789 , 0
-0.760069 , -0.635778 , 0
-0.746449 , -0.651488 , 0
-0.732501 , -0.666913 , 0
-0.718232 , -0.682046 , 0
-0.703649 , -0.696879 , 0
-0.688757 , -0.711407 , 0
-0.673562 , -0.725623 , 0
-0.658072 , -0.73952 , 0
-0.642293 , -0.753093 , 0
-0.626232 , -0.766334 , 0
-0.609895 , -0.779238 , 0
-0.59329 , -0.7918 , 0
-0.576424 , -0.804014 , 0
-0.559304 , -0.815873 , 0
-0.541938 , -0.827373 , 0
-0.524333 , -0.838509 , 0
-0.506497 , -0.849275 , 0
-0.488438 , -0.859667 , 0
-0.470163 , -0.869679 , 0
-0.451681 , -0.879308 , 0
-0.433 , -0.888548 , 0
-0.414127 , -0.897397 , 0
-0.395072 , -0.905849 , 0
-0.375841 , -0.913901 , 0
-0.356445 , -0.921549 , 0
-0.336892 , -0.928789 , 0
-0.317189 , -0.935619 , 0
-0.297346 , -0.942036 , 0
-0.277371 , -0.948035 , 0
-0.257274 , -0.953615 , 0
-0.237063 , -0.958773 , 0
-0.216747 , -0.963506 , 0
-0.196335 , -0.967813 , 0
-0.175836 , -0.971691 , 0
-0.155259 , -0.975138 , 0
-0.134613 , -0.978154 , 0
-0.113908 , -0.980736 , 0
-0.0931521 , -0.982884 , 0
-0.072355 , -0.984596 , 0
-0.0515258 , -0.985871 , 0
-0.0306737 , -0.986709 , 0
-0.00980811 , -0.98711 , 0
0.0110619 , -0.987073 , 0
0.0319269 , -0.986598 , 0
0.0527779 , -0.985686 , 0
0.0736054 , -0.984337 , 0
0.0944002 , -0.982551 , 0
0.115153 , -0.980329 , 0
0.135855 , -0.977672 , 0
0.156497 , -0.974581 , 0
0.177069 , -0.971059 , 0
0.197563 , -0.967105 , 0
0.217969 , -0.962722 , 0
0.238278 , -0.957913 , 0
0.258482 , -0.952678 , 0
0.278571 , -0.947022 , 0
0.298536 , -0.940945 , 0
0.318369 , -0.93445 , 0
0.338061 , -0.927542 , 0
0.357603 , -0.920222 , 0
0.376987 , -0.912495 , 0
0.396203 , -0.904363 , 0
0.415244 , -0.89583 , 0
0.434101 , -0.8869 , 0
0.452766 , -0.877577 , 0
0.47123 , -0.867866 , 0
0.489485 , -0.85777 , 0
0.507524 , -0.847294 , 0
0.525338 , -0.836444 , 0
0.542919 , -0.825223 , 0
0.56026 , -0.813637 , 0
0.577354 , -0.801691 , 0
0.594192 , -0.789391 , 0
0.610767 , -0.776741 , 0
0.627072 , -0.763748 , 0
0.643101 , -0.750418 , 0
0.658845 , -0.736757 , 0
0.674298 , -0.722769 , 0
0.689454 , -0.708463 , 0
0.704305 , -0.693845 , 0
0.718846 , -0.67892 , 0
0.733069 , -0.663695 , 0
0.74697 , -0.648179 , 0
0.760541 , -0.632376 , 0
0.773778 , -0.616295 , 0
0.786673 , -0.599943 , 0
0.799222 , -0.583326 , 0
0.81142 , -0.566453 , 0
0.823261 , -0.549331 , 0
0.83474 , -0.531967 , 0
0.845852 , -0.51437 , 0
0.856593 , -0.496547 , 0
0.866958 , -0.478505 , 0
0.876942 , -0.460254 , 0
0.886542 , -0.441801 , 0
0.895753 , -0.423154 , 0
0.904572 , -0.404322 , 0
0.912994 , -0.385313 , 0
0.921017 , -0.366135 , 0
0.928637 , -0.346797 , 0
0.935851 , -0.327307 , 0
0.942656 , -0.307675 , 0
0.94905 , -0.287908 , 0
0.955029 , -0.268015 , 0
0.960592 , -0.248005 , 0
0.965735 , -0.227888 , 0
0.970458 , -0.207671 , 0
0.974758 , -0.187363 , 0
0.978634 , -0.166974 , 0
0.982085 , -0.146512 , 0
0.985108 , -0.125987 , 0
0.987704 , -0.105407 , 0
0.98987 , -0.084781 , 0
0.991607 , -0.0641184 , 0
0.992914 , -0.0434279 , 0
0.993791 , -0.0227187 , 0
0.994238 , -0.00199957 , 0
0.994254 , 0.0187204 , 0
0.99384 , 0.0394323 , 0
0.992996 , 0.0601271 , 0
0.991724 , 0.080796 , 0
0.990023 , 0.10143 , 0
0.987896 , 0.12202 , 0
0.985342 , 0.142558 , 0
0.982364 , 0.163034 , 0
0.978963 , 0.18344 , 0
0.975141 , 0.203767 , 0
0.9709 , 0.224007 , 0
0.966242 , 0.24415 , 0
0.961169 , 0.264188 , 0
0.955683 , 0.284114 , 0
0.949788 , 0.303917 , 0
0.943486 , 0.32359 , 0
0.93678 , 0.343125 , 0
0.929673 , 0.362512 , 0
0.922169 , 0.381745 , 0
0.91427 , 0.400815 , 0
0.905982 , 0.419713 , 0
0.897307 , 0.438433 , 0
0.888249 , 0.456966 , 0
0.878814 , 0.475304 , 0
0.869004 , 0.49344 , 0
0.858824 , 0.511365 , 0
0.84828 , 0.529074 , 0
0.837375 , 0.546558 , 0
0.826114 , 0.563809 , 0
0.814504 , 0.580822 , 0
0.802548 , 0.597588 , 0
0.790252 , 0.614102 , 0
0.777622 , 0.630355 , 0
0.764662 , 0.646342 , 0
0.75138 , 0.662056 , 0
0.737781 , 0.67749 , 0
0.72387 , 0.692638 , 0
0.709653 , 0.707494 , 0
0.695138 , 0.722052 , 0
0.68033 , 0.736306 , 0
0.665236 , 0.75025 , 0
0.649862 , 0.763879 , 0
0.634215 , 0.777187 , 0
0.618301 , 0.790168 , 0
0.602129 , 0.802818 , 0
0.585703 , 0.815131 , 0
0.569032 , 0.827102 , 0
0.552123 , 0.838727 , 0
0.534983 , 0.850002 , 0
0.517619 , 0.86092 , 0
0.500039 , 0.871479 , 0
0.48225 , 0.881674 , 0
0.46426 , 0.891501 , 0
0.446076 , 0.900957 , 0
0.427707 , 0.910036 , 0
0.409159 , 0.918737 , 0
0.390441 , 0.927056 , 0
0.37156 , 0.934988 , 0
0.352525 , 0.942532 , 0
0.333343 , 0.949685 , 0
0.314024 , 0.956443 , 0
0.294573 , 0.962805 , 0
0.275001 , 0.968767 , 0
0.255315 , 0.974328 , 0
0.235523 , 0.979485 , 0
0.215633 , 0.984237 , 0
0.195655 , 0.988582 , 0
0.175595 , 0.992518 , 0
0.155463 , 0.996044 , 0
0.135267 , 0.999159 , 0
0.115015 , 1.00186 , 0
0.0947153 , 1.00415 , 0
0.0743768 , 1.00603 , 0
0.0540076 , 1.00749 , 0
0.0336161 , 1.00853 , 0
0.0132109 , 1.00916 , 0
-0.00719983 , 1.00938 , 0
-0.0276076 , 1.00918 , 0
-0.048004 , 1.00857 , 0
-0.0683807 , 1.00754 , 0
-0.0887293 , 1.0061 , 0
-0.109042 , 1.00424 , 0
-0.129309 , 1.00198 , 0
-0.149524 , 0.999302 , 0
-0.169677 , 0.996216 , 0
-0.189761 , 0.992723 , 0
-0.209767 , 0.988822 , 0
-0.229687 , 0.984518 , 0
-0.249513 , 0.97981 , 0
-0.269238 , 0.974702 , 0
-0.288852 , 0.969196 , 0
-0.308348 , 0.963294 , 0
-0.327719 , 0.956999 , 0
-0.346955 , 0.950313 , 0
-0.366051 , 0.943239 , 0
-0.384996 , 0.935781 , 0
-0.403785 , 0.927941 , 0
-0.42241 , 0.919723 , 0
-0.440862 , 0.91113 , 0
-0.459135 , 0.902167 , 0
-0.477221 , 0.892836 , 0
-0.495112 , 0.883141 , 0
-0.512802 , 0.873087 , 0
-0.530284 , 0.862679 , 0
-0.54755 , 0.851919 , 0
-0.564593 , 0.840813 , 0
-0.581407 , 0.829365 , 0
-0.597984 , 0.81758 , 0
-0.614319 , 0.805463 , 0
-0.630404 , 0.793019 , 0
-0.646233 , 0.780253 , 0
-0.6618 , 0.76717 , 0
-0.677098 , 0.753776 , 0
-0.692121 , 0.740075 , 0
-0.706864 , 0.726075 , 0
-0.721319 , 0.71178 , 0
-0.735483 , 0.697196 , 0
-0.749347 , 0.682329 , 0
-0.762908 , 0.667186 , 0
-0.77616 , 0.651772 , 0
-0.789097 , 0.636094 , 0
-0.801714 , 0.620158 , 0
-0.814006 , 0.603971 , 0
-0.825968 , 0.587539 , 0
-0.837595 , 0.570869 , 0
-0.848883 , 0.553967 , 0
-0.859827 , 0.536841 , 0
-0.870422 , 0.519497 , 0
-0.880665 , 0.501943 , 0
-0.890551 , 0.484185 , 0
-0.900075 , 0.466231 , 0
-0.909236 , 0.448088 , 0
-0.918027 , 0.429764 , 0
-0.926447 , 0.411266 , 0
-0.934491 , 0.3926 , 0
-0.942156 , 0.373776 , 0
-0.949439 , 0.3548 , 0
-0.956338 , 0.33568 , 0
-0.962849 , 0.316424 , 0
-0.968969 , 0.29704 , 0
-0.974697 , 0.277536 , 0
-0.980029 , 0.257919 , 0
-0.984964 , 0.238197 , 0
-0.989499 , 0.218379 , 0
-0.993632 , 0.198472 , 0
-0.997363 , 0.178484 , 0
-1.00069 , 0.158424 , 0
-1.00361 , 0.1383 , 0
-1.00612 , 0.11812 , 0
-1.00822 , 0.0978913 , 0
-1.00992 , 0.0776231 , 0
-1.0112 , 0.0573235 , 0
-1.01207 , 0.0370005 , 0
-1.01253 , 0.0166625 , 0
-1.01258 , -0.0036823 , 0
-1.01222 , -0.0240256 , 0
-1.01145 , -0.0443591 , 0
-1.01026 , -0.0646746 , 0
-1.00866 , -0.0849637 , 0
-1.00666 , -0.105218 , 0
-1.00424 , -0.12543 , 0
-1.00141 , -0.14559 , 0
-0.998176 , -0.165692 , 0
-0.994534 , -0.185725 , 0
-0.990486 , -0.205683 , 0
-0.986034 , -0.225557 , 0
-0.98118 , -0.245339 , 0
-0.975925 , -0.265021 , 0
-0.970271 , -0.284594 , 0
-0.964221 , -0.304051 , 0
-0.957776 , -0.323384 , 0
-0.95094 , -0.342585 , 0
-0.943714 , -0.361645 , 0
-0.936102 , -0.380558 , 0
-0.928107 , -0.399314 , 0
-0.919731 , -0.417907 , 0
-0.910979 , -0.436328 , 0
-0.901852 , -0.454571 , 0
-0.892356 , -0.472627 , 0
-0.882493 , -0.490489 , 0
-0.872268 , -0.508149 , 0
-0.861685 , -0.525601 , 0
-0.850747 , -0.542837 , 0
-0.839459 , -0.559849 , 0
-0.827825 , -0.57663 , 0
-0.815851 , -0.593175 , 0
-0.80354 , -0.609475 , 0
-0.790898 , -0.625523 , 0
-0.77793 , -0.641314 , 0
-0.76464 , -0.656839 , 0
-0.751035 , -0.672094 , 0
-0.73712 , -0.687071 , 0
-0.722899 , -0.701763 , 0
-0.70838 , -0.716166 , 0
-0.693567 , -0.730272 , 0
-0.678467 , -0.744075 , 0
-0.663086 , -0.75757 , 0
-0.64743 , -0.77075 , 0
-0.631505 , -0.783611 , 0
-0.615318 , -0.796147 , 0
-0.598875 , -0.808351 , 0
-0.582183 , -0.82022 , 0
-0.565249 , -0.831747 , 0
-0.54808 , -0.842928 , 0
-0.530682 , -0.853758 , 0
-0.513063 , -0.864231 , 0
-0.49523 , -0.874345 , 0
-0.47719 , -0.884093 , 0
-0.458951 , -0.893472 , 0
-0.44052 , -0.902477 , 0
-0.421905 , -0.911105 , 0
-0.403113 , -0.919352 , 0
-0.384152 , -0.927213 , 0
-0.365031 , -0.934686 , 0
-0.345756 , -0.941767 , 0
-0.326336 , -0.948452 , 0
-0.306779 , -0.954739 , 0
-0.287093 , -0.960625 , 0
-0.267286 , -0.966106 , 0
-0.247367 , -0.971181 , 0
-0.227343 , -0.975847 , 0
-0.207224 , -0.980102 , 0
-0.187017 , -0.983943 , 0
-0.166731 , -0.987368 , 0
-0.146375 , -0.990377 , 0
-0.125957 , -0.992967 , 0
-0.105486 , -0.995136 , 0
-0.08497 , -0.996885 , 0
-0.0644181 , -0.998211 , 0
-0.0438388 , -0.999114 , 0
-0.0232409 , -0.999593 , 0
-0.00263321 , -0.999648 , 0
0.0179756 , -0.999277 , 0
0.0385768 , -0.998482 , 0
0.0591616 , -0.997262 , 0
0.0797212 , -0.995618 , 0
0.100247 , -0.993549 , 0
0.12073 , -0.991057 , 0
0.141161 , -0.988141 , 0
0.161532 , -0.984804 , 0
0.181834 , -0.981046 , 0
0.202059 , -0.976868 , 0
0.222196 , -0.972273 , 0
0.242239 , -0.96726 , 0
0.262178 , -0.961834 , 0
0.282004 , -0.955995 , 0
0.30171 , -0.949745 , 0
0.321286 , -0.943088 , 0
0.340723 , -0.936026 , 0
0.360015 , -0.92856 , 0
0.379151 , -0.920696 , 0
0.398124 , -0.912435 , 0
0.416925 , -0.90378 , 0
0.435547 , -0.894736 , 0
0.453981 , -0.885306 , 0
0.472218 , -0.875494 , 0
0.490252 , -0.865303 , 0
0.508074 , -0.854738 , 0
0.525676 , -0.843803 , 0
0.54305 , -0.832503 , 0
0.560189 , -0.820843 , 0
0.577085 , -0.808826 , 0
0.593731 , -0.796459 , 0
0.610119 , -0.783746 , 0
0.626243 , -0.770693 , 0
0.642094 , -0.757305 , 0
0.657665 , -0.743587 , 0
0.672951 , -0.729546 , 0
0.687944 , -0.715187 , 0
0.702637 , -0.700517 , 0
0.717024 , -0.685541 , 0
0.731098 , -0.670267 , 0
0.744853 , -0.6547 , 0
0.758283 , -0.638847 , 0
0.771381 , -0.622715 , 0
0.784143 , -0.606311 , 0
0.796561 , -0.589641 , 0
0.808631 , -0.572714 , 0
0.820347 , -0.555536 , 0
0.831704 , -0.538115 , 0
0.842696 , -0.520458 , 0
0.853319 , -0.502572 , 0
0.863568 , -0.484466 , 0
0.873437 , -0.466148 , 0
0.882923 , -0.447625 , 0
0.892021 , -0.428905 , 0
0.900727 , -0.409997 , 0
0.909037 , -0.390908 , 0
0.916947 , -0.371648 , 0
0.924454 , -0.352224 , 0
0.931554 , -0.332645 , 0
0.938243 , -0.31292 , 0
0.944519 , -0.293056 , 0
0.950379 , -0.273064 , 0
0.95582 , -0.252951 , 0
0.960839 , -0.232726 , 0
0.965435 , -0.212399 , 0
0.969604 , -0.191978 , 0
0.973345 , -0.171472 , 0
0.976656 , -0.150891 , 0
0.979536 , -0.130243 , 0
0.981982 , -0.109537 , 0
0.983995 , -0.0887831 , 0
0.985573 , -0.0679898 , 0
0.986715 , -0.0471663 , 0
0.98742 , -0.0263221 , 0
0.987688 , -0.00546615 , 0
0.987519 , 0.0153922 , 0
0.986913 , 0.0362437 , 0
0.98587 , 0.0570792 , 0
0.98439 , 0.0778894 , 0
0.982474 , 0.0986651 , 0
0.980123 , 0.119397 , 0
0.977337 , 0.140076 , 0
0.974119 , 0.160693 , 0
0.970468 , 0.181239 , 0
0.966388 , 0.201704 , 0
0.961879 , 0.22208 , 0
0.956943 , 0.242358 , 0
0.951583 , 0.262528 , 0
0.945801 , 0.282581 , 0
0.9396 , 0.30251 , 0
0.932981 , 0.322304 , 0
0.925949 , 0.341955 , 0
0.918507 , 0.361454 , 0
0.910656 , 0.380794 , 0
0.902402 , 0.399964 , 0
0.893748 , 0.418957 , 0
0.884697 , 0.437763 , 0
0.875253 , 0.456376 , 0
0.865422 , 0.474787 , 0
0.855206 , 0.492986 , 0
0.844612 , 0.510967 , 0
0.833642 , 0.528722 , 0
0.822303 , 0.546242 , 0
0.8106 , 0.56352 , 0
0.798537 , 0.580548 , 0
0.78612 , 0.597319 , 0
0.773355 , 0.613825 , 0
0.760247 , 0.630058 , 0
0.746802 , 0.646013 , 0
0.733026 , 0.661682 , 0
0.718926 , 0.677057 , 0
0.704507 , 0.692133 , 0
0.689776 , 0.706902 , 0
0.67474 , 0.721358 , 0
0.659406 , 0.735495 , 0
0.643779 , 0.749307 , 0
0.627868 , 0.762787 , 0
0.611679 , 0.77593 , 0
0.59522 , 0.78873 , 0
0.578497 , 0.801181 , 0
0.561519 , 0.813278 , 0
0.544293 , 0.825016 , 0
0.526827 , 0.83639 , 0
0.509128 , 0.847394 , 0
0.491205 , 0.858024 , 0
0.473064 , 0.868276 , 0
0.454715 , 0.878145 , 0
0.436166 , 0.887627 , 0
0.417425 , 0.896718 , 0
0.398499 , 0.905414 , 0
0.379398 , 0.913711 , 0
0.36013 , 0.921606 , 0
0.340704 , 0.929096 , 0
0.321128 , 0.936177 , 0
0.301411 , 0.942847 , 0
0.281561 , 0.949102 , 0
0.261588 , 0.95494 , 0
0.2415 , 0.96036 , 0
0.221306 , 0.965358 , 0
0.201014 , 0.969932 , 0
0.180635 , 0.974082 , 0
0.160177 , 0.977804 , 0
0.139648 , 0.981099 , 0
0.119059 , 0.983964 , 0
0.0984168 , 0.986399 , 0
0.0777321 , 0.988402 , 0
0.0570133 , 0.989974 , 0
0.0362697 , 0.991113 , 0
0.0155103 , 0.99182 , 0
-0.00525597 , 0.992094 , 0
-0.0260199 , 0.991936 , 0
-0.0467725 , 0.991345 , 0
-0.0675047 , 0.990323 , 0
-0.0882076 , 0.988869 , 0
-0.108872 , 0.986986 , 0
-0.129489 , 0.984673 , 0
-0.15005 , 0.981933 , 0
-0.170546 , 0.978767 , 0
-0.190968 , 0.975175 , 0
-0.211307 , 0.971161 , 0
-0.231554 , 0.966726 , 0
-0.251701 , 0.961873 , 0
-0.271739 , 0.956603 , 0
-0.29166 , 0.95092 , 0
-0.311455 , 0.944825 , 0
-0.331115 , 0.938322 , 0
-0.350632 , 0.931415 , 0
-0.369998 , 0.924105 , 0
-0.389204 , 0.916398 , 0
-0.408243 , 0.908295 , 0
-0.427106 , 0.899802 , 0
-0.445785 , 0.890921 , 0
-0.464273 , 0.881658 , 0
-0.482561 , 0.872015 , 0
-0.500642 , 0.861999 , 0
-0.518509 , 0.851612 , 0
-0.536153 , 0.840861 , 0
-0.553567 , 0.829749 , 0
-0.570744 , 0.818282 , 0
-0.587678 , 0.806466 , 0
-0.60436 , 0.794304 , 0
-0.620784 , 0.781803 , 0
-0.636942 , 0.768968 , 0
-0.65283 , 0.755806 , 0
-0.668439 , 0.742321 , 0
-0.683763 , 0.72852 , 0
-0.698796 , 0.714409 , 0
-0.713532 , 0.699994 , 0
-0.727965 , 0.685281 , 0
-0.742088 , 0.670278 , 0
-0.755897 , 0.65499 , 0
-0.769385 , 0.639424 , 0
-0.782547 , 0.623587 , 0
-0.795377 , 0.607487 , 0
-0.807871 , 0.591129 , 0
-0.820023 , 0.574521 , 0
-0.831829 , 0.55767 , 0
-0.843284 , 0.540584 , 0
-0.854382 , 0.52327 , 0
-0.865121 , 0.505735 , 0
-0.875495 , 0.487987 , 0
-0.8855 , 0.470033 , 0
-0.895133 , 0.451882 , 0
-0.904389 , 0.433541 , 0
-0.913265 , 0.415017 , 0
-0.921758 , 0.396319 , 0
-0.929864 , 0.377455 , 0
-0.93758 , 0.358433 , 0
-0.944903 , 0.339261 , 0
-0.951831 , 0.319946 , 0
-0.95836 , 0.300498 , 0
-0.964489 , 0.280924 , 0
-0.970214 , 0.261232 , 0
-0.975535 , 0.241432 , 0
-0.980448 , 0.221531 , 0
-0.984953 , 0.201537 , 0
-0.989047 , 0.181459 , 0
-0.992729 , 0.161306 , 0
-0.995998 , 0.141086 , 0
-0.998853 , 0.120807 , 0
-1.00129 , 0.100478 , 0
-1.00332 , 0.0801068 , 0
-1.00492 , 0.0597026 , 0
-1.00611 , 0.0392736 , 0
-1.00689 , 0.0188283 , 0
-1.00724 , -0.00162475 , 0
-1.00718 , -0.0220771 , 0
-1.0067 , -0.0425204 , 0
-1.00581 , -0.0629461 , 0
-1.0045 , -0.0833457 , 0
-1.00277 , -0.103711 , 0
-1.00063 , -0.124033 , 0
-0.998082 , -0.144305 , 0
-0.995118 , -0.164516 , 0
-0.991744 , -0.18466 , 0
-0.987962 , -0.204728 , 0
-0.983773 , -0.224712 , 0
-0.979179 , -0.244603 , 0
-0.974182 , -0.264393 , 0
-0.968785 , -0.284075 , 0
-0.96299 , -0.30364 , 0
-0.956799 , -0.32308 , 0
-0.950216 , -0.342388 , 0
-0.943242 , -0.361555 , 0
-0.935882 , -0.380574 , 0
-0.928139 , -0.399438 , 0
-0.920015 , -0.418137 , 0
-0.911515 , -0.436665 , 0
-0.902641 , -0.455015 , 0
-0.893399 , -0.473178 , 0
-0.88379 , -0.491148 , 0
-0.873821 , -0.508917 , 0
-0.863495 , -0.526478 , 0
-0.852815 , -0.543824 , 0
-0.841788 , -0.560949 , 0
-0.830417 , -0.577844 , 0
-0.818708 , -0.594503 , 0
-0.806664 , -0.61092 , 0
-0.794292 , -0.627088 , 0
-0.781596 , -0.643001 , 0
-0.768582 , -0.658651 , 0
-0.755254 , -0.674033 , 0
-0.741619 , -0.689141 , 0
-0.727683 , -0.703968 , 0
-0.71345 , -0.718509 , 0
-0.698927 , -0.732758 , 0
-0.68412 , -0.746709 , 0
-0.669034 , -0.760356 , 0
-0.653677 , -0.773694 , 0
-0.638054 , -0.786717 , 0
-0.622172 , -0.799422 , 0
-0.606037 , -0.811801 , 0
-0.589656 , -0.823851 , 0
-0.573036 , -0.835566 , 0
-0.556183 , -0.846942 , 0
-0.539105 , -0.857975 , 0
-0.521807 , -0.868659 , 0
-0.504298 , -0.878991 , 0
-0.486585 , -0.888966 , 0
-0.468674 , -0.898581 , 0
-0.450573 , -0.907831 , 0
-0.432289 , -0.916714 , 0
-0.41383 , -0.925224 , 0
-0.395204 , -0.93336 , 0
-0.376417 , -0.941117 , 0
-0.357477 , -0.948493 , 0
-0.338393 , -0.955484 , 0
-0.319171 , -0.962088 , 0
-0.299821 , -0.968302 , 0
-0.280348 , -0.974124 , 0
-0.260762 , -0.979551 , 0
-0.241071 , -0.984581 , 0
-0.221281 , -0.989212 , 0
-0.201402 , -0.993442 , 0
-0.181442 , -0.99727 , 0
-0.161408 , -1.00069 , 0
-0.141308 , -1.00371 , 0
-0.121151 , -1.00632 , 0
-0.100945 , -1.00853 , 0
-0.0806983 , -1.01032 , 0
-0.0604187 , -1.0117 , 0
-0.0401146 , -1.01268 , 0
-0.0197942 , -1.01324 , 0
0.000534191 , -1.01339 , 0
0.0208624 , -1.01314 , 0
0.0411821 , -1.01247 , 0
0.0614851 , -1.01139 , 0
0.0817631 , -1.0099 , 0
0.102008 , -1.008 , 0
0.122211 , -1.00569 , 0
0.142365 , -1.00297 , 0
0.162461 , -0.999844 , 0
0.182491 , -0.996313 , 0
0.202447 , -0.992377 , 0
0.222321 , -0.988037 , 0
0.242104 , -0.983296 , 0
0.261789 , -0.978155 , 0
0.281367 , -0.972616 , 0
0.300831 , -0.966682 , 0
0.320172 , -0.960354 , 0
0.339383 , -0.953635 , 0
0.358456 , -0.946528 , 0
0.377383 , -0.939035 , 0
0.396156 , -0.93116 , 0
0.414768 , -0.922905 , 0
0.43321 , -0.914274 , 0
0.451476 , -0.90527 , 0
0.469558 , -0.895896 , 0
0.487448 , -0.886157 , 0
0.505138 , -0.876056 , 0
0.522623 , -0.865597 , 0
0.539894 , -0.854784 , 0
0.556944 , -0.843622 , 0
0.573766 , -0.832114 , 0
0.590353 , -0.820267 , 0
0.606699 , -0.808083 , 0
0.622796 , -0.795568 , 0
0.638639 , -0.782727 , 0
0.654219 , -0.769566 , 0
0.669531 , -0.756088 , 0
0.684568 , -0.742301 , 0
0.699324 , -0.728208 , 0
0.713793 , -0.713817 , 0
0.727968 , -0.699132 , 0
0.741844 , -0.68416 , 0
0.755415 , -0.668906 , 0
0.768675 , -0.653377 , 0
0.781618 , -0.637578 , 0
0.794239 , -0.621517 , 0
0.806533 , -0.6052 , 0
0.818494 , -0.588633 , 0
0.830117 , -0.571823 , 0
0.841397 , -0.554777 , 0
0.85233 , -0.537501 , 0
0.86291 , -0.520003 , 0
0.873133 , -0.502291 , 0
0.882994 , -0.48437 , 0
0.89249 , -0.466248 , 0
0.901616 , -0.447934 , 0
0.910367 , -0.429433 , 0
0.918741 , -0.410754 , 0
0.926734 , -0.391905 , 0
0.934341 , -0.372893 , 0
0.94156 , -0.353725 , 0
0.948387 , -0.334411 , 0
0.954819 , -0.314957 , 0
0.960853 , -0.295372 , 0
0.966486 , -0.275664 , 0
0.971717 , -0.255841 , 0
0.976542 , -0.235911 , 0
0.980958 , -0.215882 , 0
0.984965 , -0.195764 , 0
0.98856 , -0.175563 , 0
0.99174 , -0.155289 , 0
0.994506 , -0.13495 , 0
0.996854 , -0.114554 , 0
0.998784 , -0.0941101 , 0
1.0003 , -0.0736268 , 0
1.00139 , -0.0531126 , 0
1.00206 , -0.032576 , 0
1.0023 , -0.0120257 , 0
1.00213 , 0.00852961 , 0
1.00153 , 0.0290814 , 0
1.00052 , 0.0496208 , 0
0.999076 , 0.0701394 , 0
0.997214 , 0.0906283 , 0
0.994931 , 0.111079 , 0
0.992227 , 0.131483 , 0
0.989103 , 0.151831 , 0
0.985561 , 0.172114 , 0
0.981601 , 0.192325 , 0
0.977225 , 0.212455 , 0
0.972434 , 0.232494 , 0
0.96723 , 0.252434 , 0
0.961615 , 0.272267 , 0
0.955591 , 0.291985 , 0
0.949161 , 0.311578 , 0
0.942326 , 0.331038 , 0
0.93509 , 0.350358 , 0
0.927455 , 0.369528 , 0
0.919425 , 0.38854 , 0
0.911001 , 0.407386 , 0
0.902189 , 0.426059 , 0
0.89299 , 0.444549 , 0
0.883409 , 0.462848 , 0
0.87345 , 0.48095 , 0
0.863117 , 0.498845 , 0
0.852413 , 0.516527 , 0
0.841344 , 0.533987 , 0
0.829913 , 0.551217 , 0
0.818126 , 0.568211 , 0
0.805986 , 0.58496 , 0
0.7935 , 0.601457 , 0
0.780672 , 0.617696 , 0
0.767508 , 0.633668 , 0
0.754013 , 0.649367 , 0
0.740192 , 0.664785 , 0
0.726051 , 0.679917 , 0
0.711597 , 0.694755 , 0
0.696836 , 0.709292 , 0
0.681772 , 0.723523 , 0
0.666414 , 0.73744 , 0
0.650767 , 0.751038 , 0
0.634837 , 0.76431 , 0
0.618633 , 0.777251 , 0
0.602159 , 0.789854 , 0
0.585425 , 0.802114 , 0
0.568435 , 0.814026 , 0
0.551199 , 0.825583 , 0
0.533723 , 0.836782 , 0
0.516014 , 0.847616 , 0
0.498081 , 0.858081 , 0
0.47993 , 0.868171 , 0
0.46157 , 0.877883 , 0
0.443009 , 0.887212 , 0
0.424255 , 0.896154 , 0
0.405315 , 0.904704 , 0
0.386197 , 0.912859 , 0
0.366911 , 0.920614 , 0
0.347465 , 0.927967 , 0
0.327866 , 0.934913 , 0
0.308124 , 0.94145 , 0
0.288246 , 0.947574 , 0
0.268242 , 0.953283 , 0
0.248121 , 0.958574 , 0
0.22789 , 0.963443 , 0
0.20756 , 0.96789 , 0
0.187138 , 0.971912 , 0
0.166635 , 0.975506 , 0
0.146057 , 0.978672 , 0
0.125416 , 0.981407 , 0
0.10472 , 0.98371 , 0
0.0839769 , 0.98558 , 0
0.0631972 , 0.987016 , 0
0.0423897 , 0.988018 , 0
0.0215635 , 0.988583 , 0
0.000727845 , 0.988713 , 0
-0.0201082 , 0.988407 , 0
-0.0409353 , 0.987664 , 0
-0.0617444 , 0.986486 , 0
-0.0825262 , 0.984872 , 0
-0.103272 , 0.982823 , 0
-0.123971 , 0.98034 , 0
-0.144616 , 0.977424 , 0
-0.165197 , 0.974075 , 0
-0.185705 , 0.970296 , 0
-0.206131 , 0.966087 , 0
-0.226466 , 0.961452 , 0
-0.2467 , 0.95639 , 0
-0.266825 , 0.950906 , 0
-0.286832 , 0.945 , 0
-0.306712 , 0.938676 , 0
-0.326457 , 0.931936 , 0
-0.346056 , 0.924784 , 0
-0.365502 , 0.917221 , 0
-0.384787 , 0.909252 , 0
-0.403901 , 0.900881 , 0
-0.422835 , 0.892109 , 0
-0.441583 , 0.882943 , 0
-0.460134 , 0.873385 , 0
-0.478482 , 0.863439 , 0
-0.496617 , 0.853111 , 0
-0.514532 , 0.842404 , 0
-0.532219 , 0.831324 , 0
-0.549669 , 0.819875 , 0
-0.566876 , 0.808062 , 0
-0.583832 , 0.795891 , 0
-0.600528 , 0.783367 , 0
-0.616959 , 0.770496 , 0
-0.633115 , 0.757282 , 0
-0.648991 , 0.743733 , 0
-0.664578 , 0.729854 , 0
-0.679871 , 0.715651 , 0
-0.694863 , 0.70113 , 0
-0.709546 , 0.686299 , 0
-0.723915 , 0.671163 , 0
-0.737962 , 0.65573 , 0
-0.751682 , 0.640006 , 0
-0.76507 , 0.623998 , 0
-0.778118 , 0.607714 , 0
-0.790821 , 0.59116 , 0
-0.803173 , 0.574344 , 0
-0.81517 , 0.557274 , 0
-0.826806 , 0.539957 , 0
-0.838075 , 0.522401 , 0
-0.848974 , 0.504613 , 0
-0.859496 , 0.486602 , 0
-0.869638 , 0.468376 , 0
-0.879395 , 0.449942 , 0
-0.888763 , 0.43131 , 0
-0.897738 , 0.412486 , 0
-0.906316 , 0.39348 , 0
-0.914493 , 0.3743 , 0
-0.922267 , 0.354955 , 0
-0.929632 , 0.335453 , 0
-0.936587 , 0.315803 , 0
-0.943128 , 0.296013 , 0
-0.949254 , 0.276092 , 0
-0.95496 , 0.25605 , 0
-0.960245 , 0.235895 , 0
-0.965106 , 0.215636 , 0
-0.969542 , 0.195282 , 0
-0.973551 , 0.174841 , 0
-0.977131 , 0.154324 , 0
-0.980281 , 0.133739 , 0
-0.983 , 0.113094 , 0
-0.985286 , 0.0924006 , 0
-0.987138 , 0.0716661 , 0
-0.988557 , 0.0509001 , 0
-0.989542 , 0.0301117 , 0
-0.990092 , 0.00931014 , 0
-0.990207 , -0.0114955 , 0
-0.989888 , -0.0322962 , 0
-0.989135 , -0.0530827 , 0
-0.987949 , -0.0738459 , 0
-0.986329 , -0.0945767 , 0
-0.984278 , -0.115266 , 0
-0.981796 , -0.135905 , 0
-0.978884 , -0.156485 , 0
-0.975545 , -0.176996 , 0
-0.971779 , -0.19743 , 0
-0.967589 , -0.217777 , 0
-0.962977 , -0.23803 , 0
-0.957945 , -0.258179 , 0
-0.952495 , -0.278215 , 0
-0.94663 , -0.29813 , 0
-0.940353 , -0.317915 , 0
-0.933666 , -0.337562 , 0
-0.926574 , -0.357062 , 0
-0.919079 , -0.376406 , 0
-0.911184 , -0.395588 , 0
-0.902894 , -0.414597 , 0
-0.894213 , -0.433427 , 0
-0.885143 , -0.452069 , 0
-0.87569 , -0.470515 , 0
-0.865858 , -0.488757 , 0
-0.855651 , -0.506787 , 0
-0.845075 , -0.524599 , 0
-0.834133 , -0.542183 , 0
-0.82283 , -0.559534 , 0
-0.811173 , -0.576643 , 0
-0.799165 , -0.593503 , 0
-0.786814 , -0.610108 , 0
-0.774123 , -0.62645 , 0
-0.761099 , -0.642522 , 0
-0.747748 , -0.658318 , 0
-0.734075 , -0.67383 , 0
-0.720087 , -0.689054 , 0
-0.70579 , -0.703981 , 0
-0.69119 , -0.718607 , 0
-0.676294 , -0.732924 , 0
-0.661108 , -0.746928 , 0
-0.645639 , -0.760612 , 0
-0.629894 , -0.77397 , 0
-0.61388 , -0.786998 , 0
-0.597603 , -0.799689 , 0
-0.581072 , -0.81204 , 0
-0.564293 , -0.824044 , 0
-0.547273 , -0.835696 , 0
-0.53002 , -0.846993 , 0
-0.512541 , -0.857929 , 0
-0.494845 , -0.868501 , 0
-0.476938 , -0.878703 , 0
-0.458829 , -0.888532 , 0
-0.440525 , -0.897984 , 0
-0.422034 , -0.907055 , 0
-0.403364 , -0.915742 , 0
-0.384524 , -0.924041 , 0
-0.36552 , -0.931949 , 0
-0.346362 , -0.939463 , 0
-0.327058 , -0.94658 , 0
-0.307616 , -0.953298 , 0
-0.288044 , -0.959613 , 0
-0.268351 , -0.965523 , 0
-0.248544 , -0.971027 , 0
-0.228633 , -0.976122 , 0
-0.208625 , -0.980806 , 0
-0.18853 , -0.985078 , 0
-0.168356 , -0.988935 , 0
-0.148111 , -0.992378 , 0
-0.127804 , -0.995404 , 0
-0.107443 , -0.998013 , 0
-0.0870372 , -1.0002 , 0
-0.066595 , -1.00198 , 0
-0.046125 , -1.00333 , 0
-0.0256356 , -1.00426 , 0
-0.00513557 , -1.00478 , 0
0.0153666 , -1.00487 , 0
0.0358624 , -1.00455 , 0
0.0563433 , -1.0038 , 0
0.0768006 , -1.00264 , 0
0.097226 , -1.00106 , 0
0.117611 , -0.999063 , 0
0.137947 , -0.996651 , 0
0.158226 , -0.993825 , 0
0.178439 , -0.990586 , 0
0.198577 , -0.986935 , 0
0.218634 , -0.982876 , 0
0.2386 , -0.978409 , 0
0.258467 , -0.973536 , 0
0.278227 , -0.968261 , 0
0.297872 , -0.962585 , 0
0.317393 , -0.95651 , 0
0.336784 , -0.950041 , 0
0.356035 , -0.943178 , 0
0.375139 , -0.935927 , 0
0.394089 , -0.928289 , 0
0.412876 , -0.920269 , 0
0.431493 , -0.911869 , 0
0.449932 , -0.903094 , 0
0.468186 , -0.893946 , 0
0.486247 , -0.884431 , 0
0.504108 , -0.874552 , 0
0.521763 , -0.864314 , 0
0.539202 , -0.853721 , 0
0.556421 , -0.842777 , 0
0.57341 , -0.831487 , 0
0.590165 , -0.819856 , 0
0.606678 , -0.807889 , 0
0.622942 , -0.795591 , 0
0.638951 , -0.782967 , 0
0.654698 , -0.770022 , 0
0.670178 , -0.756763 , 0
0.685383 , -0.743193 , 0
0.700308 , -0.72932 , 0
0.714946 , -0.715149 , 0
0.729293 , -0.700685 , 0
0.743342 , -0.685935 , 0
0.757087 , -0.670906 , 0
0.770523 , -0.655602 , 0
0.783645 , -0.640031 , 0
0.796448 , -0.624199 , 0
0.808925 , -0.608113 , 0
0.821074 , -0.591778 , 0
0.832887 , -0.575203 , 0
0.844362 , -0.558394 , 0
0.855492 , -0.541357 , 0
0.866275 , -0.524099 , 0
0.876705 , -0.506629 , 0
0.886778 , -0.488952 , 0
0.896491 , -0.471077 , 0
0.90584 , -0.45301 , 0
0.91482 , -0.434759 , 0
0.923428 , -0.416332 , 0
0.931662 , -0.397735 , 0
0.939517 , -0.378977 , 0
0.946991 , -0.360064 , 0
0.95408 , -0.341006 , 0
0.960781 , -0.321809 , 0
0.967093 , -0.302482 , 0
0.973013 , -0.283032 , 0
0.978538 , -0.263467 , 0
0.983666 , -0.243795 , 0
0.988395 , -0.224024 , 0
0.992723 , -0.204163 , 0
0.996648 , -0.184219 , 0
1.00017 , -0.1642 , 0
1.00329 , -0.144114 , 0
1.006 , -0.12397 , 0
1.0083 , -0.103776 , 0
1.01019 , -0.0835398 , 0
1.01167 , -0.0632697 , 0
1.01275 , -0.0429739 , 0
1.01341 , -0.0226607 , 0
1.01366 , -0.00233836 , 0
1.0135 , 0.0179849 , 0
1.01294 , 0.038301 , 0
1.01196 , 0.0586015 , 0
1.01057 , 0.0788782 , 0
1.00877 , 0.099123 , 0
1.00656 , 0.119328 , 0
1.00394 , 0.139484 , 0
1.00092 , 0.159584 , 0
0.997491 , 0.179619 , 0
0.993658 , 0.199581 , 0
0.989422 , 0.219462 , 0
0.984784 , 0.239254 , 0
0.979748 , 0.258949 , 0
0.974314 , 0.27854 , 0
0.968484 , 0.298017 , 0
0.962262 , 0.317373 , 0
0.955649 , 0.336601 , 0
0.948648 , 0.355692 , 0
0.941263 , 0.374638 , 0
0.933495 , 0.393432 , 0
0.925348 , 0.412067 , 0
0.916825 , 0.430534 , 0
0.907929 , 0.448826 , 0
0.898664 , 0.466936 , 0
0.889035 , 0.484856 , 0
0.879043 , 0.502579 , 0
0.868694 , 0.520098 , 0
0.857992 , 0.537404 , 0
0.846941 , 0.554493 , 0
0.835544 , 0.571355 , 0
0.823808 , 0.587985 , 0
0.811736 , 0.604375 , 0
0.799333 , 0.620519 , 0
0.786604 , 0.63641 , 0
0.773555 , 0.652041 , 0
0.76019 , 0.667407 , 0
0.746514 , 0.6825 , 0
0.732534 , 0.697315 , 0
0.718255 , 0.711844 , 0
0.703683 , 0.726083 , 0
0.688822 , 0.740025 , 0
0.67368 , 0.753665 , 0
0.658263 , 0.766996 , 0
0.642576 , 0.780014 , 0
0.626626 , 0.792712 , 0
0.61042 , 0.805085 , 0
0.593963 , 0.817128 , 0
0.577263 , 0.828837 , 0
0.560326 , 0.840205 , 0
0.543158 , 0.851229 , 0
0.525768 , 0.861903 , 0
0.508162 , 0.872223 , 0
0.490347 , 0.882184 , 0
0.472331 , 0.891783 , 0
0.45412 , 0.901014 , 0
0.435722 , 0.909875 , 0
0.417145 , 0.918361 , 0
0.398396 , 0.926469 , 0
0.379482 , 0.934194 , 0
0.360412 , 0.941534 , 0
0.341193 , 0.948486 , 0
0.321833 , 0.955046 , 0
0.30234 , 0.96121 , 0
0.282723 , 0.966978 , 0
0.262988 , 0.972345 , 0
0.243144 , 0.97731 , 0
0.2232 , 0.98187 , 0
0.203163 , 0.986022 , 0
0.183041 , 0.989766 , 0
0.162844 , 0.993099 , 0
0.142579 , 0.99602 , 0
0.122255 , 0.998526 , 0
0.10188 , 1.00062 , 0
0.0814627 , 1.00229 , 0
0.0610114 , 1.00355 , 0
0.0405347 , 1.00439 , 0
0.0200411 , 1.00481 , 0
-0.000460893 , 1.00481 , 0
-0.0209627 , 1.00439 , 0
-0.0414557 , 1.00355 , 0
-0.0619314 , 1.0023 , 0
-0.0823812 , 1.00062 , 0
-0.102796 , 0.998525 , 0
-0.123169 , 0.996011 , 0
-0.143489 , 0.99308 , 0
-0.16375 , 0.989731 , 0
-0.183941 , 0.985968 , 0
-0.204056 , 0.98179 , 0
-0.224084 , 0.977199 , 0
-0.244019 , 0.972197 , 0
-0.26385 , 0.966786 , 0
-0.283571 , 0.960968 , 0
-0.303171 , 0.954744 , 0
-0.322644 , 0.948118 , 0
-0.341981 , 0.941091 , 0
-0.361173 , 0.933667 , 0
-0.380213 , 0.925848 , 0
-0.399092 , 0.917637 , 0
-0.417801 , 0.909038 , 0
-0.436334 , 0.900053 , 0
-0.454681 , 0.890687 , 0
-0.472836 , 0.880943 , 0
-0.49079 , 0.870825 , 0
-0.508535 , 0.860337 , 0
-0.526064 , 0.849483 , 0
-0.54337 , 0.838267 , 0
-0.560443 , 0.826694 , 0
-0.577278 , 0.814769 , 0
-0.593867 , 0.802497 , 0
-0.610202 , 0.789882 , 0
-0.626277 , 0.776929 , 0
-0.642084 , 0.763645 , 0
-0.657616 , 0.750034 , 0
-0.672867 , 0.736102 , 0
-0.68783 , 0.721855 , 0
-0.702498 , 0.707298 , 0
-0.716864 , 0.692438 , 0
-0.730923 , 0.677281 , 0
-0.744668 , 0.661832 , 0
-0.758093 , 0.6461 , 0
-0.771192 , 0.630089 , 0
-0.783958 , 0.613808 , 0
-0.796388 , 0.597261 , 0
-0.808474 , 0.580458 , 0
-0.820211 , 0.563404 , 0
-0.831594 , 0.546107 , 0
-0.842619 , 0.528574 , 0
-0.853279 , 0.510813 , 0
-0.86357 , 0.492831 , 0
-0.873487 , 0.474635 , 0
-0.883026 , 0.456234 , 0
-0.892183 , 0.437636 , 0
-0.900953 , 0.418847 , 0
-0.909332 , 0.399877 , 0
-0.917316 , 0.380734 , 0
-0.924902 , 0.361425 , 0
-0.932085 , 0.341959 , 0
-0.938864 , 0.322344 , 0
-0.945234 , 0.302589 , 0
-0.951192 , 0.282702 , 0
-0.956736 , 0.262692 , 0
-0.961863 , 0.242568 , 0
-0.96657 , 0.222337 , 0
-0.970856 , 0.20201 , 0
-0.974717 , 0.181594 , 0
-0.978153 , 0.1611 , 0
-0.981161 , 0.140534 , 0
-0.98374 , 0.119908 , 0
-0.985888 , 0.0992283 , 0
-0.987605 , 0.0785056 , 0
-0.98889 , 0.0577486 , 0
-0.98974 , 0.0369662 , 0
-0.990157 , 0.0161676 , 0
-0.99014 , -0.00463809 , 0
-0.989688 , -0.0254417 , 0
-0.988801 , -0.0462342 , 0
-0.98748 , -0.0670064 , 0
-0.985725 , -0.0877491 , 0
-0.983536 , -0.108453 , 0
-0.980915 , -0.12911 , 0
-0.977862 , -0.149709 , 0
-0.974378 , -0.170243 , 0
-0.970466 , -0.190702 , 0
-0.966126 , -0.211076 , 0
-0.96136 , -0.231358 , 0
-0.95617 , -0.251538 , 0
-0.950558 , -0.271606 , 0
-0.944527 , -0.291555 , 0
-0.938079 , -0.311375 , 0
-0.931217 , -0.331058 , 0
-0.923943 , -0.350594 , 0
-0.916261 , -0.369976 , 0
-0.908175 , -0.389194 , 0
-0.899687 , -0.40824 , 0
-0.890801 , -0.427105 , 0
-0.88152 , -0.445782 , 0
-0.87185 , -0.464261 , 0
-0.861794 , -0.482535 , 0
-0.851357 , -0.500595 , 0
-0.840543 , -0.518434 , 0
-0.829356 , -0.536043 , 0
-0.817802 , -0.553414 , 0
-0.805886 , -0.570541 , 0
-0.793613 , -0.587414 , 0
-0.780988 , -0.604028 , 0
-0.768017 , -0.620373 , 0
-0.754706 , -0.636444 , 0
-0.74106 , -0.652232 , 0
-0.727085 , -0.667732 , 0
-0.712788 , -0.682935 , 0
-0.698175 , -0.697835 , 0
-0.683252 , -0.712426 , 0
-0.668026 , -0.726701 , 0
-0.652504 , -0.740654 , 0
-0.636693 , -0.754278 , 0
-0.620599 , -0.767567 , 0
-0.604229 , -0.780516 , 0
-0.587592 , -0.793119 , 0
-0.570694 , -0.80537 , 0
-0.553543 , -0.817263 , 0
-0.536146 , -0.828795 , 0
-0.518512 , -0.839958 , 0
-0.500648 , -0.850749 , 0
-0.482561 , -0.861163 , 0
-0.464261 , -0.871195 , 0
-0.445755 , -0.88084 , 0
-0.427051 , -0.890095 , 0
-0.408157 , -0.898955 , 0
-0.389083 , -0.907417 , 0
-0.369837 , -0.915477 , 0
-0.350426 , -0.923131 , 0
-0.33086 , -0.930376 , 0
-0.311148 , -0.937209 , 0
-0.291298 , -0.943627 , 0
-0.271319 , -0.949626 , 0
-0.251219 , -0.955206 , 0
-0.231009 , -0.960362 , 0
-0.210696 , -0.965094 , 0
-0.19029 , -0.969399 , 0
-0.1698 , -0.973275 , 0
-0.149235 , -0.97672 , 0
-0.128604 , -0.979734 , 0
-0.107916 , -0.982314 , 0
-0.0871801 , -0.984461 , 0
-0.0664059 , -0.986173 , 0
-0.0456024 , -0.987449 , 0
-0.0247788 , -0.98829 , 0
-0.00394421 , -0.988694 , 0
0.0168921 , -0.988662 , 0
0.0377209 , -0.988195 , 0
0.0585332 , -0.987292 , 0
0.0793196 , -0.985953 , 0
0.100071 , -0.984181 , 0
0.120779 , -0.981975 , 0
0.141433 , -0.979337 , 0
0.162025 , -0.976269 , 0
0.182546 , -0.972771 , 0
0.202986 , -0.968845 , 0
0.223338 , -0.964494 , 0
0.243591 , -0.959719 , 0
0.263738 , -0.954523 , 0
0.283768 , -0.948909 , 0
0.303675 , -0.942878 , 0
0.323448 , -0.936434 , 0
0.343079 , -0.92958 , 0
0.362561 , -0.922318 , 0
0.381883 , -0.914654 , 0
0.401039 , -0.906589 , 0
0.420019 , -0.898128 , 0
0.438816 , -0.889274 , 0
0.457421 , -0.880032 , 0
0.475827 , -0.870406 , 0
0.494025 , -0.860401 , 0
0.512008 , -0.85002 , 0
0.529767 , -0.839269 , 0
0.547296 , -0.828153 , 0
0.564587 , -0.816676 , 0
0.581632 , -0.804844 , 0
0.598425 , -0.792662 , 0
0.614957 , -0.780136 , 0
0.631223 , -0.767272 , 0
0.647215 , -0.754074 , 0
0.662926 , -0.74055 , 0
0.67835 , -0.726704 , 0
0.69348 , -0.712544 , 0
0.70831 , -0.698076 , 0
0.722834 , -0.683306 , 0
0.737045 , -0.668241 , 0
0.750939 , -0.652887 , 0
0.764508 , -0.637251 , 0
0.777747 , -0.62134 , 0
0.790651 , -0.605162 , 0
0.803215 , -0.588723 , 0
0.815433 , -0.57203 , 0
0.8273 , -0.555092 , 0
0.838812 , -0.537914 , 0
0.849963 , -0.520506 , 0
0.860749 , -0.502875 , 0
0.871167 , -0.485028 , 0
0.881211 , -0.466972 , 0
0.890877 , -0.448717 , 0
0.900162 , -0.43027 , 0
0.909063 , -0.411639 , 0
0.917574 , -0.392832 , 0
0.925694 , -0.373857 , 0
0.933419 , -0.354722 , 0
0.940745 , -0.335437 , 0
0.947671 , -0.316008 , 0
0.954193 , -0.296444 , 0
0.960309 , -0.276755 , 0
0.966017 , -0.256948 , 0
0.971314 , -0.237032 , 0
0.976198 , -0.217015 , 0
0.980669 , -0.196905 , 0
0.984723 , -0.176713 , 0
0.988361 , -0.156445 , 0
0.991579 , -0.136112 , 0
0.994379 , -0.11572 , 0
0.996757 , -0.0952801 , 0
0.998715 , -0.0747996 , 0
1.00025 , -0.0542875 , 0
1.00136 , -0.0337525 , 0
1.00206 , -0.0132033 , 0
1.00233 , 0.00735145 , 0
1.00217 , 0.0279031 , 0
1.0016 , 0.0484431 , 0
1.0006 , 0.0689626 , 0
0.99919 , 0.0894532 , 0
0.997355 , 0.109906 , 0
0.995101 , 0.130313 , 0
0.992431 , 0.150666 , 0
0.989344 , 0.170955 , 0
0.985844 , 0.191172 , 0
0.981931 , 0.21131 , 0
0.977608 , 0.231359 , 0
0.972876 , 0.251312 , 0
0.967738 , 0.27116 , 0
0.962196 , 0.290894 , 0
0.956253 , 0.310507 , 0
0.949911 , 0.329991 , 0
0.943174 , 0.349338 , 0
0.936044 , 0.368539 , 0
0.928526 , 0.387587 , 0
0.920621 , 0.406473 , 0
0.912334 , 0.425191 , 0
0.903668 , 0.443733 , 0
0.894627 , 0.46209 , 0
0.885216 , 0.480256 , 0
0.875438 , 0.498223 , 0
0.865297 , 0.515984 , 0
0.854798 , 0.533531 , 0
0.843946 , 0.550857 , 0
0.832745 , 0.567956 , 0
0.8212 , 0.58482 , 0
0.809316 , 0.601443 , 0
0.797098 , 0.617817 , 0
0.784551 , 0.633937 , 0
0.771681 , 0.649796 , 0
0.758493 , 0.665387 , 0
0.744993 , 0.680704 , 0
0.731187 , 0.69574 , 0
0.717079 , 0.710491 , 0
0.702677 , 0.72495 , 0
0.687987 , 0.739111 , 0
0.673013 , 0.752968 , 0
0.657764 , 0.766517 , 0
0.642245 , 0.779751 , 0
0.626462 , 0.792665 , 0
0.610423 , 0.805255 , 0
0.594134 , 0.817514 , 0
0.577601 , 0.829439 , 0
0.560832 , 0.841025 , 0
0.543834 , 0.852266 , 0
0.526613 , 0.863159 , 0
0.509177 , 0.8737 , 0
0.491533 , 0.883883 , 0
0.473689 , 0.893705 , 0
0.455651 , 0.903162 , 0
0.437426 , 0.912251 , 0
0.419024 , 0.920968 , 0
0.400451 , 0.929309 , 0
0.381714 , 0.937271 , 0
0.362822 , 0.944852 , 0
0.343782 , 0.952047 , 0
0.324602 , 0.958855 , 0
0.30529 , 0.965273 , 0
0.285854 , 0.971297 , 0
0.266301 , 0.976927 , 0
0.24664 , 0.982159 , 0
0.226879 , 0.986992 , 0
0.207026 , 0.991423 , 0
0.187088 , 0.995452 , 0
0.167074 , 0.999076 , 0
0.146993 , 1.00229 , 0
0.126852 , 1.00511 , 0
0.106659 , 1.00751 , 0
0.0864231 , 1.0095 , 0
0.0661521 , 1.01109 , 0
0.0458542 , 1.01226 , 0
0.0255377 , 1.01302 , 0
0.00521082 , 1.01338 , 0
-0.0151182 , 1.01332 , 0
-0.035441 , 1.01285 , 0
-0.0557495 , 1.01197 , 0
-0.0760353 , 1.01068 , 0
-0.0962904 , 1.00898 , 0
-0.116506 , 1.00687 , 0
-0.136675 , 1.00435 , 0
-0.156789 , 1.00143 , 0
-0.176838 , 0.998095 , 0
-0.196817 , 0.99436 , 0
-0.216715 , 0.990222 , 0
-0.236525 , 0.985683 , 0
-0.25624 , 0.980744 , 0
-0.275851 , 0.975408 , 0
-0.29535 , 0.969676 , 0
-0.31473 , 0.963552 , 0
-0.333981 , 0.957037 , 0
-0.353098 , 0.950134 , 0
-0.372071 , 0.942846 , 0
-0.390894 , 0.935176 , 0
-0.409558 , 0.927127 , 0
-0.428056 , 0.918702 , 0
-0.446381 , 0.909904 , 0
-0.464524 , 0.900738 , 0
-0.482479 , 0.891206 , 0
-0.500239 , 0.881313 , 0
-0.517795 , 0.871062 , 0
-0.535142 , 0.860458 , 0
-0.552271 , 0.849505 , 0
-0.569177 , 0.838207 , 0
-0.585851 , 0.826569 , 0
-0.602287 , 0.814595 , 0
-0.618479 , 0.802291 , 0
-0.63442 , 0.789661 , 0
-0.650103 , 0.77671 , 0
-0.665522 , 0.763443 , 0
-0.68067 , 0.749866 , 0
-0.695541 , 0.735984 , 0
-0.71013 , 0.721803 , 0
-0.72443 , 0.707328 , 0
-0.738435 , 0.692566 , 0
-0.75214 , 0.677522 , 0
-0.765538 , 0.662202 , 0
-0.778625 , 0.646612 , 0
-0.791395 , 0.630759 , 0
-0.803842 , 0.614648 , 0
-0.815961 , 0.598288 , 0
-0.827747 , 0.581683 , 0
-0.839196 , 0.564841 , 0
-0.850303 , 0.547768 , 0
-0.861062 , 0.530472 , 0
-0.87147 , 0.512959 , 0
-0.881521 , 0.495237 , 0
-0.891213 , 0.477312 , 0
-0.900539 , 0.459192 , 0
-0.909498 , 0.440884 , 0
-0.918084 , 0.422396 , 0
-0.926294 , 0.403734 , 0
-0.934125 , 0.384908 , 0
-0.941573 , 0.365923 , 0
-0.948635 , 0.346789 , 0
-0.955308 , 0.327512 , 0
-0.961589 , 0.308101 , 0
-0.967474 , 0.288563 , 0
-0.972963 , 0.268907 , 0
-0.978051 , 0.24914 , 0
-0.982738 , 0.229271 , 0
-0.987019 , 0.209308 , 0
-0.990895 , 0.189258 , 0
-0.994362 , 0.16913 , 0
-0.99742 , 0.148933 , 0
-1.00007 , 0.128674 , 0
-1.0023 , 0.108362 , 0
-1.00412 , 0.0880058 , 0
-1.00552 , 0.0676129 , 0
-1.00651 , 0.047192 , 0
-1.00709 , 0.0267515 , 0
-1.00724 , 0.00630006 , 0
-1.00698 , -0.014154 , 0
-1.0063 , -0.0346023 , 0
-1.00521 , -0.0550362 , 0
-1.0037 , -0.0754472 , 0
-1.00177 , -0.0958269 , 0
-0.999424 , -0.116167 , 0
-0.996664 , -0.136459 , 0
-0.993489 , -0.156693 , 0
-0.989901 , -0.176863 , 0
-0.9859 , -0.196959 , 0
-0.981489 , -0.216973 , 0
-0.976668 , -0.236897 , 0
-0.97144 , -0.256721 , 0
-0.965807 , -0.276439 , 0
-0.959769 , -0.296041 , 0
-0.953331 , -0.315519 , 0
-0.946494 , -0.334865 , 0
-0.93926 , -0.354071 , 0
-0.931633 , -0.373129 , 0
-0.923615 , -0.39203 , 0
-0.91521 , -0.410766 , 0
-0.90642 , -0.429331 , 0
-0.89725 , -0.447714 , 0
-0.887702 , -0.46591 , 0
-0.877781 , -0.48391 , 0
-0.86749 , -0.501705 , 0
-0.856834 , -0.51929 , 0
-0.845816 , -0.536655 , 0
-0.834442 , -0.553794 , 0
-0.822715 , -0.5707 , 0
-0.810641 , -0.587364 , 0
-0.798224 , -0.603779 , 0
-0.785469 , -0.61994 , 0
-0.772382 , -0.635837 , 0
-0.758967 , -0.651466 , 0
-0.74523 , -0.666818 , 0
-0.731177 , -0.681887 , 0
-0.716814 , -0.696666 , 0
-0.702146 , -0.711149 , 0
-0.687179 , -0.72533 , 0
-0.67192 , -0.739202 , 0
-0.656374 , -0.75276 , 0
-0.640549 , -0.765996 , 0
-0.624451 , -0.778906 , 0
-0.608086 , -0.791483 , 0
-0.591462 , -0.803723 , 0
-0.574584 , -0.815618 , 0
-0.557461 , -0.827165 , 0
-0.540099 , -0.838358 , 0
-0.522506 , -0.849192 , 0
-0.504689 , -0.859662 , 0
-0.486656 , -0.869763 , 0
-0.468413 , -0.87949 , 0
-0.449969 , -0.88884 , 0
-0.431332 , -0.897808 , 0
-0.41251 , -0.906389 , 0
-0.39351 , -0.914581 , 0
-0.37434 , -0.922378 , 0
-0.355009 , -0.929778 , 0
-0.335525 , -0.936777 , 0
-0.315896 , -0.943372 , 0
-0.29613 , -0.949559 , 0
-0.276237 , -0.955336 , 0
-0.256224 , -0.960699 , 0
-0.236101 , -0.965647 , 0
-0.215875 , -0.970177 , 0
-0.195555 , -0.974286 , 0
-0.175151 , -0.977973 , 0
-0.154671 , -0.981236 , 0
-0.134123 , -0.984073 , 0
-0.113518 , -0.986482 , 0
-0.0928625 , -0.988462 , 0
-0.0721671 , -0.990013 , 0
-0.0514403 , -0.991133 , 0
-0.0306911 , -0.991821 , 0
-0.00992852 , -0.992077 , 0
0.0108384 , -0.9919 , 0
0.0316006 , -0.991291 , 0
0.0523489 , -0.990249 , 0
0.0730745 , -0.988775 , 0
0.0937681 , -0.986869 , 0
0.114421 , -0.984531 , 0
0.135023 , -0.981763 , 0
0.155567 , -0.978565 , 0
0.176042 , -0.974939 , 0
0.19644 , -0.970885 , 0
0.216752 , -0.966406 , 0
0.236969 , -0.961503 , 0
0.257083 , -0.956179 , 0
0.277083 , -0.950434 , 0
0.296961 , -0.944272 , 0
0.31671 , -0.937696 , 0
0.336319 , -0.930707 , 0
0.35578 , -0.923309 , 0
0.375084 , -0.915505 , 0
0.394224 , -0.907298 , 0
0.413189 , -0.898691 , 0
0.431973 , -0.889689 , 0
0.450567 , -0.880295 , 0
0.468962 , -0.870512 , 0
0.48715 , -0.860346 , 0
0.505123 , -0.8498 , 0
0.522874 , -0.838879 , 0
0.540393 , -0.827588 , 0
0.557674 , -0.815932 , 0
0.574709 , -0.803915 , 0
0.591489 , -0.791543 , 0
0.608009 , -0.778821 , 0
0.624259 , -0.765754 , 0
0.640233 , -0.752349 , 0
0.655925 , -0.738612 , 0
0.671326 , -0.724547 , 0
0.68643 , -0.710162 , 0
0.70123 , -0.695463 , 0
0.715719 , -0.680455 , 0
0.729892 , -0.665146 , 0
0.743741 , -0.649543 , 0
0.757261 , -0.633652 , 0
0.770445 , -0.61748 , 0
0.783288 , -0.601035 , 0
0.795784 , -0.584323 , 0
0.807927 , -0.567352 , 0
0.819712 , -0.550129 , 0
0.831133 , -0.532663 , 0
0.842186 , -0.51496 , 0
0.852865 , -0.497029 , 0
0.863167 , -0.478878 , 0
0.873085 , -0.460514 , 0
0.882616 , -0.441946 , 0
0.891755 , -0.423182 , 0
0.900499 , -0.404231 , 0
0.908844 , -0.385099 , 0
0.916785 , -0.365798 , 0
0.92432 , -0.346333 , 0
0.931444 , -0.326716 , 0
0.938156 , -0.306953 , 0
0.944451 , -0.287054 , 0
0.950328 , -0.267028 , 0
0.955783 , -0.246883 , 0
0.960814 , -0.226629 , 0
0.965419 , -0.206275 , 0
0.969596 , -0.185829 , 0
0.973343 , -0.1653 , 0
0.976659 , -0.144699 , 0
0.979542 , -0.124033 , 0
0.981991 , -0.103312 , 0
0.984005 , -0.0825454 , 0
0.985583 , -0.0617423 , 0
0.986724 , -0.0409118 , 0
0.987428 , -0.0200633 , 0
