x , y , z
1 , 0 , 0
0.999788 , 0.0206006 , 0
0.999151 , 0.0411925 , 0
0.998091 , 0.0617669 , 0
0.996607 , 0.082315 , 0
0.9947 , 0.102828 , 0
0.992371 , 0.123298 , 0
0.98962 , 0.143715 , 0
0.98645 , 0.164071 , 0
0.982861 , 0.184358 , 0
0.978855 , 0.204566 , 0
0.974434 , 0.224688 , 0
0.969599 , 0.244714 , 0
0.964352 , 0.264637 , 0
0.958696 , 0.284447 , 0
0.952634 , 0.304136 , 0
0.946167 , 0.323697 , 0
0.939299 , 0.343119 , 0
0.932032 , 0.362397 , 0
0.924369 , 0.38152 , 0
0.916314 , 0.400482 , 0
0.907871 , 0.419274 , 0
0.899042 , 0.437887 , 0
0.889831 , 0.456315 , 0
0.880243 , 0.47455 , 0
0.870282 , 0.492582 , 0
0.859951 , 0.510406 , 0
0.849255 , 0.528014 , 0
0.838199 , 0.545397 , 0
0.826787 , 0.562548 , 0
0.815024 , 0.579461 , 0
0.802915 , 0.596129 , 0
0.790466 , 0.612543 , 0
0.777681 , 0.628697 , 0
0.764566 , 0.644584 , 0
0.751127 , 0.660198 , 0
0.737369 , 0.675532 , 0
0.723298 , 0.690579 , 0
0.70892 , 0.705333 , 0
0.694241 , 0.719788 , 0
0.679268 , 0.733937 , 0
0.664006 , 0.747775 , 0
0.648463 , 0.761295 , 0
0.632645 , 0.774493 , 0
0.616558 , 0.787362 , 0
0.600209 , 0.799897 , 0
0.583606 , 0.812092 , 0
0.566755 , 0.823943 , 0
0.549664 , 0.835444 , 0
0.532339 , 0.84659 , 0
0.514789 , 0.857378 , 0
0.49702 , 0.867801 , 0
0.47904 , 0.877857 , 0
0.460857 , 0.88754 , 0
0.442478 , 0.896846 , 0
0.423912 , 0.905772 , 0
0.405166 , 0.914313 , 0
0.386248 , 0.922467 , 0
0.367166 , 0.930229 , 0
0.347928 , 0.937596 , 0
0.328542 , 0.944566 , 0
0.309018 , 0.951134 , 0
0.289362 , 0.9573 , 0
0.269583 , 0.963059 , 0
0.24969 , 0.968409 , 0
0.229691 , 0.973349 , 0
0.209594 , 0.977876 , 0
0.189409 , 0.981987 , 0
0.169143 , 0.985682 , 0
0.148806 , 0.988959 , 0
0.128405 , 0.991817 , 0
0.10795 , 0.994253 , 0
0.087449 , 0.996268 , 0
0.066911 , 0.99786 , 0
0.0463445 , 0.999029 , 0
0.0257585 , 0.999774 , 0
0.00516146 , 1.00009 , 0
-0.0154377 , 0.999991 , 0
-0.0360304 , 0.999463 , 0
-0.0566077 , 0.998511 , 0
-0.0771611 , 0.997136 , 0
-0.0976817 , 0.995338 , 0
-0.118161 , 0.993117 , 0
-0.13859 , 0.990475 , 0
-0.15896 , 0.987413 , 0
-0.179263 , 0.983932 , 0
-0.19949 , 0.980033 , 0
-0.219632 , 0.975719 , 0
-0.239681 , 0.970991 , 0
-0.259628 , 0.965851 , 0
-0.279465 , 0.960302 , 0
-0.299184 , 0.954344 , 0
-0.318776 , 0.947983 , 0
-0.338232 , 0.941219 , 0
-0.357545 , 0.934055 , 0
-0.376706 , 0.926496 , 0
-0.395708 , 0.918543 , 0
-0.414542 , 0.910201 , 0
-0.4332 , 0.901473 , 0
-0.451674 , 0.892362 , 0
-0.469956 , 0.882873 , 0
-0.488039 , 0.87301 , 0
-0.505916 , 0.862776 , 0
-0.523577 , 0.852176 , 0
-0.541017 , 0.841215 , 0
-0.558227 , 0.829896 , 0
-0.5752 , 0.818226 , 0
-0.591929 , 0.806209 , 0
-0.608407 , 0.79385 , 0
-0.624627 , 0.781154 , 0
-0.640583 , 0.768127 , 0
-0.656266 , 0.754774 , 0
-0.671671 , 0.741101 , 0
-0.686791 , 0.727113 , 0
-0.70162 , 0.712817 , 0
-0.716152 , 0.698219 , 0
-0.730379 , 0.683325 , 0
-0.744297 , 0.668141 , 0
-0.757899 , 0.652673 , 0
-0.77118 , 0.636929 , 0
-0.784134 , 0.620914 , 0
-0.796755 , 0.604637 , 0
-0.809038 , 0.588102 , 0
-0.820978 , 0.571319 , 0
-0.83257 , 0.554293 , 0
-0.843809 , 0.537032 , 0
-0.85469 , 0.519543 , 0
-0.865208 , 0.501834 , 0
-0.87536 , 0.483912 , 0
-0.88514 , 0.465784 , 0
-0.894545 , 0.44746 , 0
-0.90357 , 0.428945 , 0
-0.912212 , 0.410249 , 0
-0.920468 , 0.391378 , 0
-0.928333 , 0.372342 , 0
-0.935804 , 0.353147 , 0
-0.942878 , 0.333803 , 0
-0.949553 , 0.314318 , 0
-0.955825 , 0.294699 , 0
-0.961691 , 0.274955 , 0
-0.96715 , 0.255094 , 0
-0.972199 , 0.235125 , 0
-0.976835 , 0.215057 , 0
-0.981057 , 0.194897 , 0
-0.984863 , 0.174655 , 0
-0.988251 , 0.154339 , 0
-0.99122 , 0.133957 , 0
-0.993769 , 0.113518 , 0
-0.995896 , 0.0930315 , 0
-0.997601 , 0.0725052 , 0
-0.998883 , 0.0519483 , 0
-0.999742 , 0.0313693 , 0
-1.00018 , 0.010777 , 0
-1.00019 , -0.0098199 , 0
-0.999772 , -0.0304126 , 0
-0.998934 , -0.0509924 , 0
-0.997673 , -0.0715506 , 0
-0.995988 , -0.0920785 , 0
-0.993881 , -0.112567 , 0
-0.991353 , -0.133008 , 0
-0.988404 , -0.153393 , 0
-0.985036 , -0.173713 , 0
-0.98125 , -0.193958 , 0
-0.977048 , -0.214122 , 0
-0.972432 , -0.234195 , 0
-0.967403 , -0.254169 , 0
-0.961964 , -0.274034 , 0
-0.956118 , -0.293784 , 0
-0.949865 , -0.313409 , 0
-0.94321 , -0.332901 , 0
-0.936155 , -0.352252 , 0
-0.928703 , -0.371453 , 0
-0.920857 , -0.390497 , 0
-0.912621 , -0.409376 , 0
-0.903997 , -0.428081 , 0
-0.89499 , -0.446604 , 0
-0.885604 , -0.464938 , 0
-0.875842 , -0.483074 , 0
-0.865708 , -0.501006 , 0
-0.855208 , -0.518725 , 0
-0.844345 , -0.536225 , 0
-0.833123 , -0.553497 , 0
-0.821549 , -0.570534 , 0
-0.809626 , -0.587329 , 0
-0.797359 , -0.603875 , 0
-0.784755 , -0.620165 , 0
-0.771818 , -0.636193 , 0
-0.758553 , -0.65195 , 0
-0.744967 , -0.667431 , 0
-0.731064 , -0.682628 , 0
-0.716852 , -0.697537 , 0
-0.702336 , -0.712149 , 0
-0.687521 , -0.726459 , 0
-0.672416 , -0.740462 , 0
-0.657025 , -0.75415 , 0
-0.641355 , -0.767518 , 0
-0.625414 , -0.780561 , 0
-0.609207 , -0.793273 , 0
-0.592741 , -0.805648 , 0
-0.576025 , -0.817682 , 0
-0.559064 , -0.829369 , 0
-0.541866 , -0.840704 , 0
-0.524438 , -0.851683 , 0
-0.506788 , -0.8623 , 0
-0.488923 , -0.872552 , 0
-0.47085 , -0.882434 , 0
-0.452578 , -0.891941 , 0
-0.434113 , -0.90107 , 0
-0.415465 , -0.909817 , 0
-0.396641 , -0.918178 , 0
-0.377648 , -0.926149 , 0
-0.358495 , -0.933728 , 0
-0.33919 , -0.940911 , 0
-0.319741 , -0.947694 , 0
-0.300156 , -0.954076 , 0
-0.280444 , -0.960053 , 0
-0.260614 , -0.965623 , 0
-0.240672 , -0.970783 , 0
-0.220629 , -0.975531 , 0
-0.200492 , -0.979866 , 0
-0.18027 , -0.983785 , 0
-0.159971 , -0.987287 , 0
-0.139605 , -0.99037 , 0
-0.11918 , -0.993033 , 0
-0.0987035 , -0.995274 , 0
-0.0781855 , -0.997094 , 0
-0.0576343 , -0.99849 , 0
-0.0370588 , -0.999463 , 0
-0.0164674 , -1.00001 , 0
0.00413086 , -1.00014 , 0
0.0247274 , -0.999838 , 0
0.0453135 , -0.999114 , 0
0.0658803 , -0.997967 , 0
0.0864192 , -0.996396 , 0
0.106921 , -0.994403 , 0
0.127378 , -0.991987 , 0
0.147781 , -0.989151 , 0
0.168121 , -0.985896 , 0
0.18839 , -0.982222 , 0
0.208579 , -0.978131 , 0
0.228679 , -0.973626 , 0
0.248683 , -0.968707 , 0
0.268581 , -0.963377 , 0
0.288365 , -0.957639 , 0
0.308026 , -0.951495 , 0
0.327557 , -0.944947 , 0
0.346949 , -0.937998 , 0
0.366194 , -0.930651 , 0
0.385284 , -0.922909 , 0
0.40421 , -0.914776 , 0
0.422964 , -0.906254 , 0
0.441539 , -0.897348 , 0
0.459927 , -0.888062 , 0
0.47812 , -0.878398 , 0
0.496109 , -0.868362 , 0
0.513889 , -0.857958 , 0
0.53145 , -0.847189 , 0
0.548786 , -0.836061 , 0
0.565888 , -0.824579 , 0
0.582751 , -0.812746 , 0
0.599367 , -0.800569 , 0
0.615728 , -0.788052 , 0
0.631828 , -0.7752 , 0
0.64766 , -0.76202 , 0
0.663217 , -0.748516 , 0
0.678493 , -0.734695 , 0
0.693481 , -0.720562 , 0
0.708174 , -0.706124 , 0
0.722568 , -0.691385 , 0
0.736654 , -0.676354 , 0
0.750428 , -0.661035 , 0
0.763884 , -0.645436 , 0
0.777015 , -0.629563 , 0
0.789817 , -0.613423 , 0
0.802283 , -0.597022 , 0
0.81441 , -0.580369 , 0
0.82619 , -0.563469 , 0
0.83762 , -0.54633 , 0
0.848695 , -0.528959 , 0
0.859409 , -0.511363 , 0
0.869759 , -0.493551 , 0
0.87974 , -0.475529 , 0
0.889347 , -0.457306 , 0
0.898577 , -0.438888 , 0
0.907426 , -0.420284 , 0
0.91589 , -0.401502 , 0
0.923965 , -0.382549 , 0
0.931648 , -0.363434 , 0
0.938935 , -0.344165 , 0
0.945824 , -0.32475 , 0
0.952312 , -0.305197 , 0
0.958396 , -0.285514 , 0
0.964073 , -0.265711 , 0
0.96934 , -0.245794 , 0
0.974197 , -0.225774 , 0
0.97864 , -0.205657 , 0
0.982668 , -0.185453 , 0
0.986278 , -0.165171 , 0
0.989471 , -0.144818 , 0
0.992243 , -0.124404 , 0
0.994594 , -0.103937 , 0
0.996523 , -0.0834262 , 0
0.99803 , -0.0628798 , 0
0.999112 , -0.0423068 , 0
0.999771 , -0.0217157 , 0
1.00001 , -0.00111551 , 0
0.999816 , 0.0194852 , 0
0.999201 , 0.0400776 , 0
0.998163 , 0.0606531 , 0
0.996701 , 0.0812028 , 0
0.994816 , 0.101718 , 0
0.992509 , 0.12219 , 0
0.989781 , 0.14261 , 0
0.986633 , 0.16297 , 0
0.983066 , 0.18326 , 0
0.979081 , 0.203473 , 0
0.974682 , 0.2236 , 0
0.969868 , 0.243631 , 0
0.964644 , 0.263559 , 0
0.959009 , 0.283376 , 0
0.952968 , 0.303072 , 0
0.946522 , 0.322639 , 0
0.939675 , 0.342069 , 0
0.932429 , 0.361355 , 0
0.924787 , 0.380487 , 0
0.916752 , 0.399457 , 0
0.908329 , 0.418258 , 0
0.89952 , 0.436881 , 0
0.890329 , 0.455319 , 0
0.880761 , 0.473564 , 0
0.870818 , 0.491608 , 0
0.860507 , 0.509443 , 0
0.84983 , 0.527062 , 0
0.838792 , 0.544458 , 0
0.827398 , 0.561622 , 0
0.815653 , 0.578548 , 0
0.803563 , 0.595228 , 0
0.791131 , 0.611656 , 0
0.778363 , 0.627824 , 0
0.765265 , 0.643726 , 0
0.751842 , 0.659355 , 0
0.7381 , 0.674703 , 0
0.724045 , 0.689766 , 0
0.709683 , 0.704536 , 0
0.695019 , 0.719006 , 0
0.680061 , 0.733172 , 0
0.664814 , 0.747027 , 0
0.649285 , 0.760564 , 0
0.63348 , 0.773779 , 0
0.617407 , 0.786665 , 0
0.601071 , 0.799218 , 0
0.584481 , 0.811431 , 0
0.567642 , 0.8233 , 0
0.550562 , 0.83482 , 0
0.533249 , 0.845985 , 0
0.51571 , 0.856792 , 0
0.497952 , 0.867235 , 0
0.479982 , 0.877309 , 0
0.461809 , 0.887012 , 0
0.44344 , 0.896338 , 0
0.424882 , 0.905284 , 0
0.406144 , 0.913845 , 0
0.387234 , 0.922019 , 0
0.36816 , 0.929802 , 0
0.34893 , 0.93719 , 0
0.329551 , 0.94418 , 0
0.310032 , 0.95077 , 0
0.290382 , 0.956956 , 0
0.270609 , 0.962736 , 0
0.250721 , 0.968108 , 0
0.230727 , 0.973069 , 0
0.210634 , 0.977617 , 0
0.190452 , 0.98175 , 0
0.17019 , 0.985467 , 0
0.149855 , 0.988765 , 0
0.129457 , 0.991644 , 0
0.109004 , 0.994102 , 0
0.088504 , 0.996139 , 0
0.0679669 , 0.997753 , 0
0.047401 , 0.998943 , 0
0.0268149 , 0.999709 , 0
0.00621753 , 1.00005 , 0
-0.0143825 , 0.99997 , 0
-0.0349765 , 0.999464 , 0
-0.0555556 , 0.998533 , 0
-0.0761111 , 0.997179 , 0
-0.0966344 , 0.995402 , 0
-0.117117 , 0.993203 , 0
-0.137549 , 0.990582 , 0
-0.157923 , 0.987541 , 0
-0.178231 , 0.984081 , 0
-0.198462 , 0.980203 , 0
-0.21861 , 0.97591 , 0
-0.238664 , 0.971203 , 0
-0.258618 , 0.966083 , 0
-0.278461 , 0.960554 , 0
-0.298187 , 0.954617 , 0
-0.317786 , 0.948275 , 0
-0.33725 , 0.941531 , 0
-0.356571 , 0.934387 , 0
-0.375741 , 0.926847 , 0
-0.394751 , 0.918914 , 0
-0.413594 , 0.910591 , 0
-0.432262 , 0.901882 , 0
-0.450746 , 0.89279 , 0
-0.469039 , 0.883319 , 0
-0.487133 , 0.873474 , 0
-0.50502 , 0.863258 , 0
-0.522693 , 0.852676 , 0
-0.540145 , 0.841732 , 0
-0.557367 , 0.830431 , 0
-0.574352 , 0.818778 , 0
-0.591095 , 0.806777 , 0
-0.607586 , 0.794434 , 0
-0.62382 , 0.781755 , 0
-0.639789 , 0.768743 , 0
-0.655486 , 0.755406 , 0
-0.670906 , 0.741748 , 0
-0.686041 , 0.727775 , 0
-0.700885 , 0.713494 , 0
-0.715431 , 0.69891 , 0
-0.729675 , 0.68403 , 0
-0.743608 , 0.668859 , 0
-0.757227 , 0.653405 , 0
-0.770524 , 0.637674 , 0
-0.783494 , 0.621672 , 0
-0.796132 , 0.605406 , 0
-0.808432 , 0.588884 , 0
-0.82039 , 0.572112 , 0
-0.831999 , 0.555097 , 0
-0.843255 , 0.537847 , 0
-0.854154 , 0.520368 , 0
-0.864691 , 0.502669 , 0
-0.874861 , 0.484757 , 0
-0.884659 , 0.466639 , 0
-0.894083 , 0.448323 , 0
-0.903127 , 0.429817 , 0
-0.911788 , 0.411129 , 0
-0.920063 , 0.392267 , 0
-0.927947 , 0.373238 , 0
-0.935438 , 0.35405 , 0
-0.942532 , 0.334713 , 0
-0.949226 , 0.315233 , 0
-0.955518 , 0.29562 , 0
-0.961404 , 0.275882 , 0
-0.966883 , 0.256026 , 0
-0.971951 , 0.236062 , 0
-0.976608 , 0.215998 , 0
-0.98085 , 0.195842 , 0
-0.984676 , 0.175603 , 0
-0.988085 , 0.15529 , 0
-0.991074 , 0.134911 , 0
-0.993643 , 0.114475 , 0
-0.995791 , 0.0939896 , 0
-0.997517 , 0.0734648 , 0
-0.998819 , 0.0529088 , 0
-0.999698 , 0.0323304 , 0
-1.00015 , 0.0117383 , 0
-1.00018 , -0.00885884 , 0
-0.99979 , -0.0294522 , 0
-0.998973 , -0.050033 , 0
-0.997731 , -0.0705927 , 0
-0.996067 , -0.0911224 , 0
-0.993981 , -0.111613 , 0
-0.991472 , -0.132057 , 0
-0.988544 , -0.152445 , 0
-0.985196 , -0.172768 , 0
-0.98143 , -0.193018 , 0
-0.977248 , -0.213186 , 0
-0.972652 , -0.233263 , 0
-0.967643 , -0.253242 , 0
-0.962224 , -0.273113 , 0
-0.956397 , -0.292868 , 0
-0.950164 , -0.3125 , 0
-0.943528 , -0.331998 , 0
-0.936492 , -0.351356 , 0
-0.929059 , -0.370565 , 0
-0.921232 , -0.389617 , 0
-0.913015 , -0.408503 , 0
-0.90441 , -0.427217 , 0
-0.895421 , -0.445749 , 0
-0.886053 , -0.464092 , 0
-0.876309 , -0.482238 , 0
-0.866194 , -0.50018 , 0
-0.855711 , -0.517909 , 0
-0.844865 , -0.535419 , 0
-0.833661 , -0.552702 , 0
-0.822104 , -0.569751 , 0
-0.810198 , -0.586558 , 0
-0.797948 , -0.603116 , 0
-0.78536 , -0.619418 , 0
-0.772438 , -0.635458 , 0
-0.75919 , -0.651228 , 0
-0.745619 , -0.666723 , 0
-0.731732 , -0.681934 , 0
-0.717535 , -0.696856 , 0
-0.703033 , -0.711483 , 0
-0.688233 , -0.725808 , 0
-0.673142 , -0.739825 , 0
-0.657765 , -0.753528 , 0
-0.642109 , -0.766912 , 0
-0.626181 , -0.77997 , 0
-0.609987 , -0.792698 , 0
-0.593534 , -0.80509 , 0
-0.57683 , -0.81714 , 0
-0.559881 , -0.828844 , 0
-0.542695 , -0.840196 , 0
-0.525278 , -0.851192 , 0
-0.507639 , -0.861826 , 0
-0.489785 , -0.872096 , 0
-0.471722 , -0.881995 , 0
-0.45346 , -0.891521 , 0
-0.435006 , -0.900668 , 0
-0.416366 , -0.909433 , 0
-0.397551 , -0.917813 , 0
-0.378567 , -0.925804 , 0
-0.359422 , -0.933401 , 0
-0.340124 , -0.940603 , 0
-0.320683 , -0.947406 , 0
-0.301105 , -0.953808 , 0
-0.2814 , -0.959804 , 0
-0.261576 , -0.965394 , 0
-0.24164 , -0.970574 , 0
-0.221602 , -0.975343 , 0
-0.20147 , -0.979697 , 0
-0.181253 , -0.983637 , 0
-0.160959 , -0.987159 , 0
-0.140596 , -0.990262 , 0
-0.120174 , -0.992946 , 0
-0.0997007 , -0.995208 , 0
-0.0791853 , -0.997049 , 0
-0.0586363 , -0.998466 , 0
-0.0380624 , -0.99946 , 0
-0.0174723 , -1.00003 , 0
0.0031251 , -1.00018 , 0
0.0237212 , -0.999897 , 0
0.0443073 , -0.999195 , 0
0.0648746 , -0.998068 , 0
0.0854143 , -0.996519 , 0
0.105918 , -0.994546 , 0
0.126376 , -0.992152 , 0
0.146781 , -0.989337 , 0
0.167124 , -0.986102 , 0
0.187396 , -0.982449 , 0
0.207588 , -0.97838 , 0
0.227693 , -0.973895 , 0
0.2477 , -0.968997 , 0
0.267603 , -0.963688 , 0
0.287392 , -0.957971 , 0
0.307059 , -0.951847 , 0
0.326596 , -0.945319 , 0
0.345995 , -0.93839 , 0
0.365246 , -0.931064 , 0
0.384343 , -0.923342 , 0
0.403277 , -0.915228 , 0
0.422039 , -0.906727 , 0
0.440623 , -0.897841 , 0
0.45902 , -0.888573 , 0
0.477222 , -0.878929 , 0
0.495221 , -0.868912 , 0
0.513011 , -0.858527 , 0
0.530582 , -0.847777 , 0
0.547929 , -0.836667 , 0
0.565043 , -0.825203 , 0
0.581918 , -0.813389 , 0
0.598546 , -0.801229 , 0
0.614919 , -0.78873 , 0
0.631032 , -0.775896 , 0
0.646877 , -0.762732 , 0
0.662448 , -0.749246 , 0
0.677738 , -0.735441 , 0
0.69274 , -0.721324 , 0
0.707448 , -0.706902 , 0
0.721856 , -0.692179 , 0
0.735958 , -0.677163 , 0
0.749748 , -0.661859 , 0
0.763219 , -0.646275 , 0
0.776367 , -0.630416 , 0
0.789185 , -0.61429 , 0
0.801669 , -0.597904 , 0
0.813812 , -0.581263 , 0
0.82561 , -0.564376 , 0
0.837058 , -0.54725 , 0
0.848151 , -0.529891 , 0
0.858884 , -0.512308 , 0
0.869252 , -0.494507 , 0
0.879251 , -0.476496 , 0
0.888878 , -0.458283 , 0
0.898127 , -0.439876 , 0
0.906995 , -0.421282 , 0
0.915479 , -0.40251 , 0
0.923574 , -0.383566 , 0
0.931277 , -0.36446 , 0
0.938585 , -0.345199 , 0
0.945494 , -0.325792 , 0
0.952003 , -0.306246 , 0
0.958107 , -0.286571 , 0
0.963805 , -0.266774 , 0
0.969094 , -0.246864 , 0
0.973972 , -0.226849 , 0
0.978437 , -0.206737 , 0
0.982486 , -0.186538 , 0
0.986118 , -0.16626 , 0
0.989332 , -0.145911 , 0
0.992126 , -0.125501 , 0
0.9945 , -0.105037 , 0
0.996451 , -0.0845283 , 0
0.997979 , -0.0639839 , 0
0.999084 , -0.0434124 , 0
0.999765 , -0.0228225 , 0
1.00002 , -0.00222291 , 0
0.999853 , 0.0183776 , 0
0.999261 , 0.0389704 , 0
0.998245 , 0.0595466 , 0
0.996806 , 0.0800975 , 0
0.994943 , 0.100614 , 0
0.992658 , 0.121089 , 0
0.989952 , 0.141512 , 0
0.986825 , 0.161874 , 0
0.98328 , 0.182169 , 0
0.979318 , 0.202385 , 0
0.97494 , 0.222516 , 0
0.970148 , 0.242553 , 0
0.964945 , 0.262486 , 0
0.959332 , 0.282308 , 0
0.953312 , 0.302011 , 0
0.946888 , 0.321585 , 0
0.940061 , 0.341023 , 0
0.932836 , 0.360316 , 0
0.925215 , 0.379456 , 0
0.917201 , 0.398435 , 0
0.908798 , 0.417245 , 0
0.900009 , 0.435878 , 0
0.890838 , 0.454326 , 0
0.881289 , 0.472581 , 0
0.871367 , 0.490635 , 0
0.861074 , 0.508482 , 0
0.850416 , 0.526112 , 0
0.839397 , 0.54352 , 0
0.828022 , 0.560696 , 0
0.816296 , 0.577635 , 0
0.804223 , 0.594328 , 0
0.791808 , 0.61077 , 0
0.779058 , 0.626952 , 0
0.765977 , 0.642868 , 0
0.752571 , 0.658511 , 0
0.738846 , 0.673875 , 0
0.724807 , 0.688953 , 0
0.71046 , 0.703738 , 0
0.695812 , 0.718225 , 0
0.680869 , 0.732407 , 0
0.665637 , 0.746278 , 0
0.650122 , 0.759832 , 0
0.634331 , 0.773064 , 0
0.618272 , 0.785968 , 0
0.601949 , 0.798538 , 0
0.585372 , 0.81077 , 0
0.568546 , 0.822657 , 0
0.551478 , 0.834195 , 0
0.534177 , 0.845379 , 0
0.516649 , 0.856205 , 0
0.498901 , 0.866667 , 0
0.480942 , 0.876761 , 0
0.462779 , 0.886484 , 0
0.44442 , 0.89583 , 0
0.425871 , 0.904796 , 0
0.407143 , 0.913377 , 0
0.388241 , 0.921572 , 0
0.369174 , 0.929375 , 0
0.349951 , 0.936784 , 0
0.33058 , 0.943795 , 0
0.311068 , 0.950406 , 0
0.291424 , 0.956613 , 0
0.271656 , 0.962415 , 0
0.251774 , 0.967808 , 0
0.231784 , 0.97279 , 0
0.211696 , 0.97736 , 0
0.191518 , 0.981515 , 0
0.171259 , 0.985253 , 0
0.150927 , 0.988573 , 0
0.130531 , 0.991474 , 0
0.11008 , 0.993954 , 0
0.0895819 , 0.996012 , 0
0.0690459 , 0.997648 , 0
0.0484806 , 0.99886 , 0
0.0278948 , 0.999648 , 0
0.00729709 , 1.00001 , 0
-0.0133037 , 0.999952 , 0
-0.0338988 , 0.999468 , 0
-0.0544796 , 0.998559 , 0
-0.0750372 , 0.997227 , 0
-0.095563 , 0.995472 , 0
-0.116048 , 0.993294 , 0
-0.136484 , 0.990695 , 0
-0.156862 , 0.987675 , 0
-0.177174 , 0.984236 , 0
-0.19741 , 0.98038 , 0
-0.217563 , 0.976108 , 0
-0.237623 , 0.971421 , 0
-0.257583 , 0.966322 , 0
-0.277433 , 0.960814 , 0
-0.297165 , 0.954897 , 0
-0.316772 , 0.948576 , 0
-0.336244 , 0.941852 , 0
-0.355573 , 0.934728 , 0
-0.374751 , 0.927208 , 0
-0.393771 , 0.919294 , 0
-0.412623 , 0.91099 , 0
-0.4313 , 0.9023 , 0
-0.449795 , 0.893227 , 0
-0.468098 , 0.883775 , 0
-0.486203 , 0.873948 , 0
-0.504102 , 0.863751 , 0
-0.521786 , 0.853186 , 0
-0.53925 , 0.84226 , 0
-0.556484 , 0.830977 , 0
-0.573483 , 0.819341 , 0
-0.590238 , 0.807357 , 0
-0.606743 , 0.795031 , 0
-0.62299 , 0.782368 , 0
-0.638973 , 0.769372 , 0
-0.654685 , 0.75605 , 0
-0.670119 , 0.742408 , 0
-0.685269 , 0.72845 , 0
-0.700128 , 0.714184 , 0
-0.714691 , 0.699614 , 0
-0.72895 , 0.684748 , 0
-0.7429 , 0.669591 , 0
-0.756534 , 0.654151 , 0
-0.769848 , 0.638432 , 0
-0.782835 , 0.622443 , 0
-0.79549 , 0.60619 , 0
-0.807808 , 0.58968 , 0
-0.819783 , 0.572919 , 0
-0.83141 , 0.555916 , 0
-0.842684 , 0.538676 , 0
-0.853601 , 0.521208 , 0
-0.864156 , 0.50352 , 0
-0.874344 , 0.485617 , 0
-0.884162 , 0.467509 , 0
-0.893604 , 0.449202 , 0
-0.902668 , 0.430704 , 0
-0.911348 , 0.412024 , 0
-0.919642 , 0.393169 , 0
-0.927546 , 0.374148 , 0
-0.935056 , 0.354968 , 0
-0.94217 , 0.335637 , 0
-0.948884 , 0.316163 , 0
-0.955196 , 0.296556 , 0
-0.961102 , 0.276823 , 0
-0.966601 , 0.256972 , 0
-0.97169 , 0.237013 , 0
-0.976367 , 0.216953 , 0
-0.980629 , 0.196801 , 0
-0.984476 , 0.176565 , 0
-0.987905 , 0.156255 , 0
-0.990915 , 0.135878 , 0
-0.993505 , 0.115444 , 0
-0.995674 , 0.0949604 , 0
-0.99742 , 0.0744368 , 0
-0.998743 , 0.0538817 , 0
-0.999642 , 0.0333037 , 0
-1.00012 , 0.0127115 , 0
-1.00017 , -0.00788601 , 0
-0.999796 , -0.0284802 , 0
-0.998999 , -0.0490623 , 0
-0.997779 , -0.0696236 , 0
-0.996135 , -0.0901554 , 0
-0.994069 , -0.110649 , 0
-0.991581 , -0.131095 , 0
-0.988673 , -0.151487 , 0
-0.985345 , -0.171813 , 0
-0.9816 , -0.192067 , 0
-0.977438 , -0.21224 , 0
-0.972861 , -0.232322 , 0
-0.967872 , -0.252306 , 0
-0.962473 , -0.272183 , 0
-0.956665 , -0.291944 , 0
-0.950452 , -0.311582 , 0
-0.943836 , -0.331087 , 0
-0.936819 , -0.350453 , 0
-0.929405 , -0.369669 , 0
-0.921597 , -0.388729 , 0
-0.913398 , -0.407624 , 0
-0.904811 , -0.426346 , 0
-0.895841 , -0.444887 , 0
-0.886491 , -0.463239 , 0
-0.876765 , -0.481395 , 0
-0.866668 , -0.499347 , 0
-0.856202 , -0.517087 , 0
-0.845374 , -0.534608 , 0
-0.834187 , -0.551902 , 0
-0.822646 , -0.568962 , 0
-0.810757 , -0.585781 , 0
-0.798524 , -0.602351 , 0
-0.785952 , -0.618666 , 0
-0.773046 , -0.634719 , 0
-0.759813 , -0.650502 , 0
-0.746258 , -0.66601 , 0
-0.732386 , -0.681235 , 0
-0.718204 , -0.696171 , 0
-0.703717 , -0.710812 , 0
-0.688931 , -0.725152 , 0
-0.673854 , -0.739184 , 0
-0.65849 , -0.752902 , 0
-0.642848 , -0.766302 , 0
-0.626933 , -0.779376 , 0
-0.610752 , -0.79212 , 0
-0.594312 , -0.804527 , 0
-0.57762 , -0.816594 , 0
-0.560683 , -0.828315 , 0
-0.543508 , -0.839684 , 0
-0.526102 , -0.850697 , 0
-0.508474 , -0.861349 , 0
-0.49063 , -0.871636 , 0
-0.472578 , -0.881553 , 0
-0.454325 , -0.891097 , 0
-0.43588 , -0.900262 , 0
-0.41725 , -0.909046 , 0
-0.398443 , -0.917444 , 0
-0.379467 , -0.925454 , 0
-0.36033 , -0.93307 , 0
-0.341041 , -0.940291 , 0
-0.321606 , -0.947114 , 0
-0.302036 , -0.953534 , 0
-0.282337 , -0.959551 , 0
-0.262518 , -0.96516 , 0
-0.242588 , -0.97036 , 0
-0.222556 , -0.975149 , 0
-0.202428 , -0.979523 , 0
-0.182215 , -0.983483 , 0
-0.161925 , -0.987025 , 0
-0.141566 , -0.990149 , 0
-0.121147 , -0.992853 , 0
-0.100677 , -0.995136 , 0
-0.080164 , -0.996997 , 0
-0.0596169 , -0.998435 , 0
-0.0390446 , -0.999449 , 0
-0.0184557 , -1.00004 , 0
0.00214098 , -1.00021 , 0
0.0227368 , -0.999949 , 0
0.0433229 , -0.999267 , 0
0.0638907 , -0.998162 , 0
0.0844314 , -0.996633 , 0
0.104936 , -0.994681 , 0
0.125397 , -0.992308 , 0
0.145804 , -0.989513 , 0
0.166149 , -0.9863 , 0
0.186424 , -0.982667 , 0
0.20662 , -0.978618 , 0
0.226728 , -0.974154 , 0
0.24674 , -0.969277 , 0
0.266647 , -0.963988 , 0
0.286442 , -0.958291 , 0
0.306115 , -0.952187 , 0
0.325657 , -0.94568 , 0
0.345062 , -0.938771 , 0
0.364321 , -0.931464 , 0
0.383425 , -0.923762 , 0
0.402366 , -0.915668 , 0
0.421137 , -0.907186 , 0
0.439729 , -0.898319 , 0
0.458134 , -0.889071 , 0
0.476345 , -0.879446 , 0
0.494354 , -0.869448 , 0
0.512154 , -0.859081 , 0
0.529736 , -0.84835 , 0
0.547093 , -0.837259 , 0
0.564219 , -0.825812 , 0
0.581105 , -0.814016 , 0
0.597744 , -0.801874 , 0
0.614131 , -0.789392 , 0
0.630256 , -0.776575 , 0
0.646114 , -0.763429 , 0
0.661698 , -0.749958 , 0
0.677002 , -0.73617 , 0
0.692018 , -0.72207 , 0
0.706741 , -0.707663 , 0
0.721163 , -0.692956 , 0
0.73528 , -0.677954 , 0
0.749085 , -0.662666 , 0
0.762573 , -0.647096 , 0
0.775736 , -0.631252 , 0
0.788571 , -0.61514 , 0
0.801071 , -0.598767 , 0
0.813231 , -0.58214 , 0
0.825047 , -0.565266 , 0
0.836512 , -0.548152 , 0
0.847622 , -0.530806 , 0
0.858373 , -0.513234 , 0
0.86876 , -0.495445 , 0
0.878778 , -0.477445 , 0
0.888423 , -0.459243 , 0
0.897691 , -0.440846 , 0
0.906579 , -0.422262 , 0
0.915082 , -0.403499 , 0
0.923196 , -0.384565 , 0
0.930919 , -0.365468 , 0
0.938247 , -0.346215 , 0
0.945177 , -0.326816 , 0
0.951706 , -0.307278 , 0
0.957831 , -0.28761 , 0
0.96355 , -0.267819 , 0
0.96886 , -0.247915 , 0
0.973758 , -0.227906 , 0
0.978244 , -0.2078 , 0
0.982315 , -0.187606 , 0
0.985968 , -0.167332 , 0
0.989204 , -0.146988 , 0
0.99202 , -0.126581 , 0
0.994415 , -0.10612 , 0
0.996387 , -0.0856141 , 0
0.997938 , -0.065072 , 0
0.999064 , -0.0445023 , 0
0.999767 , -0.0239137 , 0
1.00005 , -0.00331496 , 0
0.9999 , 0.0172852 , 0
0.99933 , 0.037878 , 0
0.998336 , 0.0584548 , 0
0.996918 , 0.0790067 , 0
0.995077 , 0.0995251 , 0
0.992814 , 0.120001 , 0
0.99013 , 0.140427 , 0
0.987026 , 0.160792 , 0
0.983502 , 0.18109 , 0
0.979562 , 0.20131 , 0
0.975205 , 0.221445 , 0
0.970435 , 0.241487 , 0
0.965254 , 0.261425 , 0
0.959662 , 0.281253 , 0
0.953663 , 0.300962 , 0
0.94726 , 0.320542 , 0
0.940455 , 0.339987 , 0
0.93325 , 0.359288 , 0
0.92565 , 0.378436 , 0
0.917656 , 0.397423 , 0
0.909274 , 0.416242 , 0
0.900505 , 0.434884 , 0
0.891354 , 0.453341 , 0
0.881825 , 0.471606 , 0
0.871922 , 0.489671 , 0
0.861649 , 0.507529 , 0
0.85101 , 0.525171 , 0
0.84001 , 0.54259 , 0
0.828654 , 0.559778 , 0
0.816946 , 0.576729 , 0
0.804891 , 0.593436 , 0
0.792494 , 0.60989 , 0
0.779762 , 0.626086 , 0
0.766698 , 0.642016 , 0
0.753309 , 0.657674 , 0
0.7396 , 0.673052 , 0
0.725578 , 0.688145 , 0
0.711247 , 0.702946 , 0
0.696615 , 0.717449 , 0
0.681687 , 0.731647 , 0
0.66647 , 0.745534 , 0
0.65097 , 0.759105 , 0
0.635193 , 0.772354 , 0
0.619147 , 0.785276 , 0
0.602839 , 0.797864 , 0
0.586274 , 0.810113 , 0
0.569461 , 0.822019 , 0
0.552406 , 0.833575 , 0
0.535117 , 0.844778 , 0
0.5176 , 0.855623 , 0
0.499864 , 0.866104 , 0
0.481916 , 0.876218 , 0
0.463763 , 0.88596 , 0
0.445413 , 0.895326 , 0
0.426875 , 0.904312 , 0
0.408155 , 0.912914 , 0
0.389262 , 0.921129 , 0
0.370203 , 0.928952 , 0
0.350988 , 0.936382 , 0
0.331624 , 0.943414 , 0
0.312119 , 0.950046 , 0
0.292481 , 0.956275 , 0
0.27272 , 0.962098 , 0
0.252842 , 0.967512 , 0
0.232858 , 0.972516 , 0
0.212774 , 0.977108 , 0
0.192601 , 0.981284 , 0
0.172345 , 0.985044 , 0
0.152016 , 0.988387 , 0
0.131623 , 0.991309 , 0
0.111174 , 0.993811 , 0
0.0906781 , 0.995891 , 0
0.0701434 , 0.997549 , 0
0.049579 , 0.998783 , 0
0.0289935 , 0.999594 , 0
0.00839574 , 0.99998 , 0
-0.0122056 , 0.999942 , 0
-0.0328017 , 0.99948 , 0
-0.053384 , 0.998593 , 0
-0.0739436 , 0.997283 , 0
-0.0944718 , 0.995549 , 0
-0.11496 , 0.993393 , 0
-0.135399 , 0.990816 , 0
-0.155781 , 0.987818 , 0
-0.176097 , 0.9844 , 0
-0.196338 , 0.980566 , 0
-0.216496 , 0.976315 , 0
-0.236561 , 0.971649 , 0
-0.256527 , 0.966572 , 0
-0.276384 , 0.961084 , 0
-0.296123 , 0.955188 , 0
-0.315737 , 0.948887 , 0
-0.335216 , 0.942184 , 0
-0.354554 , 0.93508 , 0
-0.373741 , 0.92758 , 0
-0.392769 , 0.919686 , 0
-0.411631 , 0.911402 , 0
-0.430318 , 0.902732 , 0
-0.448823 , 0.893678 , 0
-0.467137 , 0.884245 , 0
-0.485252 , 0.874437 , 0
-0.503162 , 0.864258 , 0
-0.520859 , 0.853712 , 0
-0.538334 , 0.842803 , 0
-0.555581 , 0.831538 , 0
-0.572593 , 0.819919 , 0
-0.589361 , 0.807953 , 0
-0.605879 , 0.795643 , 0
-0.62214 , 0.782996 , 0
-0.638138 , 0.770017 , 0
-0.653864 , 0.756711 , 0
-0.669313 , 0.743085 , 0
-0.684478 , 0.729142 , 0
-0.699353 , 0.714891 , 0
-0.713931 , 0.700336 , 0
-0.728206 , 0.685484 , 0
-0.742172 , 0.670341 , 0
-0.755823 , 0.654914 , 0
-0.769154 , 0.639209 , 0
-0.782158 , 0.623233 , 0
-0.79483 , 0.606992 , 0
-0.807166 , 0.590494 , 0
-0.819158 , 0.573745 , 0
-0.830804 , 0.556753 , 0
-0.842096 , 0.539525 , 0
-0.853032 , 0.522068 , 0
-0.863605 , 0.504389 , 0
-0.873813 , 0.486496 , 0
-0.883649 , 0.468397 , 0
-0.893111 , 0.450099 , 0
-0.902193 , 0.431611 , 0
-0.910893 , 0.412939 , 0
-0.919207 , 0.394092 , 0
-0.927131 , 0.375078 , 0
-0.934661 , 0.355904 , 0
-0.941795 , 0.33658 , 0
-0.948529 , 0.317113 , 0
-0.954861 , 0.297512 , 0
-0.960788 , 0.277784 , 0
-0.966307 , 0.257938 , 0
-0.971417 , 0.237983 , 0
-0.976114 , 0.217927 , 0
-0.980397 , 0.197779 , 0
-0.984265 , 0.177546 , 0
-0.987715 , 0.157239 , 0
-0.990746 , 0.136864 , 0
-0.993356 , 0.116432 , 0
-0.995546 , 0.0959503 , 0
-0.997313 , 0.0754278 , 0
-0.998657 , 0.0548733 , 0
-0.999577 , 0.0342956 , 0
-1.00007 , 0.0137033 , 0
-1.00015 , -0.00689482 , 0
-0.999793 , -0.02749 , 0
-0.999017 , -0.0480735 , 0
-0.997818 , -0.0686367 , 0
-0.996194 , -0.0891707 , 0
-0.994149 , -0.109667 , 0
-0.991682 , -0.130117 , 0
-0.988794 , -0.150511 , 0
-0.985486 , -0.170842 , 0
-0.981761 , -0.1911 , 0
-0.977619 , -0.211277 , 0
-0.973063 , -0.231365 , 0
-0.968094 , -0.251354 , 0
-0.962715 , -0.271237 , 0
-0.956927 , -0.291005 , 0
-0.950733 , -0.310649 , 0
-0.944136 , -0.330161 , 0
-0.937138 , -0.349534 , 0
-0.929743 , -0.368758 , 0
-0.921954 , -0.387826 , 0
-0.913774 , -0.40673 , 0
-0.905206 , -0.425461 , 0
-0.896254 , -0.444011 , 0
-0.886923 , -0.462373 , 0
-0.877215 , -0.480539 , 0
-0.867135 , -0.498502 , 0
-0.856687 , -0.516252 , 0
-0.845876 , -0.533784 , 0
-0.834706 , -0.55109 , 0
-0.823182 , -0.568162 , 0
-0.811309 , -0.584993 , 0
-0.799092 , -0.601575 , 0
-0.786536 , -0.617903 , 0
-0.773647 , -0.633969 , 0
-0.760429 , -0.649765 , 0
-0.746889 , -0.665286 , 0
-0.733032 , -0.680525 , 0
-0.718865 , -0.695476 , 0
-0.704392 , -0.710131 , 0
-0.689621 , -0.724486 , 0
-0.674557 , -0.738533 , 0
-0.659207 , -0.752267 , 0
-0.643578 , -0.765682 , 0
-0.627676 , -0.778772 , 0
-0.611507 , -0.791532 , 0
-0.59508 , -0.803956 , 0
-0.578399 , -0.816039 , 0
-0.561474 , -0.827776 , 0
-0.544311 , -0.839163 , 0
-0.526916 , -0.850193 , 0
-0.509298 , -0.860863 , 0
-0.491465 , -0.871167 , 0
-0.473422 , -0.881102 , 0
-0.455179 , -0.890664 , 0
-0.436743 , -0.899848 , 0
-0.418122 , -0.90865 , 0
-0.399324 , -0.917067 , 0
-0.380356 , -0.925095 , 0
-0.361226 , -0.932731 , 0
-0.341944 , -0.939971 , 0
-0.322517 , -0.946813 , 0
-0.302953 , -0.953253 , 0
-0.28326 , -0.959288 , 0
-0.263447 , -0.964917 , 0
-0.243523 , -0.970137 , 0
-0.223495 , -0.974946 , 0
-0.203372 , -0.97934 , 0
-0.183164 , -0.98332 , 0
-0.162877 , -0.986883 , 0
-0.142522 , -0.990027 , 0
-0.122106 , -0.992751 , 0
-0.101638 , -0.995054 , 0
-0.0811272 , -0.996935 , 0
-0.0605819 , -0.998394 , 0
-0.040011 , -0.999429 , 0
-0.0194231 , -1.00004 , 0
0.00117308 , -1.00023 , 0
0.0217687 , -0.99999 , 0
0.0423551 , -0.999329 , 0
0.0629236 , -0.998244 , 0
0.0834654 , -0.996736 , 0
0.103972 , -0.994805 , 0
0.124434 , -0.992452 , 0
0.144844 , -0.989678 , 0
0.165192 , -0.986485 , 0
0.18547 , -0.982873 , 0
0.205669 , -0.978844 , 0
0.225781 , -0.9744 , 0
0.245798 , -0.969543 , 0
0.26571 , -0.964275 , 0
0.285509 , -0.958598 , 0
0.305188 , -0.952514 , 0
0.324736 , -0.946026 , 0
0.344148 , -0.939137 , 0
0.363413 , -0.93185 , 0
0.382524 , -0.924168 , 0
0.401473 , -0.916093 , 0
0.420252 , -0.90763 , 0
0.438852 , -0.898782 , 0
0.457266 , -0.889553 , 0
0.475487 , -0.879947 , 0
0.493505 , -0.869967 , 0
0.511315 , -0.859619 , 0
0.528907 , -0.848906 , 0
0.546275 , -0.837833 , 0
0.563412 , -0.826404 , 0
0.580309 , -0.814625 , 0
0.59696 , -0.8025 , 0
0.613359 , -0.790035 , 0
0.629497 , -0.777235 , 0
0.645368 , -0.764106 , 0
0.660965 , -0.750652 , 0
0.676282 , -0.73688 , 0
0.691312 , -0.722795 , 0
0.706049 , -0.708404 , 0
0.720486 , -0.693712 , 0
0.734618 , -0.678726 , 0
0.748438 , -0.663452 , 0
0.761941 , -0.647897 , 0
0.77512 , -0.632067 , 0
0.787971 , -0.615968 , 0
0.800488 , -0.599609 , 0
0.812665 , -0.582995 , 0
0.824497 , -0.566134 , 0
0.835979 , -0.549032 , 0
0.847107 , -0.531698 , 0
0.857876 , -0.514138 , 0
0.86828 , -0.496361 , 0
0.878317 , -0.478372 , 0
0.88798 , -0.460181 , 0
0.897267 , -0.441794 , 0
0.906174 , -0.42322 , 0
0.914696 , -0.404467 , 0
0.92283 , -0.385542 , 0
0.930572 , -0.366453 , 0
0.93792 , -0.347209 , 0
0.94487 , -0.327818 , 0
0.951419 , -0.308287 , 0
0.957564 , -0.288626 , 0
0.963303 , -0.268842 , 0
0.968634 , -0.248945 , 0
0.973553 , -0.228941 , 0
0.97806 , -0.208841 , 0
0.982152 , -0.188652 , 0
0.985827 , -0.168383 , 0
0.989083 , -0.148042 , 0
0.99192 , -0.127639 , 0
0.994337 , -0.107181 , 0
0.996331 , -0.0866784 , 0
0.997903 , -0.0661386 , 0
0.999051 , -0.0455708 , 0
0.999775 , -0.0249837 , 0
1.00008 , -0.00438596 , 0
0.999952 , 0.0162136 , 0
0.999403 , 0.0368063 , 0
0.998431 , 0.0573834 , 0
0.997035 , 0.0779362 , 0
0.995216 , 0.0984559 , 0
0.992975 , 0.118934 , 0
0.990312 , 0.139361 , 0
0.98723 , 0.15973 , 0
0.983728 , 0.18003 , 0
0.979809 , 0.200254 , 0
0.975474 , 0.220393 , 0
0.970726 , 0.240439 , 0
0.965565 , 0.260383 , 0
0.959995 , 0.280216 , 0
0.954018 , 0.29993 , 0
0.947635 , 0.319517 , 0
0.940851 , 0.338969 , 0
0.933667 , 0.358276 , 0
0.926087 , 0.377432 , 0
0.918115 , 0.396427 , 0
0.909752 , 0.415254 , 0
0.901004 , 0.433906 , 0
0.891873 , 0.452372 , 0
0.882364 , 0.470647 , 0
0.87248 , 0.488723 , 0
0.862227 , 0.50659 , 0
0.851607 , 0.524243 , 0
0.840626 , 0.541674 , 0
0.829288 , 0.558874 , 0
0.817598 , 0.575838 , 0
0.805562 , 0.592557 , 0
0.793183 , 0.609024 , 0
0.780468 , 0.625233 , 0
0.767422 , 0.641177 , 0
0.75405 , 0.656849 , 0
0.740358 , 0.672242 , 0
0.726352 , 0.68735 , 0
0.712038 , 0.702166 , 0
0.697421 , 0.716684 , 0
0.682509 , 0.730898 , 0
0.667307 , 0.744802 , 0
0.651822 , 0.758389 , 0
0.63606 , 0.771655 , 0
0.620028 , 0.784594 , 0
0.603733 , 0.797199 , 0
0.587182 , 0.809466 , 0
0.570382 , 0.82139 , 0
0.553339 , 0.832965 , 0
0.536062 , 0.844186 , 0
0.518557 , 0.85505 , 0
0.500833 , 0.86555 , 0
0.482895 , 0.875683 , 0
0.464753 , 0.885445 , 0
0.446414 , 0.89483 , 0
0.427885 , 0.903836 , 0
0.409174 , 0.912459 , 0
0.39029 , 0.920694 , 0
0.37124 , 0.928538 , 0
0.352033 , 0.935989 , 0
0.332676 , 0.943042 , 0
0.313178 , 0.949695 , 0
0.293548 , 0.955945 , 0
0.273792 , 0.961789 , 0
0.253921 , 0.967225 , 0
0.233941 , 0.972251 , 0
0.213863 , 0.976864 , 0
0.193693 , 0.981062 , 0
0.173442 , 0.984844 , 0
0.153117 , 0.988208 , 0
0.132727 , 0.991153 , 0
0.11228 , 0.993677 , 0
0.091786 , 0.99578 , 0
0.0712529 , 0.997459 , 0
0.0506896 , 0.998716 , 0
0.0301047 , 0.999549 , 0
0.00950712 , 0.999957 , 0
-0.0110945 , 0.999941 , 0
-0.0316915 , 0.999501 , 0
-0.0522749 , 0.998636 , 0
-0.0728362 , 0.997348 , 0
-0.0933666 , 0.995637 , 0
-0.113857 , 0.993503 , 0
-0.1343 , 0.990947 , 0
-0.154685 , 0.987971 , 0
-0.175005 , 0.984576 , 0
-0.195251 , 0.980762 , 0
-0.215413 , 0.976533 , 0
-0.235485 , 0.971889 , 0
-0.255456 , 0.966833 , 0
-0.275319 , 0.961366 , 0
-0.295065 , 0.955492 , 0
-0.314686 , 0.949212 , 0
-0.334173 , 0.942529 , 0
-0.353519 , 0.935446 , 0
-0.372714 , 0.927966 , 0
-0.391752 , 0.920092 , 0
-0.410623 , 0.911828 , 0
-0.429319 , 0.903177 , 0
-0.447834 , 0.894143 , 0
-0.466159 , 0.884729 , 0
-0.484286 , 0.87494 , 0
-0.502207 , 0.86478 , 0
-0.519915 , 0.854252 , 0
-0.537403 , 0.843363 , 0
-0.554662 , 0.832115 , 0
-0.571686 , 0.820514 , 0
-0.588468 , 0.808565 , 0
-0.605 , 0.796273 , 0
-0.621275 , 0.783643 , 0
-0.637286 , 0.77068 , 0
-0.653027 , 0.757391 , 0
-0.668491 , 0.74378 , 0
-0.683672 , 0.729853 , 0
-0.698562 , 0.715617 , 0
-0.713156 , 0.701077 , 0
-0.727447 , 0.686239 , 0
-0.74143 , 0.671111 , 0
-0.755097 , 0.655698 , 0
-0.768445 , 0.640006 , 0
-0.781466 , 0.624043 , 0
-0.794156 , 0.607815 , 0
-0.806509 , 0.591329 , 0
-0.81852 , 0.574592 , 0
-0.830184 , 0.557612 , 0
-0.841495 , 0.540395 , 0
-0.852449 , 0.522948 , 0
-0.863041 , 0.50528 , 0
-0.873268 , 0.487398 , 0
-0.883123 , 0.469308 , 0
-0.892604 , 0.45102 , 0
-0.901707 , 0.43254 , 0
-0.910427 , 0.413876 , 0
-0.91876 , 0.395037 , 0
-0.926704 , 0.376031 , 0
-0.934254 , 0.356864 , 0
-0.941409 , 0.337547 , 0
-0.948163 , 0.318086 , 0
-0.954516 , 0.29849 , 0
-0.960464 , 0.278768 , 0
-0.966004 , 0.258927 , 0
-0.971134 , 0.238977 , 0
-0.975852 , 0.218925 , 0
-0.980156 , 0.19878 , 0
-0.984045 , 0.178551 , 0
-0.987516 , 0.158246 , 0
-0.990568 , 0.137874 , 0
-0.9932 , 0.117444 , 0
-0.99541 , 0.0969635 , 0
-0.997198 , 0.0764421 , 0
-0.998563 , 0.0558883 , 0
-0.999505 , 0.0353107 , 0
-1.00002 , 0.0147182 , 0
-1.00012 , -0.00588058 , 0
-0.999785 , -0.0264769 , 0
-0.99903 , -0.0470619 , 0
-0.997851 , -0.067627 , 0
-0.996249 , -0.0881634 , 0
-0.994224 , -0.108662 , 0
-0.991777 , -0.129115 , 0
-0.98891 , -0.149513 , 0
-0.985623 , -0.169848 , 0
-0.981919 , -0.190111 , 0
-0.977797 , -0.210293 , 0
-0.973261 , -0.230386 , 0
-0.968312 , -0.250381 , 0
-0.962953 , -0.27027 , 0
-0.957185 , -0.290044 , 0
-0.951011 , -0.309695 , 0
-0.944433 , -0.329215 , 0
-0.937455 , -0.348595 , 0
-0.930079 , -0.367828 , 0
-0.922309 , -0.386904 , 0
-0.914148 , -0.405816 , 0
-0.905599 , -0.424556 , 0
-0.896665 , -0.443116 , 0
-0.887352 , -0.461488 , 0
-0.877662 , -0.479665 , 0
-0.8676 , -0.497638 , 0
-0.857169 , -0.515399 , 0
-0.846376 , -0.532943 , 0
-0.835223 , -0.55026 , 0
-0.823716 , -0.567344 , 0
-0.81186 , -0.584187 , 0
-0.799659 , -0.600782 , 0
-0.787119 , -0.617123 , 0
-0.774246 , -0.633202 , 0
-0.761044 , -0.649012 , 0
-0.747519 , -0.664547 , 0
-0.733677 , -0.6798 , 0
-0.719524 , -0.694765 , 0
-0.705066 , -0.709435 , 0
-0.690309 , -0.723805 , 0
-0.675259 , -0.737867 , 0
-0.659922 , -0.751617 , 0
-0.644306 , -0.765047 , 0
-0.628417 , -0.778153 , 0
-0.612261 , -0.79093 , 0
-0.595845 , -0.80337 , 0
-0.579177 , -0.81547 , 0
-0.562263 , -0.827225 , 0
-0.54511 , -0.838628 , 0
-0.527727 , -0.849676 , 0
-0.510119 , -0.860363 , 0
-0.492296 , -0.870686 , 0
-0.474263 , -0.880639 , 0
-0.456029 , -0.890219 , 0
-0.437602 , -0.899421 , 0
-0.41899 , -0.908242 , 0
-0.400199 , -0.916678 , 0
-0.381239 , -0.924725 , 0
-0.362118 , -0.932379 , 0
-0.342842 , -0.939639 , 0
-0.323422 , -0.9465 , 0
-0.303864 , -0.952959 , 0
-0.284177 , -0.959014 , 0
-0.26437 , -0.964663 , 0
-0.244451 , -0.969903 , 0
-0.224428 , -0.974731 , 0
-0.20431 , -0.979146 , 0
-0.184105 , -0.983145 , 0
-0.163822 , -0.986728 , 0
-0.14347 , -0.989892 , 0
-0.123056 , -0.992637 , 0
-0.102591 , -0.99496 , 0
-0.0820821 , -0.996862 , 0
-0.0615384 , -0.998341 , 0
-0.0409687 , -0.999396 , 0
-0.0203815 , -1.00003 , 0
0.000214304 , -1.00024 , 0
0.02081 , -1.00002 , 0
0.0413969 , -0.999378 , 0
0.0619662 , -0.998314 , 0
0.0825093 , -0.996826 , 0
0.103017 , -0.994915 , 0
0.123482 , -0.992583 , 0
0.143894 , -0.989829 , 0
0.164245 , -0.986656 , 0
0.184526 , -0.983065 , 0
0.204729 , -0.979056 , 0
0.224845 , -0.974632 , 0
0.244866 , -0.969795 , 0
0.264783 , -0.964547 , 0
0.284588 , -0.95889 , 0
0.304272 , -0.952826 , 0
0.323827 , -0.946358 , 0
0.343245 , -0.939488 , 0
0.362517 , -0.93222 , 0
0.381636 , -0.924557 , 0
0.400592 , -0.916502 , 0
0.419379 , -0.908058 , 0
0.437988 , -0.899229 , 0
0.456411 , -0.890018 , 0
0.47464 , -0.880431 , 0
0.492668 , -0.870469 , 0
0.510488 , -0.860139 , 0
0.52809 , -0.849444 , 0
0.545469 , -0.838388 , 0
0.562617 , -0.826977 , 0
0.579526 , -0.815216 , 0
0.596189 , -0.803108 , 0
0.612599 , -0.79066 , 0
0.628749 , -0.777877 , 0
0.644633 , -0.764763 , 0
0.660244 , -0.751326 , 0
0.675574 , -0.737569 , 0
0.690618 , -0.7235 , 0
0.705369 , -0.709124 , 0
0.719821 , -0.694448 , 0
0.733967 , -0.679476 , 0
0.747802 , -0.664217 , 0
0.76132 , -0.648676 , 0
0.774515 , -0.63286 , 0
0.787382 , -0.616775 , 0
0.799915 , -0.600429 , 0
0.812108 , -0.583828 , 0
0.823957 , -0.566979 , 0
0.835457 , -0.54989 , 0
0.846602 , -0.532568 , 0
0.857388 , -0.51502 , 0
0.86781 , -0.497253 , 0
0.877865 , -0.479275 , 0
0.887547 , -0.461095 , 0
0.896852 , -0.442718 , 0
0.905777 , -0.424154 , 0
0.914318 , -0.40541 , 0
0.922471 , -0.386494 , 0
0.930233 , -0.367414 , 0
0.9376 , -0.348178 , 0
0.94457 , -0.328795 , 0
0.951138 , -0.309272 , 0
0.957304 , -0.289618 , 0
0.963063 , -0.269841 , 0
0.968414 , -0.249949 , 0
0.973354 , -0.229952 , 0
0.977881 , -0.209857 , 0
0.981993 , -0.189673 , 0
0.985689 , -0.169408 , 0
0.988967 , -0.149072 , 0
0.991825 , -0.128672 , 0
0.994262 , -0.108218 , 0
0.996278 , -0.0877178 , 0
0.997871 , -0.0671804 , 0
0.999041 , -0.0466146 , 0
0.999786 , -0.026029 , 0
1.00011 , -0.0054324 , 0
1.00001 , 0.0151665 , 0
0.999479 , 0.035759 , 0
0.998528 , 0.0563364 , 0
0.997154 , 0.0768898 , 0
0.995356 , 0.0974106 , 0
0.993136 , 0.11789 , 0
0.990495 , 0.13832 , 0
0.987434 , 0.15869 , 0
0.983954 , 0.178994 , 0
0.980056 , 0.199221 , 0
0.975743 , 0.219364 , 0
0.971016 , 0.239414 , 0
0.965876 , 0.259363 , 0
0.960327 , 0.279201 , 0
0.954371 , 0.298921 , 0
0.948009 , 0.318514 , 0
0.941246 , 0.337972 , 0
0.934083 , 0.357286 , 0
0.926523 , 0.376449 , 0
0.918571 , 0.395453 , 0
0.910229 , 0.414288 , 0
0.9015 , 0.432948 , 0
0.89239 , 0.451424 , 0
0.8829 , 0.469708 , 0
0.873036 , 0.487793 , 0
0.862801 , 0.505671 , 0
0.852201 , 0.523335 , 0
0.841239 , 0.540776 , 0
0.82992 , 0.557989 , 0
0.818248 , 0.574964 , 0
0.80623 , 0.591695 , 0
0.793869 , 0.608176 , 0
0.781172 , 0.624398 , 0
0.768143 , 0.640355 , 0
0.754788 , 0.656041 , 0
0.741113 , 0.671448 , 0
0.727124 , 0.68657 , 0
0.712825 , 0.701401 , 0
0.698225 , 0.715935 , 0
0.683328 , 0.730164 , 0
0.668141 , 0.744084 , 0
0.652671 , 0.757688 , 0
0.636924 , 0.77097 , 0
0.620906 , 0.783926 , 0
0.604625 , 0.796548 , 0
0.588087 , 0.808833 , 0
0.5713 , 0.820774 , 0
0.554271 , 0.832368 , 0
0.537006 , 0.843608 , 0
0.519513 , 0.854489 , 0
0.5018 , 0.865009 , 0
0.483874 , 0.875161 , 0
0.465743 , 0.884942 , 0
0.447413 , 0.894347 , 0
0.428895 , 0.903373 , 0
0.410194 , 0.912015 , 0
0.391319 , 0.920271 , 0
0.372278 , 0.928136 , 0
0.353079 , 0.935607 , 0
0.33373 , 0.942681 , 0
0.314239 , 0.949355 , 0
0.294615 , 0.955626 , 0
0.274866 , 0.961491 , 0
0.255001 , 0.966949 , 0
0.235027 , 0.971996 , 0
0.214954 , 0.976631 , 0
0.194789 , 0.980851 , 0
0.174542 , 0.984655 , 0
0.15422 , 0.988041 , 0
0.133833 , 0.991007 , 0
0.11339 , 0.993554 , 0
0.0928978 , 0.995678 , 0
0.0723666 , 0.99738 , 0
0.0518046 , 0.998659 , 0
0.0312207 , 0.999514 , 0
0.0106235 , 0.999945 , 0
-0.00997814 , 0.999951 , 0
-0.0305756 , 0.999533 , 0
-0.0511601 , 0.998691 , 0
-0.0717228 , 0.997425 , 0
-0.0922551 , 0.995735 , 0
-0.112748 , 0.993624 , 0
-0.133194 , 0.99109 , 0
-0.153582 , 0.988136 , 0
-0.173906 , 0.984762 , 0
-0.194156 , 0.980971 , 0
-0.214323 , 0.976763 , 0
-0.2344 , 0.972141 , 0
-0.254377 , 0.967106 , 0
-0.274246 , 0.961661 , 0
-0.293998 , 0.955808 , 0
-0.313626 , 0.949549 , 0
-0.333121 , 0.942887 , 0
-0.352474 , 0.935825 , 0
-0.371678 , 0.928365 , 0
-0.390724 , 0.920512 , 0
-0.409605 , 0.912268 , 0
-0.428311 , 0.903637 , 0
-0.446836 , 0.894623 , 0
-0.465171 , 0.885229 , 0
-0.483309 , 0.875459 , 0
-0.501241 , 0.865317 , 0
-0.518961 , 0.854809 , 0
-0.536461 , 0.843937 , 0
-0.553732 , 0.832708 , 0
-0.570769 , 0.821125 , 0
-0.587564 , 0.809194 , 0
-0.60411 , 0.796919 , 0
-0.620399 , 0.784306 , 0
-0.636424 , 0.771361 , 0
-0.65218 , 0.758088 , 0
-0.667659 , 0.744493 , 0
-0.682855 , 0.730582 , 0
-0.69776 , 0.716361 , 0
-0.71237 , 0.701837 , 0
-0.726678 , 0.687014 , 0
-0.740677 , 0.6719 , 0
-0.754361 , 0.656501 , 0
-0.767726 , 0.640823 , 0
-0.780765 , 0.624873 , 0
-0.793472 , 0.608658 , 0
-0.805843 , 0.592185 , 0
-0.817872 , 0.575461 , 0
-0.829554 , 0.558492 , 0
-0.840884 , 0.541287 , 0
-0.851857 , 0.523851 , 0
-0.862468 , 0.506194 , 0
-0.872714 , 0.488321 , 0
-0.882589 , 0.470242 , 0
-0.89209 , 0.451963 , 0
-0.901212 , 0.433492 , 0
-0.909952 , 0.414837 , 0
-0.918305 , 0.396006 , 0
-0.92627 , 0.377007 , 0
-0.933841 , 0.357848 , 0
-0.941015 , 0.338537 , 0
-0.947791 , 0.319083 , 0
-0.954164 , 0.299493 , 0
-0.960133 , 0.279776 , 0
-0.965694 , 0.259941 , 0
-0.970845 , 0.239995 , 0
-0.975585 , 0.219947 , 0
-0.97991 , 0.199806 , 0
-0.98382 , 0.179581 , 0
-0.987312 , 0.159279 , 0
-0.990385 , 0.138909 , 0
-0.993039 , 0.118481 , 0
-0.995271 , 0.0980021 , 0
-0.99708 , 0.0774818 , 0
-0.998467 , 0.0569286 , 0
-0.99943 , 0.0363512 , 0
-0.999969 , 0.0157585 , 0
-1.00008 , -0.00484097 , 0
-0.999774 , -0.0254384 , 0
-0.99904 , -0.046025 , 0
-0.997882 , -0.066592 , 0
-0.996302 , -0.0871308 , 0
-0.994298 , -0.107633 , 0
-0.991872 , -0.128089 , 0
-0.989026 , -0.148491 , 0
-0.98576 , -0.16883 , 0
-0.982076 , -0.189097 , 0
-0.977976 , -0.209284 , 0
-0.97346 , -0.229382 , 0
-0.968532 , -0.249383 , 0
-0.963192 , -0.269278 , 0
-0.957444 , -0.289059 , 0
-0.95129 , -0.308717 , 0
-0.944732 , -0.328245 , 0
-0.937774 , -0.347633 , 0
-0.930418 , -0.366873 , 0
-0.922667 , -0.385958 , 0
-0.914524 , -0.404879 , 0
-0.905994 , -0.423629 , 0
-0.897079 , -0.442199 , 0
-0.887784 , -0.460581 , 0
-0.878112 , -0.478768 , 0
-0.868068 , -0.496751 , 0
-0.857656 , -0.514524 , 0
-0.846879 , -0.532079 , 0
-0.835744 , -0.549408 , 0
-0.824254 , -0.566504 , 0
-0.812414 , -0.58336 , 0
-0.80023 , -0.599968 , 0
-0.787706 , -0.616322 , 0
-0.774849 , -0.632415 , 0
-0.761662 , -0.648239 , 0
-0.748153 , -0.663788 , 0
-0.734326 , -0.679056 , 0
-0.720187 , -0.694035 , 0
-0.705744 , -0.70872 , 0
-0.691001 , -0.723105 , 0
-0.675964 , -0.737183 , 0
-0.660641 , -0.750948 , 0
-0.645038 , -0.764395 , 0
-0.629162 , -0.777517 , 0
-0.613018 , -0.79031 , 0
-0.596615 , -0.802768 , 0
-0.579958 , -0.814885 , 0
-0.563055 , -0.826656 , 0
-0.545914 , -0.838077 , 0
-0.528541 , -0.849143 , 0
-0.510944 , -0.859848 , 0
-0.49313 , -0.870188 , 0
-0.475107 , -0.88016 , 0
-0.456883 , -0.889758 , 0
-0.438465 , -0.898979 , 0
-0.41986 , -0.907819 , 0
-0.401078 , -0.916273 , 0
-0.382126 , -0.924339 , 0
-0.363012 , -0.932013 , 0
-0.343743 , -0.939292 , 0
-0.324329 , -0.946172 , 0
-0.304777 , -0.952651 , 0
-0.285096 , -0.958726 , 0
-0.265295 , -0.964395 , 0
-0.24538 , -0.969654 , 0
-0.225362 , -0.974503 , 0
-0.205248 , -0.978938 , 0
-0.185047 , -0.982957 , 0
-0.164767 , -0.98656 , 0
-0.144418 , -0.989745 , 0
-0.124007 , -0.99251 , 0
-0.103544 , -0.994854 , 0
-0.0830369 , -0.996776 , 0
-0.0624945 , -0.998275 , 0
-0.0419257 , -0.999351 , 0
-0.0213391 , -1 , 0
-0.000743374 , -1.00023 , 0
0.0198526 , -1.00003 , 0
0.0404402 , -0.999414 , 0
0.0610106 , -0.99837 , 0
0.0815552 , -0.996903 , 0
0.102065 , -0.995013 , 0
0.122532 , -0.992701 , 0
0.142947 , -0.989967 , 0
0.163301 , -0.986814 , 0
0.183586 , -0.983243 , 0
0.203793 , -0.979254 , 0
0.223913 , -0.974851 , 0
0.243939 , -0.970034 , 0
0.263861 , -0.964805 , 0
0.283671 , -0.959167 , 0
0.303361 , -0.953123 , 0
0.322922 , -0.946674 , 0
0.342347 , -0.939824 , 0
0.361626 , -0.932576 , 0
0.380752 , -0.924932 , 0
0.399716 , -0.916895 , 0
0.418511 , -0.90847 , 0
0.437129 , -0.89966 , 0
0.455561 , -0.890468 , 0
0.473799 , -0.880898 , 0
0.491837 , -0.870955 , 0
0.509667 , -0.860642 , 0
0.52728 , -0.849965 , 0
0.544669 , -0.838927 , 0
0.561828 , -0.827533 , 0
0.578748 , -0.815789 , 0
0.595423 , -0.803698 , 0
0.611845 , -0.791267 , 0
0.628008 , -0.7785 , 0
0.643905 , -0.765402 , 0
0.659528 , -0.751981 , 0
0.674872 , -0.73824 , 0
0.68993 , -0.724186 , 0
0.704695 , -0.709825 , 0
0.719161 , -0.695163 , 0
0.733322 , -0.680207 , 0
0.747172 , -0.664961 , 0
0.760706 , -0.649434 , 0
0.773916 , -0.633632 , 0
0.786799 , -0.61756 , 0
0.799348 , -0.601227 , 0
0.811557 , -0.584639 , 0
0.823423 , -0.567803 , 0
0.834939 , -0.550726 , 0
0.846102 , -0.533415 , 0
0.856905 , -0.515878 , 0
0.867345 , -0.498123 , 0
0.877417 , -0.480156 , 0
0.887117 , -0.461985 , 0
0.896441 , -0.443619 , 0
0.905384 , -0.425064 , 0
0.913944 , -0.40633 , 0
0.922116 , -0.387422 , 0
0.929897 , -0.368351 , 0
0.937283 , -0.349123 , 0
0.944272 , -0.329747 , 0
0.950861 , -0.310232 , 0
0.957046 , -0.290585 , 0
0.962825 , -0.270814 , 0
0.968196 , -0.250929 , 0
0.973156 , -0.230937 , 0
0.977704 , -0.210847 , 0
0.981836 , -0.190668 , 0
0.985553 , -0.170408 , 0
0.988851 , -0.150076 , 0
0.99173 , -0.12968 , 0
0.994188 , -0.109229 , 0
0.996225 , -0.0887316 , 0
0.997839 , -0.0681967 , 0
0.999029 , -0.0476329 , 0
0.999796 , -0.0270488 , 0
1.00014 , -0.00645329 , 0
1.00006 , 0.014145 , 0
0.999552 , 0.0347372 , 0
0.998623 , 0.0553148 , 0
0.997269 , 0.0758688 , 0
0.995493 , 0.0963907 , 0
0.993295 , 0.116872 , 0
0.990675 , 0.137303 , 0
0.987635 , 0.157676 , 0
0.984176 , 0.177983 , 0
0.980299 , 0.198213 , 0
0.976007 , 0.21836 , 0
0.971301 , 0.238414 , 0
0.966182 , 0.258367 , 0
0.960654 , 0.27821 , 0
0.954718 , 0.297936 , 0
0.948377 , 0.317535 , 0
0.941634 , 0.336999 , 0
0.934492 , 0.35632 , 0
0.926953 , 0.37549 , 0
0.91902 , 0.394501 , 0
0.910698 , 0.413345 , 0
0.90199 , 0.432013 , 0
0.892899 , 0.450497 , 0
0.883429 , 0.468791 , 0
0.873584 , 0.486886 , 0
0.863369 , 0.504774 , 0
0.852787 , 0.522448 , 0
0.841843 , 0.539901 , 0
0.830543 , 0.557124 , 0
0.81889 , 0.574111 , 0
0.806889 , 0.590855 , 0
0.794547 , 0.607347 , 0
0.781867 , 0.623582 , 0
0.768855 , 0.639553 , 0
0.755517 , 0.655252 , 0
0.741859 , 0.670673 , 0
0.727886 , 0.68581 , 0
0.713604 , 0.700656 , 0
0.699019 , 0.715204 , 0
0.684138 , 0.729449 , 0
0.668967 , 0.743384 , 0
0.653511 , 0.757004 , 0
0.637778 , 0.770303 , 0
0.621775 , 0.783275 , 0
0.605508 , 0.795914 , 0
0.588984 , 0.808216 , 0
0.57221 , 0.820175 , 0
0.555193 , 0.831786 , 0
0.537941 , 0.843044 , 0
0.52046 , 0.853945 , 0
0.502759 , 0.864482 , 0
0.484844 , 0.874654 , 0
0.466724 , 0.884454 , 0
0.448405 , 0.893878 , 0
0.429896 , 0.902924 , 0
0.411205 , 0.911586 , 0
0.39234 , 0.919861 , 0
0.373307 , 0.927746 , 0
0.354117 , 0.935238 , 0
0.334776 , 0.942332 , 0
0.315293 , 0.949027 , 0
0.295676 , 0.955319 , 0
0.275934 , 0.961206 , 0
0.256075 , 0.966684 , 0
0.236107 , 0.971753 , 0
0.216039 , 0.976409 , 0
0.195879 , 0.980651 , 0
0.175636 , 0.984477 , 0
0.155319 , 0.987884 , 0
0.134935 , 0.990873 , 0
0.114495 , 0.993441 , 0
0.0940054 , 0.995588 , 0
0.0734763 , 0.997312 , 0
0.052916 , 0.998613 , 0
0.0323333 , 0.99949 , 0
0.0117368 , 0.999943 , 0
-0.00886463 , 0.999971 , 0
-0.0294623 , 0.999576 , 0
-0.0500475 , 0.998756 , 0
-0.0706114 , 0.997512 , 0
-0.0911454 , 0.995845 , 0
-0.111641 , 0.993755 , 0
-0.132089 , 0.991244 , 0
-0.152481 , 0.988312 , 0
-0.172808 , 0.98496 , 0
-0.193061 , 0.981191 , 0
-0.213233 , 0.977005 , 0
-0.233315 , 0.972404 , 0
-0.253297 , 0.967391 , 0
-0.273172 , 0.961967 , 0
-0.292931 , 0.956135 , 0
-0.312566 , 0.949897 , 0
-0.332068 , 0.943256 , 0
-0.351429 , 0.936215 , 0
-0.370641 , 0.928777 , 0
-0.389695 , 0.920944 , 0
-0.408585 , 0.912721 , 0
-0.4273 , 0.90411 , 0
-0.445835 , 0.895115 , 0
-0.46418 , 0.885741 , 0
-0.482329 , 0.87599 , 0
-0.500272 , 0.865868 , 0
-0.518003 , 0.855379 , 0
-0.535515 , 0.844526 , 0
-0.552799 , 0.833315 , 0
-0.569849 , 0.821751 , 0
-0.586657 , 0.809838 , 0
-0.603215 , 0.797581 , 0
-0.619518 , 0.784985 , 0
-0.635558 , 0.772056 , 0
-0.651328 , 0.7588 , 0
-0.666822 , 0.745222 , 0
-0.682033 , 0.731327 , 0
-0.696954 , 0.717122 , 0
-0.71158 , 0.702613 , 0
-0.725904 , 0.687806 , 0
-0.739919 , 0.672707 , 0
-0.753621 , 0.657322 , 0
-0.767002 , 0.641658 , 0
-0.780059 , 0.625722 , 0
-0.792784 , 0.60952 , 0
-0.805173 , 0.59306 , 0
-0.81722 , 0.576348 , 0
-0.82892 , 0.559392 , 0
-0.840268 , 0.542198 , 0
-0.85126 , 0.524774 , 0
-0.861891 , 0.507127 , 0
-0.872156 , 0.489265 , 0
-0.882051 , 0.471196 , 0
-0.891571 , 0.452927 , 0
-0.900713 , 0.434465 , 0
-0.909473 , 0.415819 , 0
-0.917847 , 0.396996 , 0
-0.925832 , 0.378005 , 0
-0.933424 , 0.358854 , 0
-0.940619 , 0.33955 , 0
-0.947415 , 0.320103 , 0
-0.95381 , 0.300519 , 0
-0.959799 , 0.280808 , 0
-0.965382 , 0.260978 , 0
-0.970555 , 0.241037 , 0
-0.975315 , 0.220994 , 0
-0.979662 , 0.200857 , 0
-0.983594 , 0.180634 , 0
-0.987108 , 0.160336 , 0
-0.990203 , 0.139969 , 0
-0.992878 , 0.119542 , 0
-0.995131 , 0.0990652 , 0
-0.996962 , 0.0785461 , 0
-0.998371 , 0.0579937 , 0
-0.999355 , 0.0374167 , 0
-0.999916 , 0.0168238 , 0
-1.00005 , -0.00377628 , 0
-0.999765 , -0.0243747 , 0
-0.999052 , -0.0449628 , 0
-0.997916 , -0.0655318 , 0
-0.996357 , -0.086073 , 0
-0.994375 , -0.106578 , 0
-0.991971 , -0.127037 , 0
-0.989146 , -0.147443 , 0
-0.985901 , -0.167786 , 0
-0.982238 , -0.188058 , 0
-0.978158 , -0.20825 , 0
-0.973663 , -0.228353 , 0
-0.968756 , -0.24836 , 0
-0.963437 , -0.268262 , 0
-0.957709 , -0.288049 , 0
-0.951575 , -0.307715 , 0
-0.945037 , -0.327249 , 0
-0.938099 , -0.346645 , 0
-0.930762 , -0.365894 , 0
-0.923031 , -0.384988 , 0
-0.914908 , -0.403918 , 0
-0.906396 , -0.422677 , 0
-0.897501 , -0.441257 , 0
-0.888224 , -0.45965 , 0
-0.878571 , -0.477847 , 0
-0.868545 , -0.495842 , 0
-0.85815 , -0.513626 , 0
-0.847392 , -0.531193 , 0
-0.836274 , -0.548534 , 0
-0.824801 , -0.565642 , 0
-0.812978 , -0.582511 , 0
-0.80081 , -0.599132 , 0
-0.788303 , -0.6155 , 0
-0.775461 , -0.631606 , 0
-0.762291 , -0.647444 , 0
-0.748796 , -0.663007 , 0
-0.734985 , -0.67829 , 0
-0.720861 , -0.693284 , 0
-0.706432 , -0.707985 , 0
-0.691703 , -0.722385 , 0
-0.676681 , -0.736479 , 0
-0.661371 , -0.75026 , 0
-0.645781 , -0.763723 , 0
-0.629917 , -0.776862 , 0
-0.613786 , -0.789672 , 0
-0.597395 , -0.802146 , 0
-0.58075 , -0.814281 , 0
-0.563859 , -0.82607 , 0
-0.546728 , -0.837508 , 0
-0.529366 , -0.848592 , 0
-0.511779 , -0.859315 , 0
-0.493976 , -0.869674 , 0
-0.475962 , -0.879664 , 0
-0.457747 , -0.889281 , 0
-0.439337 , -0.898521 , 0
-0.420742 , -0.907379 , 0
-0.401967 , -0.915853 , 0
-0.383023 , -0.923938 , 0
-0.363916 , -0.931632 , 0
-0.344654 , -0.93893 , 0
-0.325246 , -0.94583 , 0
-0.305701 , -0.952329 , 0
-0.286025 , -0.958424 , 0
-0.266229 , -0.964112 , 0
-0.246319 , -0.969392 , 0
-0.226305 , -0.97426 , 0
-0.206195 , -0.978715 , 0
-0.185998 , -0.982756 , 0
-0.165721 , -0.986379 , 0
-0.145375 , -0.989584 , 0
-0.124966 , -0.992369 , 0
-0.104505 , -0.994734 , 0
-0.0839996 , -0.996676 , 0
-0.0634583 , -0.998196 , 0
-0.0428902 , -0.999292 , 0
-0.0223039 , -0.999965 , 0
-0.0017081 , -1.00021 , 0
0.0188884 , -1.00004 , 0
0.0394769 , -0.999438 , 0
0.0600487 , -0.998415 , 0
0.080595 , -0.996968 , 0
0.101107 , -0.995098 , 0
0.121576 , -0.992806 , 0
0.141994 , -0.990093 , 0
0.162351 , -0.98696 , 0
0.18264 , -0.983409 , 0
0.202851 , -0.979441 , 0
0.222976 , -0.975057 , 0
0.243007 , -0.970259 , 0
0.262934 , -0.965051 , 0
0.28275 , -0.959433 , 0
0.302446 , -0.953408 , 0
0.322014 , -0.946979 , 0
0.341446 , -0.940148 , 0
0.360732 , -0.932918 , 0
0.379865 , -0.925293 , 0
0.398838 , -0.917276 , 0
0.417641 , -0.908869 , 0
0.436267 , -0.900077 , 0
0.454708 , -0.890904 , 0
0.472957 , -0.881352 , 0
0.491004 , -0.871427 , 0
0.508844 , -0.861132 , 0
0.526468 , -0.850472 , 0
0.543868 , -0.839451 , 0
0.561038 , -0.828075 , 0
0.57797 , -0.816347 , 0
0.594657 , -0.804273 , 0
0.611091 , -0.791858 , 0
0.627267 , -0.779107 , 0
0.643176 , -0.766026 , 0
0.658813 , -0.75262 , 0
0.67417 , -0.738894 , 0
0.689242 , -0.724856 , 0
0.704021 , -0.71051 , 0
0.718501 , -0.695862 , 0
0.732677 , -0.68092 , 0
0.746542 , -0.665689 , 0
0.760091 , -0.650175 , 0
0.773317 , -0.634386 , 0
0.786215 , -0.618328 , 0
0.79878 , -0.602007 , 0
0.811006 , -0.585432 , 0
0.822888 , -0.568608 , 0
0.834422 , -0.551542 , 0
0.845601 , -0.534243 , 0
0.856422 , -0.516718 , 0
0.866879 , -0.498973 , 0
0.876969 , -0.481016 , 0
0.886687 , -0.462856 , 0
0.896029 , -0.444499 , 0
0.904991 , -0.425954 , 0
0.913569 , -0.407228 , 0
0.92176 , -0.38833 , 0
0.92956 , -0.369267 , 0
0.936965 , -0.350047 , 0
0.943973 , -0.330679 , 0
0.950581 , -0.31117 , 0
0.956786 , -0.29153 , 0
0.962585 , -0.271765 , 0
0.967976 , -0.251886 , 0
0.972956 , -0.2319 , 0
0.977524 , -0.211815 , 0
0.981677 , -0.191641 , 0
0.985413 , -0.171385 , 0
0.988732 , -0.151057 , 0
0.991631 , -0.130664 , 0
0.99411 , -0.110217 , 0
0.996167 , -0.089722 , 0
0.997802 , -0.0691893 , 0
0.999013 , -0.0486274 , 0
0.999801 , -0.0280448 , 0
1.00016 , -0.00745026 , 0
1.0001 , 0.0131474 , 0
0.99962 , 0.0337395 , 0
0.998711 , 0.0543173 , 0
0.997379 , 0.074872 , 0
0.995624 , 0.095395 , 0
0.993446 , 0.115877 , 0
0.990847 , 0.136311 , 0
0.987828 , 0.156686 , 0
0.98439 , 0.176996 , 0
0.980534 , 0.19723 , 0
0.976263 , 0.21738 , 0
0.971577 , 0.237438 , 0
0.966479 , 0.257396 , 0
0.960972 , 0.277244 , 0
0.955056 , 0.296974 , 0
0.948736 , 0.316579 , 0
0.942013 , 0.33605 , 0
0.934891 , 0.355377 , 0
0.927372 , 0.374555 , 0
0.919459 , 0.393573 , 0
0.911157 , 0.412424 , 0
0.902468 , 0.431101 , 0
0.893396 , 0.449594 , 0
0.883945 , 0.467897 , 0
0.87412 , 0.486001 , 0
0.863923 , 0.503899 , 0
0.85336 , 0.521584 , 0
0.842435 , 0.539047 , 0
0.831153 , 0.556281 , 0
0.819518 , 0.57328 , 0
0.807536 , 0.590035 , 0
0.795211 , 0.60654 , 0
0.782548 , 0.622788 , 0
0.769554 , 0.638771 , 0
0.756233 , 0.654484 , 0
0.742591 , 0.669918 , 0
0.728634 , 0.685069 , 0
0.714368 , 0.699929 , 0
0.6998 , 0.714492 , 0
0.684934 , 0.728752 , 0
0.669777 , 0.742703 , 0
0.654337 , 0.756338 , 0
0.638619 , 0.769653 , 0
0.62263 , 0.782642 , 0
0.606376 , 0.795298 , 0
0.589866 , 0.807617 , 0
0.573105 , 0.819593 , 0
0.556101 , 0.831221 , 0
0.538861 , 0.842497 , 0
0.521393 , 0.853415 , 0
0.503703 , 0.863972 , 0
0.4858 , 0.874161 , 0
0.46769 , 0.88398 , 0
0.449382 , 0.893424 , 0
0.430884 , 0.902489 , 0
0.412202 , 0.911171 , 0
0.393346 , 0.919466 , 0
0.374323 , 0.927371 , 0
0.355141 , 0.934882 , 0
0.335808 , 0.941997 , 0
0.316333 , 0.948712 , 0
0.296724 , 0.955025 , 0
0.276988 , 0.960933 , 0
0.257135 , 0.966432 , 0
0.237173 , 0.971522 , 0
0.217111 , 0.976199 , 0
0.196956 , 0.980463 , 0
0.176718 , 0.98431 , 0
0.156404 , 0.987739 , 0
0.136025 , 0.99075 , 0
0.115587 , 0.99334 , 0
0.0951011 , 0.995508 , 0
0.0745743 , 0.997254 , 0
0.0540159 , 0.998577 , 0
0.0334346 , 0.999476 , 0
0.0128391 , 0.999951 , 0
-0.0077619 , 1 , 0
-0.0283596 , 0.999628 , 0
-0.0489452 , 0.99883 , 0
-0.0695101 , 0.997609 , 0
-0.0900454 , 0.995964 , 0
-0.110543 , 0.993896 , 0
-0.130993 , 0.991407 , 0
-0.151388 , 0.988496 , 0
-0.171718 , 0.985167 , 0
-0.191975 , 0.981419 , 0
-0.212152 , 0.977255 , 0
-0.232238 , 0.972676 , 0
-0.252225 , 0.967685 , 0
-0.272106 , 0.962282 , 0
-0.291871 , 0.956472 , 0
-0.311512 , 0.950255 , 0
-0.331021 , 0.943635 , 0
-0.350389 , 0.936615 , 0
-0.369609 , 0.929198 , 0
-0.388672 , 0.921386 , 0
-0.40757 , 0.913182 , 0
-0.426295 , 0.904592 , 0
-0.444839 , 0.895617 , 0
-0.463194 , 0.886263 , 0
-0.481353 , 0.876532 , 0
-0.499307 , 0.86643 , 0
-0.51705 , 0.855959 , 0
-0.534573 , 0.845126 , 0
-0.551869 , 0.833934 , 0
-0.568932 , 0.822387 , 0
-0.585752 , 0.810492 , 0
-0.602324 , 0.798253 , 0
-0.618641 , 0.785675 , 0
-0.634695 , 0.772764 , 0
-0.650479 , 0.759525 , 0
-0.665988 , 0.745963 , 0
-0.681214 , 0.732085 , 0
-0.69615 , 0.717896 , 0
-0.710792 , 0.703403 , 0
-0.725131 , 0.688611 , 0
-0.739163 , 0.673526 , 0
-0.752881 , 0.658156 , 0
-0.76628 , 0.642507 , 0
-0.779354 , 0.626585 , 0
-0.792097 , 0.610397 , 0
-0.804503 , 0.59395 , 0
-0.816568 , 0.577251 , 0
-0.828287 , 0.560307 , 0
-0.839654 , 0.543125 , 0
-0.850665 , 0.525713 , 0
-0.861315 , 0.508077 , 0
-0.871599 , 0.490226 , 0
-0.881514 , 0.472167 , 0
-0.891054 , 0.453907 , 0
-0.900216 , 0.435455 , 0
-0.908996 , 0.416818 , 0
-0.917391 , 0.398005 , 0
-0.925396 , 0.379022 , 0
-0.933008 , 0.359878 , 0
-0.940225 , 0.340582 , 0
-0.947042 , 0.321141 , 0
-0.953458 , 0.301564 , 0
-0.959468 , 0.281859 , 0
-0.965072 , 0.262035 , 0
-0.970266 , 0.242099 , 0
-0.975049 , 0.22206 , 0
-0.979417 , 0.201927 , 0
-0.98337 , 0.181709 , 0
-0.986906 , 0.161413 , 0
-0.990023 , 0.141049 , 0
-0.99272 , 0.120625 , 0
-0.994995 , 0.10015 , 0
-0.996849 , 0.079632 , 0
-0.998279 , 0.0590806 , 0
-0.999286 , 0.038504 , 0
-0.999868 , 0.0179111 , 0
-1.00003 , -0.00268937 , 0
-0.999761 , -0.0232887 , 0
-0.99907 , -0.0438782 , 0
-0.997956 , -0.064449 , 0
-0.996418 , -0.0849925 , 0
-0.994458 , -0.1055 , 0
-0.992075 , -0.125963 , 0
-0.989272 , -0.146372 , 0
-0.986049 , -0.166719 , 0
-0.982407 , -0.186995 , 0
-0.978348 , -0.207192 , 0
-0.973875 , -0.227301 , 0
-0.968988 , -0.247314 , 0
-0.96369 , -0.267222 , 0
-0.957983 , -0.287016 , 0
-0.951869 , -0.306689 , 0
-0.945352 , -0.326231 , 0
-0.938434 , -0.345635 , 0
-0.931117 , -0.364892 , 0
-0.923405 , -0.383995 , 0
-0.915302 , -0.402934 , 0
-0.90681 , -0.421703 , 0
-0.897933 , -0.440293 , 0
-0.888676 , -0.458696 , 0
-0.879041 , -0.476904 , 0
-0.869033 , -0.49491 , 0
-0.858657 , -0.512706 , 0
-0.847916 , -0.530284 , 0
-0.836816 , -0.547637 , 0
-0.825361 , -0.564759 , 0
-0.813555 , -0.58164 , 0
-0.801404 , -0.598275 , 0
-0.788913 , -0.614655 , 0
-0.776088 , -0.630776 , 0
-0.762933 , -0.646628 , 0
-0.749455 , -0.662206 , 0
-0.735658 , -0.677503 , 0
-0.72155 , -0.692513 , 0
-0.707135 , -0.707229 , 0
-0.692421 , -0.721645 , 0
-0.677412 , -0.735755 , 0
-0.662116 , -0.749552 , 0
-0.64654 , -0.763032 , 0
-0.630689 , -0.776188 , 0
-0.61457 , -0.789015 , 0
-0.598191 , -0.801506 , 0
-0.581558 , -0.813658 , 0
-0.564678 , -0.825465 , 0
-0.547559 , -0.836922 , 0
-0.530208 , -0.848023 , 0
-0.512631 , -0.858765 , 0
-0.494837 , -0.869143 , 0
-0.476834 , -0.879151 , 0
-0.458627 , -0.888787 , 0
-0.440227 , -0.898046 , 0
-0.421639 , -0.906924 , 0
-0.402873 , -0.915417 , 0
-0.383936 , -0.923522 , 0
-0.364836 , -0.931235 , 0
-0.345581 , -0.938553 , 0
-0.32618 , -0.945473 , 0
-0.30664 , -0.951992 , 0
-0.28697 , -0.958107 , 0
-0.267179 , -0.963816 , 0
-0.247274 , -0.969116 , 0
-0.227264 , -0.974005 , 0
-0.207158 , -0.97848 , 0
-0.186964 , -0.982541 , 0
-0.166691 , -0.986185 , 0
-0.146347 , -0.989411 , 0
-0.125941 , -0.992216 , 0
-0.105482 , -0.994602 , 0
-0.0849774 , -0.996565 , 0
-0.0644371 , -0.998105 , 0
-0.0438695 , -0.999223 , 0
-0.0232834 , -0.999916 , 0
-0.00268728 , -1.00019 , 0
0.0179099 , -1.00003 , 0
0.0384995 , -0.999451 , 0
0.0590728 , -0.998448 , 0
0.0796211 , -0.997022 , 0
0.100136 , -0.995172 , 0
0.120608 , -0.992901 , 0
0.141028 , -0.990209 , 0
0.161389 , -0.987096 , 0
0.181682 , -0.983565 , 0
0.201897 , -0.979617 , 0
0.222027 , -0.975253 , 0
0.242063 , -0.970476 , 0
0.261996 , -0.965287 , 0
0.281818 , -0.959688 , 0
0.301521 , -0.953683 , 0
0.321095 , -0.947273 , 0
0.340533 , -0.940462 , 0
0.359827 , -0.933251 , 0
0.378969 , -0.925645 , 0
0.397949 , -0.917646 , 0
0.416761 , -0.909259 , 0
0.435396 , -0.900485 , 0
0.453847 , -0.89133 , 0
0.472105 , -0.881796 , 0
0.490163 , -0.871889 , 0
0.508013 , -0.861612 , 0
0.525647 , -0.850969 , 0
0.543059 , -0.839966 , 0
0.56024 , -0.828606 , 0
0.577183 , -0.816895 , 0
0.593882 , -0.804837 , 0
0.610329 , -0.792439 , 0
0.626518 , -0.779704 , 0
0.64244 , -0.766638 , 0
0.65809 , -0.753248 , 0
0.673461 , -0.739538 , 0
0.688546 , -0.725514 , 0
0.70334 , -0.711183 , 0
0.717835 , -0.69655 , 0
0.732026 , -0.681621 , 0
0.745906 , -0.666404 , 0
0.75947 , -0.650904 , 0
0.772712 , -0.635128 , 0
0.785626 , -0.619082 , 0
0.798207 , -0.602774 , 0
0.810449 , -0.586211 , 0
0.822348 , -0.569399 , 0
0.833898 , -0.552345 , 0
0.845095 , -0.535057 , 0
0.855933 , -0.517543 , 0
0.866408 , -0.499808 , 0
0.876515 , -0.481862 , 0
0.886251 , -0.463712 , 0
0.895612 , -0.445364 , 0
0.904592 , -0.426828 , 0
0.913189 , -0.408111 , 0
0.921398 , -0.389221 , 0
0.929217 , -0.370166 , 0
0.936641 , -0.350954 , 0
0.943669 , -0.331593 , 0
0.950296 , -0.312091 , 0
0.95652 , -0.292457 , 0
0.962339 , -0.272699 , 0
0.967749 , -0.252826 , 0
0.972749 , -0.232845 , 0
0.977337 , -0.212765 , 0
0.98151 , -0.192595 , 0
0.985267 , -0.172344 , 0
0.988606 , -0.152019 , 0
0.991525 , -0.13163 , 0
0.994024 , -0.111185 , 0
0.996102 , -0.0906931 , 0
0.997757 , -0.0701626 , 0
0.998989 , -0.0496023 , 0
0.999798 , -0.029021 , 0
1.00018 , -0.00842742 , 0
1.00014 , 0.0121698 , 0
0.999678 , 0.0327618 , 0
0.998791 , 0.0533399 , 0
0.997479 , 0.0738954 , 0
0.995745 , 0.0944196 , 0
0.993588 , 0.114904 , 0
0.99101 , 0.135339 , 0
0.988011 , 0.155717 , 0
0.984593 , 0.176029 , 0
0.980758 , 0.196266 , 0
0.976507 , 0.21642 , 0
0.971842 , 0.236483 , 0
0.966765 , 0.256445 , 0
0.961277 , 0.276298 , 0
0.955382 , 0.296034 , 0
0.949082 , 0.315644 , 0
0.942379 , 0.335121 , 0
0.935276 , 0.354455 , 0
0.927777 , 0.37364 , 0
0.919884 , 0.392665 , 0
0.911601 , 0.411524 , 0
0.902932 , 0.430209 , 0
0.893879 , 0.448711 , 0
0.884447 , 0.467023 , 0
0.87464 , 0.485136 , 0
0.864463 , 0.503044 , 0
0.853918 , 0.520739 , 0
0.843012 , 0.538213 , 0
0.831747 , 0.555458 , 0
0.82013 , 0.572468 , 0
0.808165 , 0.589235 , 0
0.795858 , 0.605752 , 0
0.783212 , 0.622012 , 0
0.770235 , 0.638008 , 0
0.756931 , 0.653734 , 0
0.743305 , 0.669182 , 0
0.729365 , 0.684346 , 0
0.715115 , 0.69922 , 0
0.700561 , 0.713798 , 0
0.685711 , 0.728073 , 0
0.670569 , 0.742039 , 0
0.655144 , 0.75569 , 0
0.63944 , 0.76902 , 0
0.623465 , 0.782025 , 0
0.607225 , 0.794697 , 0
0.590728 , 0.807033 , 0
0.573981 , 0.819026 , 0
0.556989 , 0.830672 , 0
0.539762 , 0.841965 , 0
0.522306 , 0.852901 , 0
0.504628 , 0.863476 , 0
0.486736 , 0.873684 , 0
0.468637 , 0.883521 , 0
0.45034 , 0.892983 , 0
0.431851 , 0.902067 , 0
0.41318 , 0.910768 , 0
0.394333 , 0.919083 , 0
0.375318 , 0.927007 , 0
0.356145 , 0.934539 , 0
0.33682 , 0.941674 , 0
0.317353 , 0.948409 , 0
0.297751 , 0.954742 , 0
0.278023 , 0.96067 , 0
0.258176 , 0.966191 , 0
0.23822 , 0.971301 , 0
0.218163 , 0.976 , 0
0.198014 , 0.980284 , 0
0.17778 , 0.984152 , 0
0.157471 , 0.987603 , 0
0.137096 , 0.990635 , 0
0.116662 , 0.993247 , 0
0.0961782 , 0.995437 , 0
0.075654 , 0.997205 , 0
0.0550976 , 0.998549 , 0
0.0345179 , 0.99947 , 0
0.0139236 , 0.999967 , 0
-0.00667672 , 1.00004 , 0
-0.0272742 , 0.999688 , 0
-0.04786 , 0.998912 , 0
-0.0684256 , 0.997712 , 0
-0.0889621 , 0.996089 , 0
-0.109461 , 0.994044 , 0
-0.129913 , 0.991576 , 0
-0.15031 , 0.988688 , 0
-0.170644 , 0.98538 , 0
-0.190905 , 0.981654 , 0
-0.211085 , 0.977512 , 0
-0.231175 , 0.972954 , 0
-0.251168 , 0.967984 , 0
-0.271053 , 0.962603 , 0
-0.290824 , 0.956814 , 0
-0.310472 , 0.950619 , 0
-0.329987 , 0.94402 , 0
-0.349363 , 0.937021 , 0
-0.36859 , 0.929624 , 0
-0.387661 , 0.921833 , 0
-0.406567 , 0.91365 , 0
-0.425301 , 0.90508 , 0
-0.443855 , 0.896125 , 0
-0.46222 , 0.886791 , 0
-0.480389 , 0.87708 , 0
-0.498354 , 0.866997 , 0
-0.516107 , 0.856546 , 0
-0.533642 , 0.845731 , 0
-0.55095 , 0.834558 , 0
-0.568024 , 0.82303 , 0
-0.584858 , 0.811153 , 0
-0.601443 , 0.798932 , 0
-0.617772 , 0.786372 , 0
-0.63384 , 0.773478 , 0
-0.649639 , 0.760256 , 0
-0.665162 , 0.746711 , 0
-0.680402 , 0.73285 , 0
-0.695354 , 0.718677 , 0
-0.710011 , 0.7042 , 0
-0.724367 , 0.689423 , 0
-0.738415 , 0.674354 , 0
-0.75215 , 0.658999 , 0
-0.765565 , 0.643364 , 0
-0.778656 , 0.627456 , 0
-0.791416 , 0.611282 , 0
-0.803841 , 0.594849 , 0
-0.815924 , 0.578162 , 0
-0.827661 , 0.561231 , 0
-0.839047 , 0.544062 , 0
-0.850076 , 0.526661 , 0
-0.860745 , 0.509037 , 0
-0.871049 , 0.491197 , 0
-0.880983 , 0.473149 , 0
-0.890543 , 0.454899 , 0
-0.899725 , 0.436457 , 0
-0.908525 , 0.41783 , 0
-0.91694 , 0.399025 , 0
-0.924966 , 0.380051 , 0
-0.932599 , 0.360915 , 0
-0.939836 , 0.341627 , 0
-0.946675 , 0.322193 , 0
-0.953111 , 0.302623 , 0
-0.959143 , 0.282924 , 0
-0.964769 , 0.263105 , 0
-0.969984 , 0.243174 , 0
-0.974788 , 0.223141 , 0
-0.979179 , 0.203012 , 0
-0.983154 , 0.182798 , 0
-0.986711 , 0.162506 , 0
-0.98985 , 0.142145 , 0
-0.992569 , 0.121723 , 0
-0.994867 , 0.10125 , 0
-0.996742 , 0.0807341 , 0
-0.998194 , 0.0601838 , 0
-0.999223 , 0.039608 , 0
-0.999828 , 0.0190153 , 0
-1.00001 , -0.0015854 , 0
-0.999765 , -0.0221854 , 0
-0.999096 , -0.0427761 , 0
-0.998004 , -0.0633486 , 0
-0.996488 , -0.0838942 , 0
-0.99455 , -0.104404 , 0
-0.992189 , -0.12487 , 0
-0.989408 , -0.145283 , 0
-0.986206 , -0.165634 , 0
-0.982586 , -0.185914 , 0
-0.978549 , -0.206116 , 0
-0.974097 , -0.226231 , 0
-0.969231 , -0.246249 , 0
-0.963954 , -0.266163 , 0
-0.958268 , -0.285964 , 0
-0.952175 , -0.305643 , 0
-0.945679 , -0.325193 , 0
-0.938781 , -0.344605 , 0
-0.931484 , -0.363871 , 0
-0.923793 , -0.382982 , 0
-0.915709 , -0.401931 , 0
-0.907237 , -0.420709 , 0
-0.89838 , -0.439309 , 0
-0.889141 , -0.457722 , 0
-0.879526 , -0.475941 , 0
-0.869537 , -0.493958 , 0
-0.859179 , -0.511766 , 0
-0.848456 , -0.529356 , 0
-0.837374 , -0.546722 , 0
-0.825936 , -0.563855 , 0
-0.814148 , -0.58075 , 0
-0.802014 , -0.597398 , 0
-0.78954 , -0.613793 , 0
-0.776731 , -0.629927 , 0
-0.763593 , -0.645794 , 0
-0.75013 , -0.661386 , 0
-0.736349 , -0.676699 , 0
-0.722256 , -0.691724 , 0
-0.707856 , -0.706455 , 0
-0.693156 , -0.720887 , 0
-0.678162 , -0.735013 , 0
-0.66288 , -0.748827 , 0
-0.647317 , -0.762324 , 0
-0.631479 , -0.775497 , 0
-0.615374 , -0.788341 , 0
-0.599007 , -0.80085 , 0
-0.582386 , -0.81302 , 0
-0.565518 , -0.824844 , 0
-0.54841 , -0.836319 , 0
-0.531069 , -0.847439 , 0
-0.513503 , -0.8582 , 0
-0.49572 , -0.868596 , 0
-0.477725 , -0.878624 , 0
-0.459529 , -0.888279 , 0
-0.441137 , -0.897557 , 0
-0.422558 , -0.906455 , 0
-0.4038 , -0.914967 , 0
-0.38487 , -0.923092 , 0
-0.365778 , -0.930825 , 0
-0.34653 , -0.938164 , 0
-0.327135 , -0.945104 , 0
-0.307601 , -0.951643 , 0
-0.287937 , -0.957779 , 0
-0.268151 , -0.963508 , 0
-0.24825 , -0.968828 , 0
-0.228245 , -0.973738 , 0
-0.208143 , -0.978234 , 0
-0.187952 , -0.982316 , 0
-0.167682 , -0.985981 , 0
-0.147341 , -0.989227 , 0
-0.126937 , -0.992054 , 0
-0.106479 , -0.99446 , 0
-0.085976 , -0.996444 , 0
-0.0654367 , -0.998006 , 0
-0.0448695 , -0.999144 , 0
-0.0242833 , -0.999858 , 0
-0.00368686 , -1.00015 , 0
0.0169112 , -1.00001 , 0
0.0375021 , -0.999456 , 0
0.058077 , -0.998474 , 0
0.0786273 , -0.997069 , 0
0.0991443 , -0.99524 , 0
0.119619 , -0.992989 , 0
0.140043 , -0.990317 , 0
0.160408 , -0.987225 , 0
0.180705 , -0.983715 , 0
0.200925 , -0.979787 , 0
0.22106 , -0.975443 , 0
0.241101 , -0.970686 , 0
0.26104 , -0.965517 , 0
0.280868 , -0.959938 , 0
0.300577 , -0.953953 , 0
0.320159 , -0.947562 , 0
0.339604 , -0.94077 , 0
0.358906 , -0.933579 , 0
0.378055 , -0.925992 , 0
0.397045 , -0.918012 , 0
0.415865 , -0.909643 , 0
0.43451 , -0.900888 , 0
0.45297 , -0.89175 , 0
0.471238 , -0.882235 , 0
0.489306 , -0.872346 , 0
0.507166 , -0.862086 , 0
0.524812 , -0.851461 , 0
0.542235 , -0.840475 , 0
0.559427 , -0.829132 , 0
0.576383 , -0.817438 , 0
0.593094 , -0.805397 , 0
0.609554 , -0.793014 , 0
0.625755 , -0.780295 , 0
0.641691 , -0.767245 , 0
0.657355 , -0.75387 , 0
0.672739 , -0.740175 , 0
0.687839 , -0.726166 , 0
0.702647 , -0.711849 , 0
0.717157 , -0.697231 , 0
0.731362 , -0.682316 , 0
0.745258 , -0.667113 , 0
0.758837 , -0.651626 , 0
0.772095 , -0.635863 , 0
0.785025 , -0.61983 , 0
0.797622 , -0.603535 , 0
0.809882 , -0.586983 , 0
0.821797 , -0.570183 , 0
0.833364 , -0.553141 , 0
0.844578 , -0.535864 , 0
0.855433 , -0.51836 , 0
0.865926 , -0.500636 , 0
0.876052 , -0.4827 , 0
0.885806 , -0.464559 , 0
0.895184 , -0.446221 , 0
0.904183 , -0.427694 , 0
0.912798 , -0.408985 , 0
0.921026 , -0.390103 , 0
0.928864 , -0.371056 , 0
0.936307 , -0.351851 , 0
0.943354 , -0.332497 , 0
0.95 , -0.313002 , 0
0.956244 , -0.293374 , 0
0.962082 , -0.273622 , 0
0.967512 , -0.253754 , 0
0.972532 , -0.233778 , 0
0.97714 , -0.213703 , 0
0.981333 , -0.193538 , 0
0.98511 , -0.17329 , 0
0.988469 , -0.152969 , 0
0.991409 , -0.132583 , 0
0.993928 , -0.112141 , 0
0.996026 , -0.0916514 , 0
0.997702 , -0.0711228 , 0
0.998955 , -0.050564 , 0
0.999783 , -0.0299838 , 0
1.00019 , -0.00939089 , 0
1.00017 , 0.011206 , 0
0.999726 , 0.0317982 , 0
0.998858 , 0.0523768 , 0
0.997567 , 0.0729333 , 0
0.995853 , 0.0934588 , 0
0.993717 , 0.113945 , 0
0.991159 , 0.134382 , 0
0.988181 , 0.154763 , 0
0.984784 , 0.175078 , 0
0.980969 , 0.195319 , 0
0.976738 , 0.215476 , 0
0.972093 , 0.235543 , 0
0.967036 , 0.255509 , 0
0.961569 , 0.275368 , 0
0.955693 , 0.295109 , 0
0.949413 , 0.314725 , 0
0.94273 , 0.334208 , 0
0.935647 , 0.353549 , 0
0.928167 , 0.372741 , 0
0.920293 , 0.391774 , 0
0.91203 , 0.410641 , 0
0.903379 , 0.429333 , 0
0.894345 , 0.447844 , 0
0.884933 , 0.466165 , 0
0.875144 , 0.484288 , 0
0.864985 , 0.502205 , 0
0.854459 , 0.51991 , 0
0.84357 , 0.537394 , 0
0.832323 , 0.55465 , 0
0.820724 , 0.571671 , 0
0.808776 , 0.58845 , 0
0.796486 , 0.604979 , 0
0.783857 , 0.621251 , 0
0.770897 , 0.63726 , 0
0.757609 , 0.652999 , 0
0.744 , 0.66846 , 0
0.730075 , 0.683638 , 0
0.715841 , 0.698527 , 0
0.701303 , 0.713118 , 0
0.686467 , 0.727408 , 0
0.671341 , 0.741389 , 0
0.655929 , 0.755055 , 0
0.64024 , 0.768401 , 0
0.624279 , 0.781421 , 0
0.608053 , 0.79411 , 0
0.591569 , 0.806462 , 0
0.574834 , 0.818472 , 0
0.557856 , 0.830135 , 0
0.54064 , 0.841445 , 0
0.523196 , 0.852399 , 0
0.505529 , 0.862991 , 0
0.487648 , 0.873217 , 0
0.469561 , 0.883073 , 0
0.451274 , 0.892554 , 0
0.432796 , 0.901656 , 0
0.414134 , 0.910376 , 0
0.395296 , 0.91871 , 0
0.376291 , 0.926654 , 0
0.357126 , 0.934205 , 0
0.337809 , 0.94136 , 0
0.31835 , 0.948115 , 0
0.298755 , 0.954468 , 0
0.279033 , 0.960417 , 0
0.259194 , 0.965957 , 0
0.239244 , 0.971089 , 0
0.219192 , 0.975808 , 0
0.199048 , 0.980113 , 0
0.178819 , 0.984002 , 0
0.158515 , 0.987474 , 0
0.138143 , 0.990527 , 0
0.117713 , 0.99316 , 0
0.0972322 , 0.995371 , 0
0.0767106 , 0.997161 , 0
0.0561564 , 0.998527 , 0
0.0355784 , 0.999469 , 0
0.0149854 , 0.999988 , 0
-0.00561409 , 1.00008 , 0
-0.0262112 , 0.999752 , 0
-0.0467971 , 0.998998 , 0
-0.0673632 , 0.99782 , 0
-0.0879007 , 0.996218 , 0
-0.108401 , 0.994194 , 0
-0.128855 , 0.991748 , 0
-0.149255 , 0.988882 , 0
-0.169591 , 0.985596 , 0
-0.189855 , 0.981891 , 0
-0.210039 , 0.97777 , 0
-0.230134 , 0.973235 , 0
-0.250131 , 0.968286 , 0
-0.270021 , 0.962926 , 0
-0.289798 , 0.957158 , 0
-0.309451 , 0.950984 , 0
-0.328973 , 0.944406 , 0
-0.348355 , 0.937428 , 0
-0.36759 , 0.930051 , 0
-0.386669 , 0.922281 , 0
-0.405583 , 0.914118 , 0
-0.424326 , 0.905568 , 0
-0.442888 , 0.896634 , 0
-0.461263 , 0.887319 , 0
-0.479441 , 0.877628 , 0
-0.497417 , 0.867564 , 0
-0.515181 , 0.857132 , 0
-0.532727 , 0.846337 , 0
-0.550046 , 0.835182 , 0
-0.567133 , 0.823673 , 0
-0.583978 , 0.811815 , 0
-0.600576 , 0.799612 , 0
-0.616919 , 0.787069 , 0
-0.633 , 0.774193 , 0
-0.648812 , 0.760988 , 0
-0.66435 , 0.747461 , 0
-0.679605 , 0.733616 , 0
-0.694572 , 0.719459 , 0
-0.709244 , 0.704998 , 0
-0.723615 , 0.690237 , 0
-0.737679 , 0.675183 , 0
-0.75143 , 0.659843 , 0
-0.764863 , 0.644223 , 0
-0.77797 , 0.62833 , 0
-0.790748 , 0.612169 , 0
-0.80319 , 0.59575 , 0
-0.815291 , 0.579077 , 0
-0.827046 , 0.562158 , 0
-0.83845 , 0.545001 , 0
-0.849498 , 0.527613 , 0
-0.860186 , 0.510001 , 0
-0.870509 , 0.492172 , 0
-0.880462 , 0.474134 , 0
-0.890042 , 0.455896 , 0
-0.899244 , 0.437463 , 0
-0.908064 , 0.418845 , 0
-0.916499 , 0.40005 , 0
-0.924545 , 0.381084 , 0
-0.932199 , 0.361957 , 0
-0.939457 , 0.342677 , 0
-0.946317 , 0.32325 , 0
-0.952774 , 0.303687 , 0
-0.958828 , 0.283995 , 0
-0.964475 , 0.264182 , 0
-0.969712 , 0.244257 , 0
-0.974538 , 0.224229 , 0
-0.97895 , 0.204105 , 0
-0.982946 , 0.183895 , 0
-0.986526 , 0.163606 , 0
-0.989687 , 0.143249 , 0
-0.992428 , 0.12283 , 0
-0.994747 , 0.102359 , 0
-0.996645 , 0.0818453 , 0
-0.99812 , 0.0612964 , 0
-0.999171 , 0.0407216 , 0
-0.999798 , 0.0201294 , 0
-1 , -0.000471284 , 0
-0.999779 , -0.0210718 , 0
-0.999133 , -0.0416633 , 0
-0.998063 , -0.0622372 , 0
-0.996569 , -0.0827847 , 0
-0.994653 , -0.103297 , 0
-0.992314 , -0.123765 , 0
-0.989554 , -0.144181 , 0
-0.986375 , -0.164536 , 0
-0.982776 , -0.184821 , 0
-0.978761 , -0.205028 , 0
-0.97433 , -0.225147 , 0
-0.969486 , -0.245171 , 0
-0.96423 , -0.265091 , 0
-0.958566 , -0.284899 , 0
-0.952494 , -0.304585 , 0
-0.946018 , -0.324142 , 0
-0.939141 , -0.343562 , 0
-0.931865 , -0.362836 , 0
-0.924194 , -0.381956 , 0
-0.91613 , -0.400914 , 0
-0.907678 , -0.419701 , 0
-0.898841 , -0.438311 , 0
-0.889622 , -0.456735 , 0
-0.880025 , -0.474964 , 0
-0.870055 , -0.492992 , 0
-0.859716 , -0.510811 , 0
-0.849012 , -0.528414 , 0
-0.837948 , -0.545792 , 0
-0.826528 , -0.562938 , 0
-0.814758 , -0.579846 , 0
-0.802642 , -0.596507 , 0
-0.790185 , -0.612915 , 0
-0.777393 , -0.629064 , 0
-0.764271 , -0.644945 , 0
-0.750824 , -0.660553 , 0
-0.737059 , -0.67588 , 0
-0.722981 , -0.69092 , 0
-0.708597 , -0.705668 , 0
-0.693912 , -0.720116 , 0
-0.678932 , -0.734258 , 0
-0.663664 , -0.748089 , 0
-0.648115 , -0.761602 , 0
-0.632291 , -0.774792 , 0
-0.616198 , -0.787654 , 0
-0.599844 , -0.800181 , 0
-0.583235 , -0.812368 , 0
-0.566379 , -0.824211 , 0
-0.549282 , -0.835704 , 0
-0.531953 , -0.846843 , 0
-0.514398 , -0.857622 , 0
-0.496624 , -0.868038 , 0
-0.47864 , -0.878085 , 0
-0.460453 , -0.887759 , 0
-0.44207 , -0.897057 , 0
-0.4235 , -0.905974 , 0
-0.40475 , -0.914507 , 0
-0.385828 , -0.922652 , 0
-0.366743 , -0.930405 , 0
-0.347502 , -0.937764 , 0
-0.328113 , -0.944725 , 0
-0.308586 , -0.951285 , 0
-0.288927 , -0.957441 , 0
-0.269146 , -0.963191 , 0
-0.249251 , -0.968532 , 0
-0.22925 , -0.973463 , 0
-0.209152 , -0.97798 , 0
-0.188964 , -0.982083 , 0
-0.168697 , -0.985769 , 0
-0.148358 , -0.989037 , 0
-0.127957 , -0.991885 , 0
-0.107501 , -0.994312 , 0
-0.0869991 , -0.996318 , 0
-0.0664605 , -0.9979 , 0
-0.0458938 , -0.99906 , 0
-0.0253076 , -0.999795 , 0
-0.00471066 , -1.00011 , 0
0.0158883 , -0.999994 , 0
0.0364805 , -0.999457 , 0
0.0570572 , -0.998496 , 0
0.0776097 , -0.997111 , 0
0.0981293 , -0.995304 , 0
0.118607 , -0.993074 , 0
0.139035 , -0.990423 , 0
0.159404 , -0.987352 , 0
0.179705 , -0.983861 , 0
0.199929 , -0.979954 , 0
0.220069 , -0.975631 , 0
0.240116 , -0.970894 , 0
0.260061 , -0.965745 , 0
0.279895 , -0.960187 , 0
0.299611 , -0.954221 , 0
0.3192 , -0.94785 , 0
0.338653 , -0.941078 , 0
0.357963 , -0.933906 , 0
0.377121 , -0.926338 , 0
0.396118 , -0.918377 , 0
0.414948 , -0.910026 , 0
0.433602 , -0.90129 , 0
0.452072 , -0.892171 , 0
0.47035 , -0.882674 , 0
0.488428 , -0.872802 , 0
0.5063 , -0.862561 , 0
0.523957 , -0.851953 , 0
0.541391 , -0.840984 , 0
0.558596 , -0.829658 , 0
0.575564 , -0.817981 , 0
0.592288 , -0.805956 , 0
0.60876 , -0.79359 , 0
0.624974 , -0.780887 , 0
0.640924 , -0.767853 , 0
0.656601 , -0.754493 , 0
0.672 , -0.740813 , 0
0.687114 , -0.726819 , 0
0.701937 , -0.712517 , 0
0.716461 , -0.697912 , 0
0.730682 , -0.683012 , 0
0.744593 , -0.667822 , 0
0.758189 , -0.652348 , 0
0.771462 , -0.636598 , 0
0.784409 , -0.620578 , 0
0.797023 , -0.604295 , 0
0.809299 , -0.587755 , 0
0.821231 , -0.570966 , 0
0.832815 , -0.553935 , 0
0.844046 , -0.53667 , 0
0.85492 , -0.519176 , 0
0.86543 , -0.501462 , 0
0.875574 , -0.483536 , 0
0.885346 , -0.465405 , 0
0.894743 , -0.447076 , 0
0.90376 , -0.428557 , 0
0.912394 , -0.409857 , 0
0.920641 , -0.390983 , 0
0.928497 , -0.371943 , 0
0.93596 , -0.352746 , 0
0.943026 , -0.333399 , 0
0.949692 , -0.31391 , 0
0.955955 , -0.294289 , 0
0.961813 , -0.274542 , 0
0.967263 , -0.254679 , 0
0.972303 , -0.234708 , 0
0.97693 , -0.214638 , 0
0.981143 , -0.194477 , 0
0.98494 , -0.174233 , 0
0.98832 , -0.153915 , 0
0.99128 , -0.133532 , 0
0.99382 , -0.113092 , 0
0.995938 , -0.0926045 , 0
0.997634 , -0.0720775 , 0
0.998907 , -0.05152 , 0
0.999756 , -0.0309407 , 0
1.00018 , -0.0103482 , 0
1.00018 , 0.0102486 , 0
0.99976 , 0.0308411 , 0
0.998913 , 0.0514206 , 0
0.997643 , 0.0719782 , 0
0.995949 , 0.0925053 , 0
0.993833 , 0.112993 , 0
0.991296 , 0.133433 , 0
0.988338 , 0.153816 , 0
0.984961 , 0.174135 , 0
0.981166 , 0.194379 , 0
0.976955 , 0.214541 , 0
0.97233 , 0.234612 , 0
0.967293 , 0.254583 , 0
0.961845 , 0.274446 , 0
0.95599 , 0.294193 , 0
0.949729 , 0.313816 , 0
0.943065 , 0.333305 , 0
0.936002 , 0.352653 , 0
0.928541 , 0.371851 , 0
0.920687 , 0.390892 , 0
0.912442 , 0.409766 , 0
0.90381 , 0.428467 , 0
0.894795 , 0.446987 , 0
0.885401 , 0.465317 , 0
0.875631 , 0.483449 , 0
0.86549 , 0.501376 , 0
0.854981 , 0.519091 , 0
0.84411 , 0.536586 , 0
0.832881 , 0.553853 , 0
0.821299 , 0.570885 , 0
0.809369 , 0.587675 , 0
0.797095 , 0.604216 , 0
0.784483 , 0.620501 , 0
0.771539 , 0.636522 , 0
0.758267 , 0.652274 , 0
0.744674 , 0.667749 , 0
0.730765 , 0.68294 , 0
0.716546 , 0.697842 , 0
0.702023 , 0.712448 , 0
0.687203 , 0.726752 , 0
0.672091 , 0.740748 , 0
0.656694 , 0.75443 , 0
0.641018 , 0.767791 , 0
0.62507 , 0.780827 , 0
0.608858 , 0.793532 , 0
0.592387 , 0.8059 , 0
0.575665 , 0.817927 , 0
0.558699 , 0.829606 , 0
0.541496 , 0.840934 , 0
0.524063 , 0.851905 , 0
0.506408 , 0.862515 , 0
0.488538 , 0.872758 , 0
0.470461 , 0.882632 , 0
0.452184 , 0.892131 , 0
0.433716 , 0.901252 , 0
0.415063 , 0.909991 , 0
0.396235 , 0.918344 , 0
0.377238 , 0.926307 , 0
0.358082 , 0.933877 , 0
0.338774 , 0.941051 , 0
0.319321 , 0.947826 , 0
0.299734 , 0.954199 , 0
0.280019 , 0.960168 , 0
0.260186 , 0.965729 , 0
0.240242 , 0.97088 , 0
0.220196 , 0.97562 , 0
0.200057 , 0.979945 , 0
0.179833 , 0.983855 , 0
0.159533 , 0.987348 , 0
0.139165 , 0.990422 , 0
0.118738 , 0.993076 , 0
0.0982609 , 0.995308 , 0
0.0777419 , 0.997119 , 0
0.0571899 , 0.998506 , 0
0.0366137 , 0.99947 , 0
0.0160219 , 1.00001 , 0
-0.00457665 , 1.00013 , 0
-0.0251733 , 0.999816 , 0
-0.0457592 , 0.999084 , 0
-0.0663257 , 0.997927 , 0
-0.0868641 , 0.996347 , 0
-0.107366 , 0.994344 , 0
-0.127822 , 0.99192 , 0
-0.148223 , 0.989075 , 0
-0.168562 , 0.98581 , 0
-0.18883 , 0.982127 , 0
-0.209017 , 0.978027 , 0
-0.229116 , 0.973513 , 0
-0.249117 , 0.968585 , 0
-0.269013 , 0.963246 , 0
-0.288794 , 0.957499 , 0
-0.308453 , 0.951346 , 0
-0.327982 , 0.944789 , 0
-0.347371 , 0.937831 , 0
-0.366612 , 0.930475 , 0
-0.385698 , 0.922725 , 0
-0.404621 , 0.914583 , 0
-0.423372 , 0.906053 , 0
-0.441943 , 0.897138 , 0
-0.460327 , 0.887843 , 0
-0.478515 , 0.878172 , 0
-0.4965 , 0.868127 , 0
-0.514275 , 0.857715 , 0
-0.531832 , 0.846938 , 0
-0.549163 , 0.835802 , 0
-0.56626 , 0.824312 , 0
-0.583118 , 0.812471 , 0
-0.599728 , 0.800286 , 0
-0.616084 , 0.787762 , 0
-0.632178 , 0.774903 , 0
-0.648004 , 0.761715 , 0
-0.663556 , 0.748205 , 0
-0.678825 , 0.734376 , 0
-0.693807 , 0.720236 , 0
-0.708494 , 0.705791 , 0
-0.72288 , 0.691046 , 0
-0.73696 , 0.676008 , 0
-0.750727 , 0.660683 , 0
-0.764176 , 0.645077 , 0
-0.7773 , 0.629198 , 0
-0.790095 , 0.613052 , 0
-0.802554 , 0.596646 , 0
-0.814672 , 0.579986 , 0
-0.826445 , 0.563081 , 0
-0.837868 , 0.545936 , 0
-0.848934 , 0.52856 , 0
-0.859641 , 0.51096 , 0
-0.869983 , 0.493143 , 0
-0.879955 , 0.475116 , 0
-0.889554 , 0.456888 , 0
-0.898776 , 0.438466 , 0
-0.907616 , 0.419858 , 0
-0.916071 , 0.401072 , 0
-0.924137 , 0.382115 , 0
-0.931812 , 0.362997 , 0
-0.93909 , 0.343724 , 0
-0.945971 , 0.324306 , 0
-0.952449 , 0.30475 , 0
-0.958524 , 0.285064 , 0
-0.964192 , 0.265258 , 0
-0.969451 , 0.245339 , 0
-0.974298 , 0.225316 , 0
-0.978732 , 0.205197 , 0
-0.98275 , 0.184991 , 0
-0.986352 , 0.164707 , 0
-0.989534 , 0.144353 , 0
-0.992297 , 0.123938 , 0
-0.994639 , 0.10347 , 0
-0.996559 , 0.0829576 , 0
-0.998056 , 0.0624104 , 0
-0.999129 , 0.0418368 , 0
-0.999778 , 0.0212454 , 0
-1 , 0.000645029 , 0
-0.999804 , -0.0199556 , 0
-0.99918 , -0.0405478 , 0
-0.998132 , -0.0611228 , 0
-0.996661 , -0.0816719 , 0
-0.994766 , -0.102186 , 0
-0.99245 , -0.122657 , 0
-0.989712 , -0.143076 , 0
-0.986555 , -0.163435 , 0
-0.982978 , -0.183723 , 0
-0.978985 , -0.203934 , 0
-0.974576 , -0.224059 , 0
-0.969753 , -0.244088 , 0
-0.964519 , -0.264014 , 0
-0.958875 , -0.283827 , 0
-0.952825 , -0.303521 , 0
-0.94637 , -0.323085 , 0
-0.939514 , -0.342512 , 0
-0.932259 , -0.361794 , 0
-0.924608 , -0.380923 , 0
-0.916565 , -0.399889 , 0
-0.908133 , -0.418686 , 0
-0.899315 , -0.437306 , 0
-0.890116 , -0.45574 , 0
-0.880539 , -0.47398 , 0
-0.870589 , -0.492019 , 0
-0.860269 , -0.50985 , 0
-0.849584 , -0.527464 , 0
-0.838538 , -0.544854 , 0
-0.827136 , -0.562013 , 0
-0.815384 , -0.578933 , 0
-0.803285 , -0.595608 , 0
-0.790846 , -0.61203 , 0
-0.778071 , -0.628192 , 0
-0.764965 , -0.644088 , 0
-0.751535 , -0.65971 , 0
-0.737787 , -0.675053 , 0
-0.723725 , -0.690109 , 0
-0.709356 , -0.704872 , 0
-0.694686 , -0.719336 , 0
-0.679721 , -0.733494 , 0
-0.664467 , -0.747342 , 0
-0.648932 , -0.760872 , 0
-0.633121 , -0.774079 , 0
-0.617042 , -0.786958 , 0
-0.600701 , -0.799503 , 0
-0.584105 , -0.811709 , 0
-0.567261 , -0.82357 , 0
-0.550176 , -0.835082 , 0
-0.532858 , -0.846239 , 0
-0.515314 , -0.857038 , 0
-0.497551 , -0.867472 , 0
-0.479577 , -0.877539 , 0
-0.461399 , -0.887233 , 0
-0.443026 , -0.896551 , 0
-0.424464 , -0.905488 , 0
-0.405723 , -0.914041 , 0
-0.386809 , -0.922206 , 0
-0.367731 , -0.92998 , 0
-0.348498 , -0.937359 , 0
-0.329116 , -0.94434 , 0
-0.309595 , -0.950921 , 0
-0.289942 , -0.957098 , 0
-0.270166 , -0.962869 , 0
-0.250276 , -0.968232 , 0
-0.230279 , -0.973184 , 0
-0.210185 , -0.977723 , 0
-0.190002 , -0.981847 , 0
-0.169738 , -0.985554 , 0
-0.149401 , -0.988843 , 0
-0.129002 , -0.991713 , 0
-0.108548 , -0.994161 , 0
-0.0880475 , -0.996189 , 0
-0.0675099 , -0.997793 , 0
-0.0469436 , -0.998974 , 0
-0.0263574 , -0.999731 , 0
-0.00576002 , -1.00006 , 0
0.0148398 , -0.999973 , 0
0.0354333 , -0.999457 , 0
0.0560118 , -0.998517 , 0
0.0765665 , -0.997154 , 0
0.0970888 , -0.995368 , 0
0.11757 , -0.993159 , 0
0.138001 , -0.990529 , 0
0.158374 , -0.987479 , 0
0.178679 , -0.98401 , 0
0.198909 , -0.980123 , 0
0.219054 , -0.975821 , 0
0.239106 , -0.971104 , 0
0.259057 , -0.965976 , 0
0.278898 , -0.960438 , 0
0.298621 , -0.954492 , 0
0.318217 , -0.948141 , 0
0.337678 , -0.941388 , 0
0.356995 , -0.934236 , 0
0.376162 , -0.926688 , 0
0.395168 , -0.918746 , 0
0.414007 , -0.910415 , 0
0.432671 , -0.901697 , 0
0.451151 , -0.892597 , 0
0.469439 , -0.883118 , 0
0.487528 , -0.873265 , 0
0.505411 , -0.863041 , 0
0.523079 , -0.852451 , 0
0.540525 , -0.841499 , 0
0.557742 , -0.830191 , 0
0.574723 , -0.81853 , 0
0.591459 , -0.806522 , 0
0.607945 , -0.794172 , 0
0.624173 , -0.781485 , 0
0.640136 , -0.768467 , 0
0.655827 , -0.755122 , 0
0.671241 , -0.741458 , 0
0.686369 , -0.727479 , 0
0.701207 , -0.713191 , 0
0.715747 , -0.698601 , 0
0.729983 , -0.683714 , 0
0.74391 , -0.668537 , 0
0.757521 , -0.653077 , 0
0.770811 , -0.63734 , 0
0.783774 , -0.621333 , 0
0.796405 , -0.605062 , 0
0.808698 , -0.588534 , 0
0.820648 , -0.571757 , 0
0.832249 , -0.554737 , 0
0.843498 , -0.537482 , 0
0.854389 , -0.519999 , 0
0.864918 , -0.502295 , 0
0.875079 , -0.484379 , 0
0.88487 , -0.466257 , 0
0.894285 , -0.447937 , 0
0.903321 , -0.429427 , 0
0.911974 , -0.410735 , 0
0.92024 , -0.391869 , 0
0.928116 , -0.372837 , 0
0.935598 , -0.353646 , 0
0.942684 , -0.334306 , 0
0.949369 , -0.314823 , 0
0.955652 , -0.295208 , 0
0.96153 , -0.275467 , 0
0.967 , -0.255609 , 0
0.97206 , -0.235643 , 0
0.976707 , -0.215577 , 0
0.98094 , -0.195419 , 0
0.984758 , -0.175179 , 0
0.988157 , -0.154864 , 0
0.991138 , -0.134484 , 0
0.993698 , -0.114046 , 0
0.995837 , -0.0935604 , 0
0.997553 , -0.073035 , 0
0.998847 , -0.0524785 , 0
0.999716 , -0.0318998 , 0
1.00016 , -0.0113076 , 0
1.00018 , 0.00928942 , 0
0.999781 , 0.0298825 , 0
0.998955 , 0.0504629 , 0
0.997705 , 0.0710219 , 0
0.996032 , 0.0915508 , 0
0.993936 , 0.112041 , 0
0.991419 , 0.132483 , 0
0.988481 , 0.15287 , 0
0.985124 , 0.173191 , 0
0.98135 , 0.193439 , 0
0.977159 , 0.213605 , 0
0.972554 , 0.233681 , 0
0.967536 , 0.253657 , 0
0.962109 , 0.273526 , 0
0.956273 , 0.293279 , 0
0.950031 , 0.312907 , 0
0.943387 , 0.332403 , 0
0.936343 , 0.351758 , 0
0.928901 , 0.370963 , 0
0.921066 , 0.390012 , 0
0.91284 , 0.408895 , 0
0.904227 , 0.427604 , 0
0.89523 , 0.446132 , 0
0.885854 , 0.464471 , 0
0.876102 , 0.482613 , 0
0.865979 , 0.500551 , 0
0.855488 , 0.518276 , 0
0.844635 , 0.535781 , 0
0.833423 , 0.553059 , 0
0.821858 , 0.570102 , 0
0.809945 , 0.586904 , 0
0.797688 , 0.603457 , 0
0.785092 , 0.619754 , 0
0.772164 , 0.635788 , 0
0.758908 , 0.651553 , 0
0.745331 , 0.667041 , 0
0.731437 , 0.682246 , 0
0.717233 , 0.697162 , 0
0.702725 , 0.711782 , 0
0.687919 , 0.726101 , 0
0.672821 , 0.740111 , 0
0.657438 , 0.753808 , 0
0.641776 , 0.767185 , 0
0.625842 , 0.780237 , 0
0.609643 , 0.792957 , 0
0.593185 , 0.805342 , 0
0.576475 , 0.817385 , 0
0.559521 , 0.829081 , 0
0.54233 , 0.840426 , 0
0.524908 , 0.851414 , 0
0.507264 , 0.862041 , 0
0.489405 , 0.872303 , 0
0.471339 , 0.882194 , 0
0.453072 , 0.891712 , 0
0.434613 , 0.900851 , 0
0.41597 , 0.909608 , 0
0.397151 , 0.917979 , 0
0.378163 , 0.925962 , 0
0.359015 , 0.933551 , 0
0.339714 , 0.940744 , 0
0.320269 , 0.947539 , 0
0.300689 , 0.953932 , 0
0.280981 , 0.95992 , 0
0.261154 , 0.965501 , 0
0.241216 , 0.970672 , 0
0.221176 , 0.975432 , 0
0.201042 , 0.979778 , 0
0.180822 , 0.983708 , 0
0.160526 , 0.987221 , 0
0.140162 , 0.990316 , 0
0.119739 , 0.99299 , 0
0.0992644 , 0.995244 , 0
0.078748 , 0.997075 , 0
0.0581982 , 0.998483 , 0
0.0376237 , 0.999468 , 0
0.0170332 , 1.00003 , 0
-0.00356448 , 1.00017 , 0
-0.0241607 , 0.999878 , 0
-0.0447466 , 0.999166 , 0
-0.0653135 , 0.998031 , 0
-0.0858528 , 0.996472 , 0
-0.106356 , 0.99449 , 0
-0.126813 , 0.992087 , 0
-0.147217 , 0.989263 , 0
-0.167559 , 0.986019 , 0
-0.187829 , 0.982357 , 0
-0.20802 , 0.978278 , 0
-0.228122 , 0.973785 , 0
-0.248128 , 0.968878 , 0
-0.268029 , 0.96356 , 0
-0.287815 , 0.957833 , 0
-0.30748 , 0.951701 , 0
-0.327014 , 0.945164 , 0
-0.34641 , 0.938227 , 0
-0.365658 , 0.930891 , 0
-0.384752 , 0.923161 , 0
-0.403682 , 0.915039 , 0
-0.422441 , 0.906529 , 0
-0.441021 , 0.897634 , 0
-0.459414 , 0.888358 , 0
-0.477611 , 0.878706 , 0
-0.495607 , 0.868681 , 0
-0.513391 , 0.858287 , 0
-0.530959 , 0.847529 , 0
-0.5483 , 0.836412 , 0
-0.56541 , 0.82494 , 0
-0.582279 , 0.813118 , 0
-0.598901 , 0.800951 , 0
-0.61527 , 0.788444 , 0
-0.631377 , 0.775602 , 0
-0.647216 , 0.762432 , 0
-0.662781 , 0.748938 , 0
-0.678065 , 0.735126 , 0
-0.693061 , 0.721002 , 0
-0.707763 , 0.706573 , 0
-0.722164 , 0.691844 , 0
-0.736259 , 0.676821 , 0
-0.750042 , 0.661511 , 0
-0.763507 , 0.64592 , 0
-0.776647 , 0.630056 , 0
-0.789459 , 0.613923 , 0
-0.801935 , 0.597531 , 0
-0.814071 , 0.580885 , 0
-0.825861 , 0.563993 , 0
-0.837301 , 0.546861 , 0
-0.848386 , 0.529497 , 0
-0.859111 , 0.511908 , 0
-0.869471 , 0.494103 , 0
-0.879463 , 0.476087 , 0
-0.889081 , 0.45787 , 0
-0.898322 , 0.439458 , 0
-0.907182 , 0.42086 , 0
-0.915657 , 0.402084 , 0
-0.923743 , 0.383136 , 0
-0.931438 , 0.364027 , 0
-0.938737 , 0.344762 , 0
-0.945638 , 0.325352 , 0
-0.952137 , 0.305803 , 0
-0.958233 , 0.286124 , 0
-0.963922 , 0.266325 , 0
-0.969202 , 0.246412 , 0
-0.97407 , 0.226394 , 0
-0.978526 , 0.206281 , 0
-0.982566 , 0.18608 , 0
-0.986189 , 0.1658 , 0
-0.989393 , 0.14545 , 0
-0.992178 , 0.125037 , 0
-0.994542 , 0.104572 , 0
-0.996484 , 0.0840628 , 0
-0.998003 , 0.0635177 , 0
-0.999098 , 0.0429455 , 0
-0.999769 , 0.0223552 , 0
-1.00002 , 0.00175536 , 0
-0.999839 , -0.0188452 , 0
-0.999238 , -0.0394378 , 0
-0.998212 , -0.0600137 , 0
-0.996763 , -0.080564 , 0
-0.994891 , -0.10108 , 0
-0.992596 , -0.121554 , 0
-0.989881 , -0.141975 , 0
-0.986745 , -0.162337 , 0
-0.983191 , -0.182629 , 0
-0.979219 , -0.202844 , 0
-0.974832 , -0.222973 , 0
-0.970031 , -0.243008 , 0
-0.964818 , -0.262939 , 0
-0.959196 , -0.282759 , 0
-0.953167 , -0.302458 , 0
-0.946733 , -0.32203 , 0
-0.939898 , -0.341464 , 0
-0.932664 , -0.360754 , 0
-0.925034 , -0.37989 , 0
-0.917011 , -0.398866 , 0
-0.908599 , -0.417672 , 0
-0.899802 , -0.436301 , 0
-0.890623 , -0.454745 , 0
-0.881065 , -0.472995 , 0
-0.871134 , -0.491045 , 0
-0.860834 , -0.508887 , 0
-0.850167 , -0.526513 , 0
-0.83914 , -0.543915 , 0
-0.827757 , -0.561086 , 0
-0.816023 , -0.578019 , 0
-0.803942 , -0.594707 , 0
-0.791521 , -0.611143 , 0
-0.778763 , -0.627319 , 0
-0.765675 , -0.643229 , 0
-0.752261 , -0.658866 , 0
-0.738529 , -0.674224 , 0
-0.724483 , -0.689295 , 0
-0.71013 , -0.704074 , 0
-0.695475 , -0.718554 , 0
-0.680525 , -0.732729 , 0
-0.665287 , -0.746593 , 0
-0.649766 , -0.76014 , 0
-0.633969 , -0.773364 , 0
-0.617903 , -0.786261 , 0
-0.601575 , -0.798824 , 0
-0.584992 , -0.811047 , 0
-0.568161 , -0.822927 , 0
-0.551088 , -0.834457 , 0
-0.533781 , -0.845633 , 0
-0.516248 , -0.856451 , 0
-0.498496 , -0.866905 , 0
-0.480533 , -0.876991 , 0
-0.462365 , -0.886704 , 0
-0.444001 , -0.896042 , 0
-0.425449 , -0.904999 , 0
-0.406716 , -0.913573 , 0
-0.387811 , -0.921758 , 0
-0.368741 , -0.929553 , 0
-0.349515 , -0.936952 , 0
-0.33014 , -0.943955 , 0
-0.310625 , -0.950557 , 0
-0.290978 , -0.956755 , 0
-0.271208 , -0.962547 , 0
-0.251323 , -0.967931 , 0
-0.231331 , -0.972904 , 0
-0.211241 , -0.977465 , 0
-0.191062 , -0.98161 , 0
-0.170801 , -0.985339 , 0
-0.150468 , -0.98865 , 0
-0.130071 , -0.991542 , 0
-0.109618 , -0.994012 , 0
-0.0891197 , -0.996061 , 0
-0.0685831 , -0.997687 , 0
-0.0480174 , -0.99889 , 0
-0.0274313 , -0.999669 , 0
-0.00683365 , -1.00002 , 0
0.0137669 , -0.999954 , 0
0.0343617 , -0.99946 , 0
0.0549419 , -0.998542 , 0
0.0754987 , -0.997201 , 0
0.0960236 , -0.995436 , 0
0.116508 , -0.993249 , 0
0.136942 , -0.99064 , 0
0.157319 , -0.987611 , 0
0.177629 , -0.984163 , 0
0.197863 , -0.980298 , 0
0.218014 , -0.976016 , 0
0.238071 , -0.971321 , 0
0.258028 , -0.966213 , 0
0.277876 , -0.960695 , 0
0.297605 , -0.95477 , 0
0.317209 , -0.94844 , 0
0.336678 , -0.941707 , 0
0.356003 , -0.934574 , 0
0.375178 , -0.927046 , 0
0.394194 , -0.919123 , 0
0.413042 , -0.910811 , 0
0.431715 , -0.902113 , 0
0.450205 , -0.893031 , 0
0.468504 , -0.883571 , 0
0.486605 , -0.873736 , 0
0.504499 , -0.86353 , 0
0.522178 , -0.852958 , 0
0.539637 , -0.842024 , 0
0.556866 , -0.830733 , 0
0.573859 , -0.81909 , 0
0.590608 , -0.807099 , 0
0.607108 , -0.794765 , 0
0.623349 , -0.782095 , 0
0.639326 , -0.769092 , 0
0.655032 , -0.755763 , 0
0.67046 , -0.742114 , 0
0.685603 , -0.72815 , 0
0.700456 , -0.713877 , 0
0.715011 , -0.699301 , 0
0.729264 , -0.684429 , 0
0.743207 , -0.669266 , 0
0.756834 , -0.653819 , 0
0.770141 , -0.638095 , 0
0.78312 , -0.6221 , 0
0.795768 , -0.605841 , 0
0.808078 , -0.589326 , 0
0.820046 , -0.57256 , 0
0.831665 , -0.555551 , 0
0.842932 , -0.538307 , 0
0.853841 , -0.520835 , 0
0.864388 , -0.503141 , 0
0.874568 , -0.485234 , 0
0.884377 , -0.467122 , 0
0.893811 , -0.448811 , 0
0.902866 , -0.43031 , 0
0.911539 , -0.411626 , 0
0.919824 , -0.392767 , 0
0.927719 , -0.373743 , 0
0.935221 , -0.354559 , 0
0.942326 , -0.335225 , 0
0.949032 , -0.315749 , 0
0.955334 , -0.296139 , 0
0.961232 , -0.276404 , 0
0.966722 , -0.256551 , 0
0.971802 , -0.236589 , 0
0.97647 , -0.216527 , 0
0.980724 , -0.196373 , 0
0.984561 , -0.176136 , 0
0.987981 , -0.155825 , 0
0.990982 , -0.135447 , 0
0.993563 , -0.115011 , 0
0.995722 , -0.0945272 , 0
0.99746 , -0.074003 , 0
0.998774 , -0.0534474 , 0
0.999664 , -0.0328692 , 0
