x , y , z
-0.00379862 , 0.00743993 , 2.30301e-005
-0.00382795 , 0.00743289 , 2.38391e-005
-0.00385729 , 0.00742586 , 2.46482e-005
-0.00388663 , 0.00741885 , 2.54572e-005
-0.00391597 , 0.00741185 , 2.62662e-005
-0.00394532 , 0.00740485 , 2.70752e-005
-0.00397467 , 0.00739786 , 2.78842e-005
-0.00400402 , 0.00739089 , 2.86932e-005
-0.00403339 , 0.00738392 , 2.95023e-005
-0.00406276 , 0.00737696 , 3.03113e-005
-0.00409213 , 0.00737001 , 3.11203e-005
-0.00412151 , 0.00736307 , 3.19293e-005
-0.0041509 , 0.00735613 , 3.27383e-005
-0.0041803 , 0.0073492 , 3.35473e-005
-0.00420971 , 0.00734227 , 3.43564e-005
-0.00423912 , 0.00733535 , 3.51654e-005
-0.00426854 , 0.00732844 , 3.59744e-005
-0.00429797 , 0.00732153 , 3.67834e-005
-0.00432741 , 0.00731462 , 3.75924e-005
-0.00435686 , 0.00730772 , 3.84014e-005
-0.00438632 , 0.00730082 , 3.92104e-005
-0.00441578 , 0.00729392 , 4.00195e-005
-0.00444526 , 0.00728703 , 4.08285e-005
-0.00447474 , 0.00728013 , 4.16375e-005
-0.00450424 , 0.00727324 , 4.24465e-005
-0.00453374 , 0.00726635 , 4.32555e-005
-0.00456325 , 0.00725945 , 4.40645e-005
-0.00459277 , 0.00725256 , 4.48736e-005
-0.0046223 , 0.00724566 , 4.56826e-005
-0.00465184 , 0.00723877 , 4.64916e-005
-0.00468139 , 0.00723187 , 4.73006e-005
-0.00471095 , 0.00722496 , 4.81096e-005
-0.00474051 , 0.00721806 , 4.89186e-005
-0.00477008 , 0.00721115 , 4.97277e-005
-0.00479966 , 0.00720424 , 5.05367e-005
-0.00482925 , 0.00719732 , 5.13457e-005
-0.00485885 , 0.0071904 , 5.21547e-005
-0.00488845 , 0.00718348 , 5.29637e-005
-0.00491806 , 0.00717655 , 5.37727e-005
-0.00494767 , 0.00716961 , 5.45818e-005
-0.0049773 , 0.00716267 , 5.53908e-005
-0.00500692 , 0.00715572 , 5.61998e-005
-0.00503656 , 0.00714876 , 5.70088e-005
-0.00506619 , 0.0071418 , 5.78178e-005
-0.00509584 , 0.00713483 , 5.86269e-005
-0.00512548 , 0.00712786 , 5.94359e-005
-0.00515514 , 0.00712088 , 6.02449e-005
-0.00518479 , 0.00711389 , 6.10539e-005
-0.00521445 , 0.00710689 , 6.1863e-005
-0.00524411 , 0.00709988 , 6.2672e-005
-0.00527378 , 0.00709287 , 6.3481e-005
-0.00530344 , 0.00708585 , 6.429e-005
-0.00533311 , 0.00707882 , 6.50991e-005
-0.00536278 , 0.00707178 , 6.59081e-005
-0.00539246 , 0.00706474 , 6.67171e-005
-0.00542213 , 0.00705768 , 6.75261e-005
-0.0054518 , 0.00705062 , 6.83352e-005
-0.00548148 , 0.00704355 , 6.91442e-005
-0.00551115 , 0.00703647 , 6.99532e-005
-0.00554082 , 0.00702938 , 7.07622e-005
-0.00557049 , 0.00702228 , 7.15713e-005
-0.00560016 , 0.00701517 , 7.23803e-005
-0.00562983 , 0.00700805 , 7.31893e-005
-0.0056595 , 0.00700093 , 7.39983e-005
-0.00568916 , 0.00699379 , 7.48074e-005
-0.00571882 , 0.00698665 , 7.56164e-005
-0.00574847 , 0.00697949 , 7.64254e-005
-0.00577812 , 0.00697233 , 7.72345e-005
-0.00580776 , 0.00696515 , 7.80435e-005
-0.0058374 , 0.00695797 , 7.88525e-005
-0.00586703 , 0.00695078 , 7.96616e-005
-0.00589665 , 0.00694358 , 8.04706e-005
-0.00592627 , 0.00693637 , 8.12796e-005
-0.00595587 , 0.00692915 , 8.20887e-005
-0.00598546 , 0.00692193 , 8.28977e-005
-0.00601504 , 0.00691469 , 8.37067e-005
-0.00604461 , 0.00690746 , 8.45158e-005
-0.00607417 , 0.00690021 , 8.53248e-005
-0.00610371 , 0.00689296 , 8.61338e-005
-0.00613324 , 0.00688571 , 8.69428e-005
-0.00616275 , 0.00687846 , 8.77519e-005
-0.00619225 , 0.00687121 , 8.85609e-005
-0.00622173 , 0.00686396 , 8.93699e-005
-0.0062512 , 0.00685671 , 9.0179e-005
-0.00628065 , 0.00684946 , 9.0988e-005
-0.00631009 , 0.00684222 , 9.1797e-005
-0.00633951 , 0.00683499 , 9.26061e-005
-0.00636893 , 0.00682776 , 9.34151e-005
-0.00639833 , 0.00682054 , 9.42241e-005
-0.00642772 , 0.00681333 , 9.50331e-005
-0.00645709 , 0.00680613 , 9.58422e-005
-0.00648646 , 0.00679895 , 9.66512e-005
-0.00651582 , 0.00679177 , 9.74602e-005
-0.00654518 , 0.0067846 , 9.82693e-005
-0.00657453 , 0.00677745 , 9.90783e-005
-0.00660387 , 0.00677031 , 9.98873e-005
-0.00663321 , 0.00676318 , 0.000100696
-0.00666254 , 0.00675606 , 0.000101505
-0.00669188 , 0.00674895 , 0.000102314
-0.00672121 , 0.00674186 , 0.000103123
-0.00675054 , 0.00673477 , 0.000103932
-0.00677987 , 0.0067277 , 0.000104741
-0.0068092 , 0.00672064 , 0.00010555
-0.00683853 , 0.00671359 , 0.000106359
-0.00686786 , 0.00670656 , 0.000107168
-0.0068972 , 0.00669953 , 0.000107978
-0.00692654 , 0.00669251 , 0.000108787
-0.00695588 , 0.0066855 , 0.000109596
-0.00698523 , 0.00667851 , 0.000110405
-0.00701458 , 0.00667152 , 0.000111214
-0.00704393 , 0.00666454 , 0.000112023
-0.00707329 , 0.00665757 , 0.000112832
-0.00710266 , 0.00665061 , 0.000113641
-0.00713203 , 0.00664366 , 0.00011445
-0.00716141 , 0.00663671 , 0.000115259
-0.0071908 , 0.00662977 , 0.000116068
-0.0072202 , 0.00662284 , 0.000116877
-0.0072496 , 0.00661591 , 0.000117686
-0.00727901 , 0.00660899 , 0.000118495
-0.00730843 , 0.00660208 , 0.000119304
-0.00733785 , 0.00659517 , 0.000120113
-0.00736729 , 0.00658826 , 0.000120922
-0.00739673 , 0.00658136 , 0.000121731
-0.00742619 , 0.00657446 , 0.00012254
-0.00745565 , 0.00656756 , 0.000123349
-0.00748512 , 0.00656066 , 0.000124158
-0.0075146 , 0.00655377 , 0.000124967
-0.00754409 , 0.00654688 , 0.000125776
-0.00757359 , 0.00653999 , 0.000126585
-0.0076031 , 0.0065331 , 0.000127394
-0.00763262 , 0.00652621 , 0.000128203
-0.00766214 , 0.00651931 , 0.000129012
-0.00769168 , 0.00651242 , 0.000129821
-0.00772122 , 0.00650552 , 0.00013063
-0.00775078 , 0.00649863 , 0.000131439
-0.00778034 , 0.00649172 , 0.000132248
-0.00780991 , 0.00648482 , 0.000133057
-0.00783949 , 0.00647791 , 0.000133866
-0.00786907 , 0.006471 , 0.000134675
-0.00789867 , 0.00646409 , 0.000135484
-0.00792827 , 0.00645717 , 0.000136293
-0.00795788 , 0.00645024 , 0.000137102
-0.00798749 , 0.00644331 , 0.000137911
-0.00801711 , 0.00643637 , 0.00013872
-0.00804674 , 0.00642943 , 0.000139529
-0.00807638 , 0.00642248 , 0.000140338
-0.00810602 , 0.00641552 , 0.000141147
-0.00813566 , 0.00640856 , 0.000141956
-0.00816531 , 0.00640159 , 0.000142765
-0.00819496 , 0.00639461 , 0.000143574
-0.00822462 , 0.00638763 , 0.000144383
-0.00825429 , 0.00638064 , 0.000145192
-0.00828395 , 0.00637363 , 0.000146001
-0.00831362 , 0.00636663 , 0.00014681
-0.00834329 , 0.00635961 , 0.000147619
-0.00837297 , 0.00635258 , 0.000148428
-0.00840264 , 0.00634555 , 0.000149237
-0.00843232 , 0.0063385 , 0.000150046
-0.008462 , 0.00633145 , 0.000150855
-0.00849168 , 0.00632439 , 0.000151665
-0.00852136 , 0.00631732 , 0.000152474
-0.00855104 , 0.00631024 , 0.000153283
-0.00858072 , 0.00630315 , 0.000154092
-0.00861039 , 0.00629605 , 0.000154901
-0.00864007 , 0.00628894 , 0.00015571
-0.00866975 , 0.00628182 , 0.000156519
-0.00869942 , 0.00627469 , 0.000157328
-0.00872909 , 0.00626756 , 0.000158137
-0.00875875 , 0.00626041 , 0.000158946
-0.00878841 , 0.00625325 , 0.000159755
-0.00881806 , 0.00624608 , 0.000160564
-0.00884771 , 0.0062389 , 0.000161373
-0.00887735 , 0.00623171 , 0.000162182
-0.00890699 , 0.00622451 , 0.000162991
-0.00893661 , 0.0062173 , 0.0001638
-0.00896622 , 0.00621009 , 0.000164609
-0.00899583 , 0.00620286 , 0.000165418
-0.00902542 , 0.00619563 , 0.000166227
-0.009055 , 0.00618839 , 0.000167036
-0.00908457 , 0.00618115 , 0.000167845
-0.00911412 , 0.0061739 , 0.000168654
-0.00914366 , 0.00616664 , 0.000169463
-0.00917318 , 0.00615939 , 0.000170272
-0.00920269 , 0.00615213 , 0.000171081
-0.00923218 , 0.00614488 , 0.00017189
-0.00926166 , 0.00613762 , 0.000172699
-0.00929112 , 0.00613037 , 0.000173508
-0.00932057 , 0.00612313 , 0.000174317
-0.00935 , 0.00611589 , 0.000175126
-0.00937942 , 0.00610866 , 0.000175935
-0.00940883 , 0.00610143 , 0.000176744
-0.00943823 , 0.00609421 , 0.000177553
-0.00946762 , 0.00608701 , 0.000178363
-0.00949699 , 0.00607981 , 0.000179172
-0.00952636 , 0.00607263 , 0.000179981
-0.00955572 , 0.00606545 , 0.00018079
-0.00958508 , 0.00605829 , 0.000181599
-0.00961443 , 0.00605114 , 0.000182408
-0.00964377 , 0.00604399 , 0.000183217
-0.00967311 , 0.00603687 , 0.000184026
-0.00970245 , 0.00602975 , 0.000184835
-0.00973178 , 0.00602264 , 0.000185644
-0.00976112 , 0.00601555 , 0.000186453
-0.00979045 , 0.00600846 , 0.000187262
-0.00981978 , 0.00600139 , 0.000188071
-0.00984911 , 0.00599433 , 0.00018888
-0.00987845 , 0.00598728 , 0.000189689
-0.00990778 , 0.00598024 , 0.000190498
-0.00993712 , 0.00597321 , 0.000191307
-0.00996646 , 0.00596619 , 0.000192116
-0.0099958 , 0.00595918 , 0.000192925
-0.0100251 , 0.00595218 , 0.000193734
-0.0100545 , 0.00594519 , 0.000194543
-0.0100839 , 0.00593821 , 0.000195352
-0.0101132 , 0.00593123 , 0.000196161
-0.0101426 , 0.00592427 , 0.00019697
-0.0101719 , 0.00591731 , 0.000197779
-0.0102013 , 0.00591036 , 0.000198588
-0.0102307 , 0.00590342 , 0.000199397
-0.0102601 , 0.00589649 , 0.000200206
-0.0102895 , 0.00588956 , 0.000201015
-0.0103189 , 0.00588264 , 0.000201824
-0.0103483 , 0.00587572 , 0.000202633
-0.0103777 , 0.00586881 , 0.000203442
-0.0104072 , 0.0058619 , 0.000204251
-0.0104366 , 0.00585499 , 0.00020506
-0.0104661 , 0.00584809 , 0.000205869
-0.0104955 , 0.0058412 , 0.000206678
-0.010525 , 0.0058343 , 0.000207487
-0.0105545 , 0.00582741 , 0.000208296
-0.010584 , 0.00582052 , 0.000209105
-0.0106135 , 0.00581363 , 0.000209914
-0.010643 , 0.00580674 , 0.000210723
-0.0106725 , 0.00579985 , 0.000211532
-0.010702 , 0.00579296 , 0.000212341
-0.0107315 , 0.00578607 , 0.00021315
-0.0107611 , 0.00577918 , 0.000213959
-0.0107906 , 0.00577228 , 0.000214768
-0.0108202 , 0.00576538 , 0.000215577
-0.0108497 , 0.00575848 , 0.000216386
-0.0108793 , 0.00575158 , 0.000217195
-0.0109089 , 0.00574467 , 0.000218004
-0.0109385 , 0.00573776 , 0.000218813
-0.0109681 , 0.00573085 , 0.000219622
-0.0109977 , 0.00572392 , 0.000220431
-0.0110273 , 0.005717 , 0.00022124
-0.0110569 , 0.00571007 , 0.000222049
-0.0110866 , 0.00570313 , 0.000222859
-0.0111162 , 0.00569618 , 0.000223668
-0.0111458 , 0.00568923 , 0.000224477
-0.0111755 , 0.00568228 , 0.000225286
-0.0112051 , 0.00567531 , 0.000226095
-0.0112348 , 0.00566834 , 0.000226904
-0.0112645 , 0.00566136 , 0.000227713
-0.0112941 , 0.00565437 , 0.000228522
-0.0113238 , 0.00564737 , 0.000229331
-0.0113535 , 0.00564037 , 0.00023014
-0.0113831 , 0.00563335 , 0.000230949
-0.0114128 , 0.00562633 , 0.000231758
-0.0114425 , 0.0056193 , 0.000232567
-0.0114722 , 0.00561226 , 0.000233376
-0.0115019 , 0.00560521 , 0.000234185
-0.0115316 , 0.00559815 , 0.000234994
-0.0115612 , 0.00559108 , 0.000235803
-0.0115909 , 0.005584 , 0.000236612
-0.0116206 , 0.00557691 , 0.000237421
-0.0116503 , 0.00556981 , 0.00023823
-0.01168 , 0.0055627 , 0.000239039
-0.0117097 , 0.00555558 , 0.000239848
-0.0117393 , 0.00554845 , 0.000240657
-0.011769 , 0.0055413 , 0.000241466
-0.0117987 , 0.00553415 , 0.000242275
-0.0118283 , 0.00552699 , 0.000243084
-0.011858 , 0.00551981 , 0.000243893
-0.0118876 , 0.00551263 , 0.000244702
-0.0119173 , 0.00550544 , 0.000245511
-0.0119469 , 0.00549823 , 0.00024632
-0.0119766 , 0.00549102 , 0.000247129
-0.0120062 , 0.0054838 , 0.000247938
-0.0120358 , 0.00547657 , 0.000248747
-0.0120654 , 0.00546933 , 0.000249556
-0.0120949 , 0.00546208 , 0.000250365
-0.0121245 , 0.00545483 , 0.000251174
-0.012154 , 0.00544758 , 0.000251983
-0.0121836 , 0.00544032 , 0.000252793
-0.0122131 , 0.00543306 , 0.000253602
-0.0122426 , 0.00542581 , 0.000254411
-0.0122721 , 0.00541855 , 0.00025522
-0.0123016 , 0.0054113 , 0.000256029
-0.012331 , 0.00540405 , 0.000256838
-0.0123605 , 0.0053968 , 0.000257647
-0.0123899 , 0.00538957 , 0.000258456
-0.0124193 , 0.00538234 , 0.000259265
-0.0124487 , 0.00537512 , 0.000260074
-0.0124781 , 0.0053679 , 0.000260883
-0.0125075 , 0.0053607 , 0.000261692
-0.0125369 , 0.00535351 , 0.000262501
-0.0125662 , 0.00534632 , 0.00026331
-0.0125956 , 0.00533915 , 0.000264119
-0.012625 , 0.00533199 , 0.000264928
-0.0126543 , 0.00532484 , 0.000265737
-0.0126837 , 0.0053177 , 0.000266546
-0.012713 , 0.00531057 , 0.000267355
-0.0127423 , 0.00530345 , 0.000268164
-0.0127717 , 0.00529635 , 0.000268973
-0.012801 , 0.00528925 , 0.000269782
-0.0128304 , 0.00528217 , 0.000270591
-0.0128597 , 0.00527509 , 0.0002714
-0.012889 , 0.00526803 , 0.000272209
-0.0129184 , 0.00526098 , 0.000273018
-0.0129477 , 0.00525394 , 0.000273827
-0.012977 , 0.0052469 , 0.000274636
-0.0130064 , 0.00523988 , 0.000275445
-0.0130357 , 0.00523287 , 0.000276254
-0.0130651 , 0.00522587 , 0.000277063
-0.0130944 , 0.00521887 , 0.000277872
-0.0131238 , 0.00521189 , 0.000278681
-0.0131531 , 0.00520491 , 0.00027949
-0.0131825 , 0.00519794 , 0.000280299
-0.0132119 , 0.00519098 , 0.000281108
-0.0132412 , 0.00518403 , 0.000281917
-0.0132706 , 0.00517708 , 0.000282726
-0.0133 , 0.00517015 , 0.000283535
-0.0133294 , 0.00516321 , 0.000284344
-0.0133588 , 0.00515629 , 0.000285153
-0.0133882 , 0.00514937 , 0.000285962
-0.0134177 , 0.00514245 , 0.000286771
-0.0134471 , 0.00513554 , 0.00028758
-0.0134765 , 0.00512864 , 0.00028839
-0.013506 , 0.00512174 , 0.000289199
-0.0135354 , 0.00511484 , 0.000290008
-0.0135649 , 0.00510794 , 0.000290817
-0.0135944 , 0.00510105 , 0.000291626
-0.0136238 , 0.00509416 , 0.000292435
-0.0136533 , 0.00508727 , 0.000293244
-0.0136828 , 0.00508038 , 0.000294053
-0.0137123 , 0.00507349 , 0.000294862
-0.0137419 , 0.0050666 , 0.000295671
-0.0137714 , 0.00505971 , 0.00029648
-0.0138009 , 0.00505282 , 0.000297289
-0.0138305 , 0.00504593 , 0.000298098
-0.01386 , 0.00503904 , 0.000298907
-0.0138896 , 0.00503214 , 0.000299716
-0.0139192 , 0.00502524 , 0.000300525
-0.0139487 , 0.00501834 , 0.000301334
-0.0139783 , 0.00501143 , 0.000302143
-0.0140079 , 0.00500452 , 0.000302952
-0.0140375 , 0.0049976 , 0.000303761
-0.0140672 , 0.00499068 , 0.00030457
-0.0140968 , 0.00498375 , 0.000305379
-0.0141264 , 0.00497682 , 0.000306188
-0.014156 , 0.00496988 , 0.000306997
-0.0141857 , 0.00496293 , 0.000307806
-0.0142153 , 0.00495598 , 0.000308615
-0.014245 , 0.00494902 , 0.000309424
-0.0142746 , 0.00494205 , 0.000310233
-0.0143043 , 0.00493507 , 0.000311042
-0.014334 , 0.00492809 , 0.000311851
-0.0143636 , 0.0049211 , 0.00031266
-0.0143933 , 0.00491409 , 0.000313469
-0.014423 , 0.00490708 , 0.000314278
-0.0144527 , 0.00490006 , 0.000315087
-0.0144824 , 0.00489304 , 0.000315896
-0.0145121 , 0.004886 , 0.000316705
-0.0145417 , 0.00487895 , 0.000317514
-0.0145714 , 0.00487189 , 0.000318323
-0.0146011 , 0.00486482 , 0.000319132
-0.0146308 , 0.00485774 , 0.000319941
-0.0146605 , 0.00485065 , 0.00032075
-0.0146902 , 0.00484355 , 0.000321559
-0.0147199 , 0.00483644 , 0.000322368
-0.0147496 , 0.00482932 , 0.000323177
-0.0147792 , 0.00482218 , 0.000323986
-0.0148089 , 0.00481504 , 0.000324795
-0.0148386 , 0.00480788 , 0.000325604
-0.0148683 , 0.00480071 , 0.000326413
-0.0148979 , 0.00479354 , 0.000327223
-0.0149276 , 0.00478635 , 0.000328032
-0.0149572 , 0.00477915 , 0.000328841
-0.0149869 , 0.00477194 , 0.00032965
-0.0150165 , 0.00476472 , 0.000330459
-0.0150461 , 0.00475749 , 0.000331268
-0.0150757 , 0.00475026 , 0.000332077
-0.0151053 , 0.00474301 , 0.000332886
-0.0151349 , 0.00473577 , 0.000333695
-0.0151644 , 0.00472851 , 0.000334504
-0.015194 , 0.00472126 , 0.000335313
-0.0152235 , 0.004714 , 0.000336122
-0.015253 , 0.00470674 , 0.000336931
-0.0152825 , 0.00469948 , 0.00033774
-0.015312 , 0.00469223 , 0.000338549
-0.0153414 , 0.00468498 , 0.000339358
-0.0153709 , 0.00467773 , 0.000340167
-0.0154003 , 0.00467049 , 0.000340976
-0.0154298 , 0.00466326 , 0.000341785
-0.0154592 , 0.00465603 , 0.000342594
-0.0154886 , 0.00464881 , 0.000343403
-0.015518 , 0.0046416 , 0.000344212
-0.0155474 , 0.0046344 , 0.000345021
-0.0155768 , 0.00462721 , 0.00034583
-0.0156061 , 0.00462003 , 0.000346639
-0.0156355 , 0.00461287 , 0.000347448
-0.0156649 , 0.00460571 , 0.000348257
-0.0156942 , 0.00459856 , 0.000349066
-0.0157236 , 0.00459142 , 0.000349875
-0.0157529 , 0.00458429 , 0.000350684
-0.0157822 , 0.00457718 , 0.000351493
-0.0158116 , 0.00457007 , 0.000352302
-0.0158409 , 0.00456297 , 0.000353111
-0.0158703 , 0.00455589 , 0.00035392
-0.0158996 , 0.00454881 , 0.00035473
-0.0159289 , 0.00454175 , 0.000355539
-0.0159583 , 0.00453469 , 0.000356348
-0.0159876 , 0.00452765 , 0.000357157
-0.016017 , 0.00452061 , 0.000357966
-0.0160463 , 0.00451359 , 0.000358775
-0.0160757 , 0.00450657 , 0.000359584
-0.016105 , 0.00449957 , 0.000360393
-0.0161344 , 0.00449257 , 0.000361202
-0.0161637 , 0.00448558 , 0.000362011
-0.0161931 , 0.0044786 , 0.00036282
-0.0162224 , 0.00447163 , 0.000363629
-0.0162518 , 0.00446466 , 0.000364438
-0.0162812 , 0.00445771 , 0.000365247
-0.0163106 , 0.00445076 , 0.000366056
-0.01634 , 0.00444381 , 0.000366865
-0.0163693 , 0.00443688 , 0.000367674
-0.0163988 , 0.00442995 , 0.000368483
-0.0164282 , 0.00442303 , 0.000369292
-0.0164576 , 0.00441611 , 0.000370101
-0.016487 , 0.0044092 , 0.00037091
-0.0165164 , 0.00440229 , 0.000371719
-0.0165459 , 0.00439539 , 0.000372528
-0.0165753 , 0.00438849 , 0.000373337
-0.0166048 , 0.00438159 , 0.000374146
-0.0166343 , 0.00437469 , 0.000374955
-0.0166637 , 0.0043678 , 0.000375764
-0.0166932 , 0.00436091 , 0.000376573
-0.0167227 , 0.00435402 , 0.000377382
-0.0167522 , 0.00434713 , 0.000378191
-0.0167817 , 0.00434025 , 0.000379
-0.0168113 , 0.00433336 , 0.000379809
-0.0168408 , 0.00432647 , 0.000380618
-0.0168703 , 0.00431958 , 0.000381427
-0.0168999 , 0.00431269 , 0.000382236
-0.0169295 , 0.00430579 , 0.000383045
-0.016959 , 0.00429889 , 0.000383854
-0.0169886 , 0.00429199 , 0.000384663
-0.0170182 , 0.00428509 , 0.000385472
-0.0170478 , 0.00427818 , 0.000386281
-0.0170774 , 0.00427127 , 0.00038709
-0.017107 , 0.00426435 , 0.000387899
-0.0171366 , 0.00425743 , 0.000388708
-0.0171662 , 0.0042505 , 0.000389517
-0.0171959 , 0.00424356 , 0.000390326
-0.0172255 , 0.00423662 , 0.000391135
-0.0172552 , 0.00422967 , 0.000391944
-0.0172848 , 0.00422271 , 0.000392753
-0.0173145 , 0.00421575 , 0.000393562
-0.0173441 , 0.00420878 , 0.000394371
-0.0173738 , 0.0042018 , 0.00039518
-0.0174035 , 0.00419481 , 0.000395989
-0.0174332 , 0.00418781 , 0.000396798
-0.0174629 , 0.0041808 , 0.000397607
-0.0174925 , 0.00417378 , 0.000398416
-0.0175222 , 0.00416676 , 0.000399225
-0.0175519 , 0.00415972 , 0.000400035
-0.0175816 , 0.00415267 , 0.000400844
-0.0176113 , 0.00414562 , 0.000401653
-0.017641 , 0.00413855 , 0.000402462
-0.0176707 , 0.00413147 , 0.000403271
-0.0177004 , 0.00412438 , 0.00040408
-0.0177301 , 0.00411728 , 0.000404889
-0.0177598 , 0.00411016 , 0.000405698
-0.0177895 , 0.00410304 , 0.000406507
-0.0178191 , 0.0040959 , 0.000407316
-0.0178488 , 0.00408875 , 0.000408125
-0.0178785 , 0.00408159 , 0.000408934
-0.0179082 , 0.00407442 , 0.000409743
-0.0179378 , 0.00406724 , 0.000410552
-0.0179675 , 0.00406005 , 0.000411361
-0.0179971 , 0.00405284 , 0.00041217
-0.0180268 , 0.00404563 , 0.000412979
-0.0180564 , 0.00403841 , 0.000413788
-0.018086 , 0.00403118 , 0.000414597
-0.0181156 , 0.00402394 , 0.000415406
-0.0181452 , 0.00401669 , 0.000416215
-0.0181747 , 0.00400944 , 0.000417024
-0.0182043 , 0.00400219 , 0.000417833
-0.0182338 , 0.00399493 , 0.000418642
-0.0182634 , 0.00398767 , 0.000419451
-0.0182929 , 0.00398042 , 0.00042026
-0.0183224 , 0.00397316 , 0.000421069
-0.0183518 , 0.00396591 , 0.000421878
-0.0183813 , 0.00395866 , 0.000422687
-0.0184108 , 0.00395142 , 0.000423496
-0.0184402 , 0.00394418 , 0.000424305
-0.0184696 , 0.00393696 , 0.000425114
-0.018499 , 0.00392973 , 0.000425923
-0.0185285 , 0.00392252 , 0.000426733
-0.0185578 , 0.00391532 , 0.000427542
-0.0185872 , 0.00390812 , 0.000428351
-0.0186166 , 0.00390094 , 0.00042916
-0.018646 , 0.00389376 , 0.000429969
-0.0186754 , 0.0038866 , 0.000430778
-0.0187047 , 0.00387944 , 0.000431587
-0.0187341 , 0.00387229 , 0.000432396
-0.0187634 , 0.00386516 , 0.000433205
-0.0187928 , 0.00385803 , 0.000434014
-0.0188221 , 0.00385091 , 0.000434823
-0.0188515 , 0.00384381 , 0.000435632
-0.0188808 , 0.00383671 , 0.000436441
-0.0189102 , 0.00382962 , 0.00043725
-0.0189395 , 0.00382255 , 0.000438059
-0.0189689 , 0.00381548 , 0.000438868
-0.0189982 , 0.00380842 , 0.000439677
-0.0190275 , 0.00380138 , 0.000440486
-0.0190569 , 0.00379434 , 0.000441295
-0.0190862 , 0.00378731 , 0.000442104
-0.0191156 , 0.00378029 , 0.000442913
-0.0191449 , 0.00377328 , 0.000443722
-0.0191743 , 0.00376628 , 0.000444531
-0.0192036 , 0.00375928 , 0.00044534
-0.019233 , 0.0037523 , 0.000446149
-0.0192624 , 0.00374532 , 0.000446958
-0.0192917 , 0.00373835 , 0.000447767
-0.0193211 , 0.00373139 , 0.000448576
-0.0193505 , 0.00372444 , 0.000449385
-0.0193799 , 0.00371749 , 0.000450194
-0.0194093 , 0.00371055 , 0.000451003
-0.0194387 , 0.00370362 , 0.000451812
-0.0194681 , 0.00369669 , 0.000452621
-0.0194975 , 0.00368977 , 0.00045343
-0.0195269 , 0.00368286 , 0.000454239
-0.0195564 , 0.00367595 , 0.000455048
-0.0195858 , 0.00366904 , 0.000455857
-0.0196153 , 0.00366214 , 0.000456666
-0.0196447 , 0.00365524 , 0.000457475
-0.0196742 , 0.00364834 , 0.000458284
-0.0197036 , 0.00364145 , 0.000459093
-0.0197331 , 0.00363456 , 0.000459902
-0.0197626 , 0.00362767 , 0.000460711
-0.0197921 , 0.00362078 , 0.00046152
-0.0198216 , 0.00361389 , 0.000462329
-0.0198512 , 0.003607 , 0.000463138
-0.0198807 , 0.00360011 , 0.000463947
-0.0199102 , 0.00359322 , 0.000464756
-0.0199398 , 0.00358633 , 0.000465565
-0.0199693 , 0.00357944 , 0.000466374
-0.0199989 , 0.00357254 , 0.000467183
-0.0200285 , 0.00356565 , 0.000467992
-0.0200581 , 0.00355874 , 0.000468801
-0.0200877 , 0.00355184 , 0.000469611
-0.0201173 , 0.00354493 , 0.00047042
-0.0201469 , 0.00353801 , 0.000471229
-0.0201765 , 0.00353109 , 0.000472038
-0.0202061 , 0.00352417 , 0.000472847
-0.0202357 , 0.00351723 , 0.000473656
-0.0202654 , 0.00351029 , 0.000474465
-0.020295 , 0.00350335 , 0.000475274
-0.0203247 , 0.0034964 , 0.000476083
-0.0203543 , 0.00348944 , 0.000476892
-0.020384 , 0.00348247 , 0.000477701
-0.0204137 , 0.00347549 , 0.00047851
-0.0204434 , 0.0034685 , 0.000479319
-0.020473 , 0.00346151 , 0.000480128
-0.0205027 , 0.0034545 , 0.000480937
-0.0205324 , 0.00344749 , 0.000481746
-0.0205621 , 0.00344046 , 0.000482555
-0.0205918 , 0.00343343 , 0.000483364
-0.0206215 , 0.00342638 , 0.000484173
-0.0206512 , 0.00341933 , 0.000484982
-0.0206809 , 0.00341226 , 0.000485791
-0.0207106 , 0.00340518 , 0.0004866
-0.0207403 , 0.00339809 , 0.000487409
-0.02077 , 0.00339098 , 0.000488218
-0.0207997 , 0.00338387 , 0.000489027
-0.0208294 , 0.00337674 , 0.000489836
-0.020859 , 0.0033696 , 0.000490645
-0.0208887 , 0.00336245 , 0.000491454
-0.0209184 , 0.00335529 , 0.000492263
-0.0209481 , 0.00334812 , 0.000493072
-0.0209777 , 0.00334093 , 0.000493881
-0.0210074 , 0.00333373 , 0.00049469
-0.021037 , 0.00332653 , 0.000495499
-0.0210667 , 0.00331931 , 0.000496308
-0.0210963 , 0.00331208 , 0.000497117
-0.0211259 , 0.00330485 , 0.000497926
-0.0211555 , 0.00329761 , 0.000498735
-0.0211851 , 0.00329036 , 0.000499544
-0.0212146 , 0.00328311 , 0.000500354
-0.0212442 , 0.00327586 , 0.000501163
-0.0212737 , 0.0032686 , 0.000501972
-0.0213032 , 0.00326135 , 0.000502781
-0.0213327 , 0.0032541 , 0.00050359
-0.0213622 , 0.00324684 , 0.000504399
-0.0213917 , 0.0032396 , 0.000505208
-0.0214212 , 0.00323236 , 0.000506017
-0.0214506 , 0.00322512 , 0.000506826
-0.02148 , 0.00321789 , 0.000507635
-0.0215095 , 0.00321067 , 0.000508444
-0.0215389 , 0.00320345 , 0.000509253
-0.0215683 , 0.00319624 , 0.000510062
-0.0215977 , 0.00318904 , 0.000510871
-0.0216271 , 0.00318185 , 0.00051168
-0.0216565 , 0.00317467 , 0.000512489
-0.0216859 , 0.0031675 , 0.000513298
-0.0217152 , 0.00316034 , 0.000514107
-0.0217446 , 0.00315319 , 0.000514916
-0.021774 , 0.00314604 , 0.000515725
-0.0218033 , 0.00313891 , 0.000516534
-0.0218327 , 0.00313178 , 0.000517343
-0.021862 , 0.00312467 , 0.000518152
-0.0218914 , 0.00311756 , 0.000518961
-0.0219207 , 0.00311046 , 0.00051977
-0.0219501 , 0.00310337 , 0.000520579
-0.0219794 , 0.0030963 , 0.000521388
-0.0220088 , 0.00308923 , 0.000522197
-0.0220381 , 0.00308217 , 0.000523006
-0.0220675 , 0.00307512 , 0.000523815
-0.0220968 , 0.00306808 , 0.000524624
-0.0221262 , 0.00306104 , 0.000525433
-0.0221555 , 0.00305402 , 0.000526242
-0.0221849 , 0.00304701 , 0.000527051
-0.0222142 , 0.00304 , 0.00052786
-0.0222436 , 0.003033 , 0.000528669
-0.022273 , 0.00302601 , 0.000529478
-0.0223023 , 0.00301903 , 0.000530287
-0.0223317 , 0.00301206 , 0.000531096
-0.0223611 , 0.00300509 , 0.000531905
-0.0223905 , 0.00299813 , 0.000532714
-0.0224198 , 0.00299118 , 0.000533523
-0.0224492 , 0.00298424 , 0.000534333
-0.0224786 , 0.0029773 , 0.000535142
-0.022508 , 0.00297037 , 0.000535951
-0.0225375 , 0.00296344 , 0.00053676
-0.0225669 , 0.00295652 , 0.000537569
-0.0225963 , 0.00294961 , 0.000538378
-0.0226257 , 0.0029427 , 0.000539187
-0.0226552 , 0.00293579 , 0.000539996
-0.0226846 , 0.00292889 , 0.000540805
-0.0227141 , 0.00292199 , 0.000541614
-0.0227436 , 0.0029151 , 0.000542423
-0.0227731 , 0.0029082 , 0.000543232
-0.0228025 , 0.00290131 , 0.000544041
-0.022832 , 0.00289442 , 0.00054485
-0.0228615 , 0.00288753 , 0.000545659
-0.0228911 , 0.00288064 , 0.000546468
-0.0229206 , 0.00287375 , 0.000547277
-0.0229501 , 0.00286686 , 0.000548086
-0.0229797 , 0.00285997 , 0.000548895
-0.0230092 , 0.00285308 , 0.000549704
-0.0230388 , 0.00284619 , 0.000550513
-0.0230684 , 0.00283929 , 0.000551322
-0.0230979 , 0.00283239 , 0.000552131
-0.0231275 , 0.00282549 , 0.00055294
-0.0231571 , 0.00281858 , 0.000553749
-0.0231867 , 0.00281167 , 0.000554558
-0.0232164 , 0.00280475 , 0.000555367
-0.023246 , 0.00279782 , 0.000556176
-0.0232756 , 0.0027909 , 0.000556985
-0.0233052 , 0.00278396 , 0.000557794
-0.0233349 , 0.00277702 , 0.000558603
-0.0233645 , 0.00277007 , 0.000559412
-0.0233942 , 0.00276311 , 0.000560221
-0.0234239 , 0.00275614 , 0.00056103
-0.0234535 , 0.00274917 , 0.000561839
-0.0234832 , 0.00274218 , 0.000562648
-0.0235129 , 0.00273519 , 0.000563457
-0.0235426 , 0.00272819 , 0.000564266
-0.0235723 , 0.00272118 , 0.000565075
-0.023602 , 0.00271415 , 0.000565884
-0.0236317 , 0.00270712 , 0.000566693
-0.0236614 , 0.00270007 , 0.000567502
-0.0236911 , 0.00269302 , 0.000568311
-0.0237208 , 0.00268595 , 0.00056912
-0.0237505 , 0.00267887 , 0.000569929
-0.0237802 , 0.00267178 , 0.000570738
-0.0238099 , 0.00266467 , 0.000571547
-0.0238395 , 0.00265756 , 0.000572356
-0.0238692 , 0.00265043 , 0.000573165
-0.0238989 , 0.00264329 , 0.000573974
-0.0239286 , 0.00263613 , 0.000574784
-0.0239583 , 0.00262897 , 0.000575593
-0.023988 , 0.00262179 , 0.000576402
-0.0240176 , 0.0026146 , 0.000577211
-0.0240473 , 0.0026074 , 0.00057802
-0.0240769 , 0.00260019 , 0.000578829
-0.0241065 , 0.00259297 , 0.000579638
-0.0241361 , 0.00258574 , 0.000580447
-0.0241658 , 0.00257851 , 0.000581256
-0.0241953 , 0.00257127 , 0.000582065
-0.0242249 , 0.00256402 , 0.000582874
-0.0242545 , 0.00255678 , 0.000583683
-0.024284 , 0.00254952 , 0.000584492
-0.0243135 , 0.00254227 , 0.000585301
-0.0243431 , 0.00253502 , 0.00058611
-0.0243726 , 0.00252778 , 0.000586919
-0.024402 , 0.00252053 , 0.000587728
-0.0244315 , 0.00251329 , 0.000588537
-0.024461 , 0.00250606 , 0.000589346
-0.0244904 , 0.00249883 , 0.000590155
-0.0245199 , 0.0024916 , 0.000590964
-0.0245493 , 0.00248439 , 0.000591773
-0.0245787 , 0.00247718 , 0.000592582
-0.0246081 , 0.00246998 , 0.000593391
-0.0246375 , 0.00246278 , 0.0005942
-0.0246669 , 0.0024556 , 0.000595009
-0.0246963 , 0.00244842 , 0.000595818
-0.0247257 , 0.00244125 , 0.000596627
-0.0247551 , 0.0024341 , 0.000597436
-0.0247845 , 0.00242694 , 0.000598245
-0.0248138 , 0.0024198 , 0.000599054
-0.0248432 , 0.00241267 , 0.000599863
-0.0248726 , 0.00240555 , 0.000600672
-0.0249019 , 0.00239843 , 0.000601481
-0.0249313 , 0.00239132 , 0.000602291
-0.0249606 , 0.00238423 , 0.0006031
-0.02499 , 0.00237714 , 0.000603909
-0.0250193 , 0.00237006 , 0.000604718
-0.0250487 , 0.00236299 , 0.000605527
-0.025078 , 0.00235593 , 0.000606336
-0.0251074 , 0.00234887 , 0.000607145
-0.0251367 , 0.00234183 , 0.000607954
-0.0251661 , 0.00233479 , 0.000608763
-0.0251955 , 0.00232776 , 0.000609572
-0.0252248 , 0.00232075 , 0.000610381
-0.0252542 , 0.00231373 , 0.00061119
-0.0252835 , 0.00230673 , 0.000611999
-0.0253129 , 0.00229974 , 0.000612808
-0.0253423 , 0.00229275 , 0.000613617
-0.0253717 , 0.00228577 , 0.000614426
-0.025401 , 0.0022788 , 0.000615235
-0.0254304 , 0.00227184 , 0.000616044
-0.0254598 , 0.00226488 , 0.000616853
-0.0254892 , 0.00225793 , 0.000617662
-0.0255186 , 0.00225099 , 0.000618471
-0.025548 , 0.00224405 , 0.00061928
-0.0255774 , 0.00223712 , 0.000620089
-0.0256068 , 0.0022302 , 0.000620898
-0.0256363 , 0.00222328 , 0.000621707
-0.0256657 , 0.00221636 , 0.000622516
-0.0256951 , 0.00220945 , 0.000623325
-0.0257246 , 0.00220255 , 0.000624134
-0.025754 , 0.00219565 , 0.000624943
-0.0257835 , 0.00218875 , 0.000625752
-0.025813 , 0.00218185 , 0.000626561
-0.0258425 , 0.00217496 , 0.00062737
-0.025872 , 0.00216806 , 0.000628179
-0.0259015 , 0.00216117 , 0.000628988
-0.025931 , 0.00215428 , 0.000629797
-0.0259605 , 0.00214739 , 0.000630606
-0.02599 , 0.0021405 , 0.000631415
-0.0260196 , 0.00213361 , 0.000632224
-0.0260491 , 0.00212672 , 0.000633033
-0.0260787 , 0.00211983 , 0.000633842
-0.0261083 , 0.00211293 , 0.000634651
-0.0261378 , 0.00210603 , 0.00063546
-0.0261674 , 0.00209913 , 0.000636269
-0.026197 , 0.00209222 , 0.000637078
-0.0262266 , 0.00208531 , 0.000637887
-0.0262562 , 0.0020784 , 0.000638696
-0.0262859 , 0.00207147 , 0.000639505
-0.0263155 , 0.00206455 , 0.000640314
-0.0263451 , 0.00205761 , 0.000641123
-0.0263748 , 0.00205067 , 0.000641932
-0.0264044 , 0.00204373 , 0.000642741
-0.0264341 , 0.00203677 , 0.00064355
-0.0264637 , 0.00202981 , 0.000644359
-0.0264934 , 0.00202283 , 0.000645168
-0.0265231 , 0.00201585 , 0.000645977
-0.0265528 , 0.00200886 , 0.000646786
-0.0265825 , 0.00200186 , 0.000647596
-0.0266121 , 0.00199485 , 0.000648405
-0.0266418 , 0.00198783 , 0.000649214
-0.0266715 , 0.00198079 , 0.000650023
-0.0267012 , 0.00197375 , 0.000650832
-0.0267309 , 0.00196669 , 0.000651641
-0.0267606 , 0.00195962 , 0.00065245
-0.0267903 , 0.00195254 , 0.000653259
-0.02682 , 0.00194545 , 0.000654068
-0.0268497 , 0.00193835 , 0.000654877
-0.0268794 , 0.00193123 , 0.000655686
-0.0269091 , 0.0019241 , 0.000656495
-0.0269388 , 0.00191695 , 0.000657304
-0.0269685 , 0.0019098 , 0.000658113
-0.0269982 , 0.00190263 , 0.000658922
-0.0270278 , 0.00189545 , 0.000659731
-0.0270575 , 0.00188826 , 0.00066054
-0.0270871 , 0.00188106 , 0.000661349
-0.0271168 , 0.00187384 , 0.000662158
-0.0271464 , 0.00186662 , 0.000662967
-0.027176 , 0.0018594 , 0.000663776
-0.0272056 , 0.00185216 , 0.000664585
-0.0272352 , 0.00184492 , 0.000665394
-0.0272647 , 0.00183768 , 0.000666203
-0.0272943 , 0.00183044 , 0.000667012
-0.0273238 , 0.00182319 , 0.000667821
-0.0273534 , 0.00181595 , 0.00066863
-0.0273829 , 0.0018087 , 0.000669439
-0.0274124 , 0.00180146 , 0.000670248
-0.0274419 , 0.00179422 , 0.000671057
-0.0274713 , 0.00178699 , 0.000671866
-0.0275008 , 0.00177976 , 0.000672675
-0.0275302 , 0.00177254 , 0.000673484
-0.0275597 , 0.00176533 , 0.000674293
-0.0275891 , 0.00175812 , 0.000675103
-0.0276185 , 0.00175092 , 0.000675912
-0.0276479 , 0.00174372 , 0.000676721
-0.0276774 , 0.00173653 , 0.00067753
-0.0277068 , 0.00172935 , 0.000678339
-0.0277362 , 0.00172218 , 0.000679148
-0.0277655 , 0.00171502 , 0.000679957
-0.0277949 , 0.00170786 , 0.000680766
-0.0278243 , 0.00170072 , 0.000681575
-0.0278537 , 0.00169358 , 0.000682384
-0.0278831 , 0.00168645 , 0.000683193
-0.0279124 , 0.00167932 , 0.000684002
-0.0279418 , 0.00167221 , 0.000684811
-0.0279712 , 0.0016651 , 0.00068562
-0.0280005 , 0.001658 , 0.000686429
-0.0280299 , 0.00165091 , 0.000687238
-0.0280592 , 0.00164383 , 0.000688047
-0.0280886 , 0.00163676 , 0.000688856
-0.028118 , 0.0016297 , 0.000689665
-0.0281473 , 0.00162264 , 0.000690474
-0.0281767 , 0.00161559 , 0.000691283
-0.028206 , 0.00160855 , 0.000692092
-0.0282354 , 0.00160152 , 0.000692901
-0.0282648 , 0.0015945 , 0.00069371
-0.0282941 , 0.00158748 , 0.000694519
-0.0283235 , 0.00158047 , 0.000695328
-0.0283529 , 0.00157348 , 0.000696137
-0.0283822 , 0.00156648 , 0.000696946
-0.0284116 , 0.0015595 , 0.000697755
-0.028441 , 0.00155252 , 0.000698564
-0.0284704 , 0.00154555 , 0.000699373
-0.0284998 , 0.00153859 , 0.000700182
-0.0285292 , 0.00153164 , 0.000700991
-0.0285586 , 0.00152469 , 0.0007018
-0.028588 , 0.00151775 , 0.000702609
-0.0286174 , 0.00151081 , 0.000703418
-0.0286468 , 0.00150388 , 0.000704227
-0.0286762 , 0.00149696 , 0.000705036
-0.0287057 , 0.00149004 , 0.000705845
-0.0287351 , 0.00148312 , 0.000706654
-0.0287645 , 0.00147621 , 0.000707463
-0.028794 , 0.00146931 , 0.000708272
-0.0288235 , 0.0014624 , 0.000709081
-0.0288529 , 0.0014555 , 0.00070989
-0.0288824 , 0.00144861 , 0.000710699
-0.0289119 , 0.00144171 , 0.000711508
-0.0289414 , 0.00143482 , 0.000712317
-0.0289709 , 0.00142792 , 0.000713126
-0.0290004 , 0.00142103 , 0.000713935
-0.02903 , 0.00141414 , 0.000714744
-0.0290595 , 0.00140725 , 0.000715553
-0.029089 , 0.00140036 , 0.000716363
-0.0291186 , 0.00139346 , 0.000717172
-0.0291482 , 0.00138657 , 0.000717981
-0.0291777 , 0.00137967 , 0.00071879
-0.0292073 , 0.00137276 , 0.000719599
-0.0292369 , 0.00136586 , 0.000720408
-0.0292665 , 0.00135895 , 0.000721217
-0.0292961 , 0.00135203 , 0.000722026
-0.0293257 , 0.00134511 , 0.000722835
-0.0293554 , 0.00133819 , 0.000723644
-0.029385 , 0.00133126 , 0.000724453
-0.0294147 , 0.00132432 , 0.000725262
-0.0294443 , 0.00131737 , 0.000726071
-0.029474 , 0.00131042 , 0.00072688
-0.0295036 , 0.00130345 , 0.000727689
-0.0295333 , 0.00129648 , 0.000728498
-0.029563 , 0.0012895 , 0.000729307
-0.0295927 , 0.00128251 , 0.000730116
-0.0296223 , 0.00127551 , 0.000730925
-0.029652 , 0.0012685 , 0.000731734
-0.0296817 , 0.00126148 , 0.000732543
-0.0297114 , 0.00125445 , 0.000733352
-0.0297411 , 0.00124741 , 0.000734161
-0.0297708 , 0.00124035 , 0.00073497
-0.0298005 , 0.00123328 , 0.000735779
-0.0298302 , 0.0012262 , 0.000736588
-0.0298599 , 0.0012191 , 0.000737397
-0.0298896 , 0.001212 , 0.000738206
-0.0299193 , 0.00120488 , 0.000739015
-0.029949 , 0.00119774 , 0.000739824
-0.0299787 , 0.0011906 , 0.000740633
-0.0300084 , 0.00118344 , 0.000741442
-0.030038 , 0.00117627 , 0.000742251
-0.0300677 , 0.00116909 , 0.00074306
-0.0300973 , 0.0011619 , 0.000743869
-0.030127 , 0.00115469 , 0.000744678
-0.0301566 , 0.00114748 , 0.000745487
-0.0301862 , 0.00114026 , 0.000746296
-0.0302158 , 0.00113304 , 0.000747105
-0.0302454 , 0.00112581 , 0.000747914
-0.030275 , 0.00111857 , 0.000748724
-0.0303046 , 0.00111133 , 0.000749533
-0.0303341 , 0.00110409 , 0.000750342
-0.0303636 , 0.00109686 , 0.000751151
-0.0303932 , 0.00108962 , 0.00075196
-0.0304227 , 0.00108238 , 0.000752769
-0.0304522 , 0.00107515 , 0.000753578
-0.0304816 , 0.00106792 , 0.000754387
-0.0305111 , 0.0010607 , 0.000755196
-0.0305406 , 0.00105348 , 0.000756005
-0.03057 , 0.00104626 , 0.000756814
-0.0305995 , 0.00103906 , 0.000757623
-0.0306289 , 0.00103186 , 0.000758432
-0.0306583 , 0.00102466 , 0.000759241
-0.0306878 , 0.00101747 , 0.00076005
-0.0307172 , 0.00101029 , 0.000760859
-0.0307466 , 0.00100312 , 0.000761668
-0.030776 , 0.000995953 , 0.000762477
-0.0308054 , 0.000988794 , 0.000763286
-0.0308348 , 0.000981643 , 0.000764095
-0.0308642 , 0.000974499 , 0.000764904
-0.0308935 , 0.000967362 , 0.000765713
-0.0309229 , 0.000960233 , 0.000766522
-0.0309523 , 0.000953112 , 0.000767331
-0.0309817 , 0.000945998 , 0.00076814
-0.031011 , 0.000938892 , 0.000768949
-0.0310404 , 0.000931794 , 0.000769758
-0.0310698 , 0.000924703 , 0.000770567
-0.0310991 , 0.000917621 , 0.000771376
-0.0311285 , 0.000910546 , 0.000772185
-0.0311579 , 0.000903479 , 0.000772994
-0.0311872 , 0.00089642 , 0.000773803
-0.0312166 , 0.000889368 , 0.000774612
-0.031246 , 0.000882325 , 0.000775421
-0.0312753 , 0.000875289 , 0.00077623
-0.0313047 , 0.000868262 , 0.000777039
-0.0313341 , 0.000861242 , 0.000777848
-0.0313635 , 0.00085423 , 0.000778657
-0.0313928 , 0.000847225 , 0.000779466
-0.0314222 , 0.000840228 , 0.000780275
-0.0314516 , 0.000833239 , 0.000781085
-0.031481 , 0.000826256 , 0.000781894
-0.0315103 , 0.000819281 , 0.000782703
-0.0315397 , 0.000812314 , 0.000783512
-0.0315691 , 0.000805353 , 0.000784321
-0.0315985 , 0.000798398 , 0.00078513
-0.0316279 , 0.00079145 , 0.000785939
-0.0316574 , 0.000784509 , 0.000786748
-0.0316868 , 0.000777573 , 0.000787557
-0.0317162 , 0.000770642 , 0.000788366
-0.0317456 , 0.000763717 , 0.000789175
-0.0317751 , 0.000756797 , 0.000789984
-0.0318045 , 0.000749882 , 0.000790793
-0.031834 , 0.000742971 , 0.000791602
-0.0318634 , 0.000736063 , 0.000792411
-0.0318929 , 0.000729159 , 0.00079322
-0.0319224 , 0.000722258 , 0.000794029
-0.0319519 , 0.000715359 , 0.000794838
-0.0319814 , 0.000708462 , 0.000795647
-0.0320109 , 0.000701567 , 0.000796456
-0.0320404 , 0.000694673 , 0.000797265
-0.0320699 , 0.000687779 , 0.000798074
-0.0320994 , 0.000680885 , 0.000798883
-0.032129 , 0.00067399 , 0.000799692
-0.0321585 , 0.000667094 , 0.000800501
-0.0321881 , 0.000660197 , 0.00080131
-0.0322177 , 0.000653297 , 0.000802119
-0.0322472 , 0.000646394 , 0.000802928
-0.0322768 , 0.000639488 , 0.000803737
-0.0323064 , 0.000632579 , 0.000804546
-0.032336 , 0.000625664 , 0.000805355
-0.0323657 , 0.000618745 , 0.000806164
-0.0323953 , 0.000611819 , 0.000806973
-0.0324249 , 0.000604888 , 0.000807782
-0.0324546 , 0.00059795 , 0.000808591
-0.0324842 , 0.000591005 , 0.0008094
-0.0325139 , 0.000584052 , 0.000810209
-0.0325435 , 0.000577091 , 0.000811018
-0.0325732 , 0.000570121 , 0.000811827
-0.0326029 , 0.000563141 , 0.000812636
-0.0326325 , 0.000556152 , 0.000813445
-0.0326622 , 0.000549153 , 0.000814254
-0.0326919 , 0.000542142 , 0.000815063
-0.0327216 , 0.000535121 , 0.000815872
-0.0327513 , 0.000528088 , 0.000816681
-0.032781 , 0.000521043 , 0.00081749
-0.0328107 , 0.000513986 , 0.000818299
-0.0328404 , 0.000506916 , 0.000819108
-0.0328701 , 0.000499833 , 0.000819917
-0.0328998 , 0.000492738 , 0.000820726
-0.0329295 , 0.000485629 , 0.000821535
-0.0329592 , 0.000478507 , 0.000822344
-0.0329889 , 0.000471373 , 0.000823154
-0.0330185 , 0.000464225 , 0.000823963
-0.0330482 , 0.000457066 , 0.000824772
-0.0330779 , 0.000449894 , 0.000825581
-0.0331075 , 0.000442712 , 0.00082639
-0.0331372 , 0.000435519 , 0.000827199
-0.0331668 , 0.000428318 , 0.000828008
-0.0331964 , 0.000421108 , 0.000828817
-0.0332261 , 0.000413891 , 0.000829626
-0.0332556 , 0.000406669 , 0.000830435
-0.0332852 , 0.000399443 , 0.000831244
-0.0333148 , 0.000392213 , 0.000832053
-0.0333444 , 0.000384982 , 0.000832862
-0.0333739 , 0.000377751 , 0.000833671
-0.0334034 , 0.00037052 , 0.00083448
-0.0334329 , 0.000363291 , 0.000835289
-0.0334624 , 0.000356065 , 0.000836098
-0.0334919 , 0.000348842 , 0.000836907
-0.0335214 , 0.000341622 , 0.000837716
-0.0335509 , 0.000334408 , 0.000838525
-0.0335804 , 0.000327198 , 0.000839334
-0.0336098 , 0.000319994 , 0.000840143
-0.0336393 , 0.000312795 , 0.000840952
-0.0336687 , 0.000305602 , 0.000841761
-0.0336981 , 0.000298416 , 0.00084257
-0.0337276 , 0.000291235 , 0.000843379
-0.033757 , 0.000284061 , 0.000844188
-0.0337864 , 0.000276894 , 0.000844997
-0.0338158 , 0.000269733 , 0.000845806
-0.0338452 , 0.000262579 , 0.000846615
-0.0338746 , 0.000255431 , 0.000847424
-0.033904 , 0.000248291 , 0.000848233
-0.0339334 , 0.000241157 , 0.000849042
-0.0339628 , 0.00023403 , 0.000849851
-0.0339922 , 0.00022691 , 0.000850661
-0.0340215 , 0.000219798 , 0.00085147
-0.0340509 , 0.000212692 , 0.000852279
-0.0340803 , 0.000205594 , 0.000853088
-0.0341097 , 0.000198502 , 0.000853897
-0.034139 , 0.000191418 , 0.000854706
-0.0341684 , 0.000184342 , 0.000855515
-0.0341978 , 0.000177272 , 0.000856324
-0.0342272 , 0.000170211 , 0.000857133
-0.0342565 , 0.000163156 , 0.000857942
-0.0342859 , 0.000156109 , 0.000858751
-0.0343153 , 0.000149069 , 0.00085956
-0.0343447 , 0.000142037 , 0.000860369
-0.034374 , 0.000135013 , 0.000861178
-0.0344034 , 0.000127996 , 0.000861987
-0.0344328 , 0.000120986 , 0.000862796
-0.0344622 , 0.000113983 , 0.000863605
