x , y , z
1 , 0 , 0
0.999853 , 0.0171672 , 0
0.999411 , 0.0343293 , 0
0.998674 , 0.0514813 , 0
0.997643 , 0.0686181 , 0
0.996318 , 0.0857347 , 0
0.9947 , 0.102826 , 0
0.992788 , 0.119887 , 0
0.990584 , 0.136913 , 0
0.988088 , 0.153898 , 0
0.9853 , 0.170838 , 0
0.982222 , 0.187728 , 0
0.978855 , 0.204562 , 0
0.975199 , 0.221336 , 0
0.971256 , 0.238045 , 0
0.967027 , 0.254684 , 0
0.962513 , 0.271247 , 0
0.957715 , 0.287731 , 0
0.952634 , 0.30413 , 0
0.947273 , 0.320439 , 0
0.941633 , 0.336654 , 0
0.935715 , 0.352769 , 0
0.929522 , 0.368781 , 0
0.923055 , 0.384684 , 0
0.916315 , 0.400473 , 0
0.909306 , 0.416145 , 0
0.902028 , 0.431694 , 0
0.894485 , 0.447115 , 0
0.886678 , 0.462405 , 0
0.87861 , 0.477559 , 0
0.870283 , 0.492572 , 0
0.861699 , 0.50744 , 0
0.852862 , 0.522158 , 0
0.843773 , 0.536722 , 0
0.834435 , 0.551128 , 0
0.824852 , 0.565372 , 0
0.815025 , 0.579449 , 0
0.804958 , 0.593355 , 0
0.794654 , 0.607087 , 0
0.784116 , 0.620639 , 0
0.773347 , 0.634009 , 0
0.76235 , 0.647192 , 0
0.751128 , 0.660184 , 0
0.739685 , 0.672982 , 0
0.728024 , 0.685581 , 0
0.716148 , 0.697978 , 0
0.704062 , 0.71017 , 0
0.691767 , 0.722152 , 0
0.679269 , 0.733921 , 0
0.666571 , 0.745474 , 0
0.653677 , 0.756808 , 0
0.640589 , 0.767918 , 0
0.627313 , 0.778802 , 0
0.613852 , 0.789457 , 0
0.600211 , 0.799879 , 0
0.586392 , 0.810065 , 0
0.5724 , 0.820013 , 0
0.55824 , 0.829719 , 0
0.543916 , 0.83918 , 0
0.529431 , 0.848394 , 0
0.51479 , 0.857358 , 0
0.499997 , 0.86607 , 0
0.485057 , 0.874526 , 0
0.469974 , 0.882724 , 0
0.454753 , 0.890663 , 0
0.439397 , 0.898339 , 0
0.423912 , 0.90575 , 0
0.408302 , 0.912894 , 0
0.392572 , 0.91977 , 0
0.376727 , 0.926374 , 0
0.36077 , 0.932705 , 0
0.344707 , 0.938762 , 0
0.328542 , 0.944542 , 0
0.31228 , 0.950043 , 0
0.295927 , 0.955265 , 0
0.279486 , 0.960205 , 0
0.262963 , 0.964862 , 0
0.246362 , 0.969235 , 0
0.229689 , 0.973322 , 0
0.212948 , 0.977123 , 0
0.196145 , 0.980635 , 0
0.179283 , 0.983859 , 0
0.162369 , 0.986793 , 0
0.145407 , 0.989436 , 0
0.128402 , 0.991787 , 0
0.111359 , 0.993846 , 0
0.0942839 , 0.995612 , 0
0.0771805 , 0.997085 , 0
0.0600544 , 0.998264 , 0
0.0429107 , 0.999149 , 0
0.0257542 , 0.99974 , 0
0.00859022 , 1.00004 , 0
-0.00857632 , 1.00004 , 0
-0.0257403 , 0.999744 , 0
-0.0428968 , 0.999156 , 0
-0.0600405 , 0.998274 , 0
-0.0771666 , 0.997098 , 0
-0.09427 , 0.995628 , 0
-0.111346 , 0.993864 , 0
-0.128388 , 0.991808 , 0
-0.145393 , 0.989459 , 0
-0.162355 , 0.986819 , 0
-0.17927 , 0.983888 , 0
-0.196131 , 0.980668 , 0
-0.212935 , 0.977158 , 0
-0.229676 , 0.97336 , 0
-0.246349 , 0.969276 , 0
-0.26295 , 0.964906 , 0
-0.279473 , 0.960252 , 0
-0.295914 , 0.955315 , 0
-0.312268 , 0.950096 , 0
-0.328529 , 0.944597 , 0
-0.344694 , 0.938821 , 0
-0.360757 , 0.932767 , 0
-0.376714 , 0.926439 , 0
-0.392561 , 0.919838 , 0
-0.408291 , 0.912966 , 0
-0.423901 , 0.905824 , 0
-0.439386 , 0.898416 , 0
-0.454742 , 0.890744 , 0
-0.469964 , 0.882808 , 0
-0.485047 , 0.874613 , 0
-0.499988 , 0.86616 , 0
-0.514781 , 0.857452 , 0
-0.529422 , 0.848491 , 0
-0.543908 , 0.839281 , 0
-0.558233 , 0.829823 , 0
-0.572394 , 0.82012 , 0
-0.586386 , 0.810176 , 0
-0.600205 , 0.799993 , 0
-0.613848 , 0.789575 , 0
-0.62731 , 0.778924 , 0
-0.640587 , 0.768043 , 0
-0.653675 , 0.756937 , 0
-0.66657 , 0.745607 , 0
-0.67927 , 0.734057 , 0
-0.691769 , 0.722292 , 0
-0.704064 , 0.710313 , 0
-0.716152 , 0.698125 , 0
-0.728029 , 0.685732 , 0
-0.739692 , 0.673137 , 0
-0.751136 , 0.660343 , 0
-0.762359 , 0.647355 , 0
-0.773358 , 0.634176 , 0
-0.784129 , 0.62081 , 0
-0.794669 , 0.607261 , 0
-0.804975 , 0.593533 , 0
-0.815043 , 0.579631 , 0
-0.824872 , 0.565558 , 0
-0.834457 , 0.551318 , 0
-0.843797 , 0.536916 , 0
-0.852888 , 0.522355 , 0
-0.861728 , 0.507641 , 0
-0.870314 , 0.492777 , 0
-0.878643 , 0.477768 , 0
-0.886714 , 0.462619 , 0
-0.894524 , 0.447333 , 0
-0.90207 , 0.431915 , 0
-0.90935 , 0.41637 , 0
-0.916363 , 0.400702 , 0
-0.923105 , 0.384916 , 0
-0.929576 , 0.369017 , 0
-0.935772 , 0.353009 , 0
-0.941693 , 0.336898 , 0
-0.947337 , 0.320686 , 0
-0.952701 , 0.304381 , 0
-0.957785 , 0.287986 , 0
-0.962587 , 0.271506 , 0
-0.967105 , 0.254946 , 0
-0.971339 , 0.238311 , 0
-0.975286 , 0.221605 , 0
-0.978946 , 0.204835 , 0
-0.982317 , 0.188004 , 0
-0.985399 , 0.171117 , 0
-0.988191 , 0.154181 , 0
-0.990692 , 0.137198 , 0
-0.9929 , 0.120176 , 0
-0.994817 , 0.103118 , 0
-0.99644 , 0.0860296 , 0
-0.99777 , 0.0689159 , 0
-0.998806 , 0.0517819 , 0
-0.999548 , 0.0346327 , 0
-0.999995 , 0.0174732 , 0
-1.00015 , 0.000308614 , 0
-1.00001 , -0.0168561 , 0
-0.999569 , -0.0340158 , 0
-0.998838 , -0.0511655 , 0
-0.997812 , -0.0683001 , 0
-0.996493 , -0.0854146 , 0
-0.99488 , -0.102504 , 0
-0.992974 , -0.119563 , 0
-0.990776 , -0.136587 , 0
-0.988286 , -0.153571 , 0
-0.985505 , -0.170509 , 0
-0.982433 , -0.187397 , 0
-0.979072 , -0.20423 , 0
-0.975422 , -0.221003 , 0
-0.971485 , -0.237711 , 0
-0.967262 , -0.254349 , 0
-0.962754 , -0.270912 , 0
-0.957963 , -0.287395 , 0
-0.952889 , -0.303793 , 0
-0.947535 , -0.320102 , 0
-0.941901 , -0.336316 , 0
-0.93599 , -0.352432 , 0
-0.929803 , -0.368443 , 0
-0.923342 , -0.384347 , 0
-0.91661 , -0.400136 , 0
-0.909607 , -0.415808 , 0
-0.902336 , -0.431358 , 0
-0.8948 , -0.44678 , 0
-0.887 , -0.462071 , 0
-0.878938 , -0.477226 , 0
-0.870618 , -0.49224 , 0
-0.862041 , -0.507109 , 0
-0.85321 , -0.521829 , 0
-0.844128 , -0.536395 , 0
-0.834797 , -0.550803 , 0
-0.825221 , -0.565049 , 0
-0.815401 , -0.579128 , 0
-0.805341 , -0.593037 , 0
-0.795043 , -0.606771 , 0
-0.784512 , -0.620326 , 0
-0.773749 , -0.633698 , 0
-0.762759 , -0.646884 , 0
-0.751543 , -0.659879 , 0
-0.740107 , -0.67268 , 0
-0.728452 , -0.685283 , 0
-0.716583 , -0.697683 , 0
-0.704502 , -0.709879 , 0
-0.692214 , -0.721865 , 0
-0.679723 , -0.733638 , 0
-0.66703 , -0.745195 , 0
-0.654142 , -0.756533 , 0
-0.64106 , -0.767648 , 0
-0.62779 , -0.778537 , 0
-0.614335 , -0.789196 , 0
-0.600699 , -0.799623 , 0
-0.586886 , -0.809814 , 0
-0.5729 , -0.819767 , 0
-0.558745 , -0.829478 , 0
-0.544426 , -0.838945 , 0
-0.529946 , -0.848164 , 0
-0.51531 , -0.857134 , 0
-0.500522 , -0.865851 , 0
-0.485587 , -0.874314 , 0
-0.470509 , -0.882518 , 0
-0.455292 , -0.890463 , 0
-0.439941 , -0.898145 , 0
-0.42446 , -0.905563 , 0
-0.408854 , -0.912713 , 0
-0.393128 , -0.919595 , 0
-0.377286 , -0.926206 , 0
-0.361333 , -0.932544 , 0
-0.345273 , -0.938608 , 0
-0.329112 , -0.944395 , 0
-0.312854 , -0.949903 , 0
-0.296503 , -0.955132 , 0
-0.280066 , -0.960079 , 0
-0.263545 , -0.964744 , 0
-0.246947 , -0.969124 , 0
-0.230276 , -0.973218 , 0
-0.213538 , -0.977026 , 0
-0.196736 , -0.980546 , 0
-0.179877 , -0.983777 , 0
-0.162964 , -0.986719 , 0
-0.146004 , -0.989369 , 0
-0.129 , -0.991728 , 0
-0.111959 , -0.993795 , 0
-0.0948845 , -0.995569 , 0
-0.077782 , -0.99705 , 0
-0.0606566 , -0.998237 , 0
-0.0435134 , -0.99913 , 0
-0.0263573 , -0.999728 , 0
-0.0091935 , -1.00003 , 0
0.00797304 , -1.00004 , 0
0.0251372 , -0.999756 , 0
0.042294 , -0.999176 , 0
0.0594383 , -0.998301 , 0
0.0765651 , -0.997133 , 0
0.0936694 , -0.99567 , 0
0.110746 , -0.993915 , 0
0.12779 , -0.991866 , 0
0.144796 , -0.989525 , 0
0.16176 , -0.986893 , 0
0.178676 , -0.983969 , 0
0.19554 , -0.980756 , 0
0.212345 , -0.977254 , 0
0.229088 , -0.973464 , 0
0.245764 , -0.969387 , 0
0.262367 , -0.965024 , 0
0.278893 , -0.960377 , 0
0.295337 , -0.955447 , 0
0.311694 , -0.950236 , 0
0.327959 , -0.944744 , 0
0.344127 , -0.938974 , 0
0.360194 , -0.932928 , 0
0.376155 , -0.926606 , 0
0.392005 , -0.920012 , 0
0.407739 , -0.913146 , 0
0.423353 , -0.906012 , 0
0.438843 , -0.89861 , 0
0.454203 , -0.890943 , 0
0.469429 , -0.883014 , 0
0.484517 , -0.874825 , 0
0.499462 , -0.866378 , 0
0.51426 , -0.857676 , 0
0.528907 , -0.848721 , 0
0.543398 , -0.839516 , 0
0.557728 , -0.830063 , 0
0.571894 , -0.820366 , 0
0.585892 , -0.810427 , 0
0.599717 , -0.800249 , 0
0.613365 , -0.789836 , 0
0.626832 , -0.779189 , 0
0.640115 , -0.768313 , 0
0.653209 , -0.757211 , 0
0.666111 , -0.745886 , 0
0.678816 , -0.73434 , 0
0.691322 , -0.722579 , 0
0.703623 , -0.710604 , 0
0.715717 , -0.69842 , 0
0.727601 , -0.68603 , 0
0.73927 , -0.673438 , 0
0.750721 , -0.660648 , 0
0.76195 , -0.647662 , 0
0.772956 , -0.634486 , 0
0.783733 , -0.621123 , 0
0.79428 , -0.607577 , 0
0.804592 , -0.593852 , 0
0.814667 , -0.579952 , 0
0.824503 , -0.565881 , 0
0.834095 , -0.551643 , 0
0.843441 , -0.537243 , 0
0.852539 , -0.522684 , 0
0.861386 , -0.507971 , 0
0.869979 , -0.493109 , 0
0.878315 , -0.478101 , 0
0.886392 , -0.462953 , 0
0.894209 , -0.447667 , 0
0.901762 , -0.43225 , 0
0.909049 , -0.416706 , 0
0.916068 , -0.401039 , 0
0.922817 , -0.385253 , 0
0.929294 , -0.369354 , 0
0.935498 , -0.353347 , 0
0.941425 , -0.337235 , 0
0.947075 , -0.321023 , 0
0.952446 , -0.304718 , 0
0.957537 , -0.288322 , 0
0.962345 , -0.271841 , 0
0.96687 , -0.25528 , 0
0.971109 , -0.238644 , 0
0.975063 , -0.221938 , 0
0.978729 , -0.205166 , 0
0.982106 , -0.188334 , 0
0.985195 , -0.171446 , 0
0.987992 , -0.154508 , 0
0.990499 , -0.137524 , 0
0.992714 , -0.1205 , 0
0.994636 , -0.10344 , 0
0.996265 , -0.0863496 , 0
0.997601 , -0.0692338 , 0
0.998642 , -0.0520976 , 0
0.999389 , -0.0349461 , 0
0.999842 , -0.0177843 , 0
1 , -0.000617182 , 0
0.999863 , 0.0165501 , 0
0.999432 , 0.0337125 , 0
0.998706 , 0.0508649 , 0
0.997685 , 0.0680024 , 0
0.996371 , 0.0851198 , 0
0.994763 , 0.102212 , 0
0.992862 , 0.119274 , 0
0.990668 , 0.136301 , 0
0.988182 , 0.153288 , 0
0.985405 , 0.17023 , 0
0.982338 , 0.187122 , 0
0.978981 , 0.203958 , 0
0.975336 , 0.220734 , 0
0.971403 , 0.237445 , 0
0.967184 , 0.254087 , 0
0.96268 , 0.270653 , 0
0.957892 , 0.28714 , 0
0.952822 , 0.303542 , 0
0.947471 , 0.319854 , 0
0.941841 , 0.336072 , 0
0.935933 , 0.352192 , 0
0.929749 , 0.368207 , 0
0.923292 , 0.384114 , 0
0.916562 , 0.399908 , 0
0.909562 , 0.415584 , 0
0.902294 , 0.431137 , 0
0.894761 , 0.446563 , 0
0.886963 , 0.461858 , 0
0.878904 , 0.477017 , 0
0.870587 , 0.492035 , 0
0.862012 , 0.506908 , 0
0.853184 , 0.521631 , 0
0.844104 , 0.536201 , 0
0.834775 , 0.550613 , 0
0.8252 , 0.564863 , 0
0.815383 , 0.578946 , 0
0.805324 , 0.592859 , 0
0.795029 , 0.606596 , 0
0.784499 , 0.620155 , 0
0.773738 , 0.633532 , 0
0.762749 , 0.646721 , 0
0.751536 , 0.65972 , 0
0.7401 , 0.672525 , 0
0.728447 , 0.685131 , 0
0.716579 , 0.697536 , 0
0.7045 , 0.709735 , 0
0.692213 , 0.721725 , 0
0.679722 , 0.733502 , 0
0.667031 , 0.745063 , 0
0.654144 , 0.756404 , 0
0.641063 , 0.767523 , 0
0.627794 , 0.778415 , 0
0.614339 , 0.789078 , 0
0.600704 , 0.799508 , 0
0.586892 , 0.809703 , 0
0.572906 , 0.819659 , 0
0.558752 , 0.829374 , 0
0.544433 , 0.838844 , 0
0.529954 , 0.848067 , 0
0.515319 , 0.85704 , 0
0.500531 , 0.865761 , 0
0.485597 , 0.874226 , 0
0.470519 , 0.882434 , 0
0.455302 , 0.890382 , 0
0.439952 , 0.898067 , 0
0.424471 , 0.905488 , 0
0.408866 , 0.912642 , 0
0.39314 , 0.919527 , 0
0.377298 , 0.926141 , 0
0.361345 , 0.932483 , 0
0.345286 , 0.938549 , 0
0.329125 , 0.944339 , 0
0.312867 , 0.94985 , 0
0.296516 , 0.955082 , 0
0.280079 , 0.960032 , 0
0.263558 , 0.9647 , 0
0.246961 , 0.969083 , 0
0.23029 , 0.97318 , 0
0.213551 , 0.976991 , 0
0.19675 , 0.980514 , 0
0.179891 , 0.983748 , 0
0.162978 , 0.986692 , 0
0.146018 , 0.989346 , 0
0.129014 , 0.991707 , 0
0.111973 , 0.993777 , 0
0.0948983 , 0.995554 , 0
0.0777959 , 0.997037 , 0
0.0606705 , 0.998227 , 0
0.0435273 , 0.999123 , 0
0.0263712 , 0.999724 , 0
0.0092074 , 1.00003 , 0
-0.00795913 , 1.00004 , 0
-0.0251233 , 0.99976 , 0
-0.0422801 , 0.999183 , 0
-0.0594244 , 0.998311 , 0
-0.0765513 , 0.997145 , 0
-0.0936555 , 0.995686 , 0
-0.110732 , 0.993933 , 0
-0.127776 , 0.991887 , 0
-0.144783 , 0.989549 , 0
-0.161746 , 0.986919 , 0
-0.178662 , 0.983999 , 0
-0.195526 , 0.980788 , 0
-0.212332 , 0.977289 , 0
-0.229075 , 0.973502 , 0
-0.245751 , 0.969428 , 0
-0.262354 , 0.965068 , 0
-0.27888 , 0.960424 , 0
-0.295324 , 0.955497 , 0
-0.311681 , 0.950289 , 0
-0.327946 , 0.9448 , 0
-0.344115 , 0.939033 , 0
-0.360182 , 0.93299 , 0
-0.376143 , 0.926671 , 0
-0.391993 , 0.92008 , 0
-0.407727 , 0.913217 , 0
-0.423342 , 0.906086 , 0
-0.438832 , 0.898687 , 0
-0.454192 , 0.891024 , 0
-0.469419 , 0.883098 , 0
-0.484507 , 0.874912 , 0
-0.499453 , 0.866469 , 0
-0.514251 , 0.85777 , 0
-0.528898 , 0.848818 , 0
-0.54339 , 0.839616 , 0
-0.557721 , 0.830167 , 0
-0.571887 , 0.820473 , 0
-0.585886 , 0.810538 , 0
-0.599711 , 0.800364 , 0
-0.61336 , 0.789954 , 0
-0.626829 , 0.779311 , 0
-0.640112 , 0.768439 , 0
-0.653207 , 0.75734 , 0
-0.66611 , 0.746018 , 0
-0.678816 , 0.734476 , 0
-0.691323 , 0.722718 , 0
-0.703626 , 0.710748 , 0
-0.715721 , 0.698567 , 0
-0.727606 , 0.686181 , 0
-0.739276 , 0.673593 , 0
-0.750728 , 0.660806 , 0
-0.76196 , 0.647825 , 0
-0.772967 , 0.634653 , 0
-0.783746 , 0.621294 , 0
-0.794294 , 0.607751 , 0
-0.804608 , 0.59403 , 0
-0.814685 , 0.580134 , 0
-0.824522 , 0.566067 , 0
-0.834117 , 0.551833 , 0
-0.843465 , 0.537436 , 0
-0.852565 , 0.522882 , 0
-0.861414 , 0.508173 , 0
-0.87001 , 0.493314 , 0
-0.878348 , 0.47831 , 0
-0.886429 , 0.463166 , 0
-0.894248 , 0.447885 , 0
-0.901803 , 0.432471 , 0
-0.909093 , 0.416931 , 0
-0.916115 , 0.401268 , 0
-0.922867 , 0.385486 , 0
-0.929348 , 0.369591 , 0
-0.935554 , 0.353587 , 0
-0.941485 , 0.337479 , 0
-0.947139 , 0.321271 , 0
-0.952513 , 0.304969 , 0
-0.957607 , 0.288577 , 0
-0.962419 , 0.2721 , 0
-0.966948 , 0.255542 , 0
-0.971191 , 0.23891 , 0
-0.975149 , 0.222207 , 0
-0.978819 , 0.205439 , 0
-0.982201 , 0.18861 , 0
-0.985293 , 0.171725 , 0
-0.988096 , 0.15479 , 0
-0.990607 , 0.13781 , 0
-0.992826 , 0.120789 , 0
-0.994753 , 0.103732 , 0
-0.996387 , 0.0866445 , 0
-0.997727 , 0.0695317 , 0
-0.998774 , 0.0523983 , 0
-0.999526 , 0.0352495 , 0
-0.999984 , 0.0180903 , 0
-1.00015 , 0.000925841 , 0
-1.00002 , -0.0162389 , 0
-0.999589 , -0.0333989 , 0
-0.998869 , -0.0505491 , 0
-0.997854 , -0.0676843 , 0
-0.996546 , -0.0847997 , 0
-0.994943 , -0.10189 , 0
-0.993048 , -0.11895 , 0
-0.99086 , -0.135976 , 0
-0.98838 , -0.152961 , 0
-0.98561 , -0.169901 , 0
-0.982548 , -0.186791 , 0
-0.979198 , -0.203626 , 0
-0.975558 , -0.220401 , 0
-0.971632 , -0.237112 , 0
-0.967419 , -0.253752 , 0
-0.962921 , -0.270317 , 0
-0.95814 , -0.286803 , 0
-0.953076 , -0.303205 , 0
-0.947732 , -0.319517 , 0
-0.942108 , -0.335735 , 0
-0.936207 , -0.351854 , 0
-0.93003 , -0.36787 , 0
-0.923579 , -0.383777 , 0
-0.916856 , -0.399571 , 0
-0.909863 , -0.415247 , 0
-0.902602 , -0.430801 , 0
-0.895075 , -0.446228 , 0
-0.887285 , -0.461524 , 0
-0.879232 , -0.476683 , 0
-0.870921 , -0.491703 , 0
-0.862354 , -0.506577 , 0
-0.853532 , -0.521302 , 0
-0.844459 , -0.535874 , 0
-0.835137 , -0.550288 , 0
-0.825569 , -0.564539 , 0
-0.815758 , -0.578625 , 0
-0.805707 , -0.592539 , 0
-0.795418 , -0.60628 , 0
-0.784895 , -0.619841 , 0
-0.77414 , -0.633221 , 0
-0.763158 , -0.646413 , 0
-0.751951 , -0.659415 , 0
-0.740522 , -0.672223 , 0
-0.728875 , -0.684833 , 0
-0.717013 , -0.697241 , 0
-0.70494 , -0.709444 , 0
-0.69266 , -0.721437 , 0
-0.680175 , -0.733218 , 0
-0.66749 , -0.744783 , 0
-0.654609 , -0.756129 , 0
-0.641534 , -0.767252 , 0
-0.628271 , -0.778149 , 0
-0.614822 , -0.788817 , 0
-0.601192 , -0.799252 , 0
-0.587385 , -0.809452 , 0
-0.573406 , -0.819413 , 0
-0.559257 , -0.829133 , 0
-0.544943 , -0.838609 , 0
-0.530469 , -0.847837 , 0
-0.515839 , -0.856816 , 0
-0.501056 , -0.865542 , 0
-0.486126 , -0.874014 , 0
-0.471053 , -0.882228 , 0
-0.455841 , -0.890182 , 0
-0.440495 , -0.897873 , 0
-0.425019 , -0.9053 , 0
-0.409417 , -0.912461 , 0
-0.393696 , -0.919353 , 0
-0.377858 , -0.925973 , 0
-0.361908 , -0.932321 , 0
-0.345853 , -0.938394 , 0
-0.329695 , -0.944191 , 0
-0.31344 , -0.94971 , 0
-0.297093 , -0.954949 , 0
-0.280658 , -0.959906 , 0
-0.264141 , -0.964581 , 0
-0.247545 , -0.968971 , 0
-0.230877 , -0.973076 , 0
-0.214141 , -0.976894 , 0
-0.197341 , -0.980425 , 0
-0.180484 , -0.983666 , 0
-0.163573 , -0.986618 , 0
-0.146615 , -0.989279 , 0
-0.129612 , -0.991649 , 0
-0.112572 , -0.993726 , 0
-0.0954989 , -0.995511 , 0
-0.0783973 , -0.997002 , 0
-0.0612727 , -0.998199 , 0
-0.04413 , -0.999103 , 0
-0.0269743 , -0.999712 , 0
-0.00981067 , -1.00003 , 0
0.00735585 , -1.00005 , 0
0.0245202 , -0.999771 , 0
0.0416774 , -0.999202 , 0
0.0588222 , -0.998338 , 0
0.0759497 , -0.99718 , 0
0.0930549 , -0.995728 , 0
0.110133 , -0.993983 , 0
0.127178 , -0.991945 , 0
0.144186 , -0.989614 , 0
0.161151 , -0.986992 , 0
0.178069 , -0.98408 , 0
0.194934 , -0.980877 , 0
0.211742 , -0.977385 , 0
0.228488 , -0.973605 , 0
0.245166 , -0.969538 , 0
0.261772 , -0.965186 , 0
0.278301 , -0.960549 , 0
0.294747 , -0.955629 , 0
0.311107 , -0.950428 , 0
0.327376 , -0.944947 , 0
0.343548 , -0.939187 , 0
0.359618 , -0.93315 , 0
0.375583 , -0.926838 , 0
0.391437 , -0.920254 , 0
0.407175 , -0.913398 , 0
0.422794 , -0.906273 , 0
0.438288 , -0.898881 , 0
0.453653 , -0.891224 , 0
0.468884 , -0.883304 , 0
0.483977 , -0.875124 , 0
0.498928 , -0.866686 , 0
0.513731 , -0.857993 , 0
0.528383 , -0.849047 , 0
0.542879 , -0.839851 , 0
0.557216 , -0.830407 , 0
0.571388 , -0.820719 , 0
0.585392 , -0.810788 , 0
0.599223 , -0.800619 , 0
0.612877 , -0.790214 , 0
0.626351 , -0.779576 , 0
0.639641 , -0.768708 , 0
0.652742 , -0.757614 , 0
0.665651 , -0.746297 , 0
0.678363 , -0.734759 , 0
0.690876 , -0.723005 , 0
0.703185 , -0.711038 , 0
0.715286 , -0.698862 , 0
0.727177 , -0.686479 , 0
0.738854 , -0.673894 , 0
0.750313 , -0.661111 , 0
0.761551 , -0.648133 , 0
0.772564 , -0.634963 , 0
0.78335 , -0.621607 , 0
0.793905 , -0.608067 , 0
0.804225 , -0.594349 , 0
0.814309 , -0.580455 , 0
0.824153 , -0.56639 , 0
0.833754 , -0.552158 , 0
0.84311 , -0.537763 , 0
0.852216 , -0.52321 , 0
0.861072 , -0.508503 , 0
0.869674 , -0.493646 , 0
0.87802 , -0.478643 , 0
0.886107 , -0.4635 , 0
0.893932 , -0.448219 , 0
0.901495 , -0.432807 , 0
0.908791 , -0.417267 , 0
0.91582 , -0.401604 , 0
0.922579 , -0.385823 , 0
0.929066 , -0.369928 , 0
0.935279 , -0.353924 , 0
0.941217 , -0.337816 , 0
0.946877 , -0.321608 , 0
0.952258 , -0.305305 , 0
0.957359 , -0.288913 , 0
0.962177 , -0.272435 , 0
0.966712 , -0.255877 , 0
0.970962 , -0.239244 , 0
0.974926 , -0.22254 , 0
0.978602 , -0.20577 , 0
0.98199 , -0.18894 , 0
0.985089 , -0.172054 , 0
0.987897 , -0.155118 , 0
0.990414 , -0.138135 , 0
0.992639 , -0.121112 , 0
0.994572 , -0.104054 , 0
0.996212 , -0.0869645 , 0
0.997558 , -0.0698495 , 0
0.99861 , -0.052714 , 0
0.999367 , -0.0355629 , 0
0.999831 , -0.0184013 , 0
0.999999 , -0.00123436 , 0
0.999873 , 0.015933 , 0
0.999452 , 0.0330956 , 0
0.998737 , 0.0502485 , 0
0.997727 , 0.0673866 , 0
0.996423 , 0.0845048 , 0
0.994826 , 0.101598 , 0
0.992935 , 0.118662 , 0
0.990752 , 0.13569 , 0
0.988277 , 0.152678 , 0
0.98551 , 0.169622 , 0
0.982453 , 0.186515 , 0
0.979107 , 0.203354 , 0
0.975472 , 0.220132 , 0
0.971549 , 0.236846 , 0
0.967341 , 0.25349 , 0
0.962847 , 0.270059 , 0
0.958069 , 0.286548 , 0
0.953009 , 0.302954 , 0
0.947668 , 0.319269 , 0
0.942048 , 0.335491 , 0
0.93615 , 0.351614 , 0
0.929976 , 0.367633 , 0
0.923529 , 0.383544 , 0
0.916809 , 0.399342 , 0
0.909819 , 0.415022 , 0
0.90256 , 0.43058 , 0
0.895036 , 0.446011 , 0
0.887248 , 0.461311 , 0
0.879199 , 0.476474 , 0
0.87089 , 0.491497 , 0
0.862325 , 0.506376 , 0
0.853505 , 0.521105 , 0
0.844435 , 0.53568 , 0
0.835115 , 0.550098 , 0
0.825549 , 0.564353 , 0
0.81574 , 0.578443 , 0
0.80569 , 0.592361 , 0
0.795403 , 0.606106 , 0
0.784882 , 0.619671 , 0
0.774129 , 0.633054 , 0
0.763148 , 0.64625 , 0
0.751943 , 0.659256 , 0
0.740515 , 0.672068 , 0
0.72887 , 0.684682 , 0
0.717009 , 0.697094 , 0
0.704938 , 0.7093 , 0
0.692658 , 0.721297 , 0
0.680175 , 0.733082 , 0
0.667491 , 0.744651 , 0
0.65461 , 0.756 , 0
0.641537 , 0.767127 , 0
0.628274 , 0.778027 , 0
0.614826 , 0.788699 , 0
0.601197 , 0.799137 , 0
0.587391 , 0.809341 , 0
0.573412 , 0.819306 , 0
0.559264 , 0.829029 , 0
0.544951 , 0.838508 , 0
0.530477 , 0.84774 , 0
0.515848 , 0.856722 , 0
0.501066 , 0.865452 , 0
0.486136 , 0.873927 , 0
0.471063 , 0.882144 , 0
0.455852 , 0.890101 , 0
0.440506 , 0.897796 , 0
0.42503 , 0.905226 , 0
0.409429 , 0.91239 , 0
0.393707 , 0.919284 , 0
0.37787 , 0.925908 , 0
0.361921 , 0.932259 , 0
0.345865 , 0.938336 , 0
0.329707 , 0.944136 , 0
0.313453 , 0.949657 , 0
0.297106 , 0.954899 , 0
0.280671 , 0.959859 , 0
0.264154 , 0.964537 , 0
0.247559 , 0.96893 , 0
0.23089 , 0.973038 , 0
0.214154 , 0.976859 , 0
0.197355 , 0.980392 , 0
0.180498 , 0.983637 , 0
0.163587 , 0.986591 , 0
0.146628 , 0.989255 , 0
0.129626 , 0.991628 , 0
0.112586 , 0.993708 , 0
0.0955127 , 0.995495 , 0
0.0784112 , 0.996989 , 0
0.0612866 , 0.99819 , 0
0.0441439 , 0.999096 , 0
0.0269882 , 0.999708 , 0
0.00982458 , 1.00002 , 0
-0.00734195 , 1.00005 , 0
-0.0245063 , 0.999775 , 0
-0.0416635 , 0.999209 , 0
-0.0588083 , 0.998348 , 0
-0.0759359 , 0.997192 , 0
-0.093041 , 0.995743 , 0
-0.110119 , 0.994001 , 0
-0.127164 , 0.991965 , 0
-0.144172 , 0.989638 , 0
-0.161137 , 0.987019 , 0
-0.178055 , 0.984109 , 0
-0.194921 , 0.980909 , 0
-0.211729 , 0.97742 , 0
-0.228474 , 0.973643 , 0
-0.245152 , 0.969579 , 0
-0.261759 , 0.96523 , 0
-0.278287 , 0.960596 , 0
-0.294734 , 0.955679 , 0
-0.311095 , 0.950481 , 0
-0.327363 , 0.945002 , 0
-0.343535 , 0.939245 , 0
-0.359606 , 0.933212 , 0
-0.375571 , 0.926903 , 0
-0.391425 , 0.920322 , 0
-0.407164 , 0.913469 , 0
-0.422783 , 0.906347 , 0
-0.438277 , 0.898958 , 0
-0.453642 , 0.891304 , 0
-0.468874 , 0.883388 , 0
-0.483967 , 0.875211 , 0
-0.498918 , 0.866777 , 0
-0.513722 , 0.858087 , 0
-0.528374 , 0.849144 , 0
-0.542871 , 0.839951 , 0
-0.557208 , 0.830511 , 0
-0.571381 , 0.820826 , 0
-0.585385 , 0.810899 , 0
-0.599217 , 0.800734 , 0
-0.612873 , 0.790332 , 0
-0.626348 , 0.779698 , 0
-0.639638 , 0.768833 , 0
-0.65274 , 0.757743 , 0
-0.66565 , 0.746429 , 0
-0.678363 , 0.734895 , 0
-0.690877 , 0.723145 , 0
-0.703187 , 0.711182 , 0
-0.71529 , 0.699009 , 0
-0.727182 , 0.68663 , 0
-0.73886 , 0.674049 , 0
-0.75032 , 0.661269 , 0
-0.76156 , 0.648295 , 0
-0.772575 , 0.63513 , 0
-0.783362 , 0.621777 , 0
-0.793919 , 0.608241 , 0
-0.804241 , 0.594527 , 0
-0.814327 , 0.580637 , 0
-0.824173 , 0.566576 , 0
-0.833776 , 0.552348 , 0
-0.843133 , 0.537957 , 0
-0.852243 , 0.523408 , 0
-0.861101 , 0.508704 , 0
-0.869705 , 0.493851 , 0
-0.878053 , 0.478852 , 0
-0.886143 , 0.463713 , 0
-0.893971 , 0.448436 , 0
-0.901536 , 0.433028 , 0
-0.908835 , 0.417492 , 0
-0.915867 , 0.401833 , 0
-0.922629 , 0.386055 , 0
-0.929119 , 0.370164 , 0
-0.935336 , 0.354164 , 0
-0.941277 , 0.33806 , 0
-0.94694 , 0.321856 , 0
-0.952325 , 0.305557 , 0
-0.957429 , 0.289168 , 0
-0.962251 , 0.272694 , 0
-0.96679 , 0.256139 , 0
-0.971044 , 0.239509 , 0
-0.975011 , 0.222809 , 0
-0.978692 , 0.206043 , 0
-0.982084 , 0.189216 , 0
-0.985187 , 0.172334 , 0
-0.988 , 0.1554 , 0
-0.990522 , 0.138421 , 0
-0.992751 , 0.121401 , 0
-0.994689 , 0.104346 , 0
-0.996333 , 0.0872594 , 0
-0.997684 , 0.0701474 , 0
-0.998741 , 0.0530147 , 0
-0.999504 , 0.0358663 , 0
-0.999972 , 0.0187075 , 0
-1.00015 , 0.00154307 , 0
-1.00003 , -0.0156218 , 0
-0.99961 , -0.032782 , 0
-0.9989 , -0.0499326 , 0
-0.997896 , -0.0670685 , 0
-0.996598 , -0.0841846 , 0
-0.995006 , -0.101276 , 0
-0.993121 , -0.118337 , 0
-0.990944 , -0.135364 , 0
-0.988475 , -0.152351 , 0
-0.985714 , -0.169293 , 0
-0.982663 , -0.186185 , 0
-0.979323 , -0.203022 , 0
-0.975694 , -0.219799 , 0
-0.971778 , -0.236512 , 0
-0.967576 , -0.253155 , 0
-0.963088 , -0.269723 , 0
-0.958317 , -0.286212 , 0
-0.953263 , -0.302617 , 0
-0.947929 , -0.318932 , 0
-0.942315 , -0.335154 , 0
-0.936424 , -0.351276 , 0
-0.930257 , -0.367296 , 0
-0.923816 , -0.383207 , 0
-0.917103 , -0.399005 , 0
-0.910119 , -0.414685 , 0
-0.902868 , -0.430244 , 0
-0.89535 , -0.445676 , 0
-0.887569 , -0.460976 , 0
-0.879526 , -0.476141 , 0
-0.871225 , -0.491165 , 0
-0.862666 , -0.506045 , 0
-0.853854 , -0.520775 , 0
-0.844789 , -0.535353 , 0
-0.835476 , -0.549772 , 0
-0.825917 , -0.56403 , 0
-0.816115 , -0.578121 , 0
-0.806072 , -0.592042 , 0
-0.795792 , -0.605789 , 0
-0.785277 , -0.619357 , 0
-0.774531 , -0.632743 , 0
-0.763557 , -0.645942 , 0
-0.752357 , -0.658951 , 0
-0.740937 , -0.671766 , 0
-0.729297 , -0.684383 , 0
-0.717443 , -0.696798 , 0
-0.705378 , -0.709008 , 0
-0.693105 , -0.72101 , 0
-0.680628 , -0.732798 , 0
-0.66795 , -0.744371 , 0
-0.655075 , -0.755725 , 0
-0.642007 , -0.766856 , 0
-0.628751 , -0.777761 , 0
-0.615309 , -0.788437 , 0
-0.601685 , -0.798881 , 0
-0.587885 , -0.809089 , 0
-0.573911 , -0.819059 , 0
-0.559768 , -0.828788 , 0
-0.545461 , -0.838272 , 0
-0.530992 , -0.84751 , 0
-0.516367 , -0.856498 , 0
-0.50159 , -0.865233 , 0
-0.486666 , -0.873714 , 0
-0.471597 , -0.881937 , 0
-0.45639 , -0.8899 , 0
-0.441049 , -0.897601 , 0
-0.425577 , -0.905038 , 0
-0.409981 , -0.912208 , 0
-0.394263 , -0.919109 , 0
-0.378429 , -0.92574 , 0
-0.362484 , -0.932098 , 0
-0.346432 , -0.938181 , 0
-0.330278 , -0.943988 , 0
-0.314026 , -0.949516 , 0
-0.297682 , -0.954765 , 0
-0.28125 , -0.959733 , 0
-0.264736 , -0.964418 , 0
-0.248143 , -0.968818 , 0
-0.231478 , -0.972933 , 0
-0.214744 , -0.976762 , 0
-0.197947 , -0.980303 , 0
-0.181091 , -0.983555 , 0
-0.164182 , -0.986517 , 0
-0.147225 , -0.989188 , 0
-0.130224 , -0.991568 , 0
-0.113186 , -0.993656 , 0
-0.0961132 , -0.995451 , 0
-0.0790126 , -0.996953 , 0
-0.0618887 , -0.998161 , 0
-0.0447466 , -0.999075 , 0
-0.0275913 , -0.999695 , 0
-0.0104278 , -1.00002 , 0
0.00673867 , -1.00005 , 0
0.0239032 , -0.999786 , 0
0.0410607 , -0.999227 , 0
0.0582061 , -0.998374 , 0
0.0753343 , -0.997227 , 0
0.0924403 , -0.995785 , 0
0.109519 , -0.994051 , 0
0.126566 , -0.992023 , 0
0.143575 , -0.989703 , 0
0.160542 , -0.987092 , 0
0.177461 , -0.984189 , 0
0.194329 , -0.980997 , 0
0.211139 , -0.977515 , 0
0.227887 , -0.973746 , 0
0.244567 , -0.96969 , 0
0.261176 , -0.965347 , 0
0.277708 , -0.960721 , 0
0.294158 , -0.955811 , 0
0.310521 , -0.95062 , 0
0.326792 , -0.945148 , 0
0.342968 , -0.939399 , 0
0.359042 , -0.933372 , 0
0.375011 , -0.92707 , 0
0.390869 , -0.920495 , 0
0.406612 , -0.913649 , 0
0.422235 , -0.906533 , 0
0.437733 , -0.899151 , 0
0.453103 , -0.891503 , 0
0.468339 , -0.883593 , 0
0.483437 , -0.875423 , 0
0.498393 , -0.866994 , 0
0.513201 , -0.85831 , 0
0.527859 , -0.849373 , 0
0.542361 , -0.840186 , 0
0.556703 , -0.830751 , 0
0.570881 , -0.821071 , 0
0.584891 , -0.811149 , 0
0.598729 , -0.800989 , 0
0.61239 , -0.790592 , 0
0.62587 , -0.779962 , 0
0.639166 , -0.769103 , 0
0.652274 , -0.758017 , 0
0.66519 , -0.746707 , 0
0.677909 , -0.735178 , 0
0.690429 , -0.723431 , 0
0.702746 , -0.711472 , 0
0.714855 , -0.699303 , 0
0.726753 , -0.686928 , 0
0.738438 , -0.67435 , 0
0.749905 , -0.661574 , 0
0.76115 , -0.648602 , 0
0.772172 , -0.63544 , 0
0.782966 , -0.62209 , 0
0.793529 , -0.608557 , 0
0.803858 , -0.594845 , 0
0.813951 , -0.580957 , 0
0.823803 , -0.566898 , 0
0.833413 , -0.552672 , 0
0.842778 , -0.538284 , 0
0.851893 , -0.523736 , 0
0.860758 , -0.509034 , 0
0.869369 , -0.494182 , 0
0.877724 , -0.479185 , 0
0.88582 , -0.464046 , 0
0.893656 , -0.448771 , 0
0.901227 , -0.433363 , 0
0.908534 , -0.417828 , 0
0.915572 , -0.402169 , 0
0.922341 , -0.386392 , 0
0.928838 , -0.370501 , 0
0.935061 , -0.354501 , 0
0.941008 , -0.338397 , 0
0.946678 , -0.322192 , 0
0.95207 , -0.305893 , 0
0.95718 , -0.289504 , 0
0.962009 , -0.273029 , 0
0.966554 , -0.256474 , 0
0.970814 , -0.239843 , 0
0.974788 , -0.223141 , 0
0.978475 , -0.206374 , 0
0.981873 , -0.189546 , 0
0.984982 , -0.172662 , 0
0.987801 , -0.155727 , 0
0.990329 , -0.138747 , 0
0.992564 , -0.121725 , 0
0.994508 , -0.104668 , 0
0.996158 , -0.0875793 , 0
0.997514 , -0.0704652 , 0
0.998577 , -0.0533303 , 0
0.999345 , -0.0361797 , 0
0.999819 , -0.0190184 , 0
0.999998 , -0.00185155 , 0
0.999883 , 0.0153159 , 0
0.999472 , 0.0324788 , 0
0.998768 , 0.0496321 , 0
0.997769 , 0.0667708 , 0
0.996475 , 0.0838898 , 0
0.994888 , 0.100984 , 0
0.993008 , 0.118049 , 0
0.990836 , 0.135078 , 0
0.988371 , 0.152068 , 0
0.985615 , 0.169013 , 0
0.982568 , 0.185909 , 0
0.979232 , 0.202749 , 0
0.975608 , 0.21953 , 0
0.971695 , 0.236246 , 0
0.967497 , 0.252893 , 0
0.963013 , 0.269465 , 0
0.958246 , 0.285957 , 0
0.953196 , 0.302365 , 0
0.947865 , 0.318684 , 0
0.942255 , 0.33491 , 0
0.936367 , 0.351036 , 0
0.930203 , 0.367059 , 0
0.923765 , 0.382974 , 0
0.917055 , 0.398776 , 0
0.910075 , 0.414461 , 0
0.902826 , 0.430023 , 0
0.895311 , 0.445459 , 0
0.887533 , 0.460763 , 0
0.879493 , 0.475931 , 0
0.871193 , 0.49096 , 0
0.862637 , 0.505843 , 0
0.853827 , 0.520578 , 0
0.844765 , 0.535159 , 0
0.835454 , 0.549582 , 0
0.825897 , 0.563844 , 0
0.816097 , 0.577939 , 0
0.806056 , 0.591864 , 0
0.795777 , 0.605615 , 0
0.785264 , 0.619187 , 0
0.77452 , 0.632576 , 0
0.763547 , 0.645779 , 0
0.752349 , 0.658792 , 0
0.74093 , 0.671611 , 0
0.729292 , 0.684232 , 0
0.717439 , 0.696651 , 0
0.705375 , 0.708865 , 0
0.693103 , 0.72087 , 0
0.680627 , 0.732662 , 0
0.66795 , 0.744239 , 0
0.655077 , 0.755596 , 0
0.64201 , 0.766731 , 0
0.628754 , 0.777639 , 0
0.615313 , 0.788319 , 0
0.60169 , 0.798766 , 0
0.587891 , 0.808978 , 0
0.573918 , 0.818951 , 0
0.559775 , 0.828684 , 0
0.545468 , 0.838171 , 0
0.531 , 0.847412 , 0
0.516376 , 0.856404 , 0
0.5016 , 0.865142 , 0
0.486675 , 0.873626 , 0
0.471608 , 0.881853 , 0
0.456401 , 0.889819 , 0
0.44106 , 0.897524 , 0
0.425589 , 0.904964 , 0
0.409992 , 0.912137 , 0
0.394275 , 0.919041 , 0
0.378441 , 0.925675 , 0
0.362496 , 0.932036 , 0
0.346444 , 0.938122 , 0
0.33029 , 0.943932 , 0
0.314039 , 0.949463 , 0
0.297695 , 0.954715 , 0
0.281263 , 0.959686 , 0
0.264749 , 0.964374 , 0
0.248156 , 0.968777 , 0
0.231491 , 0.972895 , 0
0.214757 , 0.976727 , 0
0.19796 , 0.98027 , 0
0.181105 , 0.983525 , 0
0.164196 , 0.98649 , 0
0.147239 , 0.989165 , 0
0.130238 , 0.991547 , 0
0.113199 , 0.993638 , 0
0.0961271 , 0.995436 , 0
0.0790265 , 0.996941 , 0
0.0619026 , 0.998152 , 0
0.0447605 , 0.999068 , 0
0.0276052 , 0.999691 , 0
0.0104418 , 1.00002 , 0
-0.00672476 , 1.00005 , 0
-0.0238893 , 0.99979 , 0
-0.0410468 , 0.999234 , 0
-0.0581922 , 0.998384 , 0
-0.0753204 , 0.997239 , 0
-0.0924265 , 0.9958 , 0
-0.109505 , 0.994069 , 0
-0.126552 , 0.992044 , 0
-0.143561 , 0.989727 , 0
-0.160528 , 0.987118 , 0
-0.177448 , 0.984218 , 0
-0.194315 , 0.981029 , 0
-0.211125 , 0.97755 , 0
-0.227873 , 0.973784 , 0
-0.244554 , 0.96973 , 0
-0.261163 , 0.965391 , 0
-0.277695 , 0.960767 , 0
-0.294145 , 0.955861 , 0
-0.310508 , 0.950672 , 0
-0.32678 , 0.945204 , 0
-0.342955 , 0.939457 , 0
-0.35903 , 0.933433 , 0
-0.374999 , 0.927135 , 0
-0.390857 , 0.920563 , 0
-0.4066 , 0.91372 , 0
-0.422223 , 0.906608 , 0
-0.437722 , 0.899228 , 0
-0.453092 , 0.891584 , 0
-0.468329 , 0.883677 , 0
-0.483427 , 0.87551 , 0
-0.498383 , 0.867084 , 0
-0.513192 , 0.858404 , 0
-0.52785 , 0.84947 , 0
-0.542353 , 0.840286 , 0
-0.556696 , 0.830855 , 0
-0.570874 , 0.821179 , 0
-0.584885 , 0.81126 , 0
-0.598723 , 0.801103 , 0
-0.612385 , 0.79071 , 0
-0.625866 , 0.780084 , 0
-0.639163 , 0.769228 , 0
-0.652272 , 0.758146 , 0
-0.665189 , 0.74684 , 0
-0.677909 , 0.735314 , 0
-0.69043 , 0.723571 , 0
-0.702748 , 0.711615 , 0
-0.714858 , 0.69945 , 0
-0.726758 , 0.687079 , 0
-0.738444 , 0.674505 , 0
-0.749912 , 0.661732 , 0
-0.761159 , 0.648765 , 0
-0.772183 , 0.635606 , 0
-0.782978 , 0.62226 , 0
-0.793543 , 0.608731 , 0
-0.803874 , 0.595023 , 0
-0.813969 , 0.581139 , 0
-0.823823 , 0.567084 , 0
-0.833435 , 0.552862 , 0
-0.842801 , 0.538477 , 0
-0.851919 , 0.523934 , 0
-0.860786 , 0.509236 , 0
-0.8694 , 0.494388 , 0
-0.877757 , 0.479394 , 0
-0.885856 , 0.464259 , 0
-0.893694 , 0.448988 , 0
-0.901269 , 0.433584 , 0
-0.908578 , 0.418053 , 0
-0.915619 , 0.402398 , 0
-0.922391 , 0.386625 , 0
-0.928891 , 0.370738 , 0
-0.935117 , 0.354741 , 0
-0.941068 , 0.33864 , 0
-0.946741 , 0.32244 , 0
-0.952136 , 0.306144 , 0
-0.95725 , 0.289759 , 0
-0.962083 , 0.273287 , 0
-0.966632 , 0.256736 , 0
-0.970896 , 0.240109 , 0
-0.974874 , 0.223411 , 0
-0.978565 , 0.206647 , 0
-0.981967 , 0.189822 , 0
-0.985081 , 0.172941 , 0
-0.987904 , 0.15601 , 0
-0.990436 , 0.139032 , 0
-0.992676 , 0.122014 , 0
-0.994624 , 0.10496 , 0
-0.996279 , 0.0878743 , 0
-0.997641 , 0.0707631 , 0
-0.998708 , 0.053631 , 0
-0.999482 , 0.0364832 , 0
-0.999961 , 0.0193246 , 0
-1.00015 , 0.00216029 , 0
-1.00003 , -0.0150046 , 0
-0.99963 , -0.0321651 , 0
-0.998931 , -0.0493162 , 0
-0.997937 , -0.0664527 , 0
-0.99665 , -0.0835696 , 0
-0.995068 , -0.100662 , 0
-0.993194 , -0.117725 , 0
-0.991027 , -0.134753 , 0
-0.988569 , -0.151741 , 0
-0.985819 , -0.168684 , 0
-0.982778 , -0.185578 , 0
-0.979448 , -0.202417 , 0
-0.97583 , -0.219197 , 0
-0.971924 , -0.235912 , 0
-0.967732 , -0.252558 , 0
-0.963254 , -0.269129 , 0
-0.958493 , -0.285621 , 0
-0.95345 , -0.302028 , 0
-0.948126 , -0.318347 , 0
-0.942522 , -0.334572 , 0
-0.936641 , -0.350698 , 0
-0.930484 , -0.366721 , 0
-0.924052 , -0.382636 , 0
-0.917349 , -0.398439 , 0
-0.910375 , -0.414124 , 0
-0.903133 , -0.429687 , 0
-0.895625 , -0.445123 , 0
-0.887854 , -0.460428 , 0
-0.87982 , -0.475598 , 0
-0.871528 , -0.490627 , 0
-0.862978 , -0.505512 , 0
-0.854175 , -0.520248 , 0
-0.84512 , -0.534831 , 0
-0.835816 , -0.549256 , 0
-0.826265 , -0.56352 , 0
-0.816472 , -0.577617 , 0
-0.806437 , -0.591545 , 0
-0.796165 , -0.605298 , 0
-0.785659 , -0.618872 , 0
-0.774921 , -0.632265 , 0
-0.763955 , -0.645471 , 0
-0.752764 , -0.658487 , 0
-0.741351 , -0.671309 , 0
-0.72972 , -0.683933 , 0
-0.717873 , -0.696355 , 0
-0.705815 , -0.708573 , 0
-0.69355 , -0.720582 , 0
-0.68108 , -0.732378 , 0
-0.668409 , -0.743959 , 0
-0.655541 , -0.755321 , 0
-0.642481 , -0.76646 , 0
-0.629231 , -0.777373 , 0
-0.615795 , -0.788057 , 0
-0.602178 , -0.798509 , 0
-0.588384 , -0.808726 , 0
-0.574417 , -0.818705 , 0
-0.56028 , -0.828442 , 0
-0.545978 , -0.837935 , 0
-0.531515 , -0.847182 , 0
-0.516896 , -0.856179 , 0
-0.502124 , -0.864923 , 0
-0.487205 , -0.873413 , 0
-0.472142 , -0.881646 , 0
-0.45694 , -0.889618 , 0
-0.441603 , -0.897329 , 0
-0.426136 , -0.904775 , 0
-0.410543 , -0.911955 , 0
-0.39483 , -0.918866 , 0
-0.379 , -0.925506 , 0
-0.363059 , -0.931874 , 0
-0.347011 , -0.937967 , 0
-0.33086 , -0.943784 , 0
-0.314612 , -0.949322 , 0
-0.298271 , -0.954581 , 0
-0.281843 , -0.959559 , 0
-0.265331 , -0.964254 , 0
-0.248741 , -0.968665 , 0
-0.232078 , -0.97279 , 0
-0.215346 , -0.976629 , 0
-0.198551 , -0.98018 , 0
-0.181698 , -0.983443 , 0
-0.164791 , -0.986415 , 0
-0.147835 , -0.989097 , 0
-0.130836 , -0.991488 , 0
-0.113799 , -0.993586 , 0
-0.0967276 , -0.995392 , 0
-0.0796279 , -0.996904 , 0
-0.0625047 , -0.998123 , 0
-0.0453632 , -0.999048 , 0
-0.0282083 , -0.999678 , 0
-0.011045 , -1.00001 , 0
0.00612147 , -1.00005 , 0
0.0232862 , -0.999801 , 0
0.040444 , -0.999252 , 0
0.0575899 , -0.99841 , 0
0.0747188 , -0.997273 , 0
0.0918258 , -0.995842 , 0
0.108906 , -0.994118 , 0
0.125953 , -0.992101 , 0
0.142964 , -0.989792 , 0
0.159933 , -0.98719 , 0
0.176854 , -0.984299 , 0
0.193723 , -0.981117 , 0
0.210536 , -0.977646 , 0
0.227286 , -0.973886 , 0
0.243969 , -0.96984 , 0
0.26058 , -0.965508 , 0
0.277115 , -0.960892 , 0
0.293568 , -0.955993 , 0
0.309934 , -0.950811 , 0
0.326209 , -0.94535 , 0
0.342388 , -0.93961 , 0
0.358466 , -0.933593 , 0
0.374438 , -0.927301 , 0
0.390301 , -0.920736 , 0
0.406048 , -0.9139 , 0
0.421675 , -0.906794 , 0
0.437178 , -0.899421 , 0
0.452553 , -0.891783 , 0
0.467793 , -0.883882 , 0
0.482897 , -0.875721 , 0
0.497857 , -0.867301 , 0
0.512672 , -0.858626 , 0
0.527335 , -0.849699 , 0
0.541842 , -0.84052 , 0
0.55619 , -0.831094 , 0
0.570374 , -0.821423 , 0
0.58439 , -0.81151 , 0
0.598234 , -0.801358 , 0
0.611902 , -0.79097 , 0
0.625389 , -0.780349 , 0
0.638692 , -0.769497 , 0
0.651806 , -0.758419 , 0
0.664729 , -0.747118 , 0
0.677456 , -0.735596 , 0
0.689983 , -0.723857 , 0
0.702306 , -0.711906 , 0
0.714423 , -0.699744 , 0
0.726329 , -0.687376 , 0
0.738021 , -0.674806 , 0
0.749496 , -0.662036 , 0
0.76075 , -0.649072 , 0
0.77178 , -0.635916 , 0
0.782582 , -0.622573 , 0
0.793153 , -0.609047 , 0
0.803491 , -0.595341 , 0
0.813592 , -0.581459 , 0
0.823453 , -0.567407 , 0
0.833072 , -0.553187 , 0
0.842445 , -0.538804 , 0
0.85157 , -0.524262 , 0
0.860444 , -0.509565 , 0
0.869064 , -0.494719 , 0
0.877428 , -0.479727 , 0
0.885534 , -0.464593 , 0
0.893378 , -0.449322 , 0
0.90096 , -0.433919 , 0
0.908276 , -0.418388 , 0
0.915324 , -0.402734 , 0
0.922102 , -0.386961 , 0
0.928609 , -0.371074 , 0
0.934842 , -0.355078 , 0
0.940799 , -0.338977 , 0
0.946479 , -0.322776 , 0
0.951881 , -0.306481 , 0
0.957001 , -0.290094 , 0
0.96184 , -0.273623 , 0
0.966395 , -0.25707 , 0
0.970666 , -0.240442 , 0
0.97465 , -0.223743 , 0
0.978347 , -0.206978 , 0
0.981756 , -0.190152 , 0
0.984875 , -0.17327 , 0
0.987705 , -0.156337 , 0
0.990243 , -0.139358 , 0
0.992489 , -0.122338 , 0
0.994443 , -0.105281 , 0
0.996104 , -0.0881941 , 0
0.997471 , -0.0710808 , 0
0.998544 , -0.0539466 , 0
0.999323 , -0.0367965 , 0
0.999807 , -0.0196355 , 0
0.999997 , -0.00246873 , 0
0.999892 , 0.0146988 , 0
0.999492 , 0.0318619 , 0
0.998798 , 0.0490157 , 0
0.99781 , 0.066155 , 0
0.996527 , 0.0832748 , 0
0.994951 , 0.10037 , 0
0.993081 , 0.117436 , 0
0.990919 , 0.134467 , 0
0.988465 , 0.151458 , 0
0.985719 , 0.168405 , 0
0.982683 , 0.185302 , 0
0.979357 , 0.202145 , 0
0.975743 , 0.218928 , 0
0.971841 , 0.235646 , 0
0.967653 , 0.252295 , 0
0.963179 , 0.26887 , 0
0.958422 , 0.285366 , 0
0.953382 , 0.301777 , 0
0.948061 , 0.318099 , 0
0.942461 , 0.334328 , 0
0.936583 , 0.350458 , 0
0.93043 , 0.366485 , 0
0.924001 , 0.382404 , 0
0.917301 , 0.39821 , 0
0.91033 , 0.413899 , 0
0.903091 , 0.429466 , 0
0.895586 , 0.444906 , 0
0.887817 , 0.460215 , 0
0.879786 , 0.475389 , 0
0.871496 , 0.490422 , 0
0.862949 , 0.505311 , 0
0.854148 , 0.520051 , 0
0.845095 , 0.534637 , 0
0.835793 , 0.549067 , 0
0.826245 , 0.563334 , 0
0.816453 , 0.577435 , 0
0.806421 , 0.591366 , 0
0.796151 , 0.605123 , 0
0.785646 , 0.618702 , 0
0.77491 , 0.632098 , 0
0.763945 , 0.645308 , 0
0.752756 , 0.658328 , 0
0.741344 , 0.671154 , 0
0.729714 , 0.683781 , 0
0.717869 , 0.696208 , 0
0.705813 , 0.708429 , 0
0.693548 , 0.720442 , 0
0.681079 , 0.732242 , 0
0.66841 , 0.743826 , 0
0.655543 , 0.755192 , 0
0.642483 , 0.766334 , 0
0.629234 , 0.777251 , 0
0.615799 , 0.787939 , 0
0.602183 , 0.798395 , 0
0.58839 , 0.808615 , 0
0.574423 , 0.818597 , 0
0.560287 , 0.828338 , 0
0.545986 , 0.837835 , 0
0.531523 , 0.847085 , 0
0.516905 , 0.856085 , 0
0.502133 , 0.864833 , 0
0.487214 , 0.873326 , 0
0.472152 , 0.881562 , 0
0.45695 , 0.889537 , 0
0.441614 , 0.897251 , 0
0.426147 , 0.904701 , 0
0.410555 , 0.911884 , 0
0.394842 , 0.918798 , 0
0.379012 , 0.925441 , 0
0.363071 , 0.931812 , 0
0.347023 , 0.937908 , 0
0.330873 , 0.943728 , 0
0.314625 , 0.949269 , 0
0.298284 , 0.954531 , 0
0.281856 , 0.959512 , 0
0.265344 , 0.96421 , 0
0.248754 , 0.968624 , 0
0.232091 , 0.972752 , 0
0.21536 , 0.976594 , 0
0.198565 , 0.980148 , 0
0.181712 , 0.983413 , 0
0.164805 , 0.986389 , 0
0.147849 , 0.989074 , 0
0.13085 , 0.991467 , 0
0.113813 , 0.993568 , 0
0.0967414 , 0.995377 , 0
0.0796417 , 0.996892 , 0
0.0625186 , 0.998113 , 0
0.0453771 , 0.99904 , 0
0.0282221 , 0.999673 , 0
0.0110589 , 1.00001 , 0
-0.00610756 , 1.00006 , 0
-0.0232722 , 0.999805 , 0
-0.0404301 , 0.999259 , 0
-0.057576 , 0.998419 , 0
-0.0747049 , 0.997285 , 0
-0.0918119 , 0.995857 , 0
-0.108892 , 0.994136 , 0
-0.12594 , 0.992122 , 0
-0.14295 , 0.989815 , 0
-0.159919 , 0.987217 , 0
-0.17684 , 0.984328 , 0
-0.19371 , 0.981149 , 0
-0.210522 , 0.97768 , 0
-0.227272 , 0.973924 , 0
-0.243956 , 0.969881 , 0
-0.260567 , 0.965552 , 0
-0.277102 , 0.960939 , 0
-0.293555 , 0.956042 , 0
-0.309921 , 0.950864 , 0
-0.326196 , 0.945406 , 0
-0.342375 , 0.939669 , 0
-0.358454 , 0.933655 , 0
-0.374426 , 0.927366 , 0
-0.390289 , 0.920804 , 0
-0.406036 , 0.913971 , 0
-0.421664 , 0.906868 , 0
-0.437167 , 0.899498 , 0
-0.452542 , 0.891863 , 0
-0.467783 , 0.883966 , 0
-0.482887 , 0.875808 , 0
-0.497848 , 0.867392 , 0
-0.512662 , 0.85872 , 0
-0.527326 , 0.849796 , 0
-0.541834 , 0.840621 , 0
-0.556183 , 0.831198 , 0
-0.570367 , 0.821531 , 0
-0.584384 , 0.811621 , 0
-0.598229 , 0.801473 , 0
-0.611897 , 0.791088 , 0
-0.625385 , 0.78047 , 0
-0.638689 , 0.769622 , 0
-0.651804 , 0.758548 , 0
-0.664728 , 0.74725 , 0
-0.677455 , 0.735732 , 0
-0.689984 , 0.723997 , 0
-0.702309 , 0.712049 , 0
-0.714427 , 0.699891 , 0
-0.726334 , 0.687527 , 0
-0.738028 , 0.67496 , 0
-0.749504 , 0.662195 , 0
-0.760759 , 0.649234 , 0
-0.77179 , 0.636083 , 0
-0.782594 , 0.622744 , 0
-0.793167 , 0.609221 , 0
-0.803507 , 0.595519 , 0
-0.81361 , 0.581641 , 0
-0.823473 , 0.567592 , 0
-0.833094 , 0.553376 , 0
-0.842469 , 0.538997 , 0
-0.851596 , 0.524459 , 0
-0.860472 , 0.509767 , 0
-0.869095 , 0.494924 , 0
-0.877461 , 0.479936 , 0
-0.885569 , 0.464806 , 0
-0.893417 , 0.449539 , 0
-0.901001 , 0.43414 , 0
-0.908319 , 0.418613 , 0
-0.915371 , 0.402963 , 0
-0.922152 , 0.387194 , 0
-0.928662 , 0.371311 , 0
-0.934898 , 0.355318 , 0
-0.940859 , 0.339221 , 0
-0.946542 , 0.323024 , 0
-0.951947 , 0.306732 , 0
-0.957071 , 0.290349 , 0
-0.961914 , 0.273881 , 0
-0.966473 , 0.257332 , 0
-0.970747 , 0.240708 , 0
-0.974736 , 0.224012 , 0
-0.978437 , 0.207251 , 0
-0.98185 , 0.190428 , 0
-0.984974 , 0.173549 , 0
-0.987807 , 0.15662 , 0
-0.99035 , 0.139644 , 0
-0.992601 , 0.122627 , 0
-0.994559 , 0.105573 , 0
-0.996225 , 0.0884891 , 0
-0.997597 , 0.0713787 , 0
-0.998675 , 0.0542473 , 0
-0.999459 , 0.0371 , 0
-0.999949 , 0.0199417 , 0
-1.00014 , 0.00277752 , 0
-1.00004 , -0.0143875 , 0
-0.99965 , -0.0315482 , 0
-0.998961 , -0.0486997 , 0
-0.997978 , -0.0658368 , 0
-0.996701 , -0.0829545 , 0
-0.99513 , -0.100048 , 0
-0.993267 , -0.117112 , 0
-0.99111 , -0.134141 , 0
-0.988662 , -0.151131 , 0
-0.985922 , -0.168076 , 0
-0.982892 , -0.184972 , 0
-0.979573 , -0.201813 , 0
-0.975965 , -0.218595 , 0
-0.972069 , -0.235312 , 0
-0.967887 , -0.25196 , 0
-0.96342 , -0.268534 , 0
-0.958669 , -0.285029 , 0
-0.953636 , -0.30144 , 0
-0.948322 , -0.317762 , 0
-0.942728 , -0.33399 , 0
-0.936857 , -0.35012 , 0
-0.93071 , -0.366147 , 0
-0.924288 , -0.382066 , 0
-0.917595 , -0.397873 , 0
-0.910631 , -0.413562 , 0
-0.903398 , -0.429129 , 0
-0.8959 , -0.44457 , 0
-0.888137 , -0.45988 , 0
-0.880113 , -0.475055 , 0
-0.87183 , -0.490089 , 0
-0.86329 , -0.50498 , 0
-0.854496 , -0.519721 , 0
-0.84545 , -0.53431 , 0
-0.836154 , -0.548741 , 0
-0.826613 , -0.56301 , 0
-0.816828 , -0.577113 , 0
-0.806802 , -0.591047 , 0
-0.796539 , -0.604806 , 0
-0.786041 , -0.618387 , 0
-0.775311 , -0.631786 , 0
-0.764353 , -0.644999 , 0
-0.75317 , -0.658022 , 0
-0.741765 , -0.670851 , 0
-0.730142 , -0.683482 , 0
-0.718303 , -0.695912 , 0
-0.706253 , -0.708137 , 0
-0.693994 , -0.720154 , 0
-0.681532 , -0.731958 , 0
-0.668868 , -0.743546 , 0
-0.656007 , -0.754916 , 0
-0.642953 , -0.766063 , 0
-0.62971 , -0.776985 , 0
-0.616281 , -0.787677 , 0
-0.602671 , -0.798138 , 0
-0.588883 , -0.808363 , 0
-0.574922 , -0.81835 , 0
-0.560791 , -0.828096 , 0
-0.546495 , -0.837598 , 0
-0.532038 , -0.846854 , 0
-0.517424 , -0.85586 , 0
-0.502658 , -0.864613 , 0
-0.487744 , -0.873112 , 0
-0.472686 , -0.881354 , 0
-0.457488 , -0.889336 , 0
-0.442156 , -0.897056 , 0
-0.426694 , -0.904512 , 0
-0.411106 , -0.911701 , 0
-0.395397 , -0.918622 , 0
-0.379571 , -0.925272 , 0
-0.363634 , -0.93165 , 0
-0.347589 , -0.937753 , 0
-0.331442 , -0.943579 , 0
-0.315198 , -0.949128 , 0
-0.29886 , -0.954397 , 0
-0.282435 , -0.959385 , 0
-0.265926 , -0.96409 , 0
-0.249339 , -0.968511 , 0
-0.232678 , -0.972647 , 0
-0.215949 , -0.976496 , 0
-0.199156 , -0.980058 , 0
-0.182305 , -0.98333 , 0
-0.1654 , -0.986313 , 0
-0.148446 , -0.989006 , 0
-0.131448 , -0.991407 , 0
-0.114412 , -0.993516 , 0
-0.0973419 , -0.995332 , 0
-0.0802431 , -0.996855 , 0
-0.0631207 , -0.998084 , 0
-0.0459797 , -0.999019 , 0
-0.0288252 , -0.99966 , 0
-0.0116622 , -1.00001 , 0
0.00550428 , -1.00006 , 0
0.0226691 , -0.999815 , 0
0.0398273 , -0.999277 , 0
0.0569737 , -0.998445 , 0
0.0741033 , -0.997319 , 0
0.0912111 , -0.995899 , 0
0.108292 , -0.994185 , 0
0.125341 , -0.992178 , 0
0.142353 , -0.98988 , 0
0.159323 , -0.987289 , 0
0.176247 , -0.984408 , 0
0.193118 , -0.981236 , 0
0.209932 , -0.977775 , 0
0.226685 , -0.974027 , 0
0.24337 , -0.969991 , 0
0.259984 , -0.965669 , 0
0.276522 , -0.961063 , 0
0.292978 , -0.956174 , 0
0.309347 , -0.951002 , 0
0.325626 , -0.945551 , 0
0.341808 , -0.939821 , 0
0.35789 , -0.933814 , 0
0.373866 , -0.927532 , 0
0.389732 , -0.920977 , 0
0.405484 , -0.91415 , 0
0.421115 , -0.907054 , 0
0.436623 , -0.899691 , 0
0.452002 , -0.892062 , 0
0.467248 , -0.884171 , 0
0.482356 , -0.876019 , 0
0.497322 , -0.867609 , 0
0.512142 , -0.858943 , 0
0.52681 , -0.850024 , 0
0.541323 , -0.840854 , 0
0.555677 , -0.831437 , 0
0.569867 , -0.821775 , 0
0.583889 , -0.811871 , 0
0.597739 , -0.801727 , 0
0.611413 , -0.791347 , 0
0.624907 , -0.780734 , 0
0.638217 , -0.769891 , 0
0.651338 , -0.758821 , 0
0.664268 , -0.747528 , 0
0.677001 , -0.736014 , 0
0.689536 , -0.724283 , 0
0.701867 , -0.712339 , 0
0.713991 , -0.700185 , 0
0.725905 , -0.687824 , 0
0.737605 , -0.675261 , 0
0.749087 , -0.662499 , 0
0.760349 , -0.649541 , 0
0.771387 , -0.636393 , 0
0.782197 , -0.623056 , 0
0.792777 , -0.609536 , 0
0.803124 , -0.595837 , 0
0.813233 , -0.581961 , 0
0.823103 , -0.567915 , 0
0.83273 , -0.553701 , 0
0.842112 , -0.539323 , 0
0.851246 , -0.524787 , 0
0.860129 , -0.510096 , 0
0.868759 , -0.495255 , 0
0.877132 , -0.480268 , 0
0.885247 , -0.465139 , 0
0.893101 , -0.449874 , 0
0.900692 , -0.434475 , 0
0.908017 , -0.418949 , 0
0.915075 , -0.403299 , 0
0.921863 , -0.38753 , 0
0.92838 , -0.371648 , 0
0.934622 , -0.355655 , 0
0.94059 , -0.339558 , 0
0.94628 , -0.323361 , 0
0.951691 , -0.307068 , 0
0.956822 , -0.290685 , 0
0.961671 , -0.274216 , 0
0.966236 , -0.257667 , 0
0.970517 , -0.241041 , 0
0.974512 , -0.224344 , 0
0.978219 , -0.207582 , 0
0.981638 , -0.190758 , 0
0.984768 , -0.173878 , 0
0.987608 , -0.156947 , 0
0.990157 , -0.139969 , 0
0.992413 , -0.12295 , 0
0.994378 , -0.105895 , 0
0.996049 , -0.0888088 , 0
0.997427 , -0.0716964 , 0
0.99851 , -0.0545629 , 0
0.9993 , -0.0374132 , 0
0.999795 , -0.0202525 , 0
0.999995 , -0.00308591 , 0
0.999901 , 0.0140816 , 0
0.999512 , 0.031245 , 0
0.998828 , 0.0483992 , 0
0.99785 , 0.0655391 , 0
0.996578 , 0.0826598 , 0
0.995012 , 0.099756 , 0
0.993153 , 0.116823 , 0
0.991002 , 0.133855 , 0
0.988558 , 0.150848 , 0
0.985823 , 0.167797 , 0
0.982797 , 0.184696 , 0
0.979482 , 0.20154 , 0
0.975878 , 0.218326 , 0
0.971986 , 0.235047 , 0
0.967808 , 0.251698 , 0
0.963345 , 0.268276 , 0
0.958598 , 0.284774 , 0
0.953568 , 0.301188 , 0
0.948258 , 0.317514 , 0
0.942667 , 0.333746 , 0
0.9368 , 0.34988 , 0
0.930656 , 0.365911 , 0
0.924237 , 0.381834 , 0
0.917547 , 0.397644 , 0
0.910585 , 0.413337 , 0
0.903356 , 0.428908 , 0
0.89586 , 0.444353 , 0
0.888101 , 0.459667 , 0
0.880079 , 0.474845 , 0
0.871799 , 0.489884 , 0
0.863261 , 0.504778 , 0
0.854469 , 0.519523 , 0
0.845425 , 0.534116 , 0
0.836132 , 0.548551 , 0
0.826592 , 0.562824 , 0
0.816809 , 0.576931 , 0
0.806786 , 0.590869 , 0
0.796524 , 0.604632 , 0
0.786028 , 0.618217 , 0
0.7753 , 0.63162 , 0
0.764344 , 0.644836 , 0
0.753162 , 0.657863 , 0
0.741758 , 0.670696 , 0
0.730136 , 0.683331 , 0
0.718299 , 0.695765 , 0
0.70625 , 0.707994 , 0
0.693993 , 0.720014 , 0
0.681531 , 0.731822 , 0
0.668868 , 0.743414 , 0
0.656009 , 0.754787 , 0
0.642956 , 0.765938 , 0
0.629714 , 0.776863 , 0
0.616286 , 0.787559 , 0
0.602676 , 0.798023 , 0
0.588889 , 0.808252 , 0
0.574928 , 0.818242 , 0
0.560798 , 0.827992 , 0
0.546503 , 0.837498 , 0
0.532046 , 0.846756 , 0
0.517433 , 0.855766 , 0
0.502667 , 0.864523 , 0
0.487753 , 0.873025 , 0
0.472696 , 0.88127 , 0
0.457499 , 0.889255 , 0
0.442167 , 0.896979 , 0
0.426705 , 0.904438 , 0
0.411118 , 0.91163 , 0
0.395409 , 0.918554 , 0
0.379583 , 0.925207 , 0
0.363646 , 0.931588 , 0
0.347602 , 0.937694 , 0
0.331455 , 0.943523 , 0
0.315211 , 0.949075 , 0
0.298873 , 0.954347 , 0
0.282448 , 0.959338 , 0
0.265939 , 0.964046 , 0
0.249352 , 0.96847 , 0
0.232692 , 0.972609 , 0
0.215963 , 0.976461 , 0
0.19917 , 0.980025 , 0
0.182319 , 0.983301 , 0
0.165413 , 0.986287 , 0
0.14846 , 0.988982 , 0
0.131462 , 0.991386 , 0
0.114426 , 0.993498 , 0
0.0973557 , 0.995317 , 0
0.0802569 , 0.996842 , 0
0.0631346 , 0.998074 , 0
0.0459936 , 0.999012 , 0
0.0288391 , 0.999656 , 0
0.0116761 , 1 , 0
-0.00549037 , 1.00006 , 0
-0.0226552 , 0.999819 , 0
-0.0398134 , 0.999284 , 0
-0.0569598 , 0.998455 , 0
-0.0740894 , 0.997331 , 0
-0.0911973 , 0.995914 , 0
-0.108278 , 0.994203 , 0
-0.125327 , 0.992199 , 0
-0.142339 , 0.989903 , 0
-0.15931 , 0.987315 , 0
-0.176233 , 0.984437 , 0
-0.193104 , 0.981268 , 0
-0.209919 , 0.97781 , 0
-0.226671 , 0.974064 , 0
-0.243357 , 0.970031 , 0
-0.259971 , 0.965713 , 0
-0.276508 , 0.96111 , 0
-0.292965 , 0.956223 , 0
-0.309334 , 0.951055 , 0
-0.325613 , 0.945607 , 0
-0.341795 , 0.93988 , 0
-0.357877 , 0.933876 , 0
-0.373854 , 0.927597 , 0
-0.38972 , 0.921045 , 0
-0.405472 , 0.914221 , 0
-0.421104 , 0.907128 , 0
-0.436612 , 0.899768 , 0
-0.451991 , 0.892142 , 0
-0.467237 , 0.884254 , 0
-0.482346 , 0.876106 , 0
-0.497312 , 0.867699 , 0
-0.512132 , 0.859036 , 0
-0.526801 , 0.850121 , 0
-0.541315 , 0.840955 , 0
-0.55567 , 0.831541 , 0
-0.56986 , 0.821882 , 0
-0.583883 , 0.811982 , 0
-0.597734 , 0.801842 , 0
-0.611409 , 0.791465 , 0
-0.624903 , 0.780856 , 0
-0.638214 , 0.770016 , 0
-0.651336 , 0.75895 , 0
-0.664266 , 0.74766 , 0
-0.677001 , 0.73615 , 0
-0.689537 , 0.724423 , 0
-0.701869 , 0.712482 , 0
-0.713994 , 0.700332 , 0
-0.72591 , 0.687975 , 0
-0.737611 , 0.675416 , 0
-0.749095 , 0.662657 , 0
-0.760358 , 0.649704 , 0
-0.771397 , 0.636559 , 0
-0.78221 , 0.623226 , 0
-0.792791 , 0.60971 , 0
-0.803139 , 0.596015 , 0
-0.813251 , 0.582143 , 0
-0.823123 , 0.5681 , 0
-0.832752 , 0.55389 , 0
-0.842136 , 0.539517 , 0
-0.851272 , 0.524985 , 0
-0.860157 , 0.510298 , 0
-0.868789 , 0.49546 , 0
-0.877165 , 0.480477 , 0
-0.885282 , 0.465353 , 0
-0.893139 , 0.450091 , 0
-0.900733 , 0.434696 , 0
-0.908061 , 0.419174 , 0
-0.915122 , 0.403528 , 0
-0.921913 , 0.387763 , 0
-0.928432 , 0.371884 , 0
-0.934678 , 0.355895 , 0
-0.940649 , 0.339802 , 0
-0.946343 , 0.323608 , 0
-0.951758 , 0.307319 , 0
-0.956892 , 0.29094 , 0
-0.961745 , 0.274475 , 0
-0.966314 , 0.257929 , 0
-0.970599 , 0.241307 , 0
-0.974597 , 0.224614 , 0
-0.978309 , 0.207854 , 0
-0.981732 , 0.191034 , 0
-0.984866 , 0.174157 , 0
-0.98771 , 0.157229 , 0
-0.990264 , 0.140255 , 0
-0.992525 , 0.123239 , 0
-0.994494 , 0.106187 , 0
-0.99617 , 0.0891039 , 0
-0.997553 , 0.0719944 , 0
-0.998641 , 0.0548637 , 0
-0.999436 , 0.0377168 , 0
-0.999936 , 0.0205588 , 0
-1.00014 , 0.00339475 , 0
-1.00005 , -0.0137703 , 0
-0.999669 , -0.0309313 , 0
-0.998991 , -0.0480832 , 0
-0.998018 , -0.0652209 , 0
-0.996752 , -0.0823394 , 0
-0.995192 , -0.0994336 , 0
-0.993339 , -0.116499 , 0
-0.991193 , -0.133529 , 0
-0.988755 , -0.150521 , 0
-0.986026 , -0.167467 , 0
-0.983006 , -0.184365 , 0
-0.979697 , -0.201208 , 0
-0.9761 , -0.217992 , 0
-0.972214 , -0.234712 , 0
-0.968043 , -0.251363 , 0
-0.963586 , -0.26794 , 0
-0.958845 , -0.284437 , 0
-0.953822 , -0.300851 , 0
-0.948518 , -0.317176 , 0
-0.942934 , -0.333408 , 0
-0.937073 , -0.349542 , 0
-0.930936 , -0.365573 , 0
-0.924524 , -0.381496 , 0
-0.91784 , -0.397306 , 0
-0.910886 , -0.413 , 0
-0.903663 , -0.428572 , 0
-0.896174 , -0.444017 , 0
-0.888421 , -0.459332 , 0
-0.880407 , -0.474512 , 0
-0.872133 , -0.489551 , 0
-0.863602 , -0.504447 , 0
-0.854816 , -0.519194 , 0
-0.845779 , -0.533788 , 0
-0.836493 , -0.548224 , 0
-0.82696 , -0.5625 , 0
-0.817184 , -0.576609 , 0
-0.807167 , -0.590549 , 0
-0.796912 , -0.604314 , 0
-0.786422 , -0.617902 , 0
-0.775701 , -0.631308 , 0
-0.764751 , -0.644527 , 0
-0.753576 , -0.657557 , 0
-0.742179 , -0.670393 , 0
-0.730563 , -0.683032 , 0
-0.718732 , -0.695469 , 0
-0.70669 , -0.707701 , 0
-0.694439 , -0.719725 , 0
-0.681983 , -0.731537 , 0
-0.669327 , -0.743134 , 0
-0.656473 , -0.754511 , 0
-0.643426 , -0.765666 , 0
-0.63019 , -0.776596 , 0
-0.616767 , -0.787297 , 0
-0.603163 , -0.797765 , 0
-0.589382 , -0.807999 , 0
-0.575427 , -0.817995 , 0
-0.561302 , -0.82775 , 0
-0.547012 , -0.837261 , 0
-0.53256 , -0.846525 , 0
-0.517952 , -0.85554 , 0
-0.503191 , -0.864303 , 0
-0.488282 , -0.872811 , 0
-0.47323 , -0.881062 , 0
-0.458037 , -0.889054 , 0
-0.44271 , -0.896783 , 0
-0.427252 , -0.904249 , 0
-0.411669 , -0.911447 , 0
-0.395964 , -0.918378 , 0
-0.380142 , -0.925038 , 0
-0.364209 , -0.931425 , 0
-0.348168 , -0.937538 , 0
-0.332025 , -0.943375 , 0
-0.315783 , -0.948933 , 0
-0.299449 , -0.954212 , 0
-0.283027 , -0.95921 , 0
-0.266521 , -0.963926 , 0
-0.249937 , -0.968357 , 0
-0.233279 , -0.972503 , 0
-0.216552 , -0.976363 , 0
-0.199761 , -0.979935 , 0
-0.182912 , -0.983218 , 0
-0.166008 , -0.986211 , 0
-0.149056 , -0.988914 , 0
-0.13206 , -0.991326 , 0
-0.115025 , -0.993445 , 0
-0.0979561 , -0.995272 , 0
-0.0808583 , -0.996805 , 0
-0.0637367 , -0.998045 , 0
-0.0465963 , -0.998991 , 0
-0.0294422 , -0.999642 , 0
-0.0122793 , -0.999999 , 0
0.00488708 , -1.00006 , 0
0.0220521 , -0.999829 , 0
0.0392106 , -0.999302 , 0
0.0563575 , -0.99848 , 0
0.0734878 , -0.997364 , 0
0.0905965 , -0.995955 , 0
0.107678 , -0.994252 , 0
0.124729 , -0.992256 , 0
0.141742 , -0.989967 , 0
0.158714 , -0.987387 , 0
0.175639 , -0.984516 , 0
0.192512 , -0.981355 , 0
0.209329 , -0.977905 , 0
0.226083 , -0.974166 , 0
0.242772 , -0.970141 , 0
0.259388 , -0.965829 , 0
0.275929 , -0.961233 , 0
0.292387 , -0.956354 , 0
0.30876 , -0.951193 , 0
0.325042 , -0.945752 , 0
0.341228 , -0.940032 , 0
0.357313 , -0.934035 , 0
0.373294 , -0.927763 , 0
0.389164 , -0.921217 , 0
0.404919 , -0.9144 , 0
0.420555 , -0.907314 , 0
0.436068 , -0.89996 , 0
0.451451 , -0.892341 , 0
0.466702 , -0.884459 , 0
0.481815 , -0.876316 , 0
0.496787 , -0.867915 , 0
0.511611 , -0.859259 , 0
0.526285 , -0.850349 , 0
0.540804 , -0.841188 , 0
0.555164 , -0.83178 , 0
0.56936 , -0.822127 , 0
0.583388 , -0.812231 , 0
0.597244 , -0.802096 , 0
0.610925 , -0.791725 , 0
0.624425 , -0.78112 , 0
0.637741 , -0.770285 , 0
0.65087 , -0.759223 , 0
0.663806 , -0.747938 , 0
0.676547 , -0.736432 , 0
0.689089 , -0.724709 , 0
0.701427 , -0.712772 , 0
0.713559 , -0.700625 , 0
0.72548 , -0.688272 , 0
0.737188 , -0.675716 , 0
0.748678 , -0.662961 , 0
0.759948 , -0.650011 , 0
0.770994 , -0.636869 , 0
0.781813 , -0.623539 , 0
0.792401 , -0.610025 , 0
0.802756 , -0.596332 , 0
0.812874 , -0.582463 , 0
0.822752 , -0.568423 , 0
0.832389 , -0.554214 , 0
0.841779 , -0.539843 , 0
0.850922 , -0.525312 , 0
0.859814 , -0.510627 , 0
0.868453 , -0.495791 , 0
0.876835 , -0.480809 , 0
0.88496 , -0.465686 , 0
0.892823 , -0.450425 , 0
0.900423 , -0.435031 , 0
0.907758 , -0.419509 , 0
0.914826 , -0.403864 , 0
0.921624 , -0.388099 , 0
0.92815 , -0.37222 , 0
0.934403 , -0.356232 , 0
0.94038 , -0.340138 , 0
0.94608 , -0.323945 , 0
0.951502 , -0.307655 , 0
0.956643 , -0.291275 , 0
0.961502 , -0.27481 , 0
0.966077 , -0.258263 , 0
0.970368 , -0.24164 , 0
0.974373 , -0.224946 , 0
0.978091 , -0.208185 , 0
0.981521 , -0.191364 , 0
0.984661 , -0.174486 , 0
0.987511 , -0.157556 , 0
0.99007 , -0.14058 , 0
0.992337 , -0.123563 , 0
0.994312 , -0.106509 , 0
0.995994 , -0.0894236 , 0
0.997382 , -0.072312 , 0
0.998477 , -0.0551791 , 0
0.999277 , -0.03803 , 0
0.999782 , -0.0208696 , 0
0.999993 , -0.00370308 , 0
0.999909 , 0.0134645 , 0
0.999531 , 0.0306281 , 0
0.998858 , 0.0477828 , 0
0.99789 , 0.0649233 , 0
0.996629 , 0.0820447 , 0
0.995074 , 0.0991419 , 0
0.993225 , 0.11621 , 0
0.991084 , 0.133244 , 0
0.988651 , 0.150238 , 0
0.985926 , 0.167188 , 0
0.982911 , 0.184089 , 0
0.979606 , 0.200936 , 0
0.976012 , 0.217723 , 0
0.972131 , 0.234447 , 0
0.967963 , 0.251101 , 0
0.96351 , 0.267681 , 0
0.958773 , 0.284182 , 0
0.953754 , 0.3006 , 0
0.948453 , 0.316929 , 0
0.942873 , 0.333164 , 0
0.937015 , 0.349302 , 0
0.930881 , 0.365336 , 0
0.924473 , 0.381263 , 0
0.917792 , 0.397077 , 0
0.91084 , 0.412775 , 0
0.903621 , 0.428351 , 0
0.896134 , 0.4438 , 0
0.888384 , 0.459119 , 0
0.880372 , 0.474302 , 0
0.872101 , 0.489346 , 0
0.863572 , 0.504245 , 0
0.854789 , 0.518996 , 0
0.845754 , 0.533594 , 0
0.83647 , 0.548035 , 0
0.82694 , 0.562314 , 0
0.817165 , 0.576427 , 0
0.80715 , 0.590371 , 0
0.796897 , 0.60414 , 0
0.786409 , 0.617732 , 0
0.77569 , 0.631141 , 0
0.764741 , 0.644364 , 0
0.753568 , 0.657398 , 0
0.742172 , 0.670238 , 0
0.730558 , 0.68288 , 0
0.718728 , 0.695321 , 0
0.706687 , 0.707557 , 0
0.694437 , 0.719585 , 0
0.681982 , 0.731401 , 0
0.669327 , 0.743001 , 0
0.656475 , 0.754382 , 0
0.643429 , 0.765541 , 0
0.630193 , 0.776474 , 0
0.616771 , 0.787178 , 0
0.603168 , 0.797651 , 0
0.589387 , 0.807888 , 0
0.575433 , 0.817887 , 0
0.561309 , 0.827646 , 0
0.547019 , 0.83716 , 0
0.532569 , 0.846428 , 0
0.517961 , 0.855446 , 0
0.503201 , 0.864212 , 0
0.488292 , 0.872724 , 0
0.47324 , 0.880978 , 0
0.458048 , 0.888973 , 0
0.442721 , 0.896706 , 0
0.427263 , 0.904174 , 0
0.41168 , 0.911376 , 0
0.395976 , 0.91831 , 0
0.380154 , 0.924973 , 0
0.364221 , 0.931363 , 0
0.34818 , 0.937479 , 0
0.332037 , 0.943319 , 0
0.315796 , 0.94888 , 0
0.299462 , 0.954162 , 0
0.28304 , 0.959163 , 0
0.266534 , 0.963882 , 0
0.24995 , 0.968316 , 0
0.233292 , 0.972465 , 0
0.216565 , 0.976327 , 0
0.199775 , 0.979902 , 0
0.182925 , 0.983188 , 0
0.166022 , 0.986185 , 0
0.14907 , 0.98889 , 0
0.132074 , 0.991305 , 0
0.115039 , 0.993427 , 0
0.0979699 , 0.995256 , 0
0.0808721 , 0.996793 , 0
0.0637505 , 0.998035 , 0
0.0466102 , 0.998984 , 0
0.029456 , 0.999638 , 0
0.0122932 , 0.999997 , 0
-0.00487317 , 1.00006 , 0
-0.0220382 , 0.999833 , 0
-0.0391966 , 0.999308 , 0
-0.0563436 , 0.99849 , 0
-0.0734739 , 0.997377 , 0
-0.0905826 , 0.99597 , 0
-0.107665 , 0.99427 , 0
-0.124715 , 0.992276 , 0
-0.141728 , 0.989991 , 0
-0.1587 , 0.987413 , 0
-0.175625 , 0.984545 , 0
-0.192498 , 0.981387 , 0
-0.209315 , 0.97794 , 0
-0.22607 , 0.974204 , 0
-0.242758 , 0.970181 , 0
-0.259375 , 0.965873 , 0
-0.275915 , 0.96128 , 0
-0.292374 , 0.956404 , 0
-0.308747 , 0.951246 , 0
-0.325029 , 0.945807 , 0
-0.341215 , 0.94009 , 0
-0.357301 , 0.934097 , 0
-0.373281 , 0.927827 , 0
-0.389152 , 0.921285 , 0
-0.404907 , 0.914471 , 0
-0.420544 , 0.907388 , 0
-0.436056 , 0.900037 , 0
-0.451441 , 0.892421 , 0
-0.466692 , 0.884542 , 0
-0.481805 , 0.876403 , 0
-0.496777 , 0.868006 , 0
-0.511602 , 0.859352 , 0
-0.526277 , 0.850446 , 0
-0.540796 , 0.841289 , 0
-0.555156 , 0.831884 , 0
-0.569353 , 0.822234 , 0
-0.583382 , 0.812342 , 0
-0.597239 , 0.80221 , 0
-0.61092 , 0.791842 , 0
-0.624421 , 0.781241 , 0
-0.637738 , 0.77041 , 0
-0.650867 , 0.759352 , 0
-0.663805 , 0.74807 , 0
-0.676547 , 0.736568 , 0
-0.689089 , 0.724848 , 0
-0.701429 , 0.712915 , 0
-0.713562 , 0.700772 , 0
-0.725485 , 0.688423 , 0
-0.737194 , 0.675871 , 0
-0.748686 , 0.66312 , 0
-0.759957 , 0.650173 , 0
-0.771004 , 0.637035 , 0
-0.781825 , 0.623709 , 0
-0.792415 , 0.610199 , 0
-0.802771 , 0.59651 , 0
-0.812891 , 0.582645 , 0
-0.822772 , 0.568608 , 0
-0.83241 , 0.554404 , 0
-0.841803 , 0.540037 , 0
-0.850948 , 0.52551 , 0
-0.859842 , 0.510828 , 0
-0.868483 , 0.495997 , 0
-0.876868 , 0.481019 , 0
-0.884995 , 0.465899 , 0
-0.892861 , 0.450642 , 0
-0.900464 , 0.435252 , 0
-0.907802 , 0.419734 , 0
-0.914872 , 0.404092 , 0
-0.921673 , 0.388332 , 0
-0.928203 , 0.372457 , 0
-0.934459 , 0.356472 , 0
-0.940439 , 0.340382 , 0
-0.946143 , 0.324192 , 0
-0.951568 , 0.307907 , 0
-0.956712 , 0.29153 , 0
-0.961575 , 0.275068 , 0
-0.966155 , 0.258525 , 0
-0.970449 , 0.241906 , 0
-0.974458 , 0.225215 , 0
-0.97818 , 0.208458 , 0
-0.981614 , 0.19164 , 0
-0.984759 , 0.174765 , 0
-0.987613 , 0.157839 , 0
-0.990177 , 0.140866 , 0
-0.992449 , 0.123852 , 0
-0.994428 , 0.106801 , 0
-0.996115 , 0.0897186 , 0
-0.997508 , 0.07261 , 0
-0.998607 , 0.0554799 , 0
-0.999412 , 0.0383336 , 0
-0.999923 , 0.0211759 , 0
-1.00014 , 0.00401197 , 0
-1.00006 , -0.0131531 , 0
-0.999688 , -0.0303143 , 0
-0.99902 , -0.0474666 , 0
-0.998058 , -0.064605 , 0
-0.996803 , -0.0817242 , 0
-0.995253 , -0.0988194 , 0
-0.99341 , -0.115886 , 0
-0.991275 , -0.132917 , 0
-0.988848 , -0.14991 , 0
-0.986129 , -0.166859 , 0
-0.98312 , -0.183758 , 0
-0.979821 , -0.200604 , 0
-0.976234 , -0.21739 , 0
-0.972359 , -0.234112 , 0
-0.968198 , -0.250765 , 0
-0.963751 , -0.267345 , 0
-0.95902 , -0.283845 , 0
-0.954007 , -0.300263 , 0
-0.948713 , -0.316591 , 0
-0.94314 , -0.332826 , 0
-0.937288 , -0.348964 , 0
-0.931161 , -0.364998 , 0
-0.924759 , -0.380925 , 0
-0.918085 , -0.39674 , 0
-0.91114 , -0.412438 , 0
-0.903927 , -0.428014 , 0
-0.896448 , -0.443464 , 0
-0.888704 , -0.458784 , 0
-0.880699 , -0.473968 , 0
-0.872434 , -0.489013 , 0
-0.863913 , -0.503914 , 0
-0.855137 , -0.518666 , 0
-0.846108 , -0.533266 , 0
-0.836831 , -0.547708 , 0
-0.827307 , -0.561989 , 0
-0.81754 , -0.576105 , 0
-0.807531 , -0.59005 , 0
-0.797285 , -0.603822 , 0
-0.786804 , -0.617417 , 0
-0.77609 , -0.630829 , 0
-0.765149 , -0.644055 , 0
-0.753982 , -0.657092 , 0
-0.742593 , -0.669935 , 0
-0.730985 , -0.682581 , 0
-0.719161 , -0.695025 , 0
-0.707126 , -0.707265 , 0
-0.694883 , -0.719297 , 0
-0.682434 , -0.731116 , 0
-0.669785 , -0.74272 , 0
-0.656939 , -0.754106 , 0
-0.643899 , -0.765269 , 0
-0.630669 , -0.776207 , 0
-0.617253 , -0.786916 , 0
-0.603656 , -0.797393 , 0
-0.58988 , -0.807635 , 0
-0.575931 , -0.81764 , 0
-0.561813 , -0.827403 , 0
-0.547528 , -0.836923 , 0
-0.533083 , -0.846196 , 0
-0.51848 , -0.85522 , 0
-0.503725 , -0.863992 , 0
-0.488821 , -0.87251 , 0
-0.473773 , -0.88077 , 0
-0.458586 , -0.888771 , 0
-0.443263 , -0.89651 , 0
-0.42781 , -0.903985 , 0
-0.412231 , -0.911193 , 0
-0.396531 , -0.918133 , 0
-0.380713 , -0.924803 , 0
-0.364784 , -0.9312 , 0
-0.348747 , -0.937323 , 0
-0.332607 , -0.943169 , 0
-0.316369 , -0.948738 , 0
-0.300038 , -0.954027 , 0
-0.283619 , -0.959036 , 0
-0.267116 , -0.963761 , 0
-0.250534 , -0.968203 , 0
-0.233879 , -0.972359 , 0
-0.217154 , -0.976229 , 0
-0.200366 , -0.979811 , 0
-0.183519 , -0.983105 , 0
-0.166617 , -0.986109 , 0
-0.149667 , -0.988822 , 0
-0.132672 , -0.991244 , 0
-0.115638 , -0.993374 , 0
-0.0985703 , -0.995211 , 0
-0.0814735 , -0.996755 , 0
-0.0643526 , -0.998006 , 0
-0.0472128 , -0.998962 , 0
-0.0300591 , -0.999624 , 0
-0.0128965 , -0.999991 , 0
0.00426988 , -1.00006 , 0
0.021435 , -0.999842 , 0
0.0385938 , -0.999326 , 0
0.0557413 , -0.998515 , 0
0.0728723 , -0.99741 , 0
0.0899818 , -0.99601 , 0
0.107065 , -0.994318 , 0
0.124116 , -0.992332 , 0
0.141131 , -0.990055 , 0
0.158105 , -0.987485 , 0
0.175031 , -0.984624 , 0
0.191906 , -0.981474 , 0
0.208725 , -0.978034 , 0
0.225482 , -0.974306 , 0
0.242173 , -0.97029 , 0
0.258792 , -0.965989 , 0
0.275335 , -0.961404 , 0
0.291797 , -0.956535 , 0
0.308173 , -0.951384 , 0
0.324458 , -0.945952 , 0
0.340648 , -0.940242 , 0
0.356737 , -0.934255 , 0
0.372721 , -0.927993 , 0
0.388595 , -0.921457 , 0
0.404355 , -0.91465 , 0
0.419995 , -0.907573 , 0
0.435512 , -0.900229 , 0
0.450901 , -0.892619 , 0
0.466156 , -0.884747 , 0
0.481274 , -0.876613 , 0
0.496251 , -0.868222 , 0
0.511081 , -0.859574 , 0
0.52576 , -0.850673 , 0
0.540285 , -0.841522 , 0
0.55465 , -0.832123 , 0
0.568852 , -0.822478 , 0
0.582887 , -0.812591 , 0
0.596749 , -0.802465 , 0
0.610436 , -0.792102 , 0
0.623943 , -0.781505 , 0
0.637266 , -0.770679 , 0
0.650401 , -0.759625 , 0
0.663344 , -0.748347 , 0
0.676092 , -0.736849 , 0
0.688641 , -0.725134 , 0
0.700987 , -0.713205 , 0
0.713126 , -0.701065 , 0
0.725055 , -0.68872 , 0
0.736771 , -0.676171 , 0
0.748269 , -0.663423 , 0
0.759547 , -0.65048 , 0
0.770601 , -0.637344 , 0
0.781428 , -0.624021 , 0
0.792024 , -0.610514 , 0
0.802388 , -0.596828 , 0
0.812514 , -0.582965 , 0
0.822401 , -0.56893 , 0
0.832046 , -0.554728 , 0
0.841446 , -0.540362 , 0
0.850598 , -0.525838 , 0
0.859499 , -0.511158 , 0
0.868147 , -0.496327 , 0
0.876539 , -0.48135 , 0
0.884672 , -0.466232 , 0
0.892545 , -0.450976 , 0
0.900155 , -0.435587 , 0
0.907499 , -0.420069 , 0
0.914576 , -0.404428 , 0
0.921384 , -0.388668 , 0
0.92792 , -0.372793 , 0
0.934183 , -0.356809 , 0
0.94017 , -0.340719 , 0
0.94588 , -0.324528 , 0
0.951312 , -0.308242 , 0
0.956463 , -0.291866 , 0
0.961332 , -0.275403 , 0
0.965918 , -0.258859 , 0
0.970219 , -0.242239 , 0
0.974234 , -0.225547 , 0
0.977962 , -0.208789 , 0
0.981402 , -0.191969 , 0
0.984553 , -0.175093 , 0
0.987414 , -0.158165 , 0
0.989983 , -0.141191 , 0
0.992261 , -0.124175 , 0
0.994246 , -0.107122 , 0
0.995939 , -0.0900383 , 0
0.997337 , -0.0729275 , 0
0.998442 , -0.0557953 , 0
0.999253 , -0.0386467 , 0
0.999769 , -0.0214866 , 0
0.999991 , -0.00432026 , 0
0.999917 , 0.0128474 , 0
0.99955 , 0.0300113 , 0
0.998887 , 0.0471663 , 0
0.99793 , 0.0643074 , 0
0.996679 , 0.0814296 , 0
0.995135 , 0.0985277 , 0
0.993297 , 0.115597 , 0
0.991166 , 0.132632 , 0
0.988743 , 0.149628 , 0
0.986029 , 0.16658 , 0
0.983024 , 0.183483 , 0
0.97973 , 0.200331 , 0
0.976147 , 0.217121 , 0
0.972276 , 0.233847 , 0
0.968118 , 0.250503 , 0
0.963675 , 0.267086 , 0
0.958949 , 0.283591 , 0
0.953939 , 0.300011 , 0
0.948649 , 0.316343 , 0
0.943079 , 0.332582 , 0
0.937231 , 0.348723 , 0
0.931106 , 0.364762 , 0
0.924708 , 0.380692 , 0
0.918037 , 0.396511 , 0
0.911095 , 0.412213 , 0
0.903885 , 0.427793 , 0
0.896408 , 0.443247 , 0
0.888667 , 0.45857 , 0
0.880665 , 0.473759 , 0
0.872403 , 0.488807 , 0
0.863883 , 0.503712 , 0
0.855109 , 0.518468 , 0
0.846084 , 0.533072 , 0
0.836808 , 0.547518 , 0
0.827286 , 0.561803 , 0
0.817521 , 0.575923 , 0
0.807514 , 0.589872 , 0
0.79727 , 0.603648 , 0
0.78679 , 0.617246 , 0
0.776079 , 0.630662 , 0
0.765139 , 0.643892 , 0
0.753973 , 0.656933 , 0
0.742586 , 0.66978 , 0
0.730979 , 0.682429 , 0
0.719157 , 0.694878 , 0
0.707123 , 0.707121 , 0
0.694881 , 0.719156 , 0
0.682434 , 0.73098 , 0
0.669786 , 0.742588 , 0
0.65694 , 0.753977 , 0
0.643901 , 0.765143 , 0
0.630672 , 0.776085 , 0
0.617257 , 0.786798 , 0
0.603661 , 0.797278 , 0
0.589886 , 0.807524 , 0
0.575938 , 0.817532 , 0
0.56182 , 0.827299 , 0
0.547536 , 0.836822 , 0
0.533091 , 0.846099 , 0
0.518489 , 0.855126 , 0
0.503734 , 0.863901 , 0
0.488831 , 0.872422 , 0
0.473783 , 0.880686 , 0
0.458596 , 0.88869 , 0
0.443274 , 0.896432 , 0
0.427821 , 0.90391 , 0
0.412243 , 0.911122 , 0
0.396542 , 0.918065 , 0
0.380725 , 0.924738 , 0
0.364796 , 0.931138 , 0
0.348759 , 0.937264 , 0
0.332619 , 0.943114 , 0
0.316382 , 0.948685 , 0
0.300051 , 0.953977 , 0
0.283632 , 0.958989 , 0
0.267129 , 0.963717 , 0
0.250547 , 0.968162 , 0
0.233892 , 0.972321 , 0
0.217168 , 0.976194 , 0
0.200379 , 0.979779 , 0
0.183532 , 0.983075 , 0
0.166631 , 0.986082 , 0
0.14968 , 0.988798 , 0
0.132686 , 0.991223 , 0
0.115652 , 0.993356 , 0
0.0985841 , 0.995196 , 0
0.0814873 , 0.996743 , 0
0.0643665 , 0.997996 , 0
0.0472267 , 0.998955 , 0
0.030073 , 0.999619 , 0
0.0129104 , 0.99999 , 0
-0.00425597 , 1.00007 , 0
-0.0214211 , 0.999846 , 0
-0.0385799 , 0.999332 , 0
-0.0557273 , 0.998524 , 0
-0.0728584 , 0.997422 , 0
-0.0899679 , 0.996026 , 0
-0.107051 , 0.994336 , 0
-0.124102 , 0.992353 , 0
-0.141117 , 0.990078 , 0
-0.158091 , 0.987511 , 0
-0.175018 , 0.984653 , 0
-0.191893 , 0.981506 , 0
-0.208711 , 0.978069 , 0
-0.225469 , 0.974343 , 0
-0.242159 , 0.970331 , 0
-0.258779 , 0.966033 , 0
-0.275322 , 0.96145 , 0
-0.291784 , 0.956584 , 0
-0.30816 , 0.951436 , 0
-0.324445 , 0.946008 , 0
-0.340635 , 0.940301 , 0
-0.356724 , 0.934317 , 0
-0.372709 , 0.928058 , 0
-0.388583 , 0.921525 , 0
-0.404343 , 0.914721 , 0
-0.419984 , 0.907647 , 0
-0.435501 , 0.900306 , 0
-0.45089 , 0.8927 , 0
-0.466146 , 0.88483 , 0
-0.481264 , 0.8767 , 0
-0.496241 , 0.868312 , 0
-0.511072 , 0.859668 , 0
-0.525752 , 0.85077 , 0
-0.540277 , 0.841622 , 0
-0.554643 , 0.832226 , 0
-0.568845 , 0.822585 , 0
-0.58288 , 0.812702 , 0
-0.596744 , 0.802579 , 0
-0.610431 , 0.792219 , 0
-0.623939 , 0.781627 , 0
-0.637263 , 0.770803 , 0
-0.650399 , 0.759753 , 0
-0.663343 , 0.748479 , 0
-0.676092 , 0.736985 , 0
-0.688642 , 0.725273 , 0
-0.700989 , 0.713348 , 0
-0.713129 , 0.701213 , 0
-0.72506 , 0.688871 , 0
-0.736777 , 0.676326 , 0
-0.748276 , 0.663582 , 0
-0.759556 , 0.650642 , 0
-0.770611 , 0.637511 , 0
-0.78144 , 0.624191 , 0
-0.792038 , 0.610688 , 0
-0.802403 , 0.597005 , 0
-0.812532 , 0.583147 , 0
-0.822421 , 0.569116 , 0
-0.832068 , 0.554918 , 0
-0.841469 , 0.540556 , 0
-0.850623 , 0.526035 , 0
-0.859527 , 0.511359 , 0
-0.868177 , 0.496532 , 0
-0.876571 , 0.48156 , 0
-0.884707 , 0.466445 , 0
-0.892583 , 0.451193 , 0
-0.900195 , 0.435808 , 0
-0.907543 , 0.420294 , 0
-0.914623 , 0.404657 , 0
-0.921434 , 0.388901 , 0
-0.927973 , 0.373029 , 0
-0.934238 , 0.357049 , 0
-0.940229 , 0.340962 , 0
-0.945943 , 0.324776 , 0
-0.951378 , 0.308494 , 0
-0.956532 , 0.292121 , 0
-0.961405 , 0.275662 , 0
-0.965995 , 0.259121 , 0
-0.9703 , 0.242504 , 0
-0.974319 , 0.225816 , 0
-0.978052 , 0.209062 , 0
-0.981496 , 0.192246 , 0
-0.984651 , 0.175373 , 0
-0.987516 , 0.158448 , 0
-0.99009 , 0.141477 , 0
-0.992372 , 0.124464 , 0
-0.994362 , 0.107415 , 0
-0.996059 , 0.0903334 , 0
-0.997463 , 0.0732256 , 0
-0.998573 , 0.0560962 , 0
-0.999389 , 0.0389503 , 0
-0.99991 , 0.021793 , 0
-1.00014 , 0.00462919 , 0
-1.00007 , -0.012536 , 0
-0.999706 , -0.0296974 , 0
-0.999049 , -0.0468501 , 0
-0.998098 , -0.063989 , 0
-0.996853 , -0.081109 , 0
-0.995314 , -0.0982052 , 0
-0.993482 , -0.115272 , 0
-0.991357 , -0.132306 , 0
-0.98894 , -0.1493 , 0
-0.986232 , -0.16625 , 0
-0.983233 , -0.183152 , 0
-0.979945 , -0.199999 , 0
-0.976368 , -0.216788 , 0
-0.972503 , -0.233512 , 0
-0.968352 , -0.250168 , 0
-0.963916 , -0.26675 , 0
-0.959195 , -0.283254 , 0
-0.954193 , -0.299674 , 0
-0.948909 , -0.316006 , 0
-0.943345 , -0.332244 , 0
-0.937504 , -0.348385 , 0
-0.931386 , -0.364423 , 0
-0.924994 , -0.380354 , 0
-0.91833 , -0.396173 , 0
-0.911395 , -0.411875 , 0
-0.904191 , -0.427456 , 0
-0.896721 , -0.442911 , 0
-0.888987 , -0.458235 , 0
-0.880992 , -0.473425 , 0
-0.872736 , -0.488475 , 0
-0.864224 , -0.503381 , 0
-0.855457 , -0.518138 , 0
-0.846437 , -0.532743 , 0
-0.837169 , -0.547192 , 0
-0.827654 , -0.561478 , 0
-0.817895 , -0.5756 , 0
-0.807895 , -0.589552 , 0
-0.797657 , -0.60333 , 0
-0.787184 , -0.616931 , 0
-0.77648 , -0.63035 , 0
-0.765546 , -0.643583 , 0
-0.754387 , -0.656626 , 0
-0.743006 , -0.669476 , 0
-0.731406 , -0.682129 , 0
-0.71959 , -0.694581 , 0
-0.707563 , -0.706828 , 0
-0.695326 , -0.718868 , 0
-0.682886 , -0.730695 , 0
-0.670243 , -0.742307 , 0
-0.657404 , -0.7537 , 0
-0.644371 , -0.764871 , 0
-0.631148 , -0.775817 , 0
-0.617739 , -0.786535 , 0
-0.604148 , -0.79702 , 0
-0.590379 , -0.807271 , 0
-0.576436 , -0.817284 , 0
-0.562323 , -0.827056 , 0
-0.548045 , -0.836585 , 0
-0.533605 , -0.845867 , 0
-0.519008 , -0.8549 , 0
-0.504258 , -0.863681 , 0
-0.489359 , -0.872208 , 0
-0.474317 , -0.880477 , 0
-0.459134 , -0.888488 , 0
-0.443817 , -0.896236 , 0
-0.428368 , -0.903721 , 0
-0.412793 , -0.910939 , 0
-0.397097 , -0.917888 , 0
-0.381284 , -0.924568 , 0
-0.365358 , -0.930975 , 0
-0.349325 , -0.937107 , 0
-0.333189 , -0.942964 , 0
-0.316955 , -0.948543 , 0
-0.300627 , -0.953842 , 0
-0.284211 , -0.95886 , 0
-0.26771 , -0.963596 , 0
-0.251132 , -0.968048 , 0
-0.234479 , -0.972215 , 0
-0.217757 , -0.976095 , 0
-0.200971 , -0.979687 , 0
-0.184125 , -0.982991 , 0
-0.167226 , -0.986006 , 0
-0.150277 , -0.988729 , 0
-0.133284 , -0.991162 , 0
-0.116251 , -0.993302 , 0
-0.0991845 , -0.99515 , 0
-0.0820886 , -0.996705 , 0
-0.0649685 , -0.997966 , 0
-0.0478293 , -0.998933 , 0
-0.030676 , -0.999605 , 0
-0.0135137 , -0.999983 , 0
0.00365268 , -1.00007 , 0
0.0208179 , -0.999855 , 0
0.0379771 , -0.999349 , 0
0.055125 , -0.998549 , 0
0.0722567 , -0.997454 , 0
0.0893671 , -0.996066 , 0
0.106451 , -0.994384 , 0
0.123504 , -0.992409 , 0
0.14052 , -0.990141 , 0
0.157495 , -0.987582 , 0
0.174424 , -0.984732 , 0
0.191301 , -0.981592 , 0
0.208121 , -0.978162 , 0
0.224881 , -0.974445 , 0
0.241574 , -0.97044 , 0
0.258196 , -0.966149 , 0
0.274742 , -0.961573 , 0
0.291207 , -0.956714 , 0
0.307586 , -0.951574 , 0
0.323874 , -0.946152 , 0
0.340067 , -0.940452 , 0
0.35616 , -0.934475 , 0
0.372148 , -0.928223 , 0
0.388026 , -0.921697 , 0
0.40379 , -0.914899 , 0
0.419435 , -0.907832 , 0
0.434957 , -0.900497 , 0
0.45035 , -0.892897 , 0
0.46561 , -0.885034 , 0
0.480733 , -0.87691 , 0
0.495715 , -0.868528 , 0
0.51055 , -0.85989 , 0
0.525235 , -0.850998 , 0
0.539766 , -0.841855 , 0
0.554137 , -0.832465 , 0
0.568345 , -0.822829 , 0
0.582385 , -0.812951 , 0
0.596254 , -0.802833 , 0
0.609947 , -0.792478 , 0
0.62346 , -0.78189 , 0
0.63679 , -0.771072 , 0
0.649932 , -0.760026 , 0
0.662882 , -0.748756 , 0
0.675638 , -0.737266 , 0
0.688194 , -0.725559 , 0
0.700547 , -0.713637 , 0
0.712693 , -0.701505 , 0
0.72463 , -0.689167 , 0
0.736353 , -0.676626 , 0
0.74786 , -0.663885 , 0
0.759145 , -0.650948 , 0
0.770207 , -0.63782 , 0
0.781042 , -0.624503 , 0
0.791647 , -0.611003 , 0
0.802019 , -0.597323 , 0
0.812154 , -0.583466 , 0
0.82205 , -0.569438 , 0
0.831704 , -0.555242 , 0
0.841112 , -0.540882 , 0
0.850273 , -0.526362 , 0
0.859183 , -0.511688 , 0
0.86784 , -0.496863 , 0
0.876241 , -0.481891 , 0
0.884384 , -0.466778 , 0
0.892266 , -0.451526 , 0
0.899886 , -0.436142 , 0
0.90724 , -0.420629 , 0
0.914327 , -0.404993 , 0
0.921144 , -0.389237 , 0
0.92769 , -0.373366 , 0
0.933962 , -0.357385 , 0
0.939959 , -0.341299 , 0
0.94568 , -0.325112 , 0
0.951121 , -0.30883 , 0
0.956282 , -0.292456 , 0
0.961162 , -0.275996 , 0
0.965758 , -0.259455 , 0
0.970069 , -0.242838 , 0
0.974095 , -0.226148 , 0
0.977833 , -0.209393 , 0
0.981284 , -0.192575 , 0
0.984445 , -0.175701 , 0
0.987316 , -0.158775 , 0
0.989896 , -0.141802 , 0
0.992184 , -0.124787 , 0
0.99418 , -0.107736 , 0
0.995883 , -0.0906529 , 0
0.997292 , -0.0735431 , 0
0.998408 , -0.0564115 , 0
0.999229 , -0.0392634 , 0
0.999756 , -0.0221037 , 0
0.999988 , -0.00493744 , 0
0.999925 , 0.0122303 , 0
0.999568 , 0.0293943 , 0
0.998916 , 0.0465498 , 0
0.99797 , 0.0636915 , 0
0.996729 , 0.0808144 , 0
0.995195 , 0.0979135 , 0
0.993368 , 0.114984 , 0
0.991248 , 0.13202 , 0
0.988835 , 0.149018 , 0
0.986132 , 0.165971 , 0
0.983137 , 0.182876 , 0
0.979853 , 0.199727 , 0
0.97628 , 0.216518 , 0
0.97242 , 0.233246 , 0
0.968273 , 0.249906 , 0
0.96384 , 0.266492 , 0
0.959124 , 0.282999 , 0
0.954124 , 0.299422 , 0
0.948844 , 0.315758 , 0
0.943284 , 0.332 , 0
0.937446 , 0.348145 , 0
0.931331 , 0.364187 , 0
0.924943 , 0.380122 , 0
0.918281 , 0.395944 , 0
0.911349 , 0.41165 , 0
0.904149 , 0.427235 , 0
0.896682 , 0.442694 , 0
0.88895 , 0.458022 , 0
0.880957 , 0.473215 , 0
0.872704 , 0.488269 , 0
0.864194 , 0.503179 , 0
0.855429 , 0.517941 , 0
0.846412 , 0.53255 , 0
0.837146 , 0.547002 , 0
0.827633 , 0.561292 , 0
0.817876 , 0.575418 , 0
0.807878 , 0.589374 , 0
0.797642 , 0.603156 , 0
0.787171 , 0.61676 , 0
0.776468 , 0.630183 , 0
0.765536 , 0.64342 , 0
0.754379 , 0.656467 , 0
0.742999 , 0.669321 , 0
0.7314 , 0.681978 , 0
0.719586 , 0.694434 , 0
0.707559 , 0.706685 , 0
0.695325 , 0.718727 , 0
0.682885 , 0.730558 , 0
0.670244 , 0.742174 , 0
0.657405 , 0.753571 , 0
0.644373 , 0.764746 , 0
0.631151 , 0.775695 , 0
0.617743 , 0.786416 , 0
0.604152 , 0.796906 , 0
0.590384 , 0.80716 , 0
0.576442 , 0.817176 , 0
0.56233 , 0.826952 , 0
0.548052 , 0.836484 , 0
0.533613 , 0.84577 , 0
0.519016 , 0.854806 , 0
0.504267 , 0.86359 , 0
0.489369 , 0.87212 , 0
0.474327 , 0.880393 , 0
0.459145 , 0.888407 , 0
0.443827 , 0.896158 , 0
0.428379 , 0.903646 , 0
0.412805 , 0.910867 , 0
0.397109 , 0.91782 , 0
0.381296 , 0.924503 , 0
0.36537 , 0.930913 , 0
0.349337 , 0.937048 , 0
0.333201 , 0.942908 , 0
0.316967 , 0.94849 , 0
0.30064 , 0.953792 , 0
0.284223 , 0.958813 , 0
0.267724 , 0.963552 , 0
0.251145 , 0.968007 , 0
0.234492 , 0.972176 , 0
0.21777 , 0.976059 , 0
0.200984 , 0.979655 , 0
0.184139 , 0.982962 , 0
0.167239 , 0.985979 , 0
0.15029 , 0.988705 , 0
0.133297 , 0.991141 , 0
0.116265 , 0.993284 , 0
0.0991983 , 0.995135 , 0
0.0821024 , 0.996692 , 0
0.0649824 , 0.997956 , 0
0.0478432 , 0.998925 , 0
0.0306899 , 0.999601 , 0
0.0135276 , 0.999981 , 0
-0.00363877 , 1.00007 , 0
-0.020804 , 0.999859 , 0
-0.0379632 , 0.999356 , 0
-0.0551111 , 0.998558 , 0
-0.0722428 , 0.997467 , 0
-0.0893532 , 0.996081 , 0
-0.106437 , 0.994402 , 0
-0.12349 , 0.992429 , 0
-0.140506 , 0.990165 , 0
-0.157481 , 0.987609 , 0
-0.17441 , 0.984761 , 0
-0.191287 , 0.981624 , 0
-0.208108 , 0.978197 , 0
-0.224867 , 0.974482 , 0
-0.241561 , 0.97048 , 0
-0.258183 , 0.966192 , 0
-0.274729 , 0.96162 , 0
-0.291194 , 0.956764 , 0
-0.307573 , 0.951626 , 0
-0.323861 , 0.946208 , 0
-0.340055 , 0.940511 , 0
-0.356148 , 0.934537 , 0
-0.372136 , 0.928287 , 0
-0.388014 , 0.921765 , 0
-0.403778 , 0.91497 , 0
-0.419424 , 0.907906 , 0
-0.434945 , 0.900575 , 0
-0.450339 , 0.892978 , 0
-0.465599 , 0.885118 , 0
-0.480723 , 0.876997 , 0
-0.495705 , 0.868618 , 0
-0.510541 , 0.859983 , 0
-0.525227 , 0.851095 , 0
-0.539757 , 0.841956 , 0
-0.554129 , 0.832569 , 0
-0.568338 , 0.822936 , 0
-0.582379 , 0.813061 , 0
-0.596248 , 0.802947 , 0
-0.609942 , 0.792596 , 0
-0.623456 , 0.782011 , 0
-0.636787 , 0.771197 , 0
-0.64993 , 0.760155 , 0
-0.662881 , 0.748889 , 0
-0.675637 , 0.737402 , 0
-0.688194 , 0.725698 , 0
-0.700549 , 0.713781 , 0
-0.712697 , 0.701653 , 0
-0.724635 , 0.689318 , 0
-0.736359 , 0.67678 , 0
-0.747867 , 0.664043 , 0
-0.759154 , 0.65111 , 0
-0.770218 , 0.637986 , 0
-0.781054 , 0.624673 , 0
-0.791661 , 0.611177 , 0
-0.802034 , 0.5975 , 0
-0.812171 , 0.583648 , 0
-0.822069 , 0.569623 , 0
-0.831725 , 0.555431 , 0
-0.841136 , 0.541075 , 0
-0.850299 , 0.52656 , 0
-0.859211 , 0.511889 , 0
-0.86787 , 0.497068 , 0
-0.876274 , 0.4821 , 0
-0.884419 , 0.466991 , 0
-0.892304 , 0.451743 , 0
-0.899926 , 0.436363 , 0
-0.907283 , 0.420854 , 0
-0.914373 , 0.405221 , 0
-0.921193 , 0.389469 , 0
-0.927742 , 0.373602 , 0
-0.934018 , 0.357625 , 0
-0.940018 , 0.341543 , 0
-0.945742 , 0.32536 , 0
-0.951187 , 0.309081 , 0
-0.956352 , 0.292711 , 0
-0.961235 , 0.276255 , 0
-0.965835 , 0.259717 , 0
-0.97015 , 0.243103 , 0
-0.97418 , 0.226418 , 0
-0.977922 , 0.209665 , 0
-0.981377 , 0.192851 , 0
-0.984542 , 0.17598 , 0
-0.987418 , 0.159058 , 0
-0.990002 , 0.142088 , 0
-0.992295 , 0.125076 , 0
-0.994296 , 0.108028 , 0
-0.996003 , 0.090948 , 0
-0.997418 , 0.0738411 , 0
-0.998538 , 0.0567125 , 0
-0.999364 , 0.0395671 , 0
-0.999896 , 0.02241 , 0
-1.00013 , 0.00524641 , 0
-1.00008 , -0.0119188 , 0
-0.999724 , -0.0290804 , 0
-0.999078 , -0.0462335 , 0
-0.998137 , -0.063373 , 0
-0.996903 , -0.0804938 , 0
-0.995374 , -0.0975909 , 0
-0.993553 , -0.114659 , 0
-0.991438 , -0.131694 , 0
-0.989032 , -0.14869 , 0
-0.986334 , -0.165642 , 0
-0.983346 , -0.182545 , 0
-0.980068 , -0.199394 , 0
-0.976502 , -0.216185 , 0
-0.972647 , -0.232912 , 0
-0.968506 , -0.24957 , 0
-0.96408 , -0.266155 , 0
-0.95937 , -0.282662 , 0
-0.954377 , -0.299085 , 0
-0.949103 , -0.31542 , 0
-0.94355 , -0.331662 , 0
-0.937718 , -0.347806 , 0
-0.931611 , -0.363848 , 0
-0.925229 , -0.379783 , 0
-0.918574 , -0.395606 , 0
-0.911649 , -0.411313 , 0
-0.904455 , -0.426898 , 0
-0.896995 , -0.442357 , 0
-0.88927 , -0.457686 , 0
-0.881284 , -0.472881 , 0
-0.873037 , -0.487936 , 0
-0.864534 , -0.502847 , 0
-0.855776 , -0.51761 , 0
-0.846766 , -0.532221 , 0
-0.837506 , -0.546675 , 0
-0.828 , -0.560968 , 0
-0.81825 , -0.575095 , 0
-0.808259 , -0.589053 , 0
-0.798029 , -0.602838 , 0
-0.787565 , -0.616445 , 0
-0.776869 , -0.62987 , 0
-0.765943 , -0.64311 , 0
-0.754792 , -0.656161 , 0
-0.743419 , -0.669018 , 0
-0.731827 , -0.681678 , 0
-0.720019 , -0.694137 , 0
-0.707999 , -0.706392 , 0
-0.69577 , -0.718438 , 0
-0.683336 , -0.730273 , 0
-0.670701 , -0.741893 , 0
-0.657869 , -0.753294 , 0
-0.644843 , -0.764474 , 0
-0.631626 , -0.775428 , 0
-0.618224 , -0.786153 , 0
-0.604639 , -0.796647 , 0
-0.590877 , -0.806907 , 0
-0.57694 , -0.816928 , 0
-0.562833 , -0.826709 , 0
-0.548561 , -0.836247 , 0
-0.534127 , -0.845538 , 0
-0.519535 , -0.85458 , 0
-0.504791 , -0.86337 , 0
-0.489898 , -0.871906 , 0
-0.47486 , -0.880185 , 0
-0.459683 , -0.888204 , 0
-0.44437 , -0.895962 , 0
-0.428926 , -0.903456 , 0
-0.413356 , -0.910684 , 0
-0.397664 , -0.917643 , 0
-0.381854 , -0.924332 , 0
-0.365933 , -0.930749 , 0
-0.349903 , -0.936892 , 0
-0.333771 , -0.942758 , 0
-0.31754 , -0.948347 , 0
-0.301215 , -0.953656 , 0
-0.284802 , -0.958685 , 0
-0.268305 , -0.963431 , 0
-0.251729 , -0.967893 , 0
-0.235079 , -0.97207 , 0
-0.218359 , -0.97596 , 0
-0.201575 , -0.979563 , 0
-0.184732 , -0.982877 , 0
-0.167834 , -0.985902 , 0
-0.150887 , -0.988636 , 0
-0.133895 , -0.991079 , 0
-0.116864 , -0.99323 , 0
-0.0997987 , -0.995089 , 0
-0.0827037 , -0.996654 , 0
-0.0655844 , -0.997925 , 0
-0.0484458 , -0.998903 , 0
-0.0312929 , -0.999586 , 0
-0.0141308 , -0.999975 , 0
0.00303548 , -1.00007 , 0
0.0202009 , -0.999868 , 0
0.0373603 , -0.999373 , 0
0.0545087 , -0.998583 , 0
0.0716411 , -0.997499 , 0
0.0887524 , -0.996121 , 0
0.105837 , -0.994449 , 0
0.122891 , -0.992485 , 0
0.139909 , -0.990228 , 0
0.156886 , -0.987679 , 0
0.173816 , -0.98484 , 0
0.190695 , -0.98171 , 0
0.207518 , -0.978291 , 0
0.224279 , -0.974583 , 0
0.240975 , -0.970589 , 0
0.2576 , -0.966308 , 0
0.274148 , -0.961743 , 0
0.290616 , -0.956894 , 0
0.306999 , -0.951763 , 0
0.32329 , -0.946352 , 0
0.339487 , -0.940662 , 0
0.355583 , -0.934695 , 0
0.371575 , -0.928452 , 0
0.387457 , -0.921936 , 0
0.403226 , -0.915148 , 0
0.418875 , -0.908091 , 0
0.434401 , -0.900766 , 0
0.449798 , -0.893175 , 0
0.465064 , -0.885321 , 0
0.480192 , -0.877207 , 0
0.495179 , -0.868834 , 0
0.51002 , -0.860204 , 0
0.52471 , -0.851322 , 0
0.539246 , -0.842188 , 0
0.553623 , -0.832807 , 0
0.567837 , -0.82318 , 0
0.581883 , -0.81331 , 0
0.595758 , -0.8032 , 0
0.609458 , -0.792854 , 0
0.622978 , -0.782275 , 0
0.636314 , -0.771465 , 0
0.649463 , -0.760427 , 0
0.66242 , -0.749165 , 0
0.675182 , -0.737683 , 0
0.687746 , -0.725983 , 0
0.700106 , -0.714069 , 0
0.71226 , -0.701945 , 0
0.724205 , -0.689614 , 0
0.735936 , -0.67708 , 0
0.74745 , -0.664346 , 0
0.758743 , -0.651417 , 0
0.769814 , -0.638295 , 0
0.780657 , -0.624985 , 0
0.79127 , -0.611492 , 0
0.80165 , -0.597818 , 0
0.811794 , -0.583967 , 0
0.821699 , -0.569945 , 0
0.831361 , -0.555755 , 0
0.840778 , -0.541401 , 0
0.849948 , -0.526887 , 0
0.858867 , -0.512218 , 0
0.867533 , -0.497398 , 0
0.875944 , -0.482432 , 0
0.884096 , -0.467323 , 0
0.891988 , -0.452077 , 0
0.899616 , -0.436698 , 0
0.90698 , -0.421189 , 0
0.914077 , -0.405557 , 0
0.920904 , -0.389805 , 0
0.927459 , -0.373938 , 0
0.933742 , -0.357961 , 0
0.939749 , -0.341879 , 0
0.945479 , -0.325696 , 0
0.95093 , -0.309416 , 0
0.956102 , -0.293046 , 0
0.960991 , -0.276589 , 0
0.965597 , -0.260051 , 0
0.969919 , -0.243436 , 0
0.973955 , -0.22675 , 0
0.977704 , -0.209996 , 0
0.981165 , -0.193181 , 0
0.984336 , -0.176308 , 0
0.987218 , -0.159384 , 0
0.989808 , -0.142413 , 0
0.992107 , -0.1254 , 0
0.994113 , -0.10835 , 0
0.995827 , -0.0912675 , 0
0.997247 , -0.0741586 , 0
0.998373 , -0.0570277 , 0
0.999205 , -0.0398801 , 0
0.999742 , -0.0227207 , 0
0.999985 , -0.00555461 , 0
0.999933 , 0.0116131 , 0
0.999586 , 0.0287774 , 0
0.998945 , 0.0459332 , 0
0.998009 , 0.0630755 , 0
0.996779 , 0.0801992 , 0
0.995256 , 0.0972993 , 0
0.993439 , 0.114371 , 0
0.991329 , 0.131408 , 0
0.988927 , 0.148407 , 0
0.986234 , 0.165363 , 0
0.98325 , 0.182269 , 0
0.979976 , 0.199122 , 0
0.976414 , 0.215916 , 0
0.972564 , 0.232646 , 0
0.968427 , 0.249308 , 0
0.964004 , 0.265897 , 0
0.959298 , 0.282407 , 0
0.954309 , 0.298833 , 0
0.949039 , 0.315172 , 0
0.943489 , 0.331418 , 0
0.93766 , 0.347566 , 0
0.931556 , 0.363612 , 0
0.925177 , 0.379551 , 0
0.918525 , 0.395377 , 0
0.911603 , 0.411088 , 0
0.904412 , 0.426677 , 0
0.896955 , 0.44214 , 0
0.889233 , 0.457473 , 0
0.881249 , 0.472671 , 0
0.873005 , 0.48773 , 0
0.864504 , 0.502645 , 0
0.855749 , 0.517412 , 0
0.846741 , 0.532027 , 0
0.837484 , 0.546485 , 0
0.827979 , 0.560782 , 0
0.818231 , 0.574913 , 0
0.808242 , 0.588875 , 0
0.798014 , 0.602664 , 0
0.787552 , 0.616274 , 0
0.776857 , 0.629704 , 0
0.765933 , 0.642947 , 0
0.754784 , 0.656002 , 0
0.743412 , 0.668863 , 0
0.731821 , 0.681526 , 0
0.720014 , 0.693989 , 0
0.707995 , 0.706248 , 0
0.695768 , 0.718298 , 0
0.683336 , 0.730137 , 0
0.670702 , 0.74176 , 0
0.65787 , 0.753165 , 0
0.644845 , 0.764348 , 0
0.631629 , 0.775306 , 0
0.618228 , 0.786035 , 0
0.604644 , 0.796533 , 0
0.590882 , 0.806795 , 0
0.576946 , 0.816821 , 0
0.56284 , 0.826605 , 0
0.548568 , 0.836146 , 0
0.534135 , 0.84544 , 0
0.519544 , 0.854486 , 0
0.5048 , 0.863279 , 0
0.489907 , 0.871818 , 0
0.47487 , 0.8801 , 0
0.459693 , 0.888123 , 0
0.44438 , 0.895884 , 0
0.428937 , 0.903381 , 0
0.413367 , 0.910612 , 0
0.397675 , 0.917575 , 0
0.381866 , 0.924267 , 0
0.365945 , 0.930687 , 0
0.349916 , 0.936833 , 0
0.333783 , 0.942702 , 0
0.317552 , 0.948294 , 0
0.301228 , 0.953606 , 0
0.284815 , 0.958638 , 0
0.268318 , 0.963387 , 0
0.251742 , 0.967852 , 0
0.235092 , 0.972031 , 0
0.218372 , 0.975925 , 0
0.201589 , 0.979531 , 0
0.184745 , 0.982848 , 0
0.167848 , 0.985875 , 0
0.150901 , 0.988613 , 0
0.133909 , 0.991058 , 0
0.116878 , 0.993212 , 0
0.0998124 , 0.995073 , 0
0.0827175 , 0.996641 , 0
0.0655983 , 0.997915 , 0
0.0484597 , 0.998896 , 0
0.0313068 , 0.999582 , 0
0.0141447 , 0.999973 , 0
-0.00302157 , 1.00007 , 0
-0.020187 , 0.999872 , 0
-0.0373464 , 0.999379 , 0
-0.0544948 , 0.998592 , 0
-0.0716272 , 0.997511 , 0
-0.0887384 , 0.996136 , 0
-0.105824 , 0.994467 , 0
-0.122878 , 0.992506 , 0
-0.139895 , 0.990251 , 0
-0.156872 , 0.987706 , 0
-0.173802 , 0.984869 , 0
-0.190681 , 0.981742 , 0
-0.207504 , 0.978325 , 0
-0.224266 , 0.974621 , 0
-0.240962 , 0.970629 , 0
-0.257586 , 0.966352 , 0
-0.274135 , 0.961789 , 0
-0.290603 , 0.956943 , 0
-0.306985 , 0.951816 , 0
-0.323277 , 0.946408 , 0
-0.339474 , 0.940721 , 0
-0.355571 , 0.934756 , 0
-0.371563 , 0.928517 , 0
-0.387445 , 0.922004 , 0
-0.403214 , 0.915219 , 0
-0.418863 , 0.908165 , 0
-0.434389 , 0.900843 , 0
-0.449787 , 0.893256 , 0
-0.465053 , 0.885405 , 0
-0.480182 , 0.877294 , 0
-0.495169 , 0.868924 , 0
-0.51001 , 0.860298 , 0
-0.524701 , 0.851419 , 0
-0.539238 , 0.842289 , 0
-0.553615 , 0.83291 , 0
-0.56783 , 0.823287 , 0
-0.581877 , 0.813421 , 0
-0.595753 , 0.803315 , 0
-0.609453 , 0.792972 , 0
-0.622974 , 0.782396 , 0
-0.636311 , 0.771589 , 0
-0.64946 , 0.760556 , 0
-0.662419 , 0.749298 , 0
-0.675182 , 0.737819 , 0
-0.687746 , 0.726123 , 0
-0.700108 , 0.714213 , 0
-0.712263 , 0.702092 , 0
-0.724209 , 0.689765 , 0
-0.735941 , 0.677235 , 0
-0.747457 , 0.664505 , 0
-0.758752 , 0.651579 , 0
-0.769824 , 0.638461 , 0
-0.780669 , 0.625155 , 0
-0.791284 , 0.611665 , 0
-0.801665 , 0.597995 , 0
-0.811811 , 0.584149 , 0
-0.821718 , 0.570131 , 0
-0.831382 , 0.555944 , 0
-0.840802 , 0.541594 , 0
-0.849973 , 0.527084 , 0
-0.858895 , 0.51242 , 0
-0.867563 , 0.497604 , 0
-0.875976 , 0.482641 , 0
-0.884131 , 0.467536 , 0
-0.892025 , 0.452294 , 0
-0.899657 , 0.436918 , 0
-0.907023 , 0.421414 , 0
-0.914123 , 0.405786 , 0
-0.920953 , 0.390038 , 0
-0.927512 , 0.374175 , 0
-0.933797 , 0.358201 , 0
-0.939807 , 0.342123 , 0
-0.945541 , 0.325943 , 0
-0.950996 , 0.309668 , 0
-0.956171 , 0.293301 , 0
-0.961064 , 0.276848 , 0
-0.965674 , 0.260313 , 0
-0.97 , 0.243702 , 0
-0.97404 , 0.227019 , 0
-0.977793 , 0.210269 , 0
-0.981258 , 0.193457 , 0
-0.984433 , 0.176588 , 0
-0.987319 , 0.159667 , 0
-0.989914 , 0.142699 , 0
-0.992218 , 0.125689 , 0
-0.994229 , 0.108642 , 0
-0.995947 , 0.0915627 , 0
-0.997372 , 0.0744567 , 0
-0.998503 , 0.0573287 , 0
-0.99934 , 0.0401838 , 0
-0.999882 , 0.0230271 , 0
-1.00013 , 0.00586363 , 0
-1.00008 , -0.0113016 , 0
-0.999742 , -0.0284635 , 0
-0.999106 , -0.045617 , 0
-0.998176 , -0.062757 , 0
-0.996952 , -0.0798786 , 0
-0.995434 , -0.0969766 , 0
-0.993623 , -0.114046 , 0
-0.991519 , -0.131082 , 0
-0.989124 , -0.148079 , 0
-0.986436 , -0.165033 , 0
-0.983459 , -0.181938 , 0
-0.980191 , -0.198789 , 0
-0.976635 , -0.215582 , 0
-0.972791 , -0.232312 , 0
-0.96866 , -0.248973 , 0
-0.964244 , -0.26556 , 0
-0.959544 , -0.282069 , 0
-0.954562 , -0.298496 , 0
-0.949298 , -0.314834 , 0
-0.943754 , -0.33108 , 0
-0.937933 , -0.347228 , 0
-0.931835 , -0.363273 , 0
-0.925463 , -0.379212 , 0
-0.918818 , -0.395039 , 0
-0.911902 , -0.41075 , 0
-0.904718 , -0.42634 , 0
-0.897267 , -0.441804 , 0
-0.889552 , -0.457138 , 0
-0.881575 , -0.472337 , 0
-0.873338 , -0.487397 , 0
-0.864844 , -0.502313 , 0
-0.856095 , -0.517082 , 0
-0.847094 , -0.531698 , 0
-0.837844 , -0.546158 , 0
-0.828346 , -0.560457 , 0
-0.818605 , -0.57459 , 0
-0.808622 , -0.588554 , 0
-0.798401 , -0.602345 , 0
-0.787945 , -0.615959 , 0
-0.777257 , -0.629391 , 0
-0.76634 , -0.642637 , 0
-0.755197 , -0.655695 , 0
-0.743832 , -0.668559 , 0
-0.732247 , -0.681226 , 0
-0.720447 , -0.693693 , 0
-0.708434 , -0.705955 , 0
-0.696213 , -0.718009 , 0
-0.683787 , -0.729851 , 0
-0.671159 , -0.741479 , 0
-0.658334 , -0.752888 , 0
-0.645314 , -0.764075 , 0
-0.632105 , -0.775038 , 0
-0.618709 , -0.785772 , 0
-0.605131 , -0.796274 , 0
-0.591375 , -0.806542 , 0
-0.577444 , -0.816572 , 0
-0.563344 , -0.826362 , 0
-0.549077 , -0.835908 , 0
-0.534649 , -0.845208 , 0
-0.520063 , -0.854259 , 0
-0.505324 , -0.863058 , 0
-0.490436 , -0.871603 , 0
-0.475403 , -0.879891 , 0
-0.460231 , -0.88792 , 0
-0.444922 , -0.895688 , 0
-0.429483 , -0.903191 , 0
-0.413918 , -0.910428 , 0
-0.39823 , -0.917398 , 0
-0.382425 , -0.924097 , 0
-0.366507 , -0.930523 , 0
-0.350481 , -0.936676 , 0
-0.334353 , -0.942552 , 0
-0.318125 , -0.948151 , 0
-0.301804 , -0.95347 , 0
-0.285394 , -0.958509 , 0
-0.2689 , -0.963265 , 0
-0.252326 , -0.967737 , 0
-0.235679 , -0.971924 , 0
-0.218961 , -0.975825 , 0
-0.20218 , -0.979439 , 0
-0.185338 , -0.982763 , 0
-0.168443 , -0.985798 , 0
-0.151497 , -0.988543 , 0
-0.134507 , -0.990997 , 0
-0.117477 , -0.993158 , 0
-0.100413 , -0.995027 , 0
-0.0833188 , -0.996603 , 0
-0.0662003 , -0.997885 , 0
-0.0490623 , -0.998873 , 0
-0.0319098 , -0.999566 , 0
-0.0147479 , -0.999966 , 0
0.00241828 , -1.00007 , 0
0.0195838 , -0.99988 , 0
0.0367435 , -0.999395 , 0
0.0538924 , -0.998616 , 0
0.0710255 , -0.997543 , 0
0.0881376 , -0.996175 , 0
0.105224 , -0.994515 , 0
0.122279 , -0.992561 , 0
0.139298 , -0.990314 , 0
0.156276 , -0.987776 , 0
0.173208 , -0.984947 , 0
0.190089 , -0.981827 , 0
0.206914 , -0.978419 , 0
0.223678 , -0.974721 , 0
0.240376 , -0.970737 , 0
0.257003 , -0.966467 , 0
0.273555 , -0.961912 , 0
0.290026 , -0.957073 , 0
0.306411 , -0.951953 , 0
0.322706 , -0.946552 , 0
0.338906 , -0.940872 , 0
0.355007 , -0.934914 , 0
0.371002 , -0.928682 , 0
0.386888 , -0.922175 , 0
0.402661 , -0.915397 , 0
0.418314 , -0.908349 , 0
0.433845 , -0.901034 , 0
0.449247 , -0.893453 , 0
0.464517 , -0.885608 , 0
0.479651 , -0.877503 , 0
0.494642 , -0.869139 , 0
0.509489 , -0.860519 , 0
0.524185 , -0.851646 , 0
0.538726 , -0.842521 , 0
0.553109 , -0.833148 , 0
0.567329 , -0.82353 , 0
0.581381 , -0.813669 , 0
0.595263 , -0.803568 , 0
0.608968 , -0.79323 , 0
0.622495 , -0.782659 , 0
0.635838 , -0.771857 , 0
0.648993 , -0.760828 , 0
0.661958 , -0.749574 , 0
0.674727 , -0.7381 , 0
0.687297 , -0.726407 , 0
0.699665 , -0.714501 , 0
0.711827 , -0.702385 , 0
0.723779 , -0.690061 , 0
0.735518 , -0.677534 , 0
0.74704 , -0.664807 , 0
0.758341 , -0.651885 , 0
0.76942 , -0.63877 , 0
0.780271 , -0.625467 , 0
0.790893 , -0.61198 , 0
0.801281 , -0.598312 , 0
0.811433 , -0.584468 , 0
0.821347 , -0.570452 , 0
0.831018 , -0.556268 , 0
0.840444 , -0.54192 , 0
0.849623 , -0.527412 , 0
0.858551 , -0.512748 , 0
0.867226 , -0.497934 , 0
0.875646 , -0.482973 , 0
0.883807 , -0.467869 , 0
0.891708 , -0.452628 , 0
0.899347 , -0.437253 , 0
0.90672 , -0.421749 , 0
0.913826 , -0.406121 , 0
0.920663 , -0.390373 , 0
0.927228 , -0.374511 , 0
0.93352 , -0.358538 , 0
0.939537 , -0.342459 , 0
0.945278 , -0.326279 , 0
0.950739 , -0.310003 , 0
0.955921 , -0.293636 , 0
0.96082 , -0.277182 , 0
0.965437 , -0.260647 , 0
0.969769 , -0.244035 , 0
0.973815 , -0.227351 , 0
0.977574 , -0.210599 , 0
0.981045 , -0.193786 , 0
0.984227 , -0.176916 , 0
0.987119 , -0.159993 , 0
0.98972 , -0.143024 , 0
0.992029 , -0.126012 , 0
0.994046 , -0.108963 , 0
0.99577 , -0.0918821 , 0
0.997201 , -0.074774 , 0
0.998337 , -0.0576439 , 0
0.99918 , -0.0404968 , 0
0.999728 , -0.0233377 , 0
