x , y , z
1 , 0 , 0
0.999788 , 0.0206006 , 0
0.999151 , 0.0411925 , 0
0.998091 , 0.0617669 , 0
0.996607 , 0.082315 , 0
0.9947 , 0.102828 , 0
0.992371 , 0.123298 , 0
0.98962 , 0.143715 , 0
0.98645 , 0.164071 , 0
0.982861 , 0.184358 , 0
0.978855 , 0.204566 , 0
0.974434 , 0.224688 , 0
0.969599 , 0.244714 , 0
0.964352 , 0.264637 , 0
0.958696 , 0.284447 , 0
0.952634 , 0.304136 , 0
0.946167 , 0.323697 , 0
0.939299 , 0.343119 , 0
0.932032 , 0.362397 , 0
0.924369 , 0.38152 , 0
0.916314 , 0.400482 , 0
0.907871 , 0.419274 , 0
0.899042 , 0.437887 , 0
0.889831 , 0.456315 , 0
0.880243 , 0.47455 , 0
0.870282 , 0.492582 , 0
0.859951 , 0.510406 , 0
0.849255 , 0.528014 , 0
0.838199 , 0.545397 , 0
0.826787 , 0.562549 , 0
0.815024 , 0.579462 , 0
0.802916 , 0.596129 , 0
0.790466 , 0.612543 , 0
0.777681 , 0.628697 , 0
0.764567 , 0.644585 , 0
0.751127 , 0.660199 , 0
0.737369 , 0.675532 , 0
0.723299 , 0.690579 , 0
0.708921 , 0.705334 , 0
0.694242 , 0.719788 , 0
0.679269 , 0.733938 , 0
0.664008 , 0.747776 , 0
0.648464 , 0.761296 , 0
0.632646 , 0.774494 , 0
0.616559 , 0.787363 , 0
0.600211 , 0.799898 , 0
0.583608 , 0.812093 , 0
0.566757 , 0.823944 , 0
0.549666 , 0.835445 , 0
0.532341 , 0.846592 , 0
0.514791 , 0.85738 , 0
0.497022 , 0.867803 , 0
0.479043 , 0.877859 , 0
0.46086 , 0.887542 , 0
0.442482 , 0.896849 , 0
0.423915 , 0.905775 , 0
0.405169 , 0.914316 , 0
0.386252 , 0.92247 , 0
0.36717 , 0.930232 , 0
0.347932 , 0.9376 , 0
0.328547 , 0.94457 , 0
0.309023 , 0.951139 , 0
0.289367 , 0.957305 , 0
0.269588 , 0.963065 , 0
0.249696 , 0.968416 , 0
0.229697 , 0.973356 , 0
0.209601 , 0.977883 , 0
0.189416 , 0.981995 , 0
0.16915 , 0.985691 , 0
0.148813 , 0.988968 , 0
0.128413 , 0.991826 , 0
0.107958 , 0.994264 , 0
0.0874571 , 0.996279 , 0
0.0669194 , 0.997872 , 0
0.0463533 , 0.999042 , 0
0.0257675 , 0.999787 , 0
0.00517084 , 1.00011 , 0
-0.0154281 , 1.00001 , 0
-0.0360204 , 0.999479 , 0
-0.0565975 , 0.998529 , 0
-0.0771505 , 0.997154 , 0
-0.0976709 , 0.995357 , 0
-0.11815 , 0.993138 , 0
-0.138579 , 0.990497 , 0
-0.158949 , 0.987436 , 0
-0.179251 , 0.983956 , 0
-0.199478 , 0.980059 , 0
-0.21962 , 0.975747 , 0
-0.239669 , 0.97102 , 0
-0.259616 , 0.965882 , 0
-0.279453 , 0.960334 , 0
-0.299171 , 0.954378 , 0
-0.318763 , 0.948018 , 0
-0.338219 , 0.941256 , 0
-0.357532 , 0.934094 , 0
-0.376694 , 0.926537 , 0
-0.395695 , 0.918586 , 0
-0.414529 , 0.910246 , 0
-0.433187 , 0.90152 , 0
-0.451662 , 0.892412 , 0
-0.469944 , 0.882925 , 0
-0.488028 , 0.873064 , 0
-0.505904 , 0.862832 , 0
-0.523566 , 0.852235 , 0
-0.541006 , 0.841276 , 0
-0.558217 , 0.829961 , 0
-0.575191 , 0.818293 , 0
-0.591921 , 0.806279 , 0
-0.6084 , 0.793923 , 0
-0.624621 , 0.78123 , 0
-0.640577 , 0.768205 , 0
-0.656261 , 0.754855 , 0
-0.671668 , 0.741185 , 0
-0.686789 , 0.727201 , 0
-0.70162 , 0.712909 , 0
-0.716152 , 0.698314 , 0
-0.730382 , 0.683423 , 0
-0.744301 , 0.668242 , 0
-0.757905 , 0.652778 , 0
-0.771188 , 0.637038 , 0
-0.784143 , 0.621027 , 0
-0.796767 , 0.604753 , 0
-0.809052 , 0.588222 , 0
-0.820995 , 0.571442 , 0
-0.832589 , 0.55442 , 0
-0.843831 , 0.537163 , 0
-0.854714 , 0.519678 , 0
-0.865236 , 0.501973 , 0
-0.875391 , 0.484055 , 0
-0.885174 , 0.465932 , 0
-0.894582 , 0.447611 , 0
-0.903612 , 0.429101 , 0
-0.912258 , 0.410409 , 0
-0.920517 , 0.391543 , 0
-0.928387 , 0.37251 , 0
-0.935862 , 0.35332 , 0
-0.942941 , 0.333981 , 0
-0.949621 , 0.314499 , 0
-0.955898 , 0.294884 , 0
-0.96177 , 0.275145 , 0
-0.967234 , 0.255289 , 0
-0.972288 , 0.235324 , 0
-0.97693 , 0.21526 , 0
-0.981158 , 0.195104 , 0
-0.984971 , 0.174866 , 0
-0.988366 , 0.154554 , 0
-0.991342 , 0.134176 , 0
-0.993897 , 0.113742 , 0
-0.996032 , 0.0932589 , 0
-0.997745 , 0.0727365 , 0
-0.999034 , 0.0521834 , 0
-0.999901 , 0.0316081 , 0
-1.00034 , 0.0110195 , 0
-1.00036 , -0.00957385 , 0
-0.999957 , -0.0301631 , 0
-0.999129 , -0.0507396 , 0
-0.997876 , -0.0712946 , 0
-0.996201 , -0.0918194 , 0
-0.994104 , -0.112305 , 0
-0.991586 , -0.132744 , 0
-0.988648 , -0.153126 , 0
-0.98529 , -0.173443 , 0
-0.981515 , -0.193686 , 0
-0.977325 , -0.213848 , 0
-0.97272 , -0.233919 , 0
-0.967703 , -0.253891 , 0
-0.962276 , -0.273755 , 0
-0.956442 , -0.293504 , 0
-0.950202 , -0.313128 , 0
-0.94356 , -0.332619 , 0
-0.936518 , -0.351969 , 0
-0.929079 , -0.371171 , 0
-0.921247 , -0.390215 , 0
-0.913024 , -0.409094 , 0
-0.904414 , -0.427799 , 0
-0.895422 , -0.446323 , 0
-0.88605 , -0.464659 , 0
-0.876303 , -0.482797 , 0
-0.866184 , -0.500731 , 0
-0.855699 , -0.518452 , 0
-0.844851 , -0.535955 , 0
-0.833646 , -0.55323 , 0
-0.822087 , -0.57027 , 0
-0.81018 , -0.58707 , 0
-0.79793 , -0.60362 , 0
-0.785342 , -0.619915 , 0
-0.772421 , -0.635947 , 0
-0.759173 , -0.65171 , 0
-0.745604 , -0.667197 , 0
-0.731718 , -0.682402 , 0
-0.717523 , -0.697317 , 0
-0.703024 , -0.711937 , 0
-0.688227 , -0.726255 , 0
-0.673139 , -0.740266 , 0
-0.657766 , -0.753964 , 0
-0.642114 , -0.767342 , 0
-0.62619 , -0.780395 , 0
-0.610001 , -0.793117 , 0
-0.593554 , -0.805504 , 0
-0.576855 , -0.81755 , 0
-0.559912 , -0.829249 , 0
-0.542732 , -0.840597 , 0
-0.525322 , -0.851589 , 0
-0.507689 , -0.862221 , 0
-0.489842 , -0.872487 , 0
-0.471787 , -0.882384 , 0
-0.453532 , -0.891908 , 0
-0.435086 , -0.901053 , 0
-0.416455 , -0.909818 , 0
-0.397647 , -0.918196 , 0
-0.378672 , -0.926187 , 0
-0.359536 , -0.933784 , 0
-0.340247 , -0.940987 , 0
-0.320815 , -0.947791 , 0
-0.301247 , -0.954194 , 0
-0.281551 , -0.960192 , 0
-0.261736 , -0.965785 , 0
-0.241811 , -0.970968 , 0
-0.221783 , -0.97574 , 0
-0.201661 , -0.980099 , 0
-0.181453 , -0.984043 , 0
-0.161169 , -0.98757 , 0
-0.140816 , -0.99068 , 0
-0.120404 , -0.99337 , 0
-0.0999414 , -0.995639 , 0
-0.079436 , -0.997487 , 0
-0.058897 , -0.998912 , 0
-0.038333 , -0.999914 , 0
-0.0177529 , -1.00049 , 0
0.0028348 , -1.00065 , 0
0.0234213 , -1.00038 , 0
0.0439978 , -0.99969 , 0
0.0645558 , -0.998575 , 0
0.0850864 , -0.997037 , 0
0.105581 , -0.995078 , 0
0.126031 , -0.992697 , 0
0.146427 , -0.989896 , 0
0.166762 , -0.986676 , 0
0.187026 , -0.983038 , 0
0.207211 , -0.978984 , 0
0.227308 , -0.974515 , 0
0.247309 , -0.969634 , 0
0.267205 , -0.964343 , 0
0.286988 , -0.958643 , 0
0.306649 , -0.952537 , 0
0.326181 , -0.946029 , 0
0.345575 , -0.93912 , 0
0.364822 , -0.931813 , 0
0.383915 , -0.924112 , 0
0.402845 , -0.916019 , 0
0.421605 , -0.907539 , 0
0.440187 , -0.898675 , 0
0.458582 , -0.88943 , 0
0.476783 , -0.879809 , 0
0.494782 , -0.869815 , 0
0.512572 , -0.859453 , 0
0.530144 , -0.848728 , 0
0.547493 , -0.837643 , 0
0.564609 , -0.826203 , 0
0.581487 , -0.814414 , 0
0.598118 , -0.80228 , 0
0.614497 , -0.789807 , 0
0.630615 , -0.776999 , 0
0.646466 , -0.763862 , 0
0.662044 , -0.750402 , 0
0.677341 , -0.736624 , 0
0.692352 , -0.722535 , 0
0.707069 , -0.708139 , 0
0.721487 , -0.693444 , 0
0.7356 , -0.678456 , 0
0.749402 , -0.66318 , 0
0.762886 , -0.647623 , 0
0.776048 , -0.631793 , 0
0.788881 , -0.615695 , 0
0.80138 , -0.599336 , 0
0.81354 , -0.582724 , 0
0.825355 , -0.565865 , 0
0.836821 , -0.548766 , 0
0.847933 , -0.531436 , 0
0.858686 , -0.51388 , 0
0.869076 , -0.496107 , 0
0.879097 , -0.478123 , 0
0.888747 , -0.459938 , 0
0.89802 , -0.441557 , 0
0.906913 , -0.42299 , 0
0.915423 , -0.404244 , 0
0.923545 , -0.385327 , 0
0.931276 , -0.366246 , 0
0.938613 , -0.347011 , 0
0.945552 , -0.327628 , 0
0.952091 , -0.308107 , 0
0.958228 , -0.288456 , 0
0.963958 , -0.268682 , 0
0.969281 , -0.248795 , 0
0.974193 , -0.228803 , 0
0.978693 , -0.208713 , 0
0.982779 , -0.188535 , 0
0.986449 , -0.168278 , 0
0.989701 , -0.147949 , 0
0.992534 , -0.127557 , 0
0.994947 , -0.107112 , 0
0.996939 , -0.0866213 , 0
0.998509 , -0.0660938 , 0
0.999657 , -0.0455384 , 0
1.00038 , -0.0249637 , 0
1.00068 , -0.00437845 , 0
1.00056 , 0.0162087 , 0
1.00001 , 0.0367889 , 0
0.999042 , 0.0573536 , 0
0.99765 , 0.077894 , 0
0.995835 , 0.0984014 , 0
0.993598 , 0.118867 , 0
0.990941 , 0.139283 , 0
0.987865 , 0.159639 , 0
0.98437 , 0.179928 , 0
0.980458 , 0.200141 , 0
0.976132 , 0.220269 , 0
0.971392 , 0.240304 , 0
0.966241 , 0.260237 , 0
0.960681 , 0.28006 , 0
0.954714 , 0.299764 , 0
0.948343 , 0.319341 , 0
0.941571 , 0.338784 , 0
0.9344 , 0.358082 , 0
0.926834 , 0.37723 , 0
0.918875 , 0.396217 , 0
0.910527 , 0.415037 , 0
0.901793 , 0.433681 , 0
0.892678 , 0.452141 , 0
0.883185 , 0.470411 , 0
0.873318 , 0.48848 , 0
0.863082 , 0.506344 , 0
0.852479 , 0.523992 , 0
0.841516 , 0.541419 , 0
0.830197 , 0.558617 , 0
0.818526 , 0.575578 , 0
0.806509 , 0.592295 , 0
0.79415 , 0.608762 , 0
0.781455 , 0.624971 , 0
0.768429 , 0.640915 , 0
0.755078 , 0.656588 , 0
0.741407 , 0.671983 , 0
0.727422 , 0.687094 , 0
0.713129 , 0.701913 , 0
0.698534 , 0.716435 , 0
0.683643 , 0.730654 , 0
0.668463 , 0.744564 , 0
0.653 , 0.758158 , 0
0.63726 , 0.771432 , 0
0.621251 , 0.784378 , 0
0.604978 , 0.796993 , 0
0.588449 , 0.80927 , 0
0.571672 , 0.821204 , 0
0.554652 , 0.832791 , 0
0.537397 , 0.844024 , 0
0.519914 , 0.854901 , 0
0.502212 , 0.865415 , 0
0.484296 , 0.875563 , 0
0.466176 , 0.885341 , 0
0.447858 , 0.894743 , 0
0.429351 , 0.903766 , 0
0.410661 , 0.912407 , 0
0.391798 , 0.920661 , 0
0.372769 , 0.928525 , 0
0.353582 , 0.935996 , 0
0.334245 , 0.943071 , 0
0.314767 , 0.949746 , 0
0.295155 , 0.956019 , 0
0.275419 , 0.961887 , 0
0.255565 , 0.967348 , 0
0.235604 , 0.972399 , 0
0.215543 , 0.977038 , 0
0.19539 , 0.981264 , 0
0.175155 , 0.985073 , 0
0.154845 , 0.988466 , 0
0.13447 , 0.99144 , 0
0.114038 , 0.993993 , 0
0.0935574 , 0.996126 , 0
0.0730373 , 0.997837 , 0
0.0524864 , 0.999125 , 0
0.0319131 , 0.99999 , 0
0.0113264 , 1.00043 , 0
-0.00926511 , 1.00045 , 0
-0.0298527 , 1.00004 , 0
-0.0504277 , 0.999213 , 0
-0.0709813 , 0.99796 , 0
-0.0915048 , 0.996284 , 0
-0.11199 , 0.994186 , 0
-0.132427 , 0.991667 , 0
-0.152808 , 0.988727 , 0
-0.173125 , 0.985369 , 0
-0.193368 , 0.981593 , 0
-0.213529 , 0.977402 , 0
-0.2336 , 0.972796 , 0
-0.253571 , 0.967779 , 0
-0.273436 , 0.962351 , 0
-0.293184 , 0.956515 , 0
-0.312808 , 0.950274 , 0
-0.3323 , 0.943631 , 0
-0.351651 , 0.936588 , 0
-0.370853 , 0.929148 , 0
-0.389898 , 0.921314 , 0
-0.408777 , 0.91309 , 0
-0.427484 , 0.904478 , 0
-0.446009 , 0.895484 , 0
-0.464345 , 0.88611 , 0
-0.482485 , 0.876361 , 0
-0.50042 , 0.86624 , 0
-0.518143 , 0.855753 , 0
-0.535646 , 0.844902 , 0
-0.552922 , 0.833694 , 0
-0.569964 , 0.822132 , 0
-0.586765 , 0.810222 , 0
-0.603317 , 0.797968 , 0
-0.619613 , 0.785377 , 0
-0.635646 , 0.772452 , 0
-0.651411 , 0.7592 , 0
-0.666899 , 0.745626 , 0
-0.682104 , 0.731737 , 0
-0.69702 , 0.717537 , 0
-0.711641 , 0.703033 , 0
-0.725961 , 0.688231 , 0
-0.739972 , 0.673137 , 0
-0.75367 , 0.657758 , 0
-0.767049 , 0.6421 , 0
-0.780102 , 0.626171 , 0
-0.792825 , 0.609975 , 0
-0.805211 , 0.593521 , 0
-0.817257 , 0.576816 , 0
-0.828956 , 0.559866 , 0
-0.840303 , 0.542678 , 0
-0.851294 , 0.525261 , 0
-0.861925 , 0.507621 , 0
-0.87219 , 0.489766 , 0
-0.882085 , 0.471703 , 0
-0.891606 , 0.45344 , 0
-0.90075 , 0.434985 , 0
-0.909511 , 0.416346 , 0
-0.917887 , 0.39753 , 0
-0.925874 , 0.378545 , 0
-0.933468 , 0.3594 , 0
-0.940666 , 0.340103 , 0
-0.947466 , 0.320661 , 0
-0.953864 , 0.301084 , 0
-0.959857 , 0.281378 , 0
-0.965444 , 0.261554 , 0
-0.970621 , 0.241618 , 0
-0.975387 , 0.221581 , 0
-0.979739 , 0.201449 , 0
-0.983675 , 0.181232 , 0
-0.987195 , 0.160938 , 0
-0.990296 , 0.140575 , 0
-0.992977 , 0.120153 , 0
-0.995237 , 0.0996806 , 0
-0.997075 , 0.0791654 , 0
-0.99849 , 0.0586167 , 0
-0.999482 , 0.0380432 , 0
-1.00005 , 0.0174535 , 0
-1.00019 , -0.00314356 , 0
-0.999913 , -0.0237393 , 0
-0.999208 , -0.044325 , 0
-0.99808 , -0.0648919 , 0
-0.996529 , -0.0854312 , 0
-0.994555 , -0.105934 , 0
-0.992159 , -0.126393 , 0
-0.989342 , -0.146797 , 0
-0.986106 , -0.16714 , 0
-0.982451 , -0.187411 , 0
-0.97838 , -0.207603 , 0
-0.973894 , -0.227707 , 0
-0.968995 , -0.247714 , 0
-0.963685 , -0.267616 , 0
-0.957966 , -0.287405 , 0
-0.951841 , -0.307072 , 0
-0.945312 , -0.326609 , 0
-0.938382 , -0.346007 , 0
-0.931054 , -0.365258 , 0
-0.923331 , -0.384355 , 0
-0.915216 , -0.403288 , 0
-0.906714 , -0.42205 , 0
-0.897826 , -0.440633 , 0
-0.888558 , -0.45903 , 0
-0.878913 , -0.477231 , 0
-0.868895 , -0.495231 , 0
-0.858508 , -0.51302 , 0
-0.847758 , -0.530591 , 0
-0.836647 , -0.547938 , 0
-0.825182 , -0.565052 , 0
-0.813367 , -0.581926 , 0
-0.801206 , -0.598553 , 0
-0.788706 , -0.614927 , 0
-0.775871 , -0.631039 , 0
-0.762707 , -0.646884 , 0
-0.74922 , -0.662455 , 0
-0.735414 , -0.677744 , 0
-0.721297 , -0.692746 , 0
-0.706873 , -0.707454 , 0
-0.69215 , -0.721862 , 0
-0.677133 , -0.735963 , 0
-0.661828 , -0.749752 , 0
-0.646243 , -0.763224 , 0
-0.630384 , -0.776371 , 0
-0.614257 , -0.789189 , 0
-0.59787 , -0.801672 , 0
-0.581229 , -0.813815 , 0
-0.564341 , -0.825613 , 0
-0.547214 , -0.83706 , 0
-0.529855 , -0.848153 , 0
-0.512271 , -0.858885 , 0
-0.494469 , -0.869253 , 0
-0.476458 , -0.879252 , 0
-0.458245 , -0.888878 , 0
-0.439837 , -0.898127 , 0
-0.421242 , -0.906995 , 0
-0.402469 , -0.915478 , 0
-0.383525 , -0.923572 , 0
-0.364418 , -0.931275 , 0
-0.345157 , -0.938583 , 0
-0.325749 , -0.945492 , 0
-0.306203 , -0.952 , 0
-0.286527 , -0.958104 , 0
-0.266729 , -0.963801 , 0
-0.246819 , -0.96909 , 0
-0.226803 , -0.973967 , 0
-0.206691 , -0.978431 , 0
-0.186492 , -0.98248 , 0
-0.166213 , -0.986111 , 0
-0.145864 , -0.989325 , 0
-0.125453 , -0.992118 , 0
-0.104989 , -0.994491 , 0
-0.0844801 , -0.996441 , 0
-0.0639354 , -0.997969 , 0
-0.0433637 , -0.999073 , 0
-0.0227735 , -0.999753 , 0
-0.0021736 , -1.00001 , 0
0.0184272 , -0.999841 , 0
0.0390201 , -0.999248 , 0
0.0595965 , -0.998231 , 0
0.0801477 , -0.996791 , 0
0.100665 , -0.994928 , 0
0.121139 , -0.992642 , 0
0.141562 , -0.989935 , 0
0.161925 , -0.986808 , 0
0.182219 , -0.983262 , 0
0.202436 , -0.979299 , 0
0.222567 , -0.974921 , 0
0.242603 , -0.970128 , 0
0.262537 , -0.964924 , 0
0.282359 , -0.959311 , 0
0.302061 , -0.95329 , 0
0.321635 , -0.946865 , 0
0.341073 , -0.940038 , 0
0.360366 , -0.932812 , 0
0.379506 , -0.92519 , 0
0.398485 , -0.917175 , 0
0.417294 , -0.908771 , 0
0.435927 , -0.899982 , 0
0.454375 , -0.890811 , 0
0.47263 , -0.881261 , 0
0.490684 , -0.871338 , 0
0.50853 , -0.861045 , 0
0.52616 , -0.850386 , 0
0.543567 , -0.839367 , 0
0.560743 , -0.827991 , 0
0.577681 , -0.816264 , 0
0.594375 , -0.80419 , 0
0.610815 , -0.791775 , 0
0.626997 , -0.779025 , 0
0.642913 , -0.765943 , 0
0.658555 , -0.752537 , 0
0.673919 , -0.738811 , 0
0.688996 , -0.724772 , 0
0.703781 , -0.710425 , 0
0.718267 , -0.695776 , 0
0.732448 , -0.680833 , 0
0.746319 , -0.6656 , 0
0.759872 , -0.650085 , 0
0.773104 , -0.634294 , 0
0.786007 , -0.618234 , 0
0.798577 , -0.601911 , 0
0.810808 , -0.585333 , 0
0.822694 , -0.568507 , 0
0.834232 , -0.551439 , 0
0.845415 , -0.534138 , 0
0.85624 , -0.51661 , 0
0.866702 , -0.498862 , 0
0.876795 , -0.480903 , 0
0.886517 , -0.46274 , 0
0.895862 , -0.44438 , 0
0.904828 , -0.425832 , 0
0.913409 , -0.407103 , 0
0.921603 , -0.388201 , 0
0.929405 , -0.369135 , 0
0.936814 , -0.349912 , 0
0.943824 , -0.33054 , 0
0.950434 , -0.311029 , 0
0.956641 , -0.291385 , 0
0.962442 , -0.271618 , 0
0.967835 , -0.251735 , 0
0.972817 , -0.231745 , 0
0.977386 , -0.211658 , 0
0.98154 , -0.19148 , 0
0.985278 , -0.171221 , 0
0.988598 , -0.15089 , 0
0.991498 , -0.130494 , 0
0.993978 , -0.110043 , 0
0.996036 , -0.0895457 , 0
0.997671 , -0.0690101 , 0
0.998883 , -0.0484452 , 0
0.999671 , -0.0278598 , 0
1.00004 , -0.00726259 , 0
0.999975 , 0.0133377 , 0
0.99949 , 0.0339324 , 0
0.998582 , 0.0545127 , 0
0.997249 , 0.0750698 , 0
0.995494 , 0.0955951 , 0
0.993316 , 0.11608 , 0
0.990717 , 0.136515 , 0
0.987697 , 0.156893 , 0
0.984259 , 0.177204 , 0
0.980403 , 0.19744 , 0
0.976131 , 0.217592 , 0
0.971444 , 0.237651 , 0
0.966346 , 0.25761 , 0
0.960838 , 0.27746 , 0
0.954922 , 0.297192 , 0
0.948601 , 0.316798 , 0
0.941877 , 0.336269 , 0
0.934754 , 0.355598 , 0
0.927235 , 0.374776 , 0
0.919322 , 0.393795 , 0
0.911019 , 0.412647 , 0
0.90233 , 0.431324 , 0
0.893258 , 0.449818 , 0
0.883807 , 0.468121 , 0
0.873981 , 0.486225 , 0
0.863784 , 0.504124 , 0
0.853221 , 0.521808 , 0
0.842296 , 0.539271 , 0
0.831014 , 0.556505 , 0
0.819379 , 0.573504 , 0
0.807397 , 0.590259 , 0
0.795072 , 0.606763 , 0
0.78241 , 0.623011 , 0
0.769417 , 0.638994 , 0
0.756096 , 0.654706 , 0
0.742456 , 0.67014 , 0
0.7285 , 0.68529 , 0
0.714235 , 0.70015 , 0
0.699668 , 0.714713 , 0
0.684803 , 0.728972 , 0
0.669649 , 0.742922 , 0
0.65421 , 0.756558 , 0
0.638494 , 0.769872 , 0
0.622507 , 0.78286 , 0
0.606256 , 0.795516 , 0
0.589747 , 0.807834 , 0
0.572989 , 0.81981 , 0
0.555988 , 0.831438 , 0
0.538751 , 0.842714 , 0
0.521286 , 0.853632 , 0
0.503599 , 0.864189 , 0
0.485699 , 0.874379 , 0
0.467593 , 0.884198 , 0
0.449289 , 0.893642 , 0
0.430794 , 0.902707 , 0
0.412117 , 0.91139 , 0
0.393265 , 0.919686 , 0
0.374246 , 0.927592 , 0
0.355068 , 0.935105 , 0
0.33574 , 0.942221 , 0
0.31627 , 0.948938 , 0
0.296665 , 0.955252 , 0
0.276935 , 0.961162 , 0
0.257087 , 0.966664 , 0
0.23713 , 0.971756 , 0
0.217073 , 0.976436 , 0
0.196924 , 0.980702 , 0
0.176691 , 0.984553 , 0
0.156383 , 0.987986 , 0
0.136009 , 0.991 , 0
0.115577 , 0.993594 , 0
0.0950968 , 0.995767 , 0
0.0745758 , 0.997518 , 0
0.0540232 , 0.998846 , 0
0.0334477 , 0.99975 , 0
0.012858 , 1.00023 , 0
-0.00773711 , 1.00029 , 0
-0.028329 , 0.99992 , 0
-0.0489088 , 0.999129 , 0
-0.0694679 , 0.997914 , 0
-0.0899976 , 0.996277 , 0
-0.110489 , 0.994217 , 0
-0.130934 , 0.991735 , 0
-0.151323 , 0.988834 , 0
-0.171648 , 0.985513 , 0
-0.1919 , 0.981774 , 0
-0.212071 , 0.97762 , 0
-0.232152 , 0.973051 , 0
-0.252135 , 0.968069 , 0
-0.272011 , 0.962678 , 0
-0.291771 , 0.956878 , 0
-0.311408 , 0.950673 , 0
-0.330913 , 0.944065 , 0
-0.350278 , 0.937057 , 0
-0.369494 , 0.929652 , 0
-0.388554 , 0.921852 , 0
-0.407449 , 0.913663 , 0
-0.426171 , 0.905086 , 0
-0.444713 , 0.896125 , 0
-0.463066 , 0.886785 , 0
-0.481223 , 0.877069 , 0
-0.499177 , 0.866981 , 0
-0.516918 , 0.856526 , 0
-0.534441 , 0.845708 , 0
-0.551737 , 0.834532 , 0
-0.568799 , 0.823002 , 0
-0.585621 , 0.811123 , 0
-0.602194 , 0.798901 , 0
-0.618512 , 0.78634 , 0
-0.634568 , 0.773446 , 0
-0.650356 , 0.760224 , 0
-0.665867 , 0.746681 , 0
-0.681097 , 0.73282 , 0
-0.696038 , 0.71865 , 0
-0.710684 , 0.704175 , 0
-0.725029 , 0.689401 , 0
-0.739067 , 0.674336 , 0
-0.752792 , 0.658985 , 0
-0.766197 , 0.643355 , 0
-0.779279 , 0.627452 , 0
-0.79203 , 0.611283 , 0
-0.804446 , 0.594856 , 0
-0.81652 , 0.578176 , 0
-0.828249 , 0.561252 , 0
-0.839628 , 0.544089 , 0
-0.85065 , 0.526697 , 0
-0.861312 , 0.509081 , 0
-0.87161 , 0.491249 , 0
-0.881538 , 0.47321 , 0
-0.891092 , 0.45497 , 0
-0.90027 , 0.436537 , 0
-0.909066 , 0.41792 , 0
-0.917477 , 0.399125 , 0
-0.925499 , 0.380161 , 0
-0.933129 , 0.361037 , 0
-0.940364 , 0.341759 , 0
-0.947201 , 0.322337 , 0
-0.953637 , 0.302778 , 0
-0.959669 , 0.283091 , 0
-0.965294 , 0.263284 , 0
-0.970511 , 0.243366 , 0
-0.975316 , 0.223344 , 0
-0.979709 , 0.203228 , 0
-0.983686 , 0.183026 , 0
-0.987247 , 0.162746 , 0
-0.99039 , 0.142397 , 0
-0.993114 , 0.121988 , 0
-0.995416 , 0.101528 , 0
-0.997298 , 0.0810243 , 0
-0.998757 , 0.0604865 , 0
-0.999793 , 0.039923 , 0
-1.00041 , 0.0193425 , 0
-1.00059 , -0.00124605 , 0
-1.00036 , -0.0218341 , 0
-0.999702 , -0.0424129 , 0
-0.998621 , -0.0629738 , 0
-0.997116 , -0.083508 , 0
-0.99519 , -0.104007 , 0
-0.992842 , -0.124462 , 0
-0.990073 , -0.144864 , 0
-0.986886 , -0.165204 , 0
-0.98328 , -0.185475 , 0
-0.979259 , -0.205668 , 0
-0.974822 , -0.225773 , 0
-0.969973 , -0.245782 , 0
-0.964713 , -0.265688 , 0
-0.959045 , -0.285481 , 0
-0.952971 , -0.305153 , 0
-0.946493 , -0.324696 , 0
-0.939614 , -0.344102 , 0
-0.932338 , -0.363361 , 0
-0.924667 , -0.382467 , 0
-0.916604 , -0.401411 , 0
-0.908154 , -0.420186 , 0
-0.899319 , -0.438782 , 0
-0.890103 , -0.457192 , 0
-0.88051 , -0.475409 , 0
-0.870545 , -0.493425 , 0
-0.860211 , -0.511232 , 0
-0.849512 , -0.528822 , 0
-0.838455 , -0.546188 , 0
-0.827042 , -0.563323 , 0
-0.815279 , -0.58022 , 0
-0.803171 , -0.596871 , 0
-0.790723 , -0.61327 , 0
-0.77794 , -0.629408 , 0
-0.764828 , -0.645281 , 0
-0.751392 , -0.66088 , 0
-0.737638 , -0.676199 , 0
-0.723572 , -0.691233 , 0
-0.709199 , -0.705973 , 0
-0.694527 , -0.720415 , 0
-0.67956 , -0.734552 , 0
-0.664305 , -0.748377 , 0
-0.64877 , -0.761886 , 0
-0.63296 , -0.775073 , 0
-0.616881 , -0.787931 , 0
-0.600542 , -0.800456 , 0
-0.583949 , -0.812642 , 0
-0.567108 , -0.824484 , 0
-0.550027 , -0.835977 , 0
-0.532714 , -0.847116 , 0
-0.515174 , -0.857897 , 0
-0.497417 , -0.868314 , 0
-0.47945 , -0.878364 , 0
-0.461279 , -0.888042 , 0
-0.442913 , -0.897345 , 0
-0.42436 , -0.906267 , 0
-0.405627 , -0.914806 , 0
-0.386722 , -0.922957 , 0
-0.367653 , -0.930718 , 0
-0.348429 , -0.938085 , 0
-0.329058 , -0.945055 , 0
-0.309547 , -0.951624 , 0
-0.289905 , -0.957791 , 0
-0.270141 , -0.963553 , 0
-0.250262 , -0.968907 , 0
-0.230277 , -0.97385 , 0
-0.210195 , -0.978382 , 0
-0.190024 , -0.982499 , 0
-0.169772 , -0.9862 , 0
-0.149448 , -0.989484 , 0
-0.129061 , -0.992349 , 0
-0.10862 , -0.994794 , 0
-0.0881326 , -0.996818 , 0
-0.0676079 , -0.99842 , 0
-0.0470546 , -0.9996 , 0
-0.0264813 , -1.00036 , 0
-0.00589688 , -1.00069 , 0
0.0146901 , -1.0006 , 0
0.0352708 , -1.00008 , 0
0.0558366 , -0.999147 , 0
0.0763788 , -0.997786 , 0
0.0968886 , -0.996004 , 0
0.117357 , -0.993799 , 0
0.137777 , -0.991174 , 0
0.158137 , -0.98813 , 0
0.178431 , -0.984667 , 0
0.19865 , -0.980787 , 0
0.218784 , -0.976493 , 0
0.238826 , -0.971785 , 0
0.258766 , -0.966665 , 0
0.278597 , -0.961137 , 0
0.29831 , -0.955201 , 0
0.317897 , -0.948861 , 0
0.33735 , -0.94212 , 0
0.356659 , -0.93498 , 0
0.375818 , -0.927444 , 0
0.394817 , -0.919515 , 0
0.413649 , -0.911198 , 0
0.432307 , -0.902494 , 0
0.450781 , -0.893409 , 0
0.469064 , -0.883945 , 0
0.487149 , -0.874107 , 0
0.505028 , -0.863899 , 0
0.522693 , -0.853326 , 0
0.540136 , -0.842391 , 0
0.557351 , -0.831099 , 0
0.57433 , -0.819456 , 0
0.591066 , -0.807466 , 0
0.607552 , -0.795134 , 0
0.62378 , -0.782466 , 0
0.639745 , -0.769466 , 0
0.655438 , -0.75614 , 0
0.670855 , -0.742495 , 0
0.685987 , -0.728535 , 0
0.700828 , -0.714267 , 0
0.715373 , -0.699696 , 0
0.729616 , -0.684829 , 0
0.743549 , -0.669672 , 0
0.757168 , -0.654232 , 0
0.770466 , -0.638515 , 0
0.783437 , -0.622527 , 0
0.796078 , -0.606276 , 0
0.808381 , -0.589768 , 0
0.820342 , -0.573011 , 0
0.831955 , -0.556011 , 0
0.843217 , -0.538775 , 0
0.854121 , -0.521311 , 0
0.864664 , -0.503627 , 0
0.874841 , -0.48573 , 0
0.884647 , -0.467626 , 0
0.894079 , -0.449325 , 0
0.903132 , -0.430834 , 0
0.911803 , -0.41216 , 0
0.920087 , -0.393312 , 0
0.927983 , -0.374297 , 0
0.935485 , -0.355123 , 0
0.942591 , -0.3358 , 0
0.949298 , -0.316334 , 0
0.955603 , -0.296734 , 0
0.961504 , -0.277009 , 0
0.966997 , -0.257166 , 0
0.972081 , -0.237214 , 0
0.976753 , -0.217162 , 0
0.981012 , -0.197018 , 0
0.984856 , -0.176791 , 0
0.988282 , -0.156488 , 0
0.99129 , -0.13612 , 0
0.993878 , -0.115693 , 0
0.996045 , -0.0952181 , 0
0.99779 , -0.0747026 , 0
0.999113 , -0.0541554 , 0
1.00001 , -0.0335853 , 0
1.00049 , -0.0130009 , 0
1.00054 , 0.00758894 , 0
1.00017 , 0.0281756 , 0
0.999376 , 0.0487503 , 0
0.998158 , 0.0693044 , 0
0.996517 , 0.0898291 , 0
0.994454 , 0.110316 , 0
0.99197 , 0.130756 , 0
0.989066 , 0.15114 , 0
0.985743 , 0.171461 , 0
0.982003 , 0.191709 , 0
0.977847 , 0.211876 , 0
0.973276 , 0.231953 , 0
0.968293 , 0.251931 , 0
0.962901 , 0.271803 , 0
0.9571 , 0.29156 , 0
0.950894 , 0.311194 , 0
0.944285 , 0.330695 , 0
0.937276 , 0.350057 , 0
0.92987 , 0.36927 , 0
0.922071 , 0.388327 , 0
0.91388 , 0.407219 , 0
0.905303 , 0.425939 , 0
0.896342 , 0.444479 , 0
0.887002 , 0.46283 , 0
0.877285 , 0.480985 , 0
0.867197 , 0.498936 , 0
0.856742 , 0.516676 , 0
0.845924 , 0.534197 , 0
0.834747 , 0.551492 , 0
0.823217 , 0.568553 , 0
0.811338 , 0.585374 , 0
0.799115 , 0.601946 , 0
0.786554 , 0.618263 , 0
0.773659 , 0.634318 , 0
0.760437 , 0.650105 , 0
0.746892 , 0.665616 , 0
0.733031 , 0.680845 , 0
0.71886 , 0.695786 , 0
0.704383 , 0.710432 , 0
0.689609 , 0.724777 , 0
0.674542 , 0.738815 , 0
0.65919 , 0.752539 , 0
0.643558 , 0.765945 , 0
0.627653 , 0.779026 , 0
0.611483 , 0.791778 , 0
0.595053 , 0.804193 , 0
0.578371 , 0.816268 , 0
0.561444 , 0.827997 , 0
0.544279 , 0.839375 , 0
0.526884 , 0.850398 , 0
0.509265 , 0.86106 , 0
0.491431 , 0.871357 , 0
0.473388 , 0.881285 , 0
0.455144 , 0.890839 , 0
0.436708 , 0.900016 , 0
0.418087 , 0.908812 , 0
0.399288 , 0.917222 , 0
0.38032 , 0.925244 , 0
0.361191 , 0.932873 , 0
0.341909 , 0.940107 , 0
0.322482 , 0.946943 , 0
0.302919 , 0.953377 , 0
0.283227 , 0.959407 , 0
0.263415 , 0.965031 , 0
0.243491 , 0.970245 , 0
0.223464 , 0.975049 , 0
0.203342 , 0.979438 , 0
0.183134 , 0.983413 , 0
0.162849 , 0.986971 , 0
0.142494 , 0.990111 , 0
0.122079 , 0.992831 , 0
0.101613 , 0.99513 , 0
0.0811029 , 0.997007 , 0
0.0605588 , 0.998461 , 0
0.0399889 , 0.999493 , 0
0.0194022 , 1.0001 , 0
-0.0011928 , 1.00028 , 0
-0.0217873 , 1.00004 , 0
-0.0423725 , 0.999379 , 0
-0.0629398 , 0.998291 , 0
-0.0834804 , 0.996779 , 0
-0.103986 , 0.994845 , 0
-0.124447 , 0.992489 , 0
-0.144855 , 0.989713 , 0
-0.165202 , 0.986517 , 0
-0.185479 , 0.982902 , 0
-0.205677 , 0.978871 , 0
-0.225788 , 0.974425 , 0
-0.245804 , 0.969565 , 0
-0.265715 , 0.964295 , 0
-0.285513 , 0.958616 , 0
-0.30519 , 0.95253 , 0
-0.324738 , 0.94604 , 0
-0.344149 , 0.939149 , 0
-0.363413 , 0.93186 , 0
-0.382523 , 0.924176 , 0
-0.401471 , 0.916099 , 0
-0.420249 , 0.907635 , 0
-0.438848 , 0.898785 , 0
-0.457262 , 0.889554 , 0
-0.475481 , 0.879947 , 0
-0.493499 , 0.869965 , 0
-0.511308 , 0.859615 , 0
-0.5289 , 0.848901 , 0
-0.546267 , 0.837826 , 0
-0.563403 , 0.826396 , 0
-0.5803 , 0.814616 , 0
-0.59695 , 0.80249 , 0
-0.613348 , 0.790024 , 0
-0.629485 , 0.777222 , 0
-0.645356 , 0.764091 , 0
-0.660952 , 0.750636 , 0
-0.676269 , 0.736863 , 0
-0.691298 , 0.722777 , 0
-0.706035 , 0.708384 , 0
-0.720471 , 0.693691 , 0
-0.734603 , 0.678704 , 0
-0.748422 , 0.663429 , 0
-0.761925 , 0.647872 , 0
-0.775104 , 0.632041 , 0
-0.787954 , 0.615941 , 0
-0.80047 , 0.599581 , 0
-0.812646 , 0.582966 , 0
-0.824478 , 0.566103 , 0
-0.83596 , 0.549001 , 0
-0.847087 , 0.531666 , 0
-0.857855 , 0.514105 , 0
-0.86826 , 0.496326 , 0
-0.878295 , 0.478336 , 0
-0.887958 , 0.460144 , 0
-0.897245 , 0.441756 , 0
-0.906151 , 0.423181 , 0
-0.914672 , 0.404426 , 0
-0.922806 , 0.3855 , 0
-0.930548 , 0.36641 , 0
-0.937895 , 0.347165 , 0
-0.944844 , 0.327773 , 0
-0.951392 , 0.308241 , 0
-0.957537 , 0.288579 , 0
-0.963275 , 0.268794 , 0
-0.968605 , 0.248895 , 0
-0.973524 , 0.228891 , 0
-0.97803 , 0.20879 , 0
-0.982121 , 0.1886 , 0
-0.985795 , 0.168329 , 0
-0.989051 , 0.147988 , 0
-0.991887 , 0.127584 , 0
-0.994302 , 0.107125 , 0
-0.996296 , 0.0866213 , 0
-0.997867 , 0.0660807 , 0
-0.999014 , 0.045512 , 0
-0.999737 , 0.0249241 , 0
-1.00004 , 0.0043255 , 0
-0.999912 , -0.0162749 , 0
-0.999362 , -0.0368684 , 0
-0.998389 , -0.0574462 , 0
-0.996992 , -0.0779997 , 0
-0.995172 , -0.0985201 , 0
-0.99293 , -0.118999 , 0
-0.990266 , -0.139427 , 0
-0.987182 , -0.159796 , 0
-0.983679 , -0.180097 , 0
-0.979759 , -0.200321 , 0
-0.975423 , -0.220461 , 0
-0.970673 , -0.240507 , 0
-0.965512 , -0.260451 , 0
-0.95994 , -0.280285 , 0
-0.953961 , -0.299999 , 0
-0.947578 , -0.319587 , 0
-0.940792 , -0.339038 , 0
-0.933607 , -0.358346 , 0
-0.926026 , -0.377502 , 0
-0.918052 , -0.396497 , 0
-0.909688 , -0.415325 , 0
-0.900939 , -0.433976 , 0
-0.891807 , -0.452443 , 0
-0.882296 , -0.470718 , 0
-0.872411 , -0.488793 , 0
-0.862156 , -0.50666 , 0
-0.851535 , -0.524313 , 0
-0.840553 , -0.541743 , 0
-0.829213 , -0.558943 , 0
-0.817522 , -0.575906 , 0
-0.805484 , -0.592625 , 0
-0.793105 , -0.609092 , 0
-0.780388 , -0.625301 , 0
-0.767341 , -0.641244 , 0
-0.753968 , -0.656915 , 0
-0.740275 , -0.672308 , 0
-0.726267 , -0.687415 , 0
-0.711952 , -0.70223 , 0
-0.697334 , -0.716748 , 0
-0.68242 , -0.730961 , 0
-0.667217 , -0.744864 , 0
-0.651731 , -0.758451 , 0
-0.635968 , -0.771716 , 0
-0.619935 , -0.784653 , 0
-0.603639 , -0.797258 , 0
-0.587087 , -0.809524 , 0
-0.570286 , -0.821446 , 0
-0.553243 , -0.83302 , 0
-0.535965 , -0.844241 , 0
-0.518459 , -0.855103 , 0
-0.500734 , -0.865602 , 0
-0.482795 , -0.875734 , 0
-0.464653 , -0.885494 , 0
-0.446312 , -0.894879 , 0
-0.427783 , -0.903884 , 0
-0.409072 , -0.912505 , 0
-0.390187 , -0.920739 , 0
-0.371137 , -0.928582 , 0
-0.351929 , -0.936031 , 0
-0.332572 , -0.943083 , 0
-0.313074 , -0.949734 , 0
-0.293443 , -0.955983 , 0
-0.273687 , -0.961826 , 0
-0.253815 , -0.96726 , 0
-0.233836 , -0.972285 , 0
-0.213757 , -0.976896 , 0
-0.193587 , -0.981093 , 0
-0.173336 , -0.984874 , 0
-0.153011 , -0.988237 , 0
-0.132621 , -0.99118 , 0
-0.112174 , -0.993703 , 0
-0.0916803 , -0.995804 , 0
-0.0711474 , -0.997482 , 0
-0.0505843 , -0.998738 , 0
-0.0299998 , -0.999569 , 0
-0.0094025 , -0.999976 , 0
0.0111988 , -0.999959 , 0
0.0317953 , -0.999518 , 0
0.0523783 , -0.998652 , 0
0.0729391 , -0.997363 , 0
0.0934689 , -0.99565 , 0
0.113959 , -0.993515 , 0
0.134401 , -0.990958 , 0
0.154786 , -0.987981 , 0
0.175105 , -0.984584 , 0
0.19535 , -0.98077 , 0
0.215511 , -0.97654 , 0
0.235582 , -0.971895 , 0
0.255552 , -0.966838 , 0
0.275415 , -0.96137 , 0
0.29516 , -0.955495 , 0
0.31478 , -0.949214 , 0
0.334266 , -0.942531 , 0
0.353611 , -0.935447 , 0
0.372805 , -0.927967 , 0
0.391842 , -0.920093 , 0
0.410712 , -0.911828 , 0
0.429407 , -0.903177 , 0
0.447921 , -0.894142 , 0
0.466245 , -0.884728 , 0
0.48437 , -0.874939 , 0
0.502291 , -0.864778 , 0
0.519998 , -0.854251 , 0
0.537484 , -0.843361 , 0
0.554743 , -0.832113 , 0
0.571766 , -0.820513 , 0
0.588546 , -0.808564 , 0
0.605077 , -0.796272 , 0
0.621351 , -0.783642 , 0
0.637362 , -0.77068 , 0
0.653102 , -0.757391 , 0
0.668565 , -0.74378 , 0
0.683745 , -0.729854 , 0
0.698634 , -0.715619 , 0
0.713227 , -0.701079 , 0
0.727517 , -0.686243 , 0
0.741499 , -0.671115 , 0
0.755166 , -0.655703 , 0
0.768513 , -0.640012 , 0
0.781534 , -0.62405 , 0
0.794224 , -0.607823 , 0
0.806576 , -0.591338 , 0
0.818586 , -0.574603 , 0
0.830249 , -0.557624 , 0
0.84156 , -0.540408 , 0
0.852514 , -0.522963 , 0
0.863107 , -0.505296 , 0
0.873333 , -0.487415 , 0
0.883188 , -0.469327 , 0
0.89267 , -0.45104 , 0
0.901772 , -0.432562 , 0
0.910492 , -0.4139 , 0
0.918826 , -0.395063 , 0
0.92677 , -0.376058 , 0
0.934321 , -0.356893 , 0
0.941476 , -0.337578 , 0
0.948232 , -0.318119 , 0
0.954585 , -0.298525 , 0
0.960534 , -0.278805 , 0
0.966075 , -0.258966 , 0
0.971206 , -0.239017 , 0
0.975926 , -0.218968 , 0
0.980231 , -0.198825 , 0
0.984121 , -0.178598 , 0
0.987594 , -0.158295 , 0
0.990648 , -0.137925 , 0
0.993281 , -0.117497 , 0
0.995494 , -0.0970184 , 0
0.997284 , -0.076499 , 0
0.998652 , -0.0559472 , 0
0.999596 , -0.0353717 , 0
1.00012 , -0.0147811 , 0
1.00021 , 0.00581567 , 0
0.999884 , 0.02641 , 0
0.999132 , 0.0469931 , 0
0.997956 , 0.0675564 , 0
0.996357 , 0.0880909 , 0
0.994336 , 0.108588 , 0
0.991893 , 0.129039 , 0
0.98903 , 0.149436 , 0
0.985747 , 0.169769 , 0
0.982046 , 0.19003 , 0
0.977929 , 0.210211 , 0
0.973397 , 0.230302 , 0
0.968453 , 0.250296 , 0
0.963098 , 0.270184 , 0
0.957335 , 0.289957 , 0
0.951166 , 0.309607 , 0
0.944593 , 0.329126 , 0
0.937621 , 0.348505 , 0
0.93025 , 0.367737 , 0
0.922486 , 0.386813 , 0
0.91433 , 0.405725 , 0
0.905787 , 0.424464 , 0
0.89686 , 0.443024 , 0
0.887552 , 0.461396 , 0
0.877869 , 0.479573 , 0
0.867813 , 0.497546 , 0
0.857389 , 0.515309 , 0
0.846602 , 0.532853 , 0
0.835457 , 0.550171 , 0
0.823957 , 0.567256 , 0
0.812108 , 0.5841 , 0
0.799914 , 0.600697 , 0
0.787382 , 0.617039 , 0
0.774516 , 0.63312 , 0
0.761321 , 0.648932 , 0
0.747804 , 0.66447 , 0
0.73397 , 0.679726 , 0
0.719825 , 0.694693 , 0
0.705375 , 0.709367 , 0
0.690626 , 0.723739 , 0
0.675584 , 0.737805 , 0
0.660256 , 0.751559 , 0
0.644649 , 0.764994 , 0
0.628768 , 0.778104 , 0
0.61262 , 0.790885 , 0
0.596213 , 0.803331 , 0
0.579554 , 0.815436 , 0
0.562648 , 0.827196 , 0
0.545505 , 0.838605 , 0
0.52813 , 0.849659 , 0
0.510531 , 0.860353 , 0
0.492716 , 0.870683 , 0
0.474693 , 0.880643 , 0
0.456468 , 0.890231 , 0
0.43805 , 0.899441 , 0
0.419446 , 0.90827 , 0
0.400664 , 0.916714 , 0
0.381713 , 0.92477 , 0
0.3626 , 0.932434 , 0
0.343333 , 0.939703 , 0
0.323921 , 0.946574 , 0
0.304372 , 0.953044 , 0
0.284694 , 0.95911 , 0
0.264895 , 0.96477 , 0
0.244984 , 0.970021 , 0
0.224969 , 0.974861 , 0
0.204859 , 0.979288 , 0
0.184662 , 0.9833 , 0
0.164386 , 0.986896 , 0
0.144042 , 0.990074 , 0
0.123636 , 0.992832 , 0
0.103178 , 0.99517 , 0
0.0826756 , 0.997086 , 0
0.0621386 , 0.99858 , 0
0.0415754 , 0.999651 , 0
0.0209945 , 1.0003 , 0
0.00040471 , 1.00052 , 0
-0.0201852 , 1.00032 , 0
-0.0407666 , 0.999698 , 0
-0.0613308 , 0.998651 , 0
-0.0818689 , 0.997181 , 0
-0.102372 , 0.995288 , 0
-0.122832 , 0.992974 , 0
-0.143241 , 0.99024 , 0
-0.163588 , 0.987085 , 0
-0.183866 , 0.983513 , 0
-0.204066 , 0.979525 , 0
-0.22418 , 0.975121 , 0
-0.244199 , 0.970305 , 0
-0.264115 , 0.965078 , 0
-0.283918 , 0.959442 , 0
-0.303602 , 0.953399 , 0
-0.323157 , 0.946953 , 0
-0.342574 , 0.940106 , 0
-0.361847 , 0.932861 , 0
-0.380967 , 0.92522 , 0
-0.399925 , 0.917188 , 0
-0.418714 , 0.908768 , 0
-0.437326 , 0.899962 , 0
-0.455753 , 0.890776 , 0
-0.473986 , 0.881212 , 0
-0.492019 , 0.871276 , 0
-0.509843 , 0.86097 , 0
-0.527452 , 0.8503 , 0
-0.544837 , 0.839269 , 0
-0.561992 , 0.827884 , 0
-0.578908 , 0.816147 , 0
-0.59558 , 0.804066 , 0
-0.611999 , 0.791643 , 0
-0.628159 , 0.778886 , 0
-0.644053 , 0.765799 , 0
-0.659675 , 0.752387 , 0
-0.675017 , 0.738657 , 0
-0.690073 , 0.724614 , 0
-0.704837 , 0.710265 , 0
-0.719303 , 0.695615 , 0
-0.733464 , 0.68067 , 0
-0.747315 , 0.665437 , 0
-0.760849 , 0.649922 , 0
-0.774062 , 0.634132 , 0
-0.786946 , 0.618074 , 0
-0.799497 , 0.601754 , 0
-0.81171 , 0.585179 , 0
-0.823579 , 0.568357 , 0
-0.8351 , 0.551293 , 0
-0.846267 , 0.533997 , 0
-0.857076 , 0.516474 , 0
-0.867521 , 0.498733 , 0
-0.8776 , 0.480781 , 0
-0.887307 , 0.462625 , 0
-0.896639 , 0.444273 , 0
-0.90559 , 0.425733 , 0
-0.914159 , 0.407013 , 0
-0.92234 , 0.388121 , 0
-0.930131 , 0.369064 , 0
-0.937529 , 0.349851 , 0
-0.944529 , 0.33049 , 0
-0.95113 , 0.310989 , 0
-0.957328 , 0.291357 , 0
-0.96312 , 0.271601 , 0
-0.968505 , 0.25173 , 0
-0.973481 , 0.231753 , 0
-0.978043 , 0.211677 , 0
-0.982192 , 0.191512 , 0
-0.985926 , 0.171266 , 0
-0.989241 , 0.150947 , 0
-0.992138 , 0.130564 , 0
-0.994616 , 0.110127 , 0
-0.996672 , 0.089642 , 0
-0.998306 , 0.0691196 , 0
-0.999517 , 0.0485679 , 0
-1.00031 , 0.0279957 , 0
-1.00067 , 0.00741162 , 0
-1.00061 , -0.0131756 , 0
-1.00013 , -0.0337572 , 0
-0.999225 , -0.0543246 , 0
-0.997897 , -0.074869 , 0
-0.996146 , -0.0953816 , 0
-0.993974 , -0.115854 , 0
-0.991381 , -0.136277 , 0
-0.988368 , -0.156643 , 0
-0.984937 , -0.176942 , 0
-0.981089 , -0.197166 , 0
-0.976826 , -0.217307 , 0
-0.972149 , -0.237356 , 0
-0.967061 , -0.257305 , 0
-0.961563 , -0.277144 , 0
-0.955659 , -0.296867 , 0
-0.94935 , -0.316463 , 0
-0.942639 , -0.335926 , 0
-0.935529 , -0.355246 , 0
-0.928023 , -0.374416 , 0
-0.920124 , -0.393428 , 0
-0.911836 , -0.412273 , 0
-0.903162 , -0.430944 , 0
-0.894105 , -0.449432 , 0
-0.884671 , -0.46773 , 0
-0.874861 , -0.48583 , 0
-0.864682 , -0.503724 , 0
-0.854136 , -0.521405 , 0
-0.843229 , -0.538865 , 0
-0.831965 , -0.556098 , 0
-0.820348 , -0.573095 , 0
-0.808385 , -0.589849 , 0
-0.796079 , -0.606354 , 0
-0.783437 , -0.622602 , 0
-0.770462 , -0.638586 , 0
-0.757162 , -0.6543 , 0
-0.743541 , -0.669737 , 0
-0.729605 , -0.684891 , 0
-0.715361 , -0.699755 , 0
-0.700814 , -0.714323 , 0
-0.68597 , -0.728588 , 0
-0.670836 , -0.742545 , 0
-0.655417 , -0.756187 , 0
-0.639722 , -0.76951 , 0
-0.623755 , -0.782506 , 0
-0.607525 , -0.795172 , 0
-0.591037 , -0.807501 , 0
-0.574299 , -0.819488 , 0
-0.557318 , -0.831128 , 0
-0.540101 , -0.842416 , 0
-0.522656 , -0.853348 , 0
-0.504989 , -0.863918 , 0
-0.487109 , -0.874123 , 0
-0.469022 , -0.883958 , 0
-0.450737 , -0.893419 , 0
-0.432261 , -0.902501 , 0
-0.413602 , -0.911201 , 0
-0.394768 , -0.919516 , 0
-0.375766 , -0.927441 , 0
-0.356606 , -0.934974 , 0
-0.337295 , -0.942111 , 0
-0.317841 , -0.948849 , 0
-0.298252 , -0.955185 , 0
-0.278537 , -0.961117 , 0
-0.258704 , -0.966643 , 0
-0.238762 , -0.971758 , 0
-0.218719 , -0.976463 , 0
-0.198583 , -0.980754 , 0
-0.178363 , -0.98463 , 0
-0.158067 , -0.988089 , 0
-0.137705 , -0.99113 , 0
-0.117284 , -0.993751 , 0
-0.0968134 , -0.995952 , 0
-0.0763019 , -0.99773 , 0
-0.0557582 , -0.999087 , 0
-0.0351908 , -1.00002 , 0
-0.0146086 , -1.00053 , 0
0.00597985 , -1.00062 , 0
0.0265657 , -1.00028 , 0
0.0471404 , -0.999518 , 0
0.0676951 , -0.998334 , 0
0.0882211 , -0.996728 , 0
0.10871 , -0.994699 , 0
0.129152 , -0.992249 , 0
0.14954 , -0.989379 , 0
0.169865 , -0.98609 , 0
0.190118 , -0.982384 , 0
0.21029 , -0.978261 , 0
0.230373 , -0.973725 , 0
0.250359 , -0.968776 , 0
0.270238 , -0.963417 , 0
0.290004 , -0.957649 , 0
0.309646 , -0.951477 , 0
0.329157 , -0.944901 , 0
0.348529 , -0.937926 , 0
0.367753 , -0.930553 , 0
0.386822 , -0.922786 , 0
0.405727 , -0.914628 , 0
0.42446 , -0.906083 , 0
0.443013 , -0.897154 , 0
0.461378 , -0.887846 , 0
0.479549 , -0.878161 , 0
0.497516 , -0.868105 , 0
0.515272 , -0.85768 , 0
0.53281 , -0.846893 , 0
0.550123 , -0.835747 , 0
0.567202 , -0.824247 , 0
0.584042 , -0.812398 , 0
0.600634 , -0.800205 , 0
0.616971 , -0.787672 , 0
0.633047 , -0.774807 , 0
0.648856 , -0.761613 , 0
0.664389 , -0.748096 , 0
0.679641 , -0.734263 , 0
0.694605 , -0.720119 , 0
0.709275 , -0.705669 , 0
0.723644 , -0.690921 , 0
0.737707 , -0.67588 , 0
0.751457 , -0.660553 , 0
0.76489 , -0.644946 , 0
0.777998 , -0.629066 , 0
0.790776 , -0.612919 , 0
0.80322 , -0.596513 , 0
0.815323 , -0.579854 , 0
0.827081 , -0.562949 , 0
0.838489 , -0.545806 , 0
0.849541 , -0.528432 , 0
0.860233 , -0.510834 , 0
0.870561 , -0.493019 , 0
0.880521 , -0.474996 , 0
0.890107 , -0.456771 , 0
0.899316 , -0.438353 , 0
0.908144 , -0.419749 , 0
0.916587 , -0.400967 , 0
0.924642 , -0.382016 , 0
0.932306 , -0.362902 , 0
0.939574 , -0.343635 , 0
0.946444 , -0.324222 , 0
0.952913 , -0.304672 , 0
0.958979 , -0.284993 , 0
0.964638 , -0.265193 , 0
0.969888 , -0.24528 , 0
0.974727 , -0.225264 , 0
0.979154 , -0.205152 , 0
0.983165 , -0.184953 , 0
0.98676 , -0.164676 , 0
0.989937 , -0.144329 , 0
0.992694 , -0.123921 , 0
0.995031 , -0.103461 , 0
0.996946 , -0.0829564 , 0
0.998438 , -0.0624169 , 0
0.999507 , -0.0418509 , 0
1.00015 , -0.0212672 , 0
1.00037 , -0.000674454 , 0
1.00017 , 0.0199186 , 0
0.999547 , 0.0405032 , 0
0.998497 , 0.0610706 , 0
0.997025 , 0.0816121 , 0
0.995129 , 0.102119 , 0
0.992812 , 0.122583 , 0
0.990074 , 0.142994 , 0
0.986917 , 0.163346 , 0
0.983341 , 0.183627 , 0
0.979348 , 0.203831 , 0
0.974941 , 0.223949 , 0
0.97012 , 0.243972 , 0
0.964888 , 0.263891 , 0
0.959247 , 0.283699 , 0
0.953199 , 0.303386 , 0
0.946747 , 0.322944 , 0
0.939894 , 0.342366 , 0
0.932642 , 0.361643 , 0
0.924995 , 0.380766 , 0
0.916956 , 0.399728 , 0
0.908529 , 0.41852 , 0
0.899716 , 0.437135 , 0
0.890522 , 0.455565 , 0
0.88095 , 0.473801 , 0
0.871004 , 0.491837 , 0
0.86069 , 0.509664 , 0
0.85001 , 0.527275 , 0
0.838971 , 0.544663 , 0
0.827575 , 0.561819 , 0
0.815829 , 0.578738 , 0
0.803736 , 0.595411 , 0
0.791303 , 0.611831 , 0
0.778535 , 0.627992 , 0
0.765436 , 0.643887 , 0
0.752013 , 0.659509 , 0
0.738271 , 0.674851 , 0
0.724215 , 0.689908 , 0
0.709853 , 0.704671 , 0
0.69519 , 0.719136 , 0
0.680232 , 0.733296 , 0
0.664986 , 0.747145 , 0
0.649457 , 0.760677 , 0
0.633653 , 0.773886 , 0
0.617581 , 0.786767 , 0
0.601246 , 0.799315 , 0
0.584657 , 0.811524 , 0
0.56782 , 0.823388 , 0
0.550741 , 0.834904 , 0
0.53343 , 0.846065 , 0
0.515892 , 0.856868 , 0
0.498135 , 0.867307 , 0
0.480167 , 0.877378 , 0
0.461995 , 0.887077 , 0
0.443628 , 0.8964 , 0
0.425072 , 0.905343 , 0
0.406336 , 0.913902 , 0
0.387428 , 0.922073 , 0
0.368355 , 0.929853 , 0
0.349126 , 0.937239 , 0
0.329749 , 0.944227 , 0
0.310232 , 0.950814 , 0
0.290584 , 0.956999 , 0
0.270812 , 0.962777 , 0
0.250926 , 0.968147 , 0
0.230933 , 0.973107 , 0
0.210842 , 0.977653 , 0
0.190661 , 0.981785 , 0
0.1704 , 0.985501 , 0
0.150067 , 0.988798 , 0
0.129669 , 0.991676 , 0
0.109217 , 0.994134 , 0
0.0887187 , 0.996169 , 0
0.0681825 , 0.997782 , 0
0.0476174 , 0.998972 , 0
0.0270322 , 0.999738 , 0
0.0064354 , 1.00008 , 0
-0.0141641 , 0.999998 , 0
-0.0347576 , 0.999491 , 0
-0.0553363 , 0.998561 , 0
-0.0758916 , 0.997206 , 0
-0.0964146 , 0.995429 , 0
-0.116897 , 0.993229 , 0
-0.137329 , 0.990608 , 0
-0.157704 , 0.987567 , 0
-0.178011 , 0.984107 , 0
-0.198243 , 0.980229 , 0
-0.218391 , 0.975935 , 0
-0.238446 , 0.971228 , 0
-0.2584 , 0.966108 , 0
-0.278244 , 0.960578 , 0
-0.29797 , 0.954641 , 0
-0.31757 , 0.948299 , 0
-0.337035 , 0.941554 , 0
-0.356357 , 0.93441 , 0
-0.375528 , 0.926869 , 0
-0.39454 , 0.918935 , 0
-0.413384 , 0.910612 , 0
-0.432053 , 0.901901 , 0
-0.450538 , 0.892809 , 0
-0.468832 , 0.883337 , 0
-0.486928 , 0.87349 , 0
-0.504816 , 0.863273 , 0
-0.522491 , 0.85269 , 0
-0.539943 , 0.841745 , 0
-0.557167 , 0.830442 , 0
-0.574154 , 0.818787 , 0
-0.590898 , 0.806785 , 0
-0.607391 , 0.794441 , 0
-0.623626 , 0.781759 , 0
-0.639597 , 0.768745 , 0
-0.655296 , 0.755406 , 0
-0.670717 , 0.741746 , 0
-0.685853 , 0.727771 , 0
-0.700698 , 0.713487 , 0
-0.715247 , 0.6989 , 0
-0.729491 , 0.684017 , 0
-0.743426 , 0.668844 , 0
-0.757045 , 0.653386 , 0
-0.770344 , 0.637652 , 0
-0.783315 , 0.621647 , 0
-0.795954 , 0.605378 , 0
-0.808255 , 0.588852 , 0
-0.820213 , 0.572076 , 0
-0.831823 , 0.555058 , 0
-0.84308 , 0.537804 , 0
-0.853979 , 0.520322 , 0
-0.864516 , 0.502619 , 0
-0.874686 , 0.484702 , 0
-0.884485 , 0.46658 , 0
-0.893909 , 0.44826 , 0
-0.902953 , 0.42975 , 0
-0.911613 , 0.411057 , 0
-0.919887 , 0.39219 , 0
-0.927771 , 0.373157 , 0
-0.935261 , 0.353965 , 0
-0.942354 , 0.334623 , 0
-0.949047 , 0.315138 , 0
-0.955337 , 0.295521 , 0
-0.961222 , 0.275777 , 0
-0.966699 , 0.255917 , 0
-0.971766 , 0.235948 , 0
-0.97642 , 0.215879 , 0
-0.98066 , 0.195718 , 0
-0.984484 , 0.175475 , 0
-0.98789 , 0.155156 , 0
-0.990877 , 0.134772 , 0
-0.993443 , 0.114331 , 0
-0.995587 , 0.0938412 , 0
-0.99731 , 0.0733116 , 0
-0.998608 , 0.0527509 , 0
-0.999483 , 0.0321678 , 0
-0.999934 , 0.0115711 , 0
-0.999961 , -0.00903056 , 0
-0.999563 , -0.0296284 , 0
-0.998741 , -0.0502136 , 0
-0.997495 , -0.0707776 , 0
-0.995826 , -0.0913115 , 0
-0.993734 , -0.111807 , 0
-0.99122 , -0.132254 , 0
-0.988286 , -0.152646 , 0
-0.984933 , -0.172973 , 0
-0.981161 , -0.193226 , 0
-0.976973 , -0.213397 , 0
-0.972371 , -0.233478 , 0
-0.967355 , -0.25346 , 0
-0.96193 , -0.273334 , 0
-0.956096 , -0.293092 , 0
-0.949856 , -0.312726 , 0
-0.943213 , -0.332227 , 0
-0.93617 , -0.351587 , 0
-0.92873 , -0.370798 , 0
-0.920896 , -0.389852 , 0
-0.91267 , -0.40874 , 0
-0.904058 , -0.427455 , 0
-0.895062 , -0.445988 , 0
-0.885686 , -0.464332 , 0
-0.875934 , -0.482479 , 0
-0.865811 , -0.500421 , 0
-0.85532 , -0.518151 , 0
-0.844466 , -0.535661 , 0
-0.833254 , -0.552944 , 0
-0.821688 , -0.569992 , 0
-0.809773 , -0.586798 , 0
-0.797515 , -0.603356 , 0
-0.784919 , -0.619657 , 0
-0.771989 , -0.635695 , 0
-0.758732 , -0.651463 , 0
-0.745153 , -0.666956 , 0
-0.731258 , -0.682165 , 0
-0.717052 , -0.697084 , 0
-0.702543 , -0.711708 , 0
-0.687735 , -0.72603 , 0
-0.672635 , -0.740044 , 0
-0.65725 , -0.753744 , 0
-0.641586 , -0.767124 , 0
-0.62565 , -0.780178 , 0
-0.609448 , -0.792902 , 0
-0.592988 , -0.805289 , 0
-0.576276 , -0.817334 , 0
-0.55932 , -0.829033 , 0
-0.542126 , -0.840379 , 0
-0.524702 , -0.85137 , 0
-0.507056 , -0.861999 , 0
-0.489195 , -0.872262 , 0
-0.471126 , -0.882155 , 0
-0.452857 , -0.891674 , 0
-0.434396 , -0.900815 , 0
-0.415751 , -0.909574 , 0
-0.396929 , -0.917946 , 0
-0.377939 , -0.92593 , 0
-0.358789 , -0.93352 , 0
-0.339486 , -0.940715 , 0
-0.32004 , -0.94751 , 0
-0.300457 , -0.953903 , 0
-0.280747 , -0.959892 , 0
-0.260918 , -0.965473 , 0
-0.240979 , -0.970645 , 0
-0.220937 , -0.975405 , 0
-0.200801 , -0.979752 , 0
-0.180581 , -0.983683 , 0
-0.160283 , -0.987196 , 0
-0.139918 , -0.990291 , 0
-0.119493 , -0.992965 , 0
-0.099018 , -0.995219 , 0
-0.0785007 , -0.99705 , 0
-0.05795 , -0.998459 , 0
-0.0373747 , -0.999443 , 0
-0.0167836 , -1 , 0
0.00381458 , -1.00014 , 0
0.0244112 , -0.999854 , 0
0.0449974 , -0.999142 , 0
0.0655646 , -0.998007 , 0
0.086104 , -0.996448 , 0
0.106607 , -0.994467 , 0
0.127064 , -0.992064 , 0
0.147468 , -0.989241 , 0
0.167809 , -0.985997 , 0
0.188079 , -0.982336 , 0
0.20827 , -0.978258 , 0
0.228372 , -0.973765 , 0
0.248377 , -0.968859 , 0
0.268276 , -0.963542 , 0
0.288062 , -0.957817 , 0
0.307726 , -0.951685 , 0
0.327259 , -0.94515 , 0
0.346654 , -0.938214 , 0
0.365901 , -0.93088 , 0
0.384994 , -0.923151 , 0
0.403923 , -0.915031 , 0
0.422681 , -0.906523 , 0
0.441259 , -0.897631 , 0
0.459651 , -0.888358 , 0
0.477847 , -0.878708 , 0
0.495841 , -0.868686 , 0
0.513625 , -0.858295 , 0
0.531191 , -0.84754 , 0
0.548532 , -0.836426 , 0
0.56564 , -0.824958 , 0
0.582508 , -0.813139 , 0
0.59913 , -0.800976 , 0
0.615497 , -0.788473 , 0
0.631603 , -0.775636 , 0
0.647442 , -0.762471 , 0
0.663006 , -0.748981 , 0
0.678289 , -0.735175 , 0
0.693285 , -0.721056 , 0
0.707986 , -0.706632 , 0
0.722388 , -0.691909 , 0
0.736483 , -0.676892 , 0
0.750266 , -0.661588 , 0
0.763731 , -0.646004 , 0
0.776872 , -0.630145 , 0
0.789684 , -0.61402 , 0
0.802161 , -0.597635 , 0
0.814298 , -0.580996 , 0
0.82609 , -0.56411 , 0
0.837531 , -0.546986 , 0
0.848618 , -0.52963 , 0
0.859345 , -0.512049 , 0
0.869708 , -0.494252 , 0
0.879702 , -0.476245 , 0
0.889323 , -0.458035 , 0
0.898568 , -0.439632 , 0
0.907431 , -0.421043 , 0
0.91591 , -0.402275 , 0
0.924001 , -0.383336 , 0
0.9317 , -0.364236 , 0
0.939004 , -0.34498 , 0
0.945911 , -0.325579 , 0
0.952416 , -0.306039 , 0
0.958518 , -0.28637 , 0
0.964213 , -0.26658 , 0
0.9695 , -0.246676 , 0
0.974376 , -0.226668 , 0
0.97884 , -0.206564 , 0
0.982888 , -0.186372 , 0
0.98652 , -0.166102 , 0
0.989734 , -0.145761 , 0
0.992528 , -0.125358 , 0
0.994902 , -0.104902 , 0
0.996855 , -0.084402 , 0
0.998385 , -0.063866 , 0
0.999492 , -0.0433029 , 0
1.00018 , -0.0227214 , 0
1.00043 , -0.00213028 , 0
1.00027 , 0.0184617 , 0
0.999683 , 0.0390459 , 0
0.998671 , 0.0596135 , 0
0.997236 , 0.0801559 , 0
0.995379 , 0.100664 , 0
0.9931 , 0.12113 , 0
0.9904 , 0.141545 , 0
0.987281 , 0.161899 , 0
0.983744 , 0.182185 , 0
0.979789 , 0.202394 , 0
0.97542 , 0.222517 , 0
0.970638 , 0.242545 , 0
0.965444 , 0.262471 , 0
0.959841 , 0.282286 , 0
0.953832 , 0.301981 , 0
0.947418 , 0.321549 , 0
0.940604 , 0.34098 , 0
0.93339 , 0.360266 , 0
0.925782 , 0.3794 , 0
0.917781 , 0.398374 , 0
0.909392 , 0.417178 , 0
0.900617 , 0.435806 , 0
0.891461 , 0.454249 , 0
0.881927 , 0.4725 , 0
0.87202 , 0.490551 , 0
0.861743 , 0.508394 , 0
0.851102 , 0.526021 , 0
0.8401 , 0.543426 , 0
0.828742 , 0.560601 , 0
0.817033 , 0.577538 , 0
0.804978 , 0.594231 , 0
0.792582 , 0.610672 , 0
0.779851 , 0.626854 , 0
0.766789 , 0.642771 , 0
0.753402 , 0.658415 , 0
0.739697 , 0.673781 , 0
0.725678 , 0.688862 , 0
0.711351 , 0.70365 , 0
0.696724 , 0.718141 , 0
0.681802 , 0.732328 , 0
0.66659 , 0.746204 , 0
0.651097 , 0.759765 , 0
0.635328 , 0.773003 , 0
0.619289 , 0.785915 , 0
0.602989 , 0.798493 , 0
0.586433 , 0.810734 , 0
0.569629 , 0.822631 , 0
0.552583 , 0.83418 , 0
0.535304 , 0.845376 , 0
0.517798 , 0.856213 , 0
0.500073 , 0.866688 , 0
0.482136 , 0.876796 , 0
0.463994 , 0.886533 , 0
0.445657 , 0.895895 , 0
0.42713 , 0.904877 , 0
0.408423 , 0.913476 , 0
0.389543 , 0.921688 , 0
0.370498 , 0.92951 , 0
0.351296 , 0.936939 , 0
0.331946 , 0.94397 , 0
0.312454 , 0.950602 , 0
0.292831 , 0.956832 , 0
0.273083 , 0.962656 , 0
0.25322 , 0.968073 , 0
0.23325 , 0.97308 , 0
0.213181 , 0.977676 , 0
0.193022 , 0.981857 , 0
0.172781 , 0.985622 , 0
0.152466 , 0.98897 , 0
0.132088 , 0.9919 , 0
0.111653 , 0.99441 , 0
0.0911711 , 0.996498 , 0
0.0706506 , 0.998165 , 0
0.0501002 , 0.999409 , 0
0.0295286 , 1.00023 , 0
0.00894446 , 1.00063 , 0
-0.0116435 , 1.0006 , 0
-0.0322264 , 1.00015 , 0
-0.0527958 , 0.999279 , 0
-0.0733428 , 0.997983 , 0
-0.0938587 , 0.996265 , 0
-0.114335 , 0.994125 , 0
-0.134763 , 0.991564 , 0
-0.155134 , 0.988583 , 0
-0.175439 , 0.985184 , 0
-0.195669 , 0.981367 , 0
-0.215817 , 0.977136 , 0
-0.235874 , 0.97249 , 0
-0.255831 , 0.967433 , 0
-0.275679 , 0.961967 , 0
-0.295411 , 0.956093 , 0
-0.315018 , 0.949814 , 0
-0.334491 , 0.943134 , 0
-0.353823 , 0.936054 , 0
-0.373005 , 0.928578 , 0
-0.392029 , 0.920709 , 0
-0.410888 , 0.91245 , 0
-0.429572 , 0.903805 , 0
-0.448074 , 0.894778 , 0
-0.466387 , 0.885371 , 0
-0.484502 , 0.87559 , 0
-0.502413 , 0.865439 , 0
-0.52011 , 0.854921 , 0
-0.537588 , 0.844041 , 0
-0.554838 , 0.832803 , 0
-0.571853 , 0.821214 , 0
-0.588626 , 0.809276 , 0
-0.60515 , 0.796997 , 0
-0.621417 , 0.784379 , 0
-0.637422 , 0.77143 , 0
-0.653157 , 0.758154 , 0
-0.668615 , 0.744558 , 0
-0.683791 , 0.730646 , 0
-0.698677 , 0.716425 , 0
-0.713267 , 0.7019 , 0
-0.727555 , 0.687079 , 0
-0.741535 , 0.671967 , 0
-0.755202 , 0.65657 , 0
-0.768549 , 0.640895 , 0
-0.78157 , 0.62495 , 0
-0.794261 , 0.608739 , 0
-0.806615 , 0.592271 , 0
-0.818628 , 0.575552 , 0
-0.830295 , 0.55859 , 0
-0.84161 , 0.541391 , 0
-0.852569 , 0.523963 , 0
-0.863167 , 0.506313 , 0
-0.8734 , 0.488449 , 0
-0.883263 , 0.470378 , 0
-0.892752 , 0.452109 , 0
-0.901863 , 0.433647 , 0
-0.910592 , 0.415002 , 0
-0.918936 , 0.396182 , 0
-0.926891 , 0.377194 , 0
-0.934454 , 0.358046 , 0
-0.941621 , 0.338746 , 0
-0.94839 , 0.319304 , 0
-0.954757 , 0.299726 , 0
-0.96072 , 0.280021 , 0
-0.966276 , 0.260197 , 0
-0.971424 , 0.240264 , 0
-0.97616 , 0.220229 , 0
-0.980483 , 0.2001 , 0
-0.984391 , 0.179887 , 0
-0.987882 , 0.159598 , 0
-0.990955 , 0.139241 , 0
-0.993608 , 0.118825 , 0
-0.995841 , 0.0983589 , 0
-0.997653 , 0.0778512 , 0
-0.999042 , 0.0573105 , 0
-1.00001 , 0.0367456 , 0
-1.00055 , 0.0161651 , 0
-1.00067 , -0.00442227 , 0
-1.00037 , -0.0250077 , 0
-0.999638 , -0.0455826 , 0
-0.998487 , -0.0661382 , 0
-0.996913 , -0.0866658 , 0
-0.994918 , -0.107157 , 0
-0.992501 , -0.127602 , 0
-0.989664 , -0.147994 , 0
-0.986408 , -0.168323 , 0
-0.982734 , -0.18858 , 0
-0.978645 , -0.208758 , 0
-0.974141 , -0.228847 , 0
-0.969224 , -0.24884 , 0
-0.963898 , -0.268727 , 0
-0.958163 , -0.2885 , 0
-0.952023 , -0.308152 , 0
-0.945479 , -0.327673 , 0
-0.938536 , -0.347055 , 0
-0.931195 , -0.36629 , 0
-0.923459 , -0.38537 , 0
-0.915333 , -0.404287 , 0
-0.906819 , -0.423033 , 0
-0.897922 , -0.441599 , 0
-0.888644 , -0.459979 , 0
-0.87899 , -0.478164 , 0
-0.868964 , -0.496146 , 0
-0.858569 , -0.513919 , 0
-0.847812 , -0.531473 , 0
-0.836695 , -0.548803 , 0
-0.825224 , -0.565901 , 0
-0.813404 , -0.582758 , 0
-0.801239 , -0.599369 , 0
-0.788735 , -0.615727 , 0
-0.775897 , -0.631823 , 0
-0.76273 , -0.647652 , 0
-0.749241 , -0.663207 , 0
-0.735434 , -0.678481 , 0
-0.721316 , -0.693468 , 0
-0.706892 , -0.708161 , 0
-0.692169 , -0.722554 , 0
-0.677153 , -0.736641 , 0
-0.66185 , -0.750416 , 0
-0.646267 , -0.763874 , 0
-0.630411 , -0.777008 , 0
-0.614287 , -0.789812 , 0
-0.597903 , -0.802283 , 0
-0.581266 , -0.814414 , 0
-0.564383 , -0.826199 , 0
-0.54726 , -0.837635 , 0
-0.529906 , -0.848716 , 0
-0.512328 , -0.859438 , 0
-0.494533 , -0.869796 , 0
-0.476528 , -0.879785 , 0
-0.458321 , -0.889402 , 0
-0.43992 , -0.898642 , 0
-0.421333 , -0.907501 , 0
-0.402568 , -0.915977 , 0
-0.383631 , -0.924064 , 0
-0.364533 , -0.931759 , 0
-0.34528 , -0.939061 , 0
-0.325881 , -0.945964 , 0
-0.306344 , -0.952467 , 0
-0.286677 , -0.958566 , 0
-0.266888 , -0.964259 , 0
-0.246987 , -0.969544 , 0
-0.226981 , -0.974418 , 0
-0.206878 , -0.978879 , 0
-0.186689 , -0.982926 , 0
-0.16642 , -0.986556 , 0
-0.14608 , -0.989769 , 0
-0.125679 , -0.992562 , 0
-0.105224 , -0.994934 , 0
-0.0847252 , -0.996886 , 0
-0.0641901 , -0.998414 , 0
-0.0436279 , -0.99952 , 0
-0.0230472 , -1.0002 , 0
-0.00245673 , -1.00046 , 0
0.0181348 , -1.0003 , 0
0.0387186 , -0.999707 , 0
0.059286 , -0.998695 , 0
0.0798283 , -0.997259 , 0
0.100337 , -0.995401 , 0
0.120803 , -0.993121 , 0
0.141218 , -0.990421 , 0
0.161573 , -0.9873 , 0
0.181859 , -0.983762 , 0
0.202068 , -0.979806 , 0
0.222192 , -0.975436 , 0
0.242222 , -0.970652 , 0
0.262149 , -0.965457 , 0
0.281965 , -0.959852 , 0
0.301661 , -0.953841 , 0
0.32123 , -0.947426 , 0
0.340663 , -0.940609 , 0
0.359951 , -0.933394 , 0
0.379086 , -0.925783 , 0
0.398061 , -0.91778 , 0
0.416868 , -0.909388 , 0
0.435497 , -0.900611 , 0
0.453942 , -0.891451 , 0
0.472195 , -0.881915 , 0
0.490248 , -0.872004 , 0
0.508092 , -0.861724 , 0
0.525722 , -0.851078 , 0
0.543129 , -0.840072 , 0
0.560305 , -0.82871 , 0
0.577244 , -0.816996 , 0
0.593938 , -0.804937 , 0
0.610381 , -0.792536 , 0
0.626565 , -0.779799 , 0
0.642483 , -0.766731 , 0
0.658129 , -0.753339 , 0
0.673496 , -0.739628 , 0
0.688578 , -0.725602 , 0
0.703367 , -0.71127 , 0
0.717859 , -0.696635 , 0
0.732046 , -0.681706 , 0
0.745923 , -0.666487 , 0
0.759484 , -0.650986 , 0
0.772722 , -0.635209 , 0
0.785633 , -0.619163 , 0
0.798211 , -0.602854 , 0
0.810451 , -0.58629 , 0
0.822347 , -0.569477 , 0
0.833895 , -0.552423 , 0
0.845089 , -0.535134 , 0
0.855924 , -0.517619 , 0
0.866397 , -0.499884 , 0
0.876503 , -0.481937 , 0
0.886237 , -0.463786 , 0
0.895595 , -0.445438 , 0
0.904573 , -0.426902 , 0
0.913168 , -0.408184 , 0
0.921376 , -0.389293 , 0
0.929193 , -0.370237 , 0
0.936616 , -0.351025 , 0
0.943641 , -0.331663 , 0
0.950267 , -0.312161 , 0
0.95649 , -0.292526 , 0
0.962307 , -0.272768 , 0
0.967716 , -0.252893 , 0
0.972715 , -0.232912 , 0
0.977301 , -0.212832 , 0
0.981473 , -0.192661 , 0
0.985229 , -0.172409 , 0
0.988567 , -0.152084 , 0
0.991485 , -0.131694 , 0
0.993984 , -0.111248 , 0
0.99606 , -0.0907551 , 0
0.997714 , -0.0702237 , 0
0.998946 , -0.0496626 , 0
0.999753 , -0.0290804 , 0
1.00014 , -0.00848582 , 0
1.0001 , 0.0121123 , 0
0.999631 , 0.0327053 , 0
0.998742 , 0.0532845 , 0
0.997429 , 0.073841 , 0
0.995694 , 0.0943662 , 0
0.993536 , 0.114851 , 0
0.990957 , 0.135288 , 0
0.987957 , 0.155667 , 0
0.984538 , 0.17598 , 0
0.980702 , 0.196218 , 0
0.97645 , 0.216374 , 0
0.971784 , 0.236437 , 0
0.966705 , 0.2564 , 0
0.961216 , 0.276255 , 0
0.95532 , 0.295992 , 0
0.949018 , 0.315603 , 0
0.942314 , 0.335081 , 0
0.93521 , 0.354417 , 0
0.92771 , 0.373602 , 0
0.919816 , 0.392629 , 0
0.911531 , 0.411489 , 0
0.90286 , 0.430175 , 0
0.893806 , 0.448678 , 0
0.884373 , 0.466991 , 0
0.874564 , 0.485105 , 0
0.864385 , 0.503014 , 0
0.853839 , 0.52071 , 0
0.84293 , 0.538184 , 0
0.831664 , 0.555431 , 0
0.820045 , 0.572441 , 0
0.808079 , 0.589209 , 0
0.795769 , 0.605727 , 0
0.783122 , 0.621988 , 0
0.770142 , 0.637985 , 0
0.756836 , 0.653711 , 0
0.743209 , 0.66916 , 0
0.729266 , 0.684325 , 0
0.715014 , 0.699199 , 0
0.700459 , 0.713777 , 0
0.685606 , 0.728052 , 0
0.670463 , 0.742019 , 0
0.655035 , 0.75567 , 0
0.639329 , 0.769001 , 0
0.623351 , 0.782005 , 0
0.60711 , 0.794678 , 0
0.59061 , 0.807013 , 0
0.57386 , 0.819006 , 0
0.556867 , 0.830652 , 0
0.539637 , 0.841945 , 0
0.522179 , 0.852881 , 0
0.504498 , 0.863455 , 0
0.486604 , 0.873662 , 0
0.468503 , 0.883499 , 0
0.450204 , 0.892961 , 0
0.431713 , 0.902044 , 0
0.413039 , 0.910744 , 0
0.39419 , 0.919058 , 0
0.375174 , 0.926981 , 0
0.355998 , 0.934512 , 0
0.336672 , 0.941646 , 0
0.317202 , 0.94838 , 0
0.297598 , 0.954712 , 0
0.277867 , 0.960638 , 0
0.258019 , 0.966157 , 0
0.238061 , 0.971266 , 0
0.218002 , 0.975963 , 0
0.197851 , 0.980246 , 0
0.177616 , 0.984112 , 0
0.157305 , 0.987562 , 0
0.136928 , 0.990592 , 0
0.116492 , 0.993201 , 0
0.0960072 , 0.995389 , 0
0.0754814 , 0.997155 , 0
0.0549237 , 0.998497 , 0
0.0343426 , 0.999416 , 0
0.013747 , 0.999911 , 0
-0.0068545 , 0.999981 , 0
-0.0274531 , 0.999627 , 0
-0.04804 , 0.998849 , 0
-0.0686065 , 0.997647 , 0
-0.0891439 , 0.996021 , 0
-0.109644 , 0.993973 , 0
-0.130097 , 0.991503 , 0
-0.150494 , 0.988612 , 0
-0.170828 , 0.985302 , 0
-0.19109 , 0.981573 , 0
-0.21127 , 0.977428 , 0
-0.231361 , 0.972868 , 0
-0.251354 , 0.967896 , 0
-0.271239 , 0.962512 , 0
-0.29101 , 0.95672 , 0
-0.310657 , 0.950522 , 0
-0.330173 , 0.943921 , 0
-0.349548 , 0.936919 , 0
-0.368775 , 0.929519 , 0
-0.387846 , 0.921725 , 0
-0.406751 , 0.91354 , 0
-0.425485 , 0.904967 , 0
-0.444037 , 0.89601 , 0
-0.462401 , 0.886672 , 0
-0.480569 , 0.876959 , 0
-0.498534 , 0.866873 , 0
-0.516286 , 0.85642 , 0
-0.533819 , 0.845603 , 0
-0.551126 , 0.834427 , 0
-0.568199 , 0.822897 , 0
-0.585031 , 0.811018 , 0
-0.601615 , 0.798794 , 0
-0.617943 , 0.786232 , 0
-0.634009 , 0.773336 , 0
-0.649806 , 0.760112 , 0
-0.665327 , 0.746565 , 0
-0.680566 , 0.732701 , 0
-0.695516 , 0.718527 , 0
-0.710171 , 0.704047 , 0
-0.724524 , 0.689269 , 0
-0.73857 , 0.674198 , 0
-0.752303 , 0.658841 , 0
-0.765716 , 0.643205 , 0
-0.778805 , 0.627296 , 0
-0.791562 , 0.61112 , 0
-0.803985 , 0.594685 , 0
-0.816065 , 0.577998 , 0
-0.8278 , 0.561065 , 0
-0.839183 , 0.543895 , 0
-0.85021 , 0.526493 , 0
-0.860877 , 0.508868 , 0
-0.871178 , 0.491028 , 0
-0.881109 , 0.472978 , 0
-0.890667 , 0.454729 , 0
-0.899846 , 0.436286 , 0
-0.908644 , 0.417658 , 0
-0.917056 , 0.398853 , 0
-0.92508 , 0.379878 , 0
-0.93271 , 0.360743 , 0
-0.939945 , 0.341454 , 0
-0.946781 , 0.322021 , 0
-0.953215 , 0.302451 , 0
-0.959245 , 0.282752 , 0
-0.964867 , 0.262934 , 0
-0.970081 , 0.243003 , 0
-0.974883 , 0.22297 , 0
-0.979271 , 0.202843 , 0
-0.983243 , 0.182629 , 0
-0.986799 , 0.162337 , 0
-0.989935 , 0.141977 , 0
-0.992652 , 0.121557 , 0
-0.994948 , 0.101085 , 0
-0.996821 , 0.08057 , 0
-0.998272 , 0.0600209 , 0
-0.999298 , 0.0394464 , 0
-0.999901 , 0.0188551 , 0
-1.00008 , -0.00174415 , 0
-0.999835 , -0.0223427 , 0
-0.999165 , -0.0429317 , 0
-0.998071 , -0.0635026 , 0
-0.996554 , -0.0840465 , 0
-0.994615 , -0.104555 , 0
-0.992253 , -0.125019 , 0
-0.98947 , -0.145429 , 0
-0.986268 , -0.165779 , 0
-0.982647 , -0.186057 , 0
-0.978609 , -0.206257 , 0
-0.974156 , -0.22637 , 0
-0.96929 , -0.246386 , 0
-0.964013 , -0.266298 , 0
-0.958327 , -0.286097 , 0
-0.952234 , -0.305774 , 0
-0.945737 , -0.325322 , 0
-0.938839 , -0.344732 , 0
-0.931543 , -0.363996 , 0
-0.923852 , -0.383105 , 0
-0.915769 , -0.402051 , 0
-0.907298 , -0.420828 , 0
-0.898441 , -0.439425 , 0
-0.889204 , -0.457837 , 0
-0.879589 , -0.476054 , 0
-0.869602 , -0.494069 , 0
-0.859245 , -0.511874 , 0
-0.848524 , -0.529463 , 0
-0.837443 , -0.546827 , 0
-0.826007 , -0.563959 , 0
-0.814221 , -0.580852 , 0
-0.802089 , -0.597498 , 0
-0.789618 , -0.613891 , 0
-0.776811 , -0.630024 , 0
-0.763675 , -0.645889 , 0
-0.750215 , -0.661481 , 0
-0.736437 , -0.676792 , 0
-0.722346 , -0.691816 , 0
-0.707949 , -0.706547 , 0
-0.693252 , -0.720978 , 0
-0.678261 , -0.735103 , 0
-0.662983 , -0.748917 , 0
-0.647423 , -0.762413 , 0
-0.631588 , -0.775586 , 0
-0.615486 , -0.78843 , 0
-0.599123 , -0.800939 , 0
-0.582506 , -0.813109 , 0
-0.565642 , -0.824934 , 0
-0.548538 , -0.836409 , 0
-0.531201 , -0.84753 , 0
-0.513639 , -0.858291 , 0
-0.49586 , -0.868689 , 0
-0.47787 , -0.878718 , 0
-0.459677 , -0.888374 , 0
-0.44129 , -0.897654 , 0
-0.422716 , -0.906554 , 0
-0.403962 , -0.915068 , 0
-0.385037 , -0.923195 , 0
-0.365949 , -0.930931 , 0
-0.346705 , -0.938272 , 0
-0.327315 , -0.945215 , 0
-0.307786 , -0.951757 , 0
-0.288127 , -0.957896 , 0
-0.268345 , -0.963629 , 0
-0.248449 , -0.968954 , 0
-0.228449 , -0.973867 , 0
-0.208351 , -0.978368 , 0
-0.188165 , -0.982454 , 0
-0.167899 , -0.986124 , 0
-0.147562 , -0.989375 , 0
-0.127163 , -0.992207 , 0
-0.10671 , -0.994619 , 0
-0.0862111 , -0.996609 , 0
-0.065676 , -0.998176 , 0
-0.0451131 , -0.999321 , 0
-0.024531 , -1.00004 , 0
-0.00393855 , -1.00034 , 0
0.0166556 , -1.00021 , 0
0.0372426 , -0.999661 , 0
0.0578139 , -0.998687 , 0
0.0783607 , -0.997289 , 0
0.0988743 , -0.995468 , 0
0.119346 , -0.993226 , 0
0.139767 , -0.990563 , 0
0.160129 , -0.98748 , 0
0.180423 , -0.983978 , 0
0.20064 , -0.980059 , 0
0.220773 , -0.975726 , 0
0.240812 , -0.970978 , 0
0.260749 , -0.965819 , 0
0.280575 , -0.960251 , 0
0.300283 , -0.954276 , 0
0.319863 , -0.947897 , 0
0.339308 , -0.941116 , 0
0.358609 , -0.933936 , 0
0.377758 , -0.92636 , 0
0.396747 , -0.918392 , 0
0.415567 , -0.910035 , 0
0.434212 , -0.901292 , 0
0.452673 , -0.892167 , 0
0.470942 , -0.882665 , 0
0.489011 , -0.872788 , 0
0.506874 , -0.862541 , 0
0.524521 , -0.851929 , 0
0.541946 , -0.840957 , 0
0.559142 , -0.829627 , 0
0.576101 , -0.817947 , 0
0.592815 , -0.80592 , 0
0.609279 , -0.793551 , 0
0.625484 , -0.780846 , 0
0.641425 , -0.767811 , 0
0.657094 , -0.75445 , 0
0.672484 , -0.740769 , 0
0.68759 , -0.726775 , 0
0.702404 , -0.712473 , 0
0.71692 , -0.697869 , 0
0.731133 , -0.682969 , 0
0.745037 , -0.66778 , 0
0.758624 , -0.652309 , 0
0.771891 , -0.636561 , 0
0.78483 , -0.620543 , 0
0.797437 , -0.604262 , 0
0.809706 , -0.587726 , 0
0.821632 , -0.57094 , 0
0.833211 , -0.553913 , 0
0.844436 , -0.536651 , 0
0.855304 , -0.519162 , 0
0.865809 , -0.501453 , 0
0.875948 , -0.483532 , 0
0.885715 , -0.465405 , 0
0.895108 , -0.447082 , 0
0.904121 , -0.428569 , 0
0.912752 , -0.409875 , 0
0.920996 , -0.391007 , 0
0.92885 , -0.371974 , 0
0.93631 , -0.352783 , 0
0.943374 , -0.333443 , 0
0.950039 , -0.313961 , 0
0.956301 , -0.294347 , 0
0.962158 , -0.274608 , 0
0.967608 , -0.254752 , 0
0.972648 , -0.234789 , 0
0.977276 , -0.214726 , 0
0.98149 , -0.194573 , 0
0.985289 , -0.174337 , 0
0.988671 , -0.154027 , 0
0.991633 , -0.133652 , 0
0.994176 , -0.11322 , 0
0.996298 , -0.0927403 , 0
0.997998 , -0.0722214 , 0
0.999276 , -0.0516719 , 0
1.00013 , -0.0311005 , 0
1.00056 , -0.010516 , 0
1.00057 , 0.010073 , 0
1.00015 , 0.0306577 , 0
0.999312 , 0.0512295 , 0
0.998049 , 0.0717795 , 0
0.996363 , 0.0922992 , 0
0.994256 , 0.11278 , 0
0.991727 , 0.133213 , 0
0.988779 , 0.153589 , 0
0.985412 , 0.1739 , 0
0.981628 , 0.194138 , 0
0.977428 , 0.214294 , 0
0.972814 , 0.234359 , 0
0.967789 , 0.254324 , 0
0.962354 , 0.274182 , 0
0.956511 , 0.293924 , 0
0.950264 , 0.313541 , 0
0.943614 , 0.333026 , 0
0.936564 , 0.35237 , 0
0.929118 , 0.371564 , 0
0.921279 , 0.390602 , 0
0.91305 , 0.409474 , 0
0.904434 , 0.428172 , 0
0.895436 , 0.446689 , 0
0.886058 , 0.465017 , 0
0.876305 , 0.483149 , 0
0.866181 , 0.501076 , 0
0.855691 , 0.51879 , 0
0.844838 , 0.536285 , 0
0.833628 , 0.553553 , 0
0.822065 , 0.570587 , 0
0.810154 , 0.587379 , 0
0.797899 , 0.603923 , 0
0.785307 , 0.62021 , 0
0.772383 , 0.636236 , 0
0.759132 , 0.651992 , 0
0.745559 , 0.667472 , 0
0.731671 , 0.682669 , 0
0.717473 , 0.697578 , 0
0.702971 , 0.712191 , 0
0.688172 , 0.726502 , 0
0.673081 , 0.740507 , 0
0.657706 , 0.754197 , 0
0.642052 , 0.767569 , 0
0.626126 , 0.780615 , 0
0.609936 , 0.793331 , 0
0.593487 , 0.805712 , 0
0.576787 , 0.817751 , 0
0.559842 , 0.829444 , 0
0.542661 , 0.840786 , 0
0.52525 , 0.851772 , 0
0.507617 , 0.862398 , 0
0.489769 , 0.872659 , 0
0.471714 , 0.88255 , 0
0.453459 , 0.892067 , 0
0.435012 , 0.901207 , 0
0.41638 , 0.909966 , 0
0.397573 , 0.918339 , 0
0.378597 , 0.926324 , 0
0.359461 , 0.933917 , 0
0.340173 , 0.941114 , 0
0.320741 , 0.947913 , 0
0.301173 , 0.95431 , 0
0.281478 , 0.960304 , 0
0.261664 , 0.965891 , 0
0.241738 , 0.97107 , 0
0.221711 , 0.975837 , 0
0.201589 , 0.980192 , 0
0.181383 , 0.984131 , 0
0.161099 , 0.987654 , 0
0.140748 , 0.990759 , 0
0.120336 , 0.993444 , 0
0.0998741 , 0.995709 , 0
0.0793696 , 0.997553 , 0
0.0588315 , 0.998974 , 0
0.0382686 , 0.999973 , 0
0.0176894 , 1.00055 , 0
-0.00289724 , 1.0007 , 0
-0.0234827 , 1.00043 , 0
-0.0440581 , 0.999732 , 0
-0.064615 , 0.998613 , 0
-0.0851445 , 0.997072 , 0
-0.105638 , 0.995109 , 0
-0.126087 , 0.992724 , 0
-0.146482 , 0.98992 , 0
-0.166815 , 0.986696 , 0
-0.187078 , 0.983054 , 0
-0.207262 , 0.978997 , 0
-0.227357 , 0.974525 , 0
-0.247357 , 0.969641 , 0
-0.267252 , 0.964346 , 0
-0.287034 , 0.958643 , 0
-0.306694 , 0.952534 , 0
-0.326224 , 0.946022 , 0
-0.345617 , 0.939109 , 0
-0.364863 , 0.931799 , 0
-0.383954 , 0.924094 , 0
-0.402883 , 0.915999 , 0
-0.421642 , 0.907515 , 0
-0.440222 , 0.898648 , 0
-0.458615 , 0.889399 , 0
-0.476815 , 0.879775 , 0
-0.494813 , 0.869778 , 0
-0.512601 , 0.859413 , 0
-0.530172 , 0.848684 , 0
-0.547519 , 0.837596 , 0
-0.564634 , 0.826153 , 0
-0.58151 , 0.81436 , 0
-0.59814 , 0.802223 , 0
-0.614516 , 0.789746 , 0
-0.630633 , 0.776935 , 0
-0.646482 , 0.763794 , 0
-0.662058 , 0.750331 , 0
-0.677353 , 0.73655 , 0
-0.692362 , 0.722457 , 0
-0.707078 , 0.708058 , 0
-0.721494 , 0.693359 , 0
-0.735605 , 0.678367 , 0
-0.749404 , 0.663088 , 0
-0.762886 , 0.647527 , 0
-0.776045 , 0.631693 , 0
-0.788876 , 0.615591 , 0
-0.801372 , 0.599229 , 0
-0.813529 , 0.582613 , 0
-0.825342 , 0.56575 , 0
-0.836805 , 0.548648 , 0
-0.847914 , 0.531314 , 0
-0.858665 , 0.513754 , 0
-0.869051 , 0.495977 , 0
-0.879069 , 0.47799 , 0
-0.888716 , 0.4598 , 0
-0.897986 , 0.441416 , 0
-0.906876 , 0.422845 , 0
-0.915381 , 0.404095 , 0
-0.923499 , 0.385174 , 0
-0.931227 , 0.36609 , 0
-0.938559 , 0.34685 , 0
-0.945495 , 0.327464 , 0
-0.95203 , 0.307939 , 0
-0.958162 , 0.288284 , 0
-0.963888 , 0.268507 , 0
-0.969206 , 0.248616 , 0
-0.974113 , 0.22862 , 0
-0.978608 , 0.208527 , 0
-0.982689 , 0.188345 , 0
-0.986353 , 0.168084 , 0
-0.9896 , 0.147752 , 0
-0.992428 , 0.127357 , 0
-0.994835 , 0.106908 , 0
-0.996821 , 0.0864137 , 0
-0.998385 , 0.0658829 , 0
-0.999526 , 0.0453243 , 0
-1.00024 , 0.0247465 , 0
-1.00054 , 0.00415816 , 0
-1.00041 , -0.0164319 , 0
-0.999855 , -0.037015 , 0
-0.998878 , -0.0575825 , 0
-0.997478 , -0.0781255 , 0
-0.995656 , -0.0986355 , 0
-0.993412 , -0.119104 , 0
-0.990747 , -0.139521 , 0
-0.987662 , -0.15988 , 0
-0.984159 , -0.180171 , 0
-0.98024 , -0.200386 , 0
-0.975905 , -0.220515 , 0
-0.971156 , -0.240552 , 0
-0.965997 , -0.260486 , 0
-0.960428 , -0.28031 , 0
-0.954452 , -0.300015 , 0
-0.948072 , -0.319594 , 0
-0.94129 , -0.339037 , 0
-0.93411 , -0.358336 , 0
-0.926534 , -0.377483 , 0
-0.918565 , -0.396471 , 0
-0.910207 , -0.41529 , 0
-0.901464 , -0.433934 , 0
-0.892339 , -0.452394 , 0
-0.882835 , -0.470662 , 0
-0.872958 , -0.488731 , 0
-0.862711 , -0.506592 , 0
-0.852098 , -0.524239 , 0
-0.841124 , -0.541664 , 0
-0.829794 , -0.55886 , 0
-0.818112 , -0.575818 , 0
-0.806084 , -0.592533 , 0
-0.793714 , -0.608996 , 0
-0.781008 , -0.625202 , 0
-0.767971 , -0.641143 , 0
-0.754608 , -0.656812 , 0
-0.740926 , -0.672202 , 0
-0.72693 , -0.687308 , 0
-0.712626 , -0.702123 , 0
-0.698019 , -0.71664 , 0
-0.683117 , -0.730853 , 0
-0.667926 , -0.744757 , 0
-0.652451 , -0.758345 , 0
-0.6367 , -0.771612 , 0
-0.62068 , -0.784552 , 0
-0.604396 , -0.797159 , 0
-0.587856 , -0.809428 , 0
-0.571067 , -0.821355 , 0
-0.554035 , -0.832933 , 0
-0.536769 , -0.844158 , 0
-0.519276 , -0.855026 , 0
-0.501562 , -0.865531 , 0
-0.483636 , -0.875669 , 0
-0.465505 , -0.885436 , 0
-0.447177 , -0.894828 , 0
-0.428659 , -0.903841 , 0
-0.409959 , -0.91247 , 0
-0.391086 , -0.920713 , 0
-0.372047 , -0.928566 , 0
-0.35285 , -0.936025 , 0
-0.333503 , -0.943087 , 0
-0.314016 , -0.949749 , 0
-0.294395 , -0.956009 , 0
-0.274649 , -0.961863 , 0
-0.254787 , -0.96731 , 0
-0.234817 , -0.972347 , 0
-0.214747 , -0.976971 , 0
-0.194586 , -0.981182 , 0
-0.174343 , -0.984976 , 0
-0.154026 , -0.988353 , 0
-0.133644 , -0.991311 , 0
-0.113204 , -0.993849 , 0
-0.0927174 , -0.995965 , 0
-0.072191 , -0.997659 , 0
-0.0516341 , -0.99893 , 0
-0.0310552 , -0.999777 , 0
-0.0104632 , -1.0002 , 0
0.0101333 , -1.0002 , 0
0.0307255 , -0.999776 , 0
0.0513046 , -0.998928 , 0
0.071862 , -0.997656 , 0
0.0923889 , -0.995961 , 0
0.112877 , -0.993844 , 0
0.133317 , -0.991305 , 0
0.1537 , -0.988346 , 0
0.174018 , -0.984968 , 0
0.194263 , -0.981172 , 0
0.214425 , -0.97696 , 0
0.234496 , -0.972334 , 0
0.254467 , -0.967296 , 0
0.274331 , -0.961847 , 0
0.294078 , -0.955991 , 0
0.313701 , -0.949729 , 0
0.333191 , -0.943064 , 0
0.352539 , -0.935999 , 0
0.371738 , -0.928538 , 0
0.390779 , -0.920682 , 0
0.409655 , -0.912437 , 0
0.428356 , -0.903804 , 0
0.446877 , -0.894788 , 0
0.465207 , -0.885392 , 0
0.48334 , -0.875621 , 0
0.501269 , -0.865479 , 0
0.518984 , -0.854969 , 0
0.53648 , -0.844097 , 0
0.553748 , -0.832867 , 0
0.570781 , -0.821283 , 0
0.587572 , -0.809352 , 0
0.604114 , -0.797077 , 0
0.620399 , -0.784463 , 0
0.636421 , -0.771517 , 0
0.652174 , -0.758244 , 0
0.66765 , -0.74465 , 0
0.682842 , -0.730739 , 0
0.697745 , -0.716518 , 0
0.712352 , -0.701994 , 0
0.726657 , -0.687171 , 0
0.740654 , -0.672057 , 0
0.754336 , -0.656659 , 0
0.767698 , -0.640981 , 0
0.780735 , -0.625032 , 0
0.79344 , -0.608817 , 0
0.805809 , -0.592344 , 0
0.817836 , -0.57562 , 0
0.829516 , -0.558652 , 0
0.840845 , -0.541446 , 0
0.851816 , -0.524011 , 0
0.862426 , -0.506354 , 0
0.87267 , -0.488482 , 0
0.882544 , -0.470403 , 0
0.892044 , -0.452124 , 0
0.901165 , -0.433653 , 0
0.909904 , -0.414998 , 0
0.918256 , -0.396167 , 0
0.926219 , -0.377168 , 0
0.93379 , -0.358009 , 0
0.940964 , -0.338698 , 0
0.947738 , -0.319244 , 0
0.954111 , -0.299654 , 0
0.960079 , -0.279937 , 0
0.965639 , -0.260101 , 0
0.97079 , -0.240155 , 0
0.975529 , -0.220106 , 0
0.979853 , -0.199965 , 0
0.983763 , -0.179738 , 0
0.987254 , -0.159436 , 0
0.990327 , -0.139065 , 0
0.99298 , -0.118636 , 0
0.995211 , -0.0981563 , 0
0.99702 , -0.077635 , 0
0.998406 , -0.0570807 , 0
0.999368 , -0.0365022 , 0
0.999906 , -0.0159083 , 0
1.00002 , 0.00469246 , 0
0.99971 , 0.0252912 , 0
0.998975 , 0.0458792 , 0
0.997816 , 0.0664477 , 0
0.996234 , 0.0869881 , 0
0.994229 , 0.107492 , 0
0.991803 , 0.127949 , 0
0.988955 , 0.148353 , 0
0.985688 , 0.168693 , 0
0.982003 , 0.188962 , 0
0.9779 , 0.209151 , 0
0.973383 , 0.229251 , 0
0.968453 , 0.249254 , 0
0.963112 , 0.269151 , 0
0.957362 , 0.288934 , 0
0.951206 , 0.308594 , 0
0.944646 , 0.328123 , 0
0.937685 , 0.347513 , 0
0.930326 , 0.366755 , 0
0.922573 , 0.385842 , 0
0.914428 , 0.404765 , 0
0.905895 , 0.423517 , 0
0.896977 , 0.442088 , 0
0.887679 , 0.460472 , 0
0.878004 , 0.478661 , 0
0.867957 , 0.496646 , 0
0.857541 , 0.514421 , 0
0.846762 , 0.531977 , 0
0.835622 , 0.549308 , 0
0.824129 , 0.566405 , 0
0.812285 , 0.583262 , 0
0.800097 , 0.599872 , 0
0.787569 , 0.616227 , 0
0.774708 , 0.63232 , 0
0.761517 , 0.648146 , 0
0.748003 , 0.663696 , 0
0.734172 , 0.678964 , 0
0.720029 , 0.693944 , 0
0.70558 , 0.70863 , 0
0.690832 , 0.723015 , 0
0.675791 , 0.737093 , 0
0.660463 , 0.750859 , 0
0.644855 , 0.764305 , 0
0.628973 , 0.777428 , 0
0.612825 , 0.79022 , 0
0.596416 , 0.802677 , 0
0.579754 , 0.814794 , 0
0.562846 , 0.826564 , 0
0.545699 , 0.837984 , 0
0.52832 , 0.849049 , 0
0.510718 , 0.859753 , 0
0.492898 , 0.870092 , 0
0.47487 , 0.880061 , 0
0.45664 , 0.889658 , 0
0.438216 , 0.898877 , 0
0.419606 , 0.907714 , 0
0.400818 , 0.916166 , 0
0.38186 , 0.924229 , 0
0.36274 , 0.931901 , 0
0.343466 , 0.939176 , 0
0.324046 , 0.946053 , 0
0.304489 , 0.952529 , 0
0.284803 , 0.9586 , 0
0.264995 , 0.964265 , 0
0.245076 , 0.96952 , 0
0.225052 , 0.974364 , 0
0.204933 , 0.978795 , 0
0.184726 , 0.98281 , 0
0.164442 , 0.986408 , 0
0.144087 , 0.989587 , 0
0.123672 , 0.992347 , 0
0.103204 , 0.994686 , 0
0.0826918 , 0.996602 , 0
0.0621448 , 0.998095 , 0
0.0415715 , 0.999165 , 0
0.0209806 , 0.999811 , 0
0.000380735 , 1.00003 , 0
-0.0202193 , 0.99983 , 0
-0.0408107 , 0.999203 , 0
-0.0613848 , 0.998153 , 0
-0.0819329 , 0.996678 , 0
-0.102446 , 0.994781 , 0
-0.122916 , 0.992461 , 0
-0.143334 , 0.989721 , 0
-0.163691 , 0.98656 , 0
-0.183978 , 0.982981 , 0
-0.204187 , 0.978985 , 0
-0.22431 , 0.974573 , 0
-0.244337 , 0.969748 , 0
-0.264261 , 0.964512 , 0
-0.284073 , 0.958866 , 0
-0.303764 , 0.952813 , 0
-0.323327 , 0.946356 , 0
-0.342752 , 0.939498 , 0
-0.362031 , 0.932241 , 0
-0.381157 , 0.924588 , 0
-0.400122 , 0.916543 , 0
-0.418917 , 0.90811 , 0
-0.437533 , 0.899291 , 0
-0.455965 , 0.89009 , 0
-0.474203 , 0.880512 , 0
-0.492239 , 0.87056 , 0
-0.510067 , 0.860239 , 0
-0.527678 , 0.849553 , 0
-0.545066 , 0.838507 , 0
-0.562222 , 0.827105 , 0
-0.57914 , 0.815352 , 0
-0.595812 , 0.803253 , 0
-0.612232 , 0.790813 , 0
-0.628391 , 0.778038 , 0
-0.644284 , 0.764933 , 0
-0.659904 , 0.751503 , 0
-0.675244 , 0.737755 , 0
-0.690297 , 0.723693 , 0
-0.705058 , 0.709325 , 0
-0.719519 , 0.694655 , 0
-0.733676 , 0.679691 , 0
-0.747521 , 0.664439 , 0
-0.761049 , 0.648905 , 0
-0.774254 , 0.633096 , 0
-0.787131 , 0.617018 , 0
-0.799674 , 0.600678 , 0
-0.811877 , 0.584084 , 0
-0.823737 , 0.567242 , 0
-0.835247 , 0.550159 , 0
-0.846402 , 0.532843 , 0
-0.857199 , 0.515301 , 0
-0.867632 , 0.49754 , 0
-0.877697 , 0.479568 , 0
-0.88739 , 0.461393 , 0
-0.896707 , 0.443023 , 0
-0.905643 , 0.424464 , 0
-0.914195 , 0.405725 , 0
-0.92236 , 0.386815 , 0
-0.930133 , 0.36774 , 0
-0.937512 , 0.348509 , 0
-0.944493 , 0.329131 , 0
-0.951074 , 0.309613 , 0
-0.957251 , 0.289963 , 0
-0.963023 , 0.270191 , 0
-0.968386 , 0.250304 , 0
-0.973338 , 0.230311 , 0
-0.977878 , 0.21022 , 0
-0.982003 , 0.19004 , 0
-0.985712 , 0.16978 , 0
-0.989002 , 0.149448 , 0
-0.991874 , 0.129052 , 0
-0.994324 , 0.108601 , 0
-0.996354 , 0.0881047 , 0
-0.99796 , 0.0675707 , 0
-0.999144 , 0.0470081 , 0
-0.999904 , 0.0264256 , 0
-1.00024 , 0.00583193 , 0
-1.00015 , -0.0147643 , 0
-0.999639 , -0.0353542 , 0
-0.998703 , -0.0559291 , 0
-0.997344 , -0.0764803 , 0
-0.995562 , -0.0969991 , 0
-0.993357 , -0.117477 , 0
-0.990732 , -0.137905 , 0
-0.987687 , -0.158274 , 0
-0.984222 , -0.178576 , 0
-0.980341 , -0.198803 , 0
-0.976044 , -0.218945 , 0
-0.971333 , -0.238995 , 0
-0.966211 , -0.258943 , 0
-0.960679 , -0.278782 , 0
-0.954739 , -0.298502 , 0
-0.948395 , -0.318096 , 0
-0.941649 , -0.337554 , 0
-0.934504 , -0.35687 , 0
-0.926963 , -0.376035 , 0
-0.919029 , -0.39504 , 0
-0.910705 , -0.413878 , 0
-0.901995 , -0.43254 , 0
-0.892903 , -0.451019 , 0
-0.883433 , -0.469307 , 0
-0.873588 , -0.487396 , 0
-0.863373 , -0.505278 , 0
-0.852792 , -0.522946 , 0
-0.841849 , -0.540393 , 0
-0.83055 , -0.55761 , 0
-0.818899 , -0.574591 , 0
-0.8069 , -0.591329 , 0
-0.79456 , -0.607816 , 0
-0.781883 , -0.624046 , 0
-0.768875 , -0.640011 , 0
-0.75554 , -0.655705 , 0
-0.741886 , -0.671121 , 0
-0.727917 , -0.686252 , 0
-0.71364 , -0.701093 , 0
-0.699061 , -0.715637 , 0
-0.684185 , -0.729877 , 0
-0.669019 , -0.743808 , 0
-0.65357 , -0.757424 , 0
-0.637844 , -0.770719 , 0
-0.621847 , -0.783688 , 0
-0.605587 , -0.796324 , 0
-0.589071 , -0.808623 , 0
-0.572305 , -0.82058 , 0
-0.555296 , -0.832188 , 0
-0.538053 , -0.843445 , 0
-0.520581 , -0.854343 , 0
-0.502889 , -0.86488 , 0
-0.484983 , -0.875051 , 0
-0.466872 , -0.88485 , 0
-0.448564 , -0.894275 , 0
-0.430065 , -0.903321 , 0
-0.411384 , -0.911984 , 0
-0.392529 , -0.920261 , 0
-0.373507 , -0.928148 , 0
-0.354328 , -0.935642 , 0
-0.334998 , -0.94274 , 0
-0.315526 , -0.949438 , 0
-0.295921 , -0.955734 , 0
-0.27619 , -0.961625 , 0
-0.256343 , -0.967109 , 0
-0.236386 , -0.972183 , 0
-0.21633 , -0.976845 , 0
-0.196182 , -0.981094 , 0
-0.175951 , -0.984927 , 0
-0.155645 , -0.988343 , 0
-0.135273 , -0.99134 , 0
-0.114845 , -0.993917 , 0
-0.094367 , -0.996073 , 0
-0.0738495 , -0.997808 , 0
-0.0533008 , -0.99912 , 0
-0.0327294 , -1.00001 , 0
-0.0121442 , -1.00047 , 0
0.00844615 , -1.00051 , 0
0.0290329 , -1.00013 , 0
0.0496074 , -0.999327 , 0
0.0701609 , -0.998097 , 0
0.0906847 , -0.996445 , 0
0.11117 , -0.994372 , 0
0.131608 , -0.991877 , 0
0.151991 , -0.988962 , 0
0.172309 , -0.985628 , 0
0.192554 , -0.981877 , 0
0.212718 , -0.97771 , 0
0.232791 , -0.973128 , 0
0.252766 , -0.968135 , 0
0.272634 , -0.962732 , 0
0.292387 , -0.956921 , 0
0.312016 , -0.950705 , 0
0.331512 , -0.944087 , 0
0.350868 , -0.937068 , 0
0.370076 , -0.929653 , 0
0.389127 , -0.921844 , 0
0.408013 , -0.913645 , 0
0.426727 , -0.905059 , 0
0.445259 , -0.89609 , 0
0.463603 , -0.886742 , 0
0.481751 , -0.877017 , 0
0.499695 , -0.866922 , 0
0.517428 , -0.856459 , 0
0.534941 , -0.845634 , 0
0.552228 , -0.834451 , 0
0.569281 , -0.822915 , 0
0.586092 , -0.81103 , 0
0.602656 , -0.798802 , 0
0.618965 , -0.786235 , 0
0.635011 , -0.773336 , 0
0.650789 , -0.760109 , 0
0.666291 , -0.746561 , 0
0.681511 , -0.732696 , 0
0.696443 , -0.718521 , 0
0.71108 , -0.704042 , 0
0.725415 , -0.689265 , 0
0.739444 , -0.674196 , 0
0.75316 , -0.658842 , 0
0.766556 , -0.643209 , 0
0.779628 , -0.627303 , 0
0.79237 , -0.611132 , 0
0.804777 , -0.594702 , 0
0.816843 , -0.578021 , 0
0.828563 , -0.561094 , 0
0.839933 , -0.543931 , 0
0.850947 , -0.526536 , 0
0.8616 , -0.508919 , 0
0.871889 , -0.491087 , 0
0.881809 , -0.473047 , 0
0.891355 , -0.454806 , 0
0.900525 , -0.436373 , 0
0.909313 , -0.417755 , 0
0.917716 , -0.398961 , 0
0.92573 , -0.379997 , 0
0.933353 , -0.360873 , 0
0.940581 , -0.341596 , 0
0.94741 , -0.322174 , 0
0.953838 , -0.302616 , 0
0.959863 , -0.28293 , 0
0.965482 , -0.263124 , 0
0.970691 , -0.243207 , 0
0.97549 , -0.223186 , 0
0.979876 , -0.203072 , 0
0.983847 , -0.182871 , 0
0.987402 , -0.162593 , 0
0.990538 , -0.142246 , 0
0.993256 , -0.121839 , 0
0.995553 , -0.10138 , 0
0.997428 , -0.0808783 , 0
0.998882 , -0.0603424 , 0
0.999912 , -0.039781 , 0
1.00052 , -0.0192027 , 0
1.0007 , 0.00138368 , 0
1.00046 , 0.0219695 , 0
0.9998 , 0.042546 , 0
0.998714 , 0.0631045 , 0
0.997205 , 0.0836362 , 0
0.995273 , 0.104133 , 0
0.992921 , 0.124585 , 0
0.990148 , 0.144984 , 0
0.986956 , 0.165323 , 0
0.983346 , 0.185591 , 0
0.97932 , 0.205781 , 0
0.97488 , 0.225883 , 0
0.970027 , 0.24589 , 0
0.964763 , 0.265793 , 0
0.959091 , 0.285583 , 0
0.953013 , 0.305253 , 0
0.946532 , 0.324793 , 0
0.93965 , 0.344196 , 0
0.93237 , 0.363453 , 0
0.924696 , 0.382556 , 0
0.91663 , 0.401498 , 0
0.908176 , 0.420269 , 0
0.899338 , 0.438863 , 0
0.890119 , 0.45727 , 0
0.880523 , 0.475484 , 0
0.870555 , 0.493497 , 0
0.860218 , 0.511301 , 0
0.849517 , 0.528889 , 0
0.838456 , 0.546253 , 0
0.827041 , 0.563385 , 0
0.815275 , 0.580279 , 0
0.803165 , 0.596928 , 0
0.790714 , 0.613323 , 0
0.777929 , 0.62946 , 0
0.764814 , 0.645329 , 0
0.751376 , 0.660926 , 0
0.737619 , 0.676243 , 0
0.72355 , 0.691273 , 0
0.709175 , 0.706011 , 0
0.6945 , 0.72045 , 0
0.679531 , 0.734584 , 0
0.664274 , 0.748407 , 0
0.648736 , 0.761913 , 0
0.632924 , 0.775097 , 0
0.616843 , 0.787953 , 0
0.600502 , 0.800475 , 0
0.583906 , 0.812658 , 0
0.567063 , 0.824497 , 0
0.54998 , 0.835988 , 0
0.532664 , 0.847124 , 0
0.515123 , 0.857902 , 0
0.497363 , 0.868316 , 0
0.479393 , 0.878363 , 0
0.46122 , 0.888038 , 0
0.442852 , 0.897337 , 0
0.424296 , 0.906256 , 0
0.405561 , 0.914792 , 0
0.386654 , 0.92294 , 0
0.367583 , 0.930698 , 0
0.348357 , 0.938062 , 0
0.328983 , 0.945028 , 0
0.30947 , 0.951594 , 0
0.289826 , 0.957758 , 0
0.270059 , 0.963516 , 0
0.250178 , 0.968866 , 0
0.230191 , 0.973806 , 0
0.210107 , 0.978334 , 0
0.189933 , 0.982447 , 0
0.16968 , 0.986145 , 0
0.149354 , 0.989424 , 0
0.128965 , 0.992285 , 0
0.108521 , 0.994726 , 0
0.0880319 , 0.996746 , 0
0.0675051 , 0.998344 , 0
0.0469498 , 0.999519 , 0
0.0263746 , 1.00027 , 0
0.00578822 , 1.0006 , 0
-0.0148006 , 1.0005 , 0
-0.0353832 , 0.999984 , 0
-0.0559508 , 0.999042 , 0
-0.0764946 , 0.997676 , 0
-0.0970061 , 0.995888 , 0
-0.117477 , 0.993679 , 0
-0.137897 , 0.991048 , 0
-0.15826 , 0.987998 , 0
-0.178555 , 0.98453 , 0
-0.198774 , 0.980644 , 0
-0.21891 , 0.976344 , 0
-0.238953 , 0.97163 , 0
-0.258894 , 0.966504 , 0
-0.278726 , 0.960969 , 0
-0.29844 , 0.955028 , 0
-0.318028 , 0.948681 , 0
-0.337481 , 0.941933 , 0
-0.356791 , 0.934786 , 0
-0.375949 , 0.927244 , 0
-0.394949 , 0.919308 , 0
-0.413781 , 0.910983 , 0
-0.432438 , 0.902273 , 0
-0.450912 , 0.89318 , 0
-0.469195 , 0.883709 , 0
-0.48728 , 0.873864 , 0
-0.505157 , 0.863648 , 0
-0.522821 , 0.853067 , 0
-0.540264 , 0.842124 , 0
-0.557478 , 0.830825 , 0
-0.574455 , 0.819174 , 0
-0.591189 , 0.807176 , 0
-0.607673 , 0.794836 , 0
-0.623899 , 0.782159 , 0
-0.639862 , 0.769151 , 0
-0.655553 , 0.755817 , 0
-0.670966 , 0.742163 , 0
-0.686095 , 0.728195 , 0
-0.700934 , 0.713918 , 0
-0.715475 , 0.699339 , 0
-0.729714 , 0.684463 , 0
-0.743643 , 0.669298 , 0
-0.757258 , 0.653849 , 0
-0.770551 , 0.638123 , 0
-0.783518 , 0.622126 , 0
-0.796154 , 0.605867 , 0
-0.808451 , 0.58935 , 0
-0.820407 , 0.572584 , 0
-0.832015 , 0.555575 , 0
-0.84327 , 0.538331 , 0
-0.854168 , 0.520859 , 0
-0.864704 , 0.503166 , 0
-0.874874 , 0.485259 , 0
-0.884673 , 0.467148 , 0
-0.894097 , 0.448838 , 0
-0.903143 , 0.430338 , 0
-0.911806 , 0.411656 , 0
-0.920082 , 0.392799 , 0
-0.927969 , 0.373776 , 0
-0.935462 , 0.354595 , 0
-0.942559 , 0.335263 , 0
-0.949257 , 0.315789 , 0
-0.955552 , 0.296182 , 0
-0.961442 , 0.276449 , 0
-0.966925 , 0.256599 , 0
-0.971998 , 0.23664 , 0
-0.97666 , 0.21658 , 0
-0.980907 , 0.196429 , 0
-0.984739 , 0.176195 , 0
-0.988153 , 0.155886 , 0
-0.991149 , 0.135511 , 0
-0.993725 , 0.115079 , 0
-0.995879 , 0.0945974 , 0
-0.997611 , 0.0740761 , 0
-0.998921 , 0.0535234 , 0
-0.999807 , 0.0329481 , 0
-1.00027 , 0.0123587 , 0
-1.00031 , -0.00823586 , 0
-0.999922 , -0.028827 , 0
-0.999113 , -0.0494058 , 0
-0.99788 , -0.0699638 , 0
-0.996224 , -0.090492 , 0
-0.994146 , -0.110982 , 0
-0.991647 , -0.131425 , 0
-0.988727 , -0.151812 , 0
-0.985388 , -0.172135 , 0
-0.981631 , -0.192385 , 0
-0.977459 , -0.212553 , 0
-0.972872 , -0.232631 , 0
-0.967872 , -0.252611 , 0
-0.962462 , -0.272483 , 0
-0.956644 , -0.29224 , 0
-0.950421 , -0.311873 , 0
-0.943795 , -0.331374 , 0
-0.936768 , -0.350735 , 0
-0.929345 , -0.369946 , 0
-0.921527 , -0.389001 , 0
-0.913319 , -0.407891 , 0
-0.904723 , -0.426608 , 0
-0.895744 , -0.445144 , 0
-0.886385 , -0.463491 , 0
-0.876651 , -0.481642 , 0
-0.866544 , -0.499589 , 0
-0.85607 , -0.517324 , 0
-0.845234 , -0.534839 , 0
-0.834038 , -0.552128 , 0
-0.82249 , -0.569183 , 0
-0.810592 , -0.585996 , 0
-0.798351 , -0.602561 , 0
-0.785771 , -0.61887 , 0
-0.772858 , -0.634917 , 0
-0.759617 , -0.650694 , 0
-0.746054 , -0.666196 , 0
-0.732175 , -0.681415 , 0
-0.717985 , -0.696345 , 0
-0.703491 , -0.71098 , 0
-0.688698 , -0.725313 , 0
-0.673614 , -0.739339 , 0
-0.658243 , -0.753051 , 0
-0.642594 , -0.766444 , 0
-0.626672 , -0.779512 , 0
-0.610484 , -0.792249 , 0
-0.594038 , -0.804651 , 0
-0.577339 , -0.81671 , 0
-0.560395 , -0.828424 , 0
-0.543214 , -0.839786 , 0
-0.525803 , -0.850792 , 0
-0.508168 , -0.861437 , 0
-0.490318 , -0.871717 , 0
-0.47226 , -0.881627 , 0
-0.454002 , -0.891163 , 0
-0.435551 , -0.900322 , 0
-0.416915 , -0.909098 , 0
-0.398103 , -0.917488 , 0
-0.379121 , -0.92549 , 0
-0.359979 , -0.933099 , 0
-0.340684 , -0.940312 , 0
-0.321245 , -0.947126 , 0
-0.301669 , -0.953539 , 0
-0.281965 , -0.959547 , 0
-0.262142 , -0.965148 , 0
-0.242208 , -0.970339 , 0
-0.22217 , -0.975119 , 0
-0.202039 , -0.979485 , 0
-0.181822 , -0.983436 , 0
-0.161528 , -0.986969 , 0
-0.141165 , -0.990084 , 0
-0.120742 , -0.992779 , 0
-0.100268 , -0.995053 , 0
-0.0797516 , -0.996904 , 0
-0.0592013 , -0.998333 , 0
-0.0386259 , -0.999338 , 0
-0.0180341 , -0.999919 , 0
0.00256538 , -1.00008 , 0
0.0231638 , -0.999808 , 0
0.0437523 , -0.999116 , 0
0.0643223 , -0.998001 , 0
0.084865 , -0.996462 , 0
0.105372 , -0.9945 , 0
0.125834 , -0.992116 , 0
0.146242 , -0.989311 , 0
0.166589 , -0.986087 , 0
0.186865 , -0.982444 , 0
0.207061 , -0.978385 , 0
0.22717 , -0.97391 , 0
0.247182 , -0.969022 , 0
0.26709 , -0.963723 , 0
0.286884 , -0.958015 , 0
0.306556 , -0.9519 , 0
0.326098 , -0.945382 , 0
0.345502 , -0.938462 , 0
0.36476 , -0.931144 , 0
0.383862 , -0.923431 , 0
0.402802 , -0.915326 , 0
0.421571 , -0.906833 , 0
0.440161 , -0.897955 , 0
0.458564 , -0.888696 , 0
0.476772 , -0.87906 , 0
0.494778 , -0.869051 , 0
0.512575 , -0.858673 , 0
0.530153 , -0.847931 , 0
0.547507 , -0.836829 , 0
0.564629 , -0.825371 , 0
0.58151 , -0.813564 , 0
0.598146 , -0.801411 , 0
0.614527 , -0.788919 , 0
0.630647 , -0.776091 , 0
0.6465 , -0.762934 , 0
0.662079 , -0.749453 , 0
0.677376 , -0.735655 , 0
0.692386 , -0.721544 , 0
0.707102 , -0.707127 , 0
0.721519 , -0.69241 , 0
0.735629 , -0.677399 , 0
0.749426 , -0.6621 , 0
0.762906 , -0.646521 , 0
0.776062 , -0.630667 , 0
0.788889 , -0.614546 , 0
0.801381 , -0.598163 , 0
0.813533 , -0.581527 , 0
0.825339 , -0.564644 , 0
0.836795 , -0.547522 , 0
0.847897 , -0.530167 , 0
0.858638 , -0.512587 , 0
0.869015 , -0.49479 , 0
0.879023 , -0.476782 , 0
0.888658 , -0.458573 , 0
0.897916 , -0.440168 , 0
0.906793 , -0.421577 , 0
0.915285 , -0.402807 , 0
0.923389 , -0.383866 , 0
0.931101 , -0.364762 , 0
0.938417 , -0.345504 , 0
0.945336 , -0.326098 , 0
0.951853 , -0.306555 , 0
0.957966 , -0.286881 , 0
0.963673 , -0.267085 , 0
0.968971 , -0.247176 , 0
0.973857 , -0.227163 , 0
0.978331 , -0.207053 , 0
0.982389 , -0.186854 , 0
0.98603 , -0.166577 , 0
0.989252 , -0.146229 , 0
0.992055 , -0.125819 , 0
0.994437 , -0.105355 , 0
0.996397 , -0.0848472 , 0
0.997934 , -0.064303 , 0
0.999048 , -0.0437315 , 0
0.999737 , -0.0231415 , 0
1 , -0.00254158 , 0
0.999843 , 0.0180594 , 0
0.99926 , 0.0386527 , 0
0.998252 , 0.0592296 , 0
0.996821 , 0.0797813 , 0
0.994967 , 0.100299 , 0
0.992691 , 0.120775 , 0
0.989993 , 0.141199 , 0
0.986875 , 0.161563 , 0
0.983339 , 0.181858 , 0
0.979385 , 0.202077 , 0
0.975015 , 0.22221 , 0
0.970232 , 0.242248 , 0
0.965037 , 0.262184 , 0
0.959433 , 0.282008 , 0
0.953421 , 0.301712 , 0
0.947005 , 0.321289 , 0
0.940187 , 0.340729 , 0
0.93297 , 0.360025 , 0
0.925357 , 0.379168 , 0
0.917351 , 0.39815 , 0
0.908956 , 0.416963 , 0
0.900176 , 0.435599 , 0
0.891013 , 0.454051 , 0
0.881473 , 0.472309 , 0
0.871558 , 0.490367 , 0
0.861273 , 0.508217 , 0
0.850623 , 0.525852 , 0
0.839613 , 0.543263 , 0
0.828245 , 0.560444 , 0
0.816527 , 0.577387 , 0
0.804462 , 0.594085 , 0
0.792055 , 0.610531 , 0
0.779313 , 0.626718 , 0
0.76624 , 0.642639 , 0
0.752842 , 0.658287 , 0
0.739124 , 0.673656 , 0
0.725093 , 0.68874 , 0
0.710754 , 0.703531 , 0
0.696113 , 0.718023 , 0
0.681177 , 0.732211 , 0
0.665952 , 0.746088 , 0
0.650445 , 0.759649 , 0
0.634662 , 0.772887 , 0
0.618609 , 0.785797 , 0
0.602294 , 0.798374 , 0
0.585723 , 0.810613 , 0
0.568904 , 0.822507 , 0
0.551844 , 0.834053 , 0
0.534549 , 0.845244 , 0
0.517028 , 0.856077 , 0
0.499287 , 0.866547 , 0
0.481335 , 0.876649 , 0
0.463178 , 0.886379 , 0
0.444825 , 0.895734 , 0
0.426283 , 0.904708 , 0
0.40756 , 0.913299 , 0
0.388664 , 0.921502 , 0
0.369604 , 0.929314 , 0
0.350386 , 0.936732 , 0
0.331021 , 0.943752 , 0
0.311514 , 0.950372 , 0
0.291876 , 0.95659 , 0
0.272113 , 0.962401 , 0
0.252236 , 0.967804 , 0
0.232251 , 0.972797 , 0
0.212168 , 0.977377 , 0
0.191994 , 0.981542 , 0
0.17174 , 0.985291 , 0
0.151412 , 0.988622 , 0
0.13102 , 0.991534 , 0
0.110573 , 0.994025 , 0
0.090079 , 0.996095 , 0
0.0695465 , 0.997742 , 0
0.0489846 , 0.998966 , 0
0.0284019 , 0.999766 , 0
0.00780722 , 1.00014 , 0
-0.0127908 , 1.00009 , 0
-0.0333834 , 0.999623 , 0
-0.0539619 , 0.998727 , 0
-0.0745175 , 0.997407 , 0
-0.0950415 , 0.995665 , 0
-0.115525 , 0.9935 , 0
-0.13596 , 0.990914 , 0
-0.156337 , 0.987908 , 0
-0.176648 , 0.984482 , 0
-0.196883 , 0.98064 , 0
-0.217036 , 0.976381 , 0
-0.237096 , 0.971708 , 0
-0.257056 , 0.966624 , 0
-0.276906 , 0.961129 , 0
-0.29664 , 0.955227 , 0
-0.316247 , 0.94892 , 0
-0.335721 , 0.94221 , 0
-0.355052 , 0.935101 , 0
-0.374232 , 0.927596 , 0
-0.393254 , 0.919697 , 0
-0.412109 , 0.911408 , 0
-0.43079 , 0.902733 , 0
-0.449288 , 0.893675 , 0
-0.467595 , 0.884238 , 0
-0.485704 , 0.874426 , 0
-0.503607 , 0.864244 , 0
-0.521297 , 0.853695 , 0
-0.538765 , 0.842784 , 0
-0.556005 , 0.831516 , 0
-0.57301 , 0.819895 , 0
-0.589771 , 0.807927 , 0
-0.606283 , 0.795616 , 0
-0.622537 , 0.782968 , 0
-0.638528 , 0.769989 , 0
-0.654248 , 0.756682 , 0
-0.66969 , 0.743055 , 0
-0.684849 , 0.729113 , 0
-0.699717 , 0.714862 , 0
-0.714289 , 0.700308 , 0
-0.728558 , 0.685457 , 0
-0.742518 , 0.670315 , 0
-0.756164 , 0.654889 , 0
-0.769489 , 0.639186 , 0
-0.782487 , 0.623212 , 0
-0.795154 , 0.606973 , 0
-0.807485 , 0.590478 , 0
-0.819472 , 0.573732 , 0
-0.831113 , 0.556743 , 0
-0.842401 , 0.539518 , 0
-0.853332 , 0.522064 , 0
-0.863902 , 0.504389 , 0
-0.874106 , 0.486501 , 0
-0.883939 , 0.468406 , 0
-0.893397 , 0.450112 , 0
-0.902477 , 0.431628 , 0
-0.911174 , 0.412961 , 0
-0.919485 , 0.394119 , 0
-0.927407 , 0.37511 , 0
-0.934935 , 0.355942 , 0
-0.942068 , 0.336623 , 0
-0.948801 , 0.317161 , 0
-0.955132 , 0.297566 , 0
-0.961058 , 0.277844 , 0
-0.966578 , 0.258004 , 0
-0.971687 , 0.238055 , 0
-0.976385 , 0.218005 , 0
-0.980669 , 0.197863 , 0
-0.984538 , 0.177636 , 0
-0.987989 , 0.157335 , 0
-0.991022 , 0.136967 , 0
-0.993635 , 0.116541 , 0
-0.995827 , 0.0960653 , 0
-0.997597 , 0.0755492 , 0
-0.998945 , 0.055001 , 0
-0.999869 , 0.0344295 , 0
-1.00037 , 0.0138434 , 0
-1.00045 , -0.0067485 , 0
-1.0001 , -0.0273376 , 0
-0.999329 , -0.0479151 , 0
-0.998134 , -0.0684723 , 0
-0.996518 , -0.0890005 , 0
-0.994478 , -0.109491 , 0
-0.992018 , -0.129935 , 0
-0.989137 , -0.150324 , 0
-0.985838 , -0.170649 , 0
-0.982121 , -0.190903 , 0
-0.977987 , -0.211075 , 0
-0.97344 , -0.231158 , 0
-0.96848 , -0.251143 , 0
-0.96311 , -0.271021 , 0
-0.957332 , -0.290785 , 0
-0.951149 , -0.310425 , 0
-0.944562 , -0.329934 , 0
-0.937576 , -0.349304 , 0
-0.930192 , -0.368525 , 0
-0.922415 , -0.38759 , 0
-0.914246 , -0.406492 , 0
-0.905691 , -0.425221 , 0
-0.896752 , -0.443769 , 0
-0.887433 , -0.46213 , 0
-0.877738 , -0.480296 , 0
-0.867672 , -0.498257 , 0
-0.857238 , -0.516008 , 0
-0.846441 , -0.53354 , 0
-0.835286 , -0.550847 , 0
-0.823777 , -0.56792 , 0
-0.811919 , -0.584752 , 0
-0.799717 , -0.601337 , 0
-0.787176 , -0.617667 , 0
-0.774303 , -0.633736 , 0
-0.761101 , -0.649536 , 0
-0.747577 , -0.665061 , 0
-0.733736 , -0.680305 , 0
-0.719585 , -0.69526 , 0
-0.705129 , -0.709922 , 0
-0.690374 , -0.724282 , 0
-0.675327 , -0.738336 , 0
-0.659994 , -0.752077 , 0
-0.644382 , -0.7655 , 0
-0.628497 , -0.778598 , 0
-0.612345 , -0.791367 , 0
-0.595935 , -0.803801 , 0
-0.579272 , -0.815894 , 0
-0.562364 , -0.827642 , 0
-0.545217 , -0.83904 , 0
-0.52784 , -0.850082 , 0
-0.510239 , -0.860765 , 0
-0.492423 , -0.871082 , 0
-0.474397 , -0.881032 , 0
-0.456171 , -0.890608 , 0
-0.437752 , -0.899807 , 0
-0.419148 , -0.908625 , 0
-0.400366 , -0.917058 , 0
-0.381414 , -0.925103 , 0
-0.362301 , -0.932757 , 0
-0.343035 , -0.940015 , 0
-0.323623 , -0.946876 , 0
-0.304075 , -0.953336 , 0
-0.284397 , -0.959392 , 0
-0.2646 , -0.965042 , 0
-0.24469 , -0.970283 , 0
-0.224677 , -0.975114 , 0
-0.204568 , -0.979531 , 0
-0.184373 , -0.983535 , 0
-0.1641 , -0.987121 , 0
-0.143757 , -0.99029 , 0
-0.123354 , -0.99304 , 0
-0.102898 , -0.995369 , 0
-0.082399 , -0.997277 , 0
-0.0618649 , -0.998763 , 0
-0.0413046 , -0.999826 , 0
-0.0207268 , -1.00047 , 0
-0.000140292 , -1.00068 , 0
0.0204463 , -1.00047 , 0
0.0410243 , -0.999843 , 0
0.0615848 , -0.998789 , 0
0.0821194 , -0.997312 , 0
0.102619 , -0.995413 , 0
0.123075 , -0.993092 , 0
0.14348 , -0.990351 , 0
0.163823 , -0.987191 , 0
0.184097 , -0.983613 , 0
0.204293 , -0.979619 , 0
0.224403 , -0.97521 , 0
0.244418 , -0.970388 , 0
0.264329 , -0.965155 , 0
0.284129 , -0.959514 , 0
0.303808 , -0.953467 , 0
0.323358 , -0.947016 , 0
0.342772 , -0.940164 , 0
0.36204 , -0.932915 , 0
0.381156 , -0.92527 , 0
0.40011 , -0.917234 , 0
0.418894 , -0.908809 , 0
0.437502 , -0.9 , 0
0.455924 , -0.89081 , 0
0.474153 , -0.881243 , 0
0.492181 , -0.871303 , 0
0.510001 , -0.860994 , 0
0.527606 , -0.85032 , 0
0.544987 , -0.839287 , 0
0.562137 , -0.827898 , 0
0.579049 , -0.816159 , 0
0.595716 , -0.804075 , 0
0.612131 , -0.79165 , 0
0.628287 , -0.77889 , 0
0.644177 , -0.7658 , 0
0.659795 , -0.752386 , 0
0.675133 , -0.738654 , 0
0.690185 , -0.724609 , 0
0.704945 , -0.710258 , 0
0.719407 , -0.695605 , 0
0.733564 , -0.680659 , 0
0.747411 , -0.665424 , 0
0.760941 , -0.649907 , 0
0.774149 , -0.634116 , 0
0.78703 , -0.618056 , 0
0.799578 , -0.601734 , 0
0.811787 , -0.585158 , 0
0.823652 , -0.568334 , 0
0.835169 , -0.55127 , 0
0.846332 , -0.533972 , 0
0.857137 , -0.516448 , 0
0.867579 , -0.498705 , 0
0.877654 , -0.480752 , 0
0.887358 , -0.462595 , 0
0.896686 , -0.444242 , 0
0.905634 , -0.425701 , 0
0.914199 , -0.40698 , 0
0.922377 , -0.388086 , 0
0.930164 , -0.369028 , 0
0.937558 , -0.349815 , 0
0.944555 , -0.330453 , 0
0.951152 , -0.310951 , 0
0.957347 , -0.291317 , 0
0.963136 , -0.27156 , 0
0.968517 , -0.251689 , 0
0.973489 , -0.23171 , 0
0.978048 , -0.211634 , 0
0.982194 , -0.191468 , 0
0.985924 , -0.171221 , 0
0.989236 , -0.150902 , 0
0.992129 , -0.130518 , 0
0.994603 , -0.11008 , 0
0.996655 , -0.0895943 , 0
0.998286 , -0.0690712 , 0
