x , y , z
5.2 , 0 , 0
5.19998 , 0.0150929 , 0
5.19991 , 0.0301857 , 0
5.1998 , 0.0452782 , 0
5.19965 , 0.0603703 , 0
5.19946 , 0.075462 , 0
5.19922 , 0.0905529 , 0
5.19893 , 0.105643 , 0
5.1986 , 0.120733 , 0
5.19823 , 0.135821 , 0
5.19782 , 0.150908 , 0
5.19736 , 0.165994 , 0
5.19686 , 0.181079 , 0
5.19632 , 0.196162 , 0
5.19573 , 0.211243 , 0
5.1951 , 0.226323 , 0
5.19442 , 0.2414 , 0
5.1937 , 0.256476 , 0
5.19294 , 0.27155 , 0
5.19213 , 0.286621 , 0
5.19128 , 0.30169 , 0
5.19039 , 0.316756 , 0
5.18945 , 0.33182 , 0
5.18847 , 0.346881 , 0
5.18745 , 0.361939 , 0
5.18638 , 0.376993 , 0
5.18527 , 0.392045 , 0
5.18412 , 0.407094 , 0
5.18292 , 0.422139 , 0
5.18168 , 0.43718 , 0
5.18039 , 0.452218 , 0
5.17907 , 0.467252 , 0
5.17769 , 0.482283 , 0
5.17628 , 0.497309 , 0
5.17482 , 0.512331 , 0
5.17332 , 0.527348 , 0
5.17178 , 0.542362 , 0
5.17019 , 0.55737 , 0
5.16856 , 0.572374 , 0
5.16688 , 0.587374 , 0
5.16516 , 0.602368 , 0
5.1634 , 0.617357 , 0
5.1616 , 0.632341 , 0
5.15975 , 0.64732 , 0
5.15786 , 0.662293 , 0
5.15592 , 0.677261 , 0
5.15394 , 0.692223 , 0
5.15192 , 0.70718 , 0
5.14986 , 0.72213 , 0
5.14775 , 0.737074 , 0
5.1456 , 0.752013 , 0
5.14341 , 0.766944 , 0
5.14117 , 0.78187 , 0
5.13889 , 0.796789 , 0
5.13657 , 0.811701 , 0
5.1342 , 0.826606 , 0
5.13179 , 0.841505 , 0
5.12934 , 0.856396 , 0
5.12685 , 0.87128 , 0
5.12431 , 0.886157 , 0
5.12173 , 0.901027 , 0
5.1191 , 0.915889 , 0
5.11644 , 0.930743 , 0
5.11373 , 0.94559 , 0
5.11097 , 0.960428 , 0
5.10818 , 0.975259 , 0
5.10534 , 0.990081 , 0
5.10246 , 1.00489 , 0
5.09953 , 1.0197 , 0
5.09657 , 1.0345 , 0
5.09356 , 1.04929 , 0
5.09051 , 1.06407 , 0
5.08741 , 1.07884 , 0
5.08427 , 1.0936 , 0
5.08109 , 1.10835 , 0
5.07787 , 1.12309 , 0
5.07461 , 1.13783 , 0
5.0713 , 1.15255 , 0
5.06795 , 1.16727 , 0
5.06456 , 1.18197 , 0
5.06112 , 1.19667 , 0
5.05765 , 1.21135 , 0
5.05413 , 1.22603 , 0
5.05056 , 1.24069 , 0
5.04696 , 1.25534 , 0
5.04331 , 1.26999 , 0
5.03962 , 1.28462 , 0
5.03589 , 1.29924 , 0
5.03212 , 1.31385 , 0
5.0283 , 1.32845 , 0
5.02444 , 1.34304 , 0
5.02055 , 1.35762 , 0
5.0166 , 1.37219 , 0
5.01262 , 1.38674 , 0
5.00859 , 1.40129 , 0
5.00453 , 1.41582 , 0
5.00042 , 1.43034 , 0
4.99626 , 1.44484 , 0
4.99207 , 1.45934 , 0
4.98783 , 1.47382 , 0
4.98356 , 1.48829 , 0
4.97924 , 1.50275 , 0
4.97488 , 1.5172 , 0
4.97048 , 1.53163 , 0
4.96603 , 1.54605 , 0
4.96155 , 1.56046 , 0
4.95702 , 1.57485 , 0
4.95245 , 1.58924 , 0
4.94784 , 1.6036 , 0
4.94319 , 1.61796 , 0
4.93849 , 1.6323 , 0
4.93376 , 1.64663 , 0
4.92898 , 1.66094 , 0
4.92417 , 1.67524 , 0
4.91931 , 1.68952 , 0
4.91441 , 1.7038 , 0
4.90947 , 1.71805 , 0
4.90449 , 1.7323 , 0
4.89946 , 1.74652 , 0
4.8944 , 1.76074 , 0
4.88929 , 1.77494 , 0
4.88415 , 1.78912 , 0
4.87896 , 1.80329 , 0
4.87373 , 1.81744 , 0
4.86846 , 1.83158 , 0
4.86316 , 1.8457 , 0
4.85781 , 1.85981 , 0
4.85241 , 1.8739 , 0
4.84698 , 1.88798 , 0
4.84151 , 1.90204 , 0
4.836 , 1.91609 , 0
4.83045 , 1.93011 , 0
4.82485 , 1.94413 , 0
4.81922 , 1.95812 , 0
4.81354 , 1.9721 , 0
4.80783 , 1.98607 , 0
4.80207 , 2.00001 , 0
4.79628 , 2.01394 , 0
4.79044 , 2.02786 , 0
4.78457 , 2.04175 , 0
4.77865 , 2.05563 , 0
4.7727 , 2.06949 , 0
4.7667 , 2.08334 , 0
4.76067 , 2.09717 , 0
4.75459 , 2.11097 , 0
4.74848 , 2.12477 , 0
4.74232 , 2.13854 , 0
4.73613 , 2.1523 , 0
4.72989 , 2.16603 , 0
4.72362 , 2.17975 , 0
4.71731 , 2.19346 , 0
4.71095 , 2.20714 , 0
4.70456 , 2.2208 , 0
4.69813 , 2.23445 , 0
4.69166 , 2.24808 , 0
4.68515 , 2.26169 , 0
4.6786 , 2.27528 , 0
4.67201 , 2.28885 , 0
4.66538 , 2.3024 , 0
4.65872 , 2.31593 , 0
4.65201 , 2.32944 , 0
4.64526 , 2.34294 , 0
4.63848 , 2.35641 , 0
4.63166 , 2.36987 , 0
4.6248 , 2.3833 , 0
4.6179 , 2.39671 , 0
4.61096 , 2.41011 , 0
4.60398 , 2.42348 , 0
4.59697 , 2.43684 , 0
4.58991 , 2.45017 , 0
4.58282 , 2.46348 , 0
4.57569 , 2.47677 , 0
4.56852 , 2.49005 , 0
4.56131 , 2.5033 , 0
4.55407 , 2.51653 , 0
4.54678 , 2.52974 , 0
4.53946 , 2.54292 , 0
4.5321 , 2.55609 , 0
4.5247 , 2.56923 , 0
4.51727 , 2.58236 , 0
4.50979 , 2.59546 , 0
4.50228 , 2.60854 , 0
4.49473 , 2.6216 , 0
4.48715 , 2.63463 , 0
4.47952 , 2.64765 , 0
4.47186 , 2.66064 , 0
4.46416 , 2.67361 , 0
4.45643 , 2.68656 , 0
4.44865 , 2.69948 , 0
4.44084 , 2.71238 , 0
4.43299 , 2.72526 , 0
4.42511 , 2.73812 , 0
4.41719 , 2.75095 , 0
4.40923 , 2.76377 , 0
4.40123 , 2.77655 , 0
4.3932 , 2.78932 , 0
4.38513 , 2.80206 , 0
4.37702 , 2.81478 , 0
4.36888 , 2.82747 , 0
4.3607 , 2.84014 , 0
4.35249 , 2.85279 , 0
4.34423 , 2.86541 , 0
4.33595 , 2.87801 , 0
4.32762 , 2.89059 , 0
4.31926 , 2.90314 , 0
4.31086 , 2.91566 , 0
4.30243 , 2.92817 , 0
4.29396 , 2.94064 , 0
4.28546 , 2.9531 , 0
4.27692 , 2.96552 , 0
4.26834 , 2.97793 , 0
4.25973 , 2.99031 , 0
4.25108 , 3.00266 , 0
4.24239 , 3.01499 , 0
4.23368 , 3.02729 , 0
4.22492 , 3.03957 , 0
4.21613 , 3.05182 , 0
4.20731 , 3.06405 , 0
4.19845 , 3.07625 , 0
4.18955 , 3.08843 , 0
4.18062 , 3.10058 , 0
4.17166 , 3.1127 , 0
4.16266 , 3.1248 , 0
4.15362 , 3.13687 , 0
4.14455 , 3.14892 , 0
4.13545 , 3.16094 , 0
4.12631 , 3.17293 , 0
4.11714 , 3.1849 , 0
4.10793 , 3.19683 , 0
4.09869 , 3.20875 , 0
4.08941 , 3.22063 , 0
4.0801 , 3.23249 , 0
4.07075 , 3.24433 , 0
4.06138 , 3.25613 , 0
4.05196 , 3.26791 , 0
4.04252 , 3.27966 , 0
4.03304 , 3.29138 , 0
4.02352 , 3.30308 , 0
4.01398 , 3.31475 , 0
4.00439 , 3.32639 , 0
3.99478 , 3.338 , 0
3.98513 , 3.34958 , 0
3.97545 , 3.36114 , 0
3.96574 , 3.37267 , 0
3.95599 , 3.38417 , 0
3.94621 , 3.39564 , 0
3.93639 , 3.40709 , 0
3.92655 , 3.4185 , 0
3.91667 , 3.42989 , 0
3.90676 , 3.44125 , 0
3.89681 , 3.45258 , 0
3.88684 , 3.46388 , 0
3.87683 , 3.47515 , 0
3.86678 , 3.48639 , 0
3.85671 , 3.4976 , 0
3.8466 , 3.50879 , 0
3.83646 , 3.51994 , 0
3.82629 , 3.53107 , 0
3.81609 , 3.54217 , 0
3.80586 , 3.55323 , 0
3.79559 , 3.56427 , 0
3.78529 , 3.57528 , 0
3.77496 , 3.58625 , 0
3.7646 , 3.5972 , 0
3.75421 , 3.60812 , 0
3.74379 , 3.619 , 0
3.73333 , 3.62986 , 0
3.72284 , 3.64069 , 0
3.71233 , 3.65148 , 0
3.70178 , 3.66225 , 0
3.6912 , 3.67298 , 0
3.68059 , 3.68369 , 0
3.66995 , 3.69436 , 0
3.65928 , 3.70501 , 0
3.64857 , 3.71562 , 0
3.63784 , 3.7262 , 0
3.62708 , 3.73675 , 0
3.61629 , 3.74727 , 0
3.60546 , 3.75775 , 0
3.59461 , 3.76821 , 0
3.58372 , 3.77863 , 0
3.57281 , 3.78903 , 0
3.56187 , 3.79939 , 0
3.5509 , 3.80972 , 0
3.53989 , 3.82002 , 0
3.52886 , 3.83028 , 0
3.5178 , 3.84052 , 0
3.50671 , 3.85072 , 0
3.49559 , 3.86089 , 0
3.48444 , 3.87103 , 0
3.47326 , 3.88113 , 0
3.46205 , 3.8912 , 0
3.45082 , 3.90124 , 0
3.43955 , 3.91125 , 0
3.42826 , 3.92123 , 0
3.41694 , 3.93117 , 0
3.40559 , 3.94108 , 0
3.39421 , 3.95096 , 0
3.3828 , 3.9608 , 0
3.37136 , 3.97061 , 0
3.3599 , 3.98039 , 0
3.34841 , 3.99013 , 0
3.33689 , 3.99984 , 0
3.32534 , 4.00952 , 0
3.31376 , 4.01917 , 0
3.30216 , 4.02878 , 0
3.29053 , 4.03836 , 0
3.27887 , 4.0479 , 0
3.26719 , 4.05741 , 0
3.25547 , 4.06688 , 0
3.24373 , 4.07633 , 0
3.23197 , 4.08573 , 0
3.22017 , 4.09511 , 0
3.20835 , 4.10445 , 0
3.19651 , 4.11375 , 0
3.18463 , 4.12303 , 0
3.17273 , 4.13226 , 0
3.1608 , 4.14147 , 0
3.14885 , 4.15063 , 0
3.13687 , 4.15977 , 0
3.12486 , 4.16887 , 0
3.11283 , 4.17793 , 0
3.10078 , 4.18696 , 0
3.08869 , 4.19595 , 0
3.07658 , 4.20491 , 0
3.06445 , 4.21384 , 0
3.05229 , 4.22273 , 0
3.0401 , 4.23158 , 0
3.02789 , 4.2404 , 0
3.01565 , 4.24918 , 0
3.00339 , 4.25793 , 0
2.9911 , 4.26664 , 0
2.97879 , 4.27532 , 0
2.96646 , 4.28396 , 0
2.9541 , 4.29257 , 0
2.94171 , 4.30114 , 0
2.9293 , 4.30967 , 0
2.91686 , 4.31817 , 0
2.90441 , 4.32663 , 0
2.89192 , 4.33506 , 0
2.87941 , 4.34345 , 0
2.86688 , 4.3518 , 0
2.85433 , 4.36012 , 0
2.84175 , 4.3684 , 0
2.82915 , 4.37665 , 0
2.81652 , 4.38485 , 0
2.80387 , 4.39303 , 0
2.7912 , 4.40116 , 0
2.7785 , 4.40926 , 0
2.76578 , 4.41732 , 0
2.75304 , 4.42535 , 0
2.74027 , 4.43333 , 0
2.72749 , 4.44129 , 0
2.71468 , 4.4492 , 0
2.70184 , 4.45708 , 0
2.68899 , 4.46492 , 0
2.67611 , 4.47272 , 0
2.66321 , 4.48049 , 0
2.65028 , 4.48822 , 0
2.63734 , 4.49591 , 0
2.62437 , 4.50356 , 0
2.61138 , 4.51118 , 0
2.59837 , 4.51876 , 0
2.58534 , 4.5263 , 0
2.57229 , 4.5338 , 0
2.55921 , 4.54127 , 0
2.54612 , 4.54869 , 0
2.533 , 4.55608 , 0
2.51986 , 4.56344 , 0
2.5067 , 4.57075 , 0
2.49352 , 4.57803 , 0
2.48032 , 4.58526 , 0
2.4671 , 4.59246 , 0
2.45386 , 4.59963 , 0
2.44059 , 4.60675 , 0
2.42731 , 4.61383 , 0
2.41401 , 4.62088 , 0
2.40068 , 4.62789 , 0
2.38734 , 4.63486 , 0
2.37398 , 4.64179 , 0
2.3606 , 4.64868 , 0
2.34719 , 4.65554 , 0
2.33377 , 4.66235 , 0
2.32033 , 4.66913 , 0
2.30687 , 4.67587 , 0
2.29339 , 4.68256 , 0
2.27989 , 4.68922 , 0
2.26637 , 4.69584 , 0
2.25284 , 4.70243 , 0
2.23928 , 4.70897 , 0
2.22571 , 4.71547 , 0
2.21211 , 4.72194 , 0
2.1985 , 4.72836 , 0
2.18487 , 4.73475 , 0
2.17123 , 4.74109 , 0
2.15756 , 4.7474 , 0
2.14388 , 4.75367 , 0
2.13018 , 4.7599 , 0
2.11646 , 4.76608 , 0
2.10272 , 4.77223 , 0
2.08897 , 4.77834 , 0
2.07519 , 4.78441 , 0
2.06141 , 4.79044 , 0
2.0476 , 4.79643 , 0
2.03378 , 4.80238 , 0
2.01994 , 4.80829 , 0
2.00608 , 4.81416 , 0
1.99221 , 4.81999 , 0
1.97832 , 4.82578 , 0
1.96441 , 4.83153 , 0
1.95049 , 4.83724 , 0
1.93655 , 4.84291 , 0
1.9226 , 4.84854 , 0
1.90863 , 4.85413 , 0
1.89464 , 4.85968 , 0
1.88064 , 4.86518 , 0
1.86662 , 4.87065 , 0
1.85258 , 4.87608 , 0
1.83854 , 4.88147 , 0
1.82447 , 4.88681 , 0
1.81039 , 4.89212 , 0
1.7963 , 4.89738 , 0
1.78219 , 4.90261 , 0
1.76807 , 4.90779 , 0
1.75393 , 4.91294 , 0
1.73977 , 4.91804 , 0
1.72561 , 4.9231 , 0
1.71142 , 4.92812 , 0
1.69723 , 4.9331 , 0
1.68302 , 4.93804 , 0
1.66879 , 4.94294 , 0
1.65455 , 4.94779 , 0
1.6403 , 4.95261 , 0
1.62604 , 4.95738 , 0
1.61176 , 4.96212 , 0
1.59747 , 4.96681 , 0
1.58316 , 4.97146 , 0
1.56884 , 4.97607 , 0
1.55451 , 4.98064 , 0
1.54016 , 4.98516 , 0
1.52581 , 4.98965 , 0
1.51144 , 4.99409 , 0
1.49705 , 4.9985 , 0
1.48266 , 5.00286 , 0
1.46825 , 5.00718 , 0
1.45383 , 5.01145 , 0
1.4394 , 5.01569 , 0
1.42496 , 5.01989 , 0
1.4105 , 5.02404 , 0
1.39603 , 5.02815 , 0
1.38155 , 5.03222 , 0
1.36706 , 5.03625 , 0
1.35256 , 5.04024 , 0
1.33805 , 5.04418 , 0
1.32353 , 5.04808 , 0
1.30899 , 5.05194 , 0
1.29445 , 5.05576 , 0
1.27989 , 5.05954 , 0
1.26532 , 5.06327 , 0
1.25075 , 5.06697 , 0
1.23616 , 5.07062 , 0
1.22156 , 5.07423 , 0
1.20695 , 5.0778 , 0
1.19233 , 5.08132 , 0
1.1777 , 5.0848 , 0
1.16307 , 5.08824 , 0
1.14842 , 5.09164 , 0
1.13376 , 5.095 , 0
1.1191 , 5.09831 , 0
1.10442 , 5.10158 , 0
1.08973 , 5.10481 , 0
1.07504 , 5.108 , 0
1.06034 , 5.11114 , 0
1.04563 , 5.11425 , 0
1.03091 , 5.11731 , 0
1.01618 , 5.12032 , 0
1.00144 , 5.1233 , 0
0.986694 , 5.12623 , 0
0.97194 , 5.12912 , 0
0.957178 , 5.13197 , 0
0.942408 , 5.13478 , 0
0.927631 , 5.13754 , 0
0.912846 , 5.14026 , 0
0.898053 , 5.14294 , 0
0.883252 , 5.14557 , 0
0.868445 , 5.14816 , 0
0.85363 , 5.15071 , 0
0.838808 , 5.15322 , 0
0.82398 , 5.15568 , 0
0.809144 , 5.15811 , 0
0.794302 , 5.16048 , 0
0.779453 , 5.16282 , 0
0.764597 , 5.16511 , 0
0.749736 , 5.16737 , 0
0.734868 , 5.16957 , 0
0.719994 , 5.17174 , 0
0.705114 , 5.17386 , 0
0.690228 , 5.17594 , 0
0.675337 , 5.17798 , 0
0.66044 , 5.17997 , 0
0.645537 , 5.18192 , 0
0.630629 , 5.18383 , 0
0.615716 , 5.18569 , 0
0.600798 , 5.18751 , 0
0.585875 , 5.18929 , 0
0.570947 , 5.19103 , 0
0.556014 , 5.19272 , 0
0.541077 , 5.19437 , 0
0.526135 , 5.19598 , 0
0.511189 , 5.19754 , 0
0.496238 , 5.19907 , 0
0.481284 , 5.20054 , 0
0.466325 , 5.20198 , 0
0.451363 , 5.20337 , 0
0.436397 , 5.20472 , 0
0.421427 , 5.20603 , 0
0.406454 , 5.20729 , 0
0.391477 , 5.20851 , 0
0.376497 , 5.20969 , 0
0.361514 , 5.21082 , 0
0.346529 , 5.21191 , 0
0.33154 , 5.21296 , 0
0.316548 , 5.21396 , 0
0.301554 , 5.21492 , 0
0.286558 , 5.21584 , 0
0.271559 , 5.21672 , 0
0.256557 , 5.21755 , 0
0.241554 , 5.21834 , 0
0.226549 , 5.21908 , 0
0.211541 , 5.21978 , 0
0.196532 , 5.22044 , 0
0.181522 , 5.22106 , 0
0.16651 , 5.22163 , 0
0.151496 , 5.22216 , 0
0.136481 , 5.22265 , 0
0.121466 , 5.22309 , 0
0.106449 , 5.22349 , 0
0.091431 , 5.22385 , 0
0.0764125 , 5.22416 , 0
0.0613933 , 5.22443 , 0
0.0463737 , 5.22466 , 0
0.0313537 , 5.22484 , 0
0.0163334 , 5.22498 , 0
0.00131296 , 5.22508 , 0
-0.0137075 , 5.22514 , 0
-0.0287278 , 5.22515 , 0
-0.0437479 , 5.22512 , 0
-0.0587676 , 5.22504 , 0
-0.0737868 , 5.22492 , 0
-0.0888054 , 5.22476 , 0
-0.103823 , 5.22456 , 0
-0.11884 , 5.22431 , 0
-0.133856 , 5.22402 , 0
-0.148871 , 5.22369 , 0
-0.163885 , 5.22331 , 0
-0.178897 , 5.22289 , 0
-0.193908 , 5.22243 , 0
-0.208918 , 5.22192 , 0
-0.223925 , 5.22137 , 0
-0.238931 , 5.22078 , 0
-0.253935 , 5.22014 , 0
-0.268936 , 5.21946 , 0
-0.283936 , 5.21874 , 0
-0.298933 , 5.21798 , 0
-0.313927 , 5.21717 , 0
-0.328919 , 5.21632 , 0
-0.343909 , 5.21542 , 0
-0.358895 , 5.21448 , 0
-0.373879 , 5.2135 , 0
-0.388859 , 5.21248 , 0
-0.403836 , 5.21141 , 0
-0.41881 , 5.2103 , 0
-0.43378 , 5.20915 , 0
-0.448747 , 5.20796 , 0
-0.46371 , 5.20672 , 0
-0.47867 , 5.20544 , 0
-0.493625 , 5.20411 , 0
-0.508576 , 5.20274 , 0
-0.523523 , 5.20133 , 0
-0.538466 , 5.19988 , 0
-0.553404 , 5.19839 , 0
-0.568338 , 5.19685 , 0
-0.583267 , 5.19526 , 0
-0.598192 , 5.19364 , 0
-0.613111 , 5.19197 , 0
-0.628025 , 5.19026 , 0
-0.642934 , 5.18851 , 0
-0.657838 , 5.18671 , 0
-0.672736 , 5.18487 , 0
-0.687629 , 5.18299 , 0
-0.702516 , 5.18107 , 0
-0.717397 , 5.1791 , 0
-0.732273 , 5.17709 , 0
-0.747142 , 5.17504 , 0
-0.762005 , 5.17294 , 0
-0.776862 , 5.1708 , 0
-0.791713 , 5.16862 , 0
-0.806557 , 5.1664 , 0
-0.821394 , 5.16414 , 0
-0.836225 , 5.16183 , 0
-0.851048 , 5.15948 , 0
-0.865865 , 5.15708 , 0
-0.880675 , 5.15465 , 0
-0.895477 , 5.15217 , 0
-0.910272 , 5.14965 , 0
-0.925059 , 5.14708 , 0
-0.939839 , 5.14448 , 0
-0.954611 , 5.14183 , 0
-0.969375 , 5.13914 , 0
-0.984131 , 5.13641 , 0
-0.998879 , 5.13363 , 0
-1.01362 , 5.13081 , 0
-1.02835 , 5.12796 , 0
-1.04307 , 5.12505 , 0
-1.05779 , 5.12211 , 0
-1.07249 , 5.11912 , 0
-1.08719 , 5.11609 , 0
-1.10188 , 5.11302 , 0
-1.11656 , 5.10991 , 0
-1.13123 , 5.10675 , 0
-1.14589 , 5.10356 , 0
-1.16054 , 5.10032 , 0
-1.17518 , 5.09704 , 0
-1.18981 , 5.09371 , 0
-1.20443 , 5.09035 , 0
-1.21904 , 5.08694 , 0
-1.23365 , 5.08349 , 0
-1.24824 , 5.08 , 0
-1.26282 , 5.07647 , 0
-1.27739 , 5.0729 , 0
-1.29195 , 5.06928 , 0
-1.3065 , 5.06562 , 0
-1.32104 , 5.06192 , 0
-1.33557 , 5.05818 , 0
-1.35008 , 5.0544 , 0
-1.36459 , 5.05057 , 0
-1.37909 , 5.04671 , 0
-1.39357 , 5.0428 , 0
-1.40804 , 5.03885 , 0
-1.4225 , 5.03486 , 0
-1.43695 , 5.03083 , 0
-1.45139 , 5.02675 , 0
-1.46581 , 5.02264 , 0
-1.48023 , 5.01848 , 0
-1.49463 , 5.01429 , 0
-1.50901 , 5.01005 , 0
-1.52339 , 5.00577 , 0
-1.53775 , 5.00145 , 0
-1.5521 , 4.99708 , 0
-1.56644 , 4.99268 , 0
-1.58077 , 4.98823 , 0
-1.59508 , 4.98375 , 0
-1.60938 , 4.97922 , 0
-1.62366 , 4.97465 , 0
-1.63794 , 4.97005 , 0
-1.6522 , 4.9654 , 0
-1.66644 , 4.96071 , 0
-1.68067 , 4.95598 , 0
-1.69489 , 4.9512 , 0
-1.7091 , 4.94639 , 0
-1.72328 , 4.94154 , 0
-1.73746 , 4.93664 , 0
-1.75162 , 4.93171 , 0
-1.76577 , 4.92673 , 0
-1.7799 , 4.92172 , 0
-1.79402 , 4.91666 , 0
-1.80812 , 4.91157 , 0
-1.82221 , 4.90643 , 0
-1.83628 , 4.90125 , 0
-1.85034 , 4.89604 , 0
-1.86438 , 4.89078 , 0
-1.87841 , 4.88548 , 0
-1.89242 , 4.88014 , 0
-1.90642 , 4.87476 , 0
-1.9204 , 4.86935 , 0
-1.93437 , 4.86389 , 0
-1.94832 , 4.85839 , 0
-1.96225 , 4.85285 , 0
-1.97617 , 4.84727 , 0
-1.99007 , 4.84165 , 0
-2.00395 , 4.836 , 0
-2.01782 , 4.8303 , 0
-2.03167 , 4.82456 , 0
-2.04551 , 4.81879 , 0
-2.05932 , 4.81297 , 0
-2.07312 , 4.80711 , 0
-2.08691 , 4.80122 , 0
-2.10068 , 4.79528 , 0
-2.11442 , 4.78931 , 0
-2.12816 , 4.78329 , 0
-2.14187 , 4.77724 , 0
-2.15557 , 4.77115 , 0
-2.16925 , 4.76502 , 0
-2.18291 , 4.75885 , 0
-2.19655 , 4.75264 , 0
-2.21018 , 4.74639 , 0
-2.22379 , 4.7401 , 0
-2.23738 , 4.73378 , 0
-2.25095 , 4.72741 , 0
-2.2645 , 4.72101 , 0
-2.27803 , 4.71456 , 0
-2.29155 , 4.70808 , 0
-2.30504 , 4.70156 , 0
-2.31852 , 4.695 , 0
-2.33198 , 4.6884 , 0
-2.34542 , 4.68177 , 0
-2.35884 , 4.67509 , 0
-2.37224 , 4.66838 , 0
-2.38562 , 4.66163 , 0
-2.39898 , 4.65484 , 0
-2.41232 , 4.64801 , 0
-2.42564 , 4.64115 , 0
-2.43895 , 4.63424 , 0
-2.45223 , 4.6273 , 0
-2.46549 , 4.62032 , 0
-2.47873 , 4.6133 , 0
-2.49195 , 4.60625 , 0
-2.50515 , 4.59915 , 0
-2.51833 , 4.59202 , 0
-2.53149 , 4.58485 , 0
-2.54463 , 4.57765 , 0
-2.55775 , 4.5704 , 0
-2.57085 , 4.56312 , 0
-2.58392 , 4.5558 , 0
-2.59698 , 4.54844 , 0
-2.61001 , 4.54105 , 0
-2.62302 , 4.53362 , 0
-2.63601 , 4.52615 , 0
-2.64898 , 4.51865 , 0
-2.66193 , 4.5111 , 0
-2.67486 , 4.50352 , 0
-2.68776 , 4.49591 , 0
-2.70064 , 4.48825 , 0
-2.7135 , 4.48056 , 0
-2.72634 , 4.47284 , 0
-2.73915 , 4.46507 , 0
-2.75194 , 4.45727 , 0
-2.76471 , 4.44944 , 0
-2.77746 , 4.44156 , 0
-2.79018 , 4.43365 , 0
-2.80288 , 4.42571 , 0
-2.81556 , 4.41773 , 0
-2.82822 , 4.40971 , 0
-2.84085 , 4.40165 , 0
-2.85346 , 4.39356 , 0
-2.86604 , 4.38544 , 0
-2.8786 , 4.37727 , 0
-2.89114 , 4.36907 , 0
-2.90366 , 4.36084 , 0
-2.91615 , 4.35257 , 0
-2.92861 , 4.34426 , 0
-2.94106 , 4.33592 , 0
-2.95348 , 4.32755 , 0
-2.96587 , 4.31913 , 0
-2.97824 , 4.31069 , 0
-2.99059 , 4.3022 , 0
-3.00291 , 4.29368 , 0
-3.0152 , 4.28513 , 0
-3.02747 , 4.27654 , 0
-3.03972 , 4.26792 , 0
-3.05194 , 4.25926 , 0
-3.06414 , 4.25057 , 0
-3.07631 , 4.24184 , 0
-3.08846 , 4.23307 , 0
-3.10058 , 4.22428 , 0
-3.11268 , 4.21544 , 0
-3.12475 , 4.20658 , 0
-3.13679 , 4.19767 , 0
-3.14881 , 4.18874 , 0
-3.16081 , 4.17977 , 0
-3.17277 , 4.17076 , 0
-3.18471 , 4.16173 , 0
-3.19663 , 4.15265 , 0
-3.20852 , 4.14355 , 0
-3.22038 , 4.13441 , 0
-3.23222 , 4.12523 , 0
-3.24403 , 4.11602 , 0
-3.25581 , 4.10678 , 0
-3.26757 , 4.0975 , 0
-3.2793 , 4.0882 , 0
-3.291 , 4.07885 , 0
-3.30268 , 4.06948 , 0
-3.31433 , 4.06007 , 0
-3.32595 , 4.05062 , 0
-3.33755 , 4.04115 , 0
-3.34911 , 4.03164 , 0
-3.36065 , 4.0221 , 0
-3.37217 , 4.01252 , 0
-3.38365 , 4.00291 , 0
-3.39511 , 3.99327 , 0
-3.40654 , 3.9836 , 0
-3.41794 , 3.9739 , 0
-3.42931 , 3.96416 , 0
-3.44066 , 3.95439 , 0
-3.45198 , 3.94458 , 0
-3.46327 , 3.93475 , 0
-3.47453 , 3.92488 , 0
-3.48576 , 3.91498 , 0
-3.49696 , 3.90505 , 0
-3.50814 , 3.89508 , 0
-3.51929 , 3.88509 , 0
-3.5304 , 3.87506 , 0
-3.54149 , 3.865 , 0
-3.55255 , 3.85491 , 0
-3.56358 , 3.84479 , 0
-3.57458 , 3.83464 , 0
-3.58556 , 3.82445 , 0
-3.5965 , 3.81423 , 0
-3.60741 , 3.80399 , 0
-3.6183 , 3.79371 , 0
-3.62915 , 3.7834 , 0
-3.63998 , 3.77306 , 0
-3.65077 , 3.76268 , 0
-3.66154 , 3.75228 , 0
-3.67227 , 3.74185 , 0
-3.68298 , 3.73139 , 0
-3.69365 , 3.72089 , 0
-3.7043 , 3.71037 , 0
-3.71491 , 3.69981 , 0
-3.7255 , 3.68923 , 0
-3.73605 , 3.67861 , 0
-3.74657 , 3.66797 , 0
-3.75707 , 3.65729 , 0
-3.76753 , 3.64658 , 0
-3.77796 , 3.63585 , 0
-3.78836 , 3.62508 , 0
-3.79873 , 3.61429 , 0
-3.80907 , 3.60346 , 0
-3.81937 , 3.59261 , 0
-3.82965 , 3.58173 , 0
-3.83989 , 3.57082 , 0
-3.85011 , 3.55987 , 0
-3.86029 , 3.5489 , 0
-3.87044 , 3.5379 , 0
-3.88056 , 3.52688 , 0
-3.89064 , 3.51582 , 0
-3.9007 , 3.50473 , 0
-3.91072 , 3.49362 , 0
-3.92071 , 3.48247 , 0
-3.93067 , 3.4713 , 0
-3.9406 , 3.4601 , 0
-3.95049 , 3.44887 , 0
-3.96035 , 3.43762 , 0
-3.97018 , 3.42633 , 0
-3.97998 , 3.41502 , 0
-3.98975 , 3.40368 , 0
-3.99948 , 3.39231 , 0
-4.00918 , 3.38091 , 0
-4.01884 , 3.36949 , 0
-4.02848 , 3.35804 , 0
-4.03808 , 3.34656 , 0
-4.04765 , 3.33505 , 0
-4.05718 , 3.32352 , 0
-4.06668 , 3.31196 , 0
-4.07615 , 3.30037 , 0
-4.08559 , 3.28876 , 0
-4.09499 , 3.27711 , 0
-4.10436 , 3.26545 , 0
-4.11369 , 3.25375 , 0
-4.12299 , 3.24203 , 0
-4.13226 , 3.23028 , 0
-4.1415 , 3.21851 , 0
-4.1507 , 3.20671 , 0
-4.15986 , 3.19488 , 0
-4.16899 , 3.18303 , 0
-4.17809 , 3.17115 , 0
-4.18716 , 3.15924 , 0
-4.19618 , 3.14731 , 0
-4.20518 , 3.13535 , 0
-4.21414 , 3.12337 , 0
-4.22307 , 3.11136 , 0
-4.23196 , 3.09933 , 0
-4.24082 , 3.08727 , 0
-4.24964 , 3.07519 , 0
-4.25843 , 3.06308 , 0
-4.26718 , 3.05095 , 0
-4.2759 , 3.03879 , 0
-4.28458 , 3.02661 , 0
-4.29323 , 3.0144 , 0
-4.30185 , 3.00216 , 0
-4.31043 , 2.98991 , 0
-4.31897 , 2.97763 , 0
-4.32748 , 2.96532 , 0
-4.33595 , 2.95299 , 0
-4.34439 , 2.94064 , 0
-4.35279 , 2.92826 , 0
-4.36116 , 2.91585 , 0
-4.36949 , 2.90343 , 0
-4.37778 , 2.89098 , 0
-4.38604 , 2.87851 , 0
-4.39426 , 2.86601 , 0
-4.40245 , 2.85349 , 0
-4.4106 , 2.84094 , 0
-4.41872 , 2.82838 , 0
-4.4268 , 2.81579 , 0
-4.43484 , 2.80318 , 0
-4.44285 , 2.79054 , 0
-4.45082 , 2.77788 , 0
-4.45875 , 2.7652 , 0
-4.46665 , 2.7525 , 0
-4.47451 , 2.73977 , 0
-4.48234 , 2.72702 , 0
-4.49013 , 2.71425 , 0
-4.49788 , 2.70146 , 0
-4.5056 , 2.68864 , 0
-4.51327 , 2.67581 , 0
-4.52092 , 2.66295 , 0
-4.52852 , 2.65007 , 0
-4.53609 , 2.63716 , 0
-4.54362 , 2.62424 , 0
-4.55111 , 2.6113 , 0
-4.55857 , 2.59833 , 0
-4.56599 , 2.58534 , 0
-4.57337 , 2.57233 , 0
-4.58072 , 2.5593 , 0
-4.58802 , 2.54625 , 0
-4.59529 , 2.53318 , 0
-4.60253 , 2.52009 , 0
-4.60972 , 2.50698 , 0
-4.61688 , 2.49384 , 0
-4.624 , 2.48069 , 0
-4.63108 , 2.46752 , 0
-4.63813 , 2.45432 , 0
-4.64513 , 2.44111 , 0
-4.6521 , 2.42788 , 0
-4.65903 , 2.41462 , 0
-4.66592 , 2.40135 , 0
-4.67278 , 2.38806 , 0
-4.67959 , 2.37474 , 0
-4.68637 , 2.36141 , 0
-4.69311 , 2.34806 , 0
-4.69981 , 2.33469 , 0
-4.70648 , 2.3213 , 0
-4.7131 , 2.30789 , 0
-4.71969 , 2.29447 , 0
-4.72624 , 2.28102 , 0
-4.73275 , 2.26756 , 0
-4.73922 , 2.25407 , 0
-4.74565 , 2.24057 , 0
-4.75204 , 2.22705 , 0
-4.7584 , 2.21352 , 0
-4.76471 , 2.19996 , 0
-4.77099 , 2.18639 , 0
-4.77723 , 2.1728 , 0
-4.78343 , 2.15919 , 0
-4.78959 , 2.14556 , 0
-4.79571 , 2.13192 , 0
-4.80179 , 2.11825 , 0
-4.80783 , 2.10458 , 0
-4.81384 , 2.09088 , 0
-4.8198 , 2.07717 , 0
-4.82573 , 2.06344 , 0
-4.83161 , 2.04969 , 0
-4.83746 , 2.03593 , 0
-4.84327 , 2.02215 , 0
-4.84903 , 2.00835 , 0
-4.85476 , 1.99454 , 0
-4.86045 , 1.98071 , 0
-4.8661 , 1.96686 , 0
-4.87171 , 1.953 , 0
-4.87728 , 1.93912 , 0
-4.88281 , 1.92523 , 0
-4.88829 , 1.91132 , 0
-4.89374 , 1.8974 , 0
-4.89915 , 1.88346 , 0
-4.90452 , 1.8695 , 0
-4.90985 , 1.85553 , 0
-4.91514 , 1.84155 , 0
-4.92039 , 1.82755 , 0
-4.9256 , 1.81353 , 0
-4.93077 , 1.7995 , 0
-4.9359 , 1.78545 , 0
-4.94099 , 1.7714 , 0
-4.94604 , 1.75732 , 0
-4.95105 , 1.74323 , 0
-4.95602 , 1.72913 , 0
-4.96095 , 1.71501 , 0
-4.96583 , 1.70088 , 0
-4.97068 , 1.68674 , 0
-4.97549 , 1.67258 , 0
-4.98025 , 1.65841 , 0
-4.98498 , 1.64422 , 0
-4.98966 , 1.63002 , 0
-4.99431 , 1.61581 , 0
-4.99891 , 1.60159 , 0
-5.00347 , 1.58735 , 0
-5.00799 , 1.5731 , 0
-5.01247 , 1.55883 , 0
-5.01691 , 1.54456 , 0
-5.02131 , 1.53027 , 0
-5.02567 , 1.51597 , 0
-5.02999 , 1.50165 , 0
-5.03427 , 1.48733 , 0
-5.0385 , 1.47299 , 0
-5.0427 , 1.45864 , 0
-5.04685 , 1.44427 , 0
-5.05096 , 1.4299 , 0
-5.05503 , 1.41551 , 0
-5.05906 , 1.40112 , 0
-5.06305 , 1.38671 , 0
-5.067 , 1.37229 , 0
-5.0709 , 1.35786 , 0
-5.07477 , 1.34341 , 0
-5.07859 , 1.32896 , 0
-5.08237 , 1.3145 , 0
-5.08611 , 1.30002 , 0
-5.08981 , 1.28554 , 0
-5.09347 , 1.27104 , 0
-5.09708 , 1.25653 , 0
-5.10066 , 1.24202 , 0
-5.10419 , 1.22749 , 0
-5.10768 , 1.21296 , 0
-5.11113 , 1.19841 , 0
-5.11454 , 1.18385 , 0
-5.11791 , 1.16929 , 0
-5.12123 , 1.15471 , 0
-5.12452 , 1.14013 , 0
-5.12776 , 1.12553 , 0
-5.13096 , 1.11093 , 0
-5.13411 , 1.09632 , 0
-5.13723 , 1.0817 , 0
-5.1403 , 1.06707 , 0
-5.14333 , 1.05243 , 0
-5.14633 , 1.03778 , 0
-5.14927 , 1.02312 , 0
-5.15218 , 1.00846 , 0
-5.15504 , 0.993787 , 0
-5.15787 , 0.979107 , 0
-5.16065 , 0.964418 , 0
-5.16338 , 0.949722 , 0
-5.16608 , 0.935018 , 0
-5.16873 , 0.920306 , 0
-5.17135 , 0.905587 , 0
-5.17392 , 0.890861 , 0
-5.17644 , 0.876127 , 0
-5.17893 , 0.861386 , 0
-5.18137 , 0.846638 , 0
-5.18377 , 0.831883 , 0
-5.18613 , 0.817122 , 0
-5.18845 , 0.802353 , 0
-5.19072 , 0.787579 , 0
-5.19296 , 0.772797 , 0
-5.19515 , 0.75801 , 0
-5.19729 , 0.743216 , 0
-5.1994 , 0.728417 , 0
-5.20146 , 0.713611 , 0
-5.20348 , 0.698799 , 0
-5.20546 , 0.683982 , 0
-5.2074 , 0.66916 , 0
-5.20929 , 0.654331 , 0
-5.21114 , 0.639498 , 0
-5.21295 , 0.624659 , 0
-5.21471 , 0.609815 , 0
-5.21644 , 0.594967 , 0
-5.21812 , 0.580113 , 0
-5.21976 , 0.565255 , 0
-5.22135 , 0.550392 , 0
-5.22291 , 0.535524 , 0
-5.22442 , 0.520652 , 0
-5.22588 , 0.505776 , 0
-5.22731 , 0.490896 , 0
-5.22869 , 0.476012 , 0
-5.23003 , 0.461124 , 0
-5.23133 , 0.446232 , 0
-5.23259 , 0.431337 , 0
-5.2338 , 0.416438 , 0
-5.23497 , 0.401536 , 0
-5.2361 , 0.38663 , 0
-5.23718 , 0.371721 , 0
-5.23822 , 0.356809 , 0
-5.23922 , 0.341895 , 0
-5.24018 , 0.326977 , 0
-5.24109 , 0.312057 , 0
-5.24197 , 0.297134 , 0
-5.24279 , 0.282209 , 0
-5.24358 , 0.267282 , 0
-5.24432 , 0.252352 , 0
-5.24502 , 0.237421 , 0
-5.24568 , 0.222487 , 0
-5.2463 , 0.207552 , 0
-5.24687 , 0.192615 , 0
-5.2474 , 0.177676 , 0
-5.24789 , 0.162736 , 0
-5.24833 , 0.147795 , 0
-5.24873 , 0.132852 , 0
-5.24909 , 0.117908 , 0
-5.24941 , 0.102964 , 0
-5.24968 , 0.0880183 , 0
-5.24991 , 0.0730721 , 0
-5.2501 , 0.0581253 , 0
-5.25024 , 0.043178 , 0
-5.25034 , 0.0282304 , 0
-5.2504 , 0.0132825 , 0
-5.25042 , -0.00166545 , 0
-5.25039 , -0.0166134 , 0
-5.25033 , -0.0315612 , 0
-5.25021 , -0.0465088 , 0
-5.25006 , -0.0614559 , 0
-5.24986 , -0.0764026 , 0
-5.24962 , -0.0913487 , 0
-5.24934 , -0.106294 , 0
-5.24901 , -0.121238 , 0
-5.24865 , -0.136182 , 0
-5.24824 , -0.151124 , 0
-5.24778 , -0.166065 , 0
-5.24728 , -0.181005 , 0
-5.24675 , -0.195943 , 0
-5.24616 , -0.21088 , 0
-5.24554 , -0.225815 , 0
-5.24487 , -0.240748 , 0
-5.24416 , -0.255679 , 0
-5.24341 , -0.270608 , 0
-5.24261 , -0.285535 , 0
-5.24178 , -0.30046 , 0
-5.24089 , -0.315382 , 0
-5.23997 , -0.330302 , 0
-5.239 , -0.345218 , 0
-5.238 , -0.360132 , 0
-5.23694 , -0.375044 , 0
-5.23585 , -0.389952 , 0
-5.23471 , -0.404857 , 0
-5.23353 , -0.419758 , 0
-5.23231 , -0.434656 , 0
-5.23105 , -0.449551 , 0
-5.22974 , -0.464442 , 0
-5.22839 , -0.479329 , 0
-5.227 , -0.494212 , 0
-5.22556 , -0.509092 , 0
-5.22408 , -0.523967 , 0
-5.22256 , -0.538837 , 0
-5.221 , -0.553704 , 0
-5.21939 , -0.568566 , 0
-5.21775 , -0.583423 , 0
-5.21606 , -0.598276 , 0
-5.21432 , -0.613123 , 0
-5.21255 , -0.627966 , 0
-5.21073 , -0.642804 , 0
-5.20887 , -0.657636 , 0
-5.20697 , -0.672463 , 0
-5.20502 , -0.687284 , 0
-5.20304 , -0.7021 , 0
-5.20101 , -0.716911 , 0
-5.19893 , -0.731715 , 0
-5.19682 , -0.746513 , 0
-5.19466 , -0.761306 , 0
-5.19246 , -0.776092 , 0
-5.19022 , -0.790871 , 0
-5.18794 , -0.805645 , 0
-5.18561 , -0.820412 , 0
-5.18324 , -0.835172 , 0
-5.18083 , -0.849925 , 0
-5.17838 , -0.864671 , 0
-5.17588 , -0.879411 , 0
-5.17335 , -0.894143 , 0
-5.17077 , -0.908868 , 0
-5.16815 , -0.923585 , 0
-5.16548 , -0.938295 , 0
-5.16278 , -0.952997 , 0
-5.16003 , -0.967692 , 0
-5.15724 , -0.982378 , 0
-5.15441 , -0.997057 , 0
-5.15154 , -1.01173 , 0
-5.14862 , -1.02639 , 0
-5.14566 , -1.04104 , 0
-5.14266 , -1.05569 , 0
-5.13962 , -1.07033 , 0
-5.13654 , -1.08495 , 0
-5.13341 , -1.09957 , 0
-5.13025 , -1.11418 , 0
-5.12704 , -1.12879 , 0
-5.12379 , -1.14338 , 0
-5.12049 , -1.15796 , 0
-5.11716 , -1.17253 , 0
-5.11379 , -1.1871 , 0
-5.11037 , -1.20165 , 0
-5.10691 , -1.2162 , 0
-5.10341 , -1.23073 , 0
-5.09987 , -1.24525 , 0
-5.09628 , -1.25977 , 0
-5.09266 , -1.27427 , 0
-5.08899 , -1.28877 , 0
-5.08528 , -1.30325 , 0
-5.08153 , -1.31772 , 0
-5.07774 , -1.33218 , 0
-5.07391 , -1.34663 , 0
-5.07004 , -1.36107 , 0
-5.06612 , -1.3755 , 0
-5.06216 , -1.38992 , 0
-5.05817 , -1.40433 , 0
-5.05413 , -1.41872 , 0
-5.05005 , -1.4331 , 0
-5.04593 , -1.44748 , 0
-5.04176 , -1.46184 , 0
-5.03756 , -1.47618 , 0
-5.03332 , -1.49052 , 0
-5.02903 , -1.50484 , 0
-5.0247 , -1.51915 , 0
-5.02034 , -1.53345 , 0
-5.01593 , -1.54774 , 0
-5.01148 , -1.56201 , 0
-5.00699 , -1.57627 , 0
-5.00246 , -1.59052 , 0
-4.99789 , -1.60476 , 0
-4.99328 , -1.61898 , 0
-4.98862 , -1.63319 , 0
-4.98393 , -1.64739 , 0
-4.97919 , -1.66157 , 0
-4.97442 , -1.67574 , 0
-4.9696 , -1.68989 , 0
-4.96475 , -1.70403 , 0
-4.95985 , -1.71816 , 0
-4.95491 , -1.73227 , 0
-4.94994 , -1.74637 , 0
-4.94492 , -1.76046 , 0
-4.93986 , -1.77453 , 0
-4.93476 , -1.78859 , 0
-4.92963 , -1.80263 , 0
-4.92445 , -1.81665 , 0
-4.91923 , -1.83067 , 0
-4.91397 , -1.84466 , 0
-4.90867 , -1.85865 , 0
-4.90333 , -1.87261 , 0
-4.89795 , -1.88657 , 0
-4.89253 , -1.9005 , 0
-4.88707 , -1.91442 , 0
-4.88158 , -1.92833 , 0
-4.87604 , -1.94222 , 0
-4.87046 , -1.95609 , 0
-4.86484 , -1.96995 , 0
-4.85918 , -1.98379 , 0
-4.85349 , -1.99762 , 0
-4.84775 , -2.01143 , 0
-4.84197 , -2.02522 , 0
-4.83616 , -2.039 , 0
-4.8303 , -2.05276 , 0
-4.82441 , -2.0665 , 0
-4.81848 , -2.08022 , 0
-4.8125 , -2.09393 , 0
-4.80649 , -2.10763 , 0
-4.80044 , -2.1213 , 0
-4.79435 , -2.13496 , 0
-4.78822 , -2.1486 , 0
-4.78205 , -2.16222 , 0
-4.77584 , -2.17583 , 0
-4.76959 , -2.18941 , 0
-4.76331 , -2.20298 , 0
-4.75698 , -2.21653 , 0
-4.75062 , -2.23007 , 0
-4.74422 , -2.24358 , 0
-4.73778 , -2.25708 , 0
-4.7313 , -2.27056 , 0
-4.72478 , -2.28402 , 0
-4.71822 , -2.29746 , 0
-4.71163 , -2.31088 , 0
-4.705 , -2.32429 , 0
-4.69832 , -2.33767 , 0
-4.69161 , -2.35104 , 0
-4.68487 , -2.36438 , 0
-4.67808 , -2.37771 , 0
-4.67125 , -2.39102 , 0
-4.66439 , -2.40431 , 0
-4.65749 , -2.41758 , 0
-4.65055 , -2.43083 , 0
-4.64357 , -2.44406 , 0
-4.63656 , -2.45726 , 0
-4.62951 , -2.47045 , 0
-4.62242 , -2.48362 , 0
-4.61529 , -2.49677 , 0
-4.60812 , -2.5099 , 0
-4.60092 , -2.52301 , 0
-4.59368 , -2.5361 , 0
-4.5864 , -2.54916 , 0
-4.57908 , -2.56221 , 0
-4.57173 , -2.57523 , 0
-4.56434 , -2.58824 , 0
-4.55691 , -2.60122 , 0
-4.54945 , -2.61418 , 0
-4.54195 , -2.62712 , 0
-4.53441 , -2.64004 , 0
-4.52683 , -2.65294 , 0
-4.51922 , -2.66581 , 0
-4.51157 , -2.67867 , 0
-4.50388 , -2.6915 , 0
-4.49616 , -2.70431 , 0
-4.4884 , -2.7171 , 0
-4.4806 , -2.72986 , 0
-4.47277 , -2.74261 , 0
-4.4649 , -2.75533 , 0
-4.45699 , -2.76803 , 0
-4.44905 , -2.7807 , 0
-4.44107 , -2.79336 , 0
-4.43305 , -2.80599 , 0
-4.425 , -2.8186 , 0
-4.41691 , -2.83118 , 0
-4.40879 , -2.84374 , 0
-4.40063 , -2.85628 , 0
-4.39243 , -2.8688 , 0
-4.3842 , -2.88129 , 0
-4.37594 , -2.89376 , 0
-4.36763 , -2.9062 , 0
-4.35929 , -2.91862 , 0
-4.35092 , -2.93102 , 0
-4.34251 , -2.94339 , 0
-4.33406 , -2.95574 , 0
-4.32558 , -2.96806 , 0
-4.31707 , -2.98036 , 0
-4.30852 , -2.99264 , 0
-4.29993 , -3.00489 , 0
-4.29131 , -3.01712 , 0
-4.28265 , -3.02932 , 0
-4.27396 , -3.0415 , 0
-4.26523 , -3.05365 , 0
-4.25647 , -3.06578 , 0
-4.24768 , -3.07788 , 0
-4.23885 , -3.08996 , 0
-4.22998 , -3.10202 , 0
-4.22108 , -3.11404 , 0
-4.21215 , -3.12604 , 0
-4.20318 , -3.13802 , 0
-4.19418 , -3.14997 , 0
-4.18514 , -3.1619 , 0
-4.17607 , -3.1738 , 0
-4.16696 , -3.18567 , 0
-4.15782 , -3.19752 , 0
-4.14865 , -3.20934 , 0
-4.13944 , -3.22113 , 0
-4.1302 , -3.2329 , 0
-4.12092 , -3.24464 , 0
-4.11162 , -3.25636 , 0
-4.10227 , -3.26805 , 0
-4.0929 , -3.27971 , 0
-4.08349 , -3.29135 , 0
-4.07404 , -3.30295 , 0
-4.06457 , -3.31454 , 0
-4.05506 , -3.32609 , 0
-4.04552 , -3.33762 , 0
-4.03594 , -3.34912 , 0
-4.02633 , -3.36059 , 0
-4.01669 , -3.37204 , 0
-4.00702 , -3.38345 , 0
-3.99731 , -3.39484 , 0
-3.98757 , -3.40621 , 0
-3.9778 , -3.41754 , 0
-3.968 , -3.42885 , 0
-3.95816 , -3.44013 , 0
-3.94829 , -3.45138 , 0
-3.93839 , -3.4626 , 0
-3.92845 , -3.47379 , 0
-3.91849 , -3.48496 , 0
-3.90849 , -3.4961 , 0
-3.89846 , -3.5072 , 0
-3.8884 , -3.51828 , 0
-3.8783 , -3.52934 , 0
-3.86818 , -3.54036 , 0
-3.85802 , -3.55135 , 0
-3.84783 , -3.56231 , 0
-3.83761 , -3.57325 , 0
-3.82736 , -3.58416 , 0
-3.81708 , -3.59503 , 0
-3.80677 , -3.60588 , 0
-3.79642 , -3.6167 , 0
-3.78604 , -3.62749 , 0
-3.77564 , -3.63824 , 0
-3.7652 , -3.64897 , 0
-3.75473 , -3.65967 , 0
-3.74423 , -3.67034 , 0
-3.7337 , -3.68098 , 0
-3.72314 , -3.69159 , 0
-3.71255 , -3.70217 , 0
-3.70193 , -3.71271 , 0
-3.69128 , -3.72323 , 0
-3.68059 , -3.73372 , 0
-3.66988 , -3.74418 , 0
-3.65914 , -3.7546 , 0
-3.64837 , -3.765 , 0
-3.63757 , -3.77536 , 0
-3.62674 , -3.7857 , 0
-3.61587 , -3.796 , 0
-3.60498 , -3.80627 , 0
-3.59406 , -3.81651 , 0
-3.58311 , -3.82672 , 0
-3.57214 , -3.8369 , 0
-3.56113 , -3.84705 , 0
-3.55009 , -3.85716 , 0
-3.53902 , -3.86725 , 0
-3.52793 , -3.8773 , 0
-3.5168 , -3.88732 , 0
-3.50565 , -3.89731 , 0
-3.49447 , -3.90726 , 0
-3.48326 , -3.91719 , 0
-3.47202 , -3.92708 , 0
-3.46075 , -3.93694 , 0
-3.44946 , -3.94677 , 0
-3.43813 , -3.95657 , 0
-3.42678 , -3.96633 , 0
-3.4154 , -3.97606 , 0
-3.40399 , -3.98576 , 0
-3.39256 , -3.99543 , 0
-3.38109 , -4.00506 , 0
-3.3696 , -4.01466 , 0
-3.35808 , -4.02423 , 0
-3.34654 , -4.03376 , 0
-3.33496 , -4.04326 , 0
-3.32336 , -4.05273 , 0
-3.31174 , -4.06217 , 0
-3.30008 , -4.07157 , 0
-3.2884 , -4.08094 , 0
-3.27669 , -4.09027 , 0
-3.26495 , -4.09957 , 0
-3.25319 , -4.10884 , 0
-3.2414 , -4.11808 , 0
-3.22958 , -4.12728 , 0
-3.21774 , -4.13644 , 0
-3.20587 , -4.14558 , 0
-3.19398 , -4.15468 , 0
-3.18206 , -4.16374 , 0
-3.17011 , -4.17277 , 0
-3.15813 , -4.18177 , 0
-3.14614 , -4.19073 , 0
-3.13411 , -4.19966 , 0
-3.12206 , -4.20856 , 0
-3.10998 , -4.21741 , 0
-3.09788 , -4.22624 , 0
-3.08575 , -4.23503 , 0
-3.0736 , -4.24379 , 0
-3.06142 , -4.25251 , 0
-3.04922 , -4.26119 , 0
-3.03699 , -4.26984 , 0
-3.02474 , -4.27846 , 0
-3.01246 , -4.28704 , 0
-3.00016 , -4.29559 , 0
-2.98784 , -4.3041 , 0
-2.97549 , -4.31257 , 0
-2.96311 , -4.32101 , 0
-2.95071 , -4.32942 , 0
-2.93829 , -4.33778 , 0
-2.92584 , -4.34612 , 0
-2.91337 , -4.35442 , 0
-2.90087 , -4.36268 , 0
-2.88835 , -4.3709 , 0
-2.87581 , -4.3791 , 0
-2.86324 , -4.38725 , 0
-2.85065 , -4.39537 , 0
-2.83804 , -4.40345 , 0
-2.8254 , -4.4115 , 0
-2.81274 , -4.41951 , 0
-2.80006 , -4.42748 , 0
-2.78735 , -4.43542 , 0
-2.77462 , -4.44332 , 0
-2.76187 , -4.45119 , 0
-2.74909 , -4.45902 , 0
-2.7363 , -4.46681 , 0
-2.72348 , -4.47456 , 0
-2.71064 , -4.48228 , 0
-2.69777 , -4.48996 , 0
-2.68489 , -4.49761 , 0
-2.67198 , -4.50522 , 0
-2.65905 , -4.51279 , 0
-2.6461 , -4.52032 , 0
-2.63312 , -4.52782 , 0
-2.62013 , -4.53528 , 0
-2.60711 , -4.5427 , 0
-2.59407 , -4.55009 , 0
-2.58101 , -4.55744 , 0
-2.56793 , -4.56475 , 0
-2.55483 , -4.57202 , 0
-2.54171 , -4.57926 , 0
-2.52856 , -4.58645 , 0
-2.5154 , -4.59361 , 0
-2.50221 , -4.60074 , 0
-2.48901 , -4.60782 , 0
-2.47578 , -4.61487 , 0
-2.46254 , -4.62188 , 0
-2.44927 , -4.62885 , 0
-2.43598 , -4.63578 , 0
-2.42268 , -4.64268 , 0
-2.40935 , -4.64954 , 0
-2.39601 , -4.65636 , 0
-2.38264 , -4.66314 , 0
-2.36925 , -4.66988 , 0
-2.35585 , -4.67658 , 0
-2.34243 , -4.68325 , 0
-2.32898 , -4.68988 , 0
-2.31552 , -4.69647 , 0
-2.30204 , -4.70302 , 0
-2.28854 , -4.70953 , 0
-2.27502 , -4.716 , 0
-2.26148 , -4.72244 , 0
-2.24792 , -4.72883 , 0
-2.23435 , -4.73519 , 0
-2.22076 , -4.74151 , 0
-2.20714 , -4.74779 , 0
-2.19351 , -4.75403 , 0
-2.17987 , -4.76023 , 0
-2.1662 , -4.76639 , 0
-2.15252 , -4.77251 , 0
-2.13882 , -4.77859 , 0
-2.1251 , -4.78464 , 0
-2.11136 , -4.79064 , 0
-2.09761 , -4.79661 , 0
-2.08384 , -4.80253 , 0
-2.07005 , -4.80842 , 0
-2.05625 , -4.81427 , 0
-2.04242 , -4.82008 , 0
-2.02859 , -4.82584 , 0
-2.01473 , -4.83157 , 0
-2.00086 , -4.83726 , 0
-1.98697 , -4.84291 , 0
-1.97307 , -4.84852 , 0
-1.95915 , -4.85409 , 0
-1.94521 , -4.85962 , 0
-1.93126 , -4.86511 , 0
-1.91729 , -4.87056 , 0
-1.9033 , -4.87597 , 0
-1.8893 , -4.88133 , 0
-1.87529 , -4.88666 , 0
-1.86126 , -4.89195 , 0
-1.84721 , -4.8972 , 0
-1.83315 , -4.90241 , 0
-1.81907 , -4.90758 , 0
-1.80498 , -4.91271 , 0
-1.79087 , -4.91779 , 0
-1.77675 , -4.92284 , 0
-1.76262 , -4.92785 , 0
-1.74847 , -4.93281 , 0
-1.7343 , -4.93774 , 0
-1.72012 , -4.94262 , 0
-1.70593 , -4.94747 , 0
-1.69172 , -4.95227 , 0
-1.6775 , -4.95703 , 0
-1.66327 , -4.96176 , 0
-1.64902 , -4.96644 , 0
-1.63476 , -4.97108 , 0
-1.62048 , -4.97568 , 0
-1.60619 , -4.98023 , 0
-1.59189 , -4.98475 , 0
-1.57758 , -4.98923 , 0
-1.56325 , -4.99366 , 0
-1.54891 , -4.99806 , 0
-1.53455 , -5.00241 , 0
-1.52019 , -5.00672 , 0
-1.50581 , -5.01099 , 0
-1.49142 , -5.01522 , 0
-1.47701 , -5.01941 , 0
-1.4626 , -5.02356 , 0
-1.44817 , -5.02767 , 0
-1.43373 , -5.03173 , 0
-1.41928 , -5.03575 , 0
-1.40482 , -5.03973 , 0
-1.39034 , -5.04367 , 0
-1.37586 , -5.04757 , 0
-1.36136 , -5.05143 , 0
-1.34685 , -5.05524 , 0
-1.33233 , -5.05902 , 0
-1.3178 , -5.06275 , 0
-1.30326 , -5.06644 , 0
-1.28871 , -5.07009 , 0
-1.27414 , -5.0737 , 0
-1.25957 , -5.07726 , 0
-1.24499 , -5.08078 , 0
-1.23039 , -5.08427 , 0
-1.21579 , -5.08771 , 0
-1.20117 , -5.0911 , 0
-1.18655 , -5.09446 , 0
-1.17192 , -5.09777 , 0
-1.15727 , -5.10104 , 0
-1.14262 , -5.10427 , 0
-1.12796 , -5.10746 , 0
-1.11329 , -5.11061 , 0
-1.09861 , -5.11371 , 0
-1.08392 , -5.11677 , 0
-1.06922 , -5.11979 , 0
-1.05451 , -5.12277 , 0
-1.03979 , -5.1257 , 0
-1.02507 , -5.1286 , 0
-1.01034 , -5.13145 , 0
-0.995593 , -5.13425 , 0
-0.980844 , -5.13702 , 0
-0.966086 , -5.13974 , 0
-0.95132 , -5.14242 , 0
-0.936546 , -5.14506 , 0
-0.921765 , -5.14766 , 0
-0.906976 , -5.15021 , 0
-0.892179 , -5.15272 , 0
-0.877375 , -5.15519 , 0
-0.862564 , -5.15762 , 0
-0.847746 , -5.16 , 0
-0.832921 , -5.16235 , 0
-0.818088 , -5.16464 , 0
-0.80325 , -5.1669 , 0
-0.788404 , -5.16911 , 0
-0.773552 , -5.17128 , 0
-0.758694 , -5.17341 , 0
-0.743829 , -5.1755 , 0
-0.728959 , -5.17754 , 0
-0.714082 , -5.17954 , 0
-0.699199 , -5.1815 , 0
-0.684311 , -5.18341 , 0
-0.669417 , -5.18529 , 0
-0.654517 , -5.18712 , 0
-0.639612 , -5.1889 , 0
-0.624702 , -5.19065 , 0
-0.609787 , -5.19235 , 0
-0.594866 , -5.19401 , 0
-0.579941 , -5.19562 , 0
-0.565011 , -5.19719 , 0
-0.550076 , -5.19872 , 0
-0.535137 , -5.20021 , 0
-0.520193 , -5.20165 , 0
-0.505245 , -5.20305 , 0
-0.490293 , -5.20441 , 0
-0.475337 , -5.20573 , 0
-0.460376 , -5.207 , 0
-0.445412 , -5.20823 , 0
-0.430445 , -5.20941 , 0
-0.415474 , -5.21056 , 0
-0.400499 , -5.21166 , 0
-0.385521 , -5.21271 , 0
-0.37054 , -5.21373 , 0
-0.355556 , -5.2147 , 0
-0.340569 , -5.21562 , 0
-0.325579 , -5.21651 , 0
-0.310586 , -5.21735 , 0
-0.295591 , -5.21815 , 0
-0.280593 , -5.21891 , 0
-0.265593 , -5.21962 , 0
-0.250591 , -5.22029 , 0
-0.235587 , -5.22091 , 0
-0.220581 , -5.2215 , 0
-0.205573 , -5.22204 , 0
-0.190563 , -5.22253 , 0
-0.175552 , -5.22299 , 0
-0.16054 , -5.2234 , 0
-0.145526 , -5.22376 , 0
-0.13051 , -5.22409 , 0
-0.115494 , -5.22437 , 0
-0.100477 , -5.22461 , 0
-0.0854588 , -5.2248 , 0
-0.07044 , -5.22495 , 0
-0.0554206 , -5.22506 , 0
-0.0404008 , -5.22513 , 0
-0.0253807 , -5.22515 , 0
-0.0103603 , -5.22513 , 0
0.0046601 , -5.22506 , 0
0.0196805 , -5.22496 , 0
0.0347007 , -5.22481 , 0
0.0497207 , -5.22461 , 0
0.0647402 , -5.22438 , 0
0.0797592 , -5.2241 , 0
0.0947776 , -5.22377 , 0
0.109795 , -5.22341 , 0
0.124812 , -5.223 , 0
0.139827 , -5.22254 , 0
0.154842 , -5.22205 , 0
0.169855 , -5.22151 , 0
0.184867 , -5.22092 , 0
0.199877 , -5.2203 , 0
0.214886 , -5.21963 , 0
0.229893 , -5.21892 , 0
0.244897 , -5.21816 , 0
0.2599 , -5.21737 , 0
0.274901 , -5.21652 , 0
0.2899 , -5.21564 , 0
0.304896 , -5.21471 , 0
0.319889 , -5.21374 , 0
0.33488 , -5.21273 , 0
0.349868 , -5.21167 , 0
0.364854 , -5.21057 , 0
0.379836 , -5.20943 , 0
0.394815 , -5.20824 , 0
0.409791 , -5.20701 , 0
0.424763 , -5.20574 , 0
0.439732 , -5.20442 , 0
0.454697 , -5.20306 , 0
0.469659 , -5.20166 , 0
0.484616 , -5.20022 , 0
0.49957 , -5.19873 , 0
0.51452 , -5.1972 , 0
0.529465 , -5.19563 , 0
0.544406 , -5.19401 , 0
0.559342 , -5.19235 , 0
0.574274 , -5.19065 , 0
0.589201 , -5.1889 , 0
0.604123 , -5.18711 , 0
0.61904 , -5.18528 , 0
0.633952 , -5.18341 , 0
0.648858 , -5.18149 , 0
0.66376 , -5.17953 , 0
0.678656 , -5.17753 , 0
0.693546 , -5.17548 , 0
0.70843 , -5.17339 , 0
0.723309 , -5.17126 , 0
0.738182 , -5.16908 , 0
0.753048 , -5.16687 , 0
0.767908 , -5.16461 , 0
0.782762 , -5.1623 , 0
0.79761 , -5.15996 , 0
0.81245 , -5.15757 , 0
0.827285 , -5.15514 , 0
0.842112 , -5.15267 , 0
0.856932 , -5.15015 , 0
0.871745 , -5.14759 , 0
0.886551 , -5.14499 , 0
0.90135 , -5.14234 , 0
0.916141 , -5.13966 , 0
0.930925 , -5.13693 , 0
0.9457 , -5.13415 , 0
0.960468 , -5.13134 , 0
0.975228 , -5.12848 , 0
0.98998 , -5.12558 , 0
1.00472 , -5.12264 , 0
1.01946 , -5.11966 , 0
1.03419 , -5.11663 , 0
1.0489 , -5.11356 , 0
1.06361 , -5.11045 , 0
1.07832 , -5.10729 , 0
1.09301 , -5.1041 , 0
1.10769 , -5.10086 , 0
1.12236 , -5.09758 , 0
1.13703 , -5.09425 , 0
1.15168 , -5.09089 , 0
1.16633 , -5.08748 , 0
1.18096 , -5.08403 , 0
1.19559 , -5.08054 , 0
1.21021 , -5.077 , 0
1.22481 , -5.07343 , 0
1.23941 , -5.06981 , 0
1.25399 , -5.06615 , 0
1.26857 , -5.06245 , 0
1.28313 , -5.0587 , 0
1.29769 , -5.05492 , 0
1.31223 , -5.05109 , 0
1.32676 , -5.04722 , 0
1.34129 , -5.0433 , 0
1.3558 , -5.03935 , 0
1.37029 , -5.03535 , 0
1.38478 , -5.03132 , 0
1.39926 , -5.02724 , 0
1.41372 , -5.02312 , 0
1.42818 , -5.01895 , 0
1.44262 , -5.01475 , 0
1.45705 , -5.0105 , 0
1.47146 , -5.00622 , 0
1.48587 , -5.00189 , 0
1.50026 , -4.99752 , 0
1.51464 , -4.99311 , 0
1.52901 , -4.98865 , 0
1.54336 , -4.98416 , 0
1.5577 , -4.97962 , 0
1.57203 , -4.97504 , 0
1.58635 , -4.97043 , 0
1.60065 , -4.96577 , 0
1.61494 , -4.96106 , 0
1.62922 , -4.95632 , 0
1.64348 , -4.95154 , 0
1.65773 , -4.94671 , 0
1.67196 , -4.94185 , 0
1.68618 , -4.93694 , 0
1.70039 , -4.93199 , 0
1.71458 , -4.927 , 0
1.72876 , -4.92197 , 0
1.74293 , -4.9169 , 0
1.75708 , -4.91179 , 0
1.77121 , -4.90664 , 0
1.78533 , -4.90145 , 0
1.79944 , -4.89621 , 0
1.81353 , -4.89094 , 0
1.82761 , -4.88563 , 0
1.84167 , -4.88027 , 0
1.85571 , -4.87487 , 0
1.86974 , -4.86944 , 0
1.88376 , -4.86396 , 0
1.89776 , -4.85844 , 0
1.91174 , -4.85289 , 0
1.92571 , -4.84729 , 0
1.93966 , -4.84165 , 0
1.95359 , -4.83597 , 0
1.96751 , -4.83025 , 0
1.98141 , -4.82449 , 0
1.9953 , -4.81869 , 0
2.00917 , -4.81286 , 0
2.02302 , -4.80698 , 0
2.03686 , -4.80106 , 0
2.05068 , -4.7951 , 0
2.06448 , -4.7891 , 0
2.07826 , -4.78306 , 0
2.09203 , -4.77698 , 0
2.10578 , -4.77087 , 0
2.11952 , -4.76471 , 0
2.13323 , -4.75851 , 0
2.14693 , -4.75227 , 0
2.16061 , -4.746 , 0
2.17427 , -4.73968 , 0
2.18791 , -4.73333 , 0
2.20154 , -4.72693 , 0
2.21514 , -4.7205 , 0
2.22873 , -4.71403 , 0
2.2423 , -4.70751 , 0
2.25585 , -4.70096 , 0
2.26939 , -4.69437 , 0
2.2829 , -4.68774 , 0
2.29639 , -4.68108 , 0
2.30987 , -4.67437 , 0
2.32333 , -4.66762 , 0
2.33676 , -4.66084 , 0
2.35018 , -4.65401 , 0
2.36358 , -4.64715 , 0
2.37696 , -4.64025 , 0
2.39032 , -4.63331 , 0
2.40366 , -4.62633 , 0
2.41697 , -4.61931 , 0
2.43027 , -4.61226 , 0
2.44355 , -4.60517 , 0
2.45681 , -4.59803 , 0
2.47005 , -4.59086 , 0
2.48326 , -4.58365 , 0
2.49646 , -4.57641 , 0
2.50964 , -4.56912 , 0
2.52279 , -4.5618 , 0
2.53592 , -4.55444 , 0
2.54904 , -4.54704 , 0
2.56213 , -4.53961 , 0
2.5752 , -4.53213 , 0
2.58825 , -4.52462 , 0
2.60128 , -4.51707 , 0
2.61428 , -4.50948 , 0
2.62726 , -4.50186 , 0
2.64023 , -4.4942 , 0
2.65317 , -4.4865 , 0
2.66608 , -4.47876 , 0
2.67898 , -4.47099 , 0
2.69185 , -4.46317 , 0
2.7047 , -4.45533 , 0
2.71753 , -4.44744 , 0
2.73034 , -4.43952 , 0
2.74312 , -4.43156 , 0
2.75588 , -4.42356 , 0
2.76862 , -4.41553 , 0
2.78133 , -4.40746 , 0
2.79402 , -4.39935 , 0
2.80669 , -4.39121 , 0
2.81934 , -4.38303 , 0
2.83196 , -4.37481 , 0
2.84455 , -4.36656 , 0
2.85713 , -4.35827 , 0
2.86968 , -4.34994 , 0
2.8822 , -4.34158 , 0
2.89471 , -4.33318 , 0
2.90718 , -4.32475 , 0
2.91964 , -4.31628 , 0
2.93207 , -4.30777 , 0
2.94447 , -4.29923 , 0
2.95685 , -4.29065 , 0
2.96921 , -4.28204 , 0
2.98154 , -4.27339 , 0
2.99384 , -4.2647 , 0
3.00613 , -4.25598 , 0
3.01838 , -4.24723 , 0
3.03061 , -4.23844 , 0
3.04282 , -4.22961 , 0
3.055 , -4.22075 , 0
3.06715 , -4.21185 , 0
3.07928 , -4.20292 , 0
3.09139 , -4.19395 , 0
3.10346 , -4.18495 , 0
3.11552 , -4.17591 , 0
3.12754 , -4.16684 , 0
3.13954 , -4.15774 , 0
3.15152 , -4.14859 , 0
3.16346 , -4.13942 , 0
3.17538 , -4.13021 , 0
3.18728 , -4.12096 , 0
3.19915 , -4.11168 , 0
3.21099 , -4.10237 , 0
3.2228 , -4.09302 , 0
3.23459 , -4.08364 , 0
3.24635 , -4.07423 , 0
3.25809 , -4.06478 , 0
3.26979 , -4.05529 , 0
3.28147 , -4.04577 , 0
3.29312 , -4.03622 , 0
3.30475 , -4.02664 , 0
3.31635 , -4.01702 , 0
3.32791 , -4.00737 , 0
3.33946 , -3.99768 , 0
3.35097 , -3.98796 , 0
3.36246 , -3.97821 , 0
3.37391 , -3.96843 , 0
3.38534 , -3.95861 , 0
3.39674 , -3.94876 , 0
3.40812 , -3.93887 , 0
3.41946 , -3.92896 , 0
3.43078 , -3.91901 , 0
3.44206 , -3.90902 , 0
3.45332 , -3.89901 , 0
3.46455 , -3.88896 , 0
3.47575 , -3.87888 , 0
3.48693 , -3.86877 , 0
3.49807 , -3.85862 , 0
3.50918 , -3.84845 , 0
3.52027 , -3.83824 , 0
3.53132 , -3.828 , 0
3.54235 , -3.81772 , 0
3.55334 , -3.80742 , 0
3.56431 , -3.79708 , 0
3.57525 , -3.78671 , 0
3.58615 , -3.77631 , 0
3.59703 , -3.76588 , 0
3.60788 , -3.75542 , 0
3.61869 , -3.74493 , 0
3.62948 , -3.7344 , 0
3.64024 , -3.72384 , 0
3.65096 , -3.71326 , 0
3.66166 , -3.70264 , 0
3.67232 , -3.69199 , 0
3.68296 , -3.68131 , 0
3.69356 , -3.67059 , 0
3.70413 , -3.65985 , 0
3.71467 , -3.64908 , 0
3.72518 , -3.63828 , 0
3.73566 , -3.62744 , 0
3.74611 , -3.61658 , 0
3.75653 , -3.60569 , 0
3.76691 , -3.59476 , 0
3.77727 , -3.58381 , 0
3.78759 , -3.57283 , 0
3.79788 , -3.56181 , 0
3.80814 , -3.55077 , 0
3.81837 , -3.53969 , 0
3.82856 , -3.52859 , 0
3.83873 , -3.51746 , 0
3.84886 , -3.5063 , 0
3.85896 , -3.49511 , 0
3.86902 , -3.48389 , 0
3.87906 , -3.47264 , 0
3.88906 , -3.46136 , 0
3.89903 , -3.45005 , 0
3.90897 , -3.43872 , 0
3.91887 , -3.42735 , 0
3.92875 , -3.41596 , 0
3.93858 , -3.40454 , 0
3.94839 , -3.39309 , 0
3.95816 , -3.38161 , 0
3.9679 , -3.3701 , 0
3.97761 , -3.35857 , 0
3.98729 , -3.34701 , 0
3.99693 , -3.33541 , 0
4.00653 , -3.3238 , 0
4.01611 , -3.31215 , 0
4.02565 , -3.30047 , 0
4.03515 , -3.28877 , 0
4.04463 , -3.27704 , 0
4.05406 , -3.26529 , 0
4.06347 , -3.2535 , 0
4.07284 , -3.24169 , 0
4.08218 , -3.22985 , 0
4.09148 , -3.21799 , 0
4.10075 , -3.2061 , 0
4.10998 , -3.19418 , 0
4.11918 , -3.18223 , 0
4.12835 , -3.17026 , 0
4.13748 , -3.15826 , 0
4.14658 , -3.14623 , 0
4.15564 , -3.13418 , 0
4.16466 , -3.12211 , 0
4.17366 , -3.11 , 0
4.18261 , -3.09787 , 0
4.19154 , -3.08572 , 0
4.20042 , -3.07353 , 0
4.20928 , -3.06133 , 0
4.21809 , -3.04909 , 0
4.22688 , -3.03684 , 0
4.23562 , -3.02455 , 0
4.24433 , -3.01224 , 0
4.25301 , -2.99991 , 0
4.26165 , -2.98755 , 0
4.27025 , -2.97517 , 0
4.27882 , -2.96276 , 0
4.28735 , -2.95032 , 0
4.29585 , -2.93786 , 0
4.30431 , -2.92538 , 0
4.31274 , -2.91287 , 0
4.32113 , -2.90034 , 0
4.32948 , -2.88779 , 0
4.3378 , -2.87521 , 0
4.34608 , -2.8626 , 0
4.35432 , -2.84997 , 0
4.36253 , -2.83732 , 0
4.3707 , -2.82464 , 0
4.37883 , -2.81195 , 0
4.38693 , -2.79922 , 0
4.39499 , -2.78648 , 0
4.40302 , -2.77371 , 0
4.411 , -2.76091 , 0
4.41896 , -2.7481 , 0
4.42687 , -2.73526 , 0
4.43475 , -2.7224 , 0
4.44259 , -2.70951 , 0
4.45039 , -2.6966 , 0
4.45815 , -2.68367 , 0
4.46588 , -2.67072 , 0
4.47357 , -2.65775 , 0
4.48123 , -2.64475 , 0
4.48884 , -2.63173 , 0
4.49642 , -2.61869 , 0
4.50396 , -2.60563 , 0
4.51146 , -2.59254 , 0
4.51893 , -2.57943 , 0
4.52635 , -2.56631 , 0
4.53374 , -2.55316 , 0
4.54109 , -2.53999 , 0
4.54841 , -2.52679 , 0
4.55568 , -2.51358 , 0
4.56292 , -2.50035 , 0
4.57012 , -2.48709 , 0
4.57728 , -2.47381 , 0
4.5844 , -2.46052 , 0
4.59149 , -2.4472 , 0
4.59853 , -2.43386 , 0
4.60554 , -2.4205 , 0
4.61251 , -2.40713 , 0
4.61944 , -2.39373 , 0
4.62633 , -2.38031 , 0
4.63318 , -2.36687 , 0
4.64 , -2.35341 , 0
4.64677 , -2.33993 , 0
4.65351 , -2.32643 , 0
4.6602 , -2.31292 , 0
4.66686 , -2.29938 , 0
4.67348 , -2.28583 , 0
4.68006 , -2.27225 , 0
4.6866 , -2.25866 , 0
4.6931 , -2.24504 , 0
4.69957 , -2.23141 , 0
4.70599 , -2.21776 , 0
4.71237 , -2.20409 , 0
4.71872 , -2.1904 , 0
4.72502 , -2.1767 , 0
4.73129 , -2.16297 , 0
4.73751 , -2.14923 , 0
4.7437 , -2.13547 , 0
4.74984 , -2.12169 , 0
4.75595 , -2.1079 , 0
4.76202 , -2.09409 , 0
4.76804 , -2.08025 , 0
4.77403 , -2.06641 , 0
4.77997 , -2.05254 , 0
4.78588 , -2.03866 , 0
4.79175 , -2.02476 , 0
4.79757 , -2.01084 , 0
4.80336 , -1.99691 , 0
4.80911 , -1.98296 , 0
4.81481 , -1.96899 , 0
4.82048 , -1.95501 , 0
4.8261 , -1.94101 , 0
4.83169 , -1.92699 , 0
4.83723 , -1.91296 , 0
4.84273 , -1.89891 , 0
4.8482 , -1.88485 , 0
4.85362 , -1.87077 , 0
4.859 , -1.85667 , 0
4.86434 , -1.84256 , 0
4.86964 , -1.82843 , 0
4.8749 , -1.81429 , 0
4.88012 , -1.80013 , 0
4.8853 , -1.78596 , 0
4.89044 , -1.77177 , 0
4.89553 , -1.75757 , 0
4.90059 , -1.74335 , 0
4.9056 , -1.72912 , 0
4.91057 , -1.71488 , 0
4.9155 , -1.70062 , 0
4.92039 , -1.68634 , 0
4.92524 , -1.67205 , 0
4.93005 , -1.65775 , 0
4.93482 , -1.64343 , 0
4.93954 , -1.6291 , 0
4.94423 , -1.61476 , 0
4.94887 , -1.6004 , 0
4.95347 , -1.58603 , 0
4.95803 , -1.57165 , 0
4.96255 , -1.55725 , 0
4.96702 , -1.54284 , 0
4.97146 , -1.52842 , 0
4.97585 , -1.51398 , 0
4.9802 , -1.49953 , 0
4.98451 , -1.48507 , 0
4.98878 , -1.4706 , 0
4.99301 , -1.45611 , 0
4.99719 , -1.44161 , 0
5.00133 , -1.4271 , 0
5.00544 , -1.41258 , 0
5.00949 , -1.39805 , 0
5.01351 , -1.3835 , 0
5.01749 , -1.36894 , 0
5.02142 , -1.35437 , 0
5.02531 , -1.33979 , 0
5.02916 , -1.3252 , 0
5.03296 , -1.3106 , 0
5.03673 , -1.29598 , 0
5.04045 , -1.28136 , 0
5.04413 , -1.26672 , 0
5.04777 , -1.25208 , 0
5.05136 , -1.23742 , 0
5.05491 , -1.22276 , 0
5.05842 , -1.20808 , 0
5.06189 , -1.19339 , 0
5.06532 , -1.17869 , 0
5.0687 , -1.16399 , 0
5.07204 , -1.14927 , 0
5.07534 , -1.13454 , 0
5.07859 , -1.11981 , 0
5.08181 , -1.10506 , 0
5.08498 , -1.09031 , 0
5.08811 , -1.07555 , 0
5.09119 , -1.06077 , 0
5.09423 , -1.04599 , 0
5.09723 , -1.0312 , 0
5.10019 , -1.0164 , 0
5.1031 , -1.00159 , 0
5.10598 , -0.986778 , 0
5.1088 , -0.971954 , 0
5.11159 , -0.957122 , 0
5.11433 , -0.942282 , 0
5.11703 , -0.927433 , 0
5.11969 , -0.912577 , 0
5.1223 , -0.897714 , 0
5.12488 , -0.882843 , 0
5.1274 , -0.867964 , 0
5.12989 , -0.853078 , 0
5.13233 , -0.838185 , 0
5.13473 , -0.823285 , 0
5.13709 , -0.808378 , 0
5.1394 , -0.793465 , 0
5.14167 , -0.778544 , 0
5.1439 , -0.763617 , 0
5.14608 , -0.748684 , 0
5.14822 , -0.733745 , 0
5.15032 , -0.718799 , 0
5.15238 , -0.703847 , 0
5.15439 , -0.68889 , 0
5.15636 , -0.673926 , 0
5.15828 , -0.658957 , 0
5.16016 , -0.643982 , 0
5.162 , -0.629002 , 0
5.1638 , -0.614017 , 0
5.16555 , -0.599027 , 0
5.16726 , -0.584031 , 0
5.16892 , -0.569031 , 0
5.17054 , -0.554026 , 0
5.17212 , -0.539016 , 0
5.17366 , -0.524002 , 0
5.17515 , -0.508983 , 0
5.1766 , -0.493961 , 0
5.178 , -0.478933 , 0
5.17937 , -0.463902 , 0
5.18068 , -0.448867 , 0
5.18196 , -0.433829 , 0
5.18319 , -0.418786 , 0
5.18438 , -0.403741 , 0
5.18552 , -0.388691 , 0
5.18662 , -0.373639 , 0
5.18768 , -0.358583 , 0
5.1887 , -0.343524 , 0
5.18967 , -0.328463 , 0
5.19059 , -0.313399 , 0
5.19148 , -0.298332 , 0
5.19232 , -0.283262 , 0
5.19311 , -0.268191 , 0
5.19387 , -0.253117 , 0
5.19457 , -0.23804 , 0
5.19524 , -0.222962 , 0
5.19586 , -0.207882 , 0
5.19644 , -0.1928 , 0
5.19698 , -0.177717 , 0
5.19747 , -0.162632 , 0
5.19792 , -0.147546 , 0
5.19832 , -0.132459 , 0
5.19868 , -0.11737 , 0
5.199 , -0.10228 , 0
5.19927 , -0.08719 , 0
5.1995 , -0.0720988 , 0
5.19969 , -0.0570071 , 0
5.19983 , -0.0419148 , 0
5.19993 , -0.0268223 , 0
5.19999 , -0.0117295 , 0
5.2 , 0.00336346 , 0
5.19997 , 0.0184563 , 0
5.19989 , 0.0335491 , 0
5.19977 , 0.0486415 , 0
5.19961 , 0.0637335 , 0
5.19941 , 0.078825 , 0
5.19916 , 0.0939159 , 0
5.19886 , 0.109006 , 0
5.19853 , 0.124095 , 0
5.19815 , 0.139183 , 0
