x , y , z
1 , 0 , 0
0.999411 , 0.0343343 , 0
0.997638 , 0.068628 , 0
0.994684 , 0.10284 , 0
0.990553 , 0.136931 , 0
0.985248 , 0.170859 , 0
0.978776 , 0.204585 , 0
0.971145 , 0.238069 , 0
0.962364 , 0.27127 , 0
0.952443 , 0.30415 , 0
0.941393 , 0.33667 , 0
0.929228 , 0.368791 , 0
0.915962 , 0.400474 , 0
0.90161 , 0.431683 , 0
0.88619 , 0.462379 , 0
0.869718 , 0.492528 , 0
0.852216 , 0.522092 , 0
0.833702 , 0.551036 , 0
0.814199 , 0.579327 , 0
0.79373 , 0.60693 , 0
0.772319 , 0.633812 , 0
0.749991 , 0.659941 , 0
0.726772 , 0.685287 , 0
0.70269 , 0.709818 , 0
0.677773 , 0.733505 , 0
0.65205 , 0.75632 , 0
0.625552 , 0.778235 , 0
0.59831 , 0.799225 , 0
0.570356 , 0.819263 , 0
0.541723 , 0.838325 , 0
0.512445 , 0.856389 , 0
0.482557 , 0.873433 , 0
0.452094 , 0.889435 , 0
0.421092 , 0.904377 , 0
0.389587 , 0.918239 , 0
0.357618 , 0.931006 , 0
0.325223 , 0.942661 , 0
0.292439 , 0.95319 , 0
0.259305 , 0.96258 , 0
0.225862 , 0.970819 , 0
0.19215 , 0.977897 , 0
0.158207 , 0.983805 , 0
0.124075 , 0.988535 , 0
0.089795 , 0.992081 , 0
0.0554074 , 0.994438 , 0
0.0209536 , 0.995603 , 0
-0.0135251 , 0.995574 , 0
-0.0479874 , 0.99435 , 0
-0.0823918 , 0.991933 , 0
-0.116697 , 0.988323 , 0
-0.150862 , 0.983527 , 0
-0.184845 , 0.977547 , 0
-0.218606 , 0.970392 , 0
-0.252103 , 0.962069 , 0
-0.285297 , 0.952588 , 0
-0.318147 , 0.941959 , 0
-0.350613 , 0.930195 , 0
-0.382657 , 0.917309 , 0
-0.414238 , 0.903317 , 0
-0.44532 , 0.888235 , 0
-0.475863 , 0.87208 , 0
-0.505832 , 0.854872 , 0
-0.535189 , 0.83663 , 0
-0.563899 , 0.817377 , 0
-0.591926 , 0.797136 , 0
-0.619237 , 0.77593 , 0
-0.645798 , 0.753784 , 0
-0.671577 , 0.730725 , 0
-0.696542 , 0.706781 , 0
-0.720663 , 0.681981 , 0
-0.743909 , 0.656353 , 0
-0.766253 , 0.629929 , 0
-0.787667 , 0.602741 , 0
-0.808124 , 0.574821 , 0
-0.8276 , 0.546203 , 0
-0.846071 , 0.516921 , 0
-0.863513 , 0.487012 , 0
-0.879905 , 0.45651 , 0
-0.895227 , 0.425453 , 0
-0.90946 , 0.393879 , 0
-0.922586 , 0.361825 , 0
-0.93459 , 0.329331 , 0
-0.945455 , 0.296437 , 0
-0.95517 , 0.263181 , 0
-0.96372 , 0.229605 , 0
-0.971097 , 0.195749 , 0
-0.977291 , 0.161655 , 0
-0.982293 , 0.127364 , 0
-0.986098 , 0.0929174 , 0
-0.988701 , 0.0583577 , 0
-0.990098 , 0.0237269 , 0
-0.990288 , -0.0109327 , 0
-0.98927 , -0.045579 , 0
-0.987046 , -0.0801697 , 0
-0.983617 , -0.114663 , 0
-0.978989 , -0.149016 , 0
-0.973167 , -0.183187 , 0
-0.966157 , -0.217134 , 0
-0.957969 , -0.250817 , 0
-0.948612 , -0.284194 , 0
-0.938098 , -0.317224 , 0
-0.92644 , -0.349868 , 0
-0.913652 , -0.382084 , 0
-0.899749 , -0.413834 , 0
-0.884749 , -0.44508 , 0
-0.86867 , -0.475783 , 0
-0.851532 , -0.505906 , 0
-0.833356 , -0.535413 , 0
-0.814165 , -0.564266 , 0
-0.79398 , -0.592433 , 0
-0.772829 , -0.619877 , 0
-0.750736 , -0.646566 , 0
-0.727729 , -0.672468 , 0
-0.703835 , -0.697551 , 0
-0.679085 , -0.721784 , 0
-0.653508 , -0.74514 , 0
-0.627136 , -0.767589 , 0
-0.600001 , -0.789104 , 0
-0.572136 , -0.809659 , 0
-0.543576 , -0.829231 , 0
-0.514355 , -0.847794 , 0
-0.484509 , -0.865328 , 0
-0.454074 , -0.881811 , 0
-0.423089 , -0.897224 , 0
-0.39159 , -0.911547 , 0
-0.359615 , -0.924765 , 0
-0.327205 , -0.936862 , 0
-0.294398 , -0.947823 , 0
-0.261234 , -0.957635 , 0
-0.227753 , -0.966288 , 0
-0.193997 , -0.973771 , 0
-0.160005 , -0.980076 , 0
-0.12582 , -0.985195 , 0
-0.0914832 , -0.989123 , 0
-0.0570353 , -0.991856 , 0
-0.0225183 , -0.99339 , 0
0.0120259 , -0.993726 , 0
0.0465558 , -0.992861 , 0
0.0810297 , -0.9908 , 0
0.115406 , -0.987543 , 0
0.149644 , -0.983096 , 0
0.183701 , -0.977466 , 0
0.217537 , -0.970658 , 0
0.251112 , -0.962682 , 0
0.284385 , -0.953548 , 0
0.317316 , -0.943268 , 0
0.349866 , -0.931854 , 0
0.381996 , -0.91932 , 0
0.413667 , -0.905683 , 0
0.444843 , -0.890959 , 0
0.475484 , -0.875167 , 0
0.505557 , -0.858325 , 0
0.535023 , -0.840455 , 0
0.563849 , -0.821577 , 0
0.592 , -0.801717 , 0
0.619443 , -0.780896 , 0
0.646145 , -0.759142 , 0
0.672075 , -0.73648 , 0
0.697201 , -0.712937 , 0
0.721495 , -0.688543 , 0
0.744928 , -0.663326 , 0
0.767472 , -0.637318 , 0
0.789101 , -0.610549 , 0
0.809788 , -0.583052 , 0
0.829511 , -0.55486 , 0
0.848245 , -0.526006 , 0
0.865969 , -0.496526 , 0
0.882661 , -0.466454 , 0
0.898304 , -0.435827 , 0
0.912877 , -0.404681 , 0
0.926365 , -0.373053 , 0
0.938752 , -0.340982 , 0
0.950022 , -0.308505 , 0
0.960164 , -0.275661 , 0
0.969165 , -0.24249 , 0
0.977015 , -0.20903 , 0
0.983705 , -0.175322 , 0
0.989227 , -0.141406 , 0
0.993575 , -0.107321 , 0
0.996745 , -0.0731094 , 0
0.998732 , -0.0388106 , 0
0.999534 , -0.00446551 , 0
0.999151 , 0.029885 , 0
0.997584 , 0.0642003 , 0
0.994834 , 0.0984396 , 0
0.990904 , 0.132562 , 0
0.985801 , 0.166528 , 0
0.979529 , 0.200297 , 0
0.972096 , 0.233828 , 0
0.963512 , 0.267083 , 0
0.953786 , 0.300021 , 0
0.942931 , 0.332604 , 0
0.930958 , 0.364793 , 0
0.917883 , 0.39655 , 0
0.90372 , 0.427837 , 0
0.888486 , 0.458617 , 0
0.8722 , 0.488855 , 0
0.854881 , 0.518513 , 0
0.836549 , 0.547556 , 0
0.817226 , 0.575952 , 0
0.796935 , 0.603664 , 0
0.775699 , 0.630661 , 0
0.753544 , 0.656911 , 0
0.730496 , 0.682382 , 0
0.706582 , 0.707045 , 0
0.681831 , 0.730869 , 0
0.65627 , 0.753826 , 0
0.629932 , 0.775889 , 0
0.602846 , 0.797031 , 0
0.575045 , 0.817228 , 0
0.546562 , 0.836455 , 0
0.51743 , 0.854689 , 0
0.487684 , 0.871908 , 0
0.457359 , 0.888091 , 0
0.426491 , 0.903219 , 0
0.395116 , 0.917274 , 0
0.363272 , 0.930239 , 0
0.330995 , 0.942097 , 0
0.298326 , 0.952835 , 0
0.265301 , 0.962439 , 0
0.231961 , 0.970898 , 0
0.198345 , 0.9782 , 0
0.164493 , 0.984338 , 0
0.130445 , 0.989302 , 0
0.0962421 , 0.993088 , 0
0.0619245 , 0.995689 , 0
0.0275333 , 0.997102 , 0
-0.0068906 , 0.997326 , 0
-0.041306 , 0.996359 , 0
-0.0756719 , 0.994202 , 0
-0.109947 , 0.990858 , 0
-0.144091 , 0.986329 , 0
-0.178062 , 0.98062 , 0
-0.21182 , 0.973739 , 0
-0.245324 , 0.965692 , 0
-0.278534 , 0.956489 , 0
-0.31141 , 0.94614 , 0
-0.343913 , 0.934657 , 0
-0.376003 , 0.922053 , 0
-0.407642 , 0.908344 , 0
-0.438791 , 0.893544 , 0
-0.469414 , 0.877672 , 0
-0.499472 , 0.860746 , 0
-0.52893 , 0.842785 , 0
-0.557752 , 0.823811 , 0
-0.585903 , 0.803846 , 0
-0.613348 , 0.782914 , 0
-0.640055 , 0.76104 , 0
-0.665991 , 0.738248 , 0
-0.691124 , 0.714568 , 0
-0.715423 , 0.690026 , 0
-0.73886 , 0.664651 , 0
-0.761404 , 0.638475 , 0
-0.78303 , 0.611528 , 0
-0.803709 , 0.583843 , 0
-0.823417 , 0.555452 , 0
-0.84213 , 0.52639 , 0
-0.859825 , 0.496692 , 0
-0.876478 , 0.466392 , 0
-0.892072 , 0.435529 , 0
-0.906584 , 0.404138 , 0
-0.919999 , 0.372258 , 0
-0.932299 , 0.339926 , 0
-0.943468 , 0.307183 , 0
-0.953494 , 0.274068 , 0
-0.962363 , 0.24062 , 0
-0.970064 , 0.20688 , 0
-0.976587 , 0.17289 , 0
-0.981925 , 0.138689 , 0
-0.986069 , 0.10432 , 0
-0.989016 , 0.069825 , 0
-0.990761 , 0.0352447 , 0
-0.991301 , 0.00062174 , 0
-0.990636 , -0.0340019 , 0
-0.988765 , -0.0685841 , 0
-0.985692 , -0.103083 , 0
-0.981419 , -0.137456 , 0
-0.975952 , -0.171662 , 0
-0.969297 , -0.205658 , 0
-0.961462 , -0.239405 , 0
-0.952455 , -0.272859 , 0
-0.942289 , -0.305981 , 0
-0.930974 , -0.338731 , 0
-0.918526 , -0.371067 , 0
-0.904958 , -0.402952 , 0
-0.890288 , -0.434345 , 0
-0.874533 , -0.465209 , 0
-0.857712 , -0.495506 , 0
-0.839845 , -0.525199 , 0
-0.820955 , -0.554252 , 0
-0.801064 , -0.58263 , 0
-0.780197 , -0.610297 , 0
-0.758379 , -0.63722 , 0
-0.735637 , -0.663367 , 0
-0.711998 , -0.688705 , 0
-0.687491 , -0.713204 , 0
-0.662147 , -0.736833 , 0
-0.635996 , -0.759565 , 0
-0.60907 , -0.781371 , 0
-0.581401 , -0.802226 , 0
-0.553025 , -0.822103 , 0
-0.523975 , -0.84098 , 0
-0.494288 , -0.858832 , 0
-0.463998 , -0.875638 , 0
-0.433143 , -0.891379 , 0
-0.401762 , -0.906035 , 0
-0.369891 , -0.919588 , 0
-0.337571 , -0.932023 , 0
-0.30484 , -0.943324 , 0
-0.271738 , -0.953479 , 0
-0.238306 , -0.962474 , 0
-0.204584 , -0.9703 , 0
-0.170614 , -0.976948 , 0
-0.136436 , -0.982408 , 0
-0.102093 , -0.986677 , 0
-0.0676258 , -0.989747 , 0
-0.0330764 , -0.991617 , 0
0.00151315 , -0.992284 , 0
0.036101 , -0.991748 , 0
0.0706451 , -0.99001 , 0
0.105104 , -0.987073 , 0
0.139435 , -0.98294 , 0
0.173598 , -0.977617 , 0
0.207551 , -0.971111 , 0
0.241253 , -0.963431 , 0
0.274663 , -0.954585 , 0
0.307741 , -0.944586 , 0
0.340448 , -0.933445 , 0
0.372743 , -0.921178 , 0
0.404589 , -0.907798 , 0
0.435947 , -0.893323 , 0
0.466779 , -0.87777 , 0
0.497049 , -0.861159 , 0
0.526719 , -0.843511 , 0
0.555756 , -0.824846 , 0
0.584123 , -0.805188 , 0
0.611788 , -0.784561 , 0
0.638717 , -0.76299 , 0
0.664878 , -0.740502 , 0
0.69024 , -0.717124 , 0
0.714773 , -0.692884 , 0
0.738448 , -0.667813 , 0
0.761237 , -0.641939 , 0
0.783113 , -0.615296 , 0
0.80405 , -0.587914 , 0
0.824023 , -0.559827 , 0
0.843009 , -0.53107 , 0
0.860986 , -0.501677 , 0
0.877932 , -0.471682 , 0
0.893828 , -0.441124 , 0
0.908654 , -0.410037 , 0
0.922395 , -0.37846 , 0
0.935033 , -0.346431 , 0
0.946554 , -0.313987 , 0
0.956945 , -0.281168 , 0
0.966193 , -0.248014 , 0
0.974289 , -0.214563 , 0
0.981223 , -0.180856 , 0
0.986986 , -0.146933 , 0
0.991573 , -0.112835 , 0
0.994979 , -0.0786023 , 0
0.997199 , -0.0442756 , 0
0.998232 , -0.00989593 , 0
0.998076 , 0.0244957 , 0
0.996733 , 0.0588585 , 0
0.994203 , 0.0931514 , 0
0.990491 , 0.127334 , 0
0.985601 , 0.161365 , 0
0.979539 , 0.195205 , 0
0.972313 , 0.228812 , 0
0.963932 , 0.262148 , 0
0.954405 , 0.295173 , 0
0.943744 , 0.327848 , 0
0.931963 , 0.360133 , 0
0.919075 , 0.391991 , 0
0.905096 , 0.423383 , 0
0.890042 , 0.454274 , 0
0.873932 , 0.484625 , 0
0.856785 , 0.514402 , 0
0.838621 , 0.543568 , 0
0.819462 , 0.572089 , 0
0.799331 , 0.599932 , 0
0.778251 , 0.627063 , 0
0.756248 , 0.653451 , 0
0.733348 , 0.679064 , 0
0.709579 , 0.703871 , 0
0.684967 , 0.727844 , 0
0.659543 , 0.750953 , 0
0.633337 , 0.773172 , 0
0.606379 , 0.794474 , 0
0.578702 , 0.814833 , 0
0.550339 , 0.834226 , 0
0.521323 , 0.85263 , 0
0.491688 , 0.870022 , 0
0.46147 , 0.886381 , 0
0.430704 , 0.901689 , 0
0.399427 , 0.915927 , 0
0.367676 , 0.929078 , 0
0.335489 , 0.941126 , 0
0.302903 , 0.952057 , 0
0.269958 , 0.961857 , 0
0.236692 , 0.970515 , 0
0.203145 , 0.97802 , 0
0.169357 , 0.984363 , 0
0.135367 , 0.989536 , 0
0.101217 , 0.993533 , 0
0.0669466 , 0.996349 , 0
0.0325968 , 0.99798 , 0
-0.00179179 , 0.998424 , 0
-0.0361781 , 0.99768 , 0
-0.0705211 , 0.995748 , 0
-0.10478 , 0.992632 , 0
-0.138914 , 0.988333 , 0
-0.172882 , 0.982857 , 0
-0.206645 , 0.97621 , 0
-0.24016 , 0.968399 , 0
-0.27339 , 0.959434 , 0
-0.306292 , 0.949325 , 0
-0.33883 , 0.938083 , 0
-0.370962 , 0.925721 , 0
-0.402652 , 0.912254 , 0
-0.43386 , 0.897698 , 0
-0.46455 , 0.882069 , 0
-0.494685 , 0.865385 , 0
-0.524227 , 0.847667 , 0
-0.553142 , 0.828936 , 0
-0.581396 , 0.809212 , 0
-0.608953 , 0.78852 , 0
-0.63578 , 0.766883 , 0
-0.661846 , 0.744328 , 0
-0.687118 , 0.720881 , 0
-0.711566 , 0.69657 , 0
-0.73516 , 0.671423 , 0
-0.757872 , 0.64547 , 0
-0.779674 , 0.618743 , 0
-0.800539 , 0.591273 , 0
-0.820442 , 0.563093 , 0
-0.839359 , 0.534235 , 0
-0.857267 , 0.504736 , 0
-0.874143 , 0.47463 , 0
-0.889967 , 0.443952 , 0
-0.904719 , 0.41274 , 0
-0.918381 , 0.381032 , 0
-0.930937 , 0.348864 , 0
-0.94237 , 0.316276 , 0
-0.952667 , 0.283307 , 0
-0.961814 , 0.249996 , 0
-0.969801 , 0.216383 , 0
-0.976617 , 0.18251 , 0
-0.982253 , 0.148416 , 0
-0.986702 , 0.114143 , 0
-0.989958 , 0.0797325 , 0
-0.992018 , 0.0452256 , 0
-0.992878 , 0.0106641 , 0
-0.992536 , -0.02391 , 0
-0.990993 , -0.0584551 , 0
-0.98825 , -0.0929293 , 0
-0.98431 , -0.127291 , 0
-0.979177 , -0.161498 , 0
-0.972858 , -0.195509 , 0
-0.96536 , -0.229283 , 0
-0.956691 , -0.262779 , 0
-0.946861 , -0.295956 , 0
-0.935883 , -0.328774 , 0
-0.923769 , -0.361192 , 0
-0.910533 , -0.393172 , 0
-0.896192 , -0.424675 , 0
-0.880763 , -0.455662 , 0
-0.864264 , -0.486095 , 0
-0.846715 , -0.515937 , 0
-0.828137 , -0.545153 , 0
-0.808552 , -0.573705 , 0
-0.787985 , -0.601561 , 0
-0.766459 , -0.628684 , 0
-0.744002 , -0.655044 , 0
-0.72064 , -0.680606 , 0
-0.696401 , -0.705341 , 0
-0.671316 , -0.729217 , 0
-0.645414 , -0.752207 , 0
-0.618726 , -0.774281 , 0
-0.591286 , -0.795414 , 0
-0.563127 , -0.815578 , 0
-0.534282 , -0.83475 , 0
-0.504787 , -0.852906 , 0
-0.474678 , -0.870024 , 0
-0.443992 , -0.886084 , 0
-0.412765 , -0.901066 , 0
-0.381036 , -0.914951 , 0
-0.348844 , -0.927723 , 0
-0.316227 , -0.939366 , 0
-0.283225 , -0.949866 , 0
-0.249879 , -0.959211 , 0
-0.216229 , -0.967389 , 0
-0.182316 , -0.974391 , 0
-0.148181 , -0.980207 , 0
-0.113866 , -0.984832 , 0
-0.0794132 , -0.98826 , 0
-0.0448633 , -0.990486 , 0
-0.010259 , -0.991509 , 0
0.0243579 , -0.991327 , 0
0.0589451 , -0.98994 , 0
0.0934608 , -0.987351 , 0
0.127863 , -0.983563 , 0
0.16211 , -0.978582 , 0
0.19616 , -0.972412 , 0
0.229973 , -0.965062 , 0
0.263506 , -0.956541 , 0
0.29672 , -0.946861 , 0
0.329574 , -0.936032 , 0
0.362029 , -0.924069 , 0
0.394044 , -0.910985 , 0
0.425583 , -0.896798 , 0
0.456606 , -0.881525 , 0
0.487077 , -0.865185 , 0
0.516958 , -0.847798 , 0
0.546214 , -0.829385 , 0
0.574809 , -0.809968 , 0
0.602709 , -0.789573 , 0
0.629881 , -0.768223 , 0
0.656292 , -0.745944 , 0
0.681911 , -0.722765 , 0
0.706706 , -0.698713 , 0
0.730648 , -0.673818 , 0
0.753709 , -0.648109 , 0
0.775861 , -0.621619 , 0
0.797078 , -0.59438 , 0
0.817334 , -0.566424 , 0
0.836606 , -0.537786 , 0
0.85487 , -0.5085 , 0
0.872106 , -0.478602 , 0
0.888292 , -0.448128 , 0
0.90341 , -0.417115 , 0
0.917442 , -0.3856 , 0
0.930372 , -0.353621 , 0
0.942183 , -0.321218 , 0
0.952863 , -0.288429 , 0
0.9624 , -0.255293 , 0
0.970782 , -0.221851 , 0
0.977999 , -0.188142 , 0
0.984043 , -0.154208 , 0
0.988908 , -0.120089 , 0
0.992588 , -0.0858256 , 0
0.99508 , -0.0514593 , 0
0.99638 , -0.0170312 , 0
0.996487 , 0.0174175 , 0
0.995402 , 0.0518455 , 0
0.993126 , 0.0862117 , 0
0.989663 , 0.120475 , 0
0.985017 , 0.154595 , 0
0.979194 , 0.18853 , 0
0.972201 , 0.22224 , 0
0.964047 , 0.255685 , 0
0.954742 , 0.288824 , 0
0.944297 , 0.32162 , 0
0.932726 , 0.354031 , 0
0.920043 , 0.386021 , 0
0.906262 , 0.417551 , 0
0.8914 , 0.448583 , 0
0.875476 , 0.47908 , 0
0.858509 , 0.509007 , 0
0.840519 , 0.538328 , 0
0.821528 , 0.567008 , 0
0.801558 , 0.595013 , 0
0.780634 , 0.622309 , 0
0.758781 , 0.648865 , 0
0.736024 , 0.674649 , 0
0.712391 , 0.699631 , 0
0.687911 , 0.72378 , 0
0.662613 , 0.747069 , 0
0.636526 , 0.769469 , 0
0.609682 , 0.790954 , 0
0.582113 , 0.811499 , 0
0.553851 , 0.831079 , 0
0.524931 , 0.849671 , 0
0.495387 , 0.867253 , 0
0.465254 , 0.883805 , 0
0.434568 , 0.899306 , 0
0.403365 , 0.913738 , 0
0.371683 , 0.927085 , 0
0.339558 , 0.93933 , 0
0.307031 , 0.950459 , 0
0.274138 , 0.960458 , 0
0.240919 , 0.969316 , 0
0.207413 , 0.977022 , 0
0.173661 , 0.983566 , 0
0.139703 , 0.988942 , 0
0.105578 , 0.993142 , 0
0.0713282 , 0.996162 , 0
0.0369932 , 0.997998 , 0
0.00261412 , 0.998647 , 0
-0.0317681 , 0.998109 , 0
-0.0661126 , 0.996384 , 0
-0.100379 , 0.993475 , 0
-0.134525 , 0.989383 , 0
-0.168512 , 0.984115 , 0
-0.202298 , 0.977676 , 0
-0.235843 , 0.970074 , 0
-0.269107 , 0.961317 , 0
-0.302052 , 0.951416 , 0
-0.334636 , 0.940382 , 0
-0.366822 , 0.928228 , 0
-0.398571 , 0.914969 , 0
-0.429846 , 0.90062 , 0
-0.460608 , 0.885198 , 0
-0.49082 , 0.868722 , 0
-0.520448 , 0.851209 , 0
-0.549455 , 0.832682 , 0
-0.577807 , 0.813162 , 0
-0.605469 , 0.792671 , 0
-0.632409 , 0.771235 , 0
-0.658593 , 0.748879 , 0
-0.683991 , 0.725628 , 0
-0.708572 , 0.701511 , 0
-0.732307 , 0.676556 , 0
-0.755166 , 0.650793 , 0
-0.777123 , 0.624252 , 0
-0.79815 , 0.596965 , 0
-0.818222 , 0.568964 , 0
-0.837316 , 0.540282 , 0
-0.855407 , 0.510954 , 0
-0.872473 , 0.481015 , 0
-0.888495 , 0.450499 , 0
-0.903453 , 0.419444 , 0
-0.917327 , 0.387887 , 0
-0.930102 , 0.355864 , 0
-0.941761 , 0.323416 , 0
-0.952291 , 0.290579 , 0
-0.961678 , 0.257394 , 0
-0.96991 , 0.2239 , 0
-0.976977 , 0.190138 , 0
-0.982871 , 0.156147 , 0
-0.987584 , 0.121969 , 0
-0.99111 , 0.0876449 , 0
-0.993444 , 0.0532154 , 0
-0.994583 , 0.018722 , 0
-0.994525 , -0.0157936 , 0
-0.99327 , -0.05029 , 0
-0.990819 , -0.0847257 , 0
-0.987175 , -0.119059 , 0
-0.982342 , -0.153249 , 0
-0.976324 , -0.187254 , 0
-0.96913 , -0.221033 , 0
-0.960767 , -0.254545 , 0
-0.951245 , -0.287749 , 0
-0.940575 , -0.320607 , 0
-0.928769 , -0.353077 , 0
-0.915843 , -0.385121 , 0
-0.90181 , -0.416699 , 0
-0.886687 , -0.447774 , 0
-0.870494 , -0.478308 , 0
-0.853248 , -0.508263 , 0
-0.83497 , -0.537603 , 0
-0.815683 , -0.566293 , 0
-0.795409 , -0.594298 , 0
-0.774172 , -0.621584 , 0
-0.751999 , -0.648117 , 0
-0.728915 , -0.673865 , 0
-0.704948 , -0.698797 , 0
-0.680128 , -0.722883 , 0
-0.654484 , -0.746093 , 0
-0.628047 , -0.768399 , 0
-0.600849 , -0.789773 , 0
-0.572923 , -0.81019 , 0
-0.544302 , -0.829625 , 0
-0.515022 , -0.848054 , 0
-0.485117 , -0.865454 , 0
-0.454623 , -0.881804 , 0
-0.423579 , -0.897085 , 0
-0.39202 , -0.911277 , 0
-0.359986 , -0.924363 , 0
-0.327515 , -0.936328 , 0
-0.294646 , -0.947156 , 0
-0.26142 , -0.956835 , 0
-0.227877 , -0.965352 , 0
-0.194057 , -0.972698 , 0
-0.160002 , -0.978862 , 0
-0.125753 , -0.983838 , 0
-0.0913508 , -0.98762 , 0
-0.056838 , -0.990203 , 0
-0.0222562 , -0.991583 , 0
0.0123526 , -0.99176 , 0
0.0469464 , -0.990732 , 0
0.0814831 , -0.988502 , 0
0.115921 , -0.985072 , 0
0.150218 , -0.980446 , 0
0.184332 , -0.974629 , 0
0.218223 , -0.96763 , 0
0.251849 , -0.959456 , 0
0.285169 , -0.950118 , 0
0.318144 , -0.939627 , 0
0.350732 , -0.927996 , 0
0.382895 , -0.915239 , 0
0.414593 , -0.901371 , 0
0.445788 , -0.886411 , 0
0.476443 , -0.870375 , 0
0.506519 , -0.853284 , 0
0.535982 , -0.835158 , 0
0.564795 , -0.81602 , 0
0.592924 , -0.795893 , 0
0.620334 , -0.774802 , 0
0.646993 , -0.752772 , 0
0.672868 , -0.72983 , 0
0.697928 , -0.706004 , 0
0.722143 , -0.681323 , 0
0.745485 , -0.655818 , 0
0.767923 , -0.629519 , 0
0.789433 , -0.602458 , 0
0.809988 , -0.574668 , 0
0.829564 , -0.546184 , 0
0.848137 , -0.517039 , 0
0.865684 , -0.487269 , 0
0.882186 , -0.45691 , 0
0.897621 , -0.425999 , 0
0.911973 , -0.394574 , 0
0.925224 , -0.362672 , 0
0.937358 , -0.330332 , 0
0.948361 , -0.297594 , 0
0.95822 , -0.264497 , 0
0.966924 , -0.23108 , 0
0.974462 , -0.197385 , 0
0.980825 , -0.163452 , 0
0.986007 , -0.129322 , 0
0.990001 , -0.0950356 , 0
0.992803 , -0.0606349 , 0
0.99441 , -0.0261612 , 0
0.99482 , 0.0083442 , 0
0.994033 , 0.0428397 , 0
0.992051 , 0.0772837 , 0
0.988876 , 0.111635 , 0
0.984513 , 0.145852 , 0
0.978967 , 0.179894 , 0
0.972244 , 0.213721 , 0
0.964355 , 0.24729 , 0
0.955307 , 0.280563 , 0
0.945113 , 0.3135 , 0
0.933785 , 0.346061 , 0
0.921337 , 0.378206 , 0
0.907784 , 0.409898 , 0
0.893143 , 0.4411 , 0
0.877432 , 0.471772 , 0
0.860669 , 0.50188 , 0
0.842876 , 0.531387 , 0
0.824073 , 0.560257 , 0
0.804283 , 0.588457 , 0
0.783531 , 0.615953 , 0
0.761841 , 0.642713 , 0
0.73924 , 0.668703 , 0
0.715755 , 0.693894 , 0
0.691414 , 0.718256 , 0
0.666246 , 0.741759 , 0
0.640282 , 0.764376 , 0
0.613553 , 0.78608 , 0
0.58609 , 0.806846 , 0
0.557928 , 0.826647 , 0
0.529099 , 0.845462 , 0
0.499639 , 0.863268 , 0
0.469582 , 0.880043 , 0
0.438964 , 0.895768 , 0
0.407822 , 0.910425 , 0
0.376194 , 0.923995 , 0
0.344117 , 0.936464 , 0
0.311629 , 0.947816 , 0
0.278769 , 0.958037 , 0
0.245577 , 0.967117 , 0
0.212092 , 0.975043 , 0
0.178353 , 0.981808 , 0
0.144402 , 0.987402 , 0
0.110279 , 0.991819 , 0
0.0760238 , 0.995055 , 0
0.041678 , 0.997105 , 0
0.00728229 , 0.997967 , 0
-0.0271223 , 0.99764 , 0
-0.0614947 , 0.996124 , 0
-0.095794 , 0.993422 , 0
-0.129979 , 0.989536 , 0
-0.16401 , 0.984472 , 0
-0.197846 , 0.978235 , 0
-0.231446 , 0.970832 , 0
-0.26477 , 0.962273 , 0
-0.297779 , 0.952568 , 0
-0.330434 , 0.941728 , 0
-0.362695 , 0.929766 , 0
-0.394524 , 0.916696 , 0
-0.425884 , 0.902534 , 0
-0.456736 , 0.887297 , 0
-0.487043 , 0.871003 , 0
-0.516771 , 0.853671 , 0
-0.545883 , 0.835322 , 0
-0.574344 , 0.815977 , 0
-0.602121 , 0.795659 , 0
-0.62918 , 0.774393 , 0
-0.655489 , 0.752204 , 0
-0.681016 , 0.729119 , 0
-0.705732 , 0.705163 , 0
-0.729606 , 0.680367 , 0
-0.75261 , 0.65476 , 0
-0.774716 , 0.628371 , 0
-0.795897 , 0.601233 , 0
-0.816129 , 0.573378 , 0
-0.835387 , 0.544838 , 0
-0.853648 , 0.515648 , 0
-0.870889 , 0.485843 , 0
-0.887091 , 0.455458 , 0
-0.902233 , 0.424529 , 0
-0.916298 , 0.393092 , 0
-0.929268 , 0.361187 , 0
-0.941127 , 0.32885 , 0
-0.951861 , 0.29612 , 0
-0.961458 , 0.263036 , 0
-0.969904 , 0.229638 , 0
-0.977191 , 0.195965 , 0
-0.983309 , 0.162058 , 0
-0.98825 , 0.127958 , 0
-0.992008 , 0.0937044 , 0
-0.994579 , 0.0593389 , 0
-0.995959 , 0.0249026 , 0
-0.996147 , -0.00956328 , 0
-0.995141 , -0.0440175 , 0
-0.992942 , -0.0784188 , 0
-0.989554 , -0.112726 , 0
-0.984979 , -0.146898 , 0
-0.979223 , -0.180893 , 0
-0.972293 , -0.214671 , 0
-0.964196 , -0.248191 , 0
-0.954942 , -0.281414 , 0
-0.944542 , -0.314298 , 0
-0.933009 , -0.346805 , 0
-0.920354 , -0.378895 , 0
-0.906594 , -0.41053 , 0
-0.891745 , -0.441671 , 0
-0.875824 , -0.472281 , 0
-0.858851 , -0.502323 , 0
-0.840845 , -0.531761 , 0
-0.821827 , -0.560559 , 0
-0.801821 , -0.588683 , 0
-0.78085 , -0.616098 , 0
-0.758939 , -0.642771 , 0
-0.736115 , -0.66867 , 0
-0.712404 , -0.693764 , 0
-0.687836 , -0.718022 , 0
-0.662438 , -0.741414 , 0
-0.636243 , -0.763913 , 0
-0.60928 , -0.785491 , 0
-0.581583 , -0.806122 , 0
-0.553185 , -0.82578 , 0
-0.52412 , -0.844442 , 0
-0.494422 , -0.862086 , 0
-0.464128 , -0.878688 , 0
-0.433274 , -0.894231 , 0
-0.401897 , -0.908693 , 0
-0.370035 , -0.922058 , 0
-0.337726 , -0.934309 , 0
-0.305009 , -0.945432 , 0
-0.271924 , -0.955412 , 0
-0.23851 , -0.964238 , 0
-0.204808 , -0.971898 , 0
-0.170859 , -0.978383 , 0
-0.136703 , -0.983685 , 0
-0.102382 , -0.987798 , 0
-0.0679378 , -0.990716 , 0
-0.0334111 , -0.992435 , 0
0.00115587 , -0.992954 , 0
0.0357214 , -0.992272 , 0
0.0702435 , -0.990388 , 0
0.104681 , -0.987307 , 0
0.138991 , -0.98303 , 0
0.173133 , -0.977563 , 0
0.207065 , -0.970913 , 0
0.240746 , -0.963087 , 0
0.274136 , -0.954095 , 0
0.307194 , -0.943948 , 0
0.33988 , -0.932657 , 0
0.372154 , -0.920238 , 0
0.403977 , -0.906704 , 0
0.435311 , -0.892071 , 0
0.466117 , -0.876358 , 0
0.496359 , -0.859584 , 0
0.526 , -0.841769 , 0
0.555004 , -0.822933 , 0
0.583335 , -0.803102 , 0
0.610959 , -0.782297 , 0
0.637844 , -0.760545 , 0
0.663956 , -0.737872 , 0
0.689264 , -0.714305 , 0
0.713737 , -0.689872 , 0
0.737345 , -0.664605 , 0
0.76006 , -0.638532 , 0
0.781856 , -0.611686 , 0
0.802704 , -0.5841 , 0
0.82258 , -0.555806 , 0
0.841461 , -0.52684 , 0
0.859322 , -0.497235 , 0
0.876144 , -0.467029 , 0
0.891905 , -0.436257 , 0
0.906587 , -0.404958 , 0
0.920171 , -0.373168 , 0
0.932643 , -0.340927 , 0
0.943985 , -0.308273 , 0
0.954187 , -0.275247 , 0
0.963234 , -0.241887 , 0
0.971116 , -0.208235 , 0
0.977824 , -0.174331 , 0
0.98335 , -0.140216 , 0
0.987687 , -0.105932 , 0
0.99083 , -0.0715198 , 0
0.992777 , -0.037021 , 0
0.993524 , -0.00247746 , 0
0.993071 , 0.0320692 , 0
0.991418 , 0.0665772 , 0
0.988569 , 0.101005 , 0
0.984526 , 0.135311 , 0
0.979295 , 0.169453 , 0
0.972882 , 0.203391 , 0
0.965296 , 0.237084 , 0
0.956545 , 0.270491 , 0
0.94664 , 0.303572 , 0
0.935594 , 0.336287 , 0
0.923421 , 0.368597 , 0
0.910134 , 0.400462 , 0
0.895751 , 0.431846 , 0
0.880288 , 0.462709 , 0
0.863765 , 0.493014 , 0
0.846203 , 0.522727 , 0
0.827621 , 0.55181 , 0
0.808044 , 0.580229 , 0
0.787493 , 0.60795 , 0
0.765996 , 0.63494 , 0
0.743577 , 0.661167 , 0
0.720264 , 0.686598 , 0
0.696085 , 0.711204 , 0
0.671069 , 0.734956 , 0
0.645247 , 0.757824 , 0
0.61865 , 0.779782 , 0
0.591309 , 0.800804 , 0
0.563258 , 0.820864 , 0
0.534531 , 0.839939 , 0
0.505162 , 0.858006 , 0
0.475186 , 0.875043 , 0
0.444641 , 0.89103 , 0
0.413562 , 0.905949 , 0
0.381986 , 0.919781 , 0
0.349953 , 0.932511 , 0
0.3175 , 0.944123 , 0
0.284666 , 0.954603 , 0
0.251491 , 0.96394 , 0
0.218014 , 0.972122 , 0
0.184276 , 0.979139 , 0
0.150317 , 0.984984 , 0
0.116178 , 0.98965 , 0
0.0818996 , 0.993131 , 0
0.0475229 , 0.995423 , 0
0.0130892 , 0.996524 , 0
-0.0213604 , 0.996432 , 0
-0.0557847 , 0.995148 , 0
-0.0901425 , 0.992675 , 0
-0.124393 , 0.989013 , 0
-0.158494 , 0.98417 , 0
-0.192407 , 0.978149 , 0
-0.226089 , 0.970959 , 0
-0.259502 , 0.962609 , 0
-0.292605 , 0.953107 , 0
-0.325358 , 0.942467 , 0
-0.357723 , 0.930701 , 0
-0.38966 , 0.917823 , 0
-0.421132 , 0.903848 , 0
-0.452102 , 0.888793 , 0
-0.482531 , 0.872677 , 0
-0.512385 , 0.855518 , 0
-0.541626 , 0.837338 , 0
-0.570221 , 0.818158 , 0
-0.598136 , 0.798 , 0
-0.625336 , 0.77689 , 0
-0.65179 , 0.754852 , 0
-0.677466 , 0.731913 , 0
-0.702334 , 0.7081 , 0
-0.726363 , 0.683442 , 0
-0.749525 , 0.657968 , 0
-0.771793 , 0.631708 , 0
-0.793139 , 0.604694 , 0
-0.813539 , 0.576959 , 0
-0.832968 , 0.548534 , 0
-0.851403 , 0.519455 , 0
-0.868821 , 0.489756 , 0
-0.885203 , 0.459472 , 0
-0.900527 , 0.428639 , 0
-0.914778 , 0.397295 , 0
-0.927936 , 0.365477 , 0
-0.939986 , 0.333222 , 0
-0.950914 , 0.30057 , 0
-0.960707 , 0.267558 , 0
-0.969353 , 0.234228 , 0
-0.976842 , 0.200617 , 0
-0.983164 , 0.166767 , 0
-0.988313 , 0.132718 , 0
-0.992281 , 0.0985108 , 0
-0.995064 , 0.0641858 , 0
-0.996658 , 0.0297842 , 0
-0.997062 , -0.00465295 , 0
-0.996275 , -0.0390844 , 0
-0.994297 , -0.073469 , 0
-0.991132 , -0.107766 , 0
-0.986782 , -0.141934 , 0
-0.981252 , -0.175932 , 0
-0.97455 , -0.209719 , 0
-0.966683 , -0.243256 , 0
-0.957661 , -0.276502 , 0
-0.947493 , -0.309417 , 0
-0.936192 , -0.341962 , 0
-0.923771 , -0.374097 , 0
-0.910246 , -0.405785 , 0
-0.895631 , -0.436987 , 0
-0.879945 , -0.467666 , 0
-0.863206 , -0.497786 , 0
-0.845434 , -0.527309 , 0
-0.826649 , -0.556201 , 0
-0.806875 , -0.584426 , 0
-0.786135 , -0.611952 , 0
-0.764453 , -0.638744 , 0
-0.741856 , -0.664771 , 0
-0.71837 , -0.690002 , 0
-0.694023 , -0.714405 , 0
-0.668845 , -0.737952 , 0
-0.642864 , -0.760614 , 0
-0.616114 , -0.782363 , 0
-0.588624 , -0.803175 , 0
-0.560428 , -0.823022 , 0
-0.531561 , -0.841883 , 0
-0.502055 , -0.859732 , 0
-0.471948 , -0.87655 , 0
-0.441273 , -0.892316 , 0
-0.41007 , -0.90701 , 0
-0.378374 , -0.920614 , 0
-0.346223 , -0.933113 , 0
-0.313657 , -0.944491 , 0
-0.280715 , -0.954734 , 0
-0.247435 , -0.963829 , 0
-0.213857 , -0.971765 , 0
-0.180023 , -0.978533 , 0
-0.145973 , -0.984124 , 0
-0.111747 , -0.988532 , 0
-0.0773868 , -0.99175 , 0
-0.0429337 , -0.993775 , 0
-0.00842922 , -0.994603 , 0
0.0260853 , -0.994235 , 0
0.0605682 , -0.992669 , 0
0.094978 , -0.989908 , 0
0.129273 , -0.985955 , 0
0.163413 , -0.980814 , 0
0.197355 , -0.974491 , 0
0.231059 , -0.966994 , 0
0.264485 , -0.958332 , 0
0.297592 , -0.948514 , 0
0.330339 , -0.937552 , 0
0.362689 , -0.92546 , 0
0.3946 , -0.912252 , 0
0.426036 , -0.897943 , 0
0.456957 , -0.882551 , 0
0.487327 , -0.866094 , 0
0.517108 , -0.848592 , 0
0.546266 , -0.830065 , 0
0.574763 , -0.810537 , 0
0.602567 , -0.790029 , 0
0.629643 , -0.768568 , 0
0.655958 , -0.746179 , 0
0.681481 , -0.722888 , 0
0.70618 , -0.698724 , 0
0.730026 , -0.673716 , 0
0.75299 , -0.647894 , 0
0.775044 , -0.621289 , 0
0.796162 , -0.593933 , 0
0.816316 , -0.565859 , 0
0.835484 , -0.537101 , 0
0.853642 , -0.507694 , 0
0.870768 , -0.477674 , 0
0.886841 , -0.447075 , 0
0.901841 , -0.415936 , 0
0.915751 , -0.384294 , 0
0.928553 , -0.352188 , 0
0.940232 , -0.319655 , 0
0.950774 , -0.286736 , 0
0.960166 , -0.25347 , 0
0.968397 , -0.219898 , 0
0.975456 , -0.18606 , 0
0.981335 , -0.151996 , 0
0.986027 , -0.117749 , 0
0.989527 , -0.0833589 , 0
0.991829 , -0.0488683 , 0
0.992931 , -0.0143186 , 0
0.992832 , 0.0202484 , 0
0.991533 , 0.0547909 , 0
0.989033 , 0.0892672 , 0
0.985338 , 0.123636 , 0
0.980451 , 0.157854 , 0
0.974377 , 0.191882 , 0
0.967126 , 0.225678 , 0
0.958704 , 0.259201 , 0
0.949123 , 0.29241 , 0
0.938395 , 0.325266 , 0
0.926531 , 0.357729 , 0
0.913548 , 0.389759 , 0
0.89946 , 0.421318 , 0
0.884284 , 0.452367 , 0
0.86804 , 0.48287 , 0
0.850746 , 0.51279 , 0
0.832424 , 0.542089 , 0
0.813096 , 0.570734 , 0
0.792786 , 0.598689 , 0
0.771517 , 0.62592 , 0
0.749317 , 0.652396 , 0
0.726211 , 0.678084 , 0
0.702229 , 0.702953 , 0
0.677398 , 0.726973 , 0
0.65175 , 0.750115 , 0
0.625314 , 0.772352 , 0
0.598124 , 0.793657 , 0
0.570212 , 0.814003 , 0
0.541611 , 0.833368 , 0
0.512357 , 0.851728 , 0
0.482485 , 0.869059 , 0
0.452031 , 0.885343 , 0
0.421031 , 0.90056 , 0
0.389524 , 0.91469 , 0
0.357547 , 0.927718 , 0
0.32514 , 0.939628 , 0
0.29234 , 0.950406 , 0
0.259187 , 0.960038 , 0
0.225723 , 0.968514 , 0
0.191986 , 0.975824 , 0
0.158018 , 0.981959 , 0
0.12386 , 0.986911 , 0
0.0895525 , 0.990675 , 0
0.0551369 , 0.993248 , 0
0.0206549 , 0.994625 , 0
-0.0138522 , 0.994805 , 0
-0.0483428 , 0.993789 , 0
-0.0827755 , 0.991578 , 0
-0.117109 , 0.988175 , 0
-0.151301 , 0.983583 , 0
-0.185313 , 0.97781 , 0
-0.219101 , 0.970862 , 0
-0.252627 , 0.962747 , 0
-0.285849 , 0.953475 , 0
-0.318728 , 0.943059 , 0
-0.351225 , 0.93151 , 0
-0.3833 , 0.918843 , 0
-0.414916 , 0.905072 , 0
-0.446033 , 0.890216 , 0
-0.476616 , 0.874291 , 0
-0.506627 , 0.857318 , 0
-0.536031 , 0.839316 , 0
-0.564792 , 0.820308 , 0
-0.592876 , 0.800316 , 0
-0.62025 , 0.779364 , 0
-0.646881 , 0.757478 , 0
-0.672736 , 0.734685 , 0
-0.697786 , 0.711011 , 0
-0.722 , 0.686485 , 0
-0.745349 , 0.661137 , 0
-0.767806 , 0.634996 , 0
-0.789344 , 0.608096 , 0
-0.809937 , 0.580467 , 0
-0.82956 , 0.552143 , 0
-0.848191 , 0.523159 , 0
-0.865807 , 0.493548 , 0
-0.882388 , 0.463346 , 0
-0.897912 , 0.43259 , 0
-0.912363 , 0.401317 , 0
-0.925723 , 0.369563 , 0
-0.937976 , 0.337367 , 0
-0.949108 , 0.304768 , 0
-0.959104 , 0.271804 , 0
-0.967955 , 0.238515 , 0
-0.975648 , 0.204941 , 0
-0.982176 , 0.171121 , 0
-0.98753 , 0.137098 , 0
-0.991703 , 0.10291 , 0
-0.994692 , 0.0685988 , 0
-0.996493 , 0.0342058 , 0
-0.997103 , -0.000228133 , 0
-0.996522 , -0.0346619 , 0
-0.994751 , -0.0690543 , 0
-0.991792 , -0.103364 , 0
-0.987649 , -0.137551 , 0
-0.982325 , -0.171573 , 0
-0.975829 , -0.205391 , 0
-0.968168 , -0.238963 , 0
-0.95935 , -0.27225 , 0
-0.949387 , -0.305212 , 0
-0.938291 , -0.33781 , 0
-0.926074 , -0.370004 , 0
-0.912751 , -0.401756 , 0
-0.898339 , -0.433029 , 0
-0.882854 , -0.463784 , 0
-0.866316 , -0.493986 , 0
-0.848743 , -0.523598 , 0
-0.830156 , -0.552585 , 0
-0.810579 , -0.580911 , 0
-0.790033 , -0.608544 , 0
-0.768545 , -0.635451 , 0
-0.746138 , -0.661598 , 0
-0.722841 , -0.686955 , 0
-0.698681 , -0.711492 , 0
-0.673687 , -0.735179 , 0
-0.647888 , -0.757988 , 0
-0.621315 , -0.779891 , 0
-0.594 , -0.800863 , 0
-0.565976 , -0.820878 , 0
-0.537276 , -0.839912 , 0
-0.507934 , -0.857942 , 0
-0.477985 , -0.874947 , 0
-0.447465 , -0.890907 , 0
-0.416411 , -0.905801 , 0
-0.384859 , -0.919613 , 0
-0.352848 , -0.932326 , 0
-0.320414 , -0.943923 , 0
-0.287598 , -0.954393 , 0
-0.254438 , -0.96372 , 0
-0.220974 , -0.971895 , 0
-0.187246 , -0.978908 , 0
-0.153294 , -0.984749 , 0
-0.119159 , -0.989412 , 0
-0.0848814 , -0.992891 , 0
-0.0505026 , -0.995182 , 0
-0.0160635 , -0.996281 , 0
0.0183945 , -0.996188 , 0
0.0528304 , -0.994901 , 0
0.0872027 , -0.992423 , 0
0.12147 , -0.988757 , 0
0.155592 , -0.983905 , 0
0.189528 , -0.977875 , 0
0.223235 , -0.970673 , 0
0.256676 , -0.962307 , 0
0.289808 , -0.952788 , 0
0.322592 , -0.942126 , 0
0.354989 , -0.930334 , 0
0.386961 , -0.917426 , 0
0.418467 , -0.903417 , 0
0.449472 , -0.888325 , 0
0.479936 , -0.872166 , 0
0.509825 , -0.854959 , 0
0.539101 , -0.836727 , 0
0.567729 , -0.817489 , 0
0.595675 , -0.797269 , 0
0.622905 , -0.776091 , 0
0.649386 , -0.753981 , 0
0.675086 , -0.730964 , 0
0.699975 , -0.707069 , 0
0.724021 , -0.682323 , 0
0.747197 , -0.656756 , 0
0.769473 , -0.6304 , 0
0.790824 , -0.603285 , 0
0.811222 , -0.575443 , 0
0.830643 , -0.546909 , 0
0.849065 , -0.517717 , 0
0.866463 , -0.487901 , 0
0.882818 , -0.457498 , 0
0.898108 , -0.426543 , 0
0.912316 , -0.395074 , 0
0.925425 , -0.363129 , 0
0.937417 , -0.330747 , 0
0.94828 , -0.297965 , 0
0.957998 , -0.264824 , 0
0.96656 , -0.231364 , 0
0.973956 , -0.197625 , 0
0.980177 , -0.163648 , 0
0.985215 , -0.129472 , 0
0.989063 , -0.0951412 , 0
0.991716 , -0.060695 , 0
0.993173 , -0.0261757 , 0
0.993429 , 0.00837522 , 0
0.992485 , 0.042916 , 0
0.990342 , 0.0774048 , 0
0.987002 , 0.1118 , 0
0.982469 , 0.14606 , 0
0.976749 , 0.180143 , 0
0.969848 , 0.214009 , 0
0.961774 , 0.247616 , 0
0.952537 , 0.280923 , 0
0.942147 , 0.313891 , 0
0.930619 , 0.346479 , 0
0.917964 , 0.378647 , 0
0.904199 , 0.410358 , 0
0.88934 , 0.441572 , 0
0.873405 , 0.472251 , 0
0.856412 , 0.50236 , 0
0.838384 , 0.53186 , 0
0.81934 , 0.560716 , 0
0.799305 , 0.588894 , 0
0.778302 , 0.616359 , 0
0.756357 , 0.643078 , 0
0.733496 , 0.669018 , 0
0.709748 , 0.694148 , 0
0.68514 , 0.718438 , 0
0.659702 , 0.741858 , 0
0.633466 , 0.764381 , 0
0.606463 , 0.785977 , 0
0.578725 , 0.806622 , 0
0.550287 , 0.826291 , 0
0.521183 , 0.844959 , 0
0.491447 , 0.862604 , 0
0.461117 , 0.879205 , 0
0.430228 , 0.894742 , 0
0.398819 , 0.909195 , 0
0.366926 , 0.922548 , 0
0.33459 , 0.934785 , 0
0.301848 , 0.94589 , 0
0.268741 , 0.95585 , 0
0.235309 , 0.964654 , 0
0.201591 , 0.97229 , 0
0.16763 , 0.97875 , 0
0.133466 , 0.984026 , 0
0.0991407 , 0.988112 , 0
0.0646951 , 0.991002 , 0
0.0301712 , 0.992694 , 0
-0.00438936 , 0.993186 , 0
-0.0389447 , 0.992477 , 0
-0.0734531 , 0.990568 , 0
-0.107873 , 0.987461 , 0
-0.142162 , 0.983161 , 0
-0.17628 , 0.977674 , 0
-0.210185 , 0.971005 , 0
-0.243836 , 0.963163 , 0
-0.277193 , 0.954157 , 0
-0.310216 , 0.944 , 0
-0.342863 , 0.932703 , 0
-0.375098 , 0.920279 , 0
-0.406879 , 0.906745 , 0
-0.43817 , 0.892117 , 0
-0.468932 , 0.876413 , 0
-0.499129 , 0.859651 , 0
-0.528725 , 0.841853 , 0
-0.557682 , 0.823039 , 0
-0.585968 , 0.803233 , 0
-0.613548 , 0.78246 , 0
-0.640389 , 0.760743 , 0
-0.666458 , 0.73811 , 0
-0.691725 , 0.714587 , 0
-0.716159 , 0.690205 , 0
-0.739731 , 0.664991 , 0
-0.762413 , 0.638976 , 0
-0.784178 , 0.612193 , 0
-0.805 , 0.584673 , 0
-0.824853 , 0.55645 , 0
-0.843715 , 0.527557 , 0
-0.861563 , 0.49803 , 0
-0.878375 , 0.467905 , 0
-0.894132 , 0.437217 , 0
-0.908816 , 0.406003 , 0
-0.922408 , 0.374302 , 0
-0.934892 , 0.342151 , 0
-0.946254 , 0.309589 , 0
-0.956481 , 0.276656 , 0
-0.96556 , 0.24339 , 0
-0.973481 , 0.209832 , 0
-0.980235 , 0.176023 , 0
-0.985813 , 0.142002 , 0
-0.99021 , 0.10781 , 0
-0.99342 , 0.0734895 , 0
-0.99544 , 0.0390804 , 0
-0.996268 , 0.00462425 , 0
-0.995902 , -0.0298376 , 0
-0.994344 , -0.064264 , 0
-0.991595 , -0.0986136 , 0
-0.98766 , -0.132845 , 0
-0.982543 , -0.166919 , 0
-0.976251 , -0.200792 , 0
-0.96879 , -0.234426 , 0
-0.960171 , -0.267779 , 0
-0.950405 , -0.300812 , 0
-0.939502 , -0.333486 , 0
-0.927476 , -0.365762 , 0
-0.914342 , -0.3976 , 0
-0.900115 , -0.428964 , 0
-0.884813 , -0.459816 , 0
-0.868454 , -0.490118 , 0
-0.851058 , -0.519835 , 0
-0.832646 , -0.548932 , 0
-0.81324 , -0.577373 , 0
-0.792864 , -0.605125 , 0
-0.771541 , -0.632156 , 0
-0.749297 , -0.658431 , 0
-0.726159 , -0.683922 , 0
-0.702155 , -0.708596 , 0
-0.677314 , -0.732425 , 0
-0.651664 , -0.755381 , 0
-0.625238 , -0.777436 , 0
-0.598065 , -0.798563 , 0
-0.57018 , -0.818739 , 0
-0.541615 , -0.837938 , 0
-0.512404 , -0.856138 , 0
-0.482583 , -0.873318 , 0
-0.452186 , -0.889456 , 0
-0.421251 , -0.904534 , 0
-0.389813 , -0.918534 , 0
-0.357911 , -0.93144 , 0
-0.325582 , -0.943234 , 0
-0.292866 , -0.953905 , 0
-0.2598 , -0.963439 , 0
-0.226425 , -0.971824 , 0
-0.19278 , -0.979051 , 0
-0.158906 , -0.985111 , 0
-0.124843 , -0.989997 , 0
-0.0906305 , -0.993703 , 0
-0.0563105 , -0.996224 , 0
-0.0219236 , -0.997558 , 0
0.0124893 , -0.997703 , 0
0.0468871 , -0.996658 , 0
0.0812287 , -0.994425 , 0
0.115473 , -0.991006 , 0
0.14958 , -0.986405 , 0
0.183508 , -0.980628 , 0
0.217217 , -0.973682 , 0
0.250667 , -0.965574 , 0
0.283817 , -0.956315 , 0
0.316629 , -0.945914 , 0
0.349062 , -0.934385 , 0
0.381079 , -0.921741 , 0
0.412641 , -0.907996 , 0
0.44371 , -0.893168 , 0
0.474249 , -0.877273 , 0
0.504221 , -0.860331 , 0
0.533591 , -0.842362 , 0
0.562323 , -0.823386 , 0
0.590383 , -0.803426 , 0
0.617738 , -0.782507 , 0
0.644354 , -0.760652 , 0
0.670199 , -0.737888 , 0
0.695243 , -0.714242 , 0
0.719455 , -0.689742 , 0
0.742806 , -0.664416 , 0
0.765268 , -0.638296 , 0
0.786814 , -0.611412 , 0
0.807418 , -0.583796 , 0
0.827055 , -0.555481 , 0
0.845702 , -0.526501 , 0
0.863334 , -0.49689 , 0
0.879933 , -0.466684 , 0
0.895476 , -0.435919 , 0
0.909946 , -0.404631 , 0
0.923324 , -0.372858 , 0
0.935594 , -0.340638 , 0
0.946742 , -0.308009 , 0
0.956753 , -0.275011 , 0
0.965615 , -0.241683 , 0
0.973318 , -0.208064 , 0
0.979851 , -0.174196 , 0
0.985206 , -0.140119 , 0
0.989378 , -0.105873 , 0
0.99236 , -0.0715 , 0
0.994148 , -0.0370413 , 0
0.99474 , -0.00253805 , 0
0.994135 , 0.0319681 , 0
0.992333 , 0.0664356 , 0
0.989337 , 0.100823 , 0
0.985149 , 0.135089 , 0
0.979773 , 0.169192 , 0
0.973218 , 0.203091 , 0
0.965489 , 0.236745 , 0
0.956595 , 0.270113 , 0
0.946549 , 0.303156 , 0
0.93536 , 0.335833 , 0
0.923042 , 0.368104 , 0
0.90961 , 0.399931 , 0
0.89508 , 0.431275 , 0
0.879469 , 0.462098 , 0
0.862795 , 0.492363 , 0
0.845079 , 0.522033 , 0
0.826342 , 0.551071 , 0
0.806605 , 0.579444 , 0
0.785894 , 0.607116 , 0
0.764231 , 0.634053 , 0
0.741644 , 0.660223 , 0
0.71816 , 0.685595 , 0
0.693807 , 0.710136 , 0
0.668614 , 0.733818 , 0
0.642611 , 0.756612 , 0
0.61583 , 0.778489 , 0
0.588303 , 0.799423 , 0
0.560064 , 0.819389 , 0
0.531146 , 0.838362 , 0
0.501584 , 0.856319 , 0
0.471415 , 0.873238 , 0
0.440674 , 0.889099 , 0
0.409399 , 0.903882 , 0
0.377627 , 0.917569 , 0
0.345398 , 0.930143 , 0
0.312749 , 0.941589 , 0
0.279722 , 0.951893 , 0
0.246355 , 0.961043 , 0
0.212689 , 0.969027 , 0
0.178765 , 0.975835 , 0
0.144624 , 0.981459 , 0
0.110307 , 0.985893 , 0
0.0758572 , 0.98913 , 0
0.0413149 , 0.991168 , 0
0.00672239 , 0.992002 , 0
-0.0278783 , 0.991633 , 0
-0.0624453 , 0.990061 , 0
-0.0969365 , 0.987287 , 0
-0.13131 , 0.983316 , 0
-0.165525 , 0.978151 , 0
-0.199538 , 0.9718 , 0
-0.23331 , 0.96427 , 0
-0.266799 , 0.955569 , 0
-0.299964 , 0.94571 , 0
-0.332765 , 0.934704 , 0
-0.365163 , 0.922563 , 0
-0.397118 , 0.909305 , 0
-0.428592 , 0.894943 , 0
-0.459546 , 0.879496 , 0
-0.489943 , 0.862983 , 0
-0.519746 , 0.845424 , 0
-0.54892 , 0.82684 , 0
-0.577428 , 0.807255 , 0
-0.605237 , 0.786691 , 0
-0.632313 , 0.765174 , 0
-0.658624 , 0.74273 , 0
-0.684136 , 0.719387 , 0
-0.708821 , 0.695173 , 0
-0.732648 , 0.670117 , 0
-0.755588 , 0.644251 , 0
-0.777614 , 0.617604 , 0
-0.7987 , 0.590211 , 0
-0.81882 , 0.562103 , 0
-0.83795 , 0.533316 , 0
-0.856067 , 0.503884 , 0
-0.873149 , 0.473843 , 0
-0.889177 , 0.443229 , 0
-0.904131 , 0.41208 , 0
-0.917994 , 0.380433 , 0
-0.930748 , 0.348326 , 0
-0.942379 , 0.3158 , 0
-0.952873 , 0.282891 , 0
-0.962218 , 0.249642 , 0
-0.970403 , 0.216091 , 0
-0.977418 , 0.18228 , 0
-0.983255 , 0.148249 , 0
-0.987908 , 0.114038 , 0
-0.991371 , 0.0796908 , 0
-0.993641 , 0.0452471 , 0
-0.994714 , 0.0107486 , 0
-0.994591 , -0.023763 , 0
-0.993271 , -0.0582462 , 0
-0.990757 , -0.0926596 , 0
-0.987052 , -0.126962 , 0
-0.982161 , -0.161112 , 0
-0.97609 , -0.195068 , 0
-0.968847 , -0.228791 , 0
-0.960441 , -0.262239 , 0
-0.950882 , -0.295373 , 0
-0.940182 , -0.328152 , 0
-0.928354 , -0.360538 , 0
-0.915413 , -0.392492 , 0
-0.901375 , -0.423976 , 0
-0.886257 , -0.454952 , 0
-0.870077 , -0.485383 , 0
-0.852854 , -0.515233 , 0
-0.834611 , -0.544467 , 0
-0.815369 , -0.573049 , 0
-0.795151 , -0.600945 , 0
-0.773982 , -0.628123 , 0
-0.751887 , -0.65455 , 0
-0.728894 , -0.680195 , 0
-0.705029 , -0.705027 , 0
-0.680322 , -0.729017 , 0
-0.654802 , -0.752136 , 0
-0.6285 , -0.774357 , 0
-0.601448 , -0.795654 , 0
-0.573677 , -0.816002 , 0
-0.545223 , -0.835375 , 0
-0.516117 , -0.853753 , 0
-0.486396 , -0.871112 , 0
-0.456095 , -0.887433 , 0
-0.42525 , -0.902695 , 0
-0.393898 , -0.916882 , 0
-0.362077 , -0.929977 , 0
-0.329824 , -0.941963 , 0
-0.297179 , -0.952828 , 0
-0.264179 , -0.962557 , 0
-0.230865 , -0.971141 , 0
-0.197276 , -0.978569 , 0
-0.163452 , -0.984831 , 0
-0.129434 , -0.989922 , 0
-0.0952615 , -0.993834 , 0
-0.0609758 , -0.996564 , 0
-0.0266175 , -0.998108 , 0
0.0077723 , -0.998465 , 0
0.0421528 , -0.997634 , 0
0.0764831 , -0.995617 , 0
0.110722 , -0.992415 , 0
0.14483 , -0.988034 , 0
0.178765 , -0.982477 , 0
0.212488 , -0.975752 , 0
0.245957 , -0.967867 , 0
0.279134 , -0.958831 , 0
0.311979 , -0.948655 , 0
0.344453 , -0.937351 , 0
0.376517 , -0.924933 , 0
0.408134 , -0.911414 , 0
0.439265 , -0.896812 , 0
0.469873 , -0.881144 , 0
0.499922 , -0.864428 , 0
0.529377 , -0.846684 , 0
0.558202 , -0.827933 , 0
0.586362 , -0.808197 , 0
0.613825 , -0.7875 , 0
0.640558 , -0.765866 , 0
0.666528 , -0.743321 , 0
0.691705 , -0.719892 , 0
0.716058 , -0.695605 , 0
0.739559 , -0.670491 , 0
0.762179 , -0.644579 , 0
0.783891 , -0.6179 , 0
0.80467 , -0.590485 , 0
0.82449 , -0.562366 , 0
0.843327 , -0.533578 , 0
0.86116 , -0.504154 , 0
0.877966 , -0.47413 , 0
0.893725 , -0.44354 , 0
0.908418 , -0.412421 , 0
0.922028 , -0.380811 , 0
0.934537 , -0.348747 , 0
0.945931 , -0.316267 , 0
0.956196 , -0.283409 , 0
0.965319 , -0.250213 , 0
0.973289 , -0.216719 , 0
0.980096 , -0.182966 , 0
0.985732 , -0.148994 , 0
0.990189 , -0.114845 , 0
0.993463 , -0.0805582 , 0
0.995548 , -0.0461754 , 0
0.996441 , -0.0117376 , 0
0.996142 , 0.0227141 , 0
0.99465 , 0.0571385 , 0
0.991967 , 0.0914942 , 0
0.988095 , 0.12574 , 0
0.983039 , 0.159835 , 0
0.976805 , 0.193738 , 0
0.969398 , 0.227409 , 0
0.960829 , 0.260806 , 0
0.951106 , 0.293891 , 0
0.940242 , 0.326622 , 0
0.928248 , 0.358961 , 0
0.915138 , 0.390869 , 0
0.900929 , 0.422306 , 0
0.885636 , 0.453235 , 0
0.869278 , 0.48362 , 0
0.851874 , 0.513422 , 0
0.833445 , 0.542605 , 0
0.814012 , 0.571136 , 0
0.793598 , 0.598978 , 0
0.772228 , 0.626098 , 0
0.749927 , 0.652463 , 0
0.726722 , 0.678042 , 0
0.70264 , 0.702802 , 0
0.67771 , 0.726714 , 0
0.651962 , 0.749748 , 0
0.625426 , 0.771877 , 0
0.598136 , 0.793074 , 0
0.570122 , 0.813311 , 0
0.541419 , 0.832566 , 0
0.512061 , 0.850813 , 0
0.482084 , 0.868032 , 0
0.451524 , 0.8842 , 0
0.420417 , 0.899297 , 0
0.388801 , 0.913306 , 0
0.356715 , 0.926208 , 0
0.324196 , 0.937988 , 0
0.291284 , 0.948632 , 0
0.25802 , 0.958125 , 0
0.224442 , 0.966457 , 0
0.190592 , 0.973617 , 0
0.156512 , 0.979595 , 0
0.122241 , 0.984385 , 0
0.0878218 , 0.98798 , 0
0.0532961 , 0.990376 , 0
0.0187057 , 0.991569 , 0
-0.0159073 , 0.991558 , 0
-0.0505011 , 0.990343 , 0
-0.0850335 , 0.987925 , 0
-0.119463 , 0.984306 , 0
-0.153746 , 0.979491 , 0
-0.187843 , 0.973486 , 0
-0.221712 , 0.966297 , 0
-0.255311 , 0.957933 , 0
-0.2886 , 0.948405 , 0
-0.321538 , 0.937724 , 0
-0.354085 , 0.925903 , 0
-0.386201 , 0.912955 , 0
-0.417848 , 0.898898 , 0
-0.448987 , 0.883747 , 0
-0.479579 , 0.867521 , 0
-0.509589 , 0.85024 , 0
-0.538978 , 0.831925 , 0
-0.567713 , 0.812599 , 0
-0.595757 , 0.792284 , 0
-0.623076 , 0.771005 , 0
-0.649638 , 0.748789 , 0
-0.675409 , 0.725662 , 0
-0.70036 , 0.701653 , 0
-0.724459 , 0.676791 , 0
-0.747678 , 0.651106 , 0
-0.769988 , 0.62463 , 0
-0.791362 , 0.597394 , 0
-0.811774 , 0.569432 , 0
-0.831201 , 0.540778 , 0
-0.849617 , 0.511468 , 0
-0.867002 , 0.481536 , 0
-0.883334 , 0.451019 , 0
-0.898593 , 0.419954 , 0
-0.912762 , 0.38838 , 0
-0.925823 , 0.356334 , 0
-0.937761 , 0.323856 , 0
-0.948561 , 0.290984 , 0
-0.958211 , 0.25776 , 0
-0.966699 , 0.224223 , 0
-0.974016 , 0.190414 , 0
-0.980152 , 0.156374 , 0
-0.985101 , 0.122145 , 0
-0.988857 , 0.0877675 , 0
-0.991415 , 0.0532836 , 0
-0.992774 , 0.0187351 , 0
-0.992932 , -0.0158363 , 0
-0.991888 , -0.0503886 , 0
-0.989645 , -0.0848803 , 0
-0.986207 , -0.119269 , 0
-0.981576 , -0.153515 , 0
-0.97576 , -0.187575 , 0
-0.968765 , -0.221409 , 0
-0.960602 , -0.254975 , 0
-0.951279 , -0.288234 , 0
-0.940808 , -0.321146 , 0
-0.929204 , -0.353671 , 0
-0.916479 , -0.38577 , 0
-0.902651 , -0.417404 , 0
-0.887735 , -0.448536 , 0
-0.87175 , -0.479128 , 0
-0.854717 , -0.509143 , 0
-0.836655 , -0.538547 , 0
-0.817587 , -0.567303 , 0
-0.797536 , -0.595377 , 0
-0.776527 , -0.622736 , 0
-0.754585 , -0.649348 , 0
-0.731737 , -0.67518 , 0
-0.708012 , -0.700202 , 0
-0.683436 , -0.724385 , 0
-0.658041 , -0.747699 , 0
-0.631857 , -0.770117 , 0
-0.604916 , -0.791612 , 0
-0.57725 , -0.812159 , 0
-0.548893 , -0.831735 , 0
-0.519879 , -0.850315 , 0
-0.490242 , -0.867878 , 0
-0.46002 , -0.884403 , 0
-0.429247 , -0.899871 , 0
-0.397961 , -0.914264 , 0
-0.366199 , -0.927564 , 0
-0.334 , -0.939758 , 0
-0.301402 , -0.950829 , 0
-0.268444 , -0.960766 , 0
-0.235166 , -0.969557 , 0
-0.201607 , -0.977191 , 0
-0.167808 , -0.983661 , 0
-0.133808 , -0.988958 , 0
-0.099649 , -0.993077 , 0
-0.065371 , -0.996013 , 0
-0.031015 , -0.997764 , 0
0.00337805 , -0.998326 , 0
0.0377672 , -0.9977 , 0
0.0721115 , -0.995888 , 0
0.10637 , -0.99289 , 0
0.140502 , -0.988712 , 0
0.174468 , -0.983358 , 0
0.208226 , -0.976836 , 0
0.241736 , -0.969152 , 0
0.27496 , -0.960317 , 0
0.307856 , -0.95034 , 0
0.340388 , -0.939235 , 0
0.372514 , -0.927015 , 0
0.404199 , -0.913693 , 0
0.435403 , -0.899287 , 0
0.466091 , -0.883813 , 0
0.496225 , -0.867291 , 0
0.525771 , -0.849738 , 0
0.554692 , -0.831178 , 0
0.582955 , -0.81163 , 0
0.610526 , -0.79112 , 0
0.637373 , -0.769671 , 0
0.663463 , -0.747309 , 0
0.688766 , -0.724061 , 0
0.713251 , -0.699953 , 0
0.736891 , -0.675015 , 0
0.759655 , -0.649275 , 0
0.781518 , -0.622766 , 0
0.802454 , -0.595518 , 0
0.822437 , -0.567563 , 0
0.841444 , -0.538935 , 0
0.859452 , -0.509667 , 0
0.87644 , -0.479794 , 0
0.892388 , -0.449352 , 0
0.907275 , -0.418376 , 0
0.921085 , -0.386904 , 0
0.933802 , -0.354973 , 0
0.945409 , -0.32262 , 0
0.955892 , -0.289884 , 0
0.96524 , -0.256804 , 0
0.97344 , -0.223418 , 0
0.980483 , -0.189768 , 0
0.986361 , -0.155892 , 0
0.991065 , -0.121831 , 0
0.99459 , -0.0876246 , 0
0.996932 , -0.0533147 , 0
0.998087 , -0.0189415 , 0
0.998054 , 0.015454 , 0
0.996832 , 0.0498309 , 0
0.994423 , 0.0841481 , 0
0.990829 , 0.118365 , 0
0.986054 , 0.15244 , 0
0.980103 , 0.186334 , 0
0.972983 , 0.220005 , 0
0.964702 , 0.253413 , 0
0.95527 , 0.286519 , 0
0.944697 , 0.319282 , 0
0.932996 , 0.351664 , 0
0.92018 , 0.383625 , 0
0.906264 , 0.415127 , 0
0.891265 , 0.446133 , 0
0.875199 , 0.476605 , 0
0.858086 , 0.506507 , 0
0.839946 , 0.535802 , 0
0.8208 , 0.564454 , 0
0.80067 , 0.592431 , 0
0.779581 , 0.619697 , 0
0.757557 , 0.64622 , 0
0.734624 , 0.671967 , 0
0.710809 , 0.696907 , 0
0.686141 , 0.721011 , 0
0.660649 , 0.744248 , 0
0.634363 , 0.766591 , 0
0.607314 , 0.788012 , 0
0.579535 , 0.808485 , 0
0.551058 , 0.827984 , 0
0.521919 , 0.846487 , 0
0.49215 , 0.86397 , 0
0.461789 , 0.880413 , 0
0.430871 , 0.895793 , 0
0.399434 , 0.910093 , 0
0.367515 , 0.923296 , 0
0.335152 , 0.935383 , 0
0.302385 , 0.946341 , 0
0.269253 , 0.956156 , 0
0.235795 , 0.964816 , 0
0.202052 , 0.972308 , 0
0.168065 , 0.978625 , 0
0.133875 , 0.983758 , 0
0.099523 , 0.9877 , 0
0.0650504 , 0.990445 , 0
0.0304991 , 0.991991 , 0
-0.00408907 , 0.992335 , 0
-0.0386722 , 0.991476 , 0
-0.0732084 , 0.989415 , 0
-0.107656 , 0.986154 , 0
-0.141972 , 0.981696 , 0
-0.176117 , 0.976046 , 0
-0.210047 , 0.969211 , 0
-0.243722 , 0.961199 , 0
-0.277101 , 0.95202 , 0
-0.310143 , 0.941683 , 0
-0.342809 , 0.930202 , 0
-0.375057 , 0.91759 , 0
-0.406849 , 0.903862 , 0
-0.438147 , 0.889035 , 0
-0.468911 , 0.873126 , 0
-0.499104 , 0.856154 , 0
-0.528691 , 0.838141 , 0
-0.557633 , 0.819107 , 0
-0.585897 , 0.799076 , 0
-0.613447 , 0.778072 , 0
-0.64025 , 0.75612 , 0
-0.666273 , 0.733248 , 0
-0.691485 , 0.709482 , 0
-0.715854 , 0.684852 , 0
-0.739352 , 0.659387 , 0
-0.761948 , 0.633119 , 0
-0.783616 , 0.60608 , 0
-0.804329 , 0.578302 , 0
-0.824063 , 0.54982 , 0
-0.842792 , 0.520668 , 0
-0.860494 , 0.490881 , 0
-0.877148 , 0.460496 , 0
-0.892733 , 0.42955 , 0
-0.907231 , 0.398081 , 0
-0.920624 , 0.366126 , 0
-0.932895 , 0.333726 , 0
-0.94403 , 0.300919 , 0
-0.954016 , 0.267746 , 0
-0.962839 , 0.234246 , 0
-0.970491 , 0.200461 , 0
-0.976962 , 0.166433 , 0
-0.982243 , 0.132201 , 0
-0.986329 , 0.0978088 , 0
-0.989216 , 0.0632974 , 0
-0.990899 , 0.0287089 , 0
-0.991377 , -0.00591467 , 0
-0.990651 , -0.0405311 , 0
-0.98872 , -0.0750984 , 0
-0.985588 , -0.109575 , 0
-0.981258 , -0.143918 , 0
-0.975737 , -0.178086 , 0
-0.969032 , -0.212039 , 0
-0.96115 , -0.245734 , 0
-0.952103 , -0.279131 , 0
-0.9419 , -0.31219 , 0
-0.930556 , -0.344871 , 0
-0.918084 , -0.377133 , 0
-0.904499 , -0.408939 , 0
-0.889819 , -0.44025 , 0
-0.874062 , -0.471028 , 0
-0.857247 , -0.501236 , 0
-0.839395 , -0.530838 , 0
-0.820528 , -0.559798 , 0
-0.800669 , -0.588082 , 0
-0.779843 , -0.615655 , 0
-0.758074 , -0.642486 , 0
-0.735391 , -0.66854 , 0
-0.71182 , -0.693788 , 0
-0.68739 , -0.7182 , 0
-0.662132 , -0.741746 , 0
-0.636075 , -0.764398 , 0
-0.609253 , -0.786129 , 0
-0.581696 , -0.806915 , 0
-0.55344 , -0.826729 , 0
-0.524517 , -0.845549 , 0
-0.494964 , -0.863352 , 0
-0.464816 , -0.880118 , 0
-0.434109 , -0.895827 , 0
-0.402881 , -0.910461 , 0
-0.371169 , -0.924001 , 0
-0.339011 , -0.936434 , 0
-0.306447 , -0.947744 , 0
-0.273516 , -0.957918 , 0
-0.240256 , -0.966944 , 0
-0.206709 , -0.974813 , 0
-0.172913 , -0.981514 , 0
-0.138911 , -0.987042 , 0
-0.104743 , -0.991389 , 0
-0.0704488 , -0.994551 , 0
-0.0360704 , -0.996525 , 0
-0.00164867 , -0.997308 , 0
0.0327752 , -0.996901 , 0
0.0671602 , -0.995304 , 0
0.101465 , -0.99252 , 0
0.13565 , -0.988552 , 0
0.169672 , -0.983405 , 0
0.203493 , -0.977087 , 0
0.237072 , -0.969605 , 0
0.270369 , -0.960968 , 0
0.303343 , -0.951187 , 0
0.335957 , -0.940274 , 0
0.368172 , -0.928242 , 0
0.399949 , -0.915107 , 0
0.431251 , -0.900883 , 0
0.46204 , -0.885589 , 0
0.49228 , -0.869242 , 0
0.521936 , -0.851863 , 0
0.550972 , -0.833472 , 0
0.579354 , -0.814091 , 0
0.607048 , -0.793744 , 0
0.634022 , -0.772455 , 0
0.660244 , -0.750249 , 0
0.685682 , -0.727154 , 0
0.710308 , -0.703195 , 0
0.734091 , -0.678403 , 0
0.757003 , -0.652807 , 0
0.779019 , -0.626436 , 0
0.80011 , -0.599323 , 0
0.820254 , -0.571499 , 0
0.839425 , -0.542998 , 0
0.857602 , -0.513854 , 0
0.874762 , -0.484101 , 0
0.890886 , -0.453774 , 0
0.905954 , -0.42291 , 0
0.919949 , -0.391544 , 0
0.932854 , -0.359715 , 0
0.944653 , -0.327459 , 0
0.955333 , -0.294816 , 0
0.964882 , -0.261824 , 0
0.973286 , -0.228521 , 0
0.980538 , -0.194948 , 0
0.986627 , -0.161143 , 0
0.991547 , -0.127148 , 0
0.995291 , -0.0930025 , 0
0.997856 , -0.0587467 , 0
0.999237 , -0.0244215 , 0
0.999433 , 0.0099326 , 0
0.998444 , 0.0442747 , 0
0.996271 , 0.0785641 , 0
0.992915 , 0.11276 , 0
0.988381 , 0.146822 , 0
0.982674 , 0.180709 , 0
0.975801 , 0.214382 , 0
0.967768 , 0.2478 , 0
0.958586 , 0.280923 , 0
0.948265 , 0.313713 , 0
0.936817 , 0.346129 , 0
0.924256 , 0.378133 , 0
0.910595 , 0.409688 , 0
0.895851 , 0.440755 , 0
0.880041 , 0.471297 , 0
0.863184 , 0.501278 , 0
0.845298 , 0.530662 , 0
0.826406 , 0.559414 , 0
0.806529 , 0.587499 , 0
0.785691 , 0.614883 , 0
0.763916 , 0.641533 , 0
0.74123 , 0.667418 , 0
0.717659 , 0.692506 , 0
0.693231 , 0.716768 , 0
0.667975 , 0.740172 , 0
0.641921 , 0.762692 , 0
0.6151 , 0.7843 , 0
0.587544 , 0.80497 , 0
0.559284 , 0.824677 , 0
0.530355 , 0.843395 , 0
0.500791 , 0.861104 , 0
0.470627 , 0.877781 , 0
0.439899 , 0.893405 , 0
0.408643 , 0.907958 , 0
0.376897 , 0.921421 , 0
0.344699 , 0.933777 , 0
0.312087 , 0.945012 , 0
0.279101 , 0.955112 , 0
0.245779 , 0.964063 , 0
0.212161 , 0.971854 , 0
0.178288 , 0.978476 , 0
0.144201 , 0.98392 , 0
0.10994 , 0.988178 , 0
0.0755472 , 0.991246 , 0
0.0410631 , 0.993119 , 0
0.00652973 , 0.993793 , 0
-0.0280114 , 0.993269 , 0
-0.0625186 , 0.991545 , 0
-0.0969501 , 0.988623 , 0
-0.131264 , 0.984507 , 0
-0.16542 , 0.9792 , 0
-0.199375 , 0.97271 , 0
-0.233089 , 0.965042 , 0
-0.26652 , 0.956206 , 0
-0.299629 , 0.946212 , 0
-0.332375 , 0.935071 , 0
-0.364717 , 0.922798 , 0
-0.396618 , 0.909405 , 0
-0.428037 , 0.89491 , 0
-0.458936 , 0.879328 , 0
-0.489279 , 0.862679 , 0
-0.519027 , 0.844983 , 0
-0.548145 , 0.82626 , 0
-0.576596 , 0.806534 , 0
-0.604347 , 0.785827 , 0
-0.631363 , 0.764164 , 0
-0.657611 , 0.741572 , 0
-0.683059 , 0.718078 , 0
-0.707675 , 0.693711 , 0
-0.73143 , 0.668498 , 0
-0.754295 , 0.642472 , 0
-0.77624 , 0.615664 , 0
-0.797241 , 0.588106 , 0
-0.81727 , 0.559831 , 0
-0.836303 , 0.530874 , 0
-0.854317 , 0.50127 , 0
-0.871289 , 0.471055 , 0
-0.8872 , 0.440266 , 0
-0.902028 , 0.40894 , 0
-0.915757 , 0.377116 , 0
-0.928369 , 0.344831 , 0
-0.939849 , 0.312127 , 0
-0.950182 , 0.279041 , 0
-0.959357 , 0.245615 , 0
-0.967361 , 0.211889 , 0
-0.974185 , 0.177905 , 0
-0.979821 , 0.143704 , 0
-0.984262 , 0.109328 , 0
-0.987503 , 0.074818 , 0
-0.989539 , 0.040217 , 0
-0.990368 , 0.00556688 , 0
-0.98999 , -0.02909 , 0
-0.988405 , -0.0637115 , 0
-0.985614 , -0.0982554 , 0
-0.981622 , -0.13268 , 0
-0.976434 , -0.166942 , 0
-0.970055 , -0.201001 , 0
-0.962495 , -0.234815 , 0
-0.953763 , -0.268344 , 0
-0.943868 , -0.301545 , 0
-0.932825 , -0.33438 , 0
-0.920645 , -0.366807 , 0
-0.907346 , -0.398788 , 0
-0.892942 , -0.430284 , 0
-0.877452 , -0.461257 , 0
-0.860895 , -0.491668 , 0
-0.843291 , -0.521483 , 0
-0.824663 , -0.550663 , 0
-0.805033 , -0.579175 , 0
-0.784425 , -0.606983 , 0
-0.762864 , -0.634055 , 0
-0.740378 , -0.660357 , 0
-0.716993 , -0.685858 , 0
-0.692739 , -0.710527 , 0
-0.667645 , -0.734336 , 0
-0.641742 , -0.757254 , 0
-0.615061 , -0.779256 , 0
-0.587636 , -0.800314 , 0
-0.559499 , -0.820403 , 0
-0.530686 , -0.839501 , 0
-0.50123 , -0.857583 , 0
-0.471169 , -0.874629 , 0
-0.440538 , -0.890618 , 0
-0.409376 , -0.905532 , 0
-0.377719 , -0.919354 , 0
-0.345606 , -0.932066 , 0
-0.313076 , -0.943654 , 0
-0.280169 , -0.954105 , 0
-0.246924 , -0.963407 , 0
-0.213382 , -0.971549 , 0
-0.179583 , -0.978522 , 0
-0.145567 , -0.984317 , 0
-0.111376 , -0.988929 , 0
-0.0770516 , -0.992353 , 0
-0.0426341 , -0.994584 , 0
-0.0081651 , -0.995622 , 0
0.0263139 , -0.995465 , 0
0.0607615 , -0.994114 , 0
0.0951365 , -0.99157 , 0
0.129398 , -0.987839 , 0
0.163504 , -0.982925 , 0
0.197415 , -0.976833 , 0
0.23109 , -0.969573 , 0
0.264489 , -0.961153 , 0
0.297572 , -0.951584 , 0
0.330299 , -0.940878 , 0
0.362632 , -0.929047 , 0
0.394532 , -0.916107 , 0
0.425962 , -0.902074 , 0
0.456884 , -0.886965 , 0
0.487261 , -0.870798 , 0
0.517057 , -0.853593 , 0
0.546238 , -0.83537 , 0
0.574768 , -0.816153 , 0
0.602614 , -0.795963 , 0
0.629743 , -0.774826 , 0
0.656123 , -0.752767 , 0
0.681722 , -0.729813 , 0
0.706512 , -0.705991 , 0
0.730461 , -0.681329 , 0
0.753543 , -0.655858 , 0
0.77573 , -0.629608 , 0
0.796996 , -0.60261 , 0
0.817316 , -0.574896 , 0
0.836666 , -0.5465 , 0
0.855023 , -0.517455 , 0
0.872366 , -0.487796 , 0
0.888675 , -0.457559 , 0
0.903929 , -0.426779 , 0
0.918112 , -0.395493 , 0
0.931207 , -0.363738 , 0
0.943199 , -0.331551 , 0
0.954072 , -0.298972 , 0
0.963816 , -0.266038 , 0
0.972417 , -0.23279 , 0
0.979867 , -0.199265 , 0
0.986157 , -0.165504 , 0
0.991278 , -0.131547 , 0
0.995225 , -0.0974349 , 0
0.997994 , -0.0632069 , 0
0.999581 , -0.0289041 , 0
0.999985 , 0.00543298 , 0
0.999204 , 0.0397636 , 0
0.99724 , 0.0740471 , 0
0.994096 , 0.108243 , 0
0.989774 , 0.14231 , 0
0.984279 , 0.176209 , 0
0.97762 , 0.209899 , 0
0.969802 , 0.243341 , 0
0.960835 , 0.276494 , 0
0.95073 , 0.309319 , 0
0.939498 , 0.341778 , 0
0.927153 , 0.373832 , 0
0.913709 , 0.405442 , 0
0.899182 , 0.436572 , 0
0.883589 , 0.467183 , 0
0.866948 , 0.497241 , 0
0.849279 , 0.526709 , 0
0.830602 , 0.555551 , 0
0.810939 , 0.583734 , 0
0.790314 , 0.611224 , 0
0.76875 , 0.637988 , 0
