x , y , z
5.2 , 0 , 0
5.19998 , 0.0150929 , 0
5.19991 , 0.0301857 , 0
5.1998 , 0.0452782 , 0
5.19965 , 0.0603703 , 0
5.19946 , 0.075462 , 0
5.19922 , 0.0905529 , 0
5.19893 , 0.105643 , 0
5.1986 , 0.120733 , 0
5.19823 , 0.135821 , 0
5.19782 , 0.150908 , 0
5.19736 , 0.165994 , 0
5.19686 , 0.181079 , 0
5.19632 , 0.196162 , 0
5.19573 , 0.211243 , 0
5.1951 , 0.226323 , 0
5.19442 , 0.2414 , 0
5.1937 , 0.256476 , 0
5.19294 , 0.27155 , 0
5.19213 , 0.286621 , 0
5.19128 , 0.30169 , 0
5.19039 , 0.316756 , 0
5.18945 , 0.33182 , 0
5.18847 , 0.346881 , 0
5.18745 , 0.361939 , 0
5.18638 , 0.376993 , 0
5.18527 , 0.392045 , 0
5.18412 , 0.407094 , 0
5.18292 , 0.422139 , 0
5.18168 , 0.43718 , 0
5.18039 , 0.452218 , 0
5.17907 , 0.467252 , 0
5.17769 , 0.482283 , 0
5.17628 , 0.497309 , 0
5.17482 , 0.512331 , 0
5.17332 , 0.527348 , 0
5.17178 , 0.542362 , 0
5.17019 , 0.55737 , 0
5.16856 , 0.572374 , 0
5.16688 , 0.587374 , 0
5.16516 , 0.602368 , 0
5.1634 , 0.617357 , 0
5.1616 , 0.632341 , 0
5.15975 , 0.64732 , 0
5.15786 , 0.662293 , 0
5.15592 , 0.677261 , 0
5.15394 , 0.692223 , 0
5.15192 , 0.70718 , 0
5.14986 , 0.72213 , 0
5.14775 , 0.737074 , 0
5.1456 , 0.752013 , 0
5.14341 , 0.766944 , 0
5.14117 , 0.78187 , 0
5.13889 , 0.796789 , 0
5.13657 , 0.811701 , 0
5.1342 , 0.826606 , 0
5.13179 , 0.841505 , 0
5.12934 , 0.856396 , 0
5.12685 , 0.87128 , 0
5.12431 , 0.886157 , 0
5.12173 , 0.901027 , 0
5.1191 , 0.915889 , 0
5.11644 , 0.930743 , 0
5.11373 , 0.94559 , 0
5.11097 , 0.960428 , 0
5.10818 , 0.975259 , 0
5.10534 , 0.990081 , 0
5.10246 , 1.00489 , 0
5.09953 , 1.0197 , 0
5.09657 , 1.0345 , 0
5.09356 , 1.04929 , 0
5.09051 , 1.06407 , 0
5.08741 , 1.07884 , 0
5.08427 , 1.0936 , 0
5.08109 , 1.10835 , 0
5.07787 , 1.12309 , 0
5.07461 , 1.13783 , 0
5.0713 , 1.15255 , 0
5.06795 , 1.16727 , 0
5.06456 , 1.18197 , 0
5.06112 , 1.19667 , 0
5.05765 , 1.21135 , 0
5.05413 , 1.22603 , 0
5.05056 , 1.24069 , 0
5.04696 , 1.25534 , 0
5.04331 , 1.26999 , 0
5.03962 , 1.28462 , 0
5.03589 , 1.29924 , 0
5.03212 , 1.31385 , 0
5.0283 , 1.32845 , 0
5.02444 , 1.34304 , 0
5.02055 , 1.35762 , 0
5.0166 , 1.37219 , 0
5.01262 , 1.38674 , 0
5.00859 , 1.40129 , 0
5.00453 , 1.41582 , 0
5.00042 , 1.43034 , 0
4.99626 , 1.44484 , 0
4.99207 , 1.45934 , 0
4.98783 , 1.47382 , 0
4.98356 , 1.48829 , 0
4.97924 , 1.50275 , 0
4.97488 , 1.5172 , 0
4.97048 , 1.53163 , 0
4.96603 , 1.54605 , 0
4.96155 , 1.56046 , 0
4.95702 , 1.57485 , 0
4.95245 , 1.58924 , 0
4.94784 , 1.6036 , 0
4.94319 , 1.61796 , 0
4.93849 , 1.6323 , 0
4.93376 , 1.64663 , 0
4.92898 , 1.66094 , 0
4.92417 , 1.67524 , 0
4.91931 , 1.68952 , 0
4.91441 , 1.7038 , 0
4.90947 , 1.71805 , 0
4.90449 , 1.7323 , 0
4.89946 , 1.74652 , 0
4.8944 , 1.76074 , 0
4.88929 , 1.77494 , 0
4.88415 , 1.78912 , 0
4.87896 , 1.80329 , 0
4.87373 , 1.81744 , 0
4.86846 , 1.83158 , 0
4.86316 , 1.8457 , 0
4.85781 , 1.85981 , 0
4.85241 , 1.8739 , 0
4.84698 , 1.88798 , 0
4.84151 , 1.90204 , 0
4.836 , 1.91609 , 0
4.83045 , 1.93012 , 0
4.82485 , 1.94413 , 0
4.81922 , 1.95812 , 0
4.81354 , 1.9721 , 0
4.80783 , 1.98607 , 0
4.80207 , 2.00001 , 0
4.79628 , 2.01394 , 0
4.79044 , 2.02786 , 0
4.78457 , 2.04175 , 0
4.77865 , 2.05563 , 0
4.7727 , 2.06949 , 0
4.7667 , 2.08334 , 0
4.76067 , 2.09717 , 0
4.75459 , 2.11097 , 0
4.74848 , 2.12477 , 0
4.74232 , 2.13854 , 0
4.73613 , 2.1523 , 0
4.72989 , 2.16603 , 0
4.72362 , 2.17975 , 0
4.71731 , 2.19346 , 0
4.71095 , 2.20714 , 0
4.70456 , 2.2208 , 0
4.69813 , 2.23445 , 0
4.69166 , 2.24808 , 0
4.68515 , 2.26169 , 0
4.6786 , 2.27528 , 0
4.67201 , 2.28885 , 0
4.66538 , 2.3024 , 0
4.65872 , 2.31593 , 0
4.65201 , 2.32944 , 0
4.64526 , 2.34294 , 0
4.63848 , 2.35641 , 0
4.63166 , 2.36987 , 0
4.6248 , 2.3833 , 0
4.6179 , 2.39671 , 0
4.61096 , 2.41011 , 0
4.60398 , 2.42348 , 0
4.59697 , 2.43684 , 0
4.58991 , 2.45017 , 0
4.58282 , 2.46348 , 0
4.57569 , 2.47678 , 0
4.56852 , 2.49005 , 0
4.56131 , 2.5033 , 0
4.55407 , 2.51653 , 0
4.54678 , 2.52974 , 0
4.53946 , 2.54292 , 0
4.5321 , 2.55609 , 0
4.5247 , 2.56923 , 0
4.51727 , 2.58236 , 0
4.50979 , 2.59546 , 0
4.50228 , 2.60854 , 0
4.49473 , 2.6216 , 0
4.48715 , 2.63463 , 0
4.47952 , 2.64765 , 0
4.47186 , 2.66064 , 0
4.46416 , 2.67361 , 0
4.45643 , 2.68656 , 0
4.44865 , 2.69948 , 0
4.44084 , 2.71238 , 0
4.43299 , 2.72526 , 0
4.42511 , 2.73812 , 0
4.41719 , 2.75096 , 0
4.40923 , 2.76377 , 0
4.40123 , 2.77655 , 0
4.3932 , 2.78932 , 0
4.38513 , 2.80206 , 0
4.37702 , 2.81478 , 0
4.36888 , 2.82747 , 0
4.3607 , 2.84014 , 0
4.35249 , 2.85279 , 0
4.34423 , 2.86541 , 0
4.33595 , 2.87801 , 0
4.32762 , 2.89059 , 0
4.31926 , 2.90314 , 0
4.31086 , 2.91566 , 0
4.30243 , 2.92817 , 0
4.29396 , 2.94064 , 0
4.28546 , 2.9531 , 0
4.27692 , 2.96552 , 0
4.26834 , 2.97793 , 0
4.25973 , 2.99031 , 0
4.25108 , 3.00266 , 0
4.2424 , 3.01499 , 0
4.23368 , 3.02729 , 0
4.22492 , 3.03957 , 0
4.21613 , 3.05182 , 0
4.20731 , 3.06405 , 0
4.19845 , 3.07625 , 0
4.18955 , 3.08843 , 0
4.18062 , 3.10058 , 0
4.17166 , 3.1127 , 0
4.16266 , 3.1248 , 0
4.15362 , 3.13687 , 0
4.14455 , 3.14892 , 0
4.13545 , 3.16094 , 0
4.12631 , 3.17293 , 0
4.11714 , 3.1849 , 0
4.10793 , 3.19684 , 0
4.09869 , 3.20875 , 0
4.08941 , 3.22063 , 0
4.0801 , 3.23249 , 0
4.07076 , 3.24433 , 0
4.06138 , 3.25613 , 0
4.05196 , 3.26791 , 0
4.04252 , 3.27966 , 0
4.03304 , 3.29138 , 0
4.02352 , 3.30308 , 0
4.01398 , 3.31475 , 0
4.0044 , 3.32639 , 0
3.99478 , 3.338 , 0
3.98513 , 3.34958 , 0
3.97545 , 3.36114 , 0
3.96574 , 3.37267 , 0
3.95599 , 3.38417 , 0
3.94621 , 3.39564 , 0
3.9364 , 3.40709 , 0
3.92655 , 3.4185 , 0
3.91667 , 3.42989 , 0
3.90676 , 3.44125 , 0
3.89681 , 3.45258 , 0
3.88684 , 3.46388 , 0
3.87683 , 3.47515 , 0
3.86678 , 3.48639 , 0
3.85671 , 3.4976 , 0
3.8466 , 3.50879 , 0
3.83647 , 3.51994 , 0
3.82629 , 3.53107 , 0
3.81609 , 3.54217 , 0
3.80586 , 3.55323 , 0
3.79559 , 3.56427 , 0
3.78529 , 3.57528 , 0
3.77496 , 3.58625 , 0
3.7646 , 3.5972 , 0
3.75421 , 3.60812 , 0
3.74379 , 3.619 , 0
3.73333 , 3.62986 , 0
3.72284 , 3.64069 , 0
3.71233 , 3.65148 , 0
3.70178 , 3.66225 , 0
3.6912 , 3.67298 , 0
3.68059 , 3.68369 , 0
3.66995 , 3.69436 , 0
3.65928 , 3.70501 , 0
3.64857 , 3.71562 , 0
3.63784 , 3.7262 , 0
3.62708 , 3.73675 , 0
3.61629 , 3.74727 , 0
3.60546 , 3.75775 , 0
3.59461 , 3.76821 , 0
3.58373 , 3.77863 , 0
3.57281 , 3.78903 , 0
3.56187 , 3.79939 , 0
3.5509 , 3.80972 , 0
3.53989 , 3.82002 , 0
3.52886 , 3.83028 , 0
3.5178 , 3.84052 , 0
3.50671 , 3.85072 , 0
3.49559 , 3.86089 , 0
3.48444 , 3.87103 , 0
3.47326 , 3.88113 , 0
3.46205 , 3.8912 , 0
3.45082 , 3.90124 , 0
3.43955 , 3.91125 , 0
3.42826 , 3.92123 , 0
3.41694 , 3.93117 , 0
3.40559 , 3.94108 , 0
3.39421 , 3.95096 , 0
3.3828 , 3.9608 , 0
3.37136 , 3.97061 , 0
3.3599 , 3.98039 , 0
3.34841 , 3.99013 , 0
3.33689 , 3.99984 , 0
3.32534 , 4.00952 , 0
3.31376 , 4.01917 , 0
3.30216 , 4.02878 , 0
3.29053 , 4.03836 , 0
3.27887 , 4.0479 , 0
3.26719 , 4.05741 , 0
3.25547 , 4.06689 , 0
3.24373 , 4.07633 , 0
3.23197 , 4.08574 , 0
3.22017 , 4.09511 , 0
3.20835 , 4.10445 , 0
3.19651 , 4.11376 , 0
3.18463 , 4.12303 , 0
3.17273 , 4.13226 , 0
3.1608 , 4.14147 , 0
3.14885 , 4.15063 , 0
3.13687 , 4.15977 , 0
3.12487 , 4.16887 , 0
3.11283 , 4.17793 , 0
3.10078 , 4.18696 , 0
3.08869 , 4.19595 , 0
3.07658 , 4.20491 , 0
3.06445 , 4.21384 , 0
3.05229 , 4.22273 , 0
3.0401 , 4.23158 , 0
3.02789 , 4.2404 , 0
3.01565 , 4.24918 , 0
3.00339 , 4.25793 , 0
2.99111 , 4.26664 , 0
2.97879 , 4.27532 , 0
2.96646 , 4.28396 , 0
2.9541 , 4.29257 , 0
2.94171 , 4.30114 , 0
2.9293 , 4.30967 , 0
2.91687 , 4.31817 , 0
2.90441 , 4.32663 , 0
2.89192 , 4.33506 , 0
2.87942 , 4.34345 , 0
2.86688 , 4.3518 , 0
2.85433 , 4.36012 , 0
2.84175 , 4.3684 , 0
2.82915 , 4.37665 , 0
2.81652 , 4.38485 , 0
2.80387 , 4.39303 , 0
2.7912 , 4.40116 , 0
2.7785 , 4.40926 , 0
2.76578 , 4.41732 , 0
2.75304 , 4.42535 , 0
2.74028 , 4.43334 , 0
2.72749 , 4.44129 , 0
2.71468 , 4.4492 , 0
2.70184 , 4.45708 , 0
2.68899 , 4.46492 , 0
2.67611 , 4.47272 , 0
2.66321 , 4.48049 , 0
2.65029 , 4.48822 , 0
2.63734 , 4.49591 , 0
2.62437 , 4.50356 , 0
2.61139 , 4.51118 , 0
2.59838 , 4.51876 , 0
2.58534 , 4.5263 , 0
2.57229 , 4.5338 , 0
2.55921 , 4.54127 , 0
2.54612 , 4.54869 , 0
2.533 , 4.55608 , 0
2.51986 , 4.56344 , 0
2.5067 , 4.57075 , 0
2.49352 , 4.57803 , 0
2.48032 , 4.58527 , 0
2.4671 , 4.59247 , 0
2.45386 , 4.59963 , 0
2.4406 , 4.60675 , 0
2.42731 , 4.61384 , 0
2.41401 , 4.62088 , 0
2.40069 , 4.62789 , 0
2.38734 , 4.63486 , 0
2.37398 , 4.64179 , 0
2.3606 , 4.64868 , 0
2.34719 , 4.65554 , 0
2.33377 , 4.66235 , 0
2.32033 , 4.66913 , 0
2.30687 , 4.67587 , 0
2.29339 , 4.68257 , 0
2.27989 , 4.68923 , 0
2.26637 , 4.69585 , 0
2.25284 , 4.70243 , 0
2.23928 , 4.70897 , 0
2.22571 , 4.71547 , 0
2.21211 , 4.72194 , 0
2.1985 , 4.72836 , 0
2.18487 , 4.73475 , 0
2.17123 , 4.74109 , 0
2.15756 , 4.7474 , 0
2.14388 , 4.75367 , 0
2.13018 , 4.7599 , 0
2.11646 , 4.76609 , 0
2.10272 , 4.77223 , 0
2.08897 , 4.77834 , 0
2.0752 , 4.78441 , 0
2.06141 , 4.79044 , 0
2.0476 , 4.79643 , 0
2.03378 , 4.80238 , 0
2.01994 , 4.80829 , 0
2.00608 , 4.81416 , 0
1.99221 , 4.81999 , 0
1.97832 , 4.82578 , 0
1.96441 , 4.83153 , 0
1.95049 , 4.83724 , 0
1.93655 , 4.84291 , 0
1.9226 , 4.84854 , 0
1.90863 , 4.85413 , 0
1.89464 , 4.85968 , 0
1.88064 , 4.86519 , 0
1.86662 , 4.87065 , 0
1.85259 , 4.87608 , 0
1.83854 , 4.88147 , 0
1.82447 , 4.88681 , 0
1.81039 , 4.89212 , 0
1.7963 , 4.89739 , 0
1.78219 , 4.90261 , 0
1.76807 , 4.90779 , 0
1.75393 , 4.91294 , 0
1.73977 , 4.91804 , 0
1.72561 , 4.9231 , 0
1.71143 , 4.92812 , 0
1.69723 , 4.9331 , 0
1.68302 , 4.93804 , 0
1.66879 , 4.94294 , 0
1.65456 , 4.94779 , 0
1.6403 , 4.95261 , 0
1.62604 , 4.95738 , 0
1.61176 , 4.96212 , 0
1.59747 , 4.96681 , 0
1.58316 , 4.97146 , 0
1.56884 , 4.97607 , 0
1.55451 , 4.98064 , 0
1.54017 , 4.98516 , 0
1.52581 , 4.98965 , 0
1.51144 , 4.99409 , 0
1.49706 , 4.9985 , 0
1.48266 , 5.00286 , 0
1.46825 , 5.00718 , 0
1.45383 , 5.01146 , 0
1.4394 , 5.01569 , 0
1.42496 , 5.01989 , 0
1.4105 , 5.02404 , 0
1.39604 , 5.02815 , 0
1.38156 , 5.03222 , 0
1.36707 , 5.03625 , 0
1.35257 , 5.04024 , 0
1.33805 , 5.04418 , 0
1.32353 , 5.04808 , 0
1.30899 , 5.05195 , 0
1.29445 , 5.05576 , 0
1.27989 , 5.05954 , 0
1.26532 , 5.06328 , 0
1.25075 , 5.06697 , 0
1.23616 , 5.07062 , 0
1.22156 , 5.07423 , 0
1.20695 , 5.0778 , 0
1.19233 , 5.08132 , 0
1.17771 , 5.0848 , 0
1.16307 , 5.08825 , 0
1.14842 , 5.09164 , 0
1.13376 , 5.095 , 0
1.1191 , 5.09831 , 0
1.10442 , 5.10159 , 0
1.08974 , 5.10481 , 0
1.07504 , 5.108 , 0
1.06034 , 5.11115 , 0
1.04563 , 5.11425 , 0
1.03091 , 5.11731 , 0
1.01618 , 5.12033 , 0
1.00144 , 5.1233 , 0
0.986696 , 5.12623 , 0
0.971942 , 5.12912 , 0
0.95718 , 5.13197 , 0
0.942411 , 5.13478 , 0
0.927633 , 5.13754 , 0
0.912848 , 5.14026 , 0
0.898055 , 5.14294 , 0
0.883255 , 5.14557 , 0
0.868447 , 5.14817 , 0
0.853632 , 5.15072 , 0
0.838811 , 5.15322 , 0
0.823982 , 5.15569 , 0
0.809146 , 5.15811 , 0
0.794304 , 5.16049 , 0
0.779455 , 5.16282 , 0
0.7646 , 5.16512 , 0
0.749738 , 5.16737 , 0
0.73487 , 5.16957 , 0
0.719996 , 5.17174 , 0
0.705116 , 5.17386 , 0
0.69023 , 5.17594 , 0
0.675339 , 5.17798 , 0
0.660442 , 5.17997 , 0
0.645539 , 5.18192 , 0
0.630631 , 5.18383 , 0
0.615718 , 5.1857 , 0
0.6008 , 5.18752 , 0
0.585877 , 5.1893 , 0
0.570949 , 5.19103 , 0
0.556016 , 5.19273 , 0
0.541079 , 5.19438 , 0
0.526137 , 5.19598 , 0
0.511191 , 5.19755 , 0
0.49624 , 5.19907 , 0
0.481286 , 5.20055 , 0
0.466327 , 5.20198 , 0
0.451365 , 5.20337 , 0
0.436399 , 5.20472 , 0
0.421429 , 5.20603 , 0
0.406456 , 5.20729 , 0
0.39148 , 5.20851 , 0
0.3765 , 5.20969 , 0
0.361517 , 5.21082 , 0
0.346531 , 5.21191 , 0
0.331542 , 5.21296 , 0
0.316551 , 5.21396 , 0
0.301557 , 5.21492 , 0
0.28656 , 5.21584 , 0
0.271561 , 5.21672 , 0
0.25656 , 5.21755 , 0
0.241556 , 5.21834 , 0
0.226551 , 5.21908 , 0
0.211544 , 5.21979 , 0
0.196535 , 5.22045 , 0
0.181524 , 5.22106 , 0
0.166512 , 5.22163 , 0
0.151499 , 5.22216 , 0
0.136484 , 5.22265 , 0
0.121468 , 5.22309 , 0
0.106451 , 5.22349 , 0
0.0914335 , 5.22385 , 0
0.076415 , 5.22416 , 0
0.0613959 , 5.22443 , 0
0.0463762 , 5.22466 , 0
0.0313562 , 5.22485 , 0
0.0163359 , 5.22499 , 0
0.00131553 , 5.22509 , 0
-0.0137049 , 5.22514 , 0
-0.0287252 , 5.22515 , 0
-0.0437453 , 5.22512 , 0
-0.058765 , 5.22504 , 0
-0.0737842 , 5.22493 , 0
-0.0888028 , 5.22477 , 0
-0.103821 , 5.22456 , 0
-0.118838 , 5.22431 , 0
-0.133854 , 5.22402 , 0
-0.148869 , 5.22369 , 0
-0.163882 , 5.22331 , 0
-0.178895 , 5.22289 , 0
-0.193906 , 5.22243 , 0
-0.208915 , 5.22192 , 0
-0.223922 , 5.22137 , 0
-0.238928 , 5.22078 , 0
-0.253932 , 5.22014 , 0
-0.268934 , 5.21947 , 0
-0.283933 , 5.21874 , 0
-0.29893 , 5.21798 , 0
-0.313925 , 5.21717 , 0
-0.328917 , 5.21632 , 0
-0.343906 , 5.21542 , 0
-0.358892 , 5.21449 , 0
-0.373876 , 5.21351 , 0
-0.388856 , 5.21248 , 0
-0.403833 , 5.21142 , 0
-0.418807 , 5.21031 , 0
-0.433778 , 5.20916 , 0
-0.448745 , 5.20796 , 0
-0.463708 , 5.20672 , 0
-0.478667 , 5.20544 , 0
-0.493622 , 5.20412 , 0
-0.508574 , 5.20275 , 0
-0.523521 , 5.20134 , 0
-0.538463 , 5.19988 , 0
-0.553402 , 5.19839 , 0
-0.568335 , 5.19685 , 0
-0.583264 , 5.19527 , 0
-0.598189 , 5.19364 , 0
-0.613108 , 5.19198 , 0
-0.628022 , 5.19026 , 0
-0.642931 , 5.18851 , 0
-0.657835 , 5.18672 , 0
-0.672733 , 5.18488 , 0
-0.687626 , 5.183 , 0
-0.702513 , 5.18107 , 0
-0.717395 , 5.1791 , 0
-0.73227 , 5.17709 , 0
-0.747139 , 5.17504 , 0
-0.762003 , 5.17295 , 0
-0.776859 , 5.17081 , 0
-0.79171 , 5.16863 , 0
-0.806554 , 5.1664 , 0
-0.821391 , 5.16414 , 0
-0.836222 , 5.16183 , 0
-0.851046 , 5.15948 , 0
-0.865862 , 5.15709 , 0
-0.880672 , 5.15465 , 0
-0.895474 , 5.15217 , 0
-0.910269 , 5.14965 , 0
-0.925056 , 5.14709 , 0
-0.939836 , 5.14448 , 0
-0.954608 , 5.14183 , 0
-0.969372 , 5.13914 , 0
-0.984128 , 5.13641 , 0
-0.998876 , 5.13364 , 0
-1.01362 , 5.13082 , 0
-1.02835 , 5.12796 , 0
-1.04307 , 5.12506 , 0
-1.05778 , 5.12211 , 0
-1.07249 , 5.11913 , 0
-1.08719 , 5.1161 , 0
-1.10188 , 5.11303 , 0
-1.11655 , 5.10991 , 0
-1.13122 , 5.10676 , 0
-1.14588 , 5.10356 , 0
-1.16053 , 5.10032 , 0
-1.17518 , 5.09704 , 0
-1.18981 , 5.09372 , 0
-1.20443 , 5.09035 , 0
-1.21904 , 5.08695 , 0
-1.23364 , 5.0835 , 0
-1.24823 , 5.08001 , 0
-1.26282 , 5.07647 , 0
-1.27739 , 5.0729 , 0
-1.29195 , 5.06928 , 0
-1.3065 , 5.06563 , 0
-1.32104 , 5.06193 , 0
-1.33556 , 5.05819 , 0
-1.35008 , 5.0544 , 0
-1.36459 , 5.05058 , 0
-1.37908 , 5.04671 , 0
-1.39357 , 5.0428 , 0
-1.40804 , 5.03885 , 0
-1.4225 , 5.03486 , 0
-1.43695 , 5.03083 , 0
-1.45138 , 5.02676 , 0
-1.46581 , 5.02264 , 0
-1.48022 , 5.01849 , 0
-1.49462 , 5.01429 , 0
-1.50901 , 5.01005 , 0
-1.52339 , 5.00577 , 0
-1.53775 , 5.00145 , 0
-1.5521 , 4.99709 , 0
-1.56644 , 4.99268 , 0
-1.58076 , 4.98824 , 0
-1.59508 , 4.98375 , 0
-1.60938 , 4.97923 , 0
-1.62366 , 4.97466 , 0
-1.63793 , 4.97005 , 0
-1.65219 , 4.9654 , 0
-1.66644 , 4.96071 , 0
-1.68067 , 4.95598 , 0
-1.69489 , 4.95121 , 0
-1.70909 , 4.9464 , 0
-1.72328 , 4.94154 , 0
-1.73746 , 4.93665 , 0
-1.75162 , 4.93171 , 0
-1.76577 , 4.92674 , 0
-1.7799 , 4.92172 , 0
-1.79402 , 4.91667 , 0
-1.80812 , 4.91157 , 0
-1.82221 , 4.90644 , 0
-1.83628 , 4.90126 , 0
-1.85034 , 4.89604 , 0
-1.86438 , 4.89078 , 0
-1.87841 , 4.88549 , 0
-1.89242 , 4.88015 , 0
-1.90642 , 4.87477 , 0
-1.9204 , 4.86935 , 0
-1.93436 , 4.86389 , 0
-1.94831 , 4.85839 , 0
-1.96225 , 4.85286 , 0
-1.97616 , 4.84728 , 0
-1.99006 , 4.84166 , 0
-2.00395 , 4.836 , 0
-2.01782 , 4.8303 , 0
-2.03167 , 4.82457 , 0
-2.0455 , 4.81879 , 0
-2.05932 , 4.81297 , 0
-2.07312 , 4.80712 , 0
-2.08691 , 4.80122 , 0
-2.10067 , 4.79529 , 0
-2.11442 , 4.78931 , 0
-2.12815 , 4.7833 , 0
-2.14187 , 4.77725 , 0
-2.15557 , 4.77116 , 0
-2.16925 , 4.76502 , 0
-2.18291 , 4.75885 , 0
-2.19655 , 4.75264 , 0
-2.21018 , 4.7464 , 0
-2.22378 , 4.74011 , 0
-2.23737 , 4.73378 , 0
-2.25094 , 4.72742 , 0
-2.2645 , 4.72101 , 0
-2.27803 , 4.71457 , 0
-2.29154 , 4.70809 , 0
-2.30504 , 4.70157 , 0
-2.31852 , 4.69501 , 0
-2.33198 , 4.68841 , 0
-2.34542 , 4.68177 , 0
-2.35884 , 4.6751 , 0
-2.37224 , 4.66839 , 0
-2.38562 , 4.66164 , 0
-2.39898 , 4.65485 , 0
-2.41232 , 4.64802 , 0
-2.42564 , 4.64115 , 0
-2.43894 , 4.63425 , 0
-2.45223 , 4.62731 , 0
-2.46549 , 4.62033 , 0
-2.47873 , 4.61331 , 0
-2.49195 , 4.60625 , 0
-2.50515 , 4.59916 , 0
-2.51833 , 4.59203 , 0
-2.53149 , 4.58486 , 0
-2.54463 , 4.57765 , 0
-2.55775 , 4.57041 , 0
-2.57085 , 4.56313 , 0
-2.58392 , 4.55581 , 0
-2.59698 , 4.54845 , 0
-2.61001 , 4.54106 , 0
-2.62302 , 4.53363 , 0
-2.63601 , 4.52616 , 0
-2.64898 , 4.51865 , 0
-2.66193 , 4.51111 , 0
-2.67485 , 4.50353 , 0
-2.68776 , 4.49591 , 0
-2.70064 , 4.48826 , 0
-2.7135 , 4.48057 , 0
-2.72633 , 4.47284 , 0
-2.73915 , 4.46508 , 0
-2.75194 , 4.45728 , 0
-2.76471 , 4.44944 , 0
-2.77746 , 4.44157 , 0
-2.79018 , 4.43366 , 0
-2.80288 , 4.42572 , 0
-2.81556 , 4.41773 , 0
-2.82821 , 4.40972 , 0
-2.84085 , 4.40166 , 0
-2.85345 , 4.39357 , 0
-2.86604 , 4.38544 , 0
-2.8786 , 4.37728 , 0
-2.89114 , 4.36908 , 0
-2.90365 , 4.36085 , 0
-2.91614 , 4.35258 , 0
-2.92861 , 4.34427 , 0
-2.94105 , 4.33593 , 0
-2.95347 , 4.32755 , 0
-2.96587 , 4.31914 , 0
-2.97824 , 4.31069 , 0
-2.99058 , 4.30221 , 0
-3.0029 , 4.29369 , 0
-3.0152 , 4.28514 , 0
-3.02747 , 4.27655 , 0
-3.03972 , 4.26793 , 0
-3.05194 , 4.25927 , 0
-3.06414 , 4.25057 , 0
-3.07631 , 4.24184 , 0
-3.08846 , 4.23308 , 0
-3.10058 , 4.22428 , 0
-3.11267 , 4.21545 , 0
-3.12474 , 4.20658 , 0
-3.13679 , 4.19768 , 0
-3.14881 , 4.18875 , 0
-3.1608 , 4.17978 , 0
-3.17277 , 4.17077 , 0
-3.18471 , 4.16173 , 0
-3.19663 , 4.15266 , 0
-3.20852 , 4.14355 , 0
-3.22038 , 4.13441 , 0
-3.23222 , 4.12524 , 0
-3.24403 , 4.11603 , 0
-3.25581 , 4.10679 , 0
-3.26757 , 4.09751 , 0
-3.2793 , 4.0882 , 0
-3.291 , 4.07886 , 0
-3.30268 , 4.06948 , 0
-3.31433 , 4.06008 , 0
-3.32595 , 4.05063 , 0
-3.33754 , 4.04116 , 0
-3.34911 , 4.03165 , 0
-3.36065 , 4.02211 , 0
-3.37216 , 4.01253 , 0
-3.38365 , 4.00292 , 0
-3.39511 , 3.99328 , 0
-3.40654 , 3.98361 , 0
-3.41794 , 3.9739 , 0
-3.42931 , 3.96417 , 0
-3.44066 , 3.95439 , 0
-3.45197 , 3.94459 , 0
-3.46326 , 3.93476 , 0
-3.47452 , 3.92489 , 0
-3.48576 , 3.91499 , 0
-3.49696 , 3.90506 , 0
-3.50814 , 3.89509 , 0
-3.51928 , 3.8851 , 0
-3.5304 , 3.87507 , 0
-3.54149 , 3.86501 , 0
-3.55255 , 3.85492 , 0
-3.56358 , 3.8448 , 0
-3.57458 , 3.83464 , 0
-3.58555 , 3.82446 , 0
-3.5965 , 3.81424 , 0
-3.60741 , 3.80399 , 0
-3.6183 , 3.79372 , 0
-3.62915 , 3.78341 , 0
-3.63997 , 3.77307 , 0
-3.65077 , 3.76269 , 0
-3.66153 , 3.75229 , 0
-3.67227 , 3.74186 , 0
-3.68298 , 3.73139 , 0
-3.69365 , 3.7209 , 0
-3.7043 , 3.71038 , 0
-3.71491 , 3.69982 , 0
-3.72549 , 3.68924 , 0
-3.73605 , 3.67862 , 0
-3.74657 , 3.66797 , 0
-3.75706 , 3.6573 , 0
-3.76753 , 3.64659 , 0
-3.77796 , 3.63586 , 0
-3.78836 , 3.62509 , 0
-3.79873 , 3.6143 , 0
-3.80906 , 3.60347 , 0
-3.81937 , 3.59262 , 0
-3.82965 , 3.58174 , 0
-3.83989 , 3.57083 , 0
-3.8501 , 3.55988 , 0
-3.86029 , 3.54891 , 0
-3.87044 , 3.53791 , 0
-3.88055 , 3.52688 , 0
-3.89064 , 3.51583 , 0
-3.90069 , 3.50474 , 0
-3.91072 , 3.49363 , 0
-3.92071 , 3.48248 , 0
-3.93067 , 3.47131 , 0
-3.94059 , 3.46011 , 0
-3.95049 , 3.44888 , 0
-3.96035 , 3.43763 , 0
-3.97018 , 3.42634 , 0
-3.97998 , 3.41503 , 0
-3.98974 , 3.40369 , 0
-3.99948 , 3.39232 , 0
-4.00917 , 3.38092 , 0
-4.01884 , 3.3695 , 0
-4.02848 , 3.35805 , 0
-4.03808 , 3.34657 , 0
-4.04764 , 3.33506 , 0
-4.05718 , 3.32353 , 0
-4.06668 , 3.31197 , 0
-4.07615 , 3.30038 , 0
-4.08559 , 3.28877 , 0
-4.09499 , 3.27712 , 0
-4.10436 , 3.26546 , 0
-4.11369 , 3.25376 , 0
-4.12299 , 3.24204 , 0
-4.13226 , 3.23029 , 0
-4.14149 , 3.21852 , 0
-4.15069 , 3.20672 , 0
-4.15986 , 3.19489 , 0
-4.16899 , 3.18304 , 0
-4.17809 , 3.17116 , 0
-4.18715 , 3.15925 , 0
-4.19618 , 3.14732 , 0
-4.20518 , 3.13537 , 0
-4.21414 , 3.12338 , 0
-4.22307 , 3.11138 , 0
-4.23196 , 3.09934 , 0
-4.24082 , 3.08728 , 0
-4.24964 , 3.0752 , 0
-4.25843 , 3.06309 , 0
-4.26718 , 3.05096 , 0
-4.2759 , 3.0388 , 0
-4.28458 , 3.02662 , 0
-4.29323 , 3.01441 , 0
-4.30185 , 3.00218 , 0
-4.31042 , 2.98992 , 0
-4.31897 , 2.97764 , 0
-4.32748 , 2.96533 , 0
-4.33595 , 2.953 , 0
-4.34439 , 2.94065 , 0
-4.35279 , 2.92827 , 0
-4.36115 , 2.91587 , 0
-4.36948 , 2.90344 , 0
-4.37778 , 2.89099 , 0
-4.38604 , 2.87852 , 0
-4.39426 , 2.86602 , 0
-4.40245 , 2.8535 , 0
-4.4106 , 2.84096 , 0
-4.41872 , 2.82839 , 0
-4.4268 , 2.8158 , 0
-4.43484 , 2.80319 , 0
-4.44285 , 2.79055 , 0
-4.45082 , 2.77789 , 0
-4.45875 , 2.76521 , 0
-4.46665 , 2.75251 , 0
-4.47451 , 2.73978 , 0
-4.48234 , 2.72703 , 0
-4.49013 , 2.71426 , 0
-4.49788 , 2.70147 , 0
-4.5056 , 2.68865 , 0
-4.51327 , 2.67582 , 0
-4.52092 , 2.66296 , 0
-4.52852 , 2.65008 , 0
-4.53609 , 2.63718 , 0
-4.54362 , 2.62425 , 0
-4.55111 , 2.61131 , 0
-4.55857 , 2.59834 , 0
-4.56599 , 2.58535 , 0
-4.57337 , 2.57234 , 0
-4.58072 , 2.55932 , 0
-4.58802 , 2.54626 , 0
-4.59529 , 2.53319 , 0
-4.60253 , 2.5201 , 0
-4.60972 , 2.50699 , 0
-4.61688 , 2.49386 , 0
-4.624 , 2.4807 , 0
-4.63108 , 2.46753 , 0
-4.63812 , 2.45433 , 0
-4.64513 , 2.44112 , 0
-4.6521 , 2.42789 , 0
-4.65903 , 2.41463 , 0
-4.66592 , 2.40136 , 0
-4.67278 , 2.38807 , 0
-4.67959 , 2.37476 , 0
-4.68637 , 2.36142 , 0
-4.69311 , 2.34807 , 0
-4.69981 , 2.3347 , 0
-4.70648 , 2.32131 , 0
-4.7131 , 2.30791 , 0
-4.71969 , 2.29448 , 0
-4.72624 , 2.28103 , 0
-4.73275 , 2.26757 , 0
-4.73922 , 2.25409 , 0
-4.74565 , 2.24059 , 0
-4.75204 , 2.22707 , 0
-4.7584 , 2.21353 , 0
-4.76471 , 2.19997 , 0
-4.77099 , 2.1864 , 0
-4.77723 , 2.17281 , 0
-4.78343 , 2.1592 , 0
-4.78959 , 2.14557 , 0
-4.79571 , 2.13193 , 0
-4.80179 , 2.11827 , 0
-4.80783 , 2.10459 , 0
-4.81384 , 2.09089 , 0
-4.8198 , 2.07718 , 0
-4.82573 , 2.06345 , 0
-4.83161 , 2.0497 , 0
-4.83746 , 2.03594 , 0
-4.84327 , 2.02216 , 0
-4.84903 , 2.00836 , 0
-4.85476 , 1.99455 , 0
-4.86045 , 1.98072 , 0
-4.8661 , 1.96688 , 0
-4.87171 , 1.95301 , 0
-4.87728 , 1.93914 , 0
-4.88281 , 1.92524 , 0
-4.8883 , 1.91134 , 0
-4.89375 , 1.89741 , 0
-4.89916 , 1.88347 , 0
-4.90453 , 1.86952 , 0
-4.90986 , 1.85555 , 0
-4.91515 , 1.84156 , 0
-4.9204 , 1.82756 , 0
-4.9256 , 1.81354 , 0
-4.93077 , 1.79951 , 0
-4.9359 , 1.78547 , 0
-4.94099 , 1.77141 , 0
-4.94604 , 1.75733 , 0
-4.95105 , 1.74325 , 0
-4.95602 , 1.72914 , 0
-4.96095 , 1.71503 , 0
-4.96583 , 1.7009 , 0
-4.97068 , 1.68675 , 0
-4.97549 , 1.67259 , 0
-4.98025 , 1.65842 , 0
-4.98498 , 1.64424 , 0
-4.98966 , 1.63004 , 0
-4.99431 , 1.61583 , 0
-4.99891 , 1.6016 , 0
-5.00347 , 1.58736 , 0
-5.008 , 1.57311 , 0
-5.01248 , 1.55885 , 0
-5.01692 , 1.54457 , 0
-5.02132 , 1.53028 , 0
-5.02567 , 1.51598 , 0
-5.02999 , 1.50167 , 0
-5.03427 , 1.48734 , 0
-5.0385 , 1.473 , 0
-5.0427 , 1.45865 , 0
-5.04685 , 1.44429 , 0
-5.05096 , 1.42991 , 0
-5.05503 , 1.41553 , 0
-5.05906 , 1.40113 , 0
-5.06305 , 1.38672 , 0
-5.067 , 1.3723 , 0
-5.0709 , 1.35787 , 0
-5.07477 , 1.34343 , 0
-5.07859 , 1.32898 , 0
-5.08237 , 1.31451 , 0
-5.08611 , 1.30004 , 0
-5.08981 , 1.28555 , 0
-5.09347 , 1.27106 , 0
-5.09709 , 1.25655 , 0
-5.10066 , 1.24203 , 0
-5.10419 , 1.22751 , 0
-5.10769 , 1.21297 , 0
-5.11114 , 1.19842 , 0
-5.11454 , 1.18387 , 0
-5.11791 , 1.1693 , 0
-5.12123 , 1.15473 , 0
-5.12452 , 1.14014 , 0
-5.12776 , 1.12555 , 0
-5.13096 , 1.11094 , 0
-5.13412 , 1.09633 , 0
-5.13723 , 1.08171 , 0
-5.14031 , 1.06708 , 0
-5.14334 , 1.05244 , 0
-5.14633 , 1.03779 , 0
-5.14928 , 1.02314 , 0
-5.15218 , 1.00847 , 0
-5.15505 , 0.993802 , 0
-5.15787 , 0.979121 , 0
-5.16065 , 0.964433 , 0
-5.16339 , 0.949737 , 0
-5.16608 , 0.935033 , 0
-5.16874 , 0.920321 , 0
-5.17135 , 0.905602 , 0
-5.17392 , 0.890875 , 0
-5.17645 , 0.876142 , 0
-5.17893 , 0.861401 , 0
-5.18138 , 0.846653 , 0
-5.18378 , 0.831898 , 0
-5.18614 , 0.817137 , 0
-5.18845 , 0.802368 , 0
-5.19073 , 0.787594 , 0
-5.19296 , 0.772812 , 0
-5.19515 , 0.758025 , 0
-5.1973 , 0.743231 , 0
-5.1994 , 0.728432 , 0
-5.20146 , 0.713626 , 0
-5.20349 , 0.698814 , 0
-5.20546 , 0.683997 , 0
-5.2074 , 0.669175 , 0
-5.20929 , 0.654346 , 0
-5.21114 , 0.639513 , 0
-5.21295 , 0.624674 , 0
-5.21472 , 0.60983 , 0
-5.21644 , 0.594982 , 0
-5.21812 , 0.580128 , 0
-5.21976 , 0.56527 , 0
-5.22136 , 0.550407 , 0
-5.22291 , 0.535539 , 0
-5.22442 , 0.520668 , 0
-5.22589 , 0.505792 , 0
-5.22731 , 0.490912 , 0
-5.2287 , 0.476027 , 0
-5.23004 , 0.461139 , 0
-5.23134 , 0.446248 , 0
-5.23259 , 0.431352 , 0
-5.2338 , 0.416453 , 0
-5.23497 , 0.401551 , 0
-5.2361 , 0.386645 , 0
-5.23719 , 0.371737 , 0
-5.23823 , 0.356825 , 0
-5.23923 , 0.34191 , 0
-5.24018 , 0.326993 , 0
-5.2411 , 0.312073 , 0
-5.24197 , 0.29715 , 0
-5.2428 , 0.282225 , 0
-5.24359 , 0.267298 , 0
-5.24433 , 0.252368 , 0
-5.24503 , 0.237436 , 0
-5.24569 , 0.222503 , 0
-5.2463 , 0.207567 , 0
-5.24687 , 0.19263 , 0
-5.2474 , 0.177692 , 0
-5.24789 , 0.162752 , 0
-5.24834 , 0.14781 , 0
-5.24874 , 0.132868 , 0
-5.2491 , 0.117924 , 0
-5.24941 , 0.102979 , 0
-5.24968 , 0.088034 , 0
-5.24992 , 0.0730878 , 0
-5.2501 , 0.058141 , 0
-5.25025 , 0.0431938 , 0
-5.25035 , 0.0282462 , 0
-5.25041 , 0.0132983 , 0
-5.25043 , -0.00164963 , 0
-5.2504 , -0.0165976 , 0
-5.25033 , -0.0315454 , 0
-5.25022 , -0.0464929 , 0
-5.25007 , -0.0614401 , 0
-5.24987 , -0.0763867 , 0
-5.24963 , -0.0913328 , 0
-5.24935 , -0.106278 , 0
-5.24902 , -0.121222 , 0
-5.24865 , -0.136166 , 0
-5.24824 , -0.151108 , 0
-5.24779 , -0.166049 , 0
-5.24729 , -0.180989 , 0
-5.24675 , -0.195927 , 0
-5.24617 , -0.210864 , 0
-5.24555 , -0.225799 , 0
-5.24488 , -0.240732 , 0
-5.24417 , -0.255663 , 0
-5.24342 , -0.270592 , 0
-5.24262 , -0.285519 , 0
-5.24178 , -0.300444 , 0
-5.2409 , -0.315366 , 0
-5.23998 , -0.330286 , 0
-5.23901 , -0.345202 , 0
-5.238 , -0.360116 , 0
-5.23695 , -0.375027 , 0
-5.23586 , -0.389936 , 0
-5.23472 , -0.40484 , 0
-5.23354 , -0.419742 , 0
-5.23232 , -0.43464 , 0
-5.23105 , -0.449535 , 0
-5.22975 , -0.464426 , 0
-5.2284 , -0.479313 , 0
-5.227 , -0.494196 , 0
-5.22557 , -0.509075 , 0
-5.22409 , -0.52395 , 0
-5.22257 , -0.538821 , 0
-5.22101 , -0.553688 , 0
-5.2194 , -0.56855 , 0
-5.21775 , -0.583407 , 0
-5.21606 , -0.59826 , 0
-5.21433 , -0.613107 , 0
-5.21256 , -0.62795 , 0
-5.21074 , -0.642787 , 0
-5.20888 , -0.65762 , 0
-5.20698 , -0.672447 , 0
-5.20503 , -0.687268 , 0
-5.20304 , -0.702084 , 0
-5.20101 , -0.716894 , 0
-5.19894 , -0.731699 , 0
-5.19683 , -0.746497 , 0
-5.19467 , -0.761289 , 0
-5.19247 , -0.776075 , 0
-5.19023 , -0.790855 , 0
-5.18795 , -0.805628 , 0
-5.18562 , -0.820395 , 0
-5.18325 , -0.835155 , 0
-5.18084 , -0.849909 , 0
-5.17839 , -0.864655 , 0
-5.17589 , -0.879394 , 0
-5.17336 , -0.894126 , 0
-5.17078 , -0.908851 , 0
-5.16816 , -0.923569 , 0
-5.16549 , -0.938279 , 0
-5.16279 , -0.952981 , 0
-5.16004 , -0.967675 , 0
-5.15725 , -0.982362 , 0
-5.15442 , -0.997041 , 0
-5.15154 , -1.01171 , 0
-5.14863 , -1.02637 , 0
-5.14567 , -1.04103 , 0
-5.14267 , -1.05567 , 0
-5.13963 , -1.07031 , 0
-5.13655 , -1.08494 , 0
-5.13342 , -1.09956 , 0
-5.13026 , -1.11417 , 0
-5.12705 , -1.12877 , 0
-5.1238 , -1.14336 , 0
-5.1205 , -1.15794 , 0
-5.11717 , -1.17252 , 0
-5.11379 , -1.18708 , 0
-5.11038 , -1.20163 , 0
-5.10692 , -1.21618 , 0
-5.10342 , -1.23071 , 0
-5.09988 , -1.24524 , 0
-5.09629 , -1.25975 , 0
-5.09267 , -1.27426 , 0
-5.089 , -1.28875 , 0
-5.08529 , -1.30323 , 0
-5.08154 , -1.3177 , 0
-5.07775 , -1.33217 , 0
-5.07392 , -1.34662 , 0
-5.07005 , -1.36106 , 0
-5.06613 , -1.37549 , 0
-5.06217 , -1.3899 , 0
-5.05818 , -1.40431 , 0
-5.05414 , -1.4187 , 0
-5.05006 , -1.43309 , 0
-5.04594 , -1.44746 , 0
-5.04177 , -1.46182 , 0
-5.03757 , -1.47617 , 0
-5.03333 , -1.4905 , 0
-5.02904 , -1.50483 , 0
-5.02472 , -1.51914 , 0
-5.02035 , -1.53344 , 0
-5.01594 , -1.54772 , 0
-5.01149 , -1.562 , 0
-5.007 , -1.57626 , 0
-5.00247 , -1.59051 , 0
-4.9979 , -1.60474 , 0
-4.99329 , -1.61896 , 0
-4.98863 , -1.63317 , 0
-4.98394 , -1.64737 , 0
-4.97921 , -1.66155 , 0
-4.97443 , -1.67572 , 0
-4.96961 , -1.68988 , 0
-4.96476 , -1.70402 , 0
-4.95986 , -1.71814 , 0
-4.95493 , -1.73226 , 0
-4.94995 , -1.74636 , 0
-4.94493 , -1.76044 , 0
-4.93987 , -1.77451 , 0
-4.93478 , -1.78857 , 0
-4.92964 , -1.80261 , 0
-4.92446 , -1.81664 , 0
-4.91924 , -1.83065 , 0
-4.91398 , -1.84465 , 0
-4.90868 , -1.85863 , 0
-4.90334 , -1.8726 , 0
-4.89796 , -1.88655 , 0
-4.89255 , -1.90049 , 0
-4.88709 , -1.91441 , 0
-4.88159 , -1.92831 , 0
-4.87605 , -1.9422 , 0
-4.87047 , -1.95608 , 0
-4.86485 , -1.96993 , 0
-4.8592 , -1.98377 , 0
-4.8535 , -1.9976 , 0
-4.84776 , -2.01141 , 0
-4.84199 , -2.0252 , 0
-4.83617 , -2.03898 , 0
-4.83032 , -2.05274 , 0
-4.82442 , -2.06648 , 0
-4.81849 , -2.08021 , 0
-4.81252 , -2.09392 , 0
-4.8065 , -2.10761 , 0
-4.80045 , -2.12128 , 0
-4.79436 , -2.13494 , 0
-4.78823 , -2.14858 , 0
-4.78206 , -2.16221 , 0
-4.77585 , -2.17581 , 0
-4.76961 , -2.1894 , 0
-4.76332 , -2.20297 , 0
-4.757 , -2.21652 , 0
-4.75063 , -2.23005 , 0
-4.74423 , -2.24357 , 0
-4.73779 , -2.25706 , 0
-4.73131 , -2.27054 , 0
-4.72479 , -2.284 , 0
-4.71824 , -2.29744 , 0
-4.71164 , -2.31087 , 0
-4.70501 , -2.32427 , 0
-4.69834 , -2.33766 , 0
-4.69163 , -2.35102 , 0
-4.68488 , -2.36437 , 0
-4.67809 , -2.3777 , 0
-4.67127 , -2.391 , 0
-4.6644 , -2.40429 , 0
-4.6575 , -2.41756 , 0
-4.65056 , -2.43081 , 0
-4.64359 , -2.44404 , 0
-4.63657 , -2.45725 , 0
-4.62952 , -2.47044 , 0
-4.62243 , -2.48361 , 0
-4.6153 , -2.49676 , 0
-4.60814 , -2.50988 , 0
-4.60093 , -2.52299 , 0
-4.59369 , -2.53608 , 0
-4.58641 , -2.54915 , 0
-4.5791 , -2.56219 , 0
-4.57175 , -2.57522 , 0
-4.56435 , -2.58822 , 0
-4.55693 , -2.6012 , 0
-4.54946 , -2.61417 , 0
-4.54196 , -2.62711 , 0
-4.53442 , -2.64003 , 0
-4.52684 , -2.65292 , 0
-4.51923 , -2.6658 , 0
-4.51158 , -2.67865 , 0
-4.5039 , -2.69148 , 0
-4.49617 , -2.70429 , 0
-4.48841 , -2.71708 , 0
-4.48061 , -2.72985 , 0
-4.47278 , -2.74259 , 0
-4.46491 , -2.75531 , 0
-4.45701 , -2.76801 , 0
-4.44906 , -2.78069 , 0
-4.44108 , -2.79334 , 0
-4.43307 , -2.80597 , 0
-4.42502 , -2.81858 , 0
-4.41693 , -2.83116 , 0
-4.40881 , -2.84373 , 0
-4.40065 , -2.85626 , 0
-4.39245 , -2.86878 , 0
-4.38422 , -2.88127 , 0
-4.37595 , -2.89374 , 0
-4.36765 , -2.90618 , 0
-4.35931 , -2.91861 , 0
-4.35094 , -2.931 , 0
-4.34253 , -2.94338 , 0
-4.33408 , -2.95572 , 0
-4.3256 , -2.96805 , 0
-4.31708 , -2.98035 , 0
-4.30853 , -2.99263 , 0
-4.29995 , -3.00488 , 0
-4.29133 , -3.0171 , 0
-4.28267 , -3.02931 , 0
-4.27398 , -3.04149 , 0
-4.26525 , -3.05364 , 0
-4.25649 , -3.06577 , 0
-4.24769 , -3.07787 , 0
-4.23886 , -3.08995 , 0
-4.23 , -3.102 , 0
-4.2211 , -3.11403 , 0
-4.21216 , -3.12603 , 0
-4.2032 , -3.13801 , 0
-4.19419 , -3.14996 , 0
-4.18516 , -3.16188 , 0
-4.17608 , -3.17378 , 0
-4.16698 , -3.18565 , 0
-4.15784 , -3.1975 , 0
-4.14867 , -3.20932 , 0
-4.13946 , -3.22112 , 0
-4.13022 , -3.23289 , 0
-4.12094 , -3.24463 , 0
-4.11163 , -3.25634 , 0
-4.10229 , -3.26803 , 0
-4.09291 , -3.2797 , 0
-4.08351 , -3.29133 , 0
-4.07406 , -3.30294 , 0
-4.06459 , -3.31452 , 0
-4.05508 , -3.32608 , 0
-4.04554 , -3.3376 , 0
-4.03596 , -3.3491 , 0
-4.02635 , -3.36058 , 0
-4.01671 , -3.37202 , 0
-4.00704 , -3.38344 , 0
-3.99733 , -3.39483 , 0
-3.98759 , -3.40619 , 0
-3.97782 , -3.41753 , 0
-3.96801 , -3.42883 , 0
-3.95818 , -3.44011 , 0
-3.94831 , -3.45136 , 0
-3.93841 , -3.46259 , 0
-3.92847 , -3.47378 , 0
-3.91851 , -3.48494 , 0
-3.90851 , -3.49608 , 0
-3.89848 , -3.50719 , 0
-3.88842 , -3.51827 , 0
-3.87832 , -3.52932 , 0
-3.8682 , -3.54034 , 0
-3.85804 , -3.55134 , 0
-3.84785 , -3.5623 , 0
-3.83763 , -3.57324 , 0
-3.82738 , -3.58414 , 0
-3.8171 , -3.59502 , 0
-3.80678 , -3.60587 , 0
-3.79644 , -3.61668 , 0
-3.78606 , -3.62747 , 0
-3.77566 , -3.63823 , 0
-3.76522 , -3.64896 , 0
-3.75475 , -3.65966 , 0
-3.74425 , -3.67033 , 0
-3.73372 , -3.68097 , 0
-3.72316 , -3.69157 , 0
-3.71257 , -3.70215 , 0
-3.70195 , -3.7127 , 0
-3.6913 , -3.72322 , 0
-3.68061 , -3.73371 , 0
-3.6699 , -3.74416 , 0
-3.65916 , -3.75459 , 0
-3.64839 , -3.76499 , 0
-3.63759 , -3.77535 , 0
-3.62676 , -3.78568 , 0
-3.6159 , -3.79599 , 0
-3.605 , -3.80626 , 0
-3.59408 , -3.8165 , 0
-3.58313 , -3.82671 , 0
-3.57216 , -3.83689 , 0
-3.56115 , -3.84703 , 0
-3.55011 , -3.85715 , 0
-3.53904 , -3.86723 , 0
-3.52795 , -3.87729 , 0
-3.51682 , -3.88731 , 0
-3.50567 , -3.8973 , 0
-3.49449 , -3.90725 , 0
-3.48328 , -3.91718 , 0
-3.47204 , -3.92707 , 0
-3.46077 , -3.93693 , 0
-3.44948 , -3.94676 , 0
-3.43815 , -3.95655 , 0
-3.4268 , -3.96632 , 0
-3.41542 , -3.97605 , 0
-3.40402 , -3.98575 , 0
-3.39258 , -3.99541 , 0
-3.38112 , -4.00505 , 0
-3.36962 , -4.01465 , 0
-3.35811 , -4.02421 , 0
-3.34656 , -4.03375 , 0
-3.33499 , -4.04325 , 0
-3.32338 , -4.05272 , 0
-3.31176 , -4.06215 , 0
-3.3001 , -4.07156 , 0
-3.28842 , -4.08093 , 0
-3.27671 , -4.09026 , 0
-3.26497 , -4.09956 , 0
-3.25321 , -4.10883 , 0
-3.24142 , -4.11807 , 0
-3.22961 , -4.12727 , 0
-3.21776 , -4.13643 , 0
-3.20589 , -4.14557 , 0
-3.194 , -4.15467 , 0
-3.18208 , -4.16373 , 0
-3.17013 , -4.17276 , 0
-3.15816 , -4.18176 , 0
-3.14616 , -4.19072 , 0
-3.13413 , -4.19965 , 0
-3.12208 , -4.20854 , 0
-3.11001 , -4.2174 , 0
-3.0979 , -4.22623 , 0
-3.08578 , -4.23502 , 0
-3.07363 , -4.24377 , 0
-3.06145 , -4.25249 , 0
-3.04924 , -4.26118 , 0
-3.03702 , -4.26983 , 0
-3.02476 , -4.27845 , 0
-3.01249 , -4.28703 , 0
-3.00019 , -4.29557 , 0
-2.98786 , -4.30409 , 0
-2.97551 , -4.31256 , 0
-2.96313 , -4.321 , 0
-2.95073 , -4.32941 , 0
-2.93831 , -4.33777 , 0
-2.92586 , -4.34611 , 0
-2.91339 , -4.35441 , 0
-2.90089 , -4.36267 , 0
-2.88837 , -4.37089 , 0
-2.87583 , -4.37909 , 0
-2.86326 , -4.38724 , 0
-2.85067 , -4.39536 , 0
-2.83806 , -4.40344 , 0
-2.82542 , -4.41149 , 0
-2.81276 , -4.4195 , 0
-2.80008 , -4.42747 , 0
-2.78737 , -4.43541 , 0
-2.77464 , -4.44331 , 0
-2.76189 , -4.45118 , 0
-2.74912 , -4.45901 , 0
-2.73632 , -4.4668 , 0
-2.7235 , -4.47455 , 0
-2.71066 , -4.48227 , 0
-2.6978 , -4.48995 , 0
-2.68491 , -4.4976 , 0
-2.672 , -4.50521 , 0
-2.65907 , -4.51278 , 0
-2.64612 , -4.52031 , 0
-2.63315 , -4.52781 , 0
-2.62015 , -4.53527 , 0
-2.60713 , -4.54269 , 0
-2.5941 , -4.55008 , 0
-2.58104 , -4.55743 , 0
-2.56796 , -4.56474 , 0
-2.55485 , -4.57201 , 0
-2.54173 , -4.57925 , 0
-2.52859 , -4.58644 , 0
-2.51542 , -4.59361 , 0
-2.50224 , -4.60073 , 0
-2.48903 , -4.60781 , 0
-2.47581 , -4.61486 , 0
-2.46256 , -4.62187 , 0
-2.4493 , -4.62884 , 0
-2.43601 , -4.63578 , 0
-2.4227 , -4.64267 , 0
-2.40938 , -4.64953 , 0
-2.39603 , -4.65635 , 0
-2.38266 , -4.66313 , 0
-2.36928 , -4.66987 , 0
-2.35587 , -4.67658 , 0
-2.34245 , -4.68324 , 0
-2.32901 , -4.68987 , 0
-2.31554 , -4.69646 , 0
-2.30206 , -4.70301 , 0
-2.28856 , -4.70952 , 0
-2.27504 , -4.71599 , 0
-2.26151 , -4.72243 , 0
-2.24795 , -4.72882 , 0
-2.23437 , -4.73518 , 0
-2.22078 , -4.7415 , 0
-2.20717 , -4.74778 , 0
-2.19354 , -4.75402 , 0
-2.17989 , -4.76022 , 0
-2.16623 , -4.76638 , 0
-2.15254 , -4.7725 , 0
-2.13884 , -4.77859 , 0
-2.12512 , -4.78463 , 0
-2.11139 , -4.79064 , 0
-2.09763 , -4.7966 , 0
-2.08386 , -4.80253 , 0
-2.07008 , -4.80841 , 0
-2.05627 , -4.81426 , 0
-2.04245 , -4.82007 , 0
-2.02861 , -4.82584 , 0
-2.01476 , -4.83157 , 0
-2.00088 , -4.83725 , 0
-1.987 , -4.8429 , 0
-1.97309 , -4.84851 , 0
-1.95917 , -4.85408 , 0
-1.94523 , -4.85961 , 0
-1.93128 , -4.8651 , 0
-1.91731 , -4.87055 , 0
-1.90333 , -4.87596 , 0
-1.88933 , -4.88133 , 0
-1.87531 , -4.88666 , 0
-1.86128 , -4.89195 , 0
-1.84724 , -4.8972 , 0
-1.83317 , -4.9024 , 0
-1.8191 , -4.90757 , 0
-1.80501 , -4.9127 , 0
-1.7909 , -4.91779 , 0
-1.77678 , -4.92283 , 0
-1.76264 , -4.92784 , 0
-1.74849 , -4.93281 , 0
-1.73433 , -4.93773 , 0
-1.72015 , -4.94262 , 0
-1.70596 , -4.94746 , 0
-1.69175 , -4.95227 , 0
-1.67753 , -4.95703 , 0
-1.6633 , -4.96175 , 0
-1.64905 , -4.96643 , 0
-1.63478 , -4.97107 , 0
-1.62051 , -4.97567 , 0
-1.60622 , -4.98023 , 0
-1.59192 , -4.98475 , 0
-1.5776 , -4.98922 , 0
-1.56328 , -4.99366 , 0
-1.54893 , -4.99805 , 0
-1.53458 , -5.00241 , 0
-1.52021 , -5.00672 , 0
-1.50584 , -5.01099 , 0
-1.49145 , -5.01522 , 0
-1.47704 , -5.01941 , 0
-1.46263 , -5.02356 , 0
-1.4482 , -5.02766 , 0
-1.43376 , -5.03173 , 0
-1.41931 , -5.03575 , 0
-1.40484 , -5.03973 , 0
-1.39037 , -5.04367 , 0
-1.37588 , -5.04757 , 0
-1.36139 , -5.05143 , 0
-1.34688 , -5.05524 , 0
-1.33236 , -5.05901 , 0
-1.31783 , -5.06275 , 0
-1.30329 , -5.06644 , 0
-1.28873 , -5.07009 , 0
-1.27417 , -5.07369 , 0
-1.2596 , -5.07726 , 0
-1.24501 , -5.08078 , 0
-1.23042 , -5.08426 , 0
-1.21582 , -5.0877 , 0
-1.2012 , -5.0911 , 0
-1.18658 , -5.09446 , 0
-1.17194 , -5.09777 , 0
-1.1573 , -5.10104 , 0
-1.14265 , -5.10427 , 0
-1.12799 , -5.10746 , 0
-1.11331 , -5.1106 , 0
-1.09863 , -5.11371 , 0
-1.08394 , -5.11677 , 0
-1.06924 , -5.11979 , 0
-1.05454 , -5.12277 , 0
-1.03982 , -5.1257 , 0
-1.0251 , -5.12859 , 0
-1.01036 , -5.13144 , 0
-0.995621 , -5.13425 , 0
-0.980871 , -5.13702 , 0
-0.966114 , -5.13974 , 0
-0.951348 , -5.14242 , 0
-0.936574 , -5.14506 , 0
-0.921792 , -5.14766 , 0
-0.907003 , -5.15021 , 0
-0.892207 , -5.15272 , 0
-0.877403 , -5.15519 , 0
-0.862592 , -5.15762 , 0
-0.847774 , -5.16 , 0
-0.832949 , -5.16234 , 0
-0.818116 , -5.16464 , 0
-0.803278 , -5.1669 , 0
-0.788432 , -5.16911 , 0
-0.77358 , -5.17128 , 0
-0.758722 , -5.17341 , 0
-0.743857 , -5.1755 , 0
-0.728987 , -5.17754 , 0
-0.71411 , -5.17954 , 0
-0.699227 , -5.1815 , 0
-0.684339 , -5.18341 , 0
-0.669445 , -5.18529 , 0
-0.654545 , -5.18712 , 0
-0.63964 , -5.1889 , 0
-0.62473 , -5.19065 , 0
-0.609815 , -5.19235 , 0
-0.594894 , -5.194 , 0
-0.579969 , -5.19562 , 0
-0.565039 , -5.19719 , 0
-0.550104 , -5.19872 , 0
-0.535165 , -5.20021 , 0
-0.520221 , -5.20165 , 0
-0.505273 , -5.20305 , 0
-0.490321 , -5.20441 , 0
-0.475365 , -5.20573 , 0
-0.460405 , -5.207 , 0
-0.445441 , -5.20823 , 0
-0.430473 , -5.20941 , 0
-0.415502 , -5.21056 , 0
-0.400527 , -5.21166 , 0
-0.38555 , -5.21271 , 0
-0.370568 , -5.21373 , 0
-0.355584 , -5.2147 , 0
-0.340597 , -5.21563 , 0
-0.325607 , -5.21651 , 0
-0.310615 , -5.21735 , 0
-0.29562 , -5.21815 , 0
-0.280622 , -5.21891 , 0
-0.265622 , -5.21962 , 0
-0.25062 , -5.22029 , 0
-0.235616 , -5.22091 , 0
-0.22061 , -5.2215 , 0
-0.205602 , -5.22204 , 0
-0.190592 , -5.22253 , 0
-0.175581 , -5.22299 , 0
-0.160568 , -5.2234 , 0
-0.145554 , -5.22377 , 0
-0.130539 , -5.22409 , 0
-0.115523 , -5.22437 , 0
-0.100505 , -5.22461 , 0
-0.0854874 , -5.2248 , 0
-0.0704687 , -5.22496 , 0
-0.0554493 , -5.22506 , 0
-0.0404295 , -5.22513 , 0
-0.0254094 , -5.22515 , 0
-0.010389 , -5.22513 , 0
0.0046314 , -5.22507 , 0
0.0196518 , -5.22496 , 0
0.034672 , -5.22481 , 0
0.049692 , -5.22462 , 0
0.0647115 , -5.22438 , 0
0.0797305 , -5.2241 , 0
0.0947489 , -5.22377 , 0
0.109766 , -5.22341 , 0
0.124783 , -5.223 , 0
0.139799 , -5.22255 , 0
0.154813 , -5.22205 , 0
0.169826 , -5.22151 , 0
0.184838 , -5.22093 , 0
0.199848 , -5.2203 , 0
0.214857 , -5.21963 , 0
0.229864 , -5.21892 , 0
0.244869 , -5.21817 , 0
0.259872 , -5.21737 , 0
0.274872 , -5.21653 , 0
0.289871 , -5.21564 , 0
0.304867 , -5.21472 , 0
0.31986 , -5.21375 , 0
0.334851 , -5.21273 , 0
0.34984 , -5.21167 , 0
0.364825 , -5.21057 , 0
0.379807 , -5.20943 , 0
0.394786 , -5.20825 , 0
0.409762 , -5.20702 , 0
0.424734 , -5.20574 , 0
0.439703 , -5.20443 , 0
0.454669 , -5.20307 , 0
0.46963 , -5.20167 , 0
0.484588 , -5.20022 , 0
0.499541 , -5.19874 , 0
0.514491 , -5.19721 , 0
0.529436 , -5.19563 , 0
0.544377 , -5.19401 , 0
0.559313 , -5.19236 , 0
0.574245 , -5.19065 , 0
0.589172 , -5.18891 , 0
0.604094 , -5.18712 , 0
0.619011 , -5.18529 , 0
0.633923 , -5.18341 , 0
0.64883 , -5.1815 , 0
0.663731 , -5.17953 , 0
0.678627 , -5.17753 , 0
0.693517 , -5.17549 , 0
0.708402 , -5.1734 , 0
0.72328 , -5.17127 , 0
0.738153 , -5.16909 , 0
0.753019 , -5.16687 , 0
0.76788 , -5.16461 , 0
0.782734 , -5.16231 , 0
0.797581 , -5.15997 , 0
0.812422 , -5.15758 , 0
0.827256 , -5.15515 , 0
0.842083 , -5.15267 , 0
0.856903 , -5.15016 , 0
0.871717 , -5.1476 , 0
0.886523 , -5.14499 , 0
0.901321 , -5.14235 , 0
0.916112 , -5.13966 , 0
0.930896 , -5.13693 , 0
0.945672 , -5.13416 , 0
0.96044 , -5.13135 , 0
0.9752 , -5.12849 , 0
0.989952 , -5.12559 , 0
1.0047 , -5.12265 , 0
1.01943 , -5.11966 , 0
1.03416 , -5.11664 , 0
1.04888 , -5.11357 , 0
1.06359 , -5.11046 , 0
1.07829 , -5.1073 , 0
1.09298 , -5.10411 , 0
1.10766 , -5.10087 , 0
1.12234 , -5.09759 , 0
1.137 , -5.09426 , 0
1.15166 , -5.0909 , 0
1.1663 , -5.08749 , 0
1.18094 , -5.08404 , 0
1.19556 , -5.08055 , 0
1.21018 , -5.07701 , 0
1.22478 , -5.07344 , 0
1.23938 , -5.06982 , 0
1.25397 , -5.06616 , 0
1.26854 , -5.06246 , 0
1.28311 , -5.05871 , 0
1.29766 , -5.05492 , 0
1.3122 , -5.0511 , 0
1.32674 , -5.04723 , 0
1.34126 , -5.04331 , 0
1.35577 , -5.03936 , 0
1.37027 , -5.03536 , 0
1.38475 , -5.03133 , 0
1.39923 , -5.02725 , 0
1.4137 , -5.02313 , 0
1.42815 , -5.01896 , 0
1.44259 , -5.01476 , 0
1.45702 , -5.01051 , 0
1.47143 , -5.00623 , 0
1.48584 , -5.0019 , 0
1.50023 , -4.99753 , 0
1.51461 , -4.99312 , 0
1.52898 , -4.98866 , 0
1.54333 , -4.98417 , 0
1.55768 , -4.97963 , 0
1.572 , -4.97505 , 0
1.58632 , -4.97044 , 0
1.60062 , -4.96578 , 0
1.61491 , -4.96107 , 0
1.62919 , -4.95633 , 0
1.64345 , -4.95155 , 0
1.6577 , -4.94672 , 0
1.67194 , -4.94186 , 0
1.68616 , -4.93695 , 0
1.70036 , -4.932 , 0
1.71456 , -4.92702 , 0
1.72874 , -4.92199 , 0
1.7429 , -4.91692 , 0
1.75705 , -4.9118 , 0
1.77119 , -4.90665 , 0
1.78531 , -4.90146 , 0
1.79941 , -4.89623 , 0
1.8135 , -4.89095 , 0
1.82758 , -4.88564 , 0
1.84164 , -4.88028 , 0
1.85569 , -4.87489 , 0
1.86972 , -4.86945 , 0
1.88373 , -4.86397 , 0
1.89773 , -4.85846 , 0
1.91171 , -4.8529 , 0
1.92568 , -4.8473 , 0
1.93963 , -4.84166 , 0
1.95357 , -4.83598 , 0
1.96749 , -4.83027 , 0
1.98139 , -4.82451 , 0
1.99527 , -4.81871 , 0
2.00914 , -4.81287 , 0
2.023 , -4.80699 , 0
2.03683 , -4.80107 , 0
2.05065 , -4.79511 , 0
2.06445 , -4.78911 , 0
2.07824 , -4.78308 , 0
2.09201 , -4.777 , 0
2.10576 , -4.77088 , 0
2.11949 , -4.76472 , 0
2.1332 , -4.75853 , 0
2.1469 , -4.75229 , 0
2.16058 , -4.74601 , 0
2.17424 , -4.7397 , 0
2.18788 , -4.73334 , 0
2.20151 , -4.72695 , 0
2.21512 , -4.72051 , 0
2.22871 , -4.71404 , 0
2.24228 , -4.70753 , 0
2.25583 , -4.70098 , 0
2.26936 , -4.69439 , 0
2.28287 , -4.68776 , 0
2.29637 , -4.68109 , 0
2.30984 , -4.67438 , 0
2.3233 , -4.66764 , 0
2.33674 , -4.66085 , 0
2.35015 , -4.65403 , 0
2.36355 , -4.64717 , 0
2.37693 , -4.64026 , 0
2.39029 , -4.63332 , 0
2.40363 , -4.62635 , 0
2.41695 , -4.61933 , 0
2.43025 , -4.61227 , 0
2.44353 , -4.60518 , 0
2.45678 , -4.59805 , 0
2.47002 , -4.59088 , 0
2.48324 , -4.58367 , 0
2.49643 , -4.57642 , 0
2.50961 , -4.56914 , 0
2.52277 , -4.56182 , 0
2.5359 , -4.55446 , 0
2.54901 , -4.54706 , 0
2.5621 , -4.53962 , 0
2.57517 , -4.53215 , 0
2.58822 , -4.52464 , 0
2.60125 , -4.51709 , 0
2.61426 , -4.5095 , 0
2.62724 , -4.50187 , 0
2.6402 , -4.49421 , 0
2.65314 , -4.48651 , 0
2.66606 , -4.47878 , 0
2.67895 , -4.471 , 0
2.69183 , -4.46319 , 0
2.70468 , -4.45534 , 0
2.71751 , -4.44746 , 0
2.73031 , -4.43953 , 0
2.7431 , -4.43157 , 0
2.75586 , -4.42358 , 0
2.76859 , -4.41555 , 0
2.78131 , -4.40748 , 0
2.794 , -4.39937 , 0
2.80667 , -4.39122 , 0
2.81931 , -4.38304 , 0
2.83193 , -4.37483 , 0
2.84453 , -4.36658 , 0
2.8571 , -4.35829 , 0
2.86965 , -4.34996 , 0
2.88218 , -4.3416 , 0
2.89468 , -4.3332 , 0
2.90716 , -4.32477 , 0
2.91961 , -4.3163 , 0
2.93204 , -4.30779 , 0
2.94445 , -4.29925 , 0
2.95683 , -4.29067 , 0
2.96918 , -4.28206 , 0
2.98151 , -4.27341 , 0
2.99382 , -4.26472 , 0
3.0061 , -4.256 , 0
3.01836 , -4.24725 , 0
3.03059 , -4.23846 , 0
3.04279 , -4.22963 , 0
3.05497 , -4.22077 , 0
3.06713 , -4.21187 , 0
3.07926 , -4.20294 , 0
3.09136 , -4.19397 , 0
3.10344 , -4.18497 , 0
3.11549 , -4.17593 , 0
3.12752 , -4.16686 , 0
3.13952 , -4.15775 , 0
3.15149 , -4.14861 , 0
3.16344 , -4.13944 , 0
3.17536 , -4.13023 , 0
3.18726 , -4.12098 , 0
3.19912 , -4.1117 , 0
3.21097 , -4.10239 , 0
3.22278 , -4.09304 , 0
3.23457 , -4.08366 , 0
3.24633 , -4.07425 , 0
3.25806 , -4.0648 , 0
3.26977 , -4.05531 , 0
3.28145 , -4.04579 , 0
3.2931 , -4.03624 , 0
3.30473 , -4.02666 , 0
3.31632 , -4.01704 , 0
3.32789 , -4.00739 , 0
3.33943 , -3.9977 , 0
3.35095 , -3.98798 , 0
3.36243 , -3.97823 , 0
3.37389 , -3.96845 , 0
3.38532 , -3.95863 , 0
3.39672 , -3.94878 , 0
3.40809 , -3.93889 , 0
3.41944 , -3.92898 , 0
3.43075 , -3.91903 , 0
3.44204 , -3.90905 , 0
3.4533 , -3.89903 , 0
3.46453 , -3.88898 , 0
3.47573 , -3.8789 , 0
3.4869 , -3.86879 , 0
3.49805 , -3.85865 , 0
3.50916 , -3.84847 , 0
3.52024 , -3.83826 , 0
3.5313 , -3.82802 , 0
3.54233 , -3.81775 , 0
3.55332 , -3.80744 , 0
3.56429 , -3.7971 , 0
3.57522 , -3.78674 , 0
3.58613 , -3.77634 , 0
3.59701 , -3.7659 , 0
3.60785 , -3.75544 , 0
3.61867 , -3.74495 , 0
3.62946 , -3.73442 , 0
3.64021 , -3.72387 , 0
3.65094 , -3.71328 , 0
3.66164 , -3.70266 , 0
3.6723 , -3.69201 , 0
3.68293 , -3.68133 , 0
3.69354 , -3.67062 , 0
3.70411 , -3.65988 , 0
3.71465 , -3.6491 , 0
3.72516 , -3.6383 , 0
3.73564 , -3.62747 , 0
3.74609 , -3.6166 , 0
3.75651 , -3.60571 , 0
3.76689 , -3.59479 , 0
3.77725 , -3.58383 , 0
3.78757 , -3.57285 , 0
3.79786 , -3.56183 , 0
3.80812 , -3.55079 , 0
3.81835 , -3.53972 , 0
3.82854 , -3.52862 , 0
3.83871 , -3.51748 , 0
3.84884 , -3.50632 , 0
3.85894 , -3.49513 , 0
3.869 , -3.48391 , 0
3.87904 , -3.47266 , 0
3.88904 , -3.46138 , 0
3.89901 , -3.45008 , 0
3.90895 , -3.43874 , 0
3.91885 , -3.42738 , 0
3.92873 , -3.41598 , 0
3.93856 , -3.40456 , 0
3.94837 , -3.39311 , 0
3.95814 , -3.38163 , 0
3.96788 , -3.37013 , 0
3.97759 , -3.35859 , 0
3.98727 , -3.34703 , 0
3.99691 , -3.33544 , 0
4.00651 , -3.32382 , 0
4.01609 , -3.31217 , 0
4.02563 , -3.3005 , 0
4.03513 , -3.2888 , 0
4.04461 , -3.27707 , 0
4.05404 , -3.26531 , 0
4.06345 , -3.25353 , 0
4.07282 , -3.24172 , 0
4.08216 , -3.22988 , 0
4.09146 , -3.21801 , 0
4.10073 , -3.20612 , 0
4.10996 , -3.1942 , 0
4.11916 , -3.18226 , 0
4.12833 , -3.17028 , 0
4.13746 , -3.15828 , 0
4.14656 , -3.14626 , 0
4.15562 , -3.13421 , 0
4.16465 , -3.12213 , 0
4.17364 , -3.11003 , 0
4.1826 , -3.0979 , 0
4.19152 , -3.08574 , 0
4.20041 , -3.07356 , 0
4.20926 , -3.06135 , 0
4.21808 , -3.04912 , 0
4.22686 , -3.03686 , 0
4.2356 , -3.02458 , 0
4.24432 , -3.01227 , 0
4.25299 , -2.99994 , 0
4.26163 , -2.98758 , 0
4.27024 , -2.97519 , 0
4.2788 , -2.96278 , 0
4.28734 , -2.95035 , 0
4.29583 , -2.93789 , 0
4.3043 , -2.92541 , 0
4.31272 , -2.9129 , 0
4.32111 , -2.90037 , 0
4.32946 , -2.88781 , 0
4.33778 , -2.87523 , 0
4.34606 , -2.86263 , 0
4.3543 , -2.85 , 0
4.36251 , -2.83735 , 0
4.37068 , -2.82467 , 0
4.37882 , -2.81197 , 0
4.38692 , -2.79925 , 0
4.39498 , -2.7865 , 0
4.403 , -2.77373 , 0
4.41099 , -2.76094 , 0
4.41894 , -2.74812 , 0
4.42685 , -2.73528 , 0
4.43473 , -2.72242 , 0
4.44257 , -2.70954 , 0
4.45037 , -2.69663 , 0
4.45814 , -2.6837 , 0
4.46587 , -2.67075 , 0
4.47356 , -2.65777 , 0
4.48121 , -2.64478 , 0
4.48883 , -2.63176 , 0
4.4964 , -2.61872 , 0
4.50394 , -2.60565 , 0
4.51145 , -2.59257 , 0
4.51891 , -2.57946 , 0
4.52634 , -2.56633 , 0
4.53373 , -2.55318 , 0
4.54108 , -2.54001 , 0
4.54839 , -2.52682 , 0
4.55567 , -2.51361 , 0
4.56291 , -2.50037 , 0
4.57011 , -2.48712 , 0
4.57727 , -2.47384 , 0
4.58439 , -2.46055 , 0
4.59147 , -2.44723 , 0
4.59852 , -2.43389 , 0
4.60553 , -2.42053 , 0
4.61249 , -2.40715 , 0
4.61942 , -2.39375 , 0
4.62632 , -2.38034 , 0
4.63317 , -2.3669 , 0
4.63998 , -2.35344 , 0
4.64676 , -2.33996 , 0
4.65349 , -2.32646 , 0
4.66019 , -2.31295 , 0
4.66685 , -2.29941 , 0
4.67347 , -2.28585 , 0
4.68005 , -2.27228 , 0
4.68659 , -2.25868 , 0
4.69309 , -2.24507 , 0
4.69955 , -2.23144 , 0
4.70598 , -2.21779 , 0
4.71236 , -2.20412 , 0
4.7187 , -2.19043 , 0
4.72501 , -2.17673 , 0
4.73127 , -2.163 , 0
4.7375 , -2.14926 , 0
4.74368 , -2.1355 , 0
4.74983 , -2.12172 , 0
4.75594 , -2.10793 , 0
4.762 , -2.09411 , 0
4.76803 , -2.08028 , 0
4.77402 , -2.06643 , 0
4.77996 , -2.05257 , 0
4.78587 , -2.03869 , 0
4.79174 , -2.02479 , 0
4.79756 , -2.01087 , 0
4.80335 , -1.99694 , 0
4.80909 , -1.98299 , 0
4.8148 , -1.96902 , 0
4.82047 , -1.95503 , 0
4.82609 , -1.94104 , 0
4.83167 , -1.92702 , 0
4.83722 , -1.91299 , 0
4.84272 , -1.89894 , 0
4.84819 , -1.88487 , 0
4.85361 , -1.87079 , 0
4.85899 , -1.8567 , 0
4.86433 , -1.84259 , 0
4.86963 , -1.82846 , 0
4.87489 , -1.81432 , 0
4.88011 , -1.80016 , 0
4.88529 , -1.78599 , 0
4.89042 , -1.7718 , 0
4.89552 , -1.7576 , 0
4.90058 , -1.74338 , 0
4.90559 , -1.72915 , 0
4.91056 , -1.71491 , 0
4.91549 , -1.70065 , 0
4.92038 , -1.68637 , 0
4.92523 , -1.67208 , 0
4.93004 , -1.65778 , 0
4.93481 , -1.64346 , 0
4.93953 , -1.62913 , 0
4.94422 , -1.61479 , 0
4.94886 , -1.60043 , 0
4.95346 , -1.58606 , 0
4.95802 , -1.57168 , 0
4.96254 , -1.55728 , 0
4.96702 , -1.54287 , 0
4.97145 , -1.52845 , 0
4.97584 , -1.51401 , 0
4.9802 , -1.49956 , 0
4.98451 , -1.4851 , 0
4.98877 , -1.47063 , 0
4.993 , -1.45614 , 0
4.99718 , -1.44164 , 0
5.00133 , -1.42713 , 0
5.00543 , -1.41261 , 0
5.00949 , -1.39807 , 0
5.0135 , -1.38353 , 0
5.01748 , -1.36897 , 0
5.02141 , -1.3544 , 0
5.0253 , -1.33982 , 0
5.02915 , -1.32523 , 0
5.03295 , -1.31063 , 0
5.03672 , -1.29601 , 0
5.04044 , -1.28139 , 0
5.04412 , -1.26675 , 0
5.04776 , -1.25211 , 0
5.05135 , -1.23745 , 0
5.05491 , -1.22279 , 0
5.05842 , -1.20811 , 0
5.06188 , -1.19342 , 0
5.06531 , -1.17872 , 0
5.06869 , -1.16402 , 0
5.07203 , -1.1493 , 0
5.07533 , -1.13457 , 0
5.07859 , -1.11984 , 0
5.0818 , -1.10509 , 0
5.08497 , -1.09034 , 0
5.0881 , -1.07558 , 0
5.09118 , -1.0608 , 0
5.09423 , -1.04602 , 0
5.09723 , -1.03123 , 0
5.10018 , -1.01643 , 0
5.1031 , -1.00162 , 0
5.10597 , -0.986809 , 0
5.1088 , -0.971985 , 0
5.11158 , -0.957152 , 0
5.11433 , -0.942312 , 0
5.11703 , -0.927464 , 0
5.11969 , -0.912608 , 0
5.1223 , -0.897744 , 0
5.12487 , -0.882873 , 0
5.1274 , -0.867995 , 0
5.12989 , -0.853109 , 0
5.13233 , -0.838216 , 0
5.13473 , -0.823316 , 0
5.13708 , -0.808409 , 0
5.1394 , -0.793495 , 0
5.14167 , -0.778575 , 0
5.1439 , -0.763648 , 0
5.14608 , -0.748715 , 0
5.14822 , -0.733775 , 0
5.15032 , -0.71883 , 0
5.15237 , -0.703878 , 0
5.15438 , -0.68892 , 0
5.15635 , -0.673957 , 0
5.15828 , -0.658988 , 0
5.16016 , -0.644013 , 0
5.162 , -0.629033 , 0
5.16379 , -0.614048 , 0
5.16555 , -0.599058 , 0
5.16725 , -0.584062 , 0
5.16892 , -0.569062 , 0
5.17054 , -0.554057 , 0
5.17212 , -0.539047 , 0
5.17366 , -0.524033 , 0
5.17515 , -0.509014 , 0
5.1766 , -0.493991 , 0
5.178 , -0.478964 , 0
5.17936 , -0.463933 , 0
5.18068 , -0.448898 , 0
5.18196 , -0.43386 , 0
5.18319 , -0.418817 , 0
5.18438 , -0.403771 , 0
5.18552 , -0.388722 , 0
5.18662 , -0.37367 , 0
5.18768 , -0.358614 , 0
5.18869 , -0.343555 , 0
5.18966 , -0.328494 , 0
5.19059 , -0.31343 , 0
5.19147 , -0.298363 , 0
5.19231 , -0.283293 , 0
5.19311 , -0.268222 , 0
5.19386 , -0.253148 , 0
5.19457 , -0.238071 , 0
5.19524 , -0.222993 , 0
5.19586 , -0.207913 , 0
5.19644 , -0.192831 , 0
5.19698 , -0.177748 , 0
5.19747 , -0.162663 , 0
5.19792 , -0.147577 , 0
5.19832 , -0.13249 , 0
5.19868 , -0.117401 , 0
5.199 , -0.102311 , 0
5.19927 , -0.087221 , 0
5.1995 , -0.0721298 , 0
5.19969 , -0.0570381 , 0
5.19983 , -0.0419458 , 0
5.19993 , -0.0268532 , 0
5.19999 , -0.0117604 , 0
5.2 , 0.00333247 , 0
5.19997 , 0.0184254 , 0
5.19989 , 0.0335181 , 0
5.19977 , 0.0486105 , 0
5.19961 , 0.0637026 , 0
5.19941 , 0.0787941 , 0
5.19916 , 0.0938849 , 0
5.19886 , 0.108975 , 0
5.19853 , 0.124064 , 0
5.19815 , 0.139152 , 0
