x , y , z
1 , 0 , 0
0.999853 , 0.024034 , 0
0.999411 , 0.048061 , 0
0.998675 , 0.0720738 , 0
0.997646 , 0.0960655 , 0
0.996324 , 0.120029 , 0
0.994713 , 0.143958 , 0
0.992812 , 0.167844 , 0
0.990625 , 0.191683 , 0
0.988154 , 0.215466 , 0
0.985401 , 0.239188 , 0
0.98237 , 0.262842 , 0
0.979063 , 0.286423 , 0
0.975485 , 0.309924 , 0
0.971638 , 0.33334 , 0
0.967528 , 0.356665 , 0
0.963157 , 0.379895 , 0
0.95853 , 0.403023 , 0
0.953652 , 0.426046 , 0
0.948528 , 0.448959 , 0
0.943162 , 0.471757 , 0
0.937558 , 0.494437 , 0
0.931723 , 0.516994 , 0
0.925661 , 0.539426 , 0
0.919377 , 0.561728 , 0
0.912876 , 0.583898 , 0
0.906163 , 0.605932 , 0
0.899245 , 0.627829 , 0
0.892126 , 0.649585 , 0
0.884811 , 0.671199 , 0
0.877306 , 0.692669 , 0
0.869615 , 0.713992 , 0
0.861745 , 0.735168 , 0
0.8537 , 0.756194 , 0
0.845485 , 0.777071 , 0
0.837106 , 0.797796 , 0
0.828567 , 0.818369 , 0
0.819874 , 0.838789 , 0
0.81103 , 0.859056 , 0
0.802042 , 0.87917 , 0
0.792914 , 0.89913 , 0
0.78365 , 0.918936 , 0
0.774255 , 0.938588 , 0
0.764733 , 0.958087 , 0
0.755089 , 0.977433 , 0
0.745327 , 0.996625 , 0
0.735451 , 1.01567 , 0
0.725465 , 1.03455 , 0
0.715372 , 1.05329 , 0
0.705178 , 1.07188 , 0
0.694886 , 1.09032 , 0
0.684498 , 1.1086 , 0
0.67402 , 1.12675 , 0
0.663453 , 1.14474 , 0
0.652803 , 1.16259 , 0
0.642071 , 1.18029 , 0
0.631261 , 1.19785 , 0
0.620376 , 1.21527 , 0
0.609419 , 1.23255 , 0
0.598393 , 1.24969 , 0
0.587301 , 1.26669 , 0
0.576145 , 1.28355 , 0
0.564928 , 1.30027 , 0
0.553653 , 1.31687 , 0
0.542322 , 1.33332 , 0
0.530937 , 1.34965 , 0
0.519501 , 1.36585 , 0
0.508016 , 1.38192 , 0
0.496484 , 1.39786 , 0
0.484907 , 1.41367 , 0
0.473287 , 1.42936 , 0
0.461627 , 1.44492 , 0
0.449927 , 1.46037 , 0
0.438191 , 1.47569 , 0
0.426419 , 1.49089 , 0
0.414613 , 1.50598 , 0
0.402775 , 1.52095 , 0
0.390907 , 1.5358 , 0
0.379009 , 1.55054 , 0
0.367085 , 1.56517 , 0
0.355134 , 1.57969 , 0
0.343158 , 1.5941 , 0
0.33116 , 1.6084 , 0
0.319139 , 1.62259 , 0
0.307097 , 1.63667 , 0
0.295036 , 1.65066 , 0
0.282956 , 1.66453 , 0
0.270859 , 1.67831 , 0
0.258746 , 1.69199 , 0
0.246618 , 1.70556 , 0
0.234475 , 1.71904 , 0
0.222319 , 1.73242 , 0
0.210151 , 1.74571 , 0
0.197972 , 1.7589 , 0
0.185782 , 1.772 , 0
0.173582 , 1.785 , 0
0.161373 , 1.79792 , 0
0.149156 , 1.81074 , 0
0.136932 , 1.82348 , 0
0.124702 , 1.83612 , 0
0.112465 , 1.84868 , 0
0.100224 , 1.86116 , 0
0.0879772 , 1.87355 , 0
0.075727 , 1.88585 , 0
0.0634735 , 1.89808 , 0
0.0512172 , 1.91022 , 0
0.0389587 , 1.92228 , 0
0.0266987 , 1.93426 , 0
0.0144375 , 1.94616 , 0
0.00217579 , 1.95799 , 0
-0.010086 , 1.96974 , 0
-0.0223474 , 1.98141 , 0
-0.034608 , 1.993 , 0
-0.0468673 , 2.00453 , 0
-0.0591249 , 2.01598 , 0
-0.0713803 , 2.02735 , 0
-0.0836333 , 2.03866 , 0
-0.0958833 , 2.04989 , 0
-0.10813 , 2.06106 , 0
-0.120373 , 2.07215 , 0
-0.132612 , 2.08318 , 0
-0.144847 , 2.09414 , 0
-0.157077 , 2.10504 , 0
-0.169303 , 2.11586 , 0
-0.181523 , 2.12662 , 0
-0.193738 , 2.13732 , 0
-0.205946 , 2.14796 , 0
-0.218149 , 2.15853 , 0
-0.230346 , 2.16904 , 0
-0.242536 , 2.17948 , 0
-0.254719 , 2.18987 , 0
-0.266895 , 2.20019 , 0
-0.279064 , 2.21046 , 0
-0.291225 , 2.22067 , 0
-0.303379 , 2.23082 , 0
-0.315525 , 2.24091 , 0
-0.327663 , 2.25094 , 0
-0.339793 , 2.26092 , 0
-0.351915 , 2.27084 , 0
-0.364028 , 2.28071 , 0
-0.376132 , 2.29052 , 0
-0.388227 , 2.30028 , 0
-0.400313 , 2.30999 , 0
-0.41239 , 2.31964 , 0
-0.424458 , 2.32924 , 0
-0.436517 , 2.33879 , 0
-0.448566 , 2.34829 , 0
-0.460605 , 2.35773 , 0
-0.472634 , 2.36713 , 0
-0.484654 , 2.37648 , 0
-0.496663 , 2.38577 , 0
-0.508663 , 2.39502 , 0
-0.520652 , 2.40423 , 0
-0.532631 , 2.41338 , 0
-0.544599 , 2.42249 , 0
-0.556557 , 2.43155 , 0
-0.568504 , 2.44056 , 0
-0.580441 , 2.44953 , 0
-0.592367 , 2.45845 , 0
-0.604282 , 2.46733 , 0
-0.616187 , 2.47616 , 0
-0.62808 , 2.48495 , 0
-0.639963 , 2.4937 , 0
-0.651834 , 2.5024 , 0
-0.663694 , 2.51106 , 0
-0.675544 , 2.51968 , 0
-0.687382 , 2.52825 , 0
-0.699208 , 2.53679 , 0
-0.711023 , 2.54528 , 0
-0.722827 , 2.55374 , 0
-0.73462 , 2.56215 , 0
-0.746401 , 2.57052 , 0
-0.758171 , 2.57886 , 0
-0.769929 , 2.58715 , 0
-0.781676 , 2.59541 , 0
-0.793411 , 2.60362 , 0
-0.805134 , 2.6118 , 0
-0.816846 , 2.61994 , 0
-0.828546 , 2.62805 , 0
-0.840235 , 2.63612 , 0
-0.851912 , 2.64415 , 0
-0.863577 , 2.65214 , 0
-0.87523 , 2.6601 , 0
-0.886872 , 2.66802 , 0
-0.898502 , 2.67591 , 0
-0.91012 , 2.68376 , 0
-0.921726 , 2.69158 , 0
-0.933321 , 2.69936 , 0
-0.944904 , 2.70711 , 0
-0.956475 , 2.71482 , 0
-0.968034 , 2.7225 , 0
-0.979581 , 2.73015 , 0
-0.991116 , 2.73777 , 0
-1.00264 , 2.74535 , 0
-1.01415 , 2.7529 , 0
-1.02565 , 2.76042 , 0
-1.03714 , 2.7679 , 0
-1.04862 , 2.77536 , 0
-1.06008 , 2.78278 , 0
-1.07153 , 2.79017 , 0
-1.08297 , 2.79753 , 0
-1.0944 , 2.80486 , 0
-1.10582 , 2.81216 , 0
-1.11723 , 2.81943 , 0
-1.12862 , 2.82668 , 0
-1.14 , 2.83389 , 0
-1.15137 , 2.84107 , 0
-1.16273 , 2.84822 , 0
-1.17408 , 2.85534 , 0
-1.18541 , 2.86244 , 0
-1.19673 , 2.86951 , 0
-1.20804 , 2.87654 , 0
-1.21934 , 2.88356 , 0
-1.23063 , 2.89054 , 0
-1.24191 , 2.89749 , 0
-1.25317 , 2.90442 , 0
-1.26442 , 2.91132 , 0
-1.27567 , 2.9182 , 0
-1.28689 , 2.92505 , 0
-1.29811 , 2.93187 , 0
-1.30932 , 2.93866 , 0
-1.32051 , 2.94543 , 0
-1.3317 , 2.95218 , 0
-1.34287 , 2.95889 , 0
-1.35403 , 2.96559 , 0
-1.36518 , 2.97225 , 0
-1.37631 , 2.97889 , 0
-1.38744 , 2.98551 , 0
-1.39855 , 2.9921 , 0
-1.40965 , 2.99867 , 0
-1.42075 , 3.00522 , 0
-1.43183 , 3.01174 , 0
-1.44289 , 3.01823 , 0
-1.45395 , 3.0247 , 0
-1.465 , 3.03115 , 0
-1.47603 , 3.03758 , 0
-1.48705 , 3.04398 , 0
-1.49807 , 3.05036 , 0
-1.50907 , 3.05671 , 0
-1.52005 , 3.06305 , 0
-1.53103 , 3.06936 , 0
-1.542 , 3.07564 , 0
-1.55296 , 3.08191 , 0
-1.5639 , 3.08815 , 0
-1.57483 , 3.09438 , 0
-1.58576 , 3.10058 , 0
-1.59667 , 3.10675 , 0
-1.60757 , 3.11291 , 0
-1.61846 , 3.11905 , 0
-1.62934 , 3.12516 , 0
-1.6402 , 3.13125 , 0
-1.65106 , 3.13733 , 0
-1.6619 , 3.14338 , 0
-1.67274 , 3.14941 , 0
-1.68356 , 3.15542 , 0
-1.69438 , 3.16141 , 0
-1.70518 , 3.16738 , 0
-1.71597 , 3.17333 , 0
-1.72675 , 3.17926 , 0
-1.73752 , 3.18517 , 0
-1.74828 , 3.19106 , 0
-1.75903 , 3.19693 , 0
-1.76976 , 3.20278 , 0
-1.78049 , 3.20862 , 0
-1.79121 , 3.21443 , 0
-1.80191 , 3.22022 , 0
-1.81261 , 3.226 , 0
-1.82329 , 3.23176 , 0
-1.83397 , 3.23749 , 0
-1.84463 , 3.24321 , 0
-1.85528 , 3.24892 , 0
-1.86593 , 3.2546 , 0
-1.87656 , 3.26026 , 0
-1.88718 , 3.26591 , 0
-1.89779 , 3.27154 , 0
-1.90839 , 3.27715 , 0
-1.91898 , 3.28274 , 0
-1.92956 , 3.28832 , 0
-1.94013 , 3.29388 , 0
-1.95069 , 3.29942 , 0
-1.96124 , 3.30494 , 0
-1.97178 , 3.31045 , 0
-1.98231 , 3.31593 , 0
-1.99283 , 3.32141 , 0
-2.00334 , 3.32686 , 0
-2.01384 , 3.3323 , 0
-2.02433 , 3.33772 , 0
-2.03481 , 3.34313 , 0
-2.04528 , 3.34852 , 0
-2.05574 , 3.35389 , 0
-2.06619 , 3.35925 , 0
-2.07663 , 3.36459 , 0
-2.08706 , 3.36991 , 0
-2.09748 , 3.37522 , 0
-2.10789 , 3.38051 , 0
-2.11829 , 3.38579 , 0
-2.12868 , 3.39105 , 0
-2.13906 , 3.3963 , 0
-2.14943 , 3.40153 , 0
-2.15979 , 3.40674 , 0
-2.17014 , 3.41194 , 0
-2.18048 , 3.41712 , 0
-2.19081 , 3.42229 , 0
-2.20113 , 3.42745 , 0
-2.21145 , 3.43259 , 0
-2.22175 , 3.43771 , 0
-2.23204 , 3.44282 , 0
-2.24233 , 3.44791 , 0
-2.2526 , 3.45299 , 0
-2.26287 , 3.45806 , 0
-2.27312 , 3.46311 , 0
-2.28337 , 3.46815 , 0
-2.2936 , 3.47317 , 0
-2.30383 , 3.47818 , 0
-2.31405 , 3.48317 , 0
-2.32426 , 3.48815 , 0
-2.33446 , 3.49312 , 0
-2.34465 , 3.49807 , 0
-2.35483 , 3.50301 , 0
-2.365 , 3.50793 , 0
-2.37516 , 3.51285 , 0
-2.38532 , 3.51774 , 0
-2.39546 , 3.52263 , 0
-2.40559 , 3.5275 , 0
-2.41572 , 3.53236 , 0
-2.42584 , 3.5372 , 0
-2.43594 , 3.54203 , 0
-2.44604 , 3.54685 , 0
-2.45613 , 3.55165 , 0
-2.46621 , 3.55644 , 0
-2.47628 , 3.56122 , 0
-2.48635 , 3.56599 , 0
-2.4964 , 3.57074 , 0
-2.50645 , 3.57548 , 0
-2.51648 , 3.58021 , 0
-2.52651 , 3.58492 , 0
-2.53653 , 3.58963 , 0
-2.54654 , 3.59432 , 0
-2.55654 , 3.59899 , 0
-2.56653 , 3.60366 , 0
-2.57651 , 3.60831 , 0
-2.58649 , 3.61295 , 0
-2.59645 , 3.61758 , 0
-2.60641 , 3.6222 , 0
-2.61636 , 3.6268 , 0
-2.6263 , 3.6314 , 0
-2.63623 , 3.63598 , 0
-2.64615 , 3.64055 , 0
-2.65607 , 3.6451 , 0
-2.66597 , 3.64965 , 0
-2.67587 , 3.65418 , 0
-2.68576 , 3.6587 , 0
-2.69564 , 3.66322 , 0
-2.70551 , 3.66771 , 0
-2.71537 , 3.6722 , 0
-2.72523 , 3.67668 , 0
-2.73508 , 3.68114 , 0
-2.74491 , 3.6856 , 0
-2.75474 , 3.69004 , 0
-2.76456 , 3.69447 , 0
-2.77438 , 3.69889 , 0
-2.78418 , 3.7033 , 0
-2.79398 , 3.7077 , 0
-2.80377 , 3.71209 , 0
-2.81355 , 3.71646 , 0
-2.82332 , 3.72083 , 0
-2.83308 , 3.72519 , 0
-2.84284 , 3.72953 , 0
-2.85259 , 3.73386 , 0
-2.86233 , 3.73819 , 0
-2.87206 , 3.7425 , 0
-2.88178 , 3.7468 , 0
-2.8915 , 3.75109 , 0
-2.90121 , 3.75537 , 0
-2.9109 , 3.75965 , 0
-2.9206 , 3.76391 , 0
-2.93028 , 3.76816 , 0
-2.93995 , 3.7724 , 0
-2.94962 , 3.77663 , 0
-2.95928 , 3.78085 , 0
-2.96893 , 3.78506 , 0
-2.97858 , 3.78926 , 0
-2.98821 , 3.79345 , 0
-2.99784 , 3.79763 , 0
-3.00746 , 3.80179 , 0
-3.01708 , 3.80596 , 0
-3.02668 , 3.81011 , 0
-3.03628 , 3.81425 , 0
-3.04587 , 3.81838 , 0
-3.05545 , 3.8225 , 0
-3.06502 , 3.82661 , 0
-3.07459 , 3.83071 , 0
-3.08415 , 3.8348 , 0
-3.0937 , 3.83889 , 0
-3.10324 , 3.84296 , 0
-3.11278 , 3.84702 , 0
-3.12231 , 3.85108 , 0
-3.13183 , 3.85513 , 0
-3.14134 , 3.85916 , 0
-3.15085 , 3.86319 , 0
-3.16034 , 3.86721 , 0
-3.16984 , 3.87121 , 0
-3.17932 , 3.87521 , 0
-3.18879 , 3.8792 , 0
-3.19826 , 3.88319 , 0
-3.20772 , 3.88716 , 0
-3.21718 , 3.89112 , 0
-3.22662 , 3.89508 , 0
-3.23606 , 3.89902 , 0
-3.24549 , 3.90296 , 0
-3.25492 , 3.90689 , 0
-3.26434 , 3.91081 , 0
-3.27375 , 3.91472 , 0
-3.28315 , 3.91862 , 0
-3.29254 , 3.92251 , 0
-3.30193 , 3.9264 , 0
-3.31131 , 3.93027 , 0
-3.32069 , 3.93414 , 0
-3.33005 , 3.938 , 0
-3.33941 , 3.94185 , 0
-3.34876 , 3.94569 , 0
-3.35811 , 3.94953 , 0
-3.36745 , 3.95335 , 0
-3.37678 , 3.95717 , 0
-3.3861 , 3.96098 , 0
-3.39542 , 3.96478 , 0
-3.40473 , 3.96857 , 0
-3.41403 , 3.97236 , 0
-3.42333 , 3.97613 , 0
-3.43261 , 3.9799 , 0
-3.4419 , 3.98366 , 0
-3.45117 , 3.98741 , 0
-3.46044 , 3.99116 , 0
-3.4697 , 3.99489 , 0
-3.47895 , 3.99862 , 0
-3.4882 , 4.00234 , 0
-3.49744 , 4.00605 , 0
-3.50667 , 4.00976 , 0
-3.5159 , 4.01345 , 0
-3.52512 , 4.01714 , 0
-3.53433 , 4.02082 , 0
-3.54354 , 4.02449 , 0
-3.55274 , 4.02816 , 0
-3.56193 , 4.03182 , 0
-3.57112 , 4.03547 , 0
-3.5803 , 4.03911 , 0
-3.58947 , 4.04275 , 0
-3.59863 , 4.04637 , 0
-3.60779 , 4.04999 , 0
-3.61695 , 4.05361 , 0
-3.62609 , 4.05721 , 0
-3.63523 , 4.06081 , 0
-3.64436 , 4.0644 , 0
-3.65349 , 4.06798 , 0
-3.66261 , 4.07156 , 0
-3.67172 , 4.07513 , 0
-3.68083 , 4.07869 , 0
-3.68993 , 4.08224 , 0
-3.69902 , 4.08579 , 0
-3.70811 , 4.08933 , 0
-3.71719 , 4.09286 , 0
-3.72626 , 4.09638 , 0
-3.73533 , 4.0999 , 0
-3.74439 , 4.10341 , 0
-3.75344 , 4.10692 , 0
-3.76249 , 4.11041 , 0
-3.77153 , 4.1139 , 0
-3.78057 , 4.11738 , 0
-3.7896 , 4.12086 , 0
-3.79862 , 4.12433 , 0
-3.80763 , 4.12779 , 0
-3.81664 , 4.13125 , 0
-3.82565 , 4.13469 , 0
-3.83464 , 4.13814 , 0
-3.84363 , 4.14157 , 0
-3.85262 , 4.145 , 0
-3.8616 , 4.14842 , 0
-3.87057 , 4.15183 , 0
-3.87953 , 4.15524 , 0
-3.88849 , 4.15864 , 0
-3.89745 , 4.16204 , 0
-3.90639 , 4.16542 , 0
-3.91534 , 4.16881 , 0
-3.92427 , 4.17218 , 0
-3.9332 , 4.17555 , 0
-3.94212 , 4.17891 , 0
-3.95104 , 4.18227 , 0
-3.95995 , 4.18561 , 0
-3.96885 , 4.18896 , 0
-3.97775 , 4.19229 , 0
-3.98664 , 4.19562 , 0
-3.99553 , 4.19894 , 0
-4.00441 , 4.20226 , 0
-4.01328 , 4.20557 , 0
-4.02215 , 4.20888 , 0
-4.03101 , 4.21217 , 0
-4.03987 , 4.21546 , 0
-4.04872 , 4.21875 , 0
-4.05756 , 4.22203 , 0
-4.0664 , 4.2253 , 0
-4.07523 , 4.22857 , 0
-4.08405 , 4.23183 , 0
-4.09287 , 4.23508 , 0
-4.10169 , 4.23833 , 0
-4.1105 , 4.24157 , 0
-4.1193 , 4.24481 , 0
-4.1281 , 4.24804 , 0
-4.13689 , 4.25126 , 0
-4.14567 , 4.25448 , 0
-4.15445 , 4.25769 , 0
-4.16322 , 4.2609 , 0
-4.17199 , 4.2641 , 0
-4.18075 , 4.26729 , 0
-4.18951 , 4.27048 , 0
-4.19826 , 4.27366 , 0
-4.207 , 4.27684 , 0
-4.21574 , 4.28001 , 0
-4.22447 , 4.28318 , 0
-4.2332 , 4.28633 , 0
-4.24192 , 4.28949 , 0
-4.25064 , 4.29264 , 0
-4.25935 , 4.29578 , 0
-4.26805 , 4.29891 , 0
-4.27675 , 4.30204 , 0
-4.28544 , 4.30517 , 0
-4.29413 , 4.30829 , 0
-4.30281 , 4.3114 , 0
-4.31149 , 4.31451 , 0
-4.32016 , 4.31761 , 0
-4.32882 , 4.32071 , 0
-4.33748 , 4.3238 , 0
-4.34614 , 4.32688 , 0
-4.35479 , 4.32996 , 0
-4.36343 , 4.33304 , 0
-4.37207 , 4.33611 , 0
-4.3807 , 4.33917 , 0
-4.38932 , 4.34223 , 0
-4.39794 , 4.34528 , 0
-4.40656 , 4.34833 , 0
-4.41517 , 4.35137 , 0
-4.42377 , 4.35441 , 0
-4.43237 , 4.35744 , 0
-4.44097 , 4.36046 , 0
-4.44955 , 4.36348 , 0
-4.45814 , 4.3665 , 0
-4.46671 , 4.36951 , 0
-4.47528 , 4.37251 , 0
-4.48385 , 4.37551 , 0
-4.49241 , 4.37851 , 0
-4.50097 , 4.38149 , 0
-4.50952 , 4.38448 , 0
-4.51806 , 4.38746 , 0
-4.5266 , 4.39043 , 0
-4.53514 , 4.3934 , 0
-4.54366 , 4.39636 , 0
-4.55219 , 4.39932 , 0
-4.56071 , 4.40227 , 0
-4.56922 , 4.40522 , 0
-4.57773 , 4.40816 , 0
-4.58623 , 4.4111 , 0
-4.59473 , 4.41403 , 0
-4.60322 , 4.41696 , 0
-4.61171 , 4.41988 , 0
-4.62019 , 4.4228 , 0
-4.62866 , 4.42571 , 0
-4.63714 , 4.42862 , 0
-4.6456 , 4.43152 , 0
-4.65406 , 4.43442 , 0
-4.66252 , 4.43731 , 0
-4.67097 , 4.4402 , 0
-4.67941 , 4.44308 , 0
-4.68785 , 4.44596 , 0
-4.69629 , 4.44883 , 0
-4.70472 , 4.4517 , 0
-4.71314 , 4.45456 , 0
-4.72156 , 4.45742 , 0
-4.72998 , 4.46027 , 0
-4.73839 , 4.46312 , 0
-4.74679 , 4.46597 , 0
-4.75519 , 4.46881 , 0
-4.76359 , 4.47164 , 0
-4.77198 , 4.47447 , 0
-4.78036 , 4.4773 , 0
-4.78874 , 4.48012 , 0
-4.79711 , 4.48293 , 0
-4.80548 , 4.48574 , 0
-4.81385 , 4.48855 , 0
-4.82221 , 4.49135 , 0
-4.83056 , 4.49415 , 0
-4.83891 , 4.49694 , 0
-4.84726 , 4.49973 , 0
-4.8556 , 4.50251 , 0
-4.86393 , 4.50529 , 0
-4.87226 , 4.50807 , 0
-4.88059 , 4.51084 , 0
-4.88891 , 4.5136 , 0
-4.89722 , 4.51636 , 0
-4.90553 , 4.51912 , 0
-4.91384 , 4.52187 , 0
-4.92214 , 4.52462 , 0
-4.93043 , 4.52736 , 0
-4.93872 , 4.5301 , 0
-4.94701 , 4.53283 , 0
-4.95529 , 4.53556 , 0
-4.96357 , 4.53829 , 0
-4.97184 , 4.54101 , 0
-4.98011 , 4.54373 , 0
-4.98837 , 4.54644 , 0
-4.99662 , 4.54915 , 0
-5.00488 , 4.55185 , 0
-5.01312 , 4.55455 , 0
-5.02137 , 4.55724 , 0
-5.02961 , 4.55993 , 0
-5.03784 , 4.56262 , 0
-5.04607 , 4.5653 , 0
-5.05429 , 4.56798 , 0
-5.06251 , 4.57065 , 0
-5.07073 , 4.57332 , 0
-5.07894 , 4.57598 , 0
-5.08714 , 4.57864 , 0
-5.09534 , 4.5813 , 0
-5.10354 , 4.58395 , 0
-5.11173 , 4.5866 , 0
-5.11991 , 4.58924 , 0
-5.1281 , 4.59188 , 0
-5.13627 , 4.59452 , 0
-5.14445 , 4.59715 , 0
-5.15261 , 4.59978 , 0
-5.16078 , 4.6024 , 0
-5.16894 , 4.60502 , 0
-5.17709 , 4.60764 , 0
-5.18524 , 4.61025 , 0
-5.19338 , 4.61285 , 0
-5.20152 , 4.61546 , 0
-5.20966 , 4.61805 , 0
-5.21779 , 4.62065 , 0
-5.22592 , 4.62324 , 0
-5.23404 , 4.62583 , 0
-5.24216 , 4.62841 , 0
-5.25027 , 4.63099 , 0
-5.25838 , 4.63356 , 0
-5.26649 , 4.63613 , 0
-5.27458 , 4.6387 , 0
-5.28268 , 4.64126 , 0
-5.29077 , 4.64382 , 0
-5.29886 , 4.64637 , 0
-5.30694 , 4.64893 , 0
-5.31502 , 4.65147 , 0
-5.32309 , 4.65402 , 0
-5.33116 , 4.65656 , 0
-5.33922 , 4.65909 , 0
-5.34728 , 4.66162 , 0
-5.35534 , 4.66415 , 0
-5.36339 , 4.66667 , 0
-5.37143 , 4.66919 , 0
-5.37948 , 4.67171 , 0
-5.38751 , 4.67422 , 0
-5.39555 , 4.67673 , 0
-5.40358 , 4.67924 , 0
-5.4116 , 4.68174 , 0
-5.41962 , 4.68423 , 0
-5.42764 , 4.68673 , 0
-5.43565 , 4.68922 , 0
-5.44365 , 4.6917 , 0
-5.45166 , 4.69419 , 0
-5.45966 , 4.69666 , 0
-5.46765 , 4.69914 , 0
-5.47564 , 4.70161 , 0
-5.48363 , 4.70408 , 0
-5.49161 , 4.70654 , 0
-5.49958 , 4.709 , 0
-5.50756 , 4.71146 , 0
-5.51553 , 4.71391 , 0
-5.52349 , 4.71636 , 0
-5.53145 , 4.71881 , 0
-5.53941 , 4.72125 , 0
-5.54736 , 4.72369 , 0
-5.5553 , 4.72612 , 0
-5.56325 , 4.72855 , 0
-5.57119 , 4.73098 , 0
-5.57912 , 4.7334 , 0
-5.58705 , 4.73582 , 0
-5.59498 , 4.73824 , 0
-5.6029 , 4.74066 , 0
-5.61082 , 4.74306 , 0
-5.61873 , 4.74547 , 0
-5.62664 , 4.74787 , 0
-5.63455 , 4.75027 , 0
-5.64245 , 4.75267 , 0
-5.65034 , 4.75506 , 0
-5.65824 , 4.75745 , 0
-5.66613 , 4.75984 , 0
-5.67401 , 4.76222 , 0
-5.68189 , 4.7646 , 0
-5.68977 , 4.76697 , 0
-5.69764 , 4.76934 , 0
-5.70551 , 4.77171 , 0
-5.71337 , 4.77408 , 0
-5.72123 , 4.77644 , 0
-5.72909 , 4.77879 , 0
-5.73694 , 4.78115 , 0
-5.74479 , 4.7835 , 0
-5.75263 , 4.78585 , 0
-5.76047 , 4.78819 , 0
-5.76831 , 4.79053 , 0
-5.77614 , 4.79287 , 0
-5.78397 , 4.79521 , 0
-5.79179 , 4.79754 , 0
-5.79961 , 4.79986 , 0
-5.80743 , 4.80219 , 0
-5.81524 , 4.80451 , 0
-5.82305 , 4.80683 , 0
-5.83085 , 4.80914 , 0
-5.83865 , 4.81145 , 0
-5.84645 , 4.81376 , 0
-5.85424 , 4.81607 , 0
-5.86203 , 4.81837 , 0
-5.86981 , 4.82067 , 0
-5.87759 , 4.82296 , 0
-5.88537 , 4.82525 , 0
-5.89314 , 4.82754 , 0
-5.90091 , 4.82983 , 0
-5.90867 , 4.83211 , 0
-5.91643 , 4.83439 , 0
-5.92419 , 4.83666 , 0
-5.93194 , 4.83893 , 0
-5.93969 , 4.8412 , 0
-5.94743 , 4.84347 , 0
-5.95518 , 4.84573 , 0
-5.96291 , 4.84799 , 0
-5.97065 , 4.85025 , 0
-5.97838 , 4.8525 , 0
-5.9861 , 4.85475 , 0
-5.99382 , 4.857 , 0
-6.00154 , 4.85924 , 0
-6.00925 , 4.86149 , 0
-6.01696 , 4.86372 , 0
-6.02467 , 4.86596 , 0
-6.03237 , 4.86819 , 0
-6.04007 , 4.87042 , 0
-6.04777 , 4.87264 , 0
-6.05546 , 4.87487 , 0
-6.06314 , 4.87709 , 0
-6.07083 , 4.8793 , 0
-6.07851 , 4.88152 , 0
-6.08618 , 4.88373 , 0
-6.09385 , 4.88593 , 0
-6.10152 , 4.88814 , 0
-6.10919 , 4.89034 , 0
-6.11685 , 4.89254 , 0
-6.1245 , 4.89473 , 0
-6.13216 , 4.89692 , 0
-6.13981 , 4.89911 , 0
-6.14745 , 4.9013 , 0
-6.15509 , 4.90348 , 0
-6.16273 , 4.90566 , 0
-6.17037 , 4.90784 , 0
-6.178 , 4.91002 , 0
-6.18563 , 4.91219 , 0
-6.19325 , 4.91436 , 0
-6.20087 , 4.91652 , 0
-6.20849 , 4.91868 , 0
-6.2161 , 4.92084 , 0
-6.22371 , 4.923 , 0
-6.23131 , 4.92515 , 0
-6.23891 , 4.92731 , 0
-6.24651 , 4.92945 , 0
-6.2541 , 4.9316 , 0
-6.26169 , 4.93374 , 0
-6.26928 , 4.93588 , 0
-6.27686 , 4.93802 , 0
-6.28444 , 4.94015 , 0
-6.29202 , 4.94228 , 0
-6.29959 , 4.94441 , 0
-6.30716 , 4.94654 , 0
-6.31473 , 4.94866 , 0
-6.32229 , 4.95078 , 0
-6.32985 , 4.95289 , 0
-6.3374 , 4.95501 , 0
-6.34495 , 4.95712 , 0
-6.3525 , 4.95923 , 0
-6.36004 , 4.96133 , 0
-6.36758 , 4.96344 , 0
-6.37512 , 4.96554 , 0
-6.38265 , 4.96763 , 0
-6.39018 , 4.96973 , 0
-6.3977 , 4.97182 , 0
-6.40523 , 4.97391 , 0
-6.41275 , 4.976 , 0
-6.42026 , 4.97808 , 0
-6.42777 , 4.98016 , 0
-6.43528 , 4.98224 , 0
-6.44278 , 4.98431 , 0
-6.45029 , 4.98639 , 0
-6.45778 , 4.98846 , 0
-6.46528 , 4.99052 , 0
-6.47277 , 4.99259 , 0
-6.48025 , 4.99465 , 0
-6.48774 , 4.99671 , 0
-6.49522 , 4.99876 , 0
-6.50269 , 5.00082 , 0
-6.51017 , 5.00287 , 0
-6.51764 , 5.00492 , 0
-6.5251 , 5.00696 , 0
-6.53257 , 5.00901 , 0
-6.54003 , 5.01105 , 0
-6.54748 , 5.01309 , 0
-6.55493 , 5.01512 , 0
-6.56238 , 5.01715 , 0
-6.56983 , 5.01918 , 0
-6.57727 , 5.02121 , 0
-6.58471 , 5.02323 , 0
-6.59214 , 5.02526 , 0
-6.59958 , 5.02728 , 0
-6.607 , 5.02929 , 0
-6.61443 , 5.03131 , 0
-6.62185 , 5.03332 , 0
-6.62927 , 5.03533 , 0
-6.63668 , 5.03733 , 0
-6.6441 , 5.03934 , 0
-6.6515 , 5.04134 , 0
-6.65891 , 5.04334 , 0
-6.66631 , 5.04534 , 0
-6.67371 , 5.04733 , 0
-6.6811 , 5.04932 , 0
-6.68849 , 5.05131 , 0
-6.69588 , 5.0533 , 0
-6.70327 , 5.05528 , 0
-6.71065 , 5.05726 , 0
-6.71803 , 5.05924 , 0
-6.7254 , 5.06121 , 0
-6.73277 , 5.06319 , 0
-6.74014 , 5.06516 , 0
-6.7475 , 5.06713 , 0
-6.75486 , 5.06909 , 0
-6.76222 , 5.07106 , 0
-6.76958 , 5.07302 , 0
-6.77693 , 5.07498 , 0
-6.78428 , 5.07693 , 0
-6.79162 , 5.07889 , 0
-6.79896 , 5.08084 , 0
-6.8063 , 5.08279 , 0
-6.81364 , 5.08473 , 0
-6.82097 , 5.08668 , 0
-6.8283 , 5.08862 , 0
-6.83562 , 5.09056 , 0
-6.84294 , 5.0925 , 0
-6.85026 , 5.09443 , 0
-6.85758 , 5.09636 , 0
-6.86489 , 5.09829 , 0
-6.8722 , 5.10022 , 0
-6.87951 , 5.10214 , 0
-6.88681 , 5.10407 , 0
-6.89411 , 5.10599 , 0
-6.9014 , 5.1079 , 0
-6.9087 , 5.10982 , 0
-6.91599 , 5.11173 , 0
-6.92327 , 5.11364 , 0
-6.93056 , 5.11555 , 0
-6.93784 , 5.11746 , 0
-6.94511 , 5.11936 , 0
-6.95239 , 5.12126 , 0
-6.95966 , 5.12316 , 0
-6.96692 , 5.12506 , 0
-6.97419 , 5.12695 , 0
-6.98145 , 5.12884 , 0
-6.98871 , 5.13073 , 0
-6.99596 , 5.13262 , 0
-7.00321 , 5.1345 , 0
-7.01046 , 5.13638 , 0
-7.01771 , 5.13826 , 0
-7.02495 , 5.14014 , 0
-7.03219 , 5.14202 , 0
-7.03942 , 5.14389 , 0
-7.04666 , 5.14576 , 0
-7.05389 , 5.14763 , 0
-7.06111 , 5.1495 , 0
-7.06833 , 5.15136 , 0
-7.07556 , 5.15322 , 0
-7.08277 , 5.15508 , 0
-7.08999 , 5.15694 , 0
-7.0972 , 5.15879 , 0
-7.1044 , 5.16065 , 0
-7.11161 , 5.1625 , 0
-7.11881 , 5.16435 , 0
-7.12601 , 5.16619 , 0
-7.1332 , 5.16804 , 0
-7.1404 , 5.16988 , 0
-7.14759 , 5.17172 , 0
-7.15477 , 5.17355 , 0
-7.16196 , 5.17539 , 0
-7.16914 , 5.17722 , 0
-7.17631 , 5.17905 , 0
-7.18349 , 5.18088 , 0
-7.19066 , 5.18271 , 0
-7.19783 , 5.18453 , 0
-7.20499 , 5.18635 , 0
-7.21215 , 5.18817 , 0
-7.21931 , 5.18999 , 0
-7.22647 , 5.1918 , 0
-7.23362 , 5.19362 , 0
-7.24077 , 5.19543 , 0
-7.24792 , 5.19724 , 0
-7.25506 , 5.19904 , 0
-7.2622 , 5.20085 , 0
-7.26934 , 5.20265 , 0
-7.27647 , 5.20445 , 0
-7.2836 , 5.20625 , 0
-7.29073 , 5.20804 , 0
-7.29786 , 5.20984 , 0
-7.30498 , 5.21163 , 0
-7.3121 , 5.21342 , 0
-7.31922 , 5.2152 , 0
-7.32633 , 5.21699 , 0
-7.33344 , 5.21877 , 0
-7.34055 , 5.22055 , 0
-7.34766 , 5.22233 , 0
-7.35476 , 5.22411 , 0
-7.36186 , 5.22588 , 0
-7.36895 , 5.22766 , 0
-7.37605 , 5.22943 , 0
-7.38314 , 5.23119 , 0
-7.39022 , 5.23296 , 0
-7.39731 , 5.23473 , 0
-7.40439 , 5.23649 , 0
-7.41147 , 5.23825 , 0
-7.41854 , 5.24001 , 0
-7.42561 , 5.24176 , 0
-7.43268 , 5.24352 , 0
-7.43975 , 5.24527 , 0
-7.44682 , 5.24702 , 0
-7.45388 , 5.24876 , 0
-7.46093 , 5.25051 , 0
-7.46799 , 5.25225 , 0
-7.47504 , 5.254 , 0
-7.48209 , 5.25573 , 0
-7.48914 , 5.25747 , 0
-7.49618 , 5.25921 , 0
-7.50322 , 5.26094 , 0
-7.51026 , 5.26267 , 0
-7.51729 , 5.2644 , 0
-7.52433 , 5.26613 , 0
-7.53136 , 5.26786 , 0
-7.53838 , 5.26958 , 0
-7.54541 , 5.2713 , 0
-7.55243 , 5.27302 , 0
-7.55944 , 5.27474 , 0
-7.56646 , 5.27645 , 0
-7.57347 , 5.27817 , 0
-7.58048 , 5.27988 , 0
-7.58749 , 5.28159 , 0
-7.59449 , 5.2833 , 0
-7.60149 , 5.285 , 0
-7.60849 , 5.2867 , 0
-7.61549 , 5.28841 , 0
-7.62248 , 5.29011 , 0
-7.62947 , 5.2918 , 0
-7.63645 , 5.2935 , 0
-7.64344 , 5.29519 , 0
-7.65042 , 5.29689 , 0
-7.6574 , 5.29858 , 0
-7.66437 , 5.30026 , 0
-7.67135 , 5.30195 , 0
-7.67832 , 5.30363 , 0
-7.68528 , 5.30532 , 0
-7.69225 , 5.307 , 0
-7.69921 , 5.30868 , 0
-7.70617 , 5.31035 , 0
-7.71312 , 5.31203 , 0
-7.72008 , 5.3137 , 0
-7.72703 , 5.31537 , 0
-7.73398 , 5.31704 , 0
-7.74092 , 5.31871 , 0
-7.74786 , 5.32037 , 0
-7.7548 , 5.32203 , 0
-7.76174 , 5.3237 , 0
-7.76867 , 5.32536 , 0
-7.7756 , 5.32701 , 0
-7.78253 , 5.32867 , 0
-7.78946 , 5.33032 , 0
-7.79638 , 5.33197 , 0
-7.8033 , 5.33362 , 0
-7.81022 , 5.33527 , 0
-7.81714 , 5.33692 , 0
-7.82405 , 5.33856 , 0
-7.83096 , 5.34021 , 0
-7.83786 , 5.34185 , 0
-7.84477 , 5.34349 , 0
-7.85167 , 5.34512 , 0
-7.85857 , 5.34676 , 0
-7.86546 , 5.34839 , 0
-7.87236 , 5.35002 , 0
-7.87925 , 5.35165 , 0
-7.88614 , 5.35328 , 0
-7.89302 , 5.35491 , 0
-7.8999 , 5.35653 , 0
-7.90678 , 5.35816 , 0
-7.91366 , 5.35978 , 0
-7.92054 , 5.3614 , 0
-7.92741 , 5.36301 , 0
-7.93428 , 5.36463 , 0
-7.94114 , 5.36624 , 0
-7.94801 , 5.36785 , 0
-7.95487 , 5.36946 , 0
-7.96173 , 5.37107 , 0
-7.96858 , 5.37268 , 0
-7.97544 , 5.37428 , 0
-7.98229 , 5.37589 , 0
-7.98913 , 5.37749 , 0
-7.99598 , 5.37909 , 0
-8.00282 , 5.38068 , 0
-8.00966 , 5.38228 , 0
-8.0165 , 5.38387 , 0
-8.02333 , 5.38546 , 0
-8.03017 , 5.38706 , 0
-8.037 , 5.38864 , 0
-8.04382 , 5.39023 , 0
-8.05065 , 5.39182 , 0
-8.05747 , 5.3934 , 0
-8.06429 , 5.39498 , 0
-8.07111 , 5.39656 , 0
-8.07792 , 5.39814 , 0
-8.08473 , 5.39972 , 0
-8.09154 , 5.40129 , 0
-8.09835 , 5.40286 , 0
-8.10515 , 5.40443 , 0
-8.11195 , 5.406 , 0
-8.11875 , 5.40757 , 0
-8.12554 , 5.40914 , 0
-8.13234 , 5.4107 , 0
-8.13913 , 5.41227 , 0
-8.14592 , 5.41383 , 0
-8.1527 , 5.41539 , 0
-8.15949 , 5.41694 , 0
-8.16627 , 5.4185 , 0
-8.17304 , 5.42005 , 0
-8.17982 , 5.42161 , 0
-8.18659 , 5.42316 , 0
-8.19336 , 5.42471 , 0
-8.20013 , 5.42625 , 0
-8.2069 , 5.4278 , 0
-8.21366 , 5.42934 , 0
-8.22042 , 5.43089 , 0
-8.22718 , 5.43243 , 0
-8.23393 , 5.43397 , 0
-8.24068 , 5.4355 , 0
-8.24743 , 5.43704 , 0
-8.25418 , 5.43857 , 0
-8.26093 , 5.44011 , 0
-8.26767 , 5.44164 , 0
-8.27441 , 5.44316 , 0
-8.28114 , 5.44469 , 0
-8.28788 , 5.44622 , 0
-8.29461 , 5.44774 , 0
-8.30134 , 5.44926 , 0
-8.30807 , 5.45079 , 0
-8.31479 , 5.4523 , 0
-8.32152 , 5.45382 , 0
-8.32824 , 5.45534 , 0
-8.33495 , 5.45685 , 0
-8.34167 , 5.45837 , 0
-8.34838 , 5.45988 , 0
-8.35509 , 5.46139 , 0
-8.3618 , 5.46289 , 0
-8.3685 , 5.4644 , 0
-8.37521 , 5.4659 , 0
-8.38191 , 5.46741 , 0
-8.3886 , 5.46891 , 0
-8.3953 , 5.47041 , 0
-8.40199 , 5.47191 , 0
-8.40868 , 5.4734 , 0
-8.41537 , 5.4749 , 0
-8.42206 , 5.47639 , 0
-8.42874 , 5.47788 , 0
-8.43542 , 5.47937 , 0
-8.4421 , 5.48086 , 0
-8.44877 , 5.48235 , 0
-8.45545 , 5.48384 , 0
-8.46212 , 5.48532 , 0
-8.46878 , 5.4868 , 0
-8.47545 , 5.48828 , 0
-8.48211 , 5.48976 , 0
-8.48877 , 5.49124 , 0
-8.49543 , 5.49272 , 0
-8.50209 , 5.49419 , 0
-8.50874 , 5.49566 , 0
-8.51539 , 5.49713 , 0
-8.52204 , 5.4986 , 0
-8.52869 , 5.50007 , 0
-8.53533 , 5.50154 , 0
-8.54198 , 5.503 , 0
-8.54861 , 5.50447 , 0
-8.55525 , 5.50593 , 0
-8.56189 , 5.50739 , 0
-8.56852 , 5.50885 , 0
-8.57515 , 5.51031 , 0
-8.58178 , 5.51176 , 0
-8.5884 , 5.51322 , 0
-8.59502 , 5.51467 , 0
-8.60164 , 5.51612 , 0
-8.60826 , 5.51757 , 0
-8.61488 , 5.51902 , 0
-8.62149 , 5.52047 , 0
-8.6281 , 5.52191 , 0
-8.63471 , 5.52335 , 0
-8.64131 , 5.5248 , 0
-8.64792 , 5.52624 , 0
-8.65452 , 5.52768 , 0
-8.66112 , 5.52911 , 0
-8.66771 , 5.53055 , 0
-8.67431 , 5.53199 , 0
-8.6809 , 5.53342 , 0
-8.68749 , 5.53485 , 0
-8.69408 , 5.53628 , 0
-8.70066 , 5.53771 , 0
-8.70724 , 5.53914 , 0
-8.71382 , 5.54056 , 0
-8.7204 , 5.54199 , 0
-8.72698 , 5.54341 , 0
-8.73355 , 5.54483 , 0
-8.74012 , 5.54625 , 0
-8.74669 , 5.54767 , 0
-8.75326 , 5.54909 , 0
-8.75982 , 5.5505 , 0
-8.76638 , 5.55191 , 0
-8.77294 , 5.55333 , 0
-8.7795 , 5.55474 , 0
-8.78605 , 5.55615 , 0
-8.79261 , 5.55756 , 0
-8.79916 , 5.55896 , 0
-8.8057 , 5.56037 , 0
-8.81225 , 5.56177 , 0
-8.81879 , 5.56317 , 0
-8.82533 , 5.56457 , 0
-8.83187 , 5.56597 , 0
-8.83841 , 5.56737 , 0
-8.84494 , 5.56877 , 0
-8.85147 , 5.57016 , 0
-8.858 , 5.57156 , 0
-8.86453 , 5.57295 , 0
-8.87105 , 5.57434 , 0
-8.87758 , 5.57573 , 0
-8.8841 , 5.57712 , 0
-8.89061 , 5.5785 , 0
-8.89713 , 5.57989 , 0
-8.90364 , 5.58127 , 0
-8.91016 , 5.58265 , 0
-8.91666 , 5.58404 , 0
-8.92317 , 5.58541 , 0
-8.92968 , 5.58679 , 0
-8.93618 , 5.58817 , 0
-8.94268 , 5.58954 , 0
-8.94918 , 5.59092 , 0
-8.95567 , 5.59229 , 0
-8.96216 , 5.59366 , 0
-8.96866 , 5.59503 , 0
-8.97514 , 5.5964 , 0
-8.98163 , 5.59777 , 0
-8.98811 , 5.59913 , 0
-8.9946 , 5.6005 , 0
-9.00108 , 5.60186 , 0
-9.00755 , 5.60322 , 0
-9.01403 , 5.60458 , 0
-9.0205 , 5.60594 , 0
-9.02697 , 5.6073 , 0
-9.03344 , 5.60865 , 0
-9.03991 , 5.61001 , 0
-9.04637 , 5.61136 , 0
-9.05284 , 5.61271 , 0
-9.0593 , 5.61406 , 0
-9.06575 , 5.61541 , 0
-9.07221 , 5.61676 , 0
-9.07866 , 5.6181 , 0
-9.08511 , 5.61945 , 0
-9.09156 , 5.62079 , 0
-9.09801 , 5.62213 , 0
-9.10445 , 5.62347 , 0
-9.1109 , 5.62481 , 0
-9.11734 , 5.62615 , 0
-9.12377 , 5.62749 , 0
-9.13021 , 5.62882 , 0
-9.13664 , 5.63016 , 0
-9.14307 , 5.63149 , 0
-9.1495 , 5.63282 , 0
-9.15593 , 5.63415 , 0
-9.16236 , 5.63548 , 0
-9.16878 , 5.63681 , 0
-9.1752 , 5.63813 , 0
-9.18162 , 5.63946 , 0
-9.18803 , 5.64078 , 0
-9.19445 , 5.6421 , 0
-9.20086 , 5.64342 , 0
-9.20727 , 5.64474 , 0
-9.21368 , 5.64606 , 0
-9.22008 , 5.64738 , 0
-9.22648 , 5.64869 , 0
-9.23289 , 5.65001 , 0
-9.23929 , 5.65132 , 0
-9.24568 , 5.65263 , 0
-9.25208 , 5.65394 , 0
-9.25847 , 5.65525 , 0
-9.26486 , 5.65656 , 0
-9.27125 , 5.65786 , 0
-9.27763 , 5.65917 , 0
-9.28402 , 5.66047 , 0
-9.2904 , 5.66177 , 0
-9.29678 , 5.66307 , 0
-9.30316 , 5.66437 , 0
-9.30953 , 5.66567 , 0
-9.31591 , 5.66697 , 0
-9.32228 , 5.66827 , 0
-9.32865 , 5.66956 , 0
-9.33501 , 5.67085 , 0
-9.34138 , 5.67215 , 0
-9.34774 , 5.67344 , 0
-9.3541 , 5.67473 , 0
-9.36046 , 5.67601 , 0
-9.36682 , 5.6773 , 0
-9.37317 , 5.67859 , 0
-9.37952 , 5.67987 , 0
-9.38587 , 5.68115 , 0
-9.39222 , 5.68244 , 0
-9.39857 , 5.68372 , 0
-9.40491 , 5.685 , 0
-9.41125 , 5.68627 , 0
-9.41759 , 5.68755 , 0
-9.42393 , 5.68883 , 0
-9.43027 , 5.6901 , 0
-9.4366 , 5.69137 , 0
-9.44293 , 5.69264 , 0
-9.44926 , 5.69391 , 0
-9.45559 , 5.69518 , 0
-9.46191 , 5.69645 , 0
-9.46824 , 5.69772 , 0
-9.47456 , 5.69898 , 0
-9.48088 , 5.70025 , 0
-9.48719 , 5.70151 , 0
-9.49351 , 5.70277 , 0
-9.49982 , 5.70403 , 0
-9.50613 , 5.70529 , 0
-9.51244 , 5.70655 , 0
-9.51875 , 5.70781 , 0
-9.52505 , 5.70906 , 0
-9.53136 , 5.71032 , 0
-9.53766 , 5.71157 , 0
-9.54395 , 5.71282 , 0
-9.55025 , 5.71407 , 0
-9.55655 , 5.71532 , 0
-9.56284 , 5.71657 , 0
-9.56913 , 5.71782 , 0
-9.57542 , 5.71906 , 0
-9.5817 , 5.72031 , 0
-9.58799 , 5.72155 , 0
-9.59427 , 5.72279 , 0
-9.60055 , 5.72403 , 0
-9.60683 , 5.72527 , 0
-9.6131 , 5.72651 , 0
-9.61938 , 5.72775 , 0
-9.62565 , 5.72899 , 0
-9.63192 , 5.73022 , 0
-9.63819 , 5.73146 , 0
-9.64445 , 5.73269 , 0
-9.65072 , 5.73392 , 0
-9.65698 , 5.73515 , 0
-9.66324 , 5.73638 , 0
-9.6695 , 5.73761 , 0
-9.67575 , 5.73883 , 0
-9.68201 , 5.74006 , 0
-9.68826 , 5.74128 , 0
-9.69451 , 5.7425 , 0
-9.70076 , 5.74373 , 0
-9.707 , 5.74495 , 0
-9.71325 , 5.74617 , 0
-9.71949 , 5.74739 , 0
-9.72573 , 5.7486 , 0
-9.73197 , 5.74982 , 0
-9.7382 , 5.75103 , 0
-9.74444 , 5.75225 , 0
-9.75067 , 5.75346 , 0
-9.7569 , 5.75467 , 0
-9.76313 , 5.75588 , 0
-9.76935 , 5.75709 , 0
-9.77558 , 5.7583 , 0
-9.7818 , 5.7595 , 0
-9.78802 , 5.76071 , 0
-9.79424 , 5.76191 , 0
-9.80045 , 5.76312 , 0
-9.80667 , 5.76432 , 0
-9.81288 , 5.76552 , 0
-9.81909 , 5.76672 , 0
-9.8253 , 5.76792 , 0
-9.83151 , 5.76911 , 0
-9.83771 , 5.77031 , 0
-9.84391 , 5.77151 , 0
-9.85011 , 5.7727 , 0
-9.85631 , 5.77389 , 0
-9.86251 , 5.77508 , 0
-9.8687 , 5.77627 , 0
-9.8749 , 5.77746 , 0
-9.88109 , 5.77865 , 0
-9.88728 , 5.77984 , 0
-9.89346 , 5.78103 , 0
-9.89965 , 5.78221 , 0
-9.90583 , 5.78339 , 0
-9.91201 , 5.78458 , 0
-9.91819 , 5.78576 , 0
-9.92437 , 5.78694 , 0
-9.93055 , 5.78812 , 0
-9.93672 , 5.7893 , 0
-9.94289 , 5.79047 , 0
-9.94906 , 5.79165 , 0
-9.95523 , 5.79282 , 0
-9.96139 , 5.794 , 0
-9.96756 , 5.79517 , 0
-9.97372 , 5.79634 , 0
-9.97988 , 5.79751 , 0
-9.98604 , 5.79868 , 0
-9.99219 , 5.79985 , 0
-9.99835 , 5.80101 , 0
-10.0045 , 5.80218 , 0
-10.0107 , 5.80334 , 0
-10.0168 , 5.80451 , 0
-10.0229 , 5.80567 , 0
-10.0291 , 5.80683 , 0
-10.0352 , 5.80799 , 0
-10.0414 , 5.80915 , 0
-10.0475 , 5.81031 , 0
-10.0537 , 5.81147 , 0
-10.0598 , 5.81262 , 0
-10.0659 , 5.81378 , 0
-10.0721 , 5.81493 , 0
-10.0782 , 5.81608 , 0
-10.0843 , 5.81724 , 0
-10.0904 , 5.81839 , 0
-10.0966 , 5.81953 , 0
-10.1027 , 5.82068 , 0
-10.1088 , 5.82183 , 0
-10.1149 , 5.82298 , 0
-10.121 , 5.82412 , 0
-10.1271 , 5.82527 , 0
-10.1333 , 5.82641 , 0
-10.1394 , 5.82755 , 0
-10.1455 , 5.82869 , 0
-10.1516 , 5.82983 , 0
-10.1577 , 5.83097 , 0
-10.1638 , 5.83211 , 0
-10.1699 , 5.83324 , 0
-10.176 , 5.83438 , 0
-10.1821 , 5.83551 , 0
-10.1882 , 5.83665 , 0
-10.1943 , 5.83778 , 0
-10.2004 , 5.83891 , 0
-10.2065 , 5.84004 , 0
-10.2126 , 5.84117 , 0
-10.2186 , 5.8423 , 0
-10.2247 , 5.84342 , 0
-10.2308 , 5.84455 , 0
-10.2369 , 5.84567 , 0
-10.243 , 5.8468 , 0
-10.249 , 5.84792 , 0
-10.2551 , 5.84904 , 0
-10.2612 , 5.85016 , 0
-10.2673 , 5.85128 , 0
-10.2733 , 5.8524 , 0
-10.2794 , 5.85352 , 0
-10.2855 , 5.85463 , 0
-10.2915 , 5.85575 , 0
-10.2976 , 5.85686 , 0
-10.3037 , 5.85798 , 0
-10.3097 , 5.85909 , 0
-10.3158 , 5.8602 , 0
-10.3218 , 5.86131 , 0
-10.3279 , 5.86242 , 0
-10.3339 , 5.86353 , 0
-10.34 , 5.86464 , 0
-10.346 , 5.86574 , 0
-10.3521 , 5.86685 , 0
-10.3581 , 5.86795 , 0
-10.3642 , 5.86905 , 0
-10.3702 , 5.87016 , 0
-10.3763 , 5.87126 , 0
-10.3823 , 5.87236 , 0
-10.3883 , 5.87346 , 0
-10.3944 , 5.87455 , 0
-10.4004 , 5.87565 , 0
-10.4064 , 5.87675 , 0
-10.4125 , 5.87784 , 0
-10.4185 , 5.87893 , 0
-10.4245 , 5.88003 , 0
-10.4305 , 5.88112 , 0
-10.4365 , 5.88221 , 0
-10.4426 , 5.8833 , 0
-10.4486 , 5.88439 , 0
-10.4546 , 5.88548 , 0
-10.4606 , 5.88656 , 0
-10.4666 , 5.88765 , 0
-10.4726 , 5.88873 , 0
-10.4786 , 5.88982 , 0
-10.4847 , 5.8909 , 0
-10.4907 , 5.89198 , 0
-10.4967 , 5.89306 , 0
-10.5027 , 5.89414 , 0
-10.5087 , 5.89522 , 0
-10.5147 , 5.8963 , 0
-10.5207 , 5.89738 , 0
-10.5267 , 5.89845 , 0
-10.5326 , 5.89953 , 0
-10.5386 , 5.9006 , 0
-10.5446 , 5.90167 , 0
-10.5506 , 5.90274 , 0
-10.5566 , 5.90382 , 0
-10.5626 , 5.90489 , 0
-10.5686 , 5.90595 , 0
-10.5745 , 5.90702 , 0
-10.5805 , 5.90809 , 0
-10.5865 , 5.90916 , 0
-10.5925 , 5.91022 , 0
-10.5984 , 5.91128 , 0
-10.6044 , 5.91235 , 0
-10.6104 , 5.91341 , 0
-10.6164 , 5.91447 , 0
-10.6223 , 5.91553 , 0
-10.6283 , 5.91659 , 0
-10.6343 , 5.91765 , 0
-10.6402 , 5.9187 , 0
-10.6462 , 5.91976 , 0
-10.6521 , 5.92082 , 0
-10.6581 , 5.92187 , 0
-10.664 , 5.92292 , 0
-10.67 , 5.92398 , 0
-10.6759 , 5.92503 , 0
-10.6819 , 5.92608 , 0
-10.6878 , 5.92713 , 0
-10.6938 , 5.92818 , 0
-10.6997 , 5.92922 , 0
-10.7057 , 5.93027 , 0
-10.7116 , 5.93132 , 0
-10.7176 , 5.93236 , 0
-10.7235 , 5.9334 , 0
-10.7294 , 5.93445 , 0
-10.7354 , 5.93549 , 0
-10.7413 , 5.93653 , 0
-10.7472 , 5.93757 , 0
-10.7532 , 5.93861 , 0
-10.7591 , 5.93965 , 0
-10.765 , 5.94068 , 0
-10.7709 , 5.94172 , 0
-10.7768 , 5.94276 , 0
-10.7828 , 5.94379 , 0
-10.7887 , 5.94482 , 0
-10.7946 , 5.94586 , 0
-10.8005 , 5.94689 , 0
-10.8064 , 5.94792 , 0
-10.8123 , 5.94895 , 0
-10.8183 , 5.94998 , 0
-10.8242 , 5.951 , 0
-10.8301 , 5.95203 , 0
-10.836 , 5.95306 , 0
-10.8419 , 5.95408 , 0
-10.8478 , 5.95511 , 0
-10.8537 , 5.95613 , 0
-10.8596 , 5.95715 , 0
-10.8655 , 5.95817 , 0
-10.8714 , 5.95919 , 0
-10.8773 , 5.96021 , 0
-10.8831 , 5.96123 , 0
-10.889 , 5.96225 , 0
-10.8949 , 5.96327 , 0
-10.9008 , 5.96428 , 0
-10.9067 , 5.9653 , 0
-10.9126 , 5.96631 , 0
-10.9185 , 5.96732 , 0
-10.9243 , 5.96834 , 0
-10.9302 , 5.96935 , 0
-10.9361 , 5.97036 , 0
-10.942 , 5.97137 , 0
-10.9478 , 5.97238 , 0
-10.9537 , 5.97338 , 0
-10.9596 , 5.97439 , 0
-10.9654 , 5.9754 , 0
-10.9713 , 5.9764 , 0
-10.9772 , 5.9774 , 0
-10.983 , 5.97841 , 0
-10.9889 , 5.97941 , 0
-10.9948 , 5.98041 , 0
-11.0006 , 5.98141 , 0
-11.0065 , 5.98241 , 0
-11.0123 , 5.98341 , 0
-11.0182 , 5.98441 , 0
-11.024 , 5.9854 , 0
-11.0299 , 5.9864 , 0
-11.0357 , 5.98739 , 0
-11.0416 , 5.98839 , 0
-11.0474 , 5.98938 , 0
-11.0533 , 5.99037 , 0
-11.0591 , 5.99136 , 0
-11.0649 , 5.99236 , 0
-11.0708 , 5.99335 , 0
-11.0766 , 5.99433 , 0
-11.0825 , 5.99532 , 0
-11.0883 , 5.99631 , 0
-11.0941 , 5.99729 , 0
-11.1 , 5.99828 , 0
-11.1058 , 5.99926 , 0
-11.1116 , 6.00025 , 0
-11.1174 , 6.00123 , 0
-11.1233 , 6.00221 , 0
-11.1291 , 6.00319 , 0
-11.1349 , 6.00417 , 0
-11.1407 , 6.00515 , 0
-11.1465 , 6.00613 , 0
-11.1524 , 6.00711 , 0
-11.1582 , 6.00808 , 0
-11.164 , 6.00906 , 0
-11.1698 , 6.01003 , 0
-11.1756 , 6.01101 , 0
-11.1814 , 6.01198 , 0
-11.1872 , 6.01295 , 0
-11.193 , 6.01392 , 0
-11.1988 , 6.0149 , 0
-11.2046 , 6.01586 , 0
-11.2104 , 6.01683 , 0
-11.2162 , 6.0178 , 0
-11.222 , 6.01877 , 0
-11.2278 , 6.01973 , 0
-11.2336 , 6.0207 , 0
-11.2394 , 6.02166 , 0
-11.2452 , 6.02263 , 0
-11.251 , 6.02359 , 0
-11.2568 , 6.02455 , 0
-11.2625 , 6.02551 , 0
-11.2683 , 6.02647 , 0
-11.2741 , 6.02743 , 0
-11.2799 , 6.02839 , 0
-11.2857 , 6.02935 , 0
-11.2914 , 6.0303 , 0
-11.2972 , 6.03126 , 0
-11.303 , 6.03222 , 0
-11.3088 , 6.03317 , 0
-11.3145 , 6.03412 , 0
-11.3203 , 6.03508 , 0
-11.3261 , 6.03603 , 0
-11.3318 , 6.03698 , 0
-11.3376 , 6.03793 , 0
-11.3434 , 6.03888 , 0
-11.3491 , 6.03983 , 0
-11.3549 , 6.04077 , 0
-11.3606 , 6.04172 , 0
-11.3664 , 6.04267 , 0
-11.3721 , 6.04361 , 0
-11.3779 , 6.04455 , 0
-11.3837 , 6.0455 , 0
-11.3894 , 6.04644 , 0
-11.3952 , 6.04738 , 0
-11.4009 , 6.04832 , 0
-11.4066 , 6.04926 , 0
-11.4124 , 6.0502 , 0
-11.4181 , 6.05114 , 0
-11.4239 , 6.05208 , 0
-11.4296 , 6.05301 , 0
-11.4353 , 6.05395 , 0
-11.4411 , 6.05488 , 0
-11.4468 , 6.05582 , 0
-11.4526 , 6.05675 , 0
-11.4583 , 6.05768 , 0
-11.464 , 6.05862 , 0
-11.4697 , 6.05955 , 0
-11.4755 , 6.06048 , 0
-11.4812 , 6.06141 , 0
-11.4869 , 6.06234 , 0
-11.4926 , 6.06326 , 0
-11.4984 , 6.06419 , 0
-11.5041 , 6.06512 , 0
-11.5098 , 6.06604 , 0
-11.5155 , 6.06697 , 0
-11.5212 , 6.06789 , 0
-11.5269 , 6.06881 , 0
-11.5327 , 6.06973 , 0
-11.5384 , 6.07065 , 0
-11.5441 , 6.07158 , 0
-11.5498 , 6.07249 , 0
-11.5555 , 6.07341 , 0
-11.5612 , 6.07433 , 0
-11.5669 , 6.07525 , 0
-11.5726 , 6.07616 , 0
-11.5783 , 6.07708 , 0
-11.584 , 6.07799 , 0
-11.5897 , 6.07891 , 0
-11.5954 , 6.07982 , 0
-11.6011 , 6.08073 , 0
-11.6068 , 6.08165 , 0
-11.6125 , 6.08256 , 0
-11.6181 , 6.08347 , 0
-11.6238 , 6.08438 , 0
-11.6295 , 6.08528 , 0
-11.6352 , 6.08619 , 0
-11.6409 , 6.0871 , 0
-11.6466 , 6.088 , 0
-11.6522 , 6.08891 , 0
-11.6579 , 6.08981 , 0
-11.6636 , 6.09072 , 0
-11.6693 , 6.09162 , 0
-11.6749 , 6.09252 , 0
-11.6806 , 6.09342 , 0
-11.6863 , 6.09432 , 0
-11.692 , 6.09522 , 0
-11.6976 , 6.09612 , 0
-11.7033 , 6.09702 , 0
-11.7089 , 6.09792 , 0
-11.7146 , 6.09881 , 0
-11.7203 , 6.09971 , 0
-11.7259 , 6.1006 , 0
-11.7316 , 6.1015 , 0
-11.7372 , 6.10239 , 0
-11.7429 , 6.10328 , 0
-11.7486 , 6.10418 , 0
-11.7542 , 6.10507 , 0
-11.7599 , 6.10596 , 0
-11.7655 , 6.10685 , 0
-11.7712 , 6.10774 , 0
-11.7768 , 6.10862 , 0
-11.7824 , 6.10951 , 0
-11.7881 , 6.1104 , 0
-11.7937 , 6.11128 , 0
-11.7994 , 6.11217 , 0
-11.805 , 6.11305 , 0
-11.8107 , 6.11394 , 0
-11.8163 , 6.11482 , 0
-11.8219 , 6.1157 , 0
-11.8276 , 6.11658 , 0
-11.8332 , 6.11746 , 0
-11.8388 , 6.11834 , 0
-11.8444 , 6.11922 , 0
-11.8501 , 6.1201 , 0
-11.8557 , 6.12098 , 0
-11.8613 , 6.12185 , 0
-11.8669 , 6.12273 , 0
-11.8726 , 6.1236 , 0
-11.8782 , 6.12448 , 0
-11.8838 , 6.12535 , 0
-11.8894 , 6.12622 , 0
-11.895 , 6.1271 , 0
-11.9006 , 6.12797 , 0
-11.9063 , 6.12884 , 0
-11.9119 , 6.12971 , 0
-11.9175 , 6.13058 , 0
-11.9231 , 6.13144 , 0
-11.9287 , 6.13231 , 0
-11.9343 , 6.13318 , 0
-11.9399 , 6.13404 , 0
-11.9455 , 6.13491 , 0
-11.9511 , 6.13577 , 0
-11.9567 , 6.13664 , 0
-11.9623 , 6.1375 , 0
-11.9679 , 6.13836 , 0
-11.9735 , 6.13922 , 0
-11.9791 , 6.14008 , 0
-11.9847 , 6.14094 , 0
-11.9903 , 6.1418 , 0
-11.9959 , 6.14266 , 0
-12.0015 , 6.14352 , 0
-12.007 , 6.14438 , 0
-12.0126 , 6.14523 , 0
-12.0182 , 6.14609 , 0
-12.0238 , 6.14694 , 0
-12.0294 , 6.1478 , 0
-12.0349 , 6.14865 , 0
-12.0405 , 6.1495 , 0
-12.0461 , 6.15036 , 0
-12.0517 , 6.15121 , 0
-12.0573 , 6.15206 , 0
-12.0628 , 6.15291 , 0
-12.0684 , 6.15376 , 0
-12.074 , 6.1546 , 0
-12.0795 , 6.15545 , 0
-12.0851 , 6.1563 , 0
-12.0907 , 6.15714 , 0
-12.0962 , 6.15799 , 0
-12.1018 , 6.15883 , 0
-12.1073 , 6.15968 , 0
-12.1129 , 6.16052 , 0
-12.1185 , 6.16136 , 0
-12.124 , 6.16221 , 0
-12.1296 , 6.16305 , 0
-12.1351 , 6.16389 , 0
-12.1407 , 6.16473 , 0
-12.1462 , 6.16557 , 0
-12.1518 , 6.1664 , 0
-12.1573 , 6.16724 , 0
-12.1629 , 6.16808 , 0
-12.1684 , 6.16891 , 0
-12.174 , 6.16975 , 0
-12.1795 , 6.17058 , 0
-12.185 , 6.17142 , 0
-12.1906 , 6.17225 , 0
-12.1961 , 6.17308 , 0
-12.2017 , 6.17391 , 0
-12.2072 , 6.17475 , 0
-12.2127 , 6.17558 , 0
-12.2183 , 6.1764 , 0
-12.2238 , 6.17723 , 0
-12.2293 , 6.17806 , 0
-12.2348 , 6.17889 , 0
-12.2404 , 6.17972 , 0
-12.2459 , 6.18054 , 0
-12.2514 , 6.18137 , 0
-12.2569 , 6.18219 , 0
-12.2625 , 6.18302 , 0
-12.268 , 6.18384 , 0
-12.2735 , 6.18466 , 0
-12.279 , 6.18548 , 0
-12.2845 , 6.1863 , 0
-12.2901 , 6.18712 , 0
-12.2956 , 6.18794 , 0
-12.3011 , 6.18876 , 0
-12.3066 , 6.18958 , 0
-12.3121 , 6.1904 , 0
-12.3176 , 6.19122 , 0
-12.3231 , 6.19203 , 0
-12.3286 , 6.19285 , 0
-12.3341 , 6.19366 , 0
-12.3396 , 6.19448 , 0
-12.3451 , 6.19529 , 0
-12.3506 , 6.1961 , 0
-12.3561 , 6.19691 , 0
-12.3616 , 6.19773 , 0
-12.3671 , 6.19854 , 0
-12.3726 , 6.19935 , 0
-12.3781 , 6.20016 , 0
-12.3836 , 6.20096 , 0
-12.3891 , 6.20177 , 0
-12.3946 , 6.20258 , 0
-12.4 , 6.20339 , 0
-12.4055 , 6.20419 , 0
-12.411 , 6.205 , 0
-12.4165 , 6.2058 , 0
-12.422 , 6.2066 , 0
-12.4275 , 6.20741 , 0
-12.4329 , 6.20821 , 0
-12.4384 , 6.20901 , 0
-12.4439 , 6.20981 , 0
-12.4494 , 6.21061 , 0
-12.4548 , 6.21141 , 0
-12.4603 , 6.21221 , 0
-12.4658 , 6.21301 , 0
-12.4712 , 6.21381 , 0
-12.4767 , 6.21461 , 0
-12.4822 , 6.2154 , 0
-12.4876 , 6.2162 , 0
-12.4931 , 6.21699 , 0
-12.4986 , 6.21779 , 0
-12.504 , 6.21858 , 0
-12.5095 , 6.21937 , 0
-12.5149 , 6.22016 , 0
-12.5204 , 6.22096 , 0
-12.5259 , 6.22175 , 0
-12.5313 , 6.22254 , 0
-12.5368 , 6.22333 , 0
-12.5422 , 6.22412 , 0
-12.5477 , 6.2249 , 0
-12.5531 , 6.22569 , 0
-12.5586 , 6.22648 , 0
-12.564 , 6.22726 , 0
-12.5694 , 6.22805 , 0
-12.5749 , 6.22884 , 0
-12.5803 , 6.22962 , 0
-12.5858 , 6.2304 , 0
-12.5912 , 6.23119 , 0
-12.5967 , 6.23197 , 0
-12.6021 , 6.23275 , 0
-12.6075 , 6.23353 , 0
-12.613 , 6.23431 , 0
-12.6184 , 6.23509 , 0
-12.6238 , 6.23587 , 0
-12.6292 , 6.23665 , 0
-12.6347 , 6.23743 , 0
-12.6401 , 6.2382 , 0
-12.6455 , 6.23898 , 0
-12.651 , 6.23975 , 0
-12.6564 , 6.24053 , 0
-12.6618 , 6.2413 , 0
-12.6672 , 6.24208 , 0
-12.6726 , 6.24285 , 0
-12.6781 , 6.24362 , 0
-12.6835 , 6.24439 , 0
-12.6889 , 6.24517 , 0
-12.6943 , 6.24594 , 0
-12.6997 , 6.24671 , 0
-12.7051 , 6.24747 , 0
-12.7105 , 6.24824 , 0
-12.7159 , 6.24901 , 0
-12.7214 , 6.24978 , 0
-12.7268 , 6.25055 , 0
-12.7322 , 6.25131 , 0
-12.7376 , 6.25208 , 0
-12.743 , 6.25284 , 0
-12.7484 , 6.2536 , 0
-12.7538 , 6.25437 , 0
-12.7592 , 6.25513 , 0
-12.7646 , 6.25589 , 0
-12.77 , 6.25665 , 0
-12.7753 , 6.25741 , 0
-12.7807 , 6.25817 , 0
-12.7861 , 6.25893 , 0
-12.7915 , 6.25969 , 0
-12.7969 , 6.26045 , 0
-12.8023 , 6.26121 , 0
-12.8077 , 6.26197 , 0
-12.8131 , 6.26272 , 0
-12.8185 , 6.26348 , 0
-12.8238 , 6.26423 , 0
-12.8292 , 6.26499 , 0
-12.8346 , 6.26574 , 0
-12.84 , 6.26649 , 0
-12.8454 , 6.26725 , 0
-12.8507 , 6.268 , 0
-12.8561 , 6.26875 , 0
-12.8615 , 6.2695 , 0
-12.8668 , 6.27025 , 0
-12.8722 , 6.271 , 0
-12.8776 , 6.27175 , 0
-12.883 , 6.2725 , 0
-12.8883 , 6.27324 , 0
-12.8937 , 6.27399 , 0
-12.8991 , 6.27474 , 0
-12.9044 , 6.27548 , 0
-12.9098 , 6.27623 , 0
-12.9151 , 6.27697 , 0
-12.9205 , 6.27771 , 0
-12.9259 , 6.27846 , 0
-12.9312 , 6.2792 , 0
-12.9366 , 6.27994 , 0
-12.9419 , 6.28068 , 0
-12.9473 , 6.28142 , 0
-12.9526 , 6.28216 , 0
-12.958 , 6.2829 , 0
-12.9633 , 6.28364 , 0
-12.9687 , 6.28438 , 0
-12.974 , 6.28512 , 0
-12.9794 , 6.28585 , 0
-12.9847 , 6.28659 , 0
-12.99 , 6.28733 , 0
-12.9954 , 6.28806 , 0
-13.0007 , 6.2888 , 0
-13.0061 , 6.28953 , 0
-13.0114 , 6.29026 , 0
-13.0167 , 6.29099 , 0
-13.0221 , 6.29173 , 0
-13.0274 , 6.29246 , 0
-13.0327 , 6.29319 , 0
-13.0381 , 6.29392 , 0
-13.0434 , 6.29465 , 0
-13.0487 , 6.29538 , 0
-13.0541 , 6.29611 , 0
-13.0594 , 6.29683 , 0
-13.0647 , 6.29756 , 0
-13.07 , 6.29829 , 0
-13.0754 , 6.29901 , 0
-13.0807 , 6.29974 , 0
-13.086 , 6.30046 , 0
-13.0913 , 6.30119 , 0
-13.0966 , 6.30191 , 0
-13.1019 , 6.30263 , 0
-13.1073 , 6.30335 , 0
-13.1126 , 6.30408 , 0
-13.1179 , 6.3048 , 0
-13.1232 , 6.30552 , 0
-13.1285 , 6.30624 , 0
-13.1338 , 6.30696 , 0
-13.1391 , 6.30767 , 0
-13.1444 , 6.30839 , 0
-13.1497 , 6.30911 , 0
-13.155 , 6.30983 , 0
-13.1603 , 6.31054 , 0
-13.1656 , 6.31126 , 0
-13.1709 , 6.31197 , 0
-13.1762 , 6.31269 , 0
-13.1815 , 6.3134 , 0
-13.1868 , 6.31411 , 0
-13.1921 , 6.31483 , 0
-13.1974 , 6.31554 , 0
-13.2027 , 6.31625 , 0
-13.208 , 6.31696 , 0
-13.2133 , 6.31767 , 0
-13.2186 , 6.31838 , 0
-13.2239 , 6.31909 , 0
-13.2292 , 6.3198 , 0
-13.2344 , 6.32051 , 0
-13.2397 , 6.32121 , 0
-13.245 , 6.32192 , 0
-13.2503 , 6.32263 , 0
-13.2556 , 6.32333 , 0
-13.2608 , 6.32404 , 0
-13.2661 , 6.32474 , 0
-13.2714 , 6.32544 , 0
-13.2767 , 6.32615 , 0
-13.2819 , 6.32685 , 0
-13.2872 , 6.32755 , 0
-13.2925 , 6.32825 , 0
-13.2978 , 6.32895 , 0
-13.303 , 6.32965 , 0
-13.3083 , 6.33035 , 0
-13.3136 , 6.33105 , 0
-13.3188 , 6.33175 , 0
-13.3241 , 6.33245 , 0
-13.3293 , 6.33315 , 0
-13.3346 , 6.33384 , 0
-13.3399 , 6.33454 , 0
-13.3451 , 6.33523 , 0
-13.3504 , 6.33593 , 0
-13.3556 , 6.33662 , 0
-13.3609 , 6.33732 , 0
-13.3662 , 6.33801 , 0
-13.3714 , 6.3387 , 0
-13.3767 , 6.3394 , 0
-13.3819 , 6.34009 , 0
-13.3872 , 6.34078 , 0
-13.3924 , 6.34147 , 0
-13.3977 , 6.34216 , 0
-13.4029 , 6.34285 , 0
-13.4081 , 6.34354 , 0
-13.4134 , 6.34422 , 0
-13.4186 , 6.34491 , 0
-13.4239 , 6.3456 , 0
-13.4291 , 6.34629 , 0
-13.4343 , 6.34697 , 0
-13.4396 , 6.34766 , 0
-13.4448 , 6.34834 , 0
-13.4501 , 6.34902 , 0
-13.4553 , 6.34971 , 0
-13.4605 , 6.35039 , 0
-13.4657 , 6.35107 , 0
-13.471 , 6.35176 , 0
-13.4762 , 6.35244 , 0
-13.4814 , 6.35312 , 0
-13.4867 , 6.3538 , 0
-13.4919 , 6.35448 , 0
-13.4971 , 6.35516 , 0
-13.5023 , 6.35583 , 0
-13.5076 , 6.35651 , 0
-13.5128 , 6.35719 , 0
-13.518 , 6.35787 , 0
-13.5232 , 6.35854 , 0
-13.5284 , 6.35922 , 0
-13.5336 , 6.35989 , 0
-13.5389 , 6.36057 , 0
-13.5441 , 6.36124 , 0
-13.5493 , 6.36191 , 0
-13.5545 , 6.36259 , 0
-13.5597 , 6.36326 , 0
-13.5649 , 6.36393 , 0
-13.5701 , 6.3646 , 0
-13.5753 , 6.36527 , 0
-13.5805 , 6.36594 , 0
-13.5857 , 6.36661 , 0
-13.5909 , 6.36728 , 0
-13.5961 , 6.36795 , 0
-13.6013 , 6.36862 , 0
-13.6065 , 6.36928 , 0
-13.6117 , 6.36995 , 0
-13.6169 , 6.37062 , 0
-13.6221 , 6.37128 , 0
-13.6273 , 6.37195 , 0
-13.6325 , 6.37261 , 0
-13.6377 , 6.37328 , 0
-13.6429 , 6.37394 , 0
-13.6481 , 6.3746 , 0
-13.6533 , 6.37526 , 0
-13.6585 , 6.37593 , 0
-13.6636 , 6.37659 , 0
-13.6688 , 6.37725 , 0
-13.674 , 6.37791 , 0
-13.6792 , 6.37857 , 0
-13.6844 , 6.37923 , 0
-13.6896 , 6.37989 , 0
-13.6947 , 6.38054 , 0
-13.6999 , 6.3812 , 0
-13.7051 , 6.38186 , 0
-13.7103 , 6.38251 , 0
-13.7154 , 6.38317 , 0
-13.7206 , 6.38382 , 0
-13.7258 , 6.38448 , 0
-13.731 , 6.38513 , 0
-13.7361 , 6.38579 , 0
-13.7413 , 6.38644 , 0
-13.7465 , 6.38709 , 0
-13.7516 , 6.38774 , 0
-13.7568 , 6.3884 , 0
-13.762 , 6.38905 , 0
-13.7671 , 6.3897 , 0
-13.7723 , 6.39035 , 0
-13.7774 , 6.391 , 0
-13.7826 , 6.39164 , 0
-13.7878 , 6.39229 , 0
-13.7929 , 6.39294 , 0
-13.7981 , 6.39359 , 0
-13.8032 , 6.39423 , 0
-13.8084 , 6.39488 , 0
-13.8135 , 6.39552 , 0
-13.8187 , 6.39617 , 0
-13.8238 , 6.39681 , 0
-13.829 , 6.39746 , 0
-13.8341 , 6.3981 , 0
-13.8393 , 6.39874 , 0
-13.8444 , 6.39939 , 0
-13.8496 , 6.40003 , 0
-13.8547 , 6.40067 , 0
-13.8598 , 6.40131 , 0
-13.865 , 6.40195 , 0
-13.8701 , 6.40259 , 0
-13.8753 , 6.40323 , 0
-13.8804 , 6.40387 , 0
-13.8855 , 6.40451 , 0
-13.8907 , 6.40514 , 0
-13.8958 , 6.40578 , 0
-13.9009 , 6.40642 , 0
-13.9061 , 6.40705 , 0
-13.9112 , 6.40769 , 0
-13.9163 , 6.40832 , 0
-13.9215 , 6.40896 , 0
-13.9266 , 6.40959 , 0
-13.9317 , 6.41022 , 0
-13.9368 , 6.41086 , 0
-13.942 , 6.41149 , 0
-13.9471 , 6.41212 , 0
-13.9522 , 6.41275 , 0
-13.9573 , 6.41338 , 0
-13.9624 , 6.41401 , 0
-13.9676 , 6.41464 , 0
-13.9727 , 6.41527 , 0
-13.9778 , 6.4159 , 0
-13.9829 , 6.41653 , 0
-13.988 , 6.41716 , 0
-13.9931 , 6.41778 , 0
-13.9982 , 6.41841 , 0
-14.0033 , 6.41903 , 0
-14.0085 , 6.41966 , 0
-14.0136 , 6.42029 , 0
-14.0187 , 6.42091 , 0
-14.0238 , 6.42153 , 0
-14.0289 , 6.42216 , 0
-14.034 , 6.42278 , 0
-14.0391 , 6.4234 , 0
-14.0442 , 6.42402 , 0
-14.0493 , 6.42465 , 0
-14.0544 , 6.42527 , 0
-14.0595 , 6.42589 , 0
-14.0646 , 6.42651 , 0
-14.0697 , 6.42713 , 0
-14.0748 , 6.42774 , 0
-14.0799 , 6.42836 , 0
-14.0849 , 6.42898 , 0
-14.09 , 6.4296 , 0
-14.0951 , 6.43021 , 0
-14.1002 , 6.43083 , 0
-14.1053 , 6.43145 , 0
-14.1104 , 6.43206 , 0
-14.1155 , 6.43268 , 0
-14.1206 , 6.43329 , 0
-14.1256 , 6.4339 , 0
-14.1307 , 6.43452 , 0
-14.1358 , 6.43513 , 0
-14.1409 , 6.43574 , 0
-14.146 , 6.43635 , 0
-14.151 , 6.43697 , 0
-14.1561 , 6.43758 , 0
-14.1612 , 6.43819 , 0
-14.1663 , 6.4388 , 0
-14.1713 , 6.4394 , 0
-14.1764 , 6.44001 , 0
-14.1815 , 6.44062 , 0
-14.1865 , 6.44123 , 0
-14.1916 , 6.44184 , 0
-14.1967 , 6.44244 , 0
-14.2018 , 6.44305 , 0
-14.2068 , 6.44365 , 0
-14.2119 , 6.44426 , 0
-14.2169 , 6.44486 , 0
-14.222 , 6.44547 , 0
-14.2271 , 6.44607 , 0
-14.2321 , 6.44668 , 0
-14.2372 , 6.44728 , 0
-14.2422 , 6.44788 , 0
-14.2473 , 6.44848 , 0
-14.2524 , 6.44908 , 0
-14.2574 , 6.44968 , 0
-14.2625 , 6.45028 , 0
-14.2675 , 6.45088 , 0
-14.2726 , 6.45148 , 0
-14.2776 , 6.45208 , 0
-14.2827 , 6.45268 , 0
-14.2877 , 6.45328 , 0
-14.2928 , 6.45387 , 0
-14.2978 , 6.45447 , 0
-14.3028 , 6.45507 , 0
-14.3079 , 6.45566 , 0
-14.3129 , 6.45626 , 0
-14.318 , 6.45685 , 0
-14.323 , 6.45745 , 0
-14.3281 , 6.45804 , 0
-14.3331 , 6.45863 , 0
-14.3381 , 6.45923 , 0
-14.3432 , 6.45982 , 0
-14.3482 , 6.46041 , 0
-14.3532 , 6.461 , 0
-14.3583 , 6.46159 , 0
-14.3633 , 6.46218 , 0
-14.3683 , 6.46277 , 0
-14.3734 , 6.46336 , 0
-14.3784 , 6.46395 , 0
-14.3834 , 6.46454 , 0
-14.3884 , 6.46513 , 0
-14.3935 , 6.46571 , 0
-14.3985 , 6.4663 , 0
-14.4035 , 6.46689 , 0
-14.4085 , 6.46747 , 0
-14.4135 , 6.46806 , 0
-14.4186 , 6.46864 , 0
-14.4236 , 6.46923 , 0
-14.4286 , 6.46981 , 0
-14.4336 , 6.4704 , 0
-14.4386 , 6.47098 , 0
-14.4436 , 6.47156 , 0
-14.4487 , 6.47214 , 0
-14.4537 , 6.47273 , 0
-14.4587 , 6.47331 , 0
-14.4637 , 6.47389 , 0
-14.4687 , 6.47447 , 0
-14.4737 , 6.47505 , 0
-14.4787 , 6.47563 , 0
-14.4837 , 6.47621 , 0
-14.4887 , 6.47678 , 0
-14.4937 , 6.47736 , 0
-14.4987 , 6.47794 , 0
-14.5037 , 6.47852 , 0
-14.5087 , 6.47909 , 0
-14.5137 , 6.47967 , 0
-14.5187 , 6.48024 , 0
-14.5237 , 6.48082 , 0
-14.5287 , 6.48139 , 0
-14.5337 , 6.48197 , 0
-14.5387 , 6.48254 , 0
-14.5437 , 6.48311 , 0
-14.5487 , 6.48369 , 0
-14.5537 , 6.48426 , 0
-14.5587 , 6.48483 , 0
-14.5637 , 6.4854 , 0
-14.5686 , 6.48597 , 0
-14.5736 , 6.48654 , 0
-14.5786 , 6.48711 , 0
-14.5836 , 6.48768 , 0
-14.5886 , 6.48825 , 0
-14.5936 , 6.48882 , 0
-14.5985 , 6.48938 , 0
-14.6035 , 6.48995 , 0
-14.6085 , 6.49052 , 0
-14.6135 , 6.49109 , 0
-14.6185 , 6.49165 , 0
-14.6234 , 6.49222 , 0
-14.6284 , 6.49278 , 0
-14.6334 , 6.49335 , 0
-14.6384 , 6.49391 , 0
-14.6433 , 6.49447 , 0
-14.6483 , 6.49504 , 0
-14.6533 , 6.4956 , 0
-14.6582 , 6.49616 , 0
-14.6632 , 6.49672 , 0
-14.6682 , 6.49729 , 0
-14.6731 , 6.49785 , 0
-14.6781 , 6.49841 , 0
-14.6831 , 6.49897 , 0
-14.688 , 6.49953 , 0
-14.693 , 6.50008 , 0
-14.6979 , 6.50064 , 0
-14.7029 , 6.5012 , 0
-14.7079 , 6.50176 , 0
-14.7128 , 6.50232 , 0
-14.7178 , 6.50287 , 0
-14.7227 , 6.50343 , 0
-14.7277 , 6.50398 , 0
-14.7326 , 6.50454 , 0
-14.7376 , 6.5051 , 0
-14.7425 , 6.50565 , 0
-14.7475 , 6.5062 , 0
-14.7524 , 6.50676 , 0
-14.7574 , 6.50731 , 0
-14.7623 , 6.50786 , 0
-14.7673 , 6.50841 , 0
-14.7722 , 6.50897 , 0
-14.7772 , 6.50952 , 0
-14.7821 , 6.51007 , 0
-14.7871 , 6.51062 , 0
-14.792 , 6.51117 , 0
-14.7969 , 6.51172 , 0
-14.8019 , 6.51227 , 0
-14.8068 , 6.51281 , 0
-14.8117 , 6.51336 , 0
-14.8167 , 6.51391 , 0
-14.8216 , 6.51446 , 0
-14.8265 , 6.515 , 0
-14.8315 , 6.51555 , 0
-14.8364 , 6.5161 , 0
-14.8413 , 6.51664 , 0
-14.8463 , 6.51719 , 0
-14.8512 , 6.51773 , 0
-14.8561 , 6.51827 , 0
-14.861 , 6.51882 , 0
-14.866 , 6.51936 , 0
-14.8709 , 6.5199 , 0
-14.8758 , 6.52045 , 0
-14.8807 , 6.52099 , 0
-14.8857 , 6.52153 , 0
-14.8906 , 6.52207 , 0
-14.8955 , 6.52261 , 0
-14.9004 , 6.52315 , 0
-14.9053 , 6.52369 , 0
-14.9102 , 6.52423 , 0
-14.9152 , 6.52477 , 0
-14.9201 , 6.5253 , 0
-14.925 , 6.52584 , 0
-14.9299 , 6.52638 , 0
-14.9348 , 6.52692 , 0
-14.9397 , 6.52745 , 0
-14.9446 , 6.52799 , 0
-14.9495 , 6.52852 , 0
-14.9544 , 6.52906 , 0
-14.9593 , 6.52959 , 0
-14.9643 , 6.53013 , 0
-14.9692 , 6.53066 , 0
-14.9741 , 6.53119 , 0
-14.979 , 6.53173 , 0
-14.9839 , 6.53226 , 0
-14.9888 , 6.53279 , 0
-14.9937 , 6.53332 , 0
-14.9986 , 6.53385 , 0
-15.0035 , 6.53438 , 0
-15.0083 , 6.53492 , 0
-15.0132 , 6.53544 , 0
-15.0181 , 6.53597 , 0
-15.023 , 6.5365 , 0
-15.0279 , 6.53703 , 0
-15.0328 , 6.53756 , 0
-15.0377 , 6.53809 , 0
-15.0426 , 6.53861 , 0
-15.0475 , 6.53914 , 0
-15.0524 , 6.53967 , 0
-15.0572 , 6.54019 , 0
-15.0621 , 6.54072 , 0
-15.067 , 6.54124 , 0
-15.0719 , 6.54177 , 0
-15.0768 , 6.54229 , 0
-15.0817 , 6.54281 , 0
-15.0865 , 6.54334 , 0
-15.0914 , 6.54386 , 0
-15.0963 , 6.54438 , 0
-15.1012 , 6.5449 , 0
-15.106 , 6.54543 , 0
-15.1109 , 6.54595 , 0
-15.1158 , 6.54647 , 0
-15.1207 , 6.54699 , 0
-15.1255 , 6.54751 , 0
-15.1304 , 6.54803 , 0
-15.1353 , 6.54855 , 0
-15.1401 , 6.54906 , 0
-15.145 , 6.54958 , 0
-15.1499 , 6.5501 , 0
-15.1547 , 6.55062 , 0
-15.1596 , 6.55113 , 0
-15.1645 , 6.55165 , 0
-15.1693 , 6.55217 , 0
-15.1742 , 6.55268 , 0
-15.1791 , 6.5532 , 0
-15.1839 , 6.55371 , 0
-15.1888 , 6.55422 , 0
-15.1936 , 6.55474 , 0
-15.1985 , 6.55525 , 0
-15.2033 , 6.55576 , 0
-15.2082 , 6.55628 , 0
-15.213 , 6.55679 , 0
-15.2179 , 6.5573 , 0
-15.2228 , 6.55781 , 0
-15.2276 , 6.55832 , 0
-15.2325 , 6.55883 , 0
-15.2373 , 6.55934 , 0
-15.2421 , 6.55985 , 0
-15.247 , 6.56036 , 0
-15.2518 , 6.56087 , 0
-15.2567 , 6.56138 , 0
-15.2615 , 6.56189 , 0
-15.2664 , 6.56239 , 0
-15.2712 , 6.5629 , 0
-15.2761 , 6.56341 , 0
-15.2809 , 6.56391 , 0
-15.2857 , 6.56442 , 0
-15.2906 , 6.56492 , 0
-15.2954 , 6.56543 , 0
-15.3002 , 6.56593 , 0
-15.3051 , 6.56644 , 0
-15.3099 , 6.56694 , 0
-15.3147 , 6.56744 , 0
-15.3196 , 6.56795 , 0
-15.3244 , 6.56845 , 0
-15.3292 , 6.56895 , 0
-15.3341 , 6.56945 , 0
-15.3389 , 6.56995 , 0
-15.3437 , 6.57045 , 0
-15.3485 , 6.57095 , 0
-15.3534 , 6.57145 , 0
-15.3582 , 6.57195 , 0
-15.363 , 6.57245 , 0
-15.3678 , 6.57295 , 0
-15.3727 , 6.57345 , 0
-15.3775 , 6.57395 , 0
-15.3823 , 6.57444 , 0
-15.3871 , 6.57494 , 0
-15.3919 , 6.57544 , 0
-15.3968 , 6.57593 , 0
-15.4016 , 6.57643 , 0
-15.4064 , 6.57692 , 0
-15.4112 , 6.57742 , 0
-15.416 , 6.57791 , 0
-15.4208 , 6.57841 , 0
-15.4256 , 6.5789 , 0
-15.4304 , 6.57939 , 0
-15.4353 , 6.57989 , 0
-15.4401 , 6.58038 , 0
-15.4449 , 6.58087 , 0
-15.4497 , 6.58136 , 0
-15.4545 , 6.58185 , 0
-15.4593 , 6.58234 , 0
-15.4641 , 6.58284 , 0
-15.4689 , 6.58332 , 0
-15.4737 , 6.58381 , 0
-15.4785 , 6.5843 , 0
-15.4833 , 6.58479 , 0
-15.4881 , 6.58528 , 0
-15.4929 , 6.58577 , 0
-15.4977 , 6.58626 , 0
-15.5025 , 6.58674 , 0
-15.5073 , 6.58723 , 0
-15.5121 , 6.58772 , 0
-15.5169 , 6.5882 , 0
-15.5216 , 6.58869 , 0
-15.5264 , 6.58917 , 0
-15.5312 , 6.58966 , 0
-15.536 , 6.59014 , 0
-15.5408 , 6.59062 , 0
-15.5456 , 6.59111 , 0
-15.5504 , 6.59159 , 0
-15.5552 , 6.59207 , 0
-15.5599 , 6.59256 , 0
-15.5647 , 6.59304 , 0
-15.5695 , 6.59352 , 0
-15.5743 , 6.594 , 0
-15.5791 , 6.59448 , 0
-15.5838 , 6.59496 , 0
-15.5886 , 6.59544 , 0
-15.5934 , 6.59592 , 0
-15.5982 , 6.5964 , 0
-15.6029 , 6.59688 , 0
-15.6077 , 6.59736 , 0
-15.6125 , 6.59783 , 0
-15.6173 , 6.59831 , 0
-15.622 , 6.59879 , 0
-15.6268 , 6.59926 , 0
-15.6316 , 6.59974 , 0
-15.6363 , 6.60022 , 0
-15.6411 , 6.60069 , 0
-15.6459 , 6.60117 , 0
-15.6506 , 6.60164 , 0
-15.6554 , 6.60212 , 0
-15.6602 , 6.60259 , 0
-15.6649 , 6.60306 , 0
-15.6697 , 6.60354 , 0
-15.6745 , 6.60401 , 0
-15.6792 , 6.60448 , 0
-15.684 , 6.60495 , 0
-15.6887 , 6.60542 , 0
-15.6935 , 6.6059 , 0
-15.6983 , 6.60637 , 0
-15.703 , 6.60684 , 0
-15.7078 , 6.60731 , 0
-15.7125 , 6.60778 , 0
-15.7173 , 6.60824 , 0
-15.722 , 6.60871 , 0
-15.7268 , 6.60918 , 0
-15.7315 , 6.60965 , 0
-15.7363 , 6.61012 , 0
-15.741 , 6.61058 , 0
-15.7458 , 6.61105 , 0
-15.7505 , 6.61152 , 0
-15.7553 , 6.61198 , 0
-15.76 , 6.61245 , 0
-15.7647 , 6.61291 , 0
-15.7695 , 6.61338 , 0
-15.7742 , 6.61384 , 0
-15.779 , 6.61431 , 0
-15.7837 , 6.61477 , 0
-15.7884 , 6.61523 , 0
-15.7932 , 6.6157 , 0
-15.7979 , 6.61616 , 0
-15.8027 , 6.61662 , 0
-15.8074 , 6.61708 , 0
-15.8121 , 6.61754 , 0
-15.8169 , 6.618 , 0
-15.8216 , 6.61847 , 0
-15.8263 , 6.61893 , 0
-15.8311 , 6.61939 , 0
-15.8358 , 6.61984 , 0
-15.8405 , 6.6203 , 0
-15.8452 , 6.62076 , 0
-15.85 , 6.62122 , 0
-15.8547 , 6.62168 , 0
-15.8594 , 6.62214 , 0
-15.8641 , 6.62259 , 0
-15.8689 , 6.62305 , 0
-15.8736 , 6.62351 , 0
-15.8783 , 6.62396 , 0
-15.883 , 6.62442 , 0
-15.8877 , 6.62487 , 0
-15.8925 , 6.62533 , 0
-15.8972 , 6.62578 , 0
-15.9019 , 6.62623 , 0
-15.9066 , 6.62669 , 0
-15.9113 , 6.62714 , 0
-15.916 , 6.62759 , 0
-15.9208 , 6.62805 , 0
-15.9255 , 6.6285 , 0
-15.9302 , 6.62895 , 0
-15.9349 , 6.6294 , 0
-15.9396 , 6.62985 , 0
-15.9443 , 6.6303 , 0
-15.949 , 6.63075 , 0
-15.9537 , 6.6312 , 0
-15.9584 , 6.63165 , 0
-15.9631 , 6.6321 , 0
-15.9678 , 6.63255 , 0
-15.9725 , 6.633 , 0
-15.9772 , 6.63345 , 0
-15.9819 , 6.63389 , 0
-15.9866 , 6.63434 , 0
-15.9913 , 6.63479 , 0
-15.996 , 6.63523 , 0
-16.0007 , 6.63568 , 0
-16.0054 , 6.63613 , 0
-16.0101 , 6.63657 , 0
-16.0148 , 6.63702 , 0
-16.0195 , 6.63746 , 0
-16.0242 , 6.6379 , 0
-16.0289 , 6.63835 , 0
-16.0336 , 6.63879 , 0
-16.0383 , 6.63923 , 0
-16.043 , 6.63968 , 0
-16.0477 , 6.64012 , 0
-16.0523 , 6.64056 , 0
-16.057 , 6.641 , 0
-16.0617 , 6.64144 , 0
-16.0664 , 6.64188 , 0
-16.0711 , 6.64233 , 0
-16.0758 , 6.64277 , 0
-16.0805 , 6.6432 , 0
-16.0851 , 6.64364 , 0
-16.0898 , 6.64408 , 0
-16.0945 , 6.64452 , 0
-16.0992 , 6.64496 , 0
-16.1039 , 6.6454 , 0
-16.1085 , 6.64584 , 0
-16.1132 , 6.64627 , 0
-16.1179 , 6.64671 , 0
-16.1226 , 6.64715 , 0
-16.1272 , 6.64758 , 0
-16.1319 , 6.64802 , 0
-16.1366 , 6.64845 , 0
-16.1412 , 6.64889 , 0
-16.1459 , 6.64932 , 0
-16.1506 , 6.64976 , 0
-16.1552 , 6.65019 , 0
-16.1599 , 6.65062 , 0
-16.1646 , 6.65106 , 0
-16.1692 , 6.65149 , 0
-16.1739 , 6.65192 , 0
-16.1786 , 6.65235 , 0
-16.1832 , 6.65278 , 0
-16.1879 , 6.65321 , 0
-16.1926 , 6.65365 , 0
-16.1972 , 6.65408 , 0
-16.2019 , 6.65451 , 0
-16.2065 , 6.65494 , 0
-16.2112 , 6.65536 , 0
-16.2158 , 6.65579 , 0
-16.2205 , 6.65622 , 0
-16.2252 , 6.65665 , 0
-16.2298 , 6.65708 , 0
-16.2345 , 6.65751 , 0
-16.2391 , 6.65793 , 0
-16.2438 , 6.65836 , 0
-16.2484 , 6.65879 , 0
-16.2531 , 6.65921 , 0
-16.2577 , 6.65964 , 0
-16.2624 , 6.66006 , 0
-16.267 , 6.66049 , 0
-16.2716 , 6.66091 , 0
-16.2763 , 6.66134 , 0
-16.2809 , 6.66176 , 0
-16.2856 , 6.66218 , 0
-16.2902 , 6.66261 , 0
-16.2949 , 6.66303 , 0
-16.2995 , 6.66345 , 0
-16.3041 , 6.66388 , 0
-16.3088 , 6.6643 , 0
-16.3134 , 6.66472 , 0
-16.3181 , 6.66514 , 0
-16.3227 , 6.66556 , 0
-16.3273 , 6.66598 , 0
-16.332 , 6.6664 , 0
-16.3366 , 6.66682 , 0
-16.3412 , 6.66724 , 0
-16.3459 , 6.66766 , 0
-16.3505 , 6.66808 , 0
-16.3551 , 6.66849 , 0
-16.3597 , 6.66891 , 0
-16.3644 , 6.66933 , 0
-16.369 , 6.66975 , 0
-16.3736 , 6.67016 , 0
-16.3783 , 6.67058 , 0
-16.3829 , 6.671 , 0
-16.3875 , 6.67141 , 0
-16.3921 , 6.67183 , 0
-16.3967 , 6.67224 , 0
-16.4014 , 6.67266 , 0
-16.406 , 6.67307 , 0
-16.4106 , 6.67348 , 0
-16.4152 , 6.6739 , 0
-16.4198 , 6.67431 , 0
-16.4245 , 6.67472 , 0
-16.4291 , 6.67514 , 0
-16.4337 , 6.67555 , 0
-16.4383 , 6.67596 , 0
-16.4429 , 6.67637 , 0
-16.4475 , 6.67678 , 0
-16.4521 , 6.67719 , 0
-16.4567 , 6.6776 , 0
-16.4614 , 6.67801 , 0
-16.466 , 6.67842 , 0
-16.4706 , 6.67883 , 0
-16.4752 , 6.67924 , 0
-16.4798 , 6.67965 , 0
-16.4844 , 6.68006 , 0
-16.489 , 6.68047 , 0
-16.4936 , 6.68087 , 0
-16.4982 , 6.68128 , 0
-16.5028 , 6.68169 , 0
-16.5074 , 6.68209 , 0
-16.512 , 6.6825 , 0
-16.5166 , 6.68291 , 0
-16.5212 , 6.68331 , 0
-16.5258 , 6.68372 , 0
-16.5304 , 6.68412 , 0
-16.535 , 6.68453 , 0
-16.5396 , 6.68493 , 0
-16.5442 , 6.68533 , 0
-16.5488 , 6.68574 , 0
-16.5534 , 6.68614 , 0
-16.558 , 6.68654 , 0
-16.5626 , 6.68695 , 0
-16.5671 , 6.68735 , 0
-16.5717 , 6.68775 , 0
-16.5763 , 6.68815 , 0
-16.5809 , 6.68855 , 0
-16.5855 , 6.68895 , 0
-16.5901 , 6.68935 , 0
-16.5947 , 6.68975 , 0
-16.5992 , 6.69015 , 0
-16.6038 , 6.69055 , 0
-16.6084 , 6.69095 , 0
-16.613 , 6.69135 , 0
-16.6176 , 6.69175 , 0
-16.6222 , 6.69214 , 0
-16.6267 , 6.69254 , 0
-16.6313 , 6.69294 , 0
-16.6359 , 6.69334 , 0
-16.6405 , 6.69373 , 0
-16.645 , 6.69413 , 0
-16.6496 , 6.69452 , 0
-16.6542 , 6.69492 , 0
-16.6588 , 6.69532 , 0
-16.6633 , 6.69571 , 0
-16.6679 , 6.6961 , 0
-16.6725 , 6.6965 , 0
-16.677 , 6.69689 , 0
-16.6816 , 6.69729 , 0
-16.6862 , 6.69768 , 0
-16.6907 , 6.69807 , 0
-16.6953 , 6.69846 , 0
-16.6999 , 6.69886 , 0
-16.7044 , 6.69925 , 0
-16.709 , 6.69964 , 0
-16.7136 , 6.70003 , 0
-16.7181 , 6.70042 , 0
-16.7227 , 6.70081 , 0
-16.7272 , 6.7012 , 0
-16.7318 , 6.70159 , 0
-16.7364 , 6.70198 , 0
-16.7409 , 6.70237 , 0
-16.7455 , 6.70276 , 0
-16.75 , 6.70315 , 0
-16.7546 , 6.70353 , 0
-16.7591 , 6.70392 , 0
-16.7637 , 6.70431 , 0
-16.7683 , 6.7047 , 0
-16.7728 , 6.70508 , 0
-16.7774 , 6.70547 , 0
-16.7819 , 6.70586 , 0
-16.7865 , 6.70624 , 0
-16.791 , 6.70663 , 0
-16.7955 , 6.70701 , 0
-16.8001 , 6.7074 , 0
-16.8046 , 6.70778 , 0
-16.8092 , 6.70816 , 0
-16.8137 , 6.70855 , 0
-16.8183 , 6.70893 , 0
-16.8228 , 6.70931 , 0
-16.8274 , 6.7097 , 0
-16.8319 , 6.71008 , 0
-16.8364 , 6.71046 , 0
-16.841 , 6.71084 , 0
-16.8455 , 6.71122 , 0
-16.8501 , 6.71161 , 0
-16.8546 , 6.71199 , 0
-16.8591 , 6.71237 , 0
-16.8637 , 6.71275 , 0
-16.8682 , 6.71313 , 0
-16.8727 , 6.71351 , 0
-16.8773 , 6.71388 , 0
-16.8818 , 6.71426 , 0
-16.8863 , 6.71464 , 0
-16.8909 , 6.71502 , 0
-16.8954 , 6.7154 , 0
-16.8999 , 6.71577 , 0
-16.9044 , 6.71615 , 0
-16.909 , 6.71653 , 0
-16.9135 , 6.7169 , 0
-16.918 , 6.71728 , 0
-16.9225 , 6.71766 , 0
-16.9271 , 6.71803 , 0
-16.9316 , 6.71841 , 0
-16.9361 , 6.71878 , 0
-16.9406 , 6.71916 , 0
-16.9452 , 6.71953 , 0
-16.9497 , 6.7199 , 0
-16.9542 , 6.72028 , 0
-16.9587 , 6.72065 , 0
-16.9632 , 6.72102 , 0
-16.9677 , 6.7214 , 0
-16.9723 , 6.72177 , 0
-16.9768 , 6.72214 , 0
-16.9813 , 6.72251 , 0
-16.9858 , 6.72288 , 0
-16.9903 , 6.72325 , 0
-16.9948 , 6.72362 , 0
-16.9993 , 6.72399 , 0
-17.0038 , 6.72436 , 0
-17.0083 , 6.72473 , 0
-17.0129 , 6.7251 , 0
-17.0174 , 6.72547 , 0
-17.0219 , 6.72584 , 0
-17.0264 , 6.72621 , 0
-17.0309 , 6.72658 , 0
-17.0354 , 6.72694 , 0
-17.0399 , 6.72731 , 0
-17.0444 , 6.72768 , 0
-17.0489 , 6.72804 , 0
-17.0534 , 6.72841 , 0
-17.0579 , 6.72878 , 0
-17.0624 , 6.72914 , 0
-17.0669 , 6.72951 , 0
-17.0714 , 6.72987 , 0
-17.0759 , 6.73024 , 0
-17.0804 , 6.7306 , 0
-17.0849 , 6.73097 , 0
-17.0894 , 6.73133 , 0
-17.0939 , 6.73169 , 0
-17.0983 , 6.73206 , 0
-17.1028 , 6.73242 , 0
-17.1073 , 6.73278 , 0
-17.1118 , 6.73314 , 0
-17.1163 , 6.7335 , 0
-17.1208 , 6.73387 , 0
-17.1253 , 6.73423 , 0
-17.1298 , 6.73459 , 0
-17.1343 , 6.73495 , 0
-17.1387 , 6.73531 , 0
-17.1432 , 6.73567 , 0
-17.1477 , 6.73603 , 0
-17.1522 , 6.73639 , 0
-17.1567 , 6.73675 , 0
-17.1612 , 6.73711 , 0
-17.1656 , 6.73746 , 0
-17.1701 , 6.73782 , 0
-17.1746 , 6.73818 , 0
-17.1791 , 6.73854 , 0
-17.1835 , 6.73889 , 0
-17.188 , 6.73925 , 0
-17.1925 , 6.73961 , 0
-17.197 , 6.73996 , 0
-17.2014 , 6.74032 , 0
-17.2059 , 6.74067 , 0
-17.2104 , 6.74103 , 0
-17.2149 , 6.74138 , 0
-17.2193 , 6.74174 , 0
-17.2238 , 6.74209 , 0
-17.2283 , 6.74245 , 0
-17.2327 , 6.7428 , 0
-17.2372 , 6.74315 , 0
-17.2417 , 6.74351 , 0
-17.2461 , 6.74386 , 0
-17.2506 , 6.74421 , 0
-17.2551 , 6.74456 , 0
-17.2595 , 6.74492 , 0
-17.264 , 6.74527 , 0
-17.2685 , 6.74562 , 0
-17.2729 , 6.74597 , 0
-17.2774 , 6.74632 , 0
-17.2818 , 6.74667 , 0
-17.2863 , 6.74702 , 0
-17.2907 , 6.74737 , 0
-17.2952 , 6.74772 , 0
-17.2997 , 6.74807 , 0
-17.3041 , 6.74842 , 0
-17.3086 , 6.74876 , 0
-17.313 , 6.74911 , 0
-17.3175 , 6.74946 , 0
-17.3219 , 6.74981 , 0
-17.3264 , 6.75015 , 0
-17.3308 , 6.7505 , 0
-17.3353 , 6.75085 , 0
-17.3397 , 6.75119 , 0
-17.3442 , 6.75154 , 0
-17.3486 , 6.75188 , 0
-17.3531 , 6.75223 , 0
-17.3575 , 6.75257 , 0
-17.362 , 6.75292 , 0
-17.3664 , 6.75326 , 0
-17.3709 , 6.75361 , 0
-17.3753 , 6.75395 , 0
-17.3797 , 6.75429 , 0
-17.3842 , 6.75464 , 0
-17.3886 , 6.75498 , 0
-17.3931 , 6.75532 , 0
-17.3975 , 6.75566 , 0
-17.4019 , 6.75601 , 0
-17.4064 , 6.75635 , 0
-17.4108 , 6.75669 , 0
-17.4152 , 6.75703 , 0
-17.4197 , 6.75737 , 0
-17.4241 , 6.75771 , 0
-17.4285 , 6.75805 , 0
-17.433 , 6.75839 , 0
-17.4374 , 6.75873 , 0
-17.4418 , 6.75907 , 0
-17.4463 , 6.75941 , 0
-17.4507 , 6.75975 , 0
-17.4551 , 6.76008 , 0
-17.4596 , 6.76042 , 0
-17.464 , 6.76076 , 0
-17.4684 , 6.7611 , 0
-17.4728 , 6.76143 , 0
-17.4773 , 6.76177 , 0
-17.4817 , 6.76211 , 0
-17.4861 , 6.76244 , 0
-17.4905 , 6.76278 , 0
-17.4949 , 6.76311 , 0
-17.4994 , 6.76345 , 0
-17.5038 , 6.76378 , 0
-17.5082 , 6.76412 , 0
-17.5126 , 6.76445 , 0
-17.517 , 6.76479 , 0
-17.5215 , 6.76512 , 0
-17.5259 , 6.76545 , 0
-17.5303 , 6.76579 , 0
-17.5347 , 6.76612 , 0
-17.5391 , 6.76645 , 0
-17.5435 , 6.76678 , 0
-17.5479 , 6.76712 , 0
-17.5524 , 6.76745 , 0
-17.5568 , 6.76778 , 0
-17.5612 , 6.76811 , 0
-17.5656 , 6.76844 , 0
-17.57 , 6.76877 , 0
-17.5744 , 6.7691 , 0
-17.5788 , 6.76943 , 0
-17.5832 , 6.76976 , 0
-17.5876 , 6.77009 , 0
-17.592 , 6.77042 , 0
-17.5964 , 6.77075 , 0
-17.6008 , 6.77107 , 0
-17.6052 , 6.7714 , 0
-17.6096 , 6.77173 , 0
-17.614 , 6.77206 , 0
-17.6184 , 6.77238 , 0
-17.6228 , 6.77271 , 0
-17.6272 , 6.77304 , 0
-17.6316 , 6.77336 , 0
-17.636 , 6.77369 , 0
-17.6404 , 6.77401 , 0
-17.6448 , 6.77434 , 0
-17.6492 , 6.77466 , 0
-17.6536 , 6.77499 , 0
-17.658 , 6.77531 , 0
-17.6624 , 6.77564 , 0
-17.6668 , 6.77596 , 0
-17.6712 , 6.77628 , 0
-17.6756 , 6.77661 , 0
-17.6799 , 6.77693 , 0
-17.6843 , 6.77725 , 0
-17.6887 , 6.77758 , 0
-17.6931 , 6.7779 , 0
-17.6975 , 6.77822 , 0
-17.7019 , 6.77854 , 0
-17.7063 , 6.77886 , 0
-17.7106 , 6.77918 , 0
-17.715 , 6.7795 , 0
-17.7194 , 6.77982 , 0
-17.7238 , 6.78014 , 0
-17.7282 , 6.78046 , 0
-17.7325 , 6.78078 , 0
-17.7369 , 6.7811 , 0
-17.7413 , 6.78142 , 0
-17.7457 , 6.78174 , 0
-17.7501 , 6.78206 , 0
-17.7544 , 6.78238 , 0
-17.7588 , 6.78269 , 0
-17.7632 , 6.78301 , 0
-17.7676 , 6.78333 , 0
-17.7719 , 6.78364 , 0
-17.7763 , 6.78396 , 0
-17.7807 , 6.78428 , 0
-17.785 , 6.78459 , 0
-17.7894 , 6.78491 , 0
-17.7938 , 6.78522 , 0
-17.7982 , 6.78554 , 0
-17.8025 , 6.78585 , 0
-17.8069 , 6.78617 , 0
-17.8113 , 6.78648 , 0
-17.8156 , 6.7868 , 0
-17.82 , 6.78711 , 0
-17.8243 , 6.78742 , 0
-17.8287 , 6.78774 , 0
-17.8331 , 6.78805 , 0
-17.8374 , 6.78836 , 0
-17.8418 , 6.78867 , 0
-17.8462 , 6.78898 , 0
-17.8505 , 6.7893 , 0
-17.8549 , 6.78961 , 0
-17.8592 , 6.78992 , 0
-17.8636 , 6.79023 , 0
-17.8679 , 6.79054 , 0
-17.8723 , 6.79085 , 0
-17.8766 , 6.79116 , 0
-17.881 , 6.79147 , 0
-17.8854 , 6.79178 , 0
-17.8897 , 6.79209 , 0
-17.8941 , 6.7924 , 0
-17.8984 , 6.7927 , 0
-17.9028 , 6.79301 , 0
-17.9071 , 6.79332 , 0
-17.9115 , 6.79363 , 0
-17.9158 , 6.79393 , 0
-17.9202 , 6.79424 , 0
-17.9245 , 6.79455 , 0
-17.9288 , 6.79485 , 0
-17.9332 , 6.79516 , 0
-17.9375 , 6.79547 , 0
-17.9419 , 6.79577 , 0
-17.9462 , 6.79608 , 0
-17.9506 , 6.79638 , 0
-17.9549 , 6.79669 , 0
-17.9592 , 6.79699 , 0
-17.9636 , 6.7973 , 0
-17.9679 , 6.7976 , 0
-17.9723 , 6.7979 , 0
-17.9766 , 6.79821 , 0
-17.9809 , 6.79851 , 0
-17.9853 , 6.79881 , 0
-17.9896 , 6.79911 , 0
-17.9939 , 6.79942 , 0
-17.9983 , 6.79972 , 0
-18.0026 , 6.80002 , 0
-18.0069 , 6.80032 , 0
-18.0113 , 6.80062 , 0
-18.0156 , 6.80092 , 0
-18.0199 , 6.80122 , 0
-18.0243 , 6.80152 , 0
-18.0286 , 6.80182 , 0
-18.0329 , 6.80212 , 0
-18.0372 , 6.80242 , 0
-18.0416 , 6.80272 , 0
-18.0459 , 6.80302 , 0
-18.0502 , 6.80332 , 0
-18.0545 , 6.80362 , 0
-18.0589 , 6.80392 , 0
-18.0632 , 6.80421 , 0
-18.0675 , 6.80451 , 0
-18.0718 , 6.80481 , 0
-18.0762 , 6.8051 , 0
-18.0805 , 6.8054 , 0
-18.0848 , 6.8057 , 0
-18.0891 , 6.80599 , 0
-18.0934 , 6.80629 , 0
-18.0977 , 6.80659 , 0
-18.1021 , 6.80688 , 0
-18.1064 , 6.80718 , 0
-18.1107 , 6.80747 , 0
-18.115 , 6.80776 , 0
-18.1193 , 6.80806 , 0
-18.1236 , 6.80835 , 0
-18.1279 , 6.80865 , 0
-18.1322 , 6.80894 , 0
-18.1366 , 6.80923 , 0
-18.1409 , 6.80952 , 0
-18.1452 , 6.80982 , 0
-18.1495 , 6.81011 , 0
-18.1538 , 6.8104 , 0
-18.1581 , 6.81069 , 0
-18.1624 , 6.81098 , 0
-18.1667 , 6.81127 , 0
-18.171 , 6.81157 , 0
-18.1753 , 6.81186 , 0
-18.1796 , 6.81215 , 0
-18.1839 , 6.81244 , 0
-18.1882 , 6.81273 , 0
-18.1925 , 6.81302 , 0
-18.1968 , 6.8133 , 0
-18.2011 , 6.81359 , 0
-18.2054 , 6.81388 , 0
-18.2097 , 6.81417 , 0
-18.214 , 6.81446 , 0
-18.2183 , 6.81475 , 0
-18.2226 , 6.81503 , 0
-18.2269 , 6.81532 , 0
-18.2312 , 6.81561 , 0
-18.2355 , 6.81589 , 0
-18.2398 , 6.81618 , 0
-18.2441 , 6.81647 , 0
-18.2484 , 6.81675 , 0
-18.2526 , 6.81704 , 0
-18.2569 , 6.81732 , 0
-18.2612 , 6.81761 , 0
-18.2655 , 6.81789 , 0
-18.2698 , 6.81818 , 0
-18.2741 , 6.81846 , 0
-18.2784 , 6.81875 , 0
-18.2827 , 6.81903 , 0
-18.2869 , 6.81931 , 0
-18.2912 , 6.8196 , 0
-18.2955 , 6.81988 , 0
-18.2998 , 6.82016 , 0
-18.3041 , 6.82044 , 0
-18.3084 , 6.82073 , 0
-18.3126 , 6.82101 , 0
-18.3169 , 6.82129 , 0
-18.3212 , 6.82157 , 0
-18.3255 , 6.82185 , 0
-18.3297 , 6.82213 , 0
-18.334 , 6.82241 , 0
-18.3383 , 6.82269 , 0
-18.3426 , 6.82297 , 0
-18.3469 , 6.82325 , 0
-18.3511 , 6.82353 , 0
-18.3554 , 6.82381 , 0
-18.3597 , 6.82409 , 0
-18.3639 , 6.82437 , 0
-18.3682 , 6.82465 , 0
-18.3725 , 6.82492 , 0
-18.3768 , 6.8252 , 0
-18.381 , 6.82548 , 0
-18.3853 , 6.82576 , 0
-18.3896 , 6.82603 , 0
-18.3938 , 6.82631 , 0
-18.3981 , 6.82659 , 0
-18.4024 , 6.82686 , 0
-18.4066 , 6.82714 , 0
-18.4109 , 6.82741 , 0
-18.4151 , 6.82769 , 0
-18.4194 , 6.82796 , 0
-18.4237 , 6.82824 , 0
-18.4279 , 6.82851 , 0
-18.4322 , 6.82879 , 0
-18.4364 , 6.82906 , 0
-18.4407 , 6.82934 , 0
-18.445 , 6.82961 , 0
-18.4492 , 6.82988 , 0
-18.4535 , 6.83016 , 0
-18.4577 , 6.83043 , 0
-18.462 , 6.8307 , 0
-18.4662 , 6.83097 , 0
-18.4705 , 6.83125 , 0
-18.4747 , 6.83152 , 0
-18.479 , 6.83179 , 0
-18.4832 , 6.83206 , 0
-18.4875 , 6.83233 , 0
-18.4917 , 6.8326 , 0
-18.496 , 6.83287 , 0
-18.5002 , 6.83314 , 0
-18.5045 , 6.83341 , 0
-18.5087 , 6.83368 , 0
-18.513 , 6.83395 , 0
-18.5172 , 6.83422 , 0
-18.5215 , 6.83449 , 0
-18.5257 , 6.83476 , 0
-18.53 , 6.83502 , 0
-18.5342 , 6.83529 , 0
-18.5385 , 6.83556 , 0
-18.5427 , 6.83583 , 0
-18.5469 , 6.83609 , 0
-18.5512 , 6.83636 , 0
-18.5554 , 6.83663 , 0
-18.5597 , 6.83689 , 0
-18.5639 , 6.83716 , 0
-18.5681 , 6.83743 , 0
-18.5724 , 6.83769 , 0
-18.5766 , 6.83796 , 0
-18.5808 , 6.83822 , 0
-18.5851 , 6.83849 , 0
-18.5893 , 6.83875 , 0
-18.5935 , 6.83902 , 0
-18.5978 , 6.83928 , 0
-18.602 , 6.83954 , 0
-18.6062 , 6.83981 , 0
-18.6105 , 6.84007 , 0
-18.6147 , 6.84033 , 0
-18.6189 , 6.8406 , 0
-18.6231 , 6.84086 , 0
-18.6274 , 6.84112 , 0
-18.6316 , 6.84138 , 0
-18.6358 , 6.84165 , 0
-18.64 , 6.84191 , 0
-18.6443 , 6.84217 , 0
-18.6485 , 6.84243 , 0
-18.6527 , 6.84269 , 0
-18.6569 , 6.84295 , 0
-18.6612 , 6.84321 , 0
-18.6654 , 6.84347 , 0
-18.6696 , 6.84373 , 0
-18.6738 , 6.84399 , 0
-18.678 , 6.84425 , 0
-18.6823 , 6.84451 , 0
-18.6865 , 6.84477 , 0
-18.6907 , 6.84503 , 0
-18.6949 , 6.84528 , 0
-18.6991 , 6.84554 , 0
-18.7033 , 6.8458 , 0
-18.7076 , 6.84606 , 0
-18.7118 , 6.84631 , 0
-18.716 , 6.84657 , 0
-18.7202 , 6.84683 , 0
-18.7244 , 6.84708 , 0
-18.7286 , 6.84734 , 0
-18.7328 , 6.8476 , 0
-18.737 , 6.84785 , 0
-18.7412 , 6.84811 , 0
-18.7455 , 6.84836 , 0
-18.7497 , 6.84862 , 0
-18.7539 , 6.84887 , 0
-18.7581 , 6.84913 , 0
-18.7623 , 6.84938 , 0
-18.7665 , 6.84963 , 0
-18.7707 , 6.84989 , 0
-18.7749 , 6.85014 , 0
-18.7791 , 6.85039 , 0
-18.7833 , 6.85065 , 0
-18.7875 , 6.8509 , 0
-18.7917 , 6.85115 , 0
-18.7959 , 6.8514 , 0
-18.8001 , 6.85165 , 0
-18.8043 , 6.85191 , 0
-18.8085 , 6.85216 , 0
-18.8127 , 6.85241 , 0
-18.8169 , 6.85266 , 0
-18.8211 , 6.85291 , 0
-18.8253 , 6.85316 , 0
-18.8295 , 6.85341 , 0
-18.8337 , 6.85366 , 0
-18.8378 , 6.85391 , 0
-18.842 , 6.85416 , 0
-18.8462 , 6.85441 , 0
-18.8504 , 6.85466 , 0
-18.8546 , 6.85491 , 0
-18.8588 , 6.85515 , 0
-18.863 , 6.8554 , 0
-18.8672 , 6.85565 , 0
-18.8714 , 6.8559 , 0
-18.8755 , 6.85614 , 0
-18.8797 , 6.85639 , 0
-18.8839 , 6.85664 , 0
-18.8881 , 6.85688 , 0
-18.8923 , 6.85713 , 0
-18.8965 , 6.85738 , 0
-18.9007 , 6.85762 , 0
-18.9048 , 6.85787 , 0
-18.909 , 6.85811 , 0
-18.9132 , 6.85836 , 0
-18.9174 , 6.8586 , 0
-18.9216 , 6.85885 , 0
-18.9257 , 6.85909 , 0
-18.9299 , 6.85934 , 0
-18.9341 , 6.85958 , 0
-18.9383 , 6.85982 , 0
-18.9424 , 6.86007 , 0
-18.9466 , 6.86031 , 0
-18.9508 , 6.86055 , 0
-18.955 , 6.8608 , 0
-18.9591 , 6.86104 , 0
-18.9633 , 6.86128 , 0
-18.9675 , 6.86152 , 0
-18.9716 , 6.86176 , 0
-18.9758 , 6.862 , 0
-18.98 , 6.86225 , 0
-18.9842 , 6.86249 , 0
-18.9883 , 6.86273 , 0
-18.9925 , 6.86297 , 0
-18.9967 , 6.86321 , 0
-19.0008 , 6.86345 , 0
-19.005 , 6.86369 , 0
-19.0091 , 6.86393 , 0
-19.0133 , 6.86417 , 0
-19.0175 , 6.8644 , 0
-19.0216 , 6.86464 , 0
-19.0258 , 6.86488 , 0
-19.03 , 6.86512 , 0
-19.0341 , 6.86536 , 0
-19.0383 , 6.8656 , 0
-19.0424 , 6.86583 , 0
-19.0466 , 6.86607 , 0
-19.0508 , 6.86631 , 0
-19.0549 , 6.86654 , 0
-19.0591 , 6.86678 , 0
-19.0632 , 6.86702 , 0
-19.0674 , 6.86725 , 0
-19.0715 , 6.86749 , 0
-19.0757 , 6.86772 , 0
-19.0798 , 6.86796 , 0
-19.084 , 6.86819 , 0
-19.0881 , 6.86843 , 0
-19.0923 , 6.86866 , 0
-19.0964 , 6.8689 , 0
-19.1006 , 6.86913 , 0
-19.1047 , 6.86937 , 0
-19.1089 , 6.8696 , 0
-19.113 , 6.86983 , 0
-19.1172 , 6.87006 , 0
-19.1213 , 6.8703 , 0
-19.1255 , 6.87053 , 0
-19.1296 , 6.87076 , 0
-19.1338 , 6.87099 , 0
-19.1379 , 6.87123 , 0
-19.1421 , 6.87146 , 0
-19.1462 , 6.87169 , 0
-19.1503 , 6.87192 , 0
-19.1545 , 6.87215 , 0
-19.1586 , 6.87238 , 0
-19.1628 , 6.87261 , 0
-19.1669 , 6.87284 , 0
-19.171 , 6.87307 , 0
-19.1752 , 6.8733 , 0
-19.1793 , 6.87353 , 0
-19.1834 , 6.87376 , 0
-19.1876 , 6.87399 , 0
-19.1917 , 6.87422 , 0
-19.1958 , 6.87445 , 0
-19.2 , 6.87468 , 0
-19.2041 , 6.8749 , 0
-19.2082 , 6.87513 , 0
-19.2124 , 6.87536 , 0
-19.2165 , 6.87559 , 0
-19.2206 , 6.87581 , 0
-19.2248 , 6.87604 , 0
-19.2289 , 6.87627 , 0
-19.233 , 6.87649 , 0
-19.2372 , 6.87672 , 0
-19.2413 , 6.87694 , 0
-19.2454 , 6.87717 , 0
-19.2495 , 6.8774 , 0
-19.2537 , 6.87762 , 0
-19.2578 , 6.87785 , 0
-19.2619 , 6.87807 , 0
-19.266 , 6.8783 , 0
-19.2701 , 6.87852 , 0
-19.2743 , 6.87874 , 0
-19.2784 , 6.87897 , 0
-19.2825 , 6.87919 , 0
-19.2866 , 6.87941 , 0
-19.2908 , 6.87964 , 0
-19.2949 , 6.87986 , 0
-19.299 , 6.88008 , 0
-19.3031 , 6.8803 , 0
-19.3072 , 6.88053 , 0
-19.3113 , 6.88075 , 0
-19.3155 , 6.88097 , 0
-19.3196 , 6.88119 , 0
-19.3237 , 6.88141 , 0
-19.3278 , 6.88163 , 0
-19.3319 , 6.88185 , 0
-19.336 , 6.88207 , 0
-19.3401 , 6.88229 , 0
-19.3442 , 6.88251 , 0
-19.3483 , 6.88273 , 0
-19.3525 , 6.88295 , 0
-19.3566 , 6.88317 , 0
-19.3607 , 6.88339 , 0
-19.3648 , 6.88361 , 0
-19.3689 , 6.88383 , 0
-19.373 , 6.88405 , 0
-19.3771 , 6.88427 , 0
-19.3812 , 6.88448 , 0
-19.3853 , 6.8847 , 0
-19.3894 , 6.88492 , 0
-19.3935 , 6.88514 , 0
-19.3976 , 6.88535 , 0
-19.4017 , 6.88557 , 0
-19.4058 , 6.88579 , 0
-19.4099 , 6.886 , 0
-19.414 , 6.88622 , 0
-19.4181 , 6.88643 , 0
-19.4222 , 6.88665 , 0
-19.4263 , 6.88686 , 0
-19.4304 , 6.88708 , 0
-19.4345 , 6.88729 , 0
-19.4386 , 6.88751 , 0
-19.4427 , 6.88772 , 0
-19.4468 , 6.88794 , 0
-19.4509 , 6.88815 , 0
-19.455 , 6.88837 , 0
-19.4591 , 6.88858 , 0
-19.4631 , 6.88879 , 0
-19.4672 , 6.88901 , 0
-19.4713 , 6.88922 , 0
-19.4754 , 6.88943 , 0
-19.4795 , 6.88964 , 0
-19.4836 , 6.88985 , 0
-19.4877 , 6.89007 , 0
-19.4918 , 6.89028 , 0
-19.4959 , 6.89049 , 0
-19.4999 , 6.8907 , 0
-19.504 , 6.89091 , 0
-19.5081 , 6.89112 , 0
-19.5122 , 6.89133 , 0
-19.5163 , 6.89154 , 0
-19.5204 , 6.89175 , 0
-19.5244 , 6.89196 , 0
-19.5285 , 6.89217 , 0
-19.5326 , 6.89238 , 0
-19.5367 , 6.89259 , 0
-19.5408 , 6.8928 , 0
-19.5448 , 6.89301 , 0
-19.5489 , 6.89322 , 0
-19.553 , 6.89342 , 0
-19.5571 , 6.89363 , 0
-19.5611 , 6.89384 , 0
-19.5652 , 6.89405 , 0
-19.5693 , 6.89426 , 0
-19.5734 , 6.89446 , 0
-19.5774 , 6.89467 , 0
-19.5815 , 6.89488 , 0
-19.5856 , 6.89508 , 0
-19.5897 , 6.89529 , 0
-19.5937 , 6.89549 , 0
-19.5978 , 6.8957 , 0
-19.6019 , 6.89591 , 0
-19.6059 , 6.89611 , 0
-19.61 , 6.89632 , 0
-19.6141 , 6.89652 , 0
-19.6181 , 6.89672 , 0
-19.6222 , 6.89693 , 0
-19.6263 , 6.89713 , 0
-19.6303 , 6.89734 , 0
-19.6344 , 6.89754 , 0
-19.6385 , 6.89774 , 0
-19.6425 , 6.89795 , 0
-19.6466 , 6.89815 , 0
-19.6506 , 6.89835 , 0
-19.6547 , 6.89856 , 0
-19.6588 , 6.89876 , 0
-19.6628 , 6.89896 , 0
-19.6669 , 6.89916 , 0
-19.6709 , 6.89936 , 0
-19.675 , 6.89956 , 0
-19.6791 , 6.89977 , 0
-19.6831 , 6.89997 , 0
-19.6872 , 6.90017 , 0
-19.6912 , 6.90037 , 0
-19.6953 , 6.90057 , 0
-19.6993 , 6.90077 , 0
-19.7034 , 6.90097 , 0
-19.7074 , 6.90117 , 0
-19.7115 , 6.90137 , 0
-19.7155 , 6.90157 , 0
-19.7196 , 6.90176 , 0
-19.7236 , 6.90196 , 0
-19.7277 , 6.90216 , 0
-19.7317 , 6.90236 , 0
-19.7358 , 6.90256 , 0
-19.7398 , 6.90276 , 0
-19.7439 , 6.90295 , 0
-19.7479 , 6.90315 , 0
-19.752 , 6.90335 , 0
-19.756 , 6.90355 , 0
-19.7601 , 6.90374 , 0
-19.7641 , 6.90394 , 0
-19.7682 , 6.90413 , 0
-19.7722 , 6.90433 , 0
-19.7762 , 6.90453 , 0
-19.7803 , 6.90472 , 0
-19.7843 , 6.90492 , 0
-19.7884 , 6.90511 , 0
-19.7924 , 6.90531 , 0
-19.7964 , 6.9055 , 0
-19.8005 , 6.9057 , 0
-19.8045 , 6.90589 , 0
-19.8085 , 6.90609 , 0
-19.8126 , 6.90628 , 0
-19.8166 , 6.90647 , 0
-19.8207 , 6.90667 , 0
-19.8247 , 6.90686 , 0
-19.8287 , 6.90705 , 0
-19.8328 , 6.90724 , 0
-19.8368 , 6.90744 , 0
-19.8408 , 6.90763 , 0
-19.8449 , 6.90782 , 0
-19.8489 , 6.90801 , 0
-19.8529 , 6.90821 , 0
-19.8569 , 6.9084 , 0
-19.861 , 6.90859 , 0
-19.865 , 6.90878 , 0
-19.869 , 6.90897 , 0
-19.8731 , 6.90916 , 0
-19.8771 , 6.90935 , 0
-19.8811 , 6.90954 , 0
-19.8851 , 6.90973 , 0
-19.8892 , 6.90992 , 0
-19.8932 , 6.91011 , 0
-19.8972 , 6.9103 , 0
-19.9012 , 6.91049 , 0
-19.9052 , 6.91068 , 0
-19.9093 , 6.91086 , 0
-19.9133 , 6.91105 , 0
-19.9173 , 6.91124 , 0
-19.9213 , 6.91143 , 0
-19.9253 , 6.91162 , 0
-19.9294 , 6.9118 , 0
-19.9334 , 6.91199 , 0
-19.9374 , 6.91218 , 0
-19.9414 , 6.91237 , 0
-19.9454 , 6.91255 , 0
-19.9494 , 6.91274 , 0
-19.9535 , 6.91292 , 0
-19.9575 , 6.91311 , 0
-19.9615 , 6.9133 , 0
-19.9655 , 6.91348 , 0
-19.9695 , 6.91367 , 0
-19.9735 , 6.91385 , 0
-19.9775 , 6.91404 , 0
-19.9815 , 6.91422 , 0
-19.9855 , 6.91441 , 0
-19.9895 , 6.91459 , 0
-19.9936 , 6.91477 , 0
-19.9976 , 6.91496 , 0
-20.0016 , 6.91514 , 0
-20.0056 , 6.91533 , 0
-20.0096 , 6.91551 , 0
-20.0136 , 6.91569 , 0
-20.0176 , 6.91587 , 0
-20.0216 , 6.91606 , 0
-20.0256 , 6.91624 , 0
-20.0296 , 6.91642 , 0
-20.0336 , 6.9166 , 0
-20.0376 , 6.91678 , 0
-20.0416 , 6.91697 , 0
-20.0456 , 6.91715 , 0
-20.0496 , 6.91733 , 0
-20.0536 , 6.91751 , 0
-20.0576 , 6.91769 , 0
-20.0616 , 6.91787 , 0
-20.0656 , 6.91805 , 0
-20.0696 , 6.91823 , 0
-20.0736 , 6.91841 , 0
-20.0776 , 6.91859 , 0
-20.0816 , 6.91877 , 0
-20.0856 , 6.91895 , 0
-20.0896 , 6.91913 , 0
-20.0936 , 6.91931 , 0
-20.0975 , 6.91948 , 0
-20.1015 , 6.91966 , 0
-20.1055 , 6.91984 , 0
-20.1095 , 6.92002 , 0
-20.1135 , 6.9202 , 0
-20.1175 , 6.92037 , 0
-20.1215 , 6.92055 , 0
-20.1255 , 6.92073 , 0
-20.1295 , 6.9209 , 0
-20.1334 , 6.92108 , 0
-20.1374 , 6.92126 , 0
-20.1414 , 6.92143 , 0
-20.1454 , 6.92161 , 0
-20.1494 , 6.92178 , 0
-20.1534 , 6.92196 , 0
-20.1573 , 6.92214 , 0
-20.1613 , 6.92231 , 0
-20.1653 , 6.92249 , 0
-20.1693 , 6.92266 , 0
-20.1733 , 6.92283 , 0
-20.1772 , 6.92301 , 0
-20.1812 , 6.92318 , 0
-20.1852 , 6.92336 , 0
-20.1892 , 6.92353 , 0
-20.1932 , 6.9237 , 0
-20.1971 , 6.92388 , 0
-20.2011 , 6.92405 , 0
-20.2051 , 6.92422 , 0
-20.2091 , 6.9244 , 0
-20.213 , 6.92457 , 0
-20.217 , 6.92474 , 0
-20.221 , 6.92491 , 0
-20.225 , 6.92508 , 0
-20.2289 , 6.92525 , 0
-20.2329 , 6.92543 , 0
-20.2369 , 6.9256 , 0
-20.2408 , 6.92577 , 0
-20.2448 , 6.92594 , 0
-20.2488 , 6.92611 , 0
-20.2527 , 6.92628 , 0
-20.2567 , 6.92645 , 0
-20.2607 , 6.92662 , 0
-20.2646 , 6.92679 , 0
-20.2686 , 6.92696 , 0
-20.2726 , 6.92713 , 0
-20.2765 , 6.9273 , 0
-20.2805 , 6.92747 , 0
-20.2845 , 6.92763 , 0
-20.2884 , 6.9278 , 0
-20.2924 , 6.92797 , 0
-20.2963 , 6.92814 , 0
-20.3003 , 6.92831 , 0
-20.3043 , 6.92847 , 0
-20.3082 , 6.92864 , 0
-20.3122 , 6.92881 , 0
-20.3161 , 6.92898 , 0
-20.3201 , 6.92914 , 0
-20.3241 , 6.92931 , 0
-20.328 , 6.92948 , 0
-20.332 , 6.92964 , 0
-20.3359 , 6.92981 , 0
-20.3399 , 6.92997 , 0
-20.3438 , 6.93014 , 0
-20.3478 , 6.9303 , 0
-20.3517 , 6.93047 , 0
-20.3557 , 6.93063 , 0
-20.3596 , 6.9308 , 0
-20.3636 , 6.93096 , 0
-20.3675 , 6.93113 , 0
-20.3715 , 6.93129 , 0
-20.3754 , 6.93145 , 0
-20.3794 , 6.93162 , 0
-20.3833 , 6.93178 , 0
-20.3873 , 6.93195 , 0
-20.3912 , 6.93211 , 0
-20.3952 , 6.93227 , 0
-20.3991 , 6.93243 , 0
-20.4031 , 6.9326 , 0
-20.407 , 6.93276 , 0
-20.411 , 6.93292 , 0
-20.4149 , 6.93308 , 0
-20.4188 , 6.93324 , 0
-20.4228 , 6.93341 , 0
-20.4267 , 6.93357 , 0
-20.4307 , 6.93373 , 0
-20.4346 , 6.93389 , 0
-20.4385 , 6.93405 , 0
-20.4425 , 6.93421 , 0
-20.4464 , 6.93437 , 0
-20.4504 , 6.93453 , 0
-20.4543 , 6.93469 , 0
-20.4582 , 6.93485 , 0
-20.4622 , 6.93501 , 0
-20.4661 , 6.93517 , 0
-20.47 , 6.93533 , 0
-20.474 , 6.93549 , 0
-20.4779 , 6.93564 , 0
-20.4818 , 6.9358 , 0
-20.4858 , 6.93596 , 0
-20.4897 , 6.93612 , 0
-20.4936 , 6.93628 , 0
-20.4976 , 6.93643 , 0
-20.5015 , 6.93659 , 0
-20.5054 , 6.93675 , 0
-20.5094 , 6.9369 , 0
-20.5133 , 6.93706 , 0
-20.5172 , 6.93722 , 0
-20.5211 , 6.93737 , 0
-20.5251 , 6.93753 , 0
-20.529 , 6.93769 , 0
-20.5329 , 6.93784 , 0
-20.5368 , 6.938 , 0
-20.5408 , 6.93815 , 0
-20.5447 , 6.93831 , 0
-20.5486 , 6.93846 , 0
-20.5525 , 6.93862 , 0
-20.5565 , 6.93877 , 0
-20.5604 , 6.93893 , 0
-20.5643 , 6.93908 , 0
-20.5682 , 6.93923 , 0
-20.5721 , 6.93939 , 0
-20.5761 , 6.93954 , 0
-20.58 , 6.9397 , 0
-20.5839 , 6.93985 , 0
-20.5878 , 6.94 , 0
-20.5917 , 6.94015 , 0
-20.5956 , 6.94031 , 0
-20.5995 , 6.94046 , 0
-20.6035 , 6.94061 , 0
-20.6074 , 6.94076 , 0
-20.6113 , 6.94092 , 0
-20.6152 , 6.94107 , 0
-20.6191 , 6.94122 , 0
-20.623 , 6.94137 , 0
-20.6269 , 6.94152 , 0
-20.6308 , 6.94167 , 0
-20.6348 , 6.94182 , 0
-20.6387 , 6.94197 , 0
-20.6426 , 6.94212 , 0
-20.6465 , 6.94227 , 0
-20.6504 , 6.94242 , 0
-20.6543 , 6.94257 , 0
-20.6582 , 6.94272 , 0
-20.6621 , 6.94287 , 0
-20.666 , 6.94302 , 0
-20.6699 , 6.94317 , 0
-20.6738 , 6.94332 , 0
-20.6777 , 6.94346 , 0
-20.6816 , 6.94361 , 0
-20.6855 , 6.94376 , 0
-20.6894 , 6.94391 , 0
-20.6933 , 6.94406 , 0
-20.6972 , 6.9442 , 0
-20.7011 , 6.94435 , 0
-20.705 , 6.9445 , 0
-20.7089 , 6.94464 , 0
-20.7128 , 6.94479 , 0
-20.7167 , 6.94494 , 0
-20.7206 , 6.94508 , 0
-20.7245 , 6.94523 , 0
-20.7284 , 6.94538 , 0
-20.7323 , 6.94552 , 0
-20.7362 , 6.94567 , 0
-20.7401 , 6.94581 , 0
-20.744 , 6.94596 , 0
-20.7479 , 6.9461 , 0
-20.7518 , 6.94625 , 0
-20.7557 , 6.94639 , 0
-20.7596 , 6.94653 , 0
-20.7635 , 6.94668 , 0
-20.7673 , 6.94682 , 0
-20.7712 , 6.94697 , 0
-20.7751 , 6.94711 , 0
-20.779 , 6.94725 , 0
-20.7829 , 6.9474 , 0
-20.7868 , 6.94754 , 0
-20.7907 , 6.94768 , 0
-20.7946 , 6.94782 , 0
-20.7984 , 6.94797 , 0
-20.8023 , 6.94811 , 0
-20.8062 , 6.94825 , 0
-20.8101 , 6.94839 , 0
-20.814 , 6.94853 , 0
-20.8179 , 6.94868 , 0
-20.8217 , 6.94882 , 0
-20.8256 , 6.94896 , 0
-20.8295 , 6.9491 , 0
-20.8334 , 6.94924 , 0
-20.8373 , 6.94938 , 0
-20.8411 , 6.94952 , 0
-20.845 , 6.94966 , 0
-20.8489 , 6.9498 , 0
-20.8528 , 6.94994 , 0
-20.8566 , 6.95008 , 0
-20.8605 , 6.95022 , 0
-20.8644 , 6.95036 , 0
-20.8683 , 6.9505 , 0
-20.8721 , 6.95063 , 0
-20.876 , 6.95077 , 0
-20.8799 , 6.95091 , 0
-20.8838 , 6.95105 , 0
-20.8876 , 6.95119 , 0
-20.8915 , 6.95132 , 0
-20.8954 , 6.95146 , 0
-20.8992 , 6.9516 , 0
-20.9031 , 6.95174 , 0
-20.907 , 6.95187 , 0
-20.9109 , 6.95201 , 0
-20.9147 , 6.95215 , 0
-20.9186 , 6.95228 , 0
-20.9225 , 6.95242 , 0
-20.9263 , 6.95255 , 0
-20.9302 , 6.95269 , 0
-20.9341 , 6.95283 , 0
-20.9379 , 6.95296 , 0
-20.9418 , 6.9531 , 0
-20.9456 , 6.95323 , 0
-20.9495 , 6.95337 , 0
-20.9534 , 6.9535 , 0
-20.9572 , 6.95364 , 0
-20.9611 , 6.95377 , 0
-20.965 , 6.9539 , 0
-20.9688 , 6.95404 , 0
-20.9727 , 6.95417 , 0
-20.9765 , 6.9543 , 0
-20.9804 , 6.95444 , 0
-20.9842 , 6.95457 , 0
-20.9881 , 6.9547 , 0
-20.992 , 6.95484 , 0
-20.9958 , 6.95497 , 0
-20.9997 , 6.9551 , 0
-21.0035 , 6.95523 , 0
-21.0074 , 6.95537 , 0
-21.0112 , 6.9555 , 0
-21.0151 , 6.95563 , 0
-21.0189 , 6.95576 , 0
-21.0228 , 6.95589 , 0
-21.0266 , 6.95602 , 0
-21.0305 , 6.95615 , 0
-21.0343 , 6.95628 , 0
-21.0382 , 6.95641 , 0
-21.042 , 6.95654 , 0
-21.0459 , 6.95667 , 0
-21.0497 , 6.9568 , 0
-21.0536 , 6.95693 , 0
-21.0574 , 6.95706 , 0
-21.0613 , 6.95719 , 0
-21.0651 , 6.95732 , 0
-21.069 , 6.95745 , 0
-21.0728 , 6.95758 , 0
-21.0767 , 6.95771 , 0
-21.0805 , 6.95784 , 0
-21.0843 , 6.95796 , 0
-21.0882 , 6.95809 , 0
-21.092 , 6.95822 , 0
-21.0959 , 6.95835 , 0
-21.0997 , 6.95848 , 0
-21.1035 , 6.9586 , 0
-21.1074 , 6.95873 , 0
-21.1112 , 6.95886 , 0
-21.1151 , 6.95898 , 0
-21.1189 , 6.95911 , 0
-21.1227 , 6.95924 , 0
-21.1266 , 6.95936 , 0
-21.1304 , 6.95949 , 0
-21.1342 , 6.95961 , 0
-21.1381 , 6.95974 , 0
-21.1419 , 6.95987 , 0
-21.1457 , 6.95999 , 0
