x , y , z
1 , 0 , 0
0.998273 , 0.0604152 , 0
0.991272 , 0.120505 , 0
0.979009 , 0.179941 , 0
0.961499 , 0.238392 , 0
0.93876 , 0.295521 , 0
0.910815 , 0.350976 , 0
0.877691 , 0.404396 , 0
0.839424 , 0.455399 , 0
0.796059 , 0.503581 , 0
0.747656 , 0.548515 , 0
0.694291 , 0.589739 , 0
0.636067 , 0.626757 , 0
0.573117 , 0.659031 , 0
0.505616 , 0.685974 , 0
0.433795 , 0.706944 , 0
0.357958 , 0.721239 , 0
0.278502 , 0.72809 , 0
0.195954 , 0.726663 , 0
0.111 , 0.716056 , 0
0.0245428 , 0.695313 , 0
-0.0622413 , 0.663453 , 0
-0.14783 , 0.61952 , 0
-0.230276 , 0.562678 , 0
-0.307146 , 0.492356 , 0
-0.375497 , 0.408471 , 0
-0.431956 , 0.311714 , 0
-0.472973 , 0.203858 , 0
-0.495298 , 0.0879735 , 0
-0.496623 , -0.0316254 , 0
-0.476198 , -0.149835 , 0
-0.435114 , -0.261552 , 0
-0.376074 , -0.362497 , 0
-0.302773 , -0.449736 , 0
-0.219189 , -0.521768 , 0
-0.129041 , -0.578288 , 0
-0.0354963 , -0.619825 , 0
0.0589041 , -0.647399 , 0
0.152209 , -0.662268 , 0
0.242962 , -0.665753 , 0
0.330103 , -0.659147 , 0
0.412871 , -0.64366 , 0
0.490733 , -0.6204 , 0
0.563326 , -0.590366 , 0
0.630406 , -0.554455 , 0
0.691821 , -0.513473 , 0
0.747487 , -0.468139 , 0
0.797362 , -0.419103 , 0
0.841441 , -0.366949 , 0
0.879744 , -0.312211 , 0
0.912306 , -0.255375 , 0
0.939175 , -0.19689 , 0
0.960407 , -0.137174 , 0
0.976063 , -0.0766164 , 0
0.986209 , -0.0155875 , 0
0.99091 , 0.0455609 , 0
0.990237 , 0.10649 , 0
0.98426 , 0.166869 , 0
0.973049 , 0.226377 , 0
0.956677 , 0.284692 , 0
0.93522 , 0.341496 , 0
0.908755 , 0.396465 , 0
0.877363 , 0.449271 , 0
0.841133 , 0.499579 , 0
0.800158 , 0.547041 , 0
0.754544 , 0.591293 , 0
0.70441 , 0.631955 , 0
0.64989 , 0.668626 , 0
0.591141 , 0.700879 , 0
0.528349 , 0.728258 , 0
0.461735 , 0.750274 , 0
0.391568 , 0.766402 , 0
0.318173 , 0.776077 , 0
0.241952 , 0.77869 , 0
0.163405 , 0.773588 , 0
0.0831497 , 0.760079 , 0
0.00196381 , 0.737433 , 0
-0.0791804 , 0.704904 , 0
-0.159064 , 0.661759 , 0
-0.236169 , 0.607332 , 0
-0.308617 , 0.541105 , 0
-0.374133 , 0.462844 , 0
-0.430036 , 0.37278 , 0
-0.473325 , 0.271847 , 0
-0.500891 , 0.161934 , 0
-0.509919 , 0.0460635 , 0
-0.498443 , -0.0716337 , 0
-0.465902 , -0.186289 , 0
-0.413458 , -0.292983 , 0
-0.343859 , -0.387531 , 0
-0.260901 , -0.467051 , 0
-0.168723 , -0.530122 , 0
-0.0712207 , -0.576589 , 0
0.0282844 , -0.607196 , 0
0.12716 , -0.623217 , 0
0.223424 , -0.626166 , 0
0.315645 , -0.617608 , 0
0.402823 , -0.599048 , 0
0.484289 , -0.571877 , 0
0.559613 , -0.537351 , 0
0.628539 , -0.496587 , 0
0.690937 , -0.450579 , 0
0.746766 , -0.400203 , 0
0.796042 , -0.346239 , 0
0.838827 , -0.289376 , 0
0.87521 , -0.230234 , 0
0.905299 , -0.169369 , 0
0.929215 , -0.107284 , 0
0.947085 , -0.0444405 , 0
0.959041 , 0.0187385 , 0
0.965217 , 0.0818584 , 0
0.965747 , 0.14455 , 0
0.960768 , 0.206462 , 0
0.950412 , 0.267259 , 0
0.934815 , 0.326619 , 0
0.914111 , 0.384225 , 0
0.888438 , 0.439766 , 0
0.857934 , 0.492933 , 0
0.822742 , 0.543417 , 0
0.783008 , 0.590905 , 0
0.73889 , 0.635078 , 0
0.69055 , 0.675607 , 0
0.638167 , 0.712155 , 0
0.581935 , 0.74437 , 0
0.522067 , 0.771883 , 0
0.458804 , 0.794311 , 0
0.392417 , 0.811245 , 0
0.32322 , 0.822258 , 0
0.251573 , 0.826897 , 0
0.1779 , 0.824685 , 0
0.102704 , 0.815121 , 0
0.0265783 , 0.797684 , 0
-0.049762 , 0.77184 , 0
-0.125459 , 0.737054 , 0
-0.199477 , 0.692811 , 0
-0.27057 , 0.638651 , 0
-0.33724 , 0.574222 , 0
-0.397706 , 0.49936 , 0
-0.449889 , 0.4142 , 0
-0.491429 , 0.319322 , 0
-0.519777 , 0.215937 , 0
-0.532384 , 0.106066 , 0
-0.527029 , -0.00734034 , 0
-0.502253 , -0.120443 , 0
-0.45781 , -0.228806 , 0
-0.394942 , -0.327945 , 0
-0.316317 , -0.413998 , 0
-0.225613 , -0.484254 , 0
-0.126904 , -0.537374 , 0
-0.0241003 , -0.573269 , 0
0.0794277 , -0.592785 , 0
0.180993 , -0.597341 , 0
0.278588 , -0.588628 , 0
0.37079 , -0.568395 , 0
0.456641 , -0.538325 , 0
0.53554 , -0.499966 , 0
0.607146 , -0.454713 , 0
0.671301 , -0.403798 , 0
0.727977 , -0.348307 , 0
0.777236 , -0.289191 , 0
0.819198 , -0.227287 , 0
0.854024 , -0.163331 , 0
0.881897 , -0.0979751 , 0
0.903018 , -0.0318003 , 0
0.917593 , 0.0346725 , 0
0.925833 , 0.100972 , 0
0.927948 , 0.166667 , 0
0.92415 , 0.231363 , 0
0.914647 , 0.29469 , 0
0.899645 , 0.356303 , 0
0.879348 , 0.415872 , 0
0.85396 , 0.473085 , 0
0.823685 , 0.527636 , 0
0.788727 , 0.579228 , 0
0.749294 , 0.62757 , 0
0.705598 , 0.67237 , 0
0.657857 , 0.713337 , 0
0.606298 , 0.750177 , 0
0.551162 , 0.782592 , 0
0.492702 , 0.810278 , 0
0.431191 , 0.832923 , 0
0.366927 , 0.850206 , 0
0.300235 , 0.861795 , 0
0.231476 , 0.867349 , 0
0.161053 , 0.866516 , 0
0.0894218 , 0.858936 , 0
0.0171 , 0.844241 , 0
-0.0553187 , 0.822059 , 0
-0.12715 , 0.792025 , 0
-0.197603 , 0.75379 , 0
-0.265755 , 0.707036 , 0
-0.330538 , 0.651504 , 0
-0.390708 , 0.58703 , 0
-0.444834 , 0.513596 , 0
-0.49128 , 0.431397 , 0
-0.528221 , 0.340938 , 0
-0.553676 , 0.24314 , 0
-0.565613 , 0.13947 , 0
-0.562111 , 0.0320476 , 0
-0.541619 , -0.0762957 , 0
-0.503273 , -0.182084 , 0
-0.447223 , -0.281433 , 0
-0.374823 , -0.370468 , 0
-0.288608 , -0.445831 , 0
-0.191994 , -0.505127 , 0
-0.0888031 , -0.547143 , 0
0.0172195 , -0.571816 , 0
0.122771 , -0.579999 , 0
0.225173 , -0.573148 , 0
0.322407 , -0.553032 , 0
0.413046 , -0.521515 , 0
0.496154 , -0.48041 , 0
0.571175 , -0.431398 , 0
0.637831 , -0.375996 , 0
0.696048 , -0.31555 , 0
0.74589 , -0.251237 , 0
0.787517 , -0.184088 , 0
0.821149 , -0.115002 , 0
0.847047 , -0.0447638 , 0
0.865494 , 0.025937 , 0
0.876785 , 0.0964926 , 0
0.88122 , 0.166363 , 0
0.879098 , 0.235066 , 0
0.870718 , 0.302165 , 0
0.856374 , 0.367264 , 0
0.836355 , 0.429998 , 0
0.810947 , 0.49003 , 0
0.780432 , 0.547044 , 0
0.745089 , 0.600741 , 0
0.705199 , 0.650834 , 0
0.66104 , 0.697049 , 0
0.612896 , 0.739118 , 0
0.561055 , 0.776781 , 0
0.505811 , 0.80978 , 0
0.447471 , 0.837859 , 0
0.386352 , 0.860763 , 0
0.322791 , 0.878239 , 0
0.257143 , 0.89003 , 0
0.189788 , 0.895883 , 0
0.121138 , 0.895542 , 0
0.0516405 , 0.888753 , 0
-0.0182154 , 0.875265 , 0
-0.0878894 , 0.854836 , 0
-0.156782 , 0.827235 , 0
-0.224225 , 0.79225 , 0
-0.289471 , 0.749699 , 0
-0.35168 , 0.699446 , 0
-0.409911 , 0.641416 , 0
-0.463105 , 0.575626 , 0
-0.510086 , 0.502217 , 0
-0.54955 , 0.421502 , 0
-0.580079 , 0.334019 , 0
-0.600169 , 0.2406 , 0
-0.60828 , 0.142449 , 0
-0.602937 , 0.0412099 , 0
-0.582864 , -0.060979 , 0
-0.547181 , -0.161483 , 0
-0.495613 , -0.257251 , 0
-0.428702 , -0.345014 , 0
-0.347924 , -0.421578 , 0
-0.255662 , -0.484194 , 0
-0.155 , -0.53088 , 0
-0.0493933 , -0.560619 , 0
0.0577171 , -0.573375 , 0
0.163214 , -0.56995 , 0
0.264503 , -0.551747 , 0
0.359584 , -0.520525 , 0
0.447027 , -0.478182 , 0
0.525896 , -0.426607 , 0
0.595653 , -0.367579 , 0
0.656062 , -0.302723 , 0
0.707112 , -0.233488 , 0
0.748946 , -0.161148 , 0
0.781813 , -0.0868176 , 0
0.806036 , -0.0114631 , 0
0.821975 , 0.0640746 , 0
0.830019 , 0.139064 , 0
0.830566 , 0.212866 , 0
0.82402 , 0.284921 , 0
0.81078 , 0.354735 , 0
0.791242 , 0.421868 , 0
0.765794 , 0.485929 , 0
0.73482 , 0.546561 , 0
0.698695 , 0.603443 , 0
0.657788 , 0.65628 , 0
0.612467 , 0.704797 , 0
0.563096 , 0.748739 , 0
0.510039 , 0.787867 , 0
0.453661 , 0.821953 , 0
0.394334 , 0.850783 , 0
0.332435 , 0.874149 , 0
0.268351 , 0.891855 , 0
0.202484 , 0.90371 , 0
0.135249 , 0.909533 , 0
0.0670831 , 0.909152 , 0
-0.00155224 , 0.902403 , 0
-0.0701684 , 0.889135 , 0
-0.138244 , 0.869212 , 0
-0.205218 , 0.842515 , 0
-0.270488 , 0.808951 , 0
-0.333401 , 0.768457 , 0
-0.393249 , 0.721009 , 0
-0.449265 , 0.666638 , 0
-0.500613 , 0.605439 , 0
-0.546392 , 0.537597 , 0
-0.585628 , 0.463404 , 0
-0.617284 , 0.383296 , 0
-0.640266 , 0.297881 , 0
-0.65345 , 0.20798 , 0
-0.655715 , 0.114675 , 0
-0.646004 , 0.0193407 , 0
-0.623403 , -0.0763161 , 0
-0.587247 , -0.170254 , 0
-0.537255 , -0.260123 , 0
-0.473658 , -0.34335 , 0
-0.397322 , -0.417289 , 0
-0.309801 , -0.479429 , 0
-0.213311 , -0.527638 , 0
-0.110592 , -0.560385 , 0
-0.00467845 , -0.576891 , 0
0.101363 , -0.57717 , 0
0.20469 , -0.561957 , 0
0.302861 , -0.532549 , 0
0.393934 , -0.490622 , 0
0.476487 , -0.438039 , 0
0.54957 , -0.376706 , 0
0.612641 , -0.308463 , 0
0.665481 , -0.23502 , 0
0.708117 , -0.157923 , 0
0.740758 , -0.0785436 , 0
0.763737 , 0.00191593 , 0
0.777471 , 0.0824107 , 0
0.78243 , 0.162037 , 0
0.779116 , 0.240014 , 0
0.768041 , 0.31567 , 0
0.749726 , 0.388422 , 0
0.724686 , 0.457766 , 0
0.69343 , 0.523265 , 0
0.656458 , 0.584537 , 0
0.61426 , 0.641246 , 0
0.567315 , 0.693099 , 0
0.516096 , 0.739833 , 0
0.461068 , 0.781219 , 0
0.40269 , 0.81705 , 0
0.341419 , 0.847141 , 0
0.277712 , 0.87133 , 0
0.212025 , 0.889469 , 0
0.144821 , 0.901431 , 0
0.076569 , 0.907103 , 0
0.00774722 , 0.906389 , 0
-0.061153 , 0.899211 , 0
-0.129625 , 0.885511 , 0
-0.197145 , 0.865249 , 0
-0.263166 , 0.838412 , 0
-0.327117 , 0.805012 , 0
-0.388402 , 0.765095 , 0
-0.446394 , 0.718745 , 0
-0.500434 , 0.666093 , 0
-0.549829 , 0.607326 , 0
-0.593855 , 0.542695 , 0
-0.631753 , 0.472534 , 0
-0.662737 , 0.397272 , 0
-0.685998 , 0.317451 , 0
-0.700719 , 0.233748 , 0
-0.706091 , 0.146996 , 0
-0.701341 , 0.0582041 , 0
-0.685769 , -0.0314187 , 0
-0.658795 , -0.120453 , 0
-0.620023 , -0.207265 , 0
-0.569316 , -0.290023 , 0
-0.506869 , -0.366735 , 0
-0.43329 , -0.435327 , 0
-0.349655 , -0.49375 , 0
-0.257533 , -0.540116 , 0
-0.158953 , -0.572857 , 0
-0.0563145 , -0.59087 , 0
0.0477591 , -0.59362 , 0
0.1506 , -0.58119 , 0
0.249677 , -0.554253 , 0
0.342752 , -0.513986 , 0
0.427983 , -0.461935 , 0
0.503967 , -0.399879 , 0
0.569739 , -0.32969 , 0
0.624735 , -0.25323 , 0
0.668728 , -0.172273 , 0
0.701763 , -0.0884514 , 0
0.724095 , -0.00323574 , 0
0.736132 , 0.0820749 , 0
0.738387 , 0.166348 , 0
0.731444 , 0.248606 , 0
0.715929 , 0.328013 , 0
0.692488 , 0.403857 , 0
0.661776 , 0.475534 , 0
0.624444 , 0.542535 , 0
0.581136 , 0.604433 , 0
0.532481 , 0.660868 , 0
0.479098 , 0.711542 , 0
0.421586 , 0.756209 , 0
0.360535 , 0.794665 , 0
0.29652 , 0.826747 , 0
0.230104 , 0.852325 , 0
0.161842 , 0.871303 , 0
0.0922826 , 0.88361 , 0
0.0219682 , 0.889204 , 0
-0.0485611 , 0.888069 , 0
-0.118766 , 0.880211 , 0
-0.188105 , 0.865666 , 0
-0.256034 , 0.844494 , 0
-0.322003 , 0.816783 , 0
-0.385457 , 0.782654 , 0
-0.44583 , 0.742257 , 0
-0.50255 , 0.695785 , 0
-0.555033 , 0.643467 , 0
-0.602688 , 0.585582 , 0
-0.644916 , 0.522463 , 0
-0.68111 , 0.454502 , 0
-0.710662 , 0.38216 , 0
-0.732968 , 0.305977 , 0
-0.747434 , 0.226579 , 0
-0.753487 , 0.144693 , 0
-0.750592 , 0.0611515 , 0
-0.738266 , -0.0230933 , 0
-0.716107 , -0.106964 , 0
-0.683822 , -0.189255 , 0
-0.641259 , -0.268632 , 0
-0.588451 , -0.343647 , 0
-0.525659 , -0.412759 , 0
-0.453415 , -0.474373 , 0
-0.37256 , -0.526896 , 0
-0.284268 , -0.568813 , 0
-0.19005 , -0.59877 , 0
-0.0917332 , -0.615678 , 0
0.00860404 , -0.618798 , 0
0.108718 , -0.607817 , 0
0.206318 , -0.582893 , 0
0.29919 , -0.544652 , 0
0.38532 , -0.494151 , 0
0.462989 , -0.432797 , 0
0.530835 , -0.36225 , 0
0.587882 , -0.284317 , 0
0.63353 , -0.200848 , 0
0.667525 , -0.113657 , 0
0.689909 , -0.0244572 , 0
0.700967 , 0.0651814 , 0
0.701171 , 0.153853 , 0
0.69113 , 0.240323 , 0
0.671551 , 0.32353 , 0
0.6432 , 0.402571 , 0
0.606879 , 0.476692 , 0
0.563402 , 0.545268 , 0
0.513585 , 0.607795 , 0
0.458231 , 0.663869 , 0
0.398126 , 0.713177 , 0
0.334035 , 0.755482 , 0
0.266699 , 0.790616 , 0
0.196835 , 0.818469 , 0
0.125137 , 0.838983 , 0
0.0522754 , 0.852144 , 0
-0.0210986 , 0.857984 , 0
-0.094355 , 0.856568 , 0
-0.166881 , 0.848 , 0
-0.238079 , 0.832413 , 0
-0.307367 , 0.809978 , 0
-0.374175 , 0.780893 , 0
-0.437947 , 0.745392 , 0
-0.498135 , 0.70374 , 0
-0.554205 , 0.656238 , 0
-0.605632 , 0.603224 , 0
-0.651903 , 0.545072 , 0
-0.692518 , 0.4822 , 0
-0.726991 , 0.415072 , 0
-0.754854 , 0.344199 , 0
-0.775659 , 0.270143 , 0
-0.788987 , 0.193525 , 0
-0.794448 , 0.115025 , 0
-0.791695 , 0.035389 , 0
-0.780432 , -0.0445704 , 0
-0.760424 , -0.123969 , 0
-0.731514 , -0.201852 , 0
-0.693641 , -0.277194 , 0
-0.646855 , -0.348902 , 0
-0.591343 , -0.415826 , 0
-0.527447 , -0.476776 , 0
-0.455694 , -0.530536 , 0
-0.376812 , -0.575901 , 0
-0.291748 , -0.611711 , 0
-0.201678 , -0.636899 , 0
-0.108007 , -0.650546 , 0
-0.0123473 , -0.651942 , 0
0.0835126 , -0.64064 , 0
0.177666 , -0.616513 , 0
0.268159 , -0.579784 , 0
0.353075 , -0.531047 , 0
0.430621 , -0.471255 , 0
0.499216 , -0.401678 , 0
0.557554 , -0.323851 , 0
0.604654 , -0.239491 , 0
0.639879 , -0.150415 , 0
0.662931 , -0.0584604 , 0
0.673831 , 0.0345892 , 0
0.672877 , 0.127059 , 0
0.660595 , 0.217425 , 0
0.637692 , 0.304336 , 0
0.60501 , 0.386629 , 0
0.563478 , 0.463324 , 0
0.514081 , 0.533618 , 0
0.457827 , 0.596877 , 0
0.395728 , 0.652611 , 0
0.32878 , 0.700468 , 0
0.257953 , 0.740212 , 0
0.184183 , 0.771709 , 0
0.108365 , 0.794913 , 0
0.0313519 , 0.809856 , 0
-0.0460442 , 0.816637 , 0
-0.123055 , 0.815413 , 0
-0.198956 , 0.806391 , 0
-0.273058 , 0.789822 , 0
-0.344716 , 0.766 , 0
-0.413318 , 0.735252 , 0
-0.478287 , 0.697943 , 0
-0.539084 , 0.654465 , 0
-0.595198 , 0.605244 , 0
-0.646152 , 0.550733 , 0
-0.691502 , 0.491417 , 0
-0.730834 , 0.427808 , 0
-0.763766 , 0.360447 , 0
-0.789951 , 0.289906 , 0
-0.809076 , 0.216789 , 0
-0.820866 , 0.141729 , 0
-0.825086 , 0.0653926 , 0
-0.821546 , -0.0115215 , 0
-0.810104 , -0.0882804 , 0
-0.790673 , -0.164118 , 0
-0.763227 , -0.238235 , 0
-0.727809 , -0.309802 , 0
-0.684539 , -0.377957 , 0
-0.633623 , -0.441817 , 0
-0.575368 , -0.500478 , 0
-0.510186 , -0.553025 , 0
-0.438614 , -0.598547 , 0
-0.361319 , -0.636148 , 0
-0.27911 , -0.664969 , 0
-0.192948 , -0.684214 , 0
-0.103946 , -0.693176 , 0
-0.0133698 , -0.691272 , 0
0.0773746 , -0.67808 , 0
0.16676 , -0.653378 , 0
0.253169 , -0.61718 , 0
0.33494 , -0.569766 , 0
0.410417 , -0.511704 , 0
0.478019 , -0.443861 , 0
0.536303 , -0.367389 , 0
0.58403 , -0.283699 , 0
0.620224 , -0.194412 , 0
0.64421 , -0.101296 , 0
0.655643 , -0.00619869 , 0
0.654506 , 0.0890319 , 0
0.641093 , 0.182613 , 0
0.615977 , 0.272888 , 0
0.579966 , 0.358371 , 0
0.53405 , 0.437777 , 0
0.479349 , 0.510036 , 0
0.417068 , 0.574298 , 0
0.348451 , 0.629923 , 0
0.274748 , 0.676466 , 0
0.197185 , 0.713661 , 0
0.116945 , 0.741399 , 0
0.0351529 , 0.759705 , 0
-0.0471347 , 0.768722 , 0
-0.128934 , 0.768687 , 0
-0.209337 , 0.75992 , 0
-0.28751 , 0.742808 , 0
-0.362694 , 0.71779 , 0
-0.4342 , 0.685352 , 0
-0.501407 , 0.646014 , 0
-0.563757 , 0.600326 , 0
-0.620755 , 0.548863 , 0
-0.671962 , 0.492218 , 0
-0.716994 , 0.430999 , 0
-0.755518 , 0.365831 , 0
-0.787252 , 0.297347 , 0
-0.811962 , 0.226193 , 0
-0.82946 , 0.153021 , 0
-0.839603 , 0.0784947 , 0
-0.842294 , 0.00328187 , 0
-0.837484 , -0.0719412 , 0
-0.825168 , -0.146492 , 0
-0.805389 , -0.219682 , 0
-0.778239 , -0.290819 , 0
-0.743864 , -0.359203 , 0
-0.702463 , -0.424136 , 0
-0.654295 , -0.484914 , 0
-0.599681 , -0.540838 , 0
-0.539009 , -0.591213 , 0
-0.472741 , -0.635351 , 0
-0.401417 , -0.672582 , 0
-0.325663 , -0.702259 , 0
-0.246195 , -0.723768 , 0
-0.163823 , -0.736538 , 0
-0.0794587 , -0.740061 , 0
0.00588292 , -0.733906 , 0
0.0910863 , -0.717742 , 0
0.174938 , -0.691362 , 0
0.256138 , -0.654708 , 0
0.333315 , -0.607898 , 0
0.405054 , -0.551256 , 0
0.469928 , -0.485334 , 0
0.526545 , -0.410929 , 0
0.573597 , -0.329092 , 0
0.609921 , -0.241124 , 0
0.634555 , -0.148548 , 0
0.646797 , -0.0530802 , 0
0.646249 , 0.0434362 , 0
0.632847 , 0.139094 , 0
0.606871 , 0.231999 , 0
0.568931 , 0.32035 , 0
0.519935 , 0.402503 , 0
0.461041 , 0.477031 , 0
0.393593 , 0.542759 , 0
0.31906 , 0.598787 , 0
0.238971 , 0.644489 , 0
0.154865 , 0.6795 , 0
0.0682382 , 0.703697 , 0
-0.0194882 , 0.717165 , 0
-0.106992 , 0.720167 , 0
-0.193066 , 0.713114 , 0
-0.276628 , 0.69653 , 0
-0.356719 , 0.671026 , 0
-0.432504 , 0.637278 , 0
-0.503264 , 0.596009 , 0
-0.56839 , 0.547967 , 0
-0.627374 , 0.493919 , 0
-0.679801 , 0.434633 , 0
-0.725341 , 0.370881 , 0
-0.76374 , 0.303423 , 0
-0.794815 , 0.233009 , 0
-0.818445 , 0.160377 , 0
-0.834566 , 0.0862449 , 0
-0.843168 , 0.0113169 , 0
-0.844287 , -0.063722 , 0
-0.838006 , -0.138204 , 0
-0.824451 , -0.211479 , 0
-0.803786 , -0.282913 , 0
-0.776216 , -0.351891 , 0
-0.741982 , -0.417813 , 0
-0.701365 , -0.480096 , 0
-0.654683 , -0.538172 , 0
-0.602295 , -0.59149 , 0
-0.544597 , -0.639515 , 0
-0.482033 , -0.681733 , 0
-0.415088 , -0.717646 , 0
-0.344297 , -0.746779 , 0
-0.270246 , -0.768682 , 0
-0.193577 , -0.782935 , 0
-0.114991 , -0.789155 , 0
-0.0352527 , -0.786998 , 0
0.0448085 , -0.776177 , 0
0.124293 , -0.756465 , 0
0.20223 , -0.727716 , 0
0.27758 , -0.689877 , 0
0.349237 , -0.643009 , 0
0.416039 , -0.587308 , 0
0.476777 , -0.523132 , 0
0.530223 , -0.451018 , 0
0.575152 , -0.371711 , 0
0.610388 , -0.28618 , 0
0.634847 , -0.195628 , 0
0.647597 , -0.101491 , 0
0.647918 , -0.00542426 , 0
0.635368 , 0.0907397 , 0
0.60983 , 0.185044 , 0
0.571559 , 0.275488 , 0
0.521192 , 0.360111 , 0
0.459741 , 0.437094 , 0
0.388544 , 0.504843 , 0
0.309207 , 0.562062 , 0
0.223514 , 0.6078 , 0
0.13334 , 0.64147 , 0
0.0405622 , 0.66284 , 0
-0.0530142 , 0.672003 , 0
-0.145713 , 0.669331 , 0
-0.236026 , 0.655422 , 0
-0.322637 , 0.63105 , 0
-0.404427 , 0.597108 , 0
-0.480473 , 0.554566 , 0
-0.550034 , 0.504436 , 0
-0.612534 , 0.447742 , 0
-0.667551 , 0.385497 , 0
-0.714791 , 0.318688 , 0
-0.754072 , 0.248266 , 0
-0.785313 , 0.175138 , 0
-0.808511 , 0.100164 , 0
-0.823736 , 0.0241586 , 0
-0.831115 , -0.0521149 , 0
-0.830825 , -0.127938 , 0
-0.823087 , -0.202636 , 0
-0.808155 , -0.275577 , 0
-0.786317 , -0.346169 , 0
-0.757888 , -0.413854 , 0
-0.723205 , -0.478112 , 0
-0.682632 , -0.538449 , 0
-0.63655 , -0.594406 , 0
-0.585364 , -0.645548 , 0
-0.529497 , -0.691465 , 0
-0.469396 , -0.731773 , 0
-0.405529 , -0.766111 , 0
-0.338389 , -0.794141 , 0
-0.268493 , -0.815548 , 0
-0.196387 , -0.830041 , 0
-0.122652 , -0.837356 , 0
-0.0478975 , -0.837254 , 0
0.0272248 , -0.82953 , 0
0.102024 , -0.814016 , 0
0.175762 , -0.790585 , 0
0.247657 , -0.759161 , 0
0.316871 , -0.719731 , 0
0.382519 , -0.672352 , 0
0.443659 , -0.617173 , 0
0.499305 , -0.554448 , 0
0.548425 , -0.484556 , 0
0.589958 , -0.408029 , 0
0.622836 , -0.32557 , 0
0.646003 , -0.238083 , 0
0.658465 , -0.146689 , 0
0.659332 , -0.0527446 , 0
0.647887 , 0.0421585 , 0
0.623651 , 0.136209 , 0
0.586464 , 0.227417 , 0
0.536546 , 0.31368 , 0
0.474552 , 0.392883 , 0
0.40159 , 0.463014 , 0
0.319194 , 0.522291 , 0
0.229263 , 0.569278 , 0
0.13395 , 0.602975 , 0
0.0355331 , 0.622865 , 0
-0.0637147 , 0.628911 , 0
-0.161648 , 0.621519 , 0
-0.256341 , 0.601455 , 0
-0.34614 , 0.569768 , 0
-0.429697 , 0.527687 , 0
-0.505961 , 0.47655 , 0
-0.574161 , 0.417728 , 0
-0.633776 , 0.352578 , 0
-0.684499 , 0.282405 , 0
-0.726198 , 0.208438 , 0
-0.758888 , 0.131819 , 0
-0.782693 , 0.0535943 , 0
-0.797831 , -0.0252809 , 0
-0.804585 , -0.103943 , 0
-0.803289 , -0.181612 , 0
-0.794315 , -0.257587 , 0
-0.778062 , -0.331236 , 0
-0.754951 , -0.401994 , 0
-0.725412 , -0.469349 , 0
-0.689888 , -0.532843 , 0
-0.648829 , -0.592063 , 0
-0.602686 , -0.646634 , 0
-0.551919 , -0.69622 , 0
-0.496986 , -0.740514 , 0
-0.438354 , -0.779241 , 0
-0.376493 , -0.812149 , 0
-0.311877 , -0.839012 , 0
-0.244991 , -0.859625 , 0
-0.176328 , -0.873805 , 0
-0.106393 , -0.881391 , 0
-0.035708 , -0.882239 , 0
0.0351906 , -0.876232 , 0
0.105744 , -0.863272 , 0
0.175369 , -0.843289 , 0
0.243455 , -0.816241 , 0
0.309361 , -0.782122 , 0
0.37241 , -0.740964 , 0
0.431888 , -0.692849 , 0
0.487039 , -0.637917 , 0
0.537066 , -0.576379 , 0
0.581129 , -0.50853 , 0
0.618349 , -0.434771 , 0
0.647814 , -0.355627 , 0
0.668591 , -0.271775 , 0
0.67975 , -0.184064 , 0
0.680388 , -0.0935516 , 0
0.669677 , -0.00151853 , 0
0.646921 , 0.090507 , 0
0.611631 , 0.180749 , 0
0.563611 , 0.267205 , 0
0.503051 , 0.347697 , 0
0.430612 , 0.419967 , 0
0.347485 , 0.48181 , 0
0.255401 , 0.531241 , 0
0.156569 , 0.566668 , 0
0.0535559 , 0.587041 , 0
-0.0508973 , 0.591942 , 0
-0.154076 , 0.581604 , 0
-0.253479 , 0.556845 , 0
-0.346955 , 0.51895 , 0
-0.432786 , 0.46952 , 0
-0.509701 , 0.410332 , 0
-0.576855 , 0.343207 , 0
-0.633774 , 0.269917 , 0
-0.68029 , 0.192125 , 0
-0.716474 , 0.111345 , 0
-0.742575 , 0.0289317 , 0
-0.758974 , -0.0539245 , 0
-0.766137 , -0.136187 , 0
-0.764586 , -0.216961 , 0
-0.754879 , -0.295476 , 0
-0.737586 , -0.371077 , 0
-0.713284 , -0.4432 , 0
-0.682544 , -0.511367 , 0
-0.645929 , -0.57517 , 0
-0.603988 , -0.634261 , 0
-0.557258 , -0.688345 , 0
-0.506261 , -0.737169 , 0
-0.451506 , -0.780519 , 0
-0.393489 , -0.818211 , 0
-0.332696 , -0.850092 , 0
-0.269604 , -0.876029 , 0
-0.204682 , -0.895914 , 0
-0.138395 , -0.909655 , 0
-0.0712069 , -0.917179 , 0
-0.00358119 , -0.918428 , 0
0.0640151 , -0.913362 , 0
0.131109 , -0.901954 , 0
0.197218 , -0.884197 , 0
0.261847 , -0.860098 , 0
0.324486 , -0.829689 , 0
0.384605 , -0.793021 , 0
0.441651 , -0.750174 , 0
0.495047 , -0.701261 , 0
0.544183 , -0.646434 , 0
0.58842 , -0.585891 , 0
0.627082 , -0.519892 , 0
0.659457 , -0.448764 , 0
0.684797 , -0.372926 , 0
0.702324 , -0.292903 , 0
0.711233 , -0.209348 , 0
0.710712 , -0.123075 , 0
0.699961 , -0.0350835 , 0
0.678232 , 0.053411 , 0
0.644877 , 0.140947 , 0
0.599422 , 0.225799 , 0
0.54166 , 0.30598 , 0
0.471759 , 0.379275 , 0
0.390383 , 0.443317 , 0
0.298785 , 0.495735 , 0
0.19887 , 0.534343 , 0
0.0931555 , 0.557384 , 0
-0.0153585 , 0.563749 , 0
-0.123432 , 0.553144 , 0
-0.227874 , 0.526131 , 0
-0.325826 , 0.484039 , 0
-0.414966 , 0.428775 , 0
-0.493608 , 0.362591 , 0
-0.560701 , 0.287854 , 0
-0.615755 , 0.206869 , 0
-0.658731 , 0.121758 , 0
-0.689928 , 0.0344042 , 0
-0.709874 , -0.0535777 , 0
-0.719244 , -0.140828 , 0
-0.718797 , -0.226223 , 0
-0.709325 , -0.308845 , 0
-0.691626 , -0.387952 , 0
-0.66648 , -0.462947 , 0
-0.634641 , -0.533358 , 0
-0.596827 , -0.59881 , 0
-0.553719 , -0.659011 , 0
-0.50596 , -0.713733 , 0
-0.454159 , -0.762803 , 0
-0.39889 , -0.80609 , 0
-0.340697 , -0.843499 , 0
-0.280096 , -0.874965 , 0
-0.21758 , -0.900444 , 0
-0.153621 , -0.919913 , 0
-0.0886731 , -0.933365 , 0
-0.0231783 , -0.940807 , 0
0.0424336 , -0.942258 , 0
0.10774 , -0.937749 , 0
0.172324 , -0.927321 , 0
0.235769 , -0.911026 , 0
0.297658 , -0.888926 , 0
0.357568 , -0.861097 , 0
0.415071 , -0.827626 , 0
0.469726 , -0.788617 , 0
0.52108 , -0.744192 , 0
0.568661 , -0.694497 , 0
0.611979 , -0.639702 , 0
0.65052 , -0.580012 , 0
0.683742 , -0.515672 , 0
0.711075 , -0.446978 , 0
0.731922 , -0.374285 , 0
0.74565 , -0.298027 , 0
0.751602 , -0.218731 , 0
0.749095 , -0.137039 , 0
0.737435 , -0.0537344 , 0
0.715932 , 0.0302297 , 0
0.683936 , 0.113696 , 0
0.640873 , 0.195272 , 0
0.586321 , 0.273298 , 0
0.520092 , 0.345836 , 0
0.442357 , 0.41068 , 0
0.353781 , 0.465419 , 0
0.255661 , 0.507567 , 0
0.150032 , 0.534776 , 0
0.0396805 , 0.545131 , 0
-0.071987 , 0.537462 , 0
-0.18123 , 0.511593 , 0
-0.284376 , 0.468443 , 0
-0.378223 , 0.409916 , 0
-0.460337 , 0.338613 , 0
-0.529174 , 0.257486 , 0
-0.584033 , 0.169498 , 0
-0.624912 , 0.077393 , 0
-0.652315 , -0.0164436 , 0
-0.667078 , -0.110026 , 0
-0.670217 , -0.201759 , 0
-0.662831 , -0.290393 , 0
-0.646026 , -0.374973 , 0
-0.620873 , -0.454784 , 0
-0.588385 , -0.5293 , 0
-0.549503 , -0.598146 , 0
-0.505097 , -0.661064 , 0
-0.455966 , -0.717885 , 0
-0.402842 , -0.768507 , 0
-0.346396 , -0.812884 , 0
-0.287245 , -0.851007 , 0
-0.22596 , -0.882897 , 0
-0.163067 , -0.9086 , 0
-0.0990592 , -0.928178 , 0
-0.0343972 , -0.941705 , 0
0.0304836 , -0.949268 , 0
0.0951696 , -0.950961 , 0
0.159264 , -0.946883 , 0
0.222386 , -0.937141 , 0
0.284161 , -0.921846 , 0
0.344226 , -0.901115 , 0
0.402219 , -0.875071 , 0
0.45778 , -0.843844 , 0
0.510548 , -0.807572 , 0
0.560156 , -0.766402 , 0
0.60623 , -0.720494 , 0
0.648385 , -0.670025 , 0
0.686226 , -0.615188 , 0
0.719338 , -0.556199 , 0
0.747291 , -0.493307 , 0
0.769632 , -0.426791 , 0
0.785886 , -0.356979 , 0
0.795554 , -0.28425 , 0
0.798111 , -0.209054 , 0
0.793012 , -0.131922 , 0
0.779689 , -0.0534903 , 0
0.757567 , 0.0254805 , 0
0.726077 , 0.104073 , 0
0.684679 , 0.181185 , 0
0.632902 , 0.255491 , 0
0.570407 , 0.325413 , 0
0.497069 , 0.389091 , 0
0.413092 , 0.444386 , 0
0.319159 , 0.488915 , 0
0.216597 , 0.520166 , 0
0.10752 , 0.53571 , 0
-0.00510062 , 0.53352 , 0
-0.117534 , 0.512367 , 0
-0.225603 , 0.472172 , 0
-0.325188 , 0.414187 , 0
-0.412773 , 0.340877 , 0
-0.485861 , 0.255552 , 0
-0.543124 , 0.161857 , 0
-0.584309 , 0.0633186 , 0
-0.609983 , -0.0369559 , 0
-0.62125 , -0.136417 , 0
-0.619499 , -0.233085 , 0
-0.606228 , -0.325487 , 0
-0.582916 , -0.412575 , 0
-0.550965 , -0.49363 , 0
-0.511664 , -0.56819 , 0
-0.466175 , -0.635977 , 0
-0.415543 , -0.696854 , 0
-0.360695 , -0.750782 , 0
-0.30246 , -0.797793 , 0
-0.241577 , -0.837968 , 0
-0.178704 , -0.871424 , 0
-0.114437 , -0.898298 , 0
-0.0493128 , -0.918746 , 0
0.0161803 , -0.93293 , 0
0.0815938 , -0.941021 , 0
0.146513 , -0.943189 , 0
0.210552 , -0.93961 , 0
0.273347 , -0.930457 , 0
0.334555 , -0.915904 , 0
0.393843 , -0.896125 , 0
0.450895 , -0.871295 , 0
0.505399 , -0.84159 , 0
0.557049 , -0.807189 , 0
0.605541 , -0.768272 , 0
0.650571 , -0.725027 , 0
0.69183 , -0.677649 , 0
0.729008 , -0.626342 , 0
0.761782 , -0.571324 , 0
0.789824 , -0.512829 , 0
0.812791 , -0.451111 , 0
0.830326 , -0.386451 , 0
0.842058 , -0.319162 , 0
0.847597 , -0.249598 , 0
0.846536 , -0.178161 , 0
0.83845 , -0.105316 , 0
0.822898 , -0.0316031 , 0
0.799428 , 0.0423458 , 0
0.767584 , 0.115783 , 0
0.72692 , 0.187823 , 0
0.677024 , 0.257411 , 0
0.61755 , 0.323291 , 0
0.548276 , 0.383972 , 0
0.469175 , 0.437703 , 0
0.380529 , 0.482459 , 0
0.283069 , 0.515964 , 0
0.178151 , 0.53579 , 0
0.0679221 , 0.539539 , 0
-0.0445609 , 0.525175 , 0
-0.155385 , 0.491451 , 0
-0.260079 , 0.438357 , 0
-0.354176 , 0.367393 , 0
-0.433901 , 0.281497 , 0
-0.496716 , 0.1846 , 0
-0.541533 , 0.0809766 , 0
-0.568562 , -0.0253513 , 0
-0.578955 , -0.130988 , 0
-0.574413 , -0.233303 , 0
-0.55686 , -0.3304 , 0
-0.528228 , -0.420996 , 0
-0.49033 , -0.504292 , 0
-0.444807 , -0.579842 , 0
-0.393107 , -0.647451 , 0
-0.336494 , -0.707097 , 0
-0.276064 , -0.758877 , 0
-0.212765 , -0.802961 , 0
-0.147421 , -0.839568 , 0
-0.0807461 , -0.868943 , 0
-0.0133674 , -0.891348 , 0
0.0541637 , -0.907049 , 0
0.121358 , -0.916313 , 0
0.187777 , -0.919404 , 0
0.253026 , -0.91658 , 0
0.316743 , -0.908094 , 0
0.378597 , -0.894189 , 0
0.438278 , -0.875107 , 0
0.495495 , -0.85108 , 0
0.549972 , -0.822336 , 0
0.601443 , -0.789103 , 0
0.64965 , -0.751602 , 0
0.694341 , -0.710057 , 0
0.735265 , -0.664692 , 0
0.772173 , -0.615734 , 0
0.804812 , -0.563417 , 0
0.832929 , -0.507982 , 0
0.856262 , -0.449683 , 0
0.874543 , -0.388786 , 0
0.887497 , -0.325579 , 0
0.894836 , -0.260374 , 0
0.896265 , -0.193512 , 0
0.891474 , -0.125372 , 0
0.880143 , -0.0563776 , 0
0.861943 , 0.0129898 , 0
0.836535 , 0.0821806 , 0
0.80358 , 0.150561 , 0
0.762744 , 0.217395 , 0
0.713711 , 0.281822 , 0
0.656207 , 0.342831 , 0
0.590032 , 0.399235 , 0
0.515103 , 0.44964 , 0
0.431532 , 0.492419 , 0
0.339717 , 0.525701 , 0
0.240475 , 0.547393 , 0
0.135208 , 0.555249 , 0
0.0260727 , 0.547042 , 0
-0.083884 , 0.520861 , 0
-0.190732 , 0.475541 , 0
-0.289911 , 0.411146 , 0
-0.376798 , 0.329325 , 0
-0.447461 , 0.233318 , 0
-0.499342 , 0.127497 , 0
-0.531544 , 0.0166237 , 0
-0.544679 , -0.0948832 , 0
-0.54042 , -0.203406 , 0
-0.521006 , -0.306279 , 0
-0.488839 , -0.401721 , 0
-0.446235 , -0.488664 , 0
-0.395291 , -0.566569 , 0
-0.33784 , -0.635262 , 0
-0.275453 , -0.694816 , 0
-0.209457 , -0.745454 , 0
-0.140974 , -0.78749 , 0
-0.0709478 , -0.821291 , 0
-0.000177827 , -0.847245 , 0
0.070658 , -0.865747 , 0
0.14098 , -0.877185 , 0
0.210287 , -0.881939 , 0
0.278144 , -0.880374 , 0
0.344169 , -0.87284 , 0
0.408023 , -0.85967 , 0
0.469401 , -0.841185 , 0
0.528026 , -0.817691 , 0
0.583642 , -0.789481 , 0
0.636014 , -0.75684 , 0
0.684916 , -0.720043 , 0
0.730137 , -0.679357 , 0
0.77147 , -0.635047 , 0
0.808715 , -0.587373 , 0
0.841674 , -0.536596 , 0
0.87015 , -0.482979 , 0
0.893945 , -0.426787 , 0
0.912861 , -0.368297 , 0
0.926694 , -0.307792 , 0
0.935237 , -0.24557 , 0
0.938278 , -0.18195 , 0
0.935599 , -0.117269 , 0
0.926977 , -0.0518974 , 0
0.91218 , 0.0137634 , 0
0.890977 , 0.0792677 , 0
0.863131 , 0.144118 , 0
0.828409 , 0.207755 , 0
0.786583 , 0.269541 , 0
0.737446 , 0.328751 , 0
0.680819 , 0.384546 , 0
0.616577 , 0.435962 , 0
0.544677 , 0.48188 , 0
0.465203 , 0.521007 , 0
0.378426 , 0.551859 , 0
0.284898 , 0.572753 , 0
0.185556 , 0.581828 , 0
0.0818739 , 0.577112 , 0
-0.0239886 , 0.556671 , 0
-0.12906 , 0.51887 , 0
-0.229541 , 0.462762 , 0
-0.321012 , 0.388548 , 0
-0.398939 , 0.297964 , 0
-0.459423 , 0.194359 , 0
-0.499937 , 0.0822967 , 0
-0.519709 , -0.0331981 , 0
-0.519622 , -0.147453 , 0
-0.501733 , -0.256695 , 0
-0.468703 , -0.358241 , 0
-0.42333 , -0.450416 , 0
-0.368251 , -0.532348 , 0
-0.305805 , -0.603736 , 0
-0.237989 , -0.664662 , 0
-0.166471 , -0.715441 , 0
-0.0926271 , -0.756526 , 0
-0.0175915 , -0.788435 , 0
0.0577052 , -0.811714 , 0
0.132496 , -0.826909 , 0
0.206144 , -0.834549 , 0
0.27812 , -0.835141 , 0
0.347977 , -0.829167 , 0
0.415337 , -0.817082 , 0
0.479873 , -0.799311 , 0
0.541304 , -0.776259 , 0
0.599381 , -0.748305 , 0
0.653882 , -0.715811 , 0
0.704607 , -0.67912 , 0
0.751373 , -0.63856 , 0
0.794009 , -0.594448 , 0
0.832354 , -0.547091 , 0
0.866255 , -0.496789 , 0
0.895564 , -0.443838 , 0
0.920134 , -0.388531 , 0
0.939823 , -0.331163 , 0
0.954489 , -0.272032 , 0
0.963987 , -0.211443 , 0
0.968174 , -0.149708 , 0
0.966905 , -0.0871568 , 0
0.960033 , -0.0241326 , 0
0.947409 , 0.0389982 , 0
0.928885 , 0.101843 , 0
0.904313 , 0.163976 , 0
0.873549 , 0.224933 , 0
0.836454 , 0.284202 , 0
0.792903 , 0.341213 , 0
0.742787 , 0.395332 , 0
0.686031 , 0.445843 , 0
0.622599 , 0.491936 , 0
0.552526 , 0.532696 , 0
0.475938 , 0.567079 , 0
0.393099 , 0.593908 , 0
0.304463 , 0.611858 , 0
0.210751 , 0.61946 , 0
0.113048 , 0.615132 , 0
0.0129128 , 0.597242 , 0
-0.0874931 , 0.564247 , 0
-0.185315 , 0.514913 , 0
-0.276996 , 0.448643 , 0
-0.358451 , 0.365878 , 0
-0.425494 , 0.268437 , 0
-0.474495 , 0.159632 , 0
-0.503084 , 0.0439626 , 0
-0.510592 , -0.0735567 , 0
-0.498022 , -0.188202 , 0
-0.467632 , -0.296144 , 0
-0.422341 , -0.394693 , 0
-0.365224 , -0.48225 , 0
-0.299167 , -0.558086 , 0
-0.226707 , -0.622094 , 0
-0.149982 , -0.674569 , 0
-0.0707469 , -0.716044 , 0
0.00957509 , -0.747175 , 0
0.0898402 , -0.768669 , 0
0.169131 , -0.781237 , 0
0.246709 , -0.785573 , 0
0.321981 , -0.782336 , 0
0.394466 , -0.772145 , 0
0.46377 , -0.755579 , 0
0.529571 , -0.733177 , 0
0.5916 , -0.705442 , 0
0.649632 , -0.672843 , 0
0.703475 , -0.635818 , 0
0.752963 , -0.594781 , 0
0.797952 , -0.550123 , 0
0.838315 , -0.502215 , 0
0.873934 , -0.451414 , 0
0.904703 , -0.398064 , 0
0.930523 , -0.3425 , 0
0.951301 , -0.285051 , 0
0.966946 , -0.226042 , 0
0.977372 , -0.165798 , 0
0.982495 , -0.104646 , 0
0.982231 , -0.04292 , 0
0.976499 , 0.0190394 , 0
0.965221 , 0.0808779 , 0
0.94832 , 0.142226 , 0
0.925723 , 0.202693 , 0
0.897363 , 0.261865 , 0
0.86318 , 0.319299 , 0
0.823125 , 0.374514 , 0
0.777165 , 0.426989 , 0
0.725291 , 0.476154 , 0
0.667521 , 0.52138 , 0
0.603919 , 0.561973 , 0
0.534604 , 0.597165 , 0
0.459776 , 0.626099 , 0
0.379741 , 0.647831 , 0
0.294949 , 0.661314 , 0
0.206045 , 0.665409 , 0
0.113927 , 0.658895 , 0
0.019822 , 0.640508 , 0
-0.0746252 , 0.609008 , 0
-0.167272 , 0.563307 , 0
-0.255421 , 0.502654 , 0
-0.33584 , 0.426898 , 0
-0.40492 , 0.336797 , 0
