x , y , z
1 , 0 , 0
0.999853 , 0.00858359 , 0
0.999411 , 0.0171646 , 0
0.998673 , 0.0257406 , 0
0.997641 , 0.034309 , 0
0.996313 , 0.0428672 , 0
0.994689 , 0.0514127 , 0
0.992769 , 0.0599429 , 0
0.990551 , 0.068455 , 0
0.988035 , 0.0769466 , 0
0.985219 , 0.0854149 , 0
0.982104 , 0.0938571 , 0
0.978687 , 0.102271 , 0
0.974967 , 0.110652 , 0
0.970943 , 0.119 , 0
0.966614 , 0.12731 , 0
0.961977 , 0.135579 , 0
0.95703 , 0.143805 , 0
0.951773 , 0.151984 , 0
0.946202 , 0.160113 , 0
0.940316 , 0.168188 , 0
0.934112 , 0.176207 , 0
0.927588 , 0.184165 , 0
0.92074 , 0.192059 , 0
0.913566 , 0.199885 , 0
0.906063 , 0.207639 , 0
0.898227 , 0.215317 , 0
0.890056 , 0.222915 , 0
0.881545 , 0.230427 , 0
0.87269 , 0.237849 , 0
0.863488 , 0.245177 , 0
0.853934 , 0.252405 , 0
0.844024 , 0.259528 , 0
0.833752 , 0.266539 , 0
0.823114 , 0.273433 , 0
0.812105 , 0.280204 , 0
0.800717 , 0.286845 , 0
0.788946 , 0.293348 , 0
0.776786 , 0.299706 , 0
0.764228 , 0.305911 , 0
0.751267 , 0.311955 , 0
0.737895 , 0.317827 , 0
0.724103 , 0.32352 , 0
0.709884 , 0.329021 , 0
0.695228 , 0.334319 , 0
0.680125 , 0.339403 , 0
0.664566 , 0.344259 , 0
0.64854 , 0.348873 , 0
0.632035 , 0.35323 , 0
0.61504 , 0.357313 , 0
0.59754 , 0.361103 , 0
0.579524 , 0.36458 , 0
0.560975 , 0.367722 , 0
0.541879 , 0.370505 , 0
0.522217 , 0.372903 , 0
0.501974 , 0.374884 , 0
0.481129 , 0.376416 , 0
0.459661 , 0.377462 , 0
0.43755 , 0.377978 , 0
0.414772 , 0.377919 , 0
0.391302 , 0.377229 , 0
0.367114 , 0.375846 , 0
0.34218 , 0.3737 , 0
0.31647 , 0.370708 , 0
0.289955 , 0.366772 , 0
0.262604 , 0.361778 , 0
0.234387 , 0.355591 , 0
0.205276 , 0.348047 , 0
0.175247 , 0.338948 , 0
0.144289 , 0.328052 , 0
0.112407 , 0.315055 , 0
0.0796403 , 0.299577 , 0
0.0460853 , 0.281135 , 0
0.0119429 , 0.25911 , 0
-0.0224012 , 0.232709 , 0
-0.0562286 , 0.200941 , 0
-0.0882319 , 0.162654 , 0
-0.116131 , 0.116801 , 0
-0.136371 , 0.0632455 , 0
-0.14478 , 0.00420237 , 0
-0.139146 , -0.0552483 , 0
-0.121292 , -0.109847 , 0
-0.0952803 , -0.157058 , 0
-0.0647388 , -0.196801 , 0
-0.0320517 , -0.230023 , 0
0.00138941 , -0.257833 , 0
0.0348067 , -0.28121 , 0
0.067773 , -0.300944 , 0
0.100059 , -0.317657 , 0
0.131547 , -0.331835 , 0
0.162182 , -0.343863 , 0
0.191948 , -0.354047 , 0
0.220847 , -0.362634 , 0
0.248896 , -0.369825 , 0
0.276118 , -0.375785 , 0
0.302536 , -0.380653 , 0
0.328179 , -0.384546 , 0
0.353074 , -0.387561 , 0
0.377246 , -0.389783 , 0
0.400722 , -0.391286 , 0
0.423526 , -0.392132 , 0
0.44568 , -0.392378 , 0
0.467208 , -0.392071 , 0
0.488128 , -0.391255 , 0
0.508461 , -0.389968 , 0
0.528224 , -0.388244 , 0
0.547435 , -0.386113 , 0
0.566109 , -0.383605 , 0
0.584261 , -0.380743 , 0
0.601905 , -0.37755 , 0
0.619056 , -0.374046 , 0
0.635723 , -0.370252 , 0
0.651921 , -0.366183 , 0
0.667658 , -0.361857 , 0
0.682947 , -0.357286 , 0
0.697796 , -0.352486 , 0
0.712214 , -0.347469 , 0
0.726211 , -0.342245 , 0
0.739794 , -0.336827 , 0
0.752971 , -0.331224 , 0
0.765749 , -0.325445 , 0
0.778136 , -0.3195 , 0
0.790137 , -0.313397 , 0
0.80176 , -0.307143 , 0
0.813009 , -0.300747 , 0
0.82389 , -0.294214 , 0
0.834408 , -0.287552 , 0
0.844569 , -0.280766 , 0
0.854376 , -0.273863 , 0
0.863835 , -0.266849 , 0
0.87295 , -0.259728 , 0
0.881724 , -0.252505 , 0
0.890161 , -0.245187 , 0
0.898265 , -0.237776 , 0
0.906039 , -0.230278 , 0
0.913486 , -0.222697 , 0
0.920609 , -0.215037 , 0
0.927411 , -0.207302 , 0
0.933895 , -0.199496 , 0
0.940062 , -0.191622 , 0
0.945916 , -0.183685 , 0
0.951458 , -0.175686 , 0
0.956691 , -0.167631 , 0
0.961616 , -0.159522 , 0
0.966235 , -0.151362 , 0
0.97055 , -0.143154 , 0
0.974561 , -0.134902 , 0
0.978271 , -0.126608 , 0
0.981681 , -0.118275 , 0
0.984791 , -0.109906 , 0
0.987603 , -0.101504 , 0
0.990118 , -0.0930707 , 0
0.992336 , -0.0846099 , 0
0.994258 , -0.0761239 , 0
0.995884 , -0.0676153 , 0
0.997216 , -0.0590866 , 0
0.998252 , -0.0505405 , 0
0.998994 , -0.0419794 , 0
0.999441 , -0.033406 , 0
0.999594 , -0.0248227 , 0
0.999452 , -0.0162321 , 0
0.999016 , -0.00763676 , 0
0.998284 , 0.000960876 , 0
0.997256 , 0.00955823 , 0
0.995932 , 0.0181527 , 0
0.994311 , 0.0267418 , 0
0.992392 , 0.0353229 , 0
0.990174 , 0.0438934 , 0
0.987657 , 0.0524506 , 0
0.984839 , 0.0609918 , 0
0.981719 , 0.0695143 , 0
0.978295 , 0.0780153 , 0
0.974567 , 0.0864919 , 0
0.970531 , 0.0949414 , 0
0.966188 , 0.103361 , 0
0.961533 , 0.111747 , 0
0.956567 , 0.120097 , 0
0.951286 , 0.128407 , 0
0.945687 , 0.136674 , 0
0.93977 , 0.144896 , 0
0.93353 , 0.153067 , 0
0.926965 , 0.161186 , 0
0.920073 , 0.169247 , 0
0.912849 , 0.177247 , 0
0.90529 , 0.185183 , 0
0.897394 , 0.193049 , 0
0.889155 , 0.200842 , 0
0.88057 , 0.208556 , 0
0.871636 , 0.216188 , 0
0.862346 , 0.223732 , 0
0.852697 , 0.231182 , 0
0.842684 , 0.238534 , 0
0.832301 , 0.245781 , 0
0.821543 , 0.252917 , 0
0.810403 , 0.259936 , 0
0.798876 , 0.26683 , 0
0.786955 , 0.273593 , 0
0.774633 , 0.280216 , 0
0.761903 , 0.286692 , 0
0.748756 , 0.293011 , 0
0.735185 , 0.299164 , 0
0.721181 , 0.305141 , 0
0.706734 , 0.31093 , 0
0.691834 , 0.316521 , 0
0.676472 , 0.321899 , 0
0.660635 , 0.327052 , 0
0.644312 , 0.331964 , 0
0.627491 , 0.33662 , 0
0.610157 , 0.341 , 0
0.592297 , 0.345086 , 0
0.573895 , 0.348857 , 0
0.554934 , 0.352288 , 0
0.535398 , 0.355354 , 0
0.515267 , 0.358024 , 0
0.494522 , 0.360268 , 0
0.473139 , 0.362048 , 0
0.451098 , 0.363324 , 0
0.428372 , 0.364048 , 0
0.404936 , 0.364169 , 0
0.380761 , 0.363625 , 0
0.355817 , 0.362347 , 0
0.330073 , 0.360254 , 0
0.303494 , 0.35725 , 0
0.276048 , 0.353224 , 0
0.247698 , 0.348043 , 0
0.218412 , 0.341546 , 0
0.188159 , 0.333539 , 0
0.15692 , 0.323781 , 0
0.124687 , 0.311974 , 0
0.0914856 , 0.297743 , 0
0.0573919 , 0.280608 , 0
0.0225784 , 0.259954 , 0
-0.0126097 , 0.234988 , 0
-0.0475126 , 0.204707 , 0
-0.0809068 , 0.167925 , 0
-0.110619 , 0.123503 , 0
-0.133179 , 0.0710939 , 0
-0.144331 , 0.0125956 , 0
-0.141496 , -0.0471234 , 0
-0.126089 , -0.102656 , 0
-0.102037 , -0.151149 , 0
-0.0730273 , -0.192299 , 0
-0.0415446 , -0.226936 , 0
-0.00906475 , -0.256128 , 0
0.0235738 , -0.280835 , 0
0.0559019 , -0.301844 , 0
0.0876605 , -0.319779 , 0
0.11871 , -0.335128 , 0
0.148982 , -0.34828 , 0
0.178446 , -0.359543 , 0
0.207096 , -0.369167 , 0
0.234942 , -0.377358 , 0
0.261999 , -0.384282 , 0
0.288289 , -0.39008 , 0
0.313835 , -0.394871 , 0
0.338659 , -0.398755 , 0
0.362787 , -0.401819 , 0
0.386241 , -0.404136 , 0
0.409043 , -0.405771 , 0
0.431215 , -0.406781 , 0
0.452777 , -0.407215 , 0
0.473748 , -0.407118 , 0
0.494146 , -0.406529 , 0
0.513988 , -0.405483 , 0
0.533291 , -0.40401 , 0
0.552068 , -0.40214 , 0
0.570335 , -0.399899 , 0
0.588105 , -0.397308 , 0
0.60539 , -0.39439 , 0
0.622202 , -0.391164 , 0
0.638552 , -0.387647 , 0
0.65445 , -0.383856 , 0
0.669907 , -0.379806 , 0
0.684932 , -0.375511 , 0
0.699533 , -0.370984 , 0
0.713718 , -0.366237 , 0
0.727497 , -0.361281 , 0
0.740875 , -0.356126 , 0
0.75386 , -0.350782 , 0
0.766459 , -0.345258 , 0
0.778677 , -0.339563 , 0
0.790521 , -0.333704 , 0
0.801996 , -0.32769 , 0
0.813108 , -0.321527 , 0
0.823861 , -0.315223 , 0
0.834261 , -0.308783 , 0
0.844311 , -0.302215 , 0
0.854017 , -0.295522 , 0
0.863381 , -0.288712 , 0
0.872408 , -0.281788 , 0
0.881101 , -0.274757 , 0
0.889464 , -0.267623 , 0
0.8975 , -0.260391 , 0
0.905212 , -0.253065 , 0
0.912603 , -0.245648 , 0
0.919675 , -0.238146 , 0
0.92643 , -0.230562 , 0
0.932873 , -0.2229 , 0
0.939003 , -0.215164 , 0
0.944824 , -0.207357 , 0
0.950337 , -0.199482 , 0
0.955545 , -0.191543 , 0
0.960448 , -0.183543 , 0
0.965048 , -0.175485 , 0
0.969347 , -0.167372 , 0
0.973346 , -0.159207 , 0
0.977046 , -0.150994 , 0
0.980448 , -0.142734 , 0
0.983553 , -0.134432 , 0
0.986361 , -0.126088 , 0
0.988874 , -0.117707 , 0
0.991092 , -0.109291 , 0
0.993015 , -0.100843 , 0
0.994644 , -0.092364 , 0
0.995979 , -0.0838582 , 0
0.99702 , -0.0753275 , 0
0.997767 , -0.0667747 , 0
0.998219 , -0.0582022 , 0
0.998378 , -0.0496126 , 0
0.998242 , -0.0410083 , 0
0.997811 , -0.0323919 , 0
0.997084 , -0.0237659 , 0
0.996061 , -0.0151328 , 0
0.994742 , -0.00649522 , 0
0.993124 , 0.0021443 , 0
0.991208 , 0.0107832 , 0
0.988992 , 0.0194188 , 0
0.986474 , 0.0280485 , 0
0.983654 , 0.0366696 , 0
0.98053 , 0.0452794 , 0
0.977101 , 0.053875 , 0
0.973364 , 0.0624537 , 0
0.969319 , 0.0710126 , 0
0.964962 , 0.0795487 , 0
0.960291 , 0.088059 , 0
0.955306 , 0.0965403 , 0
0.950002 , 0.104989 , 0
0.944377 , 0.113403 , 0
0.938429 , 0.121778 , 0
0.932155 , 0.130111 , 0
0.925551 , 0.138397 , 0
0.918614 , 0.146634 , 0
0.911341 , 0.154817 , 0
0.903728 , 0.162942 , 0
0.895771 , 0.171006 , 0
0.887466 , 0.179003 , 0
0.878809 , 0.186928 , 0
0.869794 , 0.194778 , 0
0.860417 , 0.202547 , 0
0.850674 , 0.210229 , 0
0.840557 , 0.21782 , 0
0.830063 , 0.225312 , 0
0.819184 , 0.2327 , 0
0.807913 , 0.239977 , 0
0.796246 , 0.247135 , 0
0.784173 , 0.254168 , 0
0.771687 , 0.261067 , 0
0.758782 , 0.267824 , 0
0.745446 , 0.27443 , 0
0.731673 , 0.280874 , 0
0.717451 , 0.287146 , 0
0.702772 , 0.293235 , 0
0.687623 , 0.299128 , 0
0.671994 , 0.304812 , 0
0.655872 , 0.310272 , 0
0.639243 , 0.315493 , 0
0.622095 , 0.320458 , 0
0.604412 , 0.325146 , 0
0.586178 , 0.329539 , 0
0.567375 , 0.333612 , 0
0.547986 , 0.33734 , 0
0.527991 , 0.340695 , 0
0.507369 , 0.343645 , 0
0.486097 , 0.346155 , 0
0.464151 , 0.348185 , 0
0.441505 , 0.34969 , 0
0.418131 , 0.350618 , 0
0.393998 , 0.35091 , 0
0.369074 , 0.350498 , 0
0.343326 , 0.349303 , 0
0.316716 , 0.347231 , 0
0.289207 , 0.344174 , 0
0.26076 , 0.34 , 0
0.231337 , 0.334553 , 0
0.2009 , 0.32764 , 0
0.16942 , 0.319026 , 0
0.13688 , 0.308418 , 0
0.103291 , 0.295443 , 0
0.0687089 , 0.279629 , 0
0.0332785 , 0.260362 , 0
-0.00269424 , 0.236853 , 0
-0.0386072 , 0.208091 , 0
-0.07332 , 0.17286 , 0
-0.104769 , 0.129934 , 0
-0.129577 , 0.0787729 , 0
-0.143435 , 0.0209541 , 0
-0.143414 , -0.0388921 , 0
-0.130511 , -0.0952449 , 0
-0.108489 , -0.144942 , 0
-0.0810785 , -0.187442 , 0
-0.0508632 , -0.223456 , 0
-0.0194024 , -0.253999 , 0
0.0124042 , -0.280013 , 0
0.0440449 , -0.302279 , 0
0.0752301 , -0.321421 , 0
0.105799 , -0.337928 , 0
0.135666 , -0.352193 , 0
0.164789 , -0.364528 , 0
0.193153 , -0.375184 , 0
0.22076 , -0.384368 , 0
0.24762 , -0.392252 , 0
0.273748 , -0.398978 , 0
0.299165 , -0.404666 , 0
0.323889 , -0.409418 , 0
0.347943 , -0.413322 , 0
0.371347 , -0.416453 , 0
0.39412 , -0.418879 , 0
0.416283 , -0.420655 , 0
0.437854 , -0.421833 , 0
0.458851 , -0.422458 , 0
0.479291 , -0.42257 , 0
0.499189 , -0.422204 , 0
0.518561 , -0.421393 , 0
0.537421 , -0.420166 , 0
0.555781 , -0.418549 , 0
0.573655 , -0.416566 , 0
0.591055 , -0.414238 , 0
0.607992 , -0.411585 , 0
0.624476 , -0.408626 , 0
0.640516 , -0.405377 , 0
0.656124 , -0.401854 , 0
0.671307 , -0.398071 , 0
0.686074 , -0.394041 , 0
0.700433 , -0.389776 , 0
0.71439 , -0.385289 , 0
0.727955 , -0.380589 , 0
0.741132 , -0.375687 , 0
0.753928 , -0.370592 , 0
0.766349 , -0.365313 , 0
0.778402 , -0.359857 , 0
0.790091 , -0.354234 , 0
0.801421 , -0.348449 , 0
0.812397 , -0.342511 , 0
0.823023 , -0.336426 , 0
0.833305 , -0.330199 , 0
0.843246 , -0.323838 , 0
0.852849 , -0.317346 , 0
0.862119 , -0.310731 , 0
0.871059 , -0.303997 , 0
0.879671 , -0.297149 , 0
0.88796 , -0.290191 , 0
0.895928 , -0.283128 , 0
0.903578 , -0.275965 , 0
0.910912 , -0.268705 , 0
0.917932 , -0.261353 , 0
0.924642 , -0.253912 , 0
0.931042 , -0.246387 , 0
0.937135 , -0.23878 , 0
0.942923 , -0.231095 , 0
0.948407 , -0.223336 , 0
0.953588 , -0.215506 , 0
0.95847 , -0.207607 , 0
0.963051 , -0.199644 , 0
0.967334 , -0.191619 , 0
0.97132 , -0.183535 , 0
0.97501 , -0.175396 , 0
0.978404 , -0.167203 , 0
0.981503 , -0.158959 , 0
0.984308 , -0.150668 , 0
0.986819 , -0.142332 , 0
0.989037 , -0.133954 , 0
0.990962 , -0.125536 , 0
0.992593 , -0.11708 , 0
0.993932 , -0.108591 , 0
0.994977 , -0.100069 , 0
0.995729 , -0.0915176 , 0
0.996188 , -0.0829394 , 0
0.996353 , -0.0743366 , 0
0.996223 , -0.065712 , 0
0.995798 , -0.0570678 , 0
0.995078 , -0.0484067 , 0
0.994061 , -0.0397312 , 0
0.992747 , -0.0310438 , 0
0.991133 , -0.0223471 , 0
0.989221 , -0.0136436 , 0
0.987007 , -0.00493592 , 0
0.98449 , 0.00377325 , 0
0.98167 , 0.0124813 , 0
0.978543 , 0.0211854 , 0
0.975109 , 0.0298828 , 0
0.971366 , 0.0385708 , 0
0.967311 , 0.0472464 , 0
0.962942 , 0.0559067 , 0
0.958257 , 0.0645486 , 0
0.953253 , 0.073169 , 0
0.947928 , 0.0817648 , 0
0.942278 , 0.0903326 , 0
0.936301 , 0.098869 , 0
0.929994 , 0.10737 , 0
0.923352 , 0.115833 , 0
0.916373 , 0.124254 , 0
0.909052 , 0.132628 , 0
0.901385 , 0.140952 , 0
0.893369 , 0.149221 , 0
0.884998 , 0.157431 , 0
0.876269 , 0.165577 , 0
0.867175 , 0.173654 , 0
0.857712 , 0.181658 , 0
0.847873 , 0.189582 , 0
0.837654 , 0.19742 , 0
0.827047 , 0.205168 , 0
0.816047 , 0.212817 , 0
0.804645 , 0.220362 , 0
0.792835 , 0.227796 , 0
0.780609 , 0.235109 , 0
0.767958 , 0.242295 , 0
0.754874 , 0.249344 , 0
0.741347 , 0.256247 , 0
0.727367 , 0.262993 , 0
0.712924 , 0.269572 , 0
0.698006 , 0.275971 , 0
0.682602 , 0.282178 , 0
0.666699 , 0.288179 , 0
0.650283 , 0.293958 , 0
0.633339 , 0.299498 , 0
0.615853 , 0.304782 , 0
0.597808 , 0.309789 , 0
0.579185 , 0.314497 , 0
0.559966 , 0.318881 , 0
0.54013 , 0.322914 , 0
0.519655 , 0.326565 , 0
0.498518 , 0.3298 , 0
0.476693 , 0.33258 , 0
0.454153 , 0.33486 , 0
0.430868 , 0.336592 , 0
0.406806 , 0.337716 , 0
0.381932 , 0.338167 , 0
0.356211 , 0.337867 , 0
0.329602 , 0.336726 , 0
0.302065 , 0.334636 , 0
0.273557 , 0.33147 , 0
0.244032 , 0.327073 , 0
0.21345 , 0.321257 , 0
0.181771 , 0.313792 , 0
0.148969 , 0.304387 , 0
0.115039 , 0.292678 , 0
0.0800181 , 0.278195 , 0
0.0440255 , 0.260332 , 0
0.00732796 , 0.2383 , 0
-0.029529 , 0.211086 , 0
-0.0654871 , 0.177448 , 0
-0.0985932 , 0.136081 , 0
-0.125576 , 0.0862625 , 0
-0.142093 , 0.0292549 , 0
-0.144895 , -0.0305765 , 0
-0.134547 , -0.087633 , 0
-0.114621 , -0.138451 , 0
-0.088877 , -0.182242 , 0
-0.0599912 , -0.21959 , 0
-0.0296066 , -0.251452 , 0
0.0013156 , -0.278748 , 0
0.0322199 , -0.302251 , 0
0.0627861 , -0.322582 , 0
0.092831 , -0.340235 , 0
0.122252 , -0.355602 , 0
0.150996 , -0.368997 , 0
0.179037 , -0.380677 , 0
0.20637 , -0.39085 , 0
0.232998 , -0.399689 , 0
0.258933 , -0.407338 , 0
0.284189 , -0.41392 , 0
0.308783 , -0.419538 , 0
0.332734 , -0.424281 , 0
0.356059 , -0.428226 , 0
0.378777 , -0.431441 , 0
0.400905 , -0.433984 , 0
0.422459 , -0.435907 , 0
0.443458 , -0.437256 , 0
0.463915 , -0.438071 , 0
0.483846 , -0.438389 , 0
0.503264 , -0.438243 , 0
0.522184 , -0.437662 , 0
0.540616 , -0.436673 , 0
0.558575 , -0.435301 , 0
0.576069 , -0.433568 , 0
0.593111 , -0.431494 , 0
0.609709 , -0.429097 , 0
0.625875 , -0.426396 , 0
0.641615 , -0.423405 , 0
0.656939 , -0.420139 , 0
0.671855 , -0.416612 , 0
0.68637 , -0.412837 , 0
0.700492 , -0.408825 , 0
0.714226 , -0.404587 , 0
0.72758 , -0.400134 , 0
0.740559 , -0.395474 , 0
0.75317 , -0.390618 , 0
0.765417 , -0.385573 , 0
0.777306 , -0.380348 , 0
0.788841 , -0.37495 , 0
0.800028 , -0.369385 , 0
0.810869 , -0.363662 , 0
0.821371 , -0.357786 , 0
0.831535 , -0.351763 , 0
0.841367 , -0.3456 , 0
0.850869 , -0.339301 , 0
0.860045 , -0.332872 , 0
0.868898 , -0.326318 , 0
0.877431 , -0.319644 , 0
0.885646 , -0.312854 , 0
0.893546 , -0.305953 , 0
0.901133 , -0.298945 , 0
0.908411 , -0.291833 , 0
0.915379 , -0.284623 , 0
0.922042 , -0.277318 , 0
0.9284 , -0.269921 , 0
0.934456 , -0.262436 , 0
0.94021 , -0.254866 , 0
0.945665 , -0.247216 , 0
0.950821 , -0.239487 , 0
0.95568 , -0.231683 , 0
0.960243 , -0.223807 , 0
0.96451 , -0.215863 , 0
0.968483 , -0.207853 , 0
0.972163 , -0.19978 , 0
0.975549 , -0.191646 , 0
0.978643 , -0.183455 , 0
0.981445 , -0.175209 , 0
0.983954 , -0.166912 , 0
0.986172 , -0.158564 , 0
0.988099 , -0.15017 , 0
0.989733 , -0.141732 , 0
0.991076 , -0.133251 , 0
0.992127 , -0.124732 , 0
0.992885 , -0.116175 , 0
0.99335 , -0.107585 , 0
0.993522 , -0.0989622 , 0
0.9934 , -0.0903104 , 0
0.992983 , -0.0816319 , 0
0.992269 , -0.072929 , 0
0.991259 , -0.0642043 , 0
0.989951 , -0.0554603 , 0
0.988344 , -0.0466995 , 0
0.986435 , -0.0379246 , 0
0.984225 , -0.029138 , 0
0.981711 , -0.0203424 , 0
0.978891 , -0.0115404 , 0
0.975764 , -0.00273488 , 0
0.972327 , 0.00607154 , 0
0.968578 , 0.014876 , 0
0.964516 , 0.0236757 , 0
0.960137 , 0.0324675 , 0
0.955439 , 0.0412486 , 0
0.950418 , 0.0500158 , 0
0.945073 , 0.0587659 , 0
0.9394 , 0.0674956 , 0
0.933396 , 0.0762015 , 0
0.927056 , 0.08488 , 0
0.920378 , 0.0935276 , 0
0.913357 , 0.10214 , 0
0.90599 , 0.110714 , 0
0.898271 , 0.119245 , 0
0.890197 , 0.127729 , 0
0.881762 , 0.136161 , 0
0.872961 , 0.144537 , 0
0.863789 , 0.152851 , 0
0.854239 , 0.161098 , 0
0.844307 , 0.169273 , 0
0.833984 , 0.17737 , 0
0.823265 , 0.185383 , 0
0.812143 , 0.193304 , 0
0.800609 , 0.201128 , 0
0.788655 , 0.208846 , 0
0.776274 , 0.216451 , 0
0.763455 , 0.223935 , 0
0.75019 , 0.231287 , 0
0.736467 , 0.238498 , 0
0.722277 , 0.245558 , 0
0.707607 , 0.252454 , 0
0.692446 , 0.259176 , 0
0.67678 , 0.265708 , 0
0.660594 , 0.272036 , 0
0.643875 , 0.278145 , 0
0.626606 , 0.284016 , 0
0.60877 , 0.28963 , 0
0.590348 , 0.294966 , 0
0.571321 , 0.299999 , 0
0.551667 , 0.304703 , 0
0.531363 , 0.309048 , 0
0.510386 , 0.313001 , 0
0.488707 , 0.316524 , 0
0.466299 , 0.319575 , 0
0.443131 , 0.322104 , 0
0.419168 , 0.324056 , 0
0.394374 , 0.325366 , 0
0.368711 , 0.325958 , 0
0.342135 , 0.325745 , 0
0.314604 , 0.324621 , 0
0.286069 , 0.322461 , 0
0.256481 , 0.319114 , 0
0.225792 , 0.314398 , 0
0.193956 , 0.308083 , 0
0.160934 , 0.299887 , 0
0.12671 , 0.289449 , 0
0.0913018 , 0.276307 , 0
0.0548017 , 0.25986 , 0
0.0174394 , 0.239324 , 0
-0.0202949 , 0.213684 , 0
-0.0574244 , 0.181676 , 0
-0.0921073 , 0.141927 , 0
-0.121186 , 0.093543 , 0
-0.14031 , 0.0374748 , 0
-0.145934 , -0.022199 , 0
-0.138187 , -0.0798387 , 0
-0.12042 , -0.13169 , 0
-0.0964081 , -0.176711 , 0
-0.0689127 , -0.215347 , 0
-0.0396605 , -0.248493 , 0
-0.00967463 , -0.277043 , 0
0.020445 , -0.301761 , 0
0.0503469 , -0.323264 , 0
0.0798251 , -0.342046 , 0
0.10876 , -0.358502 , 0
0.137086 , -0.372948 , 0
0.164768 , -0.385643 , 0
0.191791 , -0.396797 , 0
0.218154 , -0.406584 , 0
0.243862 , -0.415152 , 0
0.268927 , -0.422623 , 0
0.293361 , -0.429104 , 0
0.317179 , -0.434684 , 0
0.340398 , -0.439442 , 0
0.363032 , -0.443446 , 0
0.385098 , -0.446755 , 0
0.406611 , -0.449423 , 0
0.427586 , -0.451496 , 0
0.448036 , -0.453016 , 0
0.467976 , -0.454019 , 0
0.487419 , -0.45454 , 0
0.506376 , -0.454608 , 0
0.52486 , -0.454251 , 0
0.542881 , -0.453494 , 0
0.56045 , -0.452359 , 0
0.577577 , -0.450868 , 0
0.594272 , -0.449038 , 0
0.610542 , -0.446888 , 0
0.626397 , -0.444435 , 0
0.641845 , -0.441692 , 0
0.656893 , -0.438674 , 0
0.671548 , -0.435393 , 0
0.685817 , -0.431863 , 0
0.699706 , -0.428093 , 0
0.713221 , -0.424095 , 0
0.726369 , -0.419878 , 0
0.739154 , -0.415451 , 0
0.751582 , -0.410824 , 0
0.763658 , -0.406003 , 0
0.775385 , -0.400998 , 0
0.786769 , -0.395816 , 0
0.797814 , -0.390462 , 0
0.808523 , -0.384944 , 0
0.8189 , -0.379269 , 0
0.828949 , -0.373441 , 0
0.838673 , -0.367467 , 0
0.848074 , -0.361351 , 0
0.857157 , -0.3551 , 0
0.865924 , -0.348718 , 0
0.874377 , -0.342209 , 0
0.882518 , -0.335579 , 0
0.890351 , -0.328831 , 0
0.897876 , -0.32197 , 0
0.905097 , -0.314999 , 0
0.912014 , -0.307923 , 0
0.918631 , -0.300745 , 0
0.924947 , -0.293469 , 0
0.930965 , -0.286099 , 0
0.936687 , -0.278637 , 0
0.942112 , -0.271087 , 0
0.947243 , -0.263452 , 0
0.95208 , -0.255736 , 0
0.956624 , -0.247941 , 0
0.960876 , -0.24007 , 0
0.964837 , -0.232126 , 0
0.968506 , -0.224113 , 0
0.971885 , -0.216032 , 0
0.974974 , -0.207887 , 0
0.977773 , -0.19968 , 0
0.980282 , -0.191413 , 0
0.982501 , -0.18309 , 0
0.984429 , -0.174713 , 0
0.986068 , -0.166285 , 0
0.987416 , -0.157807 , 0
0.988473 , -0.149283 , 0
0.989238 , -0.140715 , 0
0.989711 , -0.132105 , 0
0.989891 , -0.123457 , 0
0.989777 , -0.114771 , 0
0.989368 , -0.106051 , 0
0.988664 , -0.0973001 , 0
0.987662 , -0.0885195 , 0
0.986362 , -0.0797121 , 0
0.984761 , -0.0708805 , 0
0.982859 , -0.0620272 , 0
0.980654 , -0.0531547 , 0
0.978144 , -0.0442658 , 0
0.975326 , -0.0353629 , 0
0.9722 , -0.0264488 , 0
0.968762 , -0.0175262 , 0
0.96501 , -0.00859797 , 0
0.960942 , 0.00033309 , 0
0.956554 , 0.00926404 , 0
0.951845 , 0.0181919 , 0
0.94681 , 0.0271135 , 0
0.941447 , 0.0360257 , 0
0.935752 , 0.0449252 , 0
0.929722 , 0.0538087 , 0
0.923353 , 0.0626724 , 0
0.91664 , 0.0715129 , 0
0.909579 , 0.0803263 , 0
0.902167 , 0.0891086 , 0
0.894398 , 0.0978556 , 0
0.886267 , 0.106563 , 0
0.877768 , 0.115226 , 0
0.868897 , 0.123841 , 0
0.859647 , 0.132401 , 0
0.850012 , 0.140902 , 0
0.839986 , 0.149338 , 0
0.82956 , 0.157703 , 0
0.818729 , 0.165992 , 0
0.807484 , 0.174196 , 0
0.795817 , 0.182309 , 0
0.783718 , 0.190323 , 0
0.77118 , 0.198231 , 0
0.758191 , 0.206022 , 0
0.744741 , 0.213689 , 0
0.73082 , 0.22122 , 0
0.716414 , 0.228605 , 0
0.701513 , 0.235831 , 0
0.686101 , 0.242886 , 0
0.670165 , 0.249755 , 0
0.653689 , 0.256423 , 0
0.636656 , 0.262872 , 0
0.61905 , 0.269085 , 0
0.60085 , 0.27504 , 0
0.582036 , 0.280713 , 0
0.562587 , 0.286081 , 0
0.542478 , 0.291112 , 0
0.521684 , 0.295777 , 0
0.500177 , 0.300037 , 0
0.477928 , 0.303851 , 0
0.454903 , 0.307173 , 0
0.431067 , 0.309947 , 0
0.406382 , 0.31211 , 0
0.380808 , 0.31359 , 0
0.354298 , 0.3143 , 0
0.326806 , 0.314139 , 0
0.298279 , 0.312983 , 0
0.268665 , 0.310686 , 0
0.237908 , 0.307068 , 0
0.205955 , 0.301905 , 0
0.172759 , 0.29492 , 0
0.138287 , 0.285759 , 0
0.102542 , 0.273964 , 0
0.0655891 , 0.258945 , 0
0.0276223 , 0.239922 , 0
-0.0109225 , 0.215878 , 0
-0.0491485 , 0.185536 , 0
-0.0853259 , 0.14746 , 0
-0.116418 , 0.100595 , 0
-0.13809 , 0.045591 , 0
-0.146529 , -0.0137823 , 0
-0.141421 , -0.0718814 , 0
-0.125875 , -0.124675 , 0
-0.103657 , -0.17086 , 0
-0.0776119 , -0.210737 , 0
-0.0495472 , -0.24513 , 0
-0.0205491 , -0.274905 , 0
0.0087382 , -0.300812 , 0
0.037931 , -0.323467 , 0
0.0668001 , -0.343362 , 0
0.0952094 , -0.360893 , 0
0.123079 , -0.376378 , 0
0.150364 , -0.390077 , 0
0.177043 , -0.402202 , 0
0.203107 , -0.412931 , 0
0.228557 , -0.422411 , 0
0.253399 , -0.430767 , 0
0.277642 , -0.438106 , 0
0.3013 , -0.44452 , 0
0.324383 , -0.450088 , 0
0.346907 , -0.454879 , 0
0.368885 , -0.458954 , 0
0.39033 , -0.462366 , 0
0.411256 , -0.465164 , 0
0.431676 , -0.467389 , 0
0.451602 , -0.469078 , 0
0.471046 , -0.470268 , 0
0.490018 , -0.470987 , 0
0.508531 , -0.471264 , 0
0.526595 , -0.471124 , 0
0.544218 , -0.470591 , 0
0.561411 , -0.469685 , 0
0.578181 , -0.468427 , 0
0.594538 , -0.466833 , 0
0.61049 , -0.464921 , 0
0.626043 , -0.462705 , 0
0.641206 , -0.460201 , 0
0.655984 , -0.45742 , 0
0.670384 , -0.454376 , 0
0.684412 , -0.45108 , 0
0.698073 , -0.447543 , 0
0.711374 , -0.443774 , 0
0.72432 , -0.439784 , 0
0.736914 , -0.43558 , 0
0.749162 , -0.431172 , 0
0.761068 , -0.426567 , 0
0.772637 , -0.421772 , 0
0.783872 , -0.416796 , 0
0.794776 , -0.411644 , 0
0.805354 , -0.406322 , 0
0.815609 , -0.400838 , 0
0.825543 , -0.395196 , 0
0.83516 , -0.389402 , 0
0.844462 , -0.383462 , 0
0.853453 , -0.37738 , 0
0.862134 , -0.371161 , 0
0.870508 , -0.36481 , 0
0.878576 , -0.358331 , 0
0.886342 , -0.351728 , 0
0.893806 , -0.345006 , 0
0.90097 , -0.338168 , 0
0.907837 , -0.331218 , 0
0.914407 , -0.32416 , 0
0.920683 , -0.316998 , 0
0.926664 , -0.309734 , 0
0.932352 , -0.302372 , 0
0.937749 , -0.294916 , 0
0.942855 , -0.287369 , 0
0.94767 , -0.279733 , 0
0.952196 , -0.272011 , 0
0.956434 , -0.264207 , 0
0.960382 , -0.256323 , 0
0.964043 , -0.248362 , 0
0.967415 , -0.240327 , 0
0.9705 , -0.232221 , 0
0.973296 , -0.224046 , 0
0.975805 , -0.215804 , 0
0.978026 , -0.207499 , 0
0.979958 , -0.199132 , 0
0.981602 , -0.190707 , 0
0.982956 , -0.182226 , 0
0.98402 , -0.173691 , 0
0.984794 , -0.165104 , 0
0.985276 , -0.156469 , 0
0.985465 , -0.147787 , 0
0.985361 , -0.139061 , 0
0.984963 , -0.130294 , 0
0.984268 , -0.121488 , 0
0.983276 , -0.112644 , 0
0.981985 , -0.103767 , 0
0.980394 , -0.0948576 , 0
0.9785 , -0.0859191 , 0
0.976302 , -0.0769539 , 0
0.973797 , -0.0679646 , 0
0.970984 , -0.0589537 , 0
0.967861 , -0.0499239 , 0
0.964423 , -0.040878 , 0
0.96067 , -0.0318187 , 0
0.956598 , -0.0227489 , 0
0.952204 , -0.0136713 , 0
0.947486 , -0.00458914 , 0
0.942439 , 0.00449464 , 0
0.93706 , 0.0135768 , 0
0.931345 , 0.0226542 , 0
0.925292 , 0.0317232 , 0
0.918894 , 0.0407805 , 0
0.912149 , 0.0498224 , 0
0.905051 , 0.058845 , 0
0.897595 , 0.0678443 , 0
0.889777 , 0.0768163 , 0
0.88159 , 0.0857564 , 0
0.87303 , 0.0946602 , 0
0.86409 , 0.103523 , 0
0.854763 , 0.112339 , 0
0.845044 , 0.121104 , 0
0.834924 , 0.129811 , 0
0.824396 , 0.138455 , 0
0.813452 , 0.147029 , 0
0.802083 , 0.155526 , 0
0.790282 , 0.163939 , 0
0.778037 , 0.172261 , 0
0.765339 , 0.180482 , 0
0.752178 , 0.188593 , 0
0.738541 , 0.196586 , 0
0.724416 , 0.204448 , 0
0.709791 , 0.21217 , 0
0.694651 , 0.219737 , 0
0.678982 , 0.227137 , 0
0.662767 , 0.234355 , 0
0.645991 , 0.241374 , 0
0.628634 , 0.248176 , 0
0.610676 , 0.254741 , 0
0.592098 , 0.261047 , 0
0.572875 , 0.267069 , 0
0.552984 , 0.272779 , 0
0.532398 , 0.278147 , 0
0.511088 , 0.283136 , 0
0.489022 , 0.287707 , 0
0.466168 , 0.291813 , 0
0.442488 , 0.295403 , 0
0.417941 , 0.298414 , 0
0.392486 , 0.300776 , 0
0.366073 , 0.302405 , 0
0.338653 , 0.303202 , 0
0.31017 , 0.303047 , 0
0.280566 , 0.301797 , 0
0.24978 , 0.299275 , 0
0.217752 , 0.295265 , 0
0.184424 , 0.289492 , 0
0.149752 , 0.28161 , 0
0.11372 , 0.27117 , 0
0.0763695 , 0.257586 , 0
0.0378586 , 0.240089 , 0
-0.0014293 , 0.217663 , 0
-0.0406764 , 0.189017 , 0
-0.0782649 , 0.152664 , 0
-0.111285 , 0.1074 , 0
-0.13544 , 0.0535805 , 0
-0.146677 , -0.00534971 , 0
-0.144243 , -0.0637813 , 0
-0.130972 , -0.117421 , 0
-0.11061 , -0.164703 , 0
-0.0860731 , -0.20577 , 0
-0.0592505 , -0.241371 , 0
-0.0312904 , -0.272338 , 0
-0.00288273 , -0.29941 , 0
0.0255566 , -0.323194 , 0
0.0537749 , -0.344184 , 0
0.0816184 , -0.362773 , 0
0.108994 , -0.379284 , 0
0.135847 , -0.393975 , 0
0.162147 , -0.407063 , 0
0.187878 , -0.418724 , 0
0.213037 , -0.429109 , 0
0.237625 , -0.438343 , 0
0.261648 , -0.446536 , 0
0.285115 , -0.453779 , 0
0.308036 , -0.460153 , 0
0.330422 , -0.465729 , 0
0.352285 , -0.470567 , 0
0.373637 , -0.474723 , 0
0.39449 , -0.478244 , 0
0.414854 , -0.481173 , 0
0.434742 , -0.48355 , 0
0.454164 , -0.485408 , 0
0.47313 , -0.48678 , 0
0.491651 , -0.487692 , 0
0.509735 , -0.488172 , 0
0.527392 , -0.488243 , 0
0.54463 , -0.487926 , 0
0.561458 , -0.487241 , 0
0.577883 , -0.486207 , 0
0.593912 , -0.48484 , 0
0.609553 , -0.483156 , 0
0.624813 , -0.481169 , 0
0.639697 , -0.478893 , 0
0.654211 , -0.476341 , 0
0.668362 , -0.473524 , 0
0.682154 , -0.470453 , 0
0.695593 , -0.467138 , 0
0.708683 , -0.463589 , 0
0.72143 , -0.459815 , 0
0.733837 , -0.455825 , 0
0.745908 , -0.451626 , 0
0.757648 , -0.447227 , 0
0.76906 , -0.442634 , 0
0.780148 , -0.437855 , 0
0.790914 , -0.432895 , 0
0.801363 , -0.427761 , 0
0.811496 , -0.422459 , 0
0.821317 , -0.416994 , 0
0.830829 , -0.411372 , 0
0.840033 , -0.405598 , 0
0.848932 , -0.399677 , 0
0.857528 , -0.393613 , 0
0.865824 , -0.387411 , 0
0.87382 , -0.381075 , 0
0.881519 , -0.37461 , 0
0.888923 , -0.368018 , 0
0.896032 , -0.361306 , 0
0.902849 , -0.354475 , 0
0.909374 , -0.347529 , 0
0.915608 , -0.340473 , 0
0.921553 , -0.333309 , 0
0.92721 , -0.32604 , 0
0.932578 , -0.318671 , 0
0.93766 , -0.311203 , 0
0.942455 , -0.30364 , 0
0.946963 , -0.295985 , 0
0.951186 , -0.288241 , 0
0.955124 , -0.28041 , 0
0.958776 , -0.272495 , 0
0.962143 , -0.264499 , 0
0.965224 , -0.256425 , 0
0.96802 , -0.248275 , 0
0.97053 , -0.240052 , 0
0.972754 , -0.231757 , 0
0.974691 , -0.223395 , 0
0.976341 , -0.214966 , 0
0.977702 , -0.206475 , 0
0.978775 , -0.197922 , 0
0.979559 , -0.189311 , 0
0.980051 , -0.180643 , 0
0.980252 , -0.171922 , 0
0.98016 , -0.163149 , 0
0.979773 , -0.154327 , 0
0.979091 , -0.145459 , 0
0.97811 , -0.136547 , 0
0.976831 , -0.127592 , 0
0.97525 , -0.118599 , 0
0.973367 , -0.109568 , 0
0.971178 , -0.100503 , 0
0.968681 , -0.0914067 , 0
0.965875 , -0.0822808 , 0
0.962756 , -0.0731283 , 0
0.959322 , -0.0639518 , 0
0.95557 , -0.0547541 , 0
0.951497 , -0.045538 , 0
0.947099 , -0.0363064 , 0
0.942373 , -0.0270622 , 0
0.937316 , -0.0178085 , 0
0.931924 , -0.00854842 , 0
0.926192 , 0.00071476 , 0
0.920117 , 0.00997768 , 0
0.913694 , 0.0192368 , 0
0.906918 , 0.0284885 , 0
0.899784 , 0.037729 , 0
0.892287 , 0.0469543 , 0
0.884422 , 0.0561601 , 0
0.876182 , 0.0653422 , 0
0.867561 , 0.0744959 , 0
0.858553 , 0.0836163 , 0
0.849151 , 0.0926984 , 0
0.839347 , 0.101737 , 0
0.829135 , 0.110725 , 0
0.818504 , 0.119658 , 0
0.807448 , 0.128529 , 0
0.795956 , 0.13733 , 0
0.784019 , 0.146054 , 0
0.771626 , 0.154694 , 0
0.758767 , 0.16324 , 0
0.745429 , 0.171683 , 0
0.731601 , 0.180013 , 0
0.717268 , 0.188219 , 0
0.702417 , 0.196289 , 0
0.687033 , 0.20421 , 0
0.671099 , 0.211968 , 0
0.654597 , 0.219546 , 0
0.637509 , 0.226927 , 0
0.619815 , 0.234093 , 0
0.601492 , 0.241022 , 0
0.582519 , 0.247689 , 0
0.562868 , 0.254069 , 0
0.542513 , 0.260131 , 0
0.521424 , 0.265841 , 0
0.499568 , 0.27116 , 0
0.476911 , 0.276044 , 0
0.453413 , 0.280441 , 0
0.429034 , 0.284294 , 0
0.403728 , 0.287531 , 0
0.377444 , 0.290073 , 0
0.350129 , 0.291822 , 0
0.321724 , 0.292663 , 0
0.292167 , 0.292456 , 0
0.261391 , 0.291029 , 0
0.229328 , 0.288168 , 0
0.195912 , 0.283608 , 0
0.161087 , 0.277007 , 0
0.124818 , 0.267924 , 0
0.0871248 , 0.255784 , 0
0.0481303 , 0.239823 , 0
0.0081665 , 0.219033 , 0
-0.0320258 , 0.192112 , 0
-0.0709406 , 0.157528 , 0
-0.105801 , 0.113941 , 0
-0.132367 , 0.0614209 , 0
-0.146378 , 0.0030752 , 0
-0.146643 , -0.0555593 , 0
-0.135701 , -0.109948 , 0
-0.117253 , -0.158254 , 0
-0.0942814 , -0.200456 , 0
-0.068754 , -0.237223 , 0
-0.0418817 , -0.26935 , 0
-0.0144 , -0.297558 , 0
0.0132423 , -0.322449 , 0
0.0407684 , -0.344512 , 0
0.0680067 , -0.364144 , 0
0.0948508 , -0.381665 , 0
0.121235 , -0.397336 , 0
0.147121 , -0.411374 , 0
0.172488 , -0.423958 , 0
0.197324 , -0.435239 , 0
0.221627 , -0.445345 , 0
0.245399 , -0.454384 , 0
0.268647 , -0.462451 , 0
0.291376 , -0.469627 , 0
0.313598 , -0.475984 , 0
0.33532 , -0.481583 , 0
0.356553 , -0.486479 , 0
0.377307 , -0.490722 , 0
0.397592 , -0.494356 , 0
0.417419 , -0.497418 , 0
0.436796 , -0.499946 , 0
0.455733 , -0.501969 , 0
0.474239 , -0.503519 , 0
0.492323 , -0.504619 , 0
0.509993 , -0.505296 , 0
0.527257 , -0.505569 , 0
0.544122 , -0.505461 , 0
0.560595 , -0.504989 , 0
0.576684 , -0.50417 , 0
0.592395 , -0.503021 , 0
0.607734 , -0.501556 , 0
0.622706 , -0.499789 , 0
0.637318 , -0.497732 , 0
0.651575 , -0.495399 , 0
0.665482 , -0.492798 , 0
0.679044 , -0.489943 , 0
0.692264 , -0.486841 , 0
0.705148 , -0.483502 , 0
0.7177 , -0.479936 , 0
0.729922 , -0.476149 , 0
0.74182 , -0.472151 , 0
0.753397 , -0.467948 , 0
0.764655 , -0.463547 , 0
0.775597 , -0.458956 , 0
0.786228 , -0.454179 , 0
0.796549 , -0.449224 , 0
0.806563 , -0.444095 , 0
0.816272 , -0.438799 , 0
0.82568 , -0.433341 , 0
0.834787 , -0.427725 , 0
0.843596 , -0.421956 , 0
0.852109 , -0.416039 , 0
0.860327 , -0.409978 , 0
0.868252 , -0.403778 , 0
0.875886 , -0.397442 , 0
0.88323 , -0.390974 , 0
0.890285 , -0.384379 , 0
0.897052 , -0.377659 , 0
0.903533 , -0.370819 , 0
0.909727 , -0.363861 , 0
0.915637 , -0.356789 , 0
0.921262 , -0.349607 , 0
0.926604 , -0.342317 , 0
0.931662 , -0.334922 , 0
0.936437 , -0.327425 , 0
0.94093 , -0.31983 , 0
0.94514 , -0.312138 , 0
0.949067 , -0.304354 , 0
0.952712 , -0.296478 , 0
0.956074 , -0.288515 , 0
0.959154 , -0.280466 , 0
0.96195 , -0.272335 , 0
0.964463 , -0.264123 , 0
0.966691 , -0.255834 , 0
0.968634 , -0.247468 , 0
0.970292 , -0.23903 , 0
0.971663 , -0.230522 , 0
0.972747 , -0.221945 , 0
0.973541 , -0.213302 , 0
0.974047 , -0.204596 , 0
0.974261 , -0.195829 , 0
0.974182 , -0.187003 , 0
0.973809 , -0.17812 , 0
0.973141 , -0.169183 , 0
0.972174 , -0.160195 , 0
0.970909 , -0.151157 , 0
0.969341 , -0.142072 , 0
0.96747 , -0.132943 , 0
0.965293 , -0.123771 , 0
0.962807 , -0.11456 , 0
0.96001 , -0.105312 , 0
0.956898 , -0.09603 , 0
0.95347 , -0.0867157 , 0
0.949721 , -0.0773723 , 0
0.945649 , -0.0680025 , 0
0.94125 , -0.0586093 , 0
0.93652 , -0.0491954 , 0
0.931456 , -0.039764 , 0
0.926053 , -0.0303181 , 0
0.920306 , -0.0208609 , 0
0.914212 , -0.0113959 , 0
0.907766 , -0.00192651 , 0
0.900962 , 0.00754365 , 0
0.893794 , 0.0170108 , 0
0.886259 , 0.0264709 , 0
0.878348 , 0.0359198 , 0
0.870056 , 0.0453531 , 0
0.861377 , 0.0547663 , 0
0.852303 , 0.0641543 , 0
0.842826 , 0.073512 , 0
0.832939 , 0.082834 , 0
0.822634 , 0.0921143 , 0
0.811901 , 0.101347 , 0
0.800732 , 0.110525 , 0
0.789115 , 0.119641 , 0
0.777042 , 0.128688 , 0
0.764499 , 0.137657 , 0
0.751476 , 0.14654 , 0
0.73796 , 0.155327 , 0
0.723936 , 0.164006 , 0
0.709391 , 0.172568 , 0
0.694308 , 0.180999 , 0
0.678671 , 0.189285 , 0
0.662463 , 0.197412 , 0
0.645664 , 0.205363 , 0
0.628252 , 0.21312 , 0
0.610207 , 0.220661 , 0
0.591503 , 0.227964 , 0
0.572115 , 0.235003 , 0
0.552015 , 0.24175 , 0
0.531171 , 0.248171 , 0
0.50955 , 0.254229 , 0
0.487116 , 0.259882 , 0
0.463829 , 0.265079 , 0
0.439645 , 0.269764 , 0
0.414518 , 0.27387 , 0
0.388394 , 0.277317 , 0
0.361217 , 0.280013 , 0
0.332925 , 0.281844 , 0
0.303451 , 0.282675 , 0
0.272723 , 0.282337 , 0
0.240666 , 0.280624 , 0
0.207205 , 0.277274 , 0
0.172272 , 0.271953 , 0
0.135818 , 0.264231 , 0
0.0978365 , 0.253538 , 0
0.0584188 , 0.239123 , 0
0.0178467 , 0.219983 , 0
-0.0232147 , 0.194813 , 0
-0.06337 , 0.162039 , 0
-0.0999796 , 0.120199 , 0
-0.128879 , 0.0690899 , 0
-0.145632 , 0.0114688 , 0
-0.148617 , -0.0472366 , 0
-0.140052 , -0.102271 , 0
-0.123573 , -0.151526 , 0
-0.102222 , -0.194807 , 0
-0.0780418 , -0.232696 , 0
-0.052306 , -0.265947 , 0
-0.0257959 , -0.295261 , 0
0.00100613 , -0.321234 , 0
0.0277992 , -0.34435 , 0
0.0543936 , -0.365005 , 0
0.0806691 , -0.383519 , 0
0.10655 , -0.400156 , 0
0.131988 , -0.415132 , 0
0.156955 , -0.428628 , 0
0.181437 , -0.440796 , 0
0.205424 , -0.451765 , 0
0.228917 , -0.461644 , 0
0.251916 , -0.470528 , 0
0.274427 , -0.478501 , 0
0.296456 , -0.485634 , 0
0.318011 , -0.491989 , 0
0.339099 , -0.497623 , 0
0.35973 , -0.502586 , 0
0.379912 , -0.506921 , 0
0.399653 , -0.510668 , 0
0.418963 , -0.513864 , 0
0.437848 , -0.51654 , 0
0.456319 , -0.518726 , 0
0.474381 , -0.520448 , 0
0.492043 , -0.521731 , 0
0.509312 , -0.522597 , 0
0.526194 , -0.523066 , 0
0.542697 , -0.523158 , 0
0.558827 , -0.522891 , 0
0.574589 , -0.522279 , 0
0.589989 , -0.521339 , 0
0.605033 , -0.520084 , 0
0.619726 , -0.518527 , 0
0.634073 , -0.51668 , 0
0.648078 , -0.514555 , 0
0.661747 , -0.512163 , 0
0.675082 , -0.509513 , 0
0.688089 , -0.506614 , 0
0.70077 , -0.503477 , 0
0.71313 , -0.500108 , 0
0.725172 , -0.496517 , 0
0.736899 , -0.49271 , 0
0.748315 , -0.488694 , 0
0.759421 , -0.484477 , 0
0.770222 , -0.480064 , 0
0.780718 , -0.475462 , 0
0.790914 , -0.470677 , 0
0.80081 , -0.465713 , 0
0.81041 , -0.460577 , 0
0.819715 , -0.455274 , 0
0.828726 , -0.449808 , 0
0.837447 , -0.444183 , 0
0.845877 , -0.438405 , 0
0.85402 , -0.432478 , 0
0.861875 , -0.426405 , 0
0.869445 , -0.420191 , 0
0.87673 , -0.413839 , 0
0.883732 , -0.407354 , 0
0.890451 , -0.400738 , 0
0.896888 , -0.393995 , 0
0.903044 , -0.387129 , 0
0.908919 , -0.380143 , 0
0.914515 , -0.373039 , 0
0.91983 , -0.365821 , 0
0.924866 , -0.358492 , 0
0.929623 , -0.351055 , 0
0.934101 , -0.343513 , 0
0.938299 , -0.335868 , 0
0.942218 , -0.328122 , 0
0.945857 , -0.32028 , 0
0.949217 , -0.312342 , 0
0.952296 , -0.304313 , 0
0.955094 , -0.296193 , 0
0.957611 , -0.287987 , 0
0.959845 , -0.279695 , 0
0.961797 , -0.271321 , 0
0.963464 , -0.262867 , 0
0.964847 , -0.254335 , 0
0.965943 , -0.245728 , 0
0.966751 , -0.237047 , 0
0.967271 , -0.228296 , 0
0.9675 , -0.219476 , 0
0.967438 , -0.21059 , 0
0.967081 , -0.20164 , 0
0.966429 , -0.192628 , 0
0.965479 , -0.183557 , 0
0.96423 , -0.174429 , 0
0.962678 , -0.165246 , 0
0.960822 , -0.156011 , 0
0.958659 , -0.146726 , 0
0.956187 , -0.137394 , 0
0.953401 , -0.128017 , 0
0.9503 , -0.118598 , 0
0.94688 , -0.109138 , 0
0.943138 , -0.0996419 , 0
0.93907 , -0.090111 , 0
0.934673 , -0.0805485 , 0
0.929942 , -0.0709573 , 0
0.924872 , -0.0613403 , 0
0.919461 , -0.0517005 , 0
0.913703 , -0.0420413 , 0
0.907593 , -0.0323659 , 0
0.901125 , -0.0226777 , 0
0.894296 , -0.0129804 , 0
0.887097 , -0.00327778 , 0
0.879525 , 0.00642624 , 0
0.871571 , 0.0161275 , 0
0.863229 , 0.0258215 , 0
0.854493 , 0.0355038 , 0
0.845354 , 0.0451693 , 0
0.835804 , 0.0548129 , 0
0.825836 , 0.064429 , 0
0.815438 , 0.0740116 , 0
0.804604 , 0.0835546 , 0
0.793321 , 0.093051 , 0
0.781579 , 0.102494 , 0
0.769367 , 0.111875 , 0
0.756673 , 0.121185 , 0
0.743483 , 0.130417 , 0
0.729784 , 0.139559 , 0
0.71556 , 0.148601 , 0
0.700796 , 0.15753 , 0
0.685475 , 0.166334 , 0
0.669578 , 0.174999 , 0
0.653086 , 0.183508 , 0
0.635977 , 0.191844 , 0
0.618229 , 0.199987 , 0
0.599817 , 0.207915 , 0
0.580714 , 0.215604 , 0
0.56089 , 0.223025 , 0
0.540315 , 0.230147 , 0
0.518954 , 0.236935 , 0
0.49677 , 0.243346 , 0
0.47372 , 0.249334 , 0
0.44976 , 0.254843 , 0
0.424841 , 0.259808 , 0
0.398908 , 0.264153 , 0
0.371901 , 0.267787 , 0
0.343756 , 0.270601 , 0
0.314401 , 0.272463 , 0
0.283758 , 0.27321 , 0
0.251748 , 0.272639 , 0
0.218286 , 0.270496 , 0
0.183292 , 0.266455 , 0
0.146701 , 0.260092 , 0
0.108486 , 0.250851 , 0
0.0687057 , 0.237988 , 0
0.0275927 , 0.22051 , 0
-0.0142613 , 0.197111 , 0
-0.0555707 , 0.166186 , 0
-0.0938364 , 0.126159 , 0
-0.124987 , 0.0765658 , 0
-0.144441 , 0.0198072 , 0
-0.150158 , -0.0388351 , 0
-0.144014 , -0.0944098 , 0
-0.129558 , -0.144536 , 0
-0.109881 , -0.188837 , 0
-0.0870985 , -0.227801 , 0
-0.0625467 , -0.262138 , 0
-0.0370532 , -0.292527 , 0
-0.0111337 , -0.319554 , 0
0.0148862 , -0.3437 , 0
0.0407983 , -0.365358 , 0
0.0664685 , -0.384849 , 0
0.0918097 , -0.402436 , 0
0.116766 , -0.418336 , 0
0.141303 , -0.432732 , 0
0.165398 , -0.445776 , 0
0.18904 , -0.457597 , 0
0.212222 , -0.468308 , 0
0.234945 , -0.478003 , 0
0.257209 , -0.486765 , 0
0.279019 , -0.494668 , 0
0.30038 , -0.501775 , 0
0.321298 , -0.508143 , 0
0.341781 , -0.513822 , 0
0.361835 , -0.518856 , 0
0.381467 , -0.523286 , 0
0.400686 , -0.527148 , 0
0.419498 , -0.530475 , 0
0.43791 , -0.533297 , 0
0.45593 , -0.53564 , 0
0.473563 , -0.53753 , 0
0.490817 , -0.538989 , 0
0.507697 , -0.540038 , 0
0.52421 , -0.540696 , 0
0.540362 , -0.540981 , 0
0.556157 , -0.540909 , 0
0.571601 , -0.540496 , 0
0.586699 , -0.539755 , 0
0.601456 , -0.538701 , 0
0.615876 , -0.537345 , 0
0.629963 , -0.535699 , 0
0.643722 , -0.533774 , 0
0.657157 , -0.53158 , 0
0.670271 , -0.529127 , 0
0.683068 , -0.526423 , 0
0.695551 , -0.523477 , 0
0.707724 , -0.520297 , 0
0.719588 , -0.516891 , 0
0.731148 , -0.513266 , 0
0.742406 , -0.509429 , 0
0.753363 , -0.505386 , 0
0.764023 , -0.501144 , 0
0.774389 , -0.496708 , 0
0.784461 , -0.492084 , 0
0.794241 , -0.487277 , 0
0.803733 , -0.482293 , 0
0.812937 , -0.477137 , 0
0.821855 , -0.471812 , 0
0.830488 , -0.466324 , 0
0.838838 , -0.460677 , 0
0.846906 , -0.454875 , 0
0.854693 , -0.448922 , 0
0.8622 , -0.442823 , 0
0.869428 , -0.436579 , 0
0.876378 , -0.430197 , 0
0.88305 , -0.423677 , 0
0.889445 , -0.417025 , 0
0.895564 , -0.410244 , 0
0.901407 , -0.403336 , 0
0.906974 , -0.396304 , 0
0.912265 , -0.389152 , 0
0.91728 , -0.381882 , 0
0.92202 , -0.374498 , 0
0.926484 , -0.367002 , 0
0.930672 , -0.359396 , 0
0.934585 , -0.351684 , 0
0.93822 , -0.343867 , 0
0.941578 , -0.335949 , 0
0.944659 , -0.327932 , 0
0.947461 , -0.319819 , 0
0.949984 , -0.311611 , 0
0.952227 , -0.303311 , 0
0.954188 , -0.294922 , 0
0.955868 , -0.286445 , 0
0.957263 , -0.277883 , 0
0.958374 , -0.269239 , 0
0.959199 , -0.260514 , 0
0.959736 , -0.251711 , 0
0.959983 , -0.242832 , 0
0.959939 , -0.23388 , 0
0.959601 , -0.224856 , 0
0.958968 , -0.215763 , 0
0.958038 , -0.206602 , 0
0.956807 , -0.197377 , 0
0.955274 , -0.18809 , 0
0.953436 , -0.178743 , 0
0.951291 , -0.169338 , 0
0.948834 , -0.159877 , 0
0.946064 , -0.150364 , 0
0.942976 , -0.1408 , 0
0.939568 , -0.131189 , 0
0.935835 , -0.121532 , 0
0.931774 , -0.111832 , 0
0.927381 , -0.102093 , 0
0.922652 , -0.0923168 , 0
0.917581 , -0.0825063 , 0
0.912165 , -0.0726647 , 0
0.906398 , -0.0627951 , 0
0.900274 , -0.0529009 , 0
0.893789 , -0.0429854 , 0
0.886936 , -0.0330522 , 0
0.87971 , -0.0231051 , 0
0.872103 , -0.013148 , 0
0.864108 , -0.00318509 , 0
0.855719 , 0.00677929 , 0
0.846927 , 0.0167405 , 0
0.837725 , 0.0266936 , 0
0.828104 , 0.0366333 , 0
0.818054 , 0.0465541 , 0
0.807565 , 0.0564499 , 0
0.796628 , 0.0663143 , 0
0.785232 , 0.0761406 , 0
0.773364 , 0.0859211 , 0
0.761013 , 0.0956478 , 0
0.748164 , 0.105312 , 0
0.734804 , 0.114904 , 0
0.720918 , 0.124414 , 0
0.706489 , 0.133831 , 0
0.6915 , 0.143141 , 0
0.675932 , 0.152332 , 0
0.659766 , 0.161387 , 0
0.642979 , 0.170291 , 0
0.625548 , 0.179024 , 0
0.607448 , 0.187566 , 0
0.588651 , 0.195892 , 0
0.569127 , 0.203977 , 0
0.548845 , 0.21179 , 0
0.527768 , 0.219296 , 0
0.505858 , 0.226456 , 0
0.483072 , 0.233224 , 0
0.459363 , 0.239546 , 0
0.434682 , 0.245361 , 0
0.40897 , 0.250595 , 0
0.382166 , 0.255159 , 0
0.354201 , 0.258948 , 0
0.325 , 0.261833 , 0
0.294481 , 0.263658 , 0
0.262558 , 0.264224 , 0
0.229137 , 0.263283 , 0
0.194128 , 0.260517 , 0
0.15745 , 0.255513 , 0
0.119056 , 0.247723 , 0
0.0789726 , 0.236417 , 0
0.0373859 , 0.220611 , 0
-0.00518426 , 0.199002 , 0
-0.0475607 , 0.169959 , 0
-0.0873875 , 0.131804 , 0
-0.120702 , 0.0838278 , 0
-0.142809 , 0.028067 , 0
-0.151263 , -0.0303769 , 0
-0.147578 , -0.086383 , 0
-0.135196 , -0.137298 , 0
-0.117244 , -0.182557 , 0
-0.095909 , -0.222548 , 0
-0.0725879 , -0.257931 , 0
-0.0481547 , -0.289362 , 0
-0.0231593 , -0.317415 , 0
0.00204784 , -0.342565 , 0
0.02724 , -0.365205 , 0
0.0522686 , -0.385653 , 0
0.077036 , -0.404173 , 0
0.101477 , -0.420983 , 0
0.12555 , -0.436266 , 0
0.149228 , -0.450174 , 0
0.172493 , -0.462838 , 0
0.195337 , -0.47437 , 0
0.217754 , -0.484867 , 0
0.239744 , -0.494412 , 0
0.261308 , -0.503079 , 0
0.282449 , -0.510932 , 0
0.303172 , -0.518029 , 0
0.323481 , -0.524419 , 0
0.343383 , -0.530149 , 0
0.362884 , -0.535259 , 0
0.381989 , -0.539785 , 0
0.400705 , -0.543761 , 0
0.419037 , -0.547217 , 0
0.436992 , -0.550181 , 0
0.454576 , -0.552677 , 0
0.471795 , -0.554729 , 0
0.488653 , -0.556357 , 0
0.505157 , -0.557582 , 0
0.521311 , -0.55842 , 0
0.537121 , -0.55889 , 0
0.55259 , -0.559006 , 0
0.567725 , -0.558783 , 0
0.582528 , -0.558234 , 0
0.597005 , -0.557371 , 0
0.611158 , -0.556207 , 0
0.624993 , -0.554753 , 0
0.638511 , -0.553019 , 0
0.651718 , -0.551014 , 0
0.664615 , -0.548748 , 0
0.677207 , -0.546229 , 0
0.689496 , -0.543466 , 0
0.701484 , -0.540466 , 0
0.713174 , -0.537237 , 0
0.72457 , -0.533785 , 0
0.735672 , -0.530118 , 0
0.746484 , -0.526241 , 0
0.757006 , -0.52216 , 0
0.767242 , -0.517882 , 0
0.777193 , -0.513411 , 0
0.786861 , -0.508753 , 0
0.796246 , -0.503913 , 0
0.805351 , -0.498895 , 0
0.814177 , -0.493704 , 0
0.822725 , -0.488345 , 0
0.830996 , -0.482821 , 0
0.838992 , -0.477137 , 0
0.846712 , -0.471297 , 0
0.854158 , -0.465304 , 0
0.86133 , -0.459162 , 0
0.86823 , -0.452875 , 0
0.874857 , -0.446445 , 0
0.881212 , -0.439877 , 0
0.887295 , -0.433172 , 0
0.893106 , -0.426336 , 0
0.898646 , -0.419369 , 0
0.903915 , -0.412276 , 0
0.908911 , -0.405059 , 0
0.913636 , -0.397721 , 0
0.918089 , -0.390264 , 0
0.922269 , -0.382692 , 0
0.926176 , -0.375006 , 0
0.929809 , -0.367209 , 0
0.933168 , -0.359304 , 0
0.936253 , -0.351294 , 0
0.939061 , -0.343179 , 0
0.941592 , -0.334964 , 0
0.943845 , -0.326649 , 0
0.945819 , -0.318238 , 0
0.947513 , -0.309733 , 0
0.948925 , -0.301135 , 0
0.950053 , -0.292448 , 0
0.950896 , -0.283672 , 0
0.951453 , -0.274811 , 0
0.951721 , -0.265867 , 0
0.951698 , -0.256842 , 0
0.951382 , -0.247737 , 0
0.950771 , -0.238556 , 0
0.949863 , -0.2293 , 0
0.948654 , -0.219972 , 0
0.947143 , -0.210573 , 0
0.945327 , -0.201107 , 0
0.943201 , -0.191575 , 0
0.940764 , -0.181979 , 0
0.938012 , -0.172323 , 0
0.934941 , -0.162608 , 0
0.931548 , -0.152837 , 0
0.927828 , -0.143012 , 0
0.923778 , -0.133136 , 0
0.919393 , -0.123213 , 0
0.914668 , -0.113243 , 0
0.9096 , -0.103231 , 0
0.904181 , -0.0931798 , 0
0.898408 , -0.0830917 , 0
0.892275 , -0.0729702 , 0
0.885775 , -0.0628187 , 0
0.878902 , -0.0526408 , 0
0.871649 , -0.0424402 , 0
0.864011 , -0.0322207 , 0
0.855978 , -0.0219866 , 0
0.847543 , -0.0117421 , 0
0.838698 , -0.00149196 , 0
0.829435 , 0.00875893 , 0
0.819743 , 0.0190053 , 0
0.809612 , 0.0292415 , 0
0.799033 , 0.0394615 , 0
0.787994 , 0.0496588 , 0
0.776483 , 0.0598264 , 0
0.764488 , 0.0699566 , 0
0.751995 , 0.0800412 , 0
0.738989 , 0.0900714 , 0
0.725456 , 0.100037 , 0
0.711378 , 0.109928 , 0
0.696738 , 0.119732 , 0
0.681517 , 0.129436 , 0
0.665694 , 0.139025 , 0
0.649247 , 0.148485 , 0
0.632153 , 0.157796 , 0
0.614385 , 0.166939 , 0
0.595915 , 0.175892 , 0
0.576714 , 0.184628 , 0
0.556746 , 0.19312 , 0
0.535978 , 0.201333 , 0
0.514367 , 0.20923 , 0
0.491871 , 0.216767 , 0
0.468442 , 0.223893 , 0
0.444026 , 0.230547 , 0
0.418565 , 0.236658 , 0
0.391995 , 0.242143 , 0
0.364244 , 0.246897 , 0
0.335233 , 0.250798 , 0
0.304875 , 0.253691 , 0
0.273078 , 0.255387 , 0
0.23974 , 0.255642 , 0
0.204761 , 0.254147 , 0
0.168047 , 0.250497 , 0
0.129528 , 0.244158 , 0
0.089201 , 0.23441 , 0
0.0472078 , 0.220284 , 0
0.00399776 , 0.20048 , 0
-0.0393584 , 0.173348 , 0
-0.0806495 , 0.137121 , 0
-0.116036 , 0.0908555 , 0
-0.14074 , 0.0362248 , 0
-0.151929 , -0.0218843 , 0
-0.150738 , -0.07821 , 0
-0.140476 , -0.129829 , 0
-0.124299 , -0.175982 , 0
-0.104459 , -0.216948 , 0
-0.0824136 , -0.253335 , 0
-0.0590837 , -0.285773 , 0
-0.0350531 , -0.314822 , 0
-0.0106976 , -0.340951 , 0
0.0137374 , -0.364549 , 0
0.038089 , -0.385935 , 0
0.0622482 , -0.40537 , 0
0.0861414 , -0.423073 , 0
0.109719 , -0.439227 , 0
0.132948 , -0.453987 , 0
0.155808 , -0.467482 , 0
0.178283 , -0.479826 , 0
0.200367 , -0.491115 , 0
0.222055 , -0.501434 , 0
0.243346 , -0.510858 , 0
0.264241 , -0.519451 , 0
0.284743 , -0.52727 , 0
0.304855 , -0.534367 , 0
0.324581 , -0.540787 , 0
0.343926 , -0.546573 , 0
0.362894 , -0.55176 , 0
0.381491 , -0.556383 , 0
0.399722 , -0.560472 , 0
0.417592 , -0.564054 , 0
0.435106 , -0.567155 , 0
0.452269 , -0.569799 , 0
0.469085 , -0.572007 , 0
0.48556 , -0.573798 , 0
0.501698 , -0.575191 , 0
0.517504 , -0.576203 , 0
0.532981 , -0.576849 , 0
0.548134 , -0.577145 , 0
0.562967 , -0.577103 , 0
0.577483 , -0.576736 , 0
0.591686 , -0.576057 , 0
0.605579 , -0.575076 , 0
0.619166 , -0.573805 , 0
0.63245 , -0.572252 , 0
0.645433 , -0.570427 , 0
0.658118 , -0.56834 , 0
0.670509 , -0.565998 , 0
0.682607 , -0.563408 , 0
0.694415 , -0.56058 , 0
0.705935 , -0.557518 , 0
0.717169 , -0.554232 , 0
0.72812 , -0.550725 , 0
0.738788 , -0.547006 , 0
0.749176 , -0.543079 , 0
0.759285 , -0.53895 , 0
0.769117 , -0.534624 , 0
0.778674 , -0.530106 , 0
0.787955 , -0.525402 , 0
0.796964 , -0.520515 , 0
0.8057 , -0.51545 , 0
0.814165 , -0.510212 , 0
0.822359 , -0.504804 , 0
0.830283 , -0.499231 , 0
0.837939 , -0.493496 , 0
0.845325 , -0.487602 , 0
0.852444 , -0.481555 , 0
0.859295 , -0.475355 , 0
0.865879 , -0.469008 , 0
0.872195 , -0.462516 , 0
0.878245 , -0.455883 , 0
0.884027 , -0.449111 , 0
0.889542 , -0.442203 , 0
0.894789 , -0.435162 , 0
0.899769 , -0.427991 , 0
0.904481 , -0.420692 , 0
0.908924 , -0.413269 , 0
0.913098 , -0.405723 , 0
0.917002 , -0.398057 , 0
0.920636 , -0.390274 , 0
0.923998 , -0.382376 , 0
0.927088 , -0.374365 , 0
0.929905 , -0.366244 , 0
0.932447 , -0.358015 , 0
0.934713 , -0.349679 , 0
0.936703 , -0.34124 , 0
0.938413 , -0.3327 , 0
0.939844 , -0.32406 , 0
0.940992 , -0.315323 , 0
0.941857 , -0.306491 , 0
0.942436 , -0.297566 , 0
0.942727 , -0.28855 , 0
0.942729 , -0.279446 , 0
0.942438 , -0.270254 , 0
0.941853 , -0.260979 , 0
0.94097 , -0.25162 , 0
0.939787 , -0.242182 , 0
0.938301 , -0.232666 , 0
0.936509 , -0.223073 , 0
0.934407 , -0.213407 , 0
0.931993 , -0.20367 , 0
0.929263 , -0.193863 , 0
0.926212 , -0.18399 , 0
0.922837 , -0.174052 , 0
0.919134 , -0.164052 , 0
0.915098 , -0.153993 , 0
0.910725 , -0.143877 , 0
0.906009 , -0.133707 , 0
0.900945 , -0.123486 , 0
0.895529 , -0.113216 , 0
0.889753 , -0.102901 , 0
0.883613 , -0.0925436 , 0
0.877101 , -0.0821474 , 0
0.870211 , -0.0717158 , 0
0.862936 , -0.0612524 , 0
0.855268 , -0.0507612 , 0
0.8472 , -0.0402462 , 0
0.838722 , -0.0297117 , 0
0.829826 , -0.0191624 , 0
0.820502 , -0.00860329 , 0
0.810741 , 0.00196045 , 0
0.800531 , 0.0125231 , 0
0.789861 , 0.0230786 , 0
0.77872 , 0.0336202 , 0
0.767094 , 0.044141 , 0
0.75497 , 0.0546331 , 0
0.742333 , 0.065088 , 0
0.729167 , 0.0754966 , 0
0.715455 , 0.0858487 , 0
0.701181 , 0.0961332 , 0
0.686323 , 0.106338 , 0
0.670861 , 0.116449 , 0
0.654773 , 0.126451 , 0
0.638034 , 0.136328 , 0
0.620619 , 0.14606 , 0
0.602497 , 0.155626 , 0
0.583639 , 0.165001 , 0
0.564009 , 0.174159 , 0
0.543572 , 0.183067 , 0
0.522285 , 0.191689 , 0
0.500105 , 0.199983 , 0
0.476982 , 0.2079 , 0
0.45286 , 0.215382 , 0
0.42768 , 0.22236 , 0
0.401375 , 0.228754 , 0
0.373871 , 0.234464 , 0
0.345084 , 0.239369 , 0
0.314924 , 0.243323 , 0
0.283292 , 0.246139 , 0
0.25008 , 0.247582 , 0
0.215177 , 0.247351 , 0
0.178474 , 0.245051 , 0
0.139884 , 0.240159 , 0
0.0993728 , 0.231971 , 0
0.0570397 , 0.219528 , 0
0.0132659 , 0.201541 , 0
-0.0309823 , 0.176345 , 0
-0.0736397 , 0.142095 , 0
-0.111003 , 0.0976297 , 0
-0.13824 , 0.0442575 , 0
-0.152155 , -0.0133797 , 0
-0.153486 , -0.0699104 , 0
-0.145388 , -0.122146 , 0
-0.131033 , -0.169125 , 0
-0.112734 , -0.211014 , 0
-0.0920085 , -0.248361 , 0
-0.0698239 , -0.281768 , 0
-0.046798 , -0.311781 , 0
-0.023332 , -0.338862 , 0
0.000309473 , -0.363395 , 0
0.023949 , -0.385695 , 0
0.0474663 , -0.406026 , 0
0.0707788 , -0.424606 , 0
0.0938297 , -0.441616 , 0
0.11658 , -0.457212 , 0
0.139004 , -0.471526 , 0
0.161082 , -0.48467 , 0
0.182804 , -0.496741 , 0
0.204163 , -0.507826 , 0
0.225155 , -0.517997 , 0
0.245779 , -0.527322 , 0
0.266035 , -0.535857 , 0
0.285925 , -0.543655 , 0
0.305451 , -0.550761 , 0
0.324617 , -0.557218 , 0
0.343426 , -0.563062 , 0
0.361882 , -0.568328 , 0
0.379989 , -0.573046 , 0
0.397752 , -0.577245 , 0
0.415175 , -0.580949 , 0
0.432262 , -0.584184 , 0
0.449017 , -0.58697 , 0
0.465444 , -0.589327 , 0
0.481547 , -0.591275 , 0
0.49733 , -0.592829 , 0
0.512796 , -0.594006 , 0
0.52795 , -0.594821 , 0
0.542795 , -0.595288 , 0
0.557333 , -0.595419 , 0
0.571569 , -0.595226 , 0
0.585505 , -0.594722 , 0
0.599145 , -0.593915 , 0
0.61249 , -0.592818 , 0
0.625543 , -0.591438 , 0
0.638308 , -0.589785 , 0
0.650786 , -0.587867 , 0
0.66298 , -0.585692 , 0
0.674892 , -0.583268 , 0
0.686523 , -0.580602 , 0
0.697876 , -0.577701 , 0
0.708953 , -0.57457 , 0
0.719754 , -0.571217 , 0
0.730282 , -0.567646 , 0
0.740538 , -0.563864 , 0
0.750523 , -0.559877 , 0
0.760239 , -0.555688 , 0
0.769687 , -0.551303 , 0
0.778867 , -0.546726 , 0
0.787781 , -0.541963 , 0
0.79643 , -0.537017 , 0
0.804814 , -0.531892 , 0
0.812933 , -0.526593 , 0
0.820789 , -0.521123 , 0
0.828381 , -0.515486 , 0
0.835711 , -0.509685 , 0
0.842778 , -0.503724 , 0
0.849583 , -0.497606 , 0
0.856125 , -0.491335 , 0
0.862405 , -0.484913 , 0
0.868423 , -0.478343 , 0
0.874178 , -0.471629 , 0
0.87967 , -0.464773 , 0
0.884899 , -0.457778 , 0
0.889864 , -0.450647 , 0
0.894565 , -0.443381 , 0
0.899001 , -0.435985 , 0
0.903171 , -0.428459 , 0
0.907075 , -0.420807 , 0
0.910711 , -0.413031 , 0
0.91408 , -0.405134 , 0
0.917178 , -0.397117 , 0
0.920006 , -0.388983 , 0
0.922562 , -0.380733 , 0
0.924844 , -0.372371 , 0
0.926851 , -0.363898 , 0
0.928582 , -0.355316 , 0
0.930034 , -0.346628 , 0
0.931206 , -0.337836 , 0
0.932095 , -0.328941 , 0
0.9327 , -0.319945 , 0
0.933019 , -0.310852 , 0
0.933048 , -0.301662 , 0
0.932785 , -0.292377 , 0
0.932229 , -0.283001 , 0
0.931375 , -0.273534 , 0
0.930221 , -0.263979 , 0
0.928764 , -0.254338 , 0
0.927 , -0.244613 , 0
0.924926 , -0.234806 , 0
0.922539 , -0.22492 , 0
0.919834 , -0.214956 , 0
0.916807 , -0.204917 , 0
0.913455 , -0.194805 , 0
0.909772 , -0.184623 , 0
0.905754 , -0.174373 , 0
0.901396 , -0.164057 , 0
0.896692 , -0.153678 , 0
0.891638 , -0.14324 , 0
0.886226 , -0.132744 , 0
0.880452 , -0.122193 , 0
0.874308 , -0.111591 , 0
0.867788 , -0.100942 , 0
0.860885 , -0.0902472 , 0
0.85359 , -0.0795119 , 0
0.845896 , -0.0687393 , 0
0.837794 , -0.0579336 , 0
0.829275 , -0.047099 , 0
0.82033 , -0.0362403 , 0
0.810948 , -0.0253622 , 0
0.801119 , -0.0144702 , 0
0.79083 , -0.00356986 , 0
0.780071 , 0.00733261 , 0
0.768827 , 0.0182305 , 0
0.757085 , 0.0291166 , 0
0.74483 , 0.039983 , 0
0.732046 , 0.050821 , 0
0.718716 , 0.061621 , 0
0.704821 , 0.0723727 , 0
0.690343 , 0.0830644 , 0
0.67526 , 0.0936833 , 0
0.659548 , 0.104215 , 0
0.643184 , 0.114644 , 0
0.626139 , 0.124951 , 0
0.608386 , 0.135117 , 0
0.589892 , 0.145119 , 0
0.570623 , 0.154929 , 0
0.55054 , 0.164519 , 0
0.529602 , 0.173853 , 0
0.507762 , 0.182892 , 0
0.484971 , 0.191587 , 0
0.461171 , 0.199884 , 0
0.436302 , 0.207718 , 0
0.410292 , 0.215008 , 0
0.383066 , 0.221662 , 0
0.354538 , 0.227561 , 0
0.324612 , 0.232564 , 0
0.293184 , 0.23649 , 0
0.26014 , 0.239113 , 0
0.225357 , 0.240138 , 0
0.188715 , 0.239181 , 0
0.150106 , 0.235731 , 0
0.10947 , 0.229099 , 0
0.0668631 , 0.218342 , 0
0.0226015 , 0.202181 , 0
-0.0224511 , 0.178943 , 0
-0.0663758 , 0.146715 , 0
-0.105616 , 0.104132 , 0
-0.135316 , 0.0521427 , 0
-0.151939 , -0.00488564 , 0
-0.155815 , -0.0615041 , 0
-0.149923 , -0.114266 , 0
-0.137434 , -0.162001 , 0
-0.12072 , -0.204757 , 0
-0.101358 , -0.243018 , 0
-0.0803592 , -0.277357 , 0
-0.0583769 , -0.308301 , 0
-0.0358376 , -0.336304 , 0
-0.0130254 , -0.361745 , 0
0.00986777 , -0.384938 , 0
0.03271 , -0.406144 , 0
0.0554097 , -0.425581 , 0
0.0779029 , -0.443431 , 0
0.100144 , -0.459849 , 0
0.122103 , -0.474967 , 0
0.143756 , -0.488898 , 0
0.165089 , -0.501741 , 0
0.186092 , -0.51358 , 0
0.206759 , -0.52449 , 0
0.227086 , -0.534538 , 0
0.24707 , -0.543782 , 0
0.266714 , -0.552273 , 0
0.286016 , -0.560059 , 0
0.30498 , -0.567182 , 0
0.323606 , -0.573678 , 0
0.3419 , -0.579583 , 0
0.359862 , -0.584927 , 0
0.377497 , -0.589739 , 0
0.394808 , -0.594045 , 0
0.411799 , -0.597868 , 0
0.428472 , -0.60123 , 0
0.444831 , -0.604153 , 0
0.46088 , -0.606654 , 0
0.476622 , -0.60875 , 0
0.49206 , -0.610458 , 0
0.507197 , -0.611793 , 0
0.522036 , -0.612769 , 0
0.53658 , -0.613399 , 0
0.550832 , -0.613694 , 0
0.564795 , -0.613667 , 0
0.57847 , -0.613329 , 0
0.591861 , -0.612688 , 0
0.60497 , -0.611756 , 0
0.6178 , -0.610541 , 0
0.630351 , -0.609051 , 0
0.642626 , -0.607294 , 0
0.654627 , -0.605278 , 0
0.666357 , -0.603011 , 0
0.677815 , -0.600499 , 0
0.689005 , -0.597749 , 0
0.699927 , -0.594766 , 0
0.710583 , -0.591558 , 0
0.720973 , -0.588128 , 0
0.731101 , -0.584484 , 0
0.740965 , -0.580629 , 0
0.750567 , -0.57657 , 0
0.759909 , -0.57231 , 0
0.768991 , -0.567854 , 0
0.777813 , -0.563206 , 0
0.786376 , -0.558371 , 0
0.794681 , -0.553353 , 0
0.802728 , -0.548155 , 0
0.810517 , -0.542781 , 0
0.818049 , -0.537234 , 0
0.825324 , -0.531519 , 0
0.832342 , -0.525638 , 0
0.839103 , -0.519595 , 0
0.845606 , -0.513393 , 0
0.851852 , -0.507034 , 0
0.85784 , -0.500522 , 0
0.86357 , -0.49386 , 0
0.869042 , -0.487049 , 0
0.874255 , -0.480093 , 0
0.879208 , -0.472995 , 0
0.8839 , -0.465757 , 0
0.888332 , -0.458381 , 0
0.892501 , -0.45087 , 0
0.896407 , -0.443226 , 0
0.900049 , -0.435451 , 0
0.903426 , -0.427548 , 0
0.906536 , -0.419518 , 0
0.909378 , -0.411365 , 0
0.91195 , -0.40309 , 0
0.914252 , -0.394694 , 0
0.91628 , -0.386181 , 0
0.918034 , -0.377553 , 0
0.919511 , -0.36881 , 0
0.920709 , -0.359956 , 0
0.921627 , -0.350992 , 0
0.922261 , -0.34192 , 0
0.92261 , -0.332742 , 0
0.922671 , -0.32346 , 0
0.92244 , -0.314077 , 0
0.921916 , -0.304593 , 0
0.921095 , -0.295011 , 0
0.919974 , -0.285333 , 0
0.91855 , -0.275561 , 0
0.916818 , -0.265697 , 0
0.914776 , -0.255743 , 0
0.91242 , -0.245701 , 0
0.909744 , -0.235573 , 0
0.906746 , -0.225361 , 0
0.90342 , -0.215068 , 0
0.899761 , -0.204696 , 0
0.895765 , -0.194247 , 0
0.891426 , -0.183724 , 0
0.886739 , -0.173129 , 0
0.881698 , -0.162464 , 0
0.876295 , -0.151734 , 0
0.870526 , -0.140939 , 0
0.864383 , -0.130085 , 0
0.857858 , -0.119172 , 0
0.850944 , -0.108206 , 0
0.843632 , -0.0971891 , 0
0.835915 , -0.0861255 , 0
0.827783 , -0.0750191 , 0
0.819225 , -0.0638742 , 0
0.810233 , -0.0526954 , 0
0.800794 , -0.0414876 , 0
0.790898 , -0.030256 , 0
0.780532 , -0.0190065 , 0
0.769682 , -0.0077452 , 0
0.758335 , 0.0035211 , 0
0.746475 , 0.014785 , 0
0.734087 , 0.0260385 , 0
0.721153 , 0.0372726 , 0
0.707655 , 0.0484775 , 0
0.693572 , 0.0596424 , 0
0.678883 , 0.0707552 , 0
0.663565 , 0.0818024 , 0
0.647593 , 0.0927689 , 0
0.630939 , 0.103638 , 0
0.613574 , 0.11439 , 0
0.595465 , 0.125003 , 0
0.576577 , 0.135453 , 0
0.556871 , 0.145711 , 0
0.536305 , 0.155743 , 0
0.514831 , 0.165512 , 0
0.492397 , 0.174973 , 0
0.468947 , 0.184072 , 0
0.444416 , 0.192747 , 0
0.418733 , 0.200922 , 0
0.391817 , 0.208506 , 0
0.363581 , 0.215388 , 0
0.333926 , 0.221428 , 0
0.30274 , 0.226454 , 0
0.269903 , 0.230244 , 0
0.235285 , 0.232515 , 0
0.198751 , 0.232893 , 0
0.160176 , 0.230879 , 0
0.119474 , 0.225799 , 0
0.0766597 , 0.216727 , 0
0.0319857 , 0.202398 , 0
-0.0137839 , 0.181136 , 0
-0.0588759 , 0.150968 , 0
-0.0998899 , 0.110344 , 0
-0.131976 , 0.0598584 , 0
-0.151282 , 0.00357571 , 0
-0.157721 , -0.0530111 , 0
-0.154071 , -0.106207 , 0
-0.143491 , -0.154625 , 0
-0.128406 , -0.19819 , 0
-0.110448 , -0.237319 , 0
-0.0906742 , -0.272548 , 0
-0.0697733 , -0.304388 , 0
-0.0481971 , -0.333283 , 0
-0.026249 , -0.359605 , 0
-0.00413583 , -0.383666 , 0
0.0179989 , -0.405726 , 0
0.0400544 , -0.426001 , 0
0.0619593 , -0.444672 , 0
0.0836624 , -0.461896 , 0
0.105127 , -0.477804 , 0
0.126327 , -0.492509 , 0
0.147244 , -0.50611 , 0
0.167865 , -0.518693 , 0
0.18818 , -0.530332 , 0
0.208184 , -0.541094 , 0
0.227873 , -0.551037 , 0
0.247246 , -0.560215 , 0
0.266301 , -0.568674 , 0
0.285039 , -0.576455 , 0
0.303461 , -0.583598 , 0
0.321569 , -0.590137 , 0
0.339365 , -0.596103 , 0
0.356851 , -0.601524 , 0
0.374029 , -0.606427 , 0
0.390903 , -0.610836 , 0
0.407475 , -0.614773 , 0
0.423747 , -0.618259 , 0
0.439723 , -0.621312 , 0
0.455405 , -0.623949 , 0
0.470796 , -0.626188 , 0
0.485898 , -0.628043 , 0
0.500714 , -0.629528 , 0
0.515247 , -0.630657 , 0
0.529499 , -0.631441 , 0
0.543471 , -0.631893 , 0
0.557167 , -0.632024 , 0
0.570589 , -0.631843 , 0
0.583738 , -0.63136 , 0
0.596616 , -0.630584 , 0
0.609226 , -0.629525 , 0
0.621568 , -0.628189 , 0
0.633646 , -0.626585 , 0
0.645459 , -0.624721 , 0
0.65701 , -0.622602 , 0
0.668299 , -0.620236 , 0
0.679329 , -0.617629 , 0
0.6901 , -0.614786 , 0
0.700614 , -0.611714 , 0
0.710871 , -0.608418 , 0
0.720872 , -0.604903 , 0
0.730618 , -0.601174 , 0
0.74011 , -0.597236 , 0
0.749349 , -0.593093 , 0
0.758334 , -0.588751 , 0
0.767067 , -0.584211 , 0
0.775548 , -0.57948 , 0
0.783777 , -0.574561 , 0
0.791754 , -0.569457 , 0
0.79948 , -0.564173 , 0
0.806954 , -0.55871 , 0
0.814176 , -0.553074 , 0
0.821147 , -0.547267 , 0
0.827866 , -0.541292 , 0
0.834333 , -0.535152 , 0
0.840548 , -0.52885 , 0
0.846509 , -0.522389 , 0
0.852217 , -0.515771 , 0
0.857671 , -0.509 , 0
0.86287 , -0.502078 , 0
0.867814 , -0.495006 , 0
0.872501 , -0.487789 , 0
0.876931 , -0.480427 , 0
0.881102 , -0.472924 , 0
0.885013 , -0.465282 , 0
0.888664 , -0.457502 , 0
0.892052 , -0.449588 , 0
0.895177 , -0.44154 , 0
0.898036 , -0.433362 , 0
0.900628 , -0.425055 , 0
0.902952 , -0.416621 , 0
0.905005 , -0.408062 , 0
0.906785 , -0.39938 , 0
0.908291 , -0.390577 , 0
0.90952 , -0.381655 , 0
0.910469 , -0.372616 , 0
0.911137 , -0.363462 , 0
0.91152 , -0.354194 , 0
0.911616 , -0.344814 , 0
0.911421 , -0.335325 , 0
0.910934 , -0.325728 , 0
0.910149 , -0.316024 , 0
0.909065 , -0.306217 , 0
0.907678 , -0.296307 , 0
0.905983 , -0.286297 , 0
0.903977 , -0.276189 , 0
0.901655 , -0.265984 , 0
0.899014 , -0.255685 , 0
0.896048 , -0.245294 , 0
0.892752 , -0.234813 , 0
0.889122 , -0.224243 , 0
0.885153 , -0.213588 , 0
0.880838 , -0.202849 , 0
0.876171 , -0.19203 , 0
0.871146 , -0.181132 , 0
0.865757 , -0.170158 , 0
0.859997 , -0.159112 , 0
0.853858 , -0.147995 , 0
0.847332 , -0.136811 , 0
0.840411 , -0.125563 , 0
0.833086 , -0.114255 , 0
0.825349 , -0.102891 , 0
0.817188 , -0.0914736 , 0
0.808595 , -0.0800079 , 0
0.799557 , -0.0684982 , 0
0.790064 , -0.0569495 , 0
0.780102 , -0.045367 , 0
0.769658 , -0.0337565 , 0
0.758718 , -0.0221242 , 0
0.747267 , -0.010477 , 0
0.735288 , 0.00117761 , 0
0.722764 , 0.0128313 , 0
0.709676 , 0.024475 , 0
0.696004 , 0.0360986 , 0
0.681726 , 0.0476907 , 0
0.666818 , 0.0592389 , 0
0.651256 , 0.0707288 , 0
0.635011 , 0.0821445 , 0
0.618052 , 0.0934681 , 0
0.600348 , 0.104679 , 0
0.581863 , 0.115753 , 0
0.562556 , 0.126664 , 0
0.542384 , 0.137381 , 0
0.5213 , 0.147866 , 0
0.49925 , 0.158077 , 0
0.476176 , 0.167964 , 0
0.452011 , 0.177467 , 0
0.426684 , 0.186512 , 0
0.40011 , 0.195014 , 0
0.3722 , 0.202863 , 0
0.34285 , 0.209928 , 0
0.311944 , 0.21604 , 0
0.279356 , 0.220987 , 0
0.244946 , 0.224493 , 0
0.208568 , 0.226195 , 0
0.170079 , 0.225609 , 0
0.129368 , 0.222074 , 0
0.0864114 , 0.214684 , 0
0.0413999 , 0.20219 , 0
-0.00499954 , 0.182917 , 0
-0.0511585 , 0.154845 , 0
-0.093841 , 0.116251 , 0
-0.12823 , 0.0673833 , 0
-0.150186 , 0.0119821 , 0
-0.1592 , -0.0444517 , 0
-0.157825 , -0.0979845 , 0
-0.149194 , -0.147013 , 0
-0.135778 , -0.191326 , 0
-0.119263 , -0.231273 , 0
-0.100754 , -0.267351 , 0
-0.080971 , -0.300051 , 0
-0.0603933 , -0.329805 , 0
-0.0393433 , -0.35698 , 0
-0.0180431 , -0.381885 , 0
0.00335236 , -0.404775 , 0
0.0247329 , -0.425866 , 0
0.0460195 , -0.445341 , 0
0.067155 , -0.463353 , 0
0.0880976 , -0.480035 , 0
0.108817 , -0.4955 , 0
0.129291 , -0.509846 , 0
0.149502 , -0.523159 , 0
0.169441 , -0.535516 , 0
0.189097 , -0.546982 , 0
0.208466 , -0.557616 , 0
0.227544 , -0.567472 , 0
0.246329 , -0.576595 , 0
0.264818 , -0.585029 , 0
0.283014 , -0.592812 , 0
0.300914 , -0.599979 , 0
0.318522 , -0.606561 , 0
0.335838 , -0.612588 , 0
0.352863 , -0.618084 , 0
0.3696 , -0.623076 , 0
0.386051 , -0.627584 , 0
0.402217 , -0.63163 , 0
0.418101 , -0.635233 , 0
0.433704 , -0.63841 , 0
0.44903 , -0.641178 , 0
0.46408 , -0.643552 , 0
0.478856 , -0.645546 , 0
0.49336 , -0.647174 , 0
0.507594 , -0.648448 , 0
0.52156 , -0.649379 , 0
0.535261 , -0.64998 , 0
0.548697 , -0.650259 , 0
0.56187 , -0.650228 , 0
0.574783 , -0.649894 , 0
0.587436 , -0.649267 , 0
0.599832 , -0.648355 , 0
0.611971 , -0.647166 , 0
0.623854 , -0.645707 , 0
0.635484 , -0.643985 , 0
0.64686 , -0.642007 , 0
0.657985 , -0.639778 , 0
0.668859 , -0.637306 , 0
0.679483 , -0.634596 , 0
0.689858 , -0.631653 , 0
0.699984 , -0.628482 , 0
0.709863 , -0.625089 , 0
0.719494 , -0.621479 , 0
0.728879 , -0.617655 , 0
0.738017 , -0.613622 , 0
0.74691 , -0.609385 , 0
0.755556 , -0.604947 , 0
0.763957 , -0.600313 , 0
0.772113 , -0.595486 , 0
0.780023 , -0.590469 , 0
0.787687 , -0.585267 , 0
0.795106 , -0.579882 , 0
0.802279 , -0.574318 , 0
0.809206 , -0.568578 , 0
0.815886 , -0.562664 , 0
0.822319 , -0.55658 , 0
0.828505 , -0.550329 , 0
0.834443 , -0.543913 , 0
0.840132 , -0.537334 , 0
0.845571 , -0.530596 , 0
0.850759 , -0.523701 , 0
0.855697 , -0.51665 , 0
0.860381 , -0.509448 , 0
0.864812 , -0.502095 , 0
0.868989 , -0.494594 , 0
0.872908 , -0.486948 , 0
0.876571 , -0.479157 , 0
0.879974 , -0.471225 , 0
0.883117 , -0.463154 , 0
0.885997 , -0.454945 , 0
0.888612 , -0.4466 , 0
0.890962 , -0.438121 , 0
0.893043 , -0.42951 , 0
0.894854 , -0.42077 , 0
0.896392 , -0.411901 , 0
0.897655 , -0.402905 , 0
0.89864 , -0.393785 , 0
0.899344 , -0.384542 , 0
0.899766 , -0.375178 , 0
0.899901 , -0.365695 , 0
0.899747 , -0.356094 , 0
0.8993 , -0.346377 , 0
0.898557 , -0.336546 , 0
0.897515 , -0.326603 , 0
0.896168 , -0.316549 , 0
0.894514 , -0.306387 , 0
0.892549 , -0.296118 , 0
0.890266 , -0.285744 , 0
0.887663 , -0.275267 , 0
0.884734 , -0.264688 , 0
0.881474 , -0.254011 , 0
0.877878 , -0.243237 , 0
0.873939 , -0.232368 , 0
0.869652 , -0.221406 , 0
0.86501 , -0.210355 , 0
0.860007 , -0.199215 , 0
0.854636 , -0.18799 , 0
0.848888 , -0.176682 , 0
0.842757 , -0.165294 , 0
0.836234 , -0.15383 , 0
0.829309 , -0.142291 , 0
0.821975 , -0.130683 , 0
0.81422 , -0.119007 , 0
0.806035 , -0.107269 , 0
0.797408 , -0.0954714 , 0
0.788327 , -0.0836198 , 0
0.77878 , -0.0717188 , 0
0.768753 , -0.0597735 , 0
0.758232 , -0.0477899 , 0
0.747201 , -0.0357741 , 0
0.735644 , -0.0237331 , 0
0.723544 , -0.0116746 , 0
0.71088 , 0.000392972 , 0
0.697634 , 0.0124602 , 0
0.683782 , 0.0245167 , 0
0.669302 , 0.0365506 , 0
0.654166 , 0.0485487 , 0
0.638347 , 0.0604962 , 0
0.621815 , 0.072376 , 0
0.604535 , 0.0841688 , 0
0.586472 , 0.0958526 , 0
0.567586 , 0.107402 , 0
0.547831 , 0.118787 , 0
0.527161 , 0.129973 , 0
0.505519 , 0.14092 , 0
0.482847 , 0.151579 , 0
0.459076 , 0.161894 , 0
0.434133 , 0.171796 , 0
0.407933 , 0.181199 , 0
0.380381 , 0.190003 , 0
0.351371 , 0.198078 , 0
0.320782 , 0.205263 , 0
0.288482 , 0.211353 , 0
0.254323 , 0.216081 , 0
0.218148 , 0.219096 , 0
0.179797 , 0.219926 , 0
0.139135 , 0.217929 , 0
0.0961003 , 0.212216 , 0
0.0508255 , 0.201556 , 0
0.00388298 , 0.184282 , 0
-0.0432423 , 0.158336 , 0
-0.0874855 , 0.121836 , 0
-0.124088 , 0.0746967 , 0
-0.148654 , 0.0203114 , 0
-0.160249 , -0.0358463 , 0
-0.161178 , -0.0896181 , 0
-0.154533 , -0.139179 , 0
-0.142825 , -0.18418 , 0
-0.127792 , -0.224893 , 0
-0.110583 , -0.261777 , 0
-0.0919543 , -0.295298 , 0
-0.0724093 , -0.325879 , 0
-0.0522907 , -0.353877 , 0
-0.0318354 , -0.379598 , 0
-0.0112104 , -0.403294 , 0
0.00946487 , -0.425181 , 0
0.0301039 , -0.445438 , 0
0.0506433 , -0.46422 , 0
0.071036 , -0.481659 , 0
0.0912474 , -0.497868 , 0
0.111251 , -0.512945 , 0
0.131029 , -0.526977 , 0
0.150565 , -0.540039 , 0
0.169849 , -0.552198 , 0
0.188874 , -0.563513 , 0
0.207633 , -0.574036 , 0
0.226124 , -0.583816 , 0
0.244343 , -0.592895 , 0
0.262289 , -0.601311 , 0
0.279961 , -0.6091 , 0
0.297359 , -0.616293 , 0
0.314484 , -0.622918 , 0
0.331336 , -0.629004 , 0
0.347916 , -0.634573 , 0
0.364225 , -0.63965 , 0
0.380266 , -0.644253 , 0
0.396039 , -0.648403 , 0
0.411545 , -0.652117 , 0
0.426788 , -0.655413 , 0
0.441767 , -0.658304 , 0
0.456485 , -0.660806 , 0
0.470943 , -0.662932 , 0
0.485144 , -0.664695 , 0
0.499087 , -0.666107 , 0
0.512776 , -0.667178 , 0
0.526211 , -0.667918 , 0
0.539394 , -0.668339 , 0
0.552325 , -0.668449 , 0
0.565007 , -0.668257 , 0
0.577441 , -0.66777 , 0
0.589627 , -0.666998 , 0
0.601567 , -0.665947 , 0
0.613262 , -0.664625 , 0
0.624712 , -0.663037 , 0
0.635919 , -0.661192 , 0
0.646883 , -0.659093 , 0
0.657605 , -0.656749 , 0
0.668086 , -0.654163 , 0
0.678325 , -0.651341 , 0
0.688325 , -0.648289 , 0
0.698084 , -0.64501 , 0
0.707604 , -0.64151 , 0
0.716884 , -0.637793 , 0
0.725926 , -0.633864 , 0
0.734728 , -0.629725 , 0
0.743291 , -0.625382 , 0
0.751615 , -0.620838 , 0
0.759701 , -0.616096 , 0
0.767547 , -0.61116 , 0
0.775153 , -0.606034 , 0
0.78252 , -0.60072 , 0
0.789646 , -0.595221 , 0
0.796532 , -0.589541 , 0
0.803176 , -0.583683 , 0
0.809579 , -0.577649 , 0
0.815739 , -0.571442 , 0
0.821656 , -0.565064 , 0
0.827328 , -0.558519 , 0
0.832756 , -0.551807 , 0
0.837937 , -0.544933 , 0
0.842871 , -0.537898 , 0
0.847557 , -0.530705 , 0
0.851992 , -0.523355 , 0
0.856177 , -0.51585 , 0
0.860109 , -0.508194 , 0
0.863787 , -0.500387 , 0
0.867208 , -0.492432 , 0
0.870372 , -0.484331 , 0
0.873277 , -0.476085 , 0
0.87592 , -0.467697 , 0
0.878299 , -0.459168 , 0
0.880413 , -0.4505 , 0
0.882258 , -0.441694 , 0
0.883832 , -0.432754 , 0
0.885133 , -0.423679 , 0
0.886158 , -0.414472 , 0
0.886904 , -0.405135 , 0
0.887369 , -0.395669 , 0
0.887548 , -0.386075 , 0
0.887438 , -0.376357 , 0
0.887037 , -0.366514 , 0
0.88634 , -0.356549 , 0
0.885343 , -0.346464 , 0
0.884043 , -0.33626 , 0
0.882434 , -0.325939 , 0
0.880514 , -0.315502 , 0
0.878276 , -0.304952 , 0
0.875716 , -0.29429 , 0
0.872829 , -0.283518 , 0
0.869609 , -0.272638 , 0
0.86605 , -0.261651 , 0
0.862147 , -0.250561 , 0
0.857893 , -0.239368 , 0
0.85328 , -0.228076 , 0
0.848303 , -0.216686 , 0
0.842954 , -0.205201 , 0
0.837224 , -0.193624 , 0
0.831105 , -0.181956 , 0
0.824588 , -0.170201 , 0
0.817664 , -0.158363 , 0
0.810323 , -0.146443 , 0
0.802555 , -0.134446 , 0
0.794347 , -0.122376 , 0
0.785688 , -0.110236 , 0
0.776566 , -0.0980316 , 0
0.766967 , -0.0857666 , 0
0.756876 , -0.0734465 , 0
0.746277 , -0.0610772 , 0
0.735155 , -0.0486651 , 0
0.723491 , -0.0362171 , 0
0.711266 , -0.023741 , 0
0.698459 , -0.0112455 , 0
0.685049 , 0.00125974 , 0
0.67101 , 0.0137638 , 0
0.656318 , 0.0262545 , 0
0.640943 , 0.0387178 , 0
0.624854 , 0.0511381 , 0
0.608018 , 0.0634972 , 0
0.590398 , 0.0757744 , 0
0.571953 , 0.0879456 , 0
0.552638 , 0.0999832 , 0
0.532403 , 0.111854 , 0
0.511194 , 0.123521 , 0
0.488949 , 0.134937 , 0
0.4656 , 0.146048 , 0
0.44107 , 0.156789 , 0
0.415273 , 0.16708 , 0
0.388111 , 0.176822 , 0
0.359475 , 0.185891 , 0
0.32924 , 0.194135 , 0
0.297268 , 0.201353 , 0
0.263403 , 0.20729 , 0
0.227476 , 0.211604 , 0
0.189314 , 0.213838 , 0
0.148757 , 0.213368 , 0
0.105708 , 0.209324 , 0
0.060244 , 0.200496 , 0
0.0128446 , 0.185228 , 0
-0.0351462 , 0.161432 , 0
-0.0808402 , 0.127086 , 0
-0.119562 , 0.0817785 , 0
-0.14669 , 0.0285417 , 0
-0.160865 , -0.0272155 , 0
-0.164123 , -0.0811257 , 0
-0.159498 , -0.13114 , 0
-0.149535 , -0.176764 , 0
-0.136021 , -0.218191 , 0
-0.120148 , -0.255835 , 0
-0.102708 , -0.290139 , 0
-0.0842287 , -0.321511 , 0
-0.0650737 , -0.350302 , 0
-0.0454947 , -0.376811 , 0
-0.0256705 , -0.401288 , 0
-0.00572986 , -0.423947 , 0
0.0142329 , -0.444966 , 0
0.0341481 , -0.464499 , 0
0.0539637 , -0.482677 , 0
0.0736405 , -0.499614 , 0
0.0931488 , -0.515407 , 0
0.112466 , -0.530143 , 0
0.131575 , -0.543897 , 0
0.150463 , -0.556737 , 0
0.169119 , -0.568721 , 0
0.187537 , -0.579903 , 0
0.205711 , -0.59033 , 0
0.223637 , -0.600045 , 0
0.241311 , -0.609087 , 0
0.258733 , -0.61749 , 0
0.275901 , -0.625286 , 0
0.292813 , -0.632506 , 0
0.309472 , -0.639175 , 0
0.325875 , -0.645317 , 0
0.342024 , -0.650957 , 0
0.35792 , -0.656114 , 0
0.373563 , -0.660808 , 0
0.388954 , -0.665057 , 0
0.404095 , -0.668877 , 0
0.418986 , -0.672284 , 0
0.433629 , -0.675292 , 0
0.448024 , -0.677916 , 0
0.462174 , -0.680167 , 0
0.476078 , -0.682057 , 0
0.489739 , -0.683598 , 0
0.503157 , -0.684801 , 0
0.516333 , -0.685675 , 0
0.529269 , -0.686229 , 0
0.541965 , -0.686472 , 0
0.554422 , -0.686413 , 0
0.566642 , -0.686059 , 0
0.578624 , -0.685419 , 0
0.59037 , -0.684498 , 0
0.601881 , -0.683305 , 0
0.613156 , -0.681845 , 0
0.624198 , -0.680124 , 0
0.635005 , -0.678148 , 0
0.645579 , -0.675923 , 0
0.65592 , -0.673454 , 0
0.666028 , -0.670746 , 0
0.675904 , -0.667805 , 0
0.685548 , -0.664633 , 0
0.69496 , -0.661237 , 0
0.704139 , -0.65762 , 0
0.713087 , -0.653787 , 0
0.721803 , -0.64974 , 0
0.730286 , -0.645484 , 0
0.738537 , -0.641023 , 0
0.746555 , -0.63636 , 0
0.75434 , -0.631499 , 0
0.761891 , -0.626442 , 0
0.769209 , -0.621192 , 0
0.776292 , -0.615753 , 0
0.78314 , -0.610128 , 0
0.789752 , -0.604318 , 0
0.796127 , -0.598328 , 0
0.802265 , -0.592159 , 0
0.808164 , -0.585814 , 0
0.813824 , -0.579296 , 0
0.819243 , -0.572606 , 0
0.82442 , -0.565747 , 0
0.829354 , -0.558722 , 0
0.834044 , -0.551531 , 0
0.838488 , -0.544179 , 0
0.842685 , -0.536665 , 0
0.846632 , -0.528993 , 0
0.850329 , -0.521164 , 0
0.853773 , -0.513181 , 0
0.856963 , -0.505044 , 0
0.859896 , -0.496757 , 0
0.86257 , -0.488319 , 0
0.864983 , -0.479734 , 0
0.867133 , -0.471003 , 0
0.869017 , -0.462128 , 0
0.870632 , -0.453109 , 0
0.871975 , -0.443949 , 0
0.873045 , -0.43465 , 0
0.873837 , -0.425213 , 0
0.874349 , -0.415639 , 0
0.874576 , -0.40593 , 0
0.874516 , -0.396087 , 0
0.874165 , -0.386113 , 0
0.873518 , -0.376008 , 0
0.872572 , -0.365775 , 0
0.871323 , -0.355414 , 0
0.869765 , -0.344927 , 0
0.867895 , -0.334317 , 0
0.865706 , -0.323583 , 0
0.863195 , -0.312729 , 0
0.860354 , -0.301756 , 0
0.857179 , -0.290666 , 0
0.853664 , -0.27946 , 0
0.849801 , -0.268141 , 0
0.845584 , -0.256709 , 0
0.841006 , -0.245169 , 0
0.83606 , -0.23352 , 0
0.830737 , -0.221767 , 0
0.825028 , -0.20991 , 0
0.818926 , -0.197954 , 0
0.81242 , -0.1859 , 0
0.8055 , -0.173751 , 0
0.798156 , -0.16151 , 0
0.790377 , -0.149182 , 0
0.78215 , -0.136769 , 0
0.773462 , -0.124276 , 0
0.764301 , -0.111706 , 0
0.75465 , -0.0990647 , 0
0.744495 , -0.0863574 , 0
0.733819 , -0.0735897 , 0
0.722604 , -0.0607678 , 0
0.71083 , -0.047899 , 0
0.698477 , -0.0349912 , 0
0.685522 , -0.0220532 , 0
0.671942 , -0.00909506 , 0
0.657708 , 0.0038719 , 0
0.642793 , 0.0168349 , 0
0.627166 , 0.0297791 , 0
0.610792 , 0.042688 , 0
0.593634 , 0.055542 , 0
0.57565 , 0.0683188 , 0
0.556795 , 0.0809922 , 0
0.53702 , 0.0935317 , 0
0.516267 , 0.105901 , 0
0.494474 , 0.118057 , 0
0.471573 , 0.129948 , 0
0.447484 , 0.141512 , 0
0.422119 , 0.152673 , 0
0.395379 , 0.163336 , 0
0.36715 , 0.173384 , 0
0.337305 , 0.182669 , 0
0.305699 , 0.191 , 0
0.272169 , 0.198129 , 0
0.236537 , 0.203728 , 0
0.198614 , 0.207353 , 0
0.158217 , 0.208397 , 0
0.115218 , 0.206012 , 0
0.069637 , 0.199011 , 0
0.0218661 , 0.185752 , 0
-0.0268896 , 0.164126 , 0
-0.0739227 , 0.131985 , 0
-0.114663 , 0.0886091 , 0
-0.144298 , 0.0366512 , 0
-0.161046 , -0.01858 , 0
-0.166654 , -0.0725259 , 0
-0.164082 , -0.122912 , 0
-0.155898 , -0.169094 , 0
-0.143937 , -0.21118 , 0
-0.129435 , -0.249537 , 0
-0.113216 , -0.284584 , 0
-0.0958354 , -0.316711 , 0
-0.0776753 , -0.346263 , 0
-0.0590029 , -0.37353 , 0
-0.0400089 , -0.398763 , 0
-0.0208318 , -0.422169 , 0
-0.00157335 , -0.443928 , 0
0.0176904 , -0.464191 , 0
0.0369021 , -0.48309 , 0
0.0560182 , -0.500737 , 0
0.0750052 , -0.51723 , 0
0.0938374 , -0.532655 , 0
0.112495 , -0.547089 , 0
0.130962 , -0.560596 , 0
0.149227 , -0.573238 , 0
0.16728 , -0.585067 , 0
0.185114 , -0.596131 , 0
0.202725 , -0.606473 , 0
0.220106 , -0.616131 , 0
0.237256 , -0.62514 , 0
0.254172 , -0.633534 , 0
0.270853 , -0.64134 , 0
0.287297 , -0.648586 , 0
0.303504 , -0.655297 , 0
0.319473 , -0.661495 , 0
0.335205 , -0.667201 , 0
0.3507 , -0.672435 , 0
0.365957 , -0.677214 , 0
0.380978 , -0.681556 , 0
0.395764 , -0.685476 , 0
0.410314 , -0.688988 , 0
0.424629 , -0.692107 , 0
0.438711 , -0.694845 , 0
0.45256 , -0.697214 , 0
0.466177 , -0.699225 , 0
0.479562 , -0.700889 , 0
0.492716 , -0.702215 , 0
0.50564 , -0.703214 , 0
0.518335 , -0.703893 , 0
0.530802 , -0.704263 , 0
0.54304 , -0.704329 , 0
0.555051 , -0.704101 , 0
0.566834 , -0.703584 , 0
0.578392 , -0.702787 , 0
0.589723 , -0.701714 , 0
0.600828 , -0.700374 , 0
0.611708 , -0.69877 , 0
0.622364 , -0.69691 , 0
0.632794 , -0.694797 , 0
0.642999 , -0.692438 , 0
0.65298 , -0.689837 , 0
0.662737 , -0.686999 , 0
0.672268 , -0.683928 , 0
0.681576 , -0.680629 , 0
0.690658 , -0.677105 , 0
0.699516 , -0.67336 , 0
0.708148 , -0.669399 , 0
0.716555 , -0.665225 , 0
0.724735 , -0.66084 , 0
0.73269 , -0.65625 , 0
0.740417 , -0.651456 , 0
0.747917 , -0.646462 , 0
0.755189 , -0.641271 , 0
0.762232 , -0.635885 , 0
0.769045 , -0.630308 , 0
0.775628 , -0.624542 , 0
0.781979 , -0.618589 , 0
0.788098 , -0.612453 , 0
0.793983 , -0.606135 , 0
0.799634 , -0.599638 , 0
0.805048 , -0.592963 , 0
0.810225 , -0.586114 , 0
0.815164 , -0.579093 , 0
0.819862 , -0.5719 , 0
0.824318 , -0.564539 , 0
0.82853 , -0.557011 , 0
0.832497 , -0.549318 , 0
0.836217 , -0.541462 , 0
0.839688 , -0.533444 , 0
0.842907 , -0.525267 , 0
0.845873 , -0.516932 , 0
0.848582 , -0.50844 , 0
0.851034 , -0.499794 , 0
0.853224 , -0.490994 , 0
0.855151 , -0.482043 , 0
0.856812 , -0.472941 , 0
0.858203 , -0.463691 , 0
0.859321 , -0.454294 , 0
0.860164 , -0.444751 , 0
0.860728 , -0.435063 , 0
0.861009 , -0.425233 , 0
0.861003 , -0.415261 , 0
0.860707 , -0.405148 , 0
0.860116 , -0.394898 , 0
0.859226 , -0.384509 , 0
0.858033 , -0.373986 , 0
0.856531 , -0.363327 , 0
0.854716 , -0.352536 , 0
0.852582 , -0.341613 , 0
0.850124 , -0.33056 , 0
0.847336 , -0.319379 , 0
0.844211 , -0.308072 , 0
0.840744 , -0.296639 , 0
0.836926 , -0.285082 , 0
0.832752 , -0.273404 , 0
0.828214 , -0.261607 , 0
0.823303 , -0.249692 , 0
0.818011 , -0.237661 , 0
0.812329 , -0.225517 , 0
0.806247 , -0.213262 , 0
0.799756 , -0.200898 , 0
0.792845 , -0.18843 , 0
0.785501 , -0.175858 , 0
0.777714 , -0.163187 , 0
0.76947 , -0.15042 , 0
0.760756 , -0.137562 , 0
0.751556 , -0.124615 , 0
0.741855 , -0.111586 , 0
0.731637 , -0.0984781 , 0
0.720882 , -0.0852985 , 0
0.709572 , -0.0720532 , 0
0.697686 , -0.0587494 , 0
0.685201 , -0.0453951 , 0
0.672092 , -0.0319995 , 0
0.658333 , -0.018573 , 0
0.643894 , -0.00512725 , 0
0.628745 , 0.00832411 , 0
0.612851 , 0.0217656 , 0
0.596173 , 0.0351793 , 0
0.578671 , 0.0485443 , 0
0.560298 , 0.0618363 , 0
0.541002 , 0.0750265 , 0
0.520729 , 0.088081 , 0
0.499413 , 0.100959 , 0
0.476985 , 0.113613 , 0
0.453364 , 0.125982 , 0
0.42846 , 0.137995 , 0
0.402173 , 0.149562 , 0
0.374385 , 0.160571 , 0
0.344964 , 0.17088 , 0
0.313762 , 0.180306 , 0
0.280609 , 0.188611 , 0
0.245316 , 0.195478 , 0
0.20768 , 0.200479 , 0
0.1675 , 0.203022 , 0
0.124612 , 0.202285 , 0
0.078986 , 0.197101 , 0
0.0309285 , 0.185851 , 0
-0.018492 , 0.166411 , 0
-0.0667514 , 0.136523 , 0
-0.109405 , 0.0951698 , 0
-0.141485 , 0.0446182 , 0
-0.160793 , -0.00996069 , 0
-0.168768 , -0.0638375 , 0
-0.168276 , -0.114512 , 0
-0.161904 , -0.161184 , 0
-0.151529 , -0.203873 , 0
-0.13843 , -0.242895 , 0
-0.123465 , -0.278642 , 0
-0.107213 , -0.311488 , 0
-0.0900784 , -0.341766 , 0
-0.072342 , -0.369763 , 0
-0.0542071 , -0.395723 , 0
-0.0358215 , -0.419852 , 0
-0.0172947 , -0.442327 , 0
0.0012908 , -0.463299 , 0
0.0198725 , -0.482899 , 0
0.0384023 , -0.501238 , 0
0.056843 , -0.518414 , 0
0.0751656 , -0.534513 , 0
0.0933474 , -0.54961 , 0
0.11137 , -0.563773 , 0
0.12922 , -0.57706 , 0
0.146886 , -0.589524 , 0
0.164359 , -0.601214 , 0
0.181632 , -0.612172 , 0
0.198699 , -0.622437 , 0
0.215556 , -0.632045 , 0
0.2322 , -0.641026 , 0
0.248628 , -0.649412 , 0
0.264838 , -0.657229 , 0
0.280829 , -0.664501 , 0
0.296599 , -0.671252 , 0
0.312148 , -0.677502 , 0
0.327476 , -0.683271 , 0
0.342581 , -0.688577 , 0
0.357465 , -0.693437 , 0
0.372127 , -0.697866 , 0
0.386567 , -0.70188 , 0
0.400786 , -0.705492 , 0
0.414783 , -0.708715 , 0
0.42856 , -0.71156 , 0
0.442116 , -0.71404 , 0
0.455453 , -0.716164 , 0
0.46857 , -0.717943 , 0
0.481467 , -0.719386 , 0
0.494146 , -0.720502 , 0
0.506607 , -0.7213 , 0
0.518849 , -0.721788 , 0
0.530874 , -0.721973 , 0
0.542682 , -0.721862 , 0
0.554272 , -0.721462 , 0
0.565646 , -0.72078 , 0
0.576802 , -0.719821 , 0
0.587742 , -0.718593 , 0
0.598466 , -0.717099 , 0
0.608973 , -0.715347 , 0
0.619264 , -0.71334 , 0
0.629338 , -0.711083 , 0
0.639195 , -0.708582 , 0
0.648836 , -0.705841 , 0
0.65826 , -0.702863 , 0
0.667467 , -0.699654 , 0
0.676456 , -0.696216 , 0
0.685227 , -0.692555 , 0
0.693779 , -0.688672 , 0
0.702113 , -0.684572 , 0
0.710227 , -0.680259 , 0
0.718122 , -0.675734 , 0
0.725795 , -0.671002 , 0
0.733247 , -0.666065 , 0
0.740477 , -0.660926 , 0
0.747484 , -0.655588 , 0
0.754266 , -0.650053 , 0
0.760823 , -0.644325 , 0
0.767154 , -0.638404 , 0
0.773258 , -0.632295 , 0
0.779133 , -0.625998 , 0
0.784778 , -0.619517 , 0
0.790191 , -0.612852 , 0
0.795372 , -0.606008 , 0
0.800318 , -0.598984 , 0
0.805028 , -0.591784 , 0
0.809501 , -0.58441 , 0
0.813733 , -0.576862 , 0
0.817724 , -0.569142 , 0
0.821471 , -0.561254 , 0
0.824973 , -0.553197 , 0
0.828226 , -0.544973 , 0
0.831229 , -0.536585 , 0
0.833978 , -0.528034 , 0
0.836473 , -0.519321 , 0
0.838709 , -0.510448 , 0
0.840683 , -0.501415 , 0
0.842394 , -0.492225 , 0
0.843837 , -0.482879 , 0
0.84501 , -0.473378 , 0
0.845909 , -0.463724 , 0
0.84653 , -0.453917 , 0
0.846869 , -0.443959 , 0
0.846923 , -0.433852 , 0
0.846687 , -0.423596 , 0
0.846158 , -0.413193 , 0
0.845329 , -0.402644 , 0
0.844197 , -0.391951 , 0
0.842757 , -0.381115 , 0
0.841002 , -0.370136 , 0
0.838929 , -0.359017 , 0
0.836529 , -0.347759 , 0
0.833799 , -0.336362 , 0
0.83073 , -0.32483 , 0
0.827316 , -0.313162 , 0
0.82355 , -0.301362 , 0
0.819424 , -0.289429 , 0
0.81493 , -0.277367 , 0
0.810059 , -0.265176 , 0
0.804803 , -0.252859 , 0
0.799152 , -0.240418 , 0
0.793096 , -0.227855 , 0
0.786624 , -0.215173 , 0
0.779724 , -0.202374 , 0
0.772385 , -0.18946 , 0
0.764593 , -0.176436 , 0
0.756335 , -0.163304 , 0
0.747595 , -0.150068 , 0
0.738359 , -0.136732 , 0
0.728609 , -0.123302 , 0
0.718326 , -0.109781 , 0
0.707492 , -0.0961755 , 0
0.696085 , -0.0824925 , 0
0.684083 , -0.0687388 , 0
0.67146 , -0.0549229 , 0
0.65819 , -0.0410539 , 0
0.644243 , -0.0271428 , 0
0.629589 , -0.0132019 , 0
0.614191 , 0.000754614 , 0
0.598012 , 0.0147102 , 0
0.58101 , 0.0286455 , 0
0.563138 , 0.0425379 , 0
0.544344 , 0.0563607 , 0
0.524572 , 0.0700822 , 0
0.503757 , 0.0836643 , 0
0.481826 , 0.0970613 , 0
0.4587 , 0.110217 , 0
0.434287 , 0.123064 , 0
0.408481 , 0.135516 , 0
0.381166 , 0.147468 , 0
0.352205 , 0.158782 , 0
0.321444 , 0.169286 , 0
0.288707 , 0.178748 , 0
0.253797 , 0.186865 , 0
0.216498 , 0.193224 , 0
0.176588 , 0.197251 , 0
0.133873 , 0.198146 , 0
0.0882728 , 0.194771 , 0
0.0400123 , 0.185525 , 0
-0.00997311 , 0.168281 , 0
-0.059345 , 0.140685 , 0
-0.103804 , 0.101442 , 0
-0.138257 , 0.0524213 , 0
-0.160106 , -0.0013788 , 0
-0.170459 , -0.0550799 , 0
-0.172073 , -0.105957 , 0
-0.167542 , -0.15305 , 0
-0.158786 , -0.196284 , 0
-0.147121 , -0.235922 , 0
-0.133439 , -0.272326 , 0
-0.118347 , -0.305852 , 0
-0.102267 , -0.336822 , 0
-0.0854947 , -0.365516 , 0
-0.0682466 , -0.392174 , 0
-0.0506797 , -0.417 , 0
-0.0329112 , -0.440168 , 0
-0.0150299 , -0.461827 , 0
0.00289622 , -0.482107 , 0
0.0208148 , -0.501119 , 0
0.0386847 , -0.51896 , 0
0.0564737 , -0.535716 , 0
0.0741562 , -0.551462 , 0
0.0917119 , -0.566264 , 0
0.109124 , -0.580183 , 0
0.126381 , -0.59327 , 0
0.14347 , -0.605574 , 0
0.160384 , -0.617138 , 0
0.177115 , -0.628 , 0
0.193659 , -0.638196 , 0
0.21001 , -0.647758 , 0
0.226166 , -0.656715 , 0
0.242122 , -0.665095 , 0
0.257877 , -0.672921 , 0
0.273429 , -0.680218 , 0
0.288777 , -0.687007 , 0
0.303919 , -0.693306 , 0
0.318854 , -0.699133 , 0
0.333582 , -0.704507 , 0
0.348103 , -0.709443 , 0
0.362416 , -0.713954 , 0
0.376521 , -0.718056 , 0
0.390417 , -0.721761 , 0
0.404105 , -0.725081 , 0
0.417586 , -0.728027 , 0
0.430858 , -0.73061 , 0
0.443921 , -0.732841 , 0
0.456777 , -0.734728 , 0
0.469425 , -0.736281 , 0
0.481865 , -0.737507 , 0
0.494098 , -0.738416 , 0
0.506123 , -0.739015 , 0
0.51794 , -0.73931 , 0
0.52955 , -0.73931 , 0
0.540952 , -0.739019 , 0
0.552147 , -0.738445 , 0
0.563134 , -0.737594 , 0
0.573913 , -0.73647 , 0
0.584485 , -0.73508 , 0
0.594849 , -0.733428 , 0
0.605004 , -0.73152 , 0
0.614951 , -0.729359 , 0
0.62469 , -0.726951 , 0
0.634219 , -0.7243 , 0
0.643539 , -0.721409 , 0
0.652649 , -0.718283 , 0
0.661548 , -0.714926 , 0
0.670237 , -0.711341 , 0
0.678714 , -0.707531 , 0
0.686978 , -0.703499 , 0
0.69503 , -0.69925 , 0
0.702868 , -0.694786 , 0
0.710491 , -0.690109 , 0
0.717899 , -0.685223 , 0
0.725091 , -0.680131 , 0
0.732065 , -0.674835 , 0
0.73882 , -0.669337 , 0
0.745356 , -0.66364 , 0
0.75167 , -0.657746 , 0
0.757763 , -0.651658 , 0
0.763631 , -0.645377 , 0
0.769275 , -0.638906 , 0
0.774692 , -0.632247 , 0
0.77988 , -0.625401 , 0
0.784838 , -0.618371 , 0
0.789565 , -0.611158 , 0
0.794057 , -0.603764 , 0
0.798314 , -0.596191 , 0
0.802333 , -0.588441 , 0
0.806112 , -0.580514 , 0
0.809649 , -0.572413 , 0
0.812941 , -0.564138 , 0
0.815985 , -0.555692 , 0
0.81878 , -0.547076 , 0
0.821322 , -0.538291 , 0
0.823608 , -0.529339 , 0
0.825636 , -0.52022 , 0
0.827402 , -0.510937 , 0
0.828903 , -0.501489 , 0
0.830135 , -0.491879 , 0
0.831094 , -0.482108 , 0
0.831778 , -0.472176 , 0
0.832181 , -0.462086 , 0
0.8323 , -0.451837 , 0
0.832131 , -0.441432 , 0
0.831668 , -0.430871 , 0
0.830906 , -0.420156 , 0
0.829841 , -0.409287 , 0
0.828468 , -0.398266 , 0
0.82678 , -0.387094 , 0
0.824772 , -0.375772 , 0
0.822437 , -0.364301 , 0
0.81977 , -0.352682 , 0
0.816762 , -0.340918 , 0
0.813407 , -0.329008 , 0
0.809698 , -0.316955 , 0
0.805625 , -0.30476 , 0
0.801181 , -0.292424 , 0
0.796356 , -0.279949 , 0
0.791141 , -0.267338 , 0
0.785526 , -0.25459 , 0
0.7795 , -0.24171 , 0
0.77305 , -0.228699 , 0
0.766167 , -0.215559 , 0
0.758835 , -0.202293 , 0
0.751041 , -0.188903 , 0
0.742771 , -0.175394 , 0
0.734009 , -0.161769 , 0
0.724737 , -0.148032 , 0
0.714937 , -0.134186 , 0
0.70459 , -0.120238 , 0
0.693675 , -0.106193 , 0
0.682167 , -0.0920572 , 0
0.670044 , -0.0778384 , 0
0.657277 , -0.0635448 , 0
0.643837 , -0.0491861 , 0
0.629693 , -0.0347736 , 0
0.614808 , -0.0203203 , 0
0.599146 , -0.00584118 , 0
0.582662 , 0.0086459 , 0
0.565311 , 0.0231201 , 0
0.547039 , 0.0375567 , 0
0.52779 , 0.0519261 , 0
0.507498 , 0.066193 , 0
0.48609 , 0.0803143 , 0
0.463485 , 0.0942377 , 0
0.439588 , 0.107899 , 0
0.414294 , 0.121217 , 0
0.387483 , 0.134091 , 0
0.359015 , 0.146391 , 0
0.328731 , 0.157951 , 0
0.29645 , 0.168552 , 0
0.261967 , 0.1779 , 0
0.225052 , 0.185598 , 0
0.185465 , 0.191091 , 0
0.142983 , 0.193602 , 0
0.097479 , 0.192021 , 0
0.0490982 , 0.184773 , 0
-0.00135318 , 0.169732 , 0
-0.051723 , 0.144463 , 0
-0.0978736 , 0.107409 , 0
-0.134624 , 0.060039 , 0
-0.158986 , 0.00714436 , 0
-0.171725 , -0.0462726 , 0
-0.175467 , -0.0972655 , 0
-0.172805 , -0.144708 , 0
-0.165695 , -0.188427 , 0
-0.155494 , -0.22863 , 0
-0.143126 , -0.265646 , 0
-0.129222 , -0.299812 , 0
-0.114223 , -0.331439 , 0
-0.0984436 , -0.360799 , 0
-0.0821092 , -0.388126 , 0
-0.0653873 , -0.413621 , 0
-0.048403 , -0.437456 , 0
-0.0312513 , -0.459778 , 0
-0.0140055 , -0.480717 , 0
0.00327739 , -0.500381 , 0
0.0205526 , -0.518869 , 0
0.0377845 , -0.536264 , 0
0.0549447 , -0.552643 , 0
0.0720105 , -0.56807 , 0
0.0889631 , -0.582606 , 0
0.105788 , -0.596303 , 0
0.122472 , -0.609209 , 0
0.139006 , -0.621367 , 0
0.155381 , -0.632815 , 0
0.171591 , -0.643589 , 0
0.187629 , -0.653721 , 0
0.203492 , -0.663241 , 0
0.219175 , -0.672176 , 0
0.234675 , -0.680549 , 0
0.24999 , -0.688386 , 0
0.265117 , -0.695706 , 0
0.280056 , -0.702529 , 0
0.294803 , -0.708873 , 0
0.309358 , -0.714756 , 0
0.32372 , -0.720192 , 0
0.337889 , -0.725198 , 0
0.351863 , -0.729786 , 0
0.365642 , -0.73397 , 0
0.379225 , -0.737762 , 0
0.392613 , -0.741172 , 0
0.405805 , -0.744213 , 0
0.4188 , -0.746893 , 0
0.431599 , -0.749223 , 0
0.444201 , -0.751211 , 0
0.456606 , -0.752866 , 0
0.468814 , -0.754196 , 0
0.480824 , -0.755209 , 0
0.492637 , -0.755912 , 0
0.504253 , -0.756311 , 0
0.515671 , -0.756413 , 0
0.52689 , -0.756225 , 0
0.537911 , -0.755753 , 0
0.548734 , -0.755001 , 0
0.559358 , -0.753975 , 0
0.569782 , -0.752681 , 0
0.580007 , -0.751124 , 0
0.590032 , -0.749307 , 0
0.599856 , -0.747236 , 0
0.60948 , -0.744914 , 0
0.618902 , -0.742347 , 0
0.628122 , -0.739537 , 0
0.637139 , -0.736488 , 0
0.645953 , -0.733204 , 0
0.654563 , -0.729689 , 0
0.662968 , -0.725946 , 0
0.671168 , -0.721977 , 0
0.679161 , -0.717786 , 0
0.686947 , -0.713376 , 0
0.694524 , -0.708749 , 0
0.701892 , -0.703909 , 0
0.709049 , -0.698858 , 0
0.715994 , -0.693598 , 0
0.722727 , -0.688131 , 0
0.729245 , -0.68246 , 0
0.735547 , -0.676588 , 0
0.741632 , -0.670516 , 0
0.747499 , -0.664246 , 0
0.753145 , -0.65778 , 0
0.758569 , -0.65112 , 0
0.76377 , -0.644269 , 0
0.768744 , -0.637227 , 0
0.773492 , -0.629996 , 0
0.778009 , -0.622578 , 0
0.782295 , -0.614975 , 0
0.786347 , -0.607188 , 0
0.790162 , -0.599218 , 0
0.793739 , -0.591068 , 0
0.797075 , -0.582737 , 0
0.800166 , -0.574229 , 0
0.803011 , -0.565543 , 0
0.805605 , -0.556681 , 0
0.807947 , -0.547644 , 0
0.810033 , -0.538434 , 0
0.811859 , -0.529052 , 0
0.813423 , -0.519498 , 0
0.81472 , -0.509774 , 0
0.815746 , -0.49988 , 0
0.816498 , -0.489818 , 0
0.816971 , -0.479589 , 0
0.817161 , -0.469194 , 0
0.817063 , -0.458634 , 0
0.816672 , -0.447909 , 0
0.815983 , -0.437021 , 0
0.814992 , -0.425971 , 0
0.813691 , -0.414759 , 0
0.812075 , -0.403386 , 0
0.810139 , -0.391854 , 0
0.807875 , -0.380164 , 0
0.805276 , -0.368316 , 0
0.802336 , -0.356312 , 0
0.799046 , -0.344153 , 0
0.795399 , -0.33184 , 0
0.791385 , -0.319374 , 0
0.786996 , -0.306756 , 0
0.782223 , -0.293989 , 0
0.777054 , -0.281073 , 0
0.771479 , -0.26801 , 0
0.765487 , -0.254802 , 0
0.759066 , -0.241452 , 0
0.752201 , -0.22796 , 0
0.74488 , -0.21433 , 0
0.737088 , -0.200565 , 0
0.728809 , -0.186666 , 0
0.720025 , -0.172639 , 0
0.710718 , -0.158486 , 0
0.700869 , -0.144213 , 0
0.690456 , -0.129823 , 0
0.679456 , -0.115323 , 0
0.667844 , -0.100719 , 0
0.655594 , -0.086019 , 0
0.642675 , -0.0712311 , 0
0.629056 , -0.0563656 , 0
0.6147 , -0.0414341 , 0
0.599571 , -0.0264504 , 0
0.583623 , -0.0114306 , 0
0.566811 , 0.00360604 , 0
0.549082 , 0.0186369 , 0
0.530377 , 0.0336346 , 0
0.51063 , 0.0485663 , 0
0.489768 , 0.0633919 , 0
0.467708 , 0.0780625 , 0
0.444356 , 0.0925172 , 0
0.419602 , 0.10668 , 0
0.393325 , 0.120456 , 0
0.365382 , 0.133722 , 0
0.335612 , 0.146318 , 0
0.303826 , 0.158036 , 0
0.26981 , 0.168595 , 0
0.233326 , 0.17761 , 0
0.194114 , 0.18455 , 0
0.151925 , 0.188659 , 0
0.106586 , 0.188856 , 0
0.0581667 , 0.183595 , 0
0.00734744 , 0.17076 , 0
-0.0439055 , 0.147845 , 0
-0.0916312 , 0.113053 , 0
-0.130594 , 0.0674503 , 0
-0.157437 , 0.0155873 , 0
-0.172563 , -0.0374358 , 0
-0.178451 , -0.088455 , 0
-0.177683 , -0.136175 , 0
-0.172248 , -0.180317 , 0
-0.163539 , -0.221033 , 0
-0.152511 , -0.258615 , 0
-0.139822 , -0.29338 , 0
-0.125933 , -0.325627 , 0
-0.111172 , -0.355618 , 0
-0.095777 , -0.383584 , 0
-0.0799256 , -0.40972 , 0
-0.0637503 , -0.434196 , 0
-0.0473528 , -0.457158 , 0
-0.0308116 , -0.478733 , 0
-0.014188 , -0.499029 , 0
0.00246907 , -0.518144 , 0
0.019121 , -0.53616 , 0
0.0357364 , -0.553154 , 0
0.0522899 , -0.56919 , 0
0.068761 , -0.584328 , 0
0.0851325 , -0.598621 , 0
0.101391 , -0.612115 , 0
0.117523 , -0.624855 , 0
0.133522 , -0.636877 , 0
0.149377 , -0.648219 , 0
0.165083 , -0.658911 , 0
0.180633 , -0.668984 , 0
0.196024 , -0.678465 , 0
0.211251 , -0.687378 , 0
0.22631 , -0.695746 , 0
0.241199 , -0.70359 , 0
0.255915 , -0.710931 , 0
0.270456 , -0.717785 , 0
0.284821 , -0.724171 , 0
0.299007 , -0.730104 , 0
0.313014 , -0.735599 , 0
0.326841 , -0.74067 , 0
0.340486 , -0.745329 , 0
0.353948 , -0.749589 , 0
0.367228 , -0.753462 , 0
0.380323 , -0.756957 , 0
0.393235 , -0.760085 , 0
0.405961 , -0.762856 , 0
0.418502 , -0.765278 , 0
0.430857 , -0.767361 , 0
0.443026 , -0.769111 , 0
0.455008 , -0.770538 , 0
0.466803 , -0.771647 , 0
0.478411 , -0.772447 , 0
0.48983 , -0.772943 , 0
0.501061 , -0.773142 , 0
0.512103 , -0.773049 , 0
0.522956 , -0.772671 , 0
0.533619 , -0.772012 , 0
0.544092 , -0.771078 , 0
0.554375 , -0.769874 , 0
0.564465 , -0.768404 , 0
0.574364 , -0.766673 , 0
0.58407 , -0.764684 , 0
0.593584 , -0.762443 , 0
0.602903 , -0.759953 , 0
0.612027 , -0.757217 , 0
0.620956 , -0.75424 , 0
0.629689 , -0.751024 , 0
0.638225 , -0.747573 , 0
0.646563 , -0.74389 , 0
0.654701 , -0.739978 , 0
0.66264 , -0.73584 , 0
0.670378 , -0.731478 , 0
0.677913 , -0.726896 , 0
0.685245 , -0.722096 , 0
0.692372 , -0.71708 , 0
0.699293 , -0.711851 , 0
0.706006 , -0.70641 , 0
0.712511 , -0.700761 , 0
0.718805 , -0.694904 , 0
0.724888 , -0.688843 , 0
0.730757 , -0.682579 , 0
0.73641 , -0.676113 , 0
0.741846 , -0.669448 , 0
0.747063 , -0.662586 , 0
0.752059 , -0.655527 , 0
0.756832 , -0.648273 , 0
0.761379 , -0.640827 , 0
0.765699 , -0.633189 , 0
0.769788 , -0.625361 , 0
0.773645 , -0.617343 , 0
0.777267 , -0.609139 , 0
0.780651 , -0.600747 , 0
0.783794 , -0.592171 , 0
0.786694 , -0.58341 , 0
0.789347 , -0.574467 , 0
0.79175 , -0.565341 , 0
0.793899 , -0.556035 , 0
0.795792 , -0.546548 , 0
0.797423 , -0.536883 , 0
0.798791 , -0.527039 , 0
0.799889 , -0.517018 , 0
0.800715 , -0.506821 , 0
0.801264 , -0.496448 , 0
0.80153 , -0.485901 , 0
