x , y , z
1 , 0 , 0
0.998821 , 0.0472097 , 0
0.996465 , 0.0943638 , 0
0.992937 , 0.141407 , 0
0.988248 , 0.188285 , 0
0.982416 , 0.234945 , 0
0.97546 , 0.281336 , 0
0.967405 , 0.32741 , 0
0.95828 , 0.373122 , 0
0.948115 , 0.418429 , 0
0.936947 , 0.463294 , 0
0.924811 , 0.50768 , 0
0.911747 , 0.551556 , 0
0.897795 , 0.594895 , 0
0.882995 , 0.637673 , 0
0.86739 , 0.679869 , 0
0.851021 , 0.721466 , 0
0.833929 , 0.76245 , 0
0.816156 , 0.802812 , 0
0.797742 , 0.842543 , 0
0.778726 , 0.881638 , 0
0.759146 , 0.920094 , 0
0.739038 , 0.957912 , 0
0.718439 , 0.995092 , 0
0.697381 , 1.03164 , 0
0.675898 , 1.06755 , 0
0.65402 , 1.10284 , 0
0.631776 , 1.13752 , 0
0.609194 , 1.17159 , 0
0.5863 , 1.20505 , 0
0.563119 , 1.23793 , 0
0.539673 , 1.27022 , 0
0.515986 , 1.30195 , 0
0.492078 , 1.33312 , 0
0.467967 , 1.36374 , 0
0.443672 , 1.39382 , 0
0.419211 , 1.42338 , 0
0.394598 , 1.45242 , 0
0.369848 , 1.48097 , 0
0.344976 , 1.50902 , 0
0.319994 , 1.53659 , 0
0.294915 , 1.56369 , 0
0.269749 , 1.59034 , 0
0.244508 , 1.61654 , 0
0.2192 , 1.6423 , 0
0.193836 , 1.66764 , 0
0.168424 , 1.69256 , 0
0.142971 , 1.71708 , 0
0.117485 , 1.7412 , 0
0.0919734 , 1.76494 , 0
0.0664419 , 1.7883 , 0
0.0408968 , 1.81129 , 0
0.0153436 , 1.83392 , 0
-0.0102125 , 1.8562 , 0
-0.0357668 , 1.87814 , 0
-0.0613147 , 1.89974 , 0
-0.0868521 , 1.92102 , 0
-0.112375 , 1.94198 , 0
-0.13788 , 1.96263 , 0
-0.163364 , 1.98297 , 0
-0.188823 , 2.00302 , 0
-0.214255 , 2.02278 , 0
-0.239657 , 2.04226 , 0
-0.265026 , 2.06145 , 0
-0.29036 , 2.08038 , 0
-0.315658 , 2.09905 , 0
-0.340917 , 2.11745 , 0
-0.366135 , 2.1356 , 0
-0.39131 , 2.1535 , 0
-0.416442 , 2.17117 , 0
-0.441528 , 2.18859 , 0
-0.466567 , 2.20578 , 0
-0.491559 , 2.22275 , 0
-0.516501 , 2.23949 , 0
-0.541393 , 2.25602 , 0
-0.566234 , 2.27233 , 0
-0.591023 , 2.28844 , 0
-0.615759 , 2.30434 , 0
-0.640442 , 2.32004 , 0
-0.665071 , 2.33554 , 0
-0.689644 , 2.35086 , 0
-0.714163 , 2.36598 , 0
-0.738626 , 2.38092 , 0
-0.763032 , 2.39568 , 0
-0.787382 , 2.41026 , 0
-0.811675 , 2.42466 , 0
-0.835911 , 2.4389 , 0
-0.86009 , 2.45296 , 0
-0.88421 , 2.46687 , 0
-0.908273 , 2.48061 , 0
-0.932277 , 2.49419 , 0
-0.956224 , 2.50761 , 0
-0.980112 , 2.52089 , 0
-1.00394 , 2.53401 , 0
-1.02771 , 2.54699 , 0
-1.05143 , 2.55982 , 0
-1.07508 , 2.57251 , 0
-1.09868 , 2.58505 , 0
-1.12221 , 2.59746 , 0
-1.14569 , 2.60974 , 0
-1.16911 , 2.62188 , 0
-1.19247 , 2.6339 , 0
-1.21578 , 2.64578 , 0
-1.23902 , 2.65754 , 0
-1.26221 , 2.66917 , 0
-1.28534 , 2.68068 , 0
-1.30842 , 2.69207 , 0
-1.33143 , 2.70334 , 0
-1.35439 , 2.7145 , 0
-1.37729 , 2.72554 , 0
-1.40013 , 2.73647 , 0
-1.42292 , 2.74729 , 0
-1.44565 , 2.75799 , 0
-1.46832 , 2.76859 , 0
-1.49094 , 2.77909 , 0
-1.5135 , 2.78948 , 0
-1.53601 , 2.79977 , 0
-1.55846 , 2.80995 , 0
-1.58085 , 2.82004 , 0
-1.60319 , 2.83002 , 0
-1.62548 , 2.83991 , 0
-1.64771 , 2.84971 , 0
-1.66988 , 2.85941 , 0
-1.692 , 2.86902 , 0
-1.71407 , 2.87853 , 0
-1.73608 , 2.88796 , 0
-1.75804 , 2.8973 , 0
-1.77995 , 2.90655 , 0
-1.8018 , 2.91571 , 0
-1.82361 , 2.92479 , 0
-1.84535 , 2.93378 , 0
-1.86705 , 2.94269 , 0
-1.88869 , 2.95152 , 0
-1.91029 , 2.96026 , 0
-1.93183 , 2.96893 , 0
-1.95332 , 2.97752 , 0
-1.97476 , 2.98603 , 0
-1.99615 , 2.99447 , 0
-2.01748 , 3.00282 , 0
-2.03877 , 3.01111 , 0
-2.06001 , 3.01932 , 0
-2.08119 , 3.02746 , 0
-2.10233 , 3.03552 , 0
-2.12342 , 3.04351 , 0
-2.14446 , 3.05144 , 0
-2.16545 , 3.05929 , 0
-2.1864 , 3.06708 , 0
-2.20729 , 3.0748 , 0
-2.22814 , 3.08245 , 0
-2.24894 , 3.09003 , 0
-2.26969 , 3.09755 , 0
-2.29039 , 3.10501 , 0
-2.31105 , 3.1124 , 0
-2.33166 , 3.11973 , 0
-2.35222 , 3.127 , 0
-2.37274 , 3.1342 , 0
-2.39321 , 3.14135 , 0
-2.41364 , 3.14843 , 0
-2.43402 , 3.15546 , 0
-2.45435 , 3.16242 , 0
-2.47464 , 3.16933 , 0
-2.49488 , 3.17618 , 0
-2.51508 , 3.18297 , 0
-2.53524 , 3.18971 , 0
-2.55535 , 3.19639 , 0
-2.57542 , 3.20302 , 0
-2.59544 , 3.20959 , 0
-2.61542 , 3.21611 , 0
-2.63536 , 3.22258 , 0
-2.65525 , 3.22899 , 0
-2.67511 , 3.23535 , 0
-2.69491 , 3.24166 , 0
-2.71468 , 3.24792 , 0
-2.7344 , 3.25412 , 0
-2.75409 , 3.26028 , 0
-2.77373 , 3.26639 , 0
-2.79332 , 3.27245 , 0
-2.81288 , 3.27846 , 0
-2.8324 , 3.28442 , 0
-2.85187 , 3.29034 , 0
-2.87131 , 3.29621 , 0
-2.8907 , 3.30203 , 0
-2.91005 , 3.30781 , 0
-2.92937 , 3.31354 , 0
-2.94864 , 3.31922 , 0
-2.96788 , 3.32486 , 0
-2.98707 , 3.33046 , 0
-3.00622 , 3.33601 , 0
-3.02534 , 3.34152 , 0
-3.04442 , 3.34698 , 0
-3.06346 , 3.35241 , 0
-3.08246 , 3.35779 , 0
-3.10142 , 3.36313 , 0
-3.12034 , 3.36843 , 0
-3.13922 , 3.37368 , 0
-3.15807 , 3.3789 , 0
-3.17688 , 3.38407 , 0
-3.19565 , 3.38921 , 0
-3.21439 , 3.39431 , 0
-3.23309 , 3.39936 , 0
-3.25175 , 3.40438 , 0
-3.27037 , 3.40936 , 0
-3.28896 , 3.41431 , 0
-3.30751 , 3.41921 , 0
-3.32603 , 3.42408 , 0
-3.3445 , 3.42891 , 0
-3.36295 , 3.4337 , 0
-3.38135 , 3.43846 , 0
-3.39973 , 3.44318 , 0
-3.41806 , 3.44786 , 0
-3.43636 , 3.45251 , 0
-3.45463 , 3.45712 , 0
-3.47286 , 3.4617 , 0
-3.49106 , 3.46625 , 0
-3.50922 , 3.47076 , 0
-3.52735 , 3.47523 , 0
-3.54544 , 3.47967 , 0
-3.5635 , 3.48408 , 0
-3.58153 , 3.48846 , 0
-3.59952 , 3.4928 , 0
-3.61748 , 3.49711 , 0
-3.6354 , 3.50139 , 0
-3.65329 , 3.50563 , 0
-3.67115 , 3.50985 , 0
-3.68897 , 3.51403 , 0
-3.70677 , 3.51818 , 0
-3.72452 , 3.5223 , 0
-3.74225 , 3.52639 , 0
-3.75995 , 3.53045 , 0
-3.77761 , 3.53447 , 0
-3.79524 , 3.53847 , 0
-3.81283 , 3.54244 , 0
-3.8304 , 3.54638 , 0
-3.84793 , 3.55029 , 0
-3.86544 , 3.55417 , 0
-3.88291 , 3.55802 , 0
-3.90035 , 3.56184 , 0
-3.91776 , 3.56563 , 0
-3.93513 , 3.5694 , 0
-3.95248 , 3.57314 , 0
-3.9698 , 3.57685 , 0
-3.98708 , 3.58053 , 0
-4.00434 , 3.58418 , 0
-4.02156 , 3.58781 , 0
-4.03875 , 3.59141 , 0
-4.05592 , 3.59498 , 0
-4.07305 , 3.59853 , 0
-4.09015 , 3.60205 , 0
-4.10723 , 3.60554 , 0
-4.12427 , 3.60901 , 0
-4.14129 , 3.61245 , 0
-4.15827 , 3.61587 , 0
-4.17523 , 3.61926 , 0
-4.19216 , 3.62263 , 0
-4.20905 , 3.62597 , 0
-4.22592 , 3.62928 , 0
-4.24276 , 3.63257 , 0
-4.25957 , 3.63584 , 0
-4.27636 , 3.63908 , 0
-4.29311 , 3.6423 , 0
-4.30984 , 3.64549 , 0
-4.32653 , 3.64866 , 0
-4.3432 , 3.65181 , 0
-4.35984 , 3.65493 , 0
-4.37646 , 3.65803 , 0
-4.39304 , 3.66111 , 0
-4.4096 , 3.66416 , 0
-4.42613 , 3.66719 , 0
-4.44263 , 3.6702 , 0
-4.45911 , 3.67318 , 0
-4.47556 , 3.67614 , 0
-4.49198 , 3.67908 , 0
-4.50837 , 3.682 , 0
-4.52474 , 3.6849 , 0
-4.54108 , 3.68777 , 0
-4.5574 , 3.69062 , 0
-4.57368 , 3.69345 , 0
-4.58994 , 3.69626 , 0
-4.60618 , 3.69905 , 0
-4.62238 , 3.70182 , 0
-4.63857 , 3.70456 , 0
-4.65472 , 3.70729 , 0
-4.67085 , 3.70999 , 0
-4.68695 , 3.71267 , 0
-4.70303 , 3.71534 , 0
-4.71908 , 3.71798 , 0
-4.73511 , 3.7206 , 0
-4.75111 , 3.7232 , 0
-4.76708 , 3.72579 , 0
-4.78303 , 3.72835 , 0
-4.79896 , 3.73089 , 0
-4.81486 , 3.73341 , 0
-4.83073 , 3.73592 , 0
-4.84658 , 3.7384 , 0
-4.86241 , 3.74087 , 0
-4.8782 , 3.74331 , 0
-4.89398 , 3.74574 , 0
-4.90973 , 3.74815 , 0
-4.92545 , 3.75054 , 0
-4.94116 , 3.75291 , 0
-4.95683 , 3.75526 , 0
-4.97248 , 3.75759 , 0
-4.98811 , 3.75991 , 0
-5.00372 , 3.76221 , 0
-5.0193 , 3.76449 , 0
-5.03485 , 3.76675 , 0
-5.05038 , 3.76899 , 0
-5.06589 , 3.77122 , 0
-5.08138 , 3.77343 , 0
-5.09684 , 3.77562 , 0
-5.11228 , 3.77779 , 0
-5.12769 , 3.77995 , 0
-5.14308 , 3.78208 , 0
-5.15845 , 3.7842 , 0
-5.17379 , 3.78631 , 0
-5.18911 , 3.7884 , 0
-5.20441 , 3.79047 , 0
-5.21968 , 3.79252 , 0
-5.23494 , 3.79456 , 0
-5.25017 , 3.79658 , 0
-5.26537 , 3.79858 , 0
-5.28056 , 3.80057 , 0
-5.29572 , 3.80254 , 0
-5.31085 , 3.8045 , 0
-5.32597 , 3.80644 , 0
-5.34106 , 3.80836 , 0
-5.35614 , 3.81027 , 0
-5.37119 , 3.81216 , 0
-5.38621 , 3.81404 , 0
-5.40122 , 3.8159 , 0
-5.4162 , 3.81774 , 0
-5.43116 , 3.81957 , 0
-5.4461 , 3.82138 , 0
-5.46102 , 3.82318 , 0
-5.47591 , 3.82496 , 0
-5.49079 , 3.82673 , 0
-5.50564 , 3.82849 , 0
-5.52047 , 3.83022 , 0
-5.53528 , 3.83195 , 0
-5.55007 , 3.83366 , 0
-5.56483 , 3.83535 , 0
-5.57958 , 3.83703 , 0
-5.5943 , 3.83869 , 0
-5.60901 , 3.84034 , 0
-5.62369 , 3.84198 , 0
-5.63835 , 3.8436 , 0
-5.65299 , 3.84521 , 0
-5.66761 , 3.8468 , 0
-5.68221 , 3.84838 , 0
-5.69678 , 3.84994 , 0
-5.71134 , 3.85149 , 0
-5.72588 , 3.85303 , 0
-5.74039 , 3.85455 , 0
-5.75489 , 3.85606 , 0
-5.76936 , 3.85756 , 0
-5.78382 , 3.85904 , 0
-5.79825 , 3.86051 , 0
-5.81267 , 3.86196 , 0
-5.82706 , 3.86341 , 0
-5.84144 , 3.86483 , 0
-5.85579 , 3.86625 , 0
-5.87012 , 3.86765 , 0
-5.88444 , 3.86904 , 0
-5.89873 , 3.87042 , 0
-5.91301 , 3.87178 , 0
-5.92726 , 3.87313 , 0
-5.9415 , 3.87446 , 0
-5.95571 , 3.87579 , 0
-5.96991 , 3.8771 , 0
-5.98408 , 3.8784 , 0
-5.99824 , 3.87968 , 0
-6.01238 , 3.88096 , 0
-6.02649 , 3.88222 , 0
-6.04059 , 3.88347 , 0
-6.05467 , 3.8847 , 0
-6.06873 , 3.88593 , 0
-6.08277 , 3.88714 , 0
-6.0968 , 3.88834 , 0
-6.1108 , 3.88953 , 0
-6.12478 , 3.8907 , 0
-6.13875 , 3.89186 , 0
-6.1527 , 3.89302 , 0
-6.16662 , 3.89416 , 0
-6.18053 , 3.89528 , 0
-6.19442 , 3.8964 , 0
-6.20829 , 3.8975 , 0
-6.22215 , 3.8986 , 0
-6.23598 , 3.89968 , 0
-6.2498 , 3.90075 , 0
-6.26359 , 3.9018 , 0
-6.27737 , 3.90285 , 0
-6.29113 , 3.90389 , 0
-6.30488 , 3.90491 , 0
-6.3186 , 3.90592 , 0
-6.33231 , 3.90692 , 0
-6.346 , 3.90791 , 0
-6.35967 , 3.90889 , 0
-6.37332 , 3.90986 , 0
-6.38695 , 3.91082 , 0
-6.40057 , 3.91176 , 0
-6.41417 , 3.9127 , 0
-6.42775 , 3.91362 , 0
-6.44131 , 3.91453 , 0
-6.45485 , 3.91544 , 0
-6.46838 , 3.91633 , 0
-6.48189 , 3.91721 , 0
-6.49538 , 3.91808 , 0
-6.50886 , 3.91894 , 0
-6.52231 , 3.91979 , 0
-6.53575 , 3.92063 , 0
-6.54918 , 3.92145 , 0
-6.56258 , 3.92227 , 0
-6.57597 , 3.92308 , 0
-6.58934 , 3.92388 , 0
-6.60269 , 3.92466 , 0
-6.61603 , 3.92544 , 0
-6.62935 , 3.92621 , 0
-6.64265 , 3.92696 , 0
-6.65593 , 3.92771 , 0
-6.6692 , 3.92845 , 0
-6.68245 , 3.92917 , 0
-6.69568 , 3.92989 , 0
-6.7089 , 3.9306 , 0
-6.7221 , 3.93129 , 0
-6.73528 , 3.93198 , 0
-6.74845 , 3.93266 , 0
-6.7616 , 3.93332 , 0
-6.77473 , 3.93398 , 0
-6.78785 , 3.93463 , 0
-6.80095 , 3.93527 , 0
-6.81403 , 3.9359 , 0
-6.8271 , 3.93652 , 0
-6.84015 , 3.93713 , 0
-6.85318 , 3.93773 , 0
-6.8662 , 3.93832 , 0
-6.8792 , 3.9389 , 0
-6.89219 , 3.93947 , 0
-6.90516 , 3.94003 , 0
-6.91811 , 3.94059 , 0
-6.93105 , 3.94113 , 0
-6.94397 , 3.94167 , 0
-6.95687 , 3.94219 , 0
-6.96976 , 3.94271 , 0
-6.98263 , 3.94322 , 0
-6.99549 , 3.94372 , 0
-7.00833 , 3.94421 , 0
-7.02115 , 3.94469 , 0
-7.03396 , 3.94516 , 0
-7.04675 , 3.94563 , 0
-7.05953 , 3.94608 , 0
-7.07229 , 3.94653 , 0
-7.08504 , 3.94696 , 0
-7.09777 , 3.94739 , 0
-7.11048 , 3.94781 , 0
-7.12318 , 3.94822 , 0
-7.13586 , 3.94863 , 0
-7.14853 , 3.94902 , 0
-7.16118 , 3.9494 , 0
-7.17382 , 3.94978 , 0
-7.18644 , 3.95015 , 0
-7.19905 , 3.95051 , 0
-7.21164 , 3.95086 , 0
-7.22421 , 3.9512 , 0
-7.23677 , 3.95154 , 0
-7.24932 , 3.95186 , 0
-7.26185 , 3.95218 , 0
-7.27436 , 3.95249 , 0
-7.28686 , 3.95279 , 0
-7.29935 , 3.95309 , 0
-7.31182 , 3.95337 , 0
-7.32427 , 3.95365 , 0
-7.33671 , 3.95392 , 0
-7.34913 , 3.95418 , 0
-7.36154 , 3.95443 , 0
-7.37394 , 3.95468 , 0
-7.38632 , 3.95492 , 0
-7.39868 , 3.95515 , 0
-7.41103 , 3.95537 , 0
-7.42337 , 3.95558 , 0
-7.43569 , 3.95579 , 0
-7.448 , 3.95598 , 0
-7.46029 , 3.95617 , 0
-7.47257 , 3.95636 , 0
-7.48483 , 3.95653 , 0
-7.49708 , 3.9567 , 0
-7.50931 , 3.95686 , 0
-7.52153 , 3.95701 , 0
-7.53373 , 3.95715 , 0
-7.54592 , 3.95729 , 0
-7.5581 , 3.95742 , 0
-7.57026 , 3.95754 , 0
-7.58241 , 3.95765 , 0
-7.59454 , 3.95776 , 0
-7.60666 , 3.95786 , 0
-7.61876 , 3.95795 , 0
-7.63085 , 3.95803 , 0
-7.64293 , 3.95811 , 0
-7.65499 , 3.95818 , 0
-7.66704 , 3.95824 , 0
-7.67907 , 3.9583 , 0
-7.69109 , 3.95835 , 0
-7.70309 , 3.95839 , 0
-7.71509 , 3.95842 , 0
-7.72706 , 3.95845 , 0
-7.73903 , 3.95846 , 0
-7.75098 , 3.95848 , 0
-7.76291 , 3.95848 , 0
-7.77483 , 3.95848 , 0
-7.78674 , 3.95847 , 0
-7.79864 , 3.95845 , 0
-7.81052 , 3.95843 , 0
-7.82238 , 3.9584 , 0
-7.83424 , 3.95836 , 0
-7.84608 , 3.95832 , 0
-7.8579 , 3.95827 , 0
-7.86972 , 3.95821 , 0
-7.88152 , 3.95815 , 0
-7.8933 , 3.95808 , 0
-7.90507 , 3.958 , 0
-7.91683 , 3.95791 , 0
-7.92858 , 3.95782 , 0
-7.94031 , 3.95772 , 0
-7.95202 , 3.95762 , 0
-7.96373 , 3.95751 , 0
-7.97542 , 3.95739 , 0
-7.9871 , 3.95726 , 0
-7.99876 , 3.95713 , 0
-8.01041 , 3.95699 , 0
-8.02205 , 3.95685 , 0
-8.03368 , 3.9567 , 0
-8.04529 , 3.95654 , 0
-8.05689 , 3.95638 , 0
-8.06847 , 3.95621 , 0
-8.08005 , 3.95603 , 0
-8.09161 , 3.95585 , 0
-8.10315 , 3.95566 , 0
-8.11468 , 3.95546 , 0
-8.1262 , 3.95526 , 0
-8.13771 , 3.95505 , 0
-8.14921 , 3.95483 , 0
-8.16069 , 3.95461 , 0
-8.17216 , 3.95439 , 0
-8.18361 , 3.95415 , 0
-8.19505 , 3.95391 , 0
-8.20648 , 3.95367 , 0
-8.2179 , 3.95341 , 0
-8.22931 , 3.95316 , 0
-8.2407 , 3.95289 , 0
-8.25208 , 3.95262 , 0
-8.26344 , 3.95234 , 0
-8.2748 , 3.95206 , 0
-8.28614 , 3.95177 , 0
-8.29746 , 3.95148 , 0
-8.30878 , 3.95118 , 0
-8.32008 , 3.95087 , 0
-8.33137 , 3.95056 , 0
-8.34265 , 3.95024 , 0
-8.35392 , 3.94991 , 0
-8.36517 , 3.94958 , 0
-8.37641 , 3.94925 , 0
-8.38764 , 3.9489 , 0
-8.39885 , 3.94856 , 0
-8.41006 , 3.9482 , 0
-8.42125 , 3.94784 , 0
-8.43243 , 3.94748 , 0
-8.44359 , 3.94711 , 0
-8.45475 , 3.94673 , 0
-8.46589 , 3.94635 , 0
-8.47702 , 3.94596 , 0
-8.48814 , 3.94556 , 0
-8.49924 , 3.94516 , 0
-8.51033 , 3.94476 , 0
-8.52141 , 3.94435 , 0
-8.53248 , 3.94393 , 0
-8.54354 , 3.94351 , 0
-8.55458 , 3.94308 , 0
-8.56562 , 3.94265 , 0
-8.57664 , 3.94221 , 0
-8.58764 , 3.94176 , 0
-8.59864 , 3.94131 , 0
-8.60962 , 3.94086 , 0
-8.6206 , 3.94039 , 0
-8.63156 , 3.93993 , 0
-8.64251 , 3.93946 , 0
-8.65344 , 3.93898 , 0
-8.66437 , 3.9385 , 0
-8.67528 , 3.93801 , 0
-8.68618 , 3.93751 , 0
-8.69707 , 3.93702 , 0
-8.70795 , 3.93651 , 0
-8.71881 , 3.936 , 0
-8.72967 , 3.93549 , 0
-8.74051 , 3.93497 , 0
-8.75134 , 3.93444 , 0
-8.76216 , 3.93391 , 0
-8.77297 , 3.93338 , 0
-8.78376 , 3.93283 , 0
-8.79455 , 3.93229 , 0
-8.80532 , 3.93174 , 0
-8.81608 , 3.93118 , 0
-8.82683 , 3.93062 , 0
-8.83757 , 3.93005 , 0
-8.84829 , 3.92948 , 0
-8.85901 , 3.9289 , 0
-8.86971 , 3.92832 , 0
-8.8804 , 3.92773 , 0
-8.89108 , 3.92714 , 0
-8.90175 , 3.92654 , 0
-8.91241 , 3.92594 , 0
-8.92305 , 3.92533 , 0
-8.93369 , 3.92472 , 0
-8.94431 , 3.9241 , 0
-8.95492 , 3.92348 , 0
-8.96552 , 3.92285 , 0
-8.97611 , 3.92222 , 0
-8.98669 , 3.92158 , 0
-8.99726 , 3.92094 , 0
-9.00781 , 3.92029 , 0
-9.01836 , 3.91964 , 0
-9.02889 , 3.91899 , 0
-9.03942 , 3.91832 , 0
-9.04993 , 3.91766 , 0
-9.06043 , 3.91699 , 0
-9.07092 , 3.91631 , 0
-9.08139 , 3.91563 , 0
-9.09186 , 3.91494 , 0
-9.10232 , 3.91425 , 0
-9.11276 , 3.91356 , 0
-9.12319 , 3.91286 , 0
-9.13362 , 3.91215 , 0
-9.14403 , 3.91145 , 0
-9.15443 , 3.91073 , 0
-9.16482 , 3.91001 , 0
-9.1752 , 3.90929 , 0
-9.18557 , 3.90856 , 0
-9.19592 , 3.90783 , 0
-9.20627 , 3.90709 , 0
-9.2166 , 3.90635 , 0
-9.22693 , 3.9056 , 0
-9.23724 , 3.90485 , 0
-9.24754 , 3.9041 , 0
-9.25784 , 3.90334 , 0
-9.26812 , 3.90257 , 0
-9.27839 , 3.9018 , 0
-9.28865 , 3.90103 , 0
-9.2989 , 3.90025 , 0
-9.30914 , 3.89947 , 0
-9.31936 , 3.89868 , 0
-9.32958 , 3.89789 , 0
-9.33979 , 3.8971 , 0
-9.34998 , 3.89629 , 0
-9.36017 , 3.89549 , 0
-9.37034 , 3.89468 , 0
-9.38051 , 3.89387 , 0
-9.39066 , 3.89305 , 0
-9.4008 , 3.89223 , 0
-9.41094 , 3.8914 , 0
-9.42106 , 3.89057 , 0
-9.43117 , 3.88973 , 0
-9.44127 , 3.88889 , 0
-9.45136 , 3.88805 , 0
-9.46144 , 3.8872 , 0
-9.47151 , 3.88635 , 0
-9.48157 , 3.88549 , 0
-9.49162 , 3.88463 , 0
-9.50166 , 3.88377 , 0
-9.51169 , 3.8829 , 0
-9.52171 , 3.88202 , 0
-9.53171 , 3.88114 , 0
-9.54171 , 3.88026 , 0
-9.5517 , 3.87938 , 0
-9.56167 , 3.87849 , 0
-9.57164 , 3.87759 , 0
-9.5816 , 3.87669 , 0
-9.59154 , 3.87579 , 0
-9.60148 , 3.87488 , 0
-9.6114 , 3.87397 , 0
-9.62132 , 3.87306 , 0
-9.63122 , 3.87214 , 0
-9.64112 , 3.87121 , 0
-9.651 , 3.87028 , 0
-9.66088 , 3.86935 , 0
-9.67074 , 3.86842 , 0
-9.6806 , 3.86748 , 0
-9.69044 , 3.86653 , 0
-9.70028 , 3.86559 , 0
-9.7101 , 3.86463 , 0
-9.71992 , 3.86368 , 0
-9.72972 , 3.86272 , 0
-9.73951 , 3.86175 , 0
-9.7493 , 3.86079 , 0
-9.75907 , 3.85982 , 0
-9.76884 , 3.85884 , 0
-9.77859 , 3.85786 , 0
-9.78834 , 3.85688 , 0
-9.79807 , 3.85589 , 0
-9.8078 , 3.8549 , 0
-9.81751 , 3.8539 , 0
-9.82722 , 3.8529 , 0
-9.83691 , 3.8519 , 0
-9.8466 , 3.85089 , 0
-9.85627 , 3.84988 , 0
-9.86594 , 3.84887 , 0
-9.87559 , 3.84785 , 0
-9.88524 , 3.84683 , 0
-9.89488 , 3.8458 , 0
-9.9045 , 3.84477 , 0
-9.91412 , 3.84374 , 0
-9.92373 , 3.8427 , 0
-9.93332 , 3.84166 , 0
-9.94291 , 3.84062 , 0
-9.95249 , 3.83957 , 0
-9.96206 , 3.83852 , 0
-9.97162 , 3.83746 , 0
-9.98117 , 3.8364 , 0
-9.99071 , 3.83534 , 0
-10.0002 , 3.83427 , 0
-10.0098 , 3.8332 , 0
-10.0193 , 3.83213 , 0
-10.0288 , 3.83105 , 0
-10.0383 , 3.82997 , 0
-10.0477 , 3.82888 , 0
-10.0572 , 3.82779 , 0
-10.0667 , 3.8267 , 0
-10.0761 , 3.82561 , 0
-10.0856 , 3.82451 , 0
-10.095 , 3.8234 , 0
-10.1044 , 3.8223 , 0
-10.1139 , 3.82119 , 0
-10.1233 , 3.82007 , 0
-10.1327 , 3.81895 , 0
-10.142 , 3.81783 , 0
-10.1514 , 3.81671 , 0
-10.1608 , 3.81558 , 0
-10.1701 , 3.81445 , 0
-10.1795 , 3.81331 , 0
-10.1888 , 3.81217 , 0
-10.1982 , 3.81103 , 0
-10.2075 , 3.80989 , 0
-10.2168 , 3.80874 , 0
-10.2261 , 3.80758 , 0
-10.2354 , 3.80643 , 0
-10.2447 , 3.80527 , 0
-10.254 , 3.80411 , 0
-10.2632 , 3.80294 , 0
-10.2725 , 3.80177 , 0
-10.2817 , 3.8006 , 0
-10.291 , 3.79942 , 0
-10.3002 , 3.79824 , 0
-10.3094 , 3.79706 , 0
-10.3186 , 3.79587 , 0
-10.3278 , 3.79468 , 0
-10.337 , 3.79349 , 0
-10.3462 , 3.79229 , 0
-10.3554 , 3.79109 , 0
-10.3646 , 3.78989 , 0
-10.3737 , 3.78868 , 0
-10.3829 , 3.78747 , 0
-10.392 , 3.78626 , 0
-10.4011 , 3.78504 , 0
-10.4102 , 3.78382 , 0
-10.4194 , 3.7826 , 0
-10.4285 , 3.78137 , 0
-10.4375 , 3.78014 , 0
-10.4466 , 3.77891 , 0
-10.4557 , 3.77767 , 0
-10.4648 , 3.77643 , 0
-10.4738 , 3.77519 , 0
-10.4829 , 3.77394 , 0
-10.4919 , 3.77269 , 0
-10.5009 , 3.77144 , 0
-10.51 , 3.77018 , 0
-10.519 , 3.76893 , 0
-10.528 , 3.76766 , 0
-10.537 , 3.7664 , 0
-10.546 , 3.76513 , 0
-10.5549 , 3.76386 , 0
-10.5639 , 3.76258 , 0
-10.5729 , 3.76131 , 0
-10.5818 , 3.76002 , 0
-10.5908 , 3.75874 , 0
-10.5997 , 3.75745 , 0
-10.6086 , 3.75616 , 0
-10.6175 , 3.75487 , 0
-10.6264 , 3.75357 , 0
-10.6353 , 3.75227 , 0
-10.6442 , 3.75097 , 0
-10.6531 , 3.74966 , 0
-10.662 , 3.74836 , 0
-10.6708 , 3.74704 , 0
-10.6797 , 3.74573 , 0
-10.6885 , 3.74441 , 0
-10.6974 , 3.74309 , 0
-10.7062 , 3.74177 , 0
-10.715 , 3.74044 , 0
-10.7238 , 3.73911 , 0
-10.7326 , 3.73778 , 0
-10.7414 , 3.73644 , 0
-10.7502 , 3.7351 , 0
-10.759 , 3.73376 , 0
-10.7678 , 3.73241 , 0
-10.7765 , 3.73106 , 0
-10.7853 , 3.72971 , 0
-10.794 , 3.72836 , 0
-10.8028 , 3.727 , 0
-10.8115 , 3.72564 , 0
-10.8202 , 3.72428 , 0
-10.8289 , 3.72291 , 0
-10.8376 , 3.72154 , 0
-10.8463 , 3.72017 , 0
-10.855 , 3.7188 , 0
-10.8637 , 3.71742 , 0
-10.8723 , 3.71604 , 0
-10.881 , 3.71466 , 0
-10.8896 , 3.71327 , 0
-10.8983 , 3.71188 , 0
-10.9069 , 3.71049 , 0
-10.9155 , 3.7091 , 0
-10.9241 , 3.7077 , 0
-10.9327 , 3.7063 , 0
-10.9413 , 3.70489 , 0
-10.9499 , 3.70349 , 0
-10.9585 , 3.70208 , 0
-10.9671 , 3.70067 , 0
-10.9757 , 3.69925 , 0
-10.9842 , 3.69784 , 0
-10.9928 , 3.69642 , 0
-11.0013 , 3.69499 , 0
-11.0098 , 3.69357 , 0
-11.0184 , 3.69214 , 0
-11.0269 , 3.69071 , 0
-11.0354 , 3.68927 , 0
-11.0439 , 3.68784 , 0
-11.0524 , 3.6864 , 0
-11.0608 , 3.68496 , 0
-11.0693 , 3.68351 , 0
-11.0778 , 3.68206 , 0
-11.0862 , 3.68061 , 0
-11.0947 , 3.67916 , 0
-11.1031 , 3.6777 , 0
-11.1116 , 3.67624 , 0
-11.12 , 3.67478 , 0
-11.1284 , 3.67332 , 0
-11.1368 , 3.67185 , 0
-11.1452 , 3.67038 , 0
-11.1536 , 3.66891 , 0
-11.162 , 3.66744 , 0
-11.1704 , 3.66596 , 0
-11.1787 , 3.66448 , 0
-11.1871 , 3.663 , 0
-11.1954 , 3.66151 , 0
-11.2038 , 3.66002 , 0
-11.2121 , 3.65853 , 0
-11.2205 , 3.65704 , 0
-11.2288 , 3.65554 , 0
-11.2371 , 3.65404 , 0
-11.2454 , 3.65254 , 0
-11.2537 , 3.65104 , 0
-11.262 , 3.64953 , 0
-11.2703 , 3.64802 , 0
-11.2785 , 3.64651 , 0
-11.2868 , 3.645 , 0
-11.295 , 3.64348 , 0
-11.3033 , 3.64196 , 0
-11.3115 , 3.64044 , 0
-11.3198 , 3.63891 , 0
-11.328 , 3.63739 , 0
-11.3362 , 3.63586 , 0
-11.3444 , 3.63433 , 0
-11.3526 , 3.63279 , 0
-11.3608 , 3.63125 , 0
-11.369 , 3.62972 , 0
-11.3772 , 3.62817 , 0
-11.3853 , 3.62663 , 0
-11.3935 , 3.62508 , 0
-11.4016 , 3.62353 , 0
-11.4098 , 3.62198 , 0
-11.4179 , 3.62042 , 0
-11.4261 , 3.61887 , 0
-11.4342 , 3.61731 , 0
-11.4423 , 3.61575 , 0
-11.4504 , 3.61418 , 0
-11.4585 , 3.61261 , 0
-11.4666 , 3.61104 , 0
-11.4747 , 3.60947 , 0
-11.4827 , 3.6079 , 0
-11.4908 , 3.60632 , 0
-11.4989 , 3.60474 , 0
-11.5069 , 3.60316 , 0
-11.515 , 3.60158 , 0
-11.523 , 3.59999 , 0
-11.531 , 3.5984 , 0
-11.539 , 3.59681 , 0
-11.5471 , 3.59522 , 0
-11.5551 , 3.59362 , 0
-11.5631 , 3.59202 , 0
-11.571 , 3.59042 , 0
-11.579 , 3.58882 , 0
-11.587 , 3.58721 , 0
-11.595 , 3.5856 , 0
-11.6029 , 3.58399 , 0
-11.6109 , 3.58238 , 0
-11.6188 , 3.58077 , 0
-11.6268 , 3.57915 , 0
-11.6347 , 3.57753 , 0
-11.6426 , 3.57591 , 0
-11.6505 , 3.57428 , 0
-11.6584 , 3.57266 , 0
-11.6663 , 3.57103 , 0
-11.6742 , 3.56939 , 0
-11.6821 , 3.56776 , 0
-11.69 , 3.56612 , 0
-11.6978 , 3.56449 , 0
-11.7057 , 3.56285 , 0
-11.7136 , 3.5612 , 0
-11.7214 , 3.55956 , 0
-11.7292 , 3.55791 , 0
-11.7371 , 3.55626 , 0
-11.7449 , 3.55461 , 0
-11.7527 , 3.55295 , 0
-11.7605 , 3.5513 , 0
-11.7683 , 3.54964 , 0
-11.7761 , 3.54798 , 0
-11.7839 , 3.54631 , 0
-11.7917 , 3.54465 , 0
-11.7994 , 3.54298 , 0
-11.8072 , 3.54131 , 0
-11.815 , 3.53964 , 0
-11.8227 , 3.53796 , 0
-11.8304 , 3.53629 , 0
-11.8382 , 3.53461 , 0
-11.8459 , 3.53293 , 0
-11.8536 , 3.53124 , 0
-11.8613 , 3.52956 , 0
-11.869 , 3.52787 , 0
-11.8767 , 3.52618 , 0
-11.8844 , 3.52449 , 0
-11.8921 , 3.52279 , 0
-11.8998 , 3.5211 , 0
-11.9074 , 3.5194 , 0
-11.9151 , 3.5177 , 0
-11.9228 , 3.516 , 0
-11.9304 , 3.51429 , 0
-11.938 , 3.51258 , 0
-11.9457 , 3.51087 , 0
-11.9533 , 3.50916 , 0
-11.9609 , 3.50745 , 0
-11.9685 , 3.50573 , 0
-11.9761 , 3.50401 , 0
-11.9837 , 3.50229 , 0
-11.9913 , 3.50057 , 0
-11.9989 , 3.49885 , 0
-12.0064 , 3.49712 , 0
-12.014 , 3.49539 , 0
-12.0216 , 3.49366 , 0
-12.0291 , 3.49193 , 0
-12.0367 , 3.49019 , 0
-12.0442 , 3.48846 , 0
-12.0517 , 3.48672 , 0
-12.0593 , 3.48498 , 0
-12.0668 , 3.48323 , 0
-12.0743 , 3.48149 , 0
-12.0818 , 3.47974 , 0
-12.0893 , 3.47799 , 0
-12.0968 , 3.47624 , 0
-12.1042 , 3.47449 , 0
-12.1117 , 3.47273 , 0
-12.1192 , 3.47097 , 0
-12.1266 , 3.46921 , 0
-12.1341 , 3.46745 , 0
-12.1415 , 3.46569 , 0
-12.149 , 3.46392 , 0
-12.1564 , 3.46215 , 0
-12.1638 , 3.46038 , 0
-12.1712 , 3.45861 , 0
-12.1786 , 3.45684 , 0
-12.186 , 3.45506 , 0
-12.1934 , 3.45328 , 0
-12.2008 , 3.45151 , 0
-12.2082 , 3.44972 , 0
-12.2156 , 3.44794 , 0
-12.2229 , 3.44615 , 0
-12.2303 , 3.44437 , 0
-12.2376 , 3.44258 , 0
-12.245 , 3.44078 , 0
-12.2523 , 3.43899 , 0
-12.2596 , 3.43719 , 0
-12.267 , 3.4354 , 0
-12.2743 , 3.4336 , 0
-12.2816 , 3.4318 , 0
-12.2889 , 3.42999 , 0
-12.2962 , 3.42819 , 0
-12.3035 , 3.42638 , 0
-12.3108 , 3.42457 , 0
-12.318 , 3.42276 , 0
-12.3253 , 3.42095 , 0
-12.3326 , 3.41913 , 0
-12.3398 , 3.41731 , 0
-12.3471 , 3.41549 , 0
-12.3543 , 3.41367 , 0
-12.3615 , 3.41185 , 0
-12.3688 , 3.41003 , 0
-12.376 , 3.4082 , 0
-12.3832 , 3.40637 , 0
-12.3904 , 3.40454 , 0
-12.3976 , 3.40271 , 0
-12.4048 , 3.40087 , 0
-12.412 , 3.39904 , 0
-12.4191 , 3.3972 , 0
-12.4263 , 3.39536 , 0
-12.4335 , 3.39352 , 0
-12.4406 , 3.39167 , 0
-12.4478 , 3.38983 , 0
-12.4549 , 3.38798 , 0
-12.4621 , 3.38613 , 0
-12.4692 , 3.38428 , 0
-12.4763 , 3.38243 , 0
-12.4834 , 3.38057 , 0
-12.4905 , 3.37872 , 0
-12.4976 , 3.37686 , 0
-12.5047 , 3.375 , 0
-12.5118 , 3.37314 , 0
-12.5189 , 3.37127 , 0
-12.526 , 3.36941 , 0
-12.5331 , 3.36754 , 0
-12.5401 , 3.36567 , 0
-12.5472 , 3.3638 , 0
-12.5542 , 3.36193 , 0
-12.5613 , 3.36005 , 0
-12.5683 , 3.35817 , 0
-12.5753 , 3.3563 , 0
-12.5823 , 3.35442 , 0
-12.5894 , 3.35253 , 0
-12.5964 , 3.35065 , 0
-12.6034 , 3.34876 , 0
-12.6104 , 3.34688 , 0
-12.6174 , 3.34499 , 0
-12.6243 , 3.3431 , 0
-12.6313 , 3.3412 , 0
-12.6383 , 3.33931 , 0
-12.6452 , 3.33741 , 0
-12.6522 , 3.33552 , 0
-12.6591 , 3.33362 , 0
-12.6661 , 3.33171 , 0
-12.673 , 3.32981 , 0
-12.6799 , 3.32791 , 0
-12.6869 , 3.326 , 0
-12.6938 , 3.32409 , 0
-12.7007 , 3.32218 , 0
-12.7076 , 3.32027 , 0
-12.7145 , 3.31836 , 0
-12.7214 , 3.31644 , 0
-12.7283 , 3.31452 , 0
-12.7351 , 3.3126 , 0
-12.742 , 3.31068 , 0
-12.7489 , 3.30876 , 0
-12.7557 , 3.30684 , 0
-12.7626 , 3.30491 , 0
-12.7694 , 3.30298 , 0
-12.7762 , 3.30106 , 0
-12.7831 , 3.29912 , 0
-12.7899 , 3.29719 , 0
-12.7967 , 3.29526 , 0
-12.8035 , 3.29332 , 0
-12.8103 , 3.29139 , 0
-12.8171 , 3.28945 , 0
-12.8239 , 3.28751 , 0
-12.8307 , 3.28556 , 0
-12.8375 , 3.28362 , 0
-12.8442 , 3.28167 , 0
-12.851 , 3.27973 , 0
-12.8578 , 3.27778 , 0
-12.8645 , 3.27583 , 0
-12.8712 , 3.27387 , 0
-12.878 , 3.27192 , 0
-12.8847 , 3.26996 , 0
-12.8914 , 3.26801 , 0
-12.8982 , 3.26605 , 0
-12.9049 , 3.26409 , 0
-12.9116 , 3.26212 , 0
-12.9183 , 3.26016 , 0
-12.925 , 3.25819 , 0
-12.9317 , 3.25623 , 0
-12.9383 , 3.25426 , 0
-12.945 , 3.25229 , 0
-12.9517 , 3.25032 , 0
-12.9583 , 3.24834 , 0
-12.965 , 3.24637 , 0
-12.9716 , 3.24439 , 0
-12.9783 , 3.24241 , 0
-12.9849 , 3.24043 , 0
-12.9915 , 3.23845 , 0
-12.9982 , 3.23647 , 0
-13.0048 , 3.23448 , 0
-13.0114 , 3.2325 , 0
-13.018 , 3.23051 , 0
-13.0246 , 3.22852 , 0
-13.0312 , 3.22653 , 0
-13.0378 , 3.22454 , 0
-13.0443 , 3.22254 , 0
-13.0509 , 3.22055 , 0
-13.0575 , 3.21855 , 0
-13.064 , 3.21655 , 0
-13.0706 , 3.21455 , 0
-13.0771 , 3.21255 , 0
-13.0837 , 3.21054 , 0
-13.0902 , 3.20854 , 0
-13.0967 , 3.20653 , 0
-13.1033 , 3.20452 , 0
-13.1098 , 3.20251 , 0
-13.1163 , 3.2005 , 0
-13.1228 , 3.19849 , 0
-13.1293 , 3.19647 , 0
-13.1358 , 3.19446 , 0
-13.1422 , 3.19244 , 0
-13.1487 , 3.19042 , 0
-13.1552 , 3.1884 , 0
-13.1617 , 3.18638 , 0
-13.1681 , 3.18436 , 0
-13.1746 , 3.18233 , 0
-13.181 , 3.18031 , 0
-13.1875 , 3.17828 , 0
-13.1939 , 3.17625 , 0
-13.2003 , 3.17422 , 0
-13.2067 , 3.17218 , 0
-13.2131 , 3.17015 , 0
-13.2196 , 3.16812 , 0
-13.226 , 3.16608 , 0
-13.2324 , 3.16404 , 0
-13.2387 , 3.162 , 0
-13.2451 , 3.15996 , 0
-13.2515 , 3.15792 , 0
-13.2579 , 3.15587 , 0
-13.2642 , 3.15383 , 0
-13.2706 , 3.15178 , 0
-13.277 , 3.14973 , 0
-13.2833 , 3.14768 , 0
-13.2896 , 3.14563 , 0
-13.296 , 3.14357 , 0
-13.3023 , 3.14152 , 0
-13.3086 , 3.13946 , 0
-13.3149 , 3.13741 , 0
-13.3212 , 3.13535 , 0
-13.3275 , 3.13329 , 0
-13.3338 , 3.13123 , 0
-13.3401 , 3.12916 , 0
-13.3464 , 3.1271 , 0
-13.3527 , 3.12503 , 0
-13.359 , 3.12296 , 0
-13.3652 , 3.12089 , 0
-13.3715 , 3.11882 , 0
-13.3778 , 3.11675 , 0
-13.384 , 3.11468 , 0
-13.3902 , 3.1126 , 0
-13.3965 , 3.11053 , 0
-13.4027 , 3.10845 , 0
-13.4089 , 3.10637 , 0
-13.4152 , 3.10429 , 0
-13.4214 , 3.10221 , 0
-13.4276 , 3.10013 , 0
-13.4338 , 3.09804 , 0
-13.44 , 3.09596 , 0
-13.4462 , 3.09387 , 0
-13.4523 , 3.09178 , 0
-13.4585 , 3.08969 , 0
-13.4647 , 3.0876 , 0
-13.4708 , 3.08551 , 0
-13.477 , 3.08341 , 0
-13.4832 , 3.08132 , 0
-13.4893 , 3.07922 , 0
-13.4954 , 3.07712 , 0
-13.5016 , 3.07502 , 0
-13.5077 , 3.07292 , 0
-13.5138 , 3.07082 , 0
-13.5199 , 3.06872 , 0
-13.526 , 3.06661 , 0
-13.5322 , 3.0645 , 0
-13.5383 , 3.0624 , 0
-13.5443 , 3.06029 , 0
-13.5504 , 3.05818 , 0
-13.5565 , 3.05606 , 0
-13.5626 , 3.05395 , 0
-13.5687 , 3.05184 , 0
-13.5747 , 3.04972 , 0
-13.5808 , 3.0476 , 0
-13.5868 , 3.04549 , 0
-13.5929 , 3.04337 , 0
-13.5989 , 3.04124 , 0
-13.6049 , 3.03912 , 0
-13.611 , 3.037 , 0
-13.617 , 3.03487 , 0
-13.623 , 3.03275 , 0
-13.629 , 3.03062 , 0
-13.635 , 3.02849 , 0
-13.641 , 3.02636 , 0
-13.647 , 3.02423 , 0
-13.653 , 3.02209 , 0
-13.659 , 3.01996 , 0
-13.6649 , 3.01782 , 0
-13.6709 , 3.01569 , 0
-13.6769 , 3.01355 , 0
-13.6828 , 3.01141 , 0
-13.6888 , 3.00927 , 0
-13.6947 , 3.00713 , 0
-13.7006 , 3.00498 , 0
-13.7066 , 3.00284 , 0
-13.7125 , 3.00069 , 0
-13.7184 , 2.99855 , 0
-13.7243 , 2.9964 , 0
-13.7303 , 2.99425 , 0
-13.7362 , 2.9921 , 0
-13.7421 , 2.98994 , 0
-13.7479 , 2.98779 , 0
-13.7538 , 2.98564 , 0
-13.7597 , 2.98348 , 0
-13.7656 , 2.98132 , 0
-13.7715 , 2.97916 , 0
-13.7773 , 2.977 , 0
-13.7832 , 2.97484 , 0
-13.789 , 2.97268 , 0
-13.7949 , 2.97052 , 0
-13.8007 , 2.96835 , 0
-13.8065 , 2.96619 , 0
-13.8124 , 2.96402 , 0
-13.8182 , 2.96185 , 0
-13.824 , 2.95968 , 0
-13.8298 , 2.95751 , 0
-13.8356 , 2.95534 , 0
-13.8414 , 2.95316 , 0
-13.8472 , 2.95099 , 0
-13.853 , 2.94881 , 0
-13.8588 , 2.94663 , 0
-13.8646 , 2.94446 , 0
-13.8703 , 2.94228 , 0
-13.8761 , 2.9401 , 0
-13.8818 , 2.93791 , 0
-13.8876 , 2.93573 , 0
-13.8933 , 2.93355 , 0
-13.8991 , 2.93136 , 0
-13.9048 , 2.92917 , 0
-13.9106 , 2.92698 , 0
-13.9163 , 2.9248 , 0
-13.922 , 2.92261 , 0
-13.9277 , 2.92041 , 0
-13.9334 , 2.91822 , 0
-13.9391 , 2.91603 , 0
-13.9448 , 2.91383 , 0
-13.9505 , 2.91163 , 0
-13.9562 , 2.90944 , 0
-13.9619 , 2.90724 , 0
-13.9675 , 2.90504 , 0
-13.9732 , 2.90284 , 0
-13.9789 , 2.90063 , 0
-13.9845 , 2.89843 , 0
-13.9902 , 2.89623 , 0
-13.9958 , 2.89402 , 0
-14.0015 , 2.89181 , 0
-14.0071 , 2.8896 , 0
-14.0127 , 2.8874 , 0
-14.0183 , 2.88518 , 0
-14.024 , 2.88297 , 0
-14.0296 , 2.88076 , 0
-14.0352 , 2.87855 , 0
-14.0408 , 2.87633 , 0
-14.0464 , 2.87411 , 0
-14.052 , 2.8719 , 0
-14.0575 , 2.86968 , 0
-14.0631 , 2.86746 , 0
-14.0687 , 2.86524 , 0
-14.0743 , 2.86302 , 0
-14.0798 , 2.86079 , 0
-14.0854 , 2.85857 , 0
-14.0909 , 2.85634 , 0
-14.0965 , 2.85412 , 0
-14.102 , 2.85189 , 0
-14.1075 , 2.84966 , 0
-14.1131 , 2.84743 , 0
-14.1186 , 2.8452 , 0
-14.1241 , 2.84297 , 0
-14.1296 , 2.84073 , 0
-14.1351 , 2.8385 , 0
-14.1406 , 2.83626 , 0
-14.1461 , 2.83403 , 0
-14.1516 , 2.83179 , 0
-14.1571 , 2.82955 , 0
-14.1626 , 2.82731 , 0
-14.168 , 2.82507 , 0
-14.1735 , 2.82283 , 0
-14.179 , 2.82058 , 0
-14.1844 , 2.81834 , 0
-14.1899 , 2.81609 , 0
-14.1953 , 2.81385 , 0
-14.2007 , 2.8116 , 0
-14.2062 , 2.80935 , 0
-14.2116 , 2.8071 , 0
-14.217 , 2.80485 , 0
-14.2224 , 2.8026 , 0
-14.2278 , 2.80034 , 0
-14.2333 , 2.79809 , 0
-14.2387 , 2.79583 , 0
-14.244 , 2.79358 , 0
-14.2494 , 2.79132 , 0
-14.2548 , 2.78906 , 0
-14.2602 , 2.7868 , 0
-14.2656 , 2.78454 , 0
-14.2709 , 2.78228 , 0
-14.2763 , 2.78001 , 0
-14.2816 , 2.77775 , 0
-14.287 , 2.77549 , 0
-14.2923 , 2.77322 , 0
-14.2977 , 2.77095 , 0
-14.303 , 2.76868 , 0
-14.3083 , 2.76642 , 0
-14.3137 , 2.76414 , 0
-14.319 , 2.76187 , 0
-14.3243 , 2.7596 , 0
-14.3296 , 2.75733 , 0
-14.3349 , 2.75505 , 0
-14.3402 , 2.75278 , 0
-14.3455 , 2.7505 , 0
-14.3508 , 2.74822 , 0
-14.3561 , 2.74594 , 0
-14.3613 , 2.74366 , 0
-14.3666 , 2.74138 , 0
-14.3719 , 2.7391 , 0
-14.3771 , 2.73682 , 0
-14.3824 , 2.73454 , 0
-14.3876 , 2.73225 , 0
-14.3929 , 2.72997 , 0
-14.3981 , 2.72768 , 0
-14.4033 , 2.72539 , 0
-14.4086 , 2.7231 , 0
-14.4138 , 2.72081 , 0
-14.419 , 2.71852 , 0
-14.4242 , 2.71623 , 0
-14.4294 , 2.71394 , 0
-14.4346 , 2.71164 , 0
-14.4398 , 2.70935 , 0
-14.445 , 2.70705 , 0
-14.4502 , 2.70475 , 0
-14.4553 , 2.70246 , 0
-14.4605 , 2.70016 , 0
-14.4657 , 2.69786 , 0
-14.4708 , 2.69556 , 0
-14.476 , 2.69325 , 0
-14.4811 , 2.69095 , 0
-14.4863 , 2.68865 , 0
-14.4914 , 2.68634 , 0
-14.4966 , 2.68403 , 0
-14.5017 , 2.68173 , 0
-14.5068 , 2.67942 , 0
-14.5119 , 2.67711 , 0
-14.517 , 2.6748 , 0
-14.5222 , 2.67249 , 0
-14.5273 , 2.67018 , 0
-14.5324 , 2.66787 , 0
-14.5374 , 2.66555 , 0
-14.5425 , 2.66324 , 0
-14.5476 , 2.66092 , 0
-14.5527 , 2.6586 , 0
-14.5578 , 2.65629 , 0
-14.5628 , 2.65397 , 0
-14.5679 , 2.65165 , 0
-14.5729 , 2.64933 , 0
-14.578 , 2.64701 , 0
-14.583 , 2.64468 , 0
-14.5881 , 2.64236 , 0
-14.5931 , 2.64004 , 0
-14.5981 , 2.63771 , 0
-14.6032 , 2.63538 , 0
-14.6082 , 2.63306 , 0
-14.6132 , 2.63073 , 0
-14.6182 , 2.6284 , 0
-14.6232 , 2.62607 , 0
-14.6282 , 2.62374 , 0
-14.6332 , 2.62141 , 0
-14.6382 , 2.61907 , 0
-14.6432 , 2.61674 , 0
-14.6481 , 2.6144 , 0
-14.6531 , 2.61207 , 0
-14.6581 , 2.60973 , 0
-14.663 , 2.60739 , 0
-14.668 , 2.60505 , 0
-14.6729 , 2.60272 , 0
-14.6779 , 2.60037 , 0
-14.6828 , 2.59803 , 0
-14.6877 , 2.59569 , 0
-14.6927 , 2.59335 , 0
-14.6976 , 2.591 , 0
-14.7025 , 2.58866 , 0
-14.7074 , 2.58631 , 0
-14.7123 , 2.58397 , 0
-14.7172 , 2.58162 , 0
-14.7221 , 2.57927 , 0
-14.727 , 2.57692 , 0
-14.7319 , 2.57457 , 0
-14.7368 , 2.57222 , 0
-14.7417 , 2.56987 , 0
-14.7465 , 2.56751 , 0
-14.7514 , 2.56516 , 0
-14.7563 , 2.5628 , 0
-14.7611 , 2.56045 , 0
-14.766 , 2.55809 , 0
-14.7708 , 2.55573 , 0
-14.7757 , 2.55337 , 0
-14.7805 , 2.55101 , 0
-14.7853 , 2.54865 , 0
-14.7902 , 2.54629 , 0
-14.795 , 2.54393 , 0
-14.7998 , 2.54157 , 0
-14.8046 , 2.5392 , 0
-14.8094 , 2.53684 , 0
-14.8142 , 2.53447 , 0
-14.819 , 2.53211 , 0
-14.8238 , 2.52974 , 0
-14.8286 , 2.52737 , 0
-14.8333 , 2.525 , 0
-14.8381 , 2.52263 , 0
-14.8429 , 2.52026 , 0
-14.8476 , 2.51789 , 0
-14.8524 , 2.51551 , 0
-14.8572 , 2.51314 , 0
-14.8619 , 2.51077 , 0
-14.8666 , 2.50839 , 0
-14.8714 , 2.50601 , 0
-14.8761 , 2.50364 , 0
-14.8808 , 2.50126 , 0
-14.8856 , 2.49888 , 0
-14.8903 , 2.4965 , 0
-14.895 , 2.49412 , 0
-14.8997 , 2.49174 , 0
-14.9044 , 2.48936 , 0
-14.9091 , 2.48697 , 0
-14.9138 , 2.48459 , 0
-14.9185 , 2.48221 , 0
-14.9232 , 2.47982 , 0
-14.9278 , 2.47743 , 0
-14.9325 , 2.47505 , 0
-14.9372 , 2.47266 , 0
-14.9418 , 2.47027 , 0
-14.9465 , 2.46788 , 0
-14.9511 , 2.46549 , 0
-14.9558 , 2.4631 , 0
-14.9604 , 2.46071 , 0
-14.9651 , 2.45831 , 0
-14.9697 , 2.45592 , 0
-14.9743 , 2.45352 , 0
-14.9789 , 2.45113 , 0
-14.9836 , 2.44873 , 0
-14.9882 , 2.44633 , 0
-14.9928 , 2.44394 , 0
-14.9974 , 2.44154 , 0
-15.002 , 2.43914 , 0
-15.0066 , 2.43674 , 0
-15.0111 , 2.43434 , 0
-15.0157 , 2.43193 , 0
-15.0203 , 2.42953 , 0
-15.0249 , 2.42713 , 0
-15.0294 , 2.42472 , 0
-15.034 , 2.42232 , 0
-15.0386 , 2.41991 , 0
-15.0431 , 2.4175 , 0
-15.0476 , 2.41509 , 0
-15.0522 , 2.41269 , 0
-15.0567 , 2.41028 , 0
-15.0613 , 2.40787 , 0
-15.0658 , 2.40546 , 0
-15.0703 , 2.40304 , 0
-15.0748 , 2.40063 , 0
-15.0793 , 2.39822 , 0
-15.0838 , 2.3958 , 0
-15.0883 , 2.39339 , 0
-15.0928 , 2.39097 , 0
-15.0973 , 2.38856 , 0
-15.1018 , 2.38614 , 0
-15.1063 , 2.38372 , 0
-15.1108 , 2.3813 , 0
-15.1152 , 2.37888 , 0
-15.1197 , 2.37646 , 0
-15.1241 , 2.37404 , 0
-15.1286 , 2.37162 , 0
-15.1331 , 2.36919 , 0
-15.1375 , 2.36677 , 0
-15.1419 , 2.36435 , 0
-15.1464 , 2.36192 , 0
-15.1508 , 2.35949 , 0
-15.1552 , 2.35707 , 0
-15.1597 , 2.35464 , 0
-15.1641 , 2.35221 , 0
-15.1685 , 2.34978 , 0
-15.1729 , 2.34735 , 0
-15.1773 , 2.34492 , 0
-15.1817 , 2.34249 , 0
-15.1861 , 2.34006 , 0
-15.1905 , 2.33763 , 0
-15.1948 , 2.33519 , 0
-15.1992 , 2.33276 , 0
-15.2036 , 2.33032 , 0
-15.208 , 2.32789 , 0
-15.2123 , 2.32545 , 0
-15.2167 , 2.32301 , 0
-15.221 , 2.32057 , 0
-15.2254 , 2.31814 , 0
-15.2297 , 2.3157 , 0
-15.234 , 2.31326 , 0
-15.2384 , 2.31081 , 0
-15.2427 , 2.30837 , 0
-15.247 , 2.30593 , 0
-15.2513 , 2.30349 , 0
-15.2557 , 2.30104 , 0
-15.26 , 2.2986 , 0
-15.2643 , 2.29615 , 0
-15.2686 , 2.29371 , 0
-15.2729 , 2.29126 , 0
-15.2771 , 2.28881 , 0
-15.2814 , 2.28636 , 0
-15.2857 , 2.28391 , 0
-15.29 , 2.28146 , 0
-15.2942 , 2.27901 , 0
-15.2985 , 2.27656 , 0
-15.3028 , 2.27411 , 0
-15.307 , 2.27166 , 0
-15.3113 , 2.2692 , 0
-15.3155 , 2.26675 , 0
-15.3198 , 2.26429 , 0
-15.324 , 2.26184 , 0
-15.3282 , 2.25938 , 0
-15.3324 , 2.25692 , 0
-15.3367 , 2.25446 , 0
-15.3409 , 2.25201 , 0
-15.3451 , 2.24955 , 0
-15.3493 , 2.24709 , 0
-15.3535 , 2.24463 , 0
-15.3577 , 2.24216 , 0
-15.3619 , 2.2397 , 0
-15.3661 , 2.23724 , 0
-15.3702 , 2.23478 , 0
-15.3744 , 2.23231 , 0
-15.3786 , 2.22985 , 0
-15.3828 , 2.22738 , 0
-15.3869 , 2.22491 , 0
-15.3911 , 2.22245 , 0
-15.3952 , 2.21998 , 0
-15.3994 , 2.21751 , 0
-15.4035 , 2.21504 , 0
-15.4077 , 2.21257 , 0
-15.4118 , 2.2101 , 0
-15.4159 , 2.20763 , 0
-15.42 , 2.20516 , 0
-15.4242 , 2.20268 , 0
-15.4283 , 2.20021 , 0
-15.4324 , 2.19774 , 0
-15.4365 , 2.19526 , 0
-15.4406 , 2.19279 , 0
-15.4447 , 2.19031 , 0
-15.4488 , 2.18783 , 0
-15.4528 , 2.18536 , 0
-15.4569 , 2.18288 , 0
-15.461 , 2.1804 , 0
-15.4651 , 2.17792 , 0
-15.4691 , 2.17544 , 0
-15.4732 , 2.17296 , 0
-15.4773 , 2.17048 , 0
-15.4813 , 2.168 , 0
-15.4854 , 2.16551 , 0
-15.4894 , 2.16303 , 0
-15.4934 , 2.16055 , 0
-15.4975 , 2.15806 , 0
-15.5015 , 2.15558 , 0
-15.5055 , 2.15309 , 0
-15.5095 , 2.1506 , 0
-15.5135 , 2.14811 , 0
-15.5176 , 2.14563 , 0
-15.5216 , 2.14314 , 0
-15.5256 , 2.14065 , 0
-15.5295 , 2.13816 , 0
-15.5335 , 2.13567 , 0
-15.5375 , 2.13318 , 0
-15.5415 , 2.13068 , 0
-15.5455 , 2.12819 , 0
-15.5494 , 2.1257 , 0
-15.5534 , 2.1232 , 0
-15.5574 , 2.12071 , 0
-15.5613 , 2.11821 , 0
-15.5653 , 2.11572 , 0
-15.5692 , 2.11322 , 0
-15.5732 , 2.11072 , 0
-15.5771 , 2.10823 , 0
-15.581 , 2.10573 , 0
-15.585 , 2.10323 , 0
-15.5889 , 2.10073 , 0
-15.5928 , 2.09823 , 0
-15.5967 , 2.09573 , 0
-15.6006 , 2.09323 , 0
-15.6045 , 2.09072 , 0
-15.6084 , 2.08822 , 0
-15.6123 , 2.08572 , 0
-15.6162 , 2.08321 , 0
-15.6201 , 2.08071 , 0
-15.624 , 2.0782 , 0
-15.6279 , 2.0757 , 0
-15.6317 , 2.07319 , 0
-15.6356 , 2.07068 , 0
-15.6395 , 2.06817 , 0
-15.6433 , 2.06567 , 0
-15.6472 , 2.06316 , 0
-15.651 , 2.06065 , 0
-15.6549 , 2.05814 , 0
-15.6587 , 2.05562 , 0
-15.6625 , 2.05311 , 0
-15.6664 , 2.0506 , 0
-15.6702 , 2.04809 , 0
-15.674 , 2.04557 , 0
-15.6778 , 2.04306 , 0
-15.6816 , 2.04055 , 0
-15.6854 , 2.03803 , 0
-15.6892 , 2.03551 , 0
-15.693 , 2.033 , 0
-15.6968 , 2.03048 , 0
-15.7006 , 2.02796 , 0
-15.7044 , 2.02544 , 0
-15.7082 , 2.02293 , 0
-15.7119 , 2.02041 , 0
-15.7157 , 2.01789 , 0
-15.7195 , 2.01536 , 0
-15.7232 , 2.01284 , 0
-15.727 , 2.01032 , 0
-15.7307 , 2.0078 , 0
-15.7345 , 2.00528 , 0
-15.7382 , 2.00275 , 0
-15.7419 , 2.00023 , 0
-15.7457 , 1.9977 , 0
-15.7494 , 1.99518 , 0
-15.7531 , 1.99265 , 0
-15.7568 , 1.99012 , 0
-15.7606 , 1.9876 , 0
-15.7643 , 1.98507 , 0
-15.768 , 1.98254 , 0
-15.7717 , 1.98001 , 0
-15.7754 , 1.97748 , 0
-15.779 , 1.97495 , 0
-15.7827 , 1.97242 , 0
-15.7864 , 1.96989 , 0
-15.7901 , 1.96736 , 0
-15.7938 , 1.96483 , 0
-15.7974 , 1.96229 , 0
-15.8011 , 1.95976 , 0
-15.8047 , 1.95722 , 0
-15.8084 , 1.95469 , 0
-15.812 , 1.95215 , 0
-15.8157 , 1.94962 , 0
-15.8193 , 1.94708 , 0
-15.823 , 1.94454 , 0
-15.8266 , 1.94201 , 0
-15.8302 , 1.93947 , 0
-15.8338 , 1.93693 , 0
-15.8374 , 1.93439 , 0
-15.8411 , 1.93185 , 0
-15.8447 , 1.92931 , 0
-15.8483 , 1.92677 , 0
-15.8519 , 1.92423 , 0
-15.8555 , 1.92169 , 0
-15.859 , 1.91914 , 0
-15.8626 , 1.9166 , 0
-15.8662 , 1.91406 , 0
-15.8698 , 1.91151 , 0
-15.8733 , 1.90897 , 0
-15.8769 , 1.90642 , 0
-15.8805 , 1.90388 , 0
-15.884 , 1.90133 , 0
-15.8876 , 1.89878 , 0
-15.8911 , 1.89623 , 0
-15.8947 , 1.89369 , 0
-15.8982 , 1.89114 , 0
-15.9017 , 1.88859 , 0
-15.9053 , 1.88604 , 0
-15.9088 , 1.88349 , 0
-15.9123 , 1.88094 , 0
-15.9158 , 1.87839 , 0
-15.9193 , 1.87583 , 0
-15.9228 , 1.87328 , 0
-15.9263 , 1.87073 , 0
-15.9298 , 1.86817 , 0
-15.9333 , 1.86562 , 0
-15.9368 , 1.86307 , 0
-15.9403 , 1.86051 , 0
-15.9438 , 1.85796 , 0
-15.9472 , 1.8554 , 0
-15.9507 , 1.85284 , 0
-15.9542 , 1.85028 , 0
-15.9576 , 1.84773 , 0
-15.9611 , 1.84517 , 0
-15.9645 , 1.84261 , 0
-15.968 , 1.84005 , 0
-15.9714 , 1.83749 , 0
-15.9749 , 1.83493 , 0
-15.9783 , 1.83237 , 0
-15.9817 , 1.82981 , 0
-15.9852 , 1.82725 , 0
-15.9886 , 1.82468 , 0
-15.992 , 1.82212 , 0
-15.9954 , 1.81956 , 0
-15.9988 , 1.81699 , 0
-16.0022 , 1.81443 , 0
-16.0056 , 1.81186 , 0
-16.009 , 1.8093 , 0
-16.0124 , 1.80673 , 0
-16.0158 , 1.80416 , 0
-16.0191 , 1.8016 , 0
-16.0225 , 1.79903 , 0
-16.0259 , 1.79646 , 0
-16.0293 , 1.79389 , 0
-16.0326 , 1.79132 , 0
-16.036 , 1.78875 , 0
-16.0393 , 1.78618 , 0
-16.0427 , 1.78361 , 0
-16.046 , 1.78104 , 0
-16.0493 , 1.77847 , 0
-16.0527 , 1.7759 , 0
-16.056 , 1.77333 , 0
-16.0593 , 1.77075 , 0
-16.0627 , 1.76818 , 0
-16.066 , 1.76561 , 0
-16.0693 , 1.76303 , 0
-16.0726 , 1.76046 , 0
-16.0759 , 1.75788 , 0
-16.0792 , 1.7553 , 0
-16.0825 , 1.75273 , 0
-16.0858 , 1.75015 , 0
-16.0891 , 1.74757 , 0
-16.0923 , 1.74499 , 0
-16.0956 , 1.74242 , 0
-16.0989 , 1.73984 , 0
-16.1021 , 1.73726 , 0
-16.1054 , 1.73468 , 0
-16.1087 , 1.7321 , 0
-16.1119 , 1.72952 , 0
-16.1152 , 1.72693 , 0
-16.1184 , 1.72435 , 0
-16.1217 , 1.72177 , 0
-16.1249 , 1.71919 , 0
-16.1281 , 1.7166 , 0
-16.1313 , 1.71402 , 0
-16.1346 , 1.71144 , 0
-16.1378 , 1.70885 , 0
-16.141 , 1.70627 , 0
-16.1442 , 1.70368 , 0
-16.1474 , 1.70109 , 0
-16.1506 , 1.69851 , 0
-16.1538 , 1.69592 , 0
-16.157 , 1.69333 , 0
-16.1602 , 1.69075 , 0
-16.1634 , 1.68816 , 0
-16.1665 , 1.68557 , 0
-16.1697 , 1.68298 , 0
-16.1729 , 1.68039 , 0
-16.176 , 1.6778 , 0
-16.1792 , 1.67521 , 0
-16.1824 , 1.67262 , 0
-16.1855 , 1.67002 , 0
-16.1887 , 1.66743 , 0
-16.1918 , 1.66484 , 0
-16.1949 , 1.66225 , 0
-16.1981 , 1.65965 , 0
-16.2012 , 1.65706 , 0
-16.2043 , 1.65446 , 0
-16.2074 , 1.65187 , 0
-16.2106 , 1.64927 , 0
-16.2137 , 1.64668 , 0
-16.2168 , 1.64408 , 0
-16.2199 , 1.64149 , 0
-16.223 , 1.63889 , 0
-16.2261 , 1.63629 , 0
-16.2292 , 1.63369 , 0
-16.2322 , 1.63109 , 0
-16.2353 , 1.6285 , 0
-16.2384 , 1.6259 , 0
-16.2415 , 1.6233 , 0
-16.2445 , 1.6207 , 0
-16.2476 , 1.6181 , 0
-16.2507 , 1.61549 , 0
-16.2537 , 1.61289 , 0
-16.2568 , 1.61029 , 0
-16.2598 , 1.60769 , 0
-16.2628 , 1.60509 , 0
-16.2659 , 1.60248 , 0
-16.2689 , 1.59988 , 0
-16.2719 , 1.59727 , 0
-16.275 , 1.59467 , 0
-16.278 , 1.59207 , 0
-16.281 , 1.58946 , 0
-16.284 , 1.58685 , 0
-16.287 , 1.58425 , 0
-16.29 , 1.58164 , 0
-16.293 , 1.57903 , 0
-16.296 , 1.57643 , 0
-16.299 , 1.57382 , 0
-16.302 , 1.57121 , 0
-16.3049 , 1.5686 , 0
-16.3079 , 1.56599 , 0
-16.3109 , 1.56338 , 0
-16.3139 , 1.56077 , 0
-16.3168 , 1.55816 , 0
-16.3198 , 1.55555 , 0
-16.3227 , 1.55294 , 0
-16.3257 , 1.55033 , 0
-16.3286 , 1.54772 , 0
-16.3316 , 1.5451 , 0
-16.3345 , 1.54249 , 0
-16.3374 , 1.53988 , 0
-16.3404 , 1.53726 , 0
-16.3433 , 1.53465 , 0
-16.3462 , 1.53203 , 0
-16.3491 , 1.52942 , 0
-16.352 , 1.5268 , 0
-16.3549 , 1.52419 , 0
-16.3578 , 1.52157 , 0
-16.3607 , 1.51895 , 0
-16.3636 , 1.51634 , 0
-16.3665 , 1.51372 , 0
-16.3694 , 1.5111 , 0
-16.3723 , 1.50848 , 0
-16.3751 , 1.50586 , 0
-16.378 , 1.50325 , 0
-16.3809 , 1.50063 , 0
-16.3837 , 1.49801 , 0
-16.3866 , 1.49539 , 0
-16.3894 , 1.49277 , 0
-16.3923 , 1.49014 , 0
-16.3951 , 1.48752 , 0
