x , y , z
5.2 , 0 , 0
5.19987 , 0.0265577 , 0
5.1996 , 0.0531147 , 0
5.19919 , 0.0796703 , 0
5.19865 , 0.106224 , 0
5.19798 , 0.132775 , 0
5.19717 , 0.159322 , 0
5.19622 , 0.185865 , 0
5.19514 , 0.212404 , 0
5.19393 , 0.238936 , 0
5.19258 , 0.265463 , 0
5.19109 , 0.291983 , 0
5.18947 , 0.318495 , 0
5.18772 , 0.344999 , 0
5.18583 , 0.371494 , 0
5.18381 , 0.397979 , 0
5.18165 , 0.424454 , 0
5.17936 , 0.450918 , 0
5.17693 , 0.47737 , 0
5.17437 , 0.50381 , 0
5.17167 , 0.530237 , 0
5.16884 , 0.55665 , 0
5.16588 , 0.583049 , 0
5.16278 , 0.609432 , 0
5.15955 , 0.635799 , 0
5.15618 , 0.662151 , 0
5.15268 , 0.688484 , 0
5.14904 , 0.7148 , 0
5.14527 , 0.741098 , 0
5.14137 , 0.767376 , 0
5.13734 , 0.793634 , 0
5.13317 , 0.819871 , 0
5.12886 , 0.846088 , 0
5.12443 , 0.872282 , 0
5.11986 , 0.898453 , 0
5.11516 , 0.924602 , 0
5.11032 , 0.950726 , 0
5.10535 , 0.976825 , 0
5.10025 , 1.0029 , 0
5.09502 , 1.02895 , 0
5.08965 , 1.05497 , 0
5.08415 , 1.08096 , 0
5.07852 , 1.10693 , 0
5.07276 , 1.13287 , 0
5.06687 , 1.15877 , 0
5.06084 , 1.18465 , 0
5.05468 , 1.2105 , 0
5.0484 , 1.23631 , 0
5.04198 , 1.2621 , 0
5.03543 , 1.28785 , 0
5.02874 , 1.31356 , 0
5.02193 , 1.33924 , 0
5.01499 , 1.36489 , 0
5.00791 , 1.3905 , 0
5.00071 , 1.41608 , 0
4.99338 , 1.44162 , 0
4.98591 , 1.46712 , 0
4.97832 , 1.49259 , 0
4.9706 , 1.51801 , 0
4.96274 , 1.5434 , 0
4.95476 , 1.56874 , 0
4.94665 , 1.59405 , 0
4.93841 , 1.61931 , 0
4.93005 , 1.64453 , 0
4.92155 , 1.66971 , 0
4.91293 , 1.69484 , 0
4.90418 , 1.71993 , 0
4.8953 , 1.74498 , 0
4.88629 , 1.76998 , 0
4.87716 , 1.79493 , 0
4.8679 , 1.81984 , 0
4.85851 , 1.8447 , 0
4.849 , 1.86951 , 0
4.83936 , 1.89428 , 0
4.8296 , 1.91899 , 0
4.81971 , 1.94366 , 0
4.80969 , 1.96827 , 0
4.79955 , 1.99283 , 0
4.78929 , 2.01735 , 0
4.7789 , 2.0418 , 0
4.76838 , 2.06621 , 0
4.75774 , 2.09056 , 0
4.74698 , 2.11486 , 0
4.7361 , 2.1391 , 0
4.72509 , 2.16329 , 0
4.71396 , 2.18742 , 0
4.7027 , 2.21149 , 0
4.69132 , 2.23551 , 0
4.67983 , 2.25947 , 0
4.6682 , 2.28337 , 0
4.65646 , 2.3072 , 0
4.6446 , 2.33098 , 0
4.63262 , 2.3547 , 0
4.62051 , 2.37836 , 0
4.60829 , 2.40196 , 0
4.59594 , 2.42549 , 0
4.58348 , 2.44896 , 0
4.5709 , 2.47237 , 0
4.55819 , 2.49571 , 0
4.54537 , 2.51899 , 0
4.53243 , 2.5422 , 0
4.51938 , 2.56534 , 0
4.5062 , 2.58842 , 0
4.49291 , 2.61144 , 0
4.4795 , 2.63438 , 0
4.46598 , 2.65725 , 0
4.45234 , 2.68006 , 0
4.43858 , 2.7028 , 0
4.42471 , 2.72546 , 0
4.41072 , 2.74806 , 0
4.39662 , 2.77058 , 0
4.3824 , 2.79303 , 0
4.36807 , 2.81541 , 0
4.35362 , 2.83772 , 0
4.33907 , 2.85995 , 0
4.3244 , 2.88211 , 0
4.30961 , 2.90419 , 0
4.29472 , 2.92619 , 0
4.27971 , 2.94812 , 0
4.26459 , 2.96998 , 0
4.24936 , 2.99176 , 0
4.23402 , 3.01345 , 0
4.21857 , 3.03507 , 0
4.20301 , 3.05662 , 0
4.18735 , 3.07808 , 0
4.17157 , 3.09946 , 0
4.15568 , 3.12076 , 0
4.13969 , 3.14198 , 0
4.12359 , 3.16312 , 0
4.10738 , 3.18418 , 0
4.09106 , 3.20515 , 0
4.07464 , 3.22604 , 0
4.05811 , 3.24684 , 0
4.04148 , 3.26757 , 0
4.02474 , 3.2882 , 0
4.00789 , 3.30875 , 0
3.99094 , 3.32922 , 0
3.97389 , 3.3496 , 0
3.95674 , 3.36989 , 0
3.93948 , 3.39009 , 0
3.92212 , 3.41021 , 0
3.90466 , 3.43023 , 0
3.88709 , 3.45017 , 0
3.86943 , 3.47002 , 0
3.85166 , 3.48977 , 0
3.83379 , 3.50944 , 0
3.81583 , 3.52902 , 0
3.79776 , 3.5485 , 0
3.7796 , 3.56789 , 0
3.76134 , 3.58719 , 0
3.74298 , 3.60639 , 0
3.72452 , 3.6255 , 0
3.70597 , 3.64452 , 0
3.68732 , 3.66344 , 0
3.66857 , 3.68227 , 0
3.64973 , 3.701 , 0
3.63079 , 3.71964 , 0
3.61176 , 3.73817 , 0
3.59264 , 3.75661 , 0
3.57342 , 3.77496 , 0
3.55411 , 3.7932 , 0
3.5347 , 3.81135 , 0
3.51521 , 3.8294 , 0
3.49562 , 3.84734 , 0
3.47594 , 3.86519 , 0
3.45617 , 3.88294 , 0
3.43632 , 3.90058 , 0
3.41637 , 3.91813 , 0
3.39633 , 3.93557 , 0
3.37621 , 3.95291 , 0
3.356 , 3.97015 , 0
3.3357 , 3.98728 , 0
3.31531 , 4.00432 , 0
3.29484 , 4.02124 , 0
3.27428 , 4.03806 , 0
3.25364 , 4.05478 , 0
3.23291 , 4.07139 , 0
3.2121 , 4.0879 , 0
3.19121 , 4.1043 , 0
3.17023 , 4.12059 , 0
3.14917 , 4.13678 , 0
3.12803 , 4.15286 , 0
3.1068 , 4.16883 , 0
3.0855 , 4.18469 , 0
3.06411 , 4.20044 , 0
3.04265 , 4.21609 , 0
3.02111 , 4.23162 , 0
2.99949 , 4.24704 , 0
2.97779 , 4.26236 , 0
2.95601 , 4.27756 , 0
2.93416 , 4.29265 , 0
2.91223 , 4.30763 , 0
2.89022 , 4.3225 , 0
2.86814 , 4.33726 , 0
2.84599 , 4.3519 , 0
2.82376 , 4.36643 , 0
2.80146 , 4.38085 , 0
2.77908 , 4.39515 , 0
2.75664 , 4.40934 , 0
2.73412 , 4.42342 , 0
2.71153 , 4.43738 , 0
2.68887 , 4.45122 , 0
2.66614 , 4.46495 , 0
2.64334 , 4.47856 , 0
2.62047 , 4.49206 , 0
2.59754 , 4.50544 , 0
2.57454 , 4.5187 , 0
2.55147 , 4.53185 , 0
2.52833 , 4.54487 , 0
2.50513 , 4.55778 , 0
2.48186 , 4.57057 , 0
2.45853 , 4.58325 , 0
2.43514 , 4.5958 , 0
2.41168 , 4.60823 , 0
2.38816 , 4.62055 , 0
2.36458 , 4.63274 , 0
2.34093 , 4.64482 , 0
2.31723 , 4.65677 , 0
2.29346 , 4.6686 , 0
2.26964 , 4.68031 , 0
2.24576 , 4.6919 , 0
2.22182 , 4.70337 , 0
2.19782 , 4.71472 , 0
2.17376 , 4.72594 , 0
2.14965 , 4.73704 , 0
2.12548 , 4.74802 , 0
2.10126 , 4.75888 , 0
2.07698 , 4.76961 , 0
2.05265 , 4.78021 , 0
2.02826 , 4.7907 , 0
2.00383 , 4.80106 , 0
1.97934 , 4.81129 , 0
1.9548 , 4.8214 , 0
1.93021 , 4.83138 , 0
1.90557 , 4.84124 , 0
1.88088 , 4.85098 , 0
1.85614 , 4.86059 , 0
1.83135 , 4.87007 , 0
1.80651 , 4.87942 , 0
1.78163 , 4.88865 , 0
1.75671 , 4.89775 , 0
1.73173 , 4.90673 , 0
1.70671 , 4.91557 , 0
1.68165 , 4.92429 , 0
1.65655 , 4.93289 , 0
1.6314 , 4.94135 , 0
1.60621 , 4.94969 , 0
1.58098 , 4.9579 , 0
1.5557 , 4.96597 , 0
1.53039 , 4.97392 , 0
1.50504 , 4.98175 , 0
1.47964 , 4.98944 , 0
1.45421 , 4.997 , 0
1.42875 , 5.00444 , 0
1.40324 , 5.01174 , 0
1.3777 , 5.01891 , 0
1.35212 , 5.02596 , 0
1.32651 , 5.03287 , 0
1.30086 , 5.03965 , 0
1.27519 , 5.04631 , 0
1.24947 , 5.05283 , 0
1.22373 , 5.05922 , 0
1.19795 , 5.06548 , 0
1.17214 , 5.07161 , 0
1.14631 , 5.0776 , 0
1.12044 , 5.08347 , 0
1.09454 , 5.0892 , 0
1.06862 , 5.0948 , 0
1.04266 , 5.10027 , 0
1.01669 , 5.10561 , 0
0.99068 , 5.11082 , 0
0.964649 , 5.11589 , 0
0.938593 , 5.12083 , 0
0.912513 , 5.12564 , 0
0.88641 , 5.13031 , 0
0.860283 , 5.13486 , 0
0.834135 , 5.13927 , 0
0.807965 , 5.14354 , 0
0.781774 , 5.14769 , 0
0.755563 , 5.1517 , 0
0.729332 , 5.15557 , 0
0.703083 , 5.15932 , 0
0.676815 , 5.16292 , 0
0.65053 , 5.1664 , 0
0.624229 , 5.16974 , 0
0.597911 , 5.17295 , 0
0.571578 , 5.17603 , 0
0.545231 , 5.17897 , 0
0.518869 , 5.18177 , 0
0.492494 , 5.18445 , 0
0.466106 , 5.18698 , 0
0.439707 , 5.18939 , 0
0.413296 , 5.19166 , 0
0.386875 , 5.19379 , 0
0.360443 , 5.1958 , 0
0.334003 , 5.19766 , 0
0.307554 , 5.1994 , 0
0.281097 , 5.20099 , 0
0.254633 , 5.20246 , 0
0.228163 , 5.20379 , 0
0.201686 , 5.20498 , 0
0.175205 , 5.20604 , 0
0.148719 , 5.20697 , 0
0.12223 , 5.20776 , 0
0.0957373 , 5.20841 , 0
0.0692425 , 5.20893 , 0
0.042746 , 5.20932 , 0
0.0162485 , 5.20957 , 0
-0.0102493 , 5.20969 , 0
-0.0367467 , 5.20967 , 0
-0.063243 , 5.20952 , 0
-0.0897376 , 5.20924 , 0
-0.11623 , 5.20881 , 0
-0.142719 , 5.20826 , 0
-0.169204 , 5.20757 , 0
-0.195684 , 5.20674 , 0
-0.22216 , 5.20579 , 0
-0.248629 , 5.20469 , 0
-0.275092 , 5.20346 , 0
-0.301548 , 5.2021 , 0
-0.327996 , 5.2006 , 0
-0.354435 , 5.19897 , 0
-0.380865 , 5.19721 , 0
-0.407285 , 5.19531 , 0
-0.433695 , 5.19328 , 0
-0.460092 , 5.19111 , 0
-0.486478 , 5.18881 , 0
-0.512852 , 5.18637 , 0
-0.539211 , 5.1838 , 0
-0.565557 , 5.1811 , 0
-0.591888 , 5.17826 , 0
-0.618204 , 5.17529 , 0
-0.644503 , 5.17219 , 0
-0.670786 , 5.16895 , 0
-0.697051 , 5.16558 , 0
-0.723298 , 5.16207 , 0
-0.749527 , 5.15844 , 0
-0.775736 , 5.15467 , 0
-0.801924 , 5.15076 , 0
-0.828092 , 5.14673 , 0
-0.854238 , 5.14256 , 0
-0.880362 , 5.13826 , 0
-0.906464 , 5.13382 , 0
-0.932541 , 5.12926 , 0
-0.958595 , 5.12456 , 0
-0.984623 , 5.11973 , 0
-1.01063 , 5.11477 , 0
-1.0366 , 5.10967 , 0
-1.06255 , 5.10444 , 0
-1.08848 , 5.09909 , 0
-1.11437 , 5.0936 , 0
-1.14023 , 5.08798 , 0
-1.16607 , 5.08223 , 0
-1.19188 , 5.07634 , 0
-1.21765 , 5.07033 , 0
-1.24339 , 5.06419 , 0
-1.2691 , 5.05791 , 0
-1.29478 , 5.05151 , 0
-1.32043 , 5.04497 , 0
-1.34604 , 5.03831 , 0
-1.37161 , 5.03151 , 0
-1.39715 , 5.02459 , 0
-1.42266 , 5.01754 , 0
-1.44812 , 5.01036 , 0
-1.47355 , 5.00304 , 0
-1.49894 , 4.9956 , 0
-1.5243 , 4.98804 , 0
-1.54961 , 4.98034 , 0
-1.57488 , 4.97251 , 0
-1.60011 , 4.96456 , 0
-1.6253 , 4.95648 , 0
-1.65045 , 4.94827 , 0
-1.67556 , 4.93993 , 0
-1.70062 , 4.93147 , 0
-1.72564 , 4.92288 , 0
-1.75062 , 4.91416 , 0
-1.77554 , 4.90532 , 0
-1.80043 , 4.89635 , 0
-1.82526 , 4.88726 , 0
-1.85005 , 4.87804 , 0
-1.87479 , 4.86869 , 0
-1.89949 , 4.85922 , 0
-1.92413 , 4.84962 , 0
-1.94873 , 4.8399 , 0
-1.97327 , 4.83006 , 0
-1.99776 , 4.82009 , 0
-2.02221 , 4.81 , 0
-2.0466 , 4.79978 , 0
-2.07093 , 4.78944 , 0
-2.09522 , 4.77898 , 0
-2.11944 , 4.76839 , 0
-2.14362 , 4.75768 , 0
-2.16774 , 4.74685 , 0
-2.1918 , 4.7359 , 0
-2.21581 , 4.72482 , 0
-2.23976 , 4.71363 , 0
-2.26365 , 4.70231 , 0
-2.28748 , 4.69088 , 0
-2.31126 , 4.67932 , 0
-2.33497 , 4.66764 , 0
-2.35863 , 4.65584 , 0
-2.38222 , 4.64392 , 0
-2.40575 , 4.63189 , 0
-2.42922 , 4.61973 , 0
-2.45263 , 4.60746 , 0
-2.47597 , 4.59507 , 0
-2.49926 , 4.58256 , 0
-2.52247 , 4.56993 , 0
-2.54562 , 4.55718 , 0
-2.56871 , 4.54432 , 0
-2.59173 , 4.53134 , 0
-2.61468 , 4.51825 , 0
-2.63757 , 4.50504 , 0
-2.66038 , 4.49171 , 0
-2.68313 , 4.47827 , 0
-2.70581 , 4.46472 , 0
-2.72842 , 4.45105 , 0
-2.75096 , 4.43726 , 0
-2.77343 , 4.42336 , 0
-2.79583 , 4.40935 , 0
-2.81816 , 4.39523 , 0
-2.84041 , 4.38099 , 0
-2.86259 , 4.36664 , 0
-2.8847 , 4.35218 , 0
-2.90673 , 4.33761 , 0
-2.92869 , 4.32292 , 0
-2.95057 , 4.30813 , 0
-2.97238 , 4.29322 , 0
-2.99411 , 4.27821 , 0
-3.01576 , 4.26308 , 0
-3.03733 , 4.24785 , 0
-3.05883 , 4.23251 , 0
-3.08025 , 4.21706 , 0
-3.10159 , 4.2015 , 0
-3.12285 , 4.18583 , 0
-3.14403 , 4.17006 , 0
-3.16513 , 4.15418 , 0
-3.18615 , 4.13819 , 0
-3.20708 , 4.1221 , 0
-3.22793 , 4.1059 , 0
-3.2487 , 4.0896 , 0
-3.26939 , 4.07319 , 0
-3.28999 , 4.05668 , 0
-3.31051 , 4.04006 , 0
-3.33095 , 4.02334 , 0
-3.35129 , 4.00652 , 0
-3.37155 , 3.9896 , 0
-3.39173 , 3.97257 , 0
-3.41182 , 3.95544 , 0
-3.43182 , 3.93821 , 0
-3.45173 , 3.92088 , 0
-3.47155 , 3.90345 , 0
-3.49129 , 3.88592 , 0
-3.51093 , 3.86829 , 0
-3.53049 , 3.85057 , 0
-3.54995 , 3.83274 , 0
-3.56932 , 3.81482 , 0
-3.58861 , 3.7968 , 0
-3.60779 , 3.77868 , 0
-3.62689 , 3.76046 , 0
-3.64589 , 3.74215 , 0
-3.6648 , 3.72374 , 0
-3.68362 , 3.70524 , 0
-3.70234 , 3.68665 , 0
-3.72097 , 3.66796 , 0
-3.7395 , 3.64917 , 0
-3.75794 , 3.63029 , 0
-3.77628 , 3.61132 , 0
-3.79452 , 3.59226 , 0
-3.81266 , 3.57311 , 0
-3.83071 , 3.55386 , 0
-3.84866 , 3.53453 , 0
-3.86651 , 3.5151 , 0
-3.88426 , 3.49559 , 0
-3.90191 , 3.47598 , 0
-3.91946 , 3.45629 , 0
-3.93692 , 3.43651 , 0
-3.95427 , 3.41664 , 0
-3.97151 , 3.39668 , 0
-3.98866 , 3.37664 , 0
-4.00571 , 3.35651 , 0
-4.02265 , 3.3363 , 0
-4.03949 , 3.316 , 0
-4.05623 , 3.29561 , 0
-4.07286 , 3.27515 , 0
-4.08939 , 3.25459 , 0
-4.10581 , 3.23396 , 0
-4.12213 , 3.21324 , 0
-4.13834 , 3.19244 , 0
-4.15445 , 3.17156 , 0
-4.17045 , 3.1506 , 0
-4.18634 , 3.12956 , 0
-4.20213 , 3.10844 , 0
-4.21781 , 3.08724 , 0
-4.23338 , 3.06597 , 0
-4.24884 , 3.04461 , 0
-4.26419 , 3.02318 , 0
-4.27944 , 3.00166 , 0
-4.29457 , 2.98008 , 0
-4.3096 , 2.95841 , 0
-4.32451 , 2.93668 , 0
-4.33932 , 2.91486 , 0
-4.35401 , 2.89298 , 0
-4.36859 , 2.87102 , 0
-4.38307 , 2.84898 , 0
-4.39742 , 2.82688 , 0
-4.41167 , 2.8047 , 0
-4.4258 , 2.78245 , 0
-4.43982 , 2.76013 , 0
-4.45373 , 2.73774 , 0
-4.46752 , 2.71528 , 0
-4.4812 , 2.69275 , 0
-4.49477 , 2.67015 , 0
-4.50821 , 2.64749 , 0
-4.52155 , 2.62476 , 0
-4.53477 , 2.60196 , 0
-4.54787 , 2.57909 , 0
-4.56086 , 2.55616 , 0
-4.57373 , 2.53317 , 0
-4.58648 , 2.51011 , 0
-4.59911 , 2.48699 , 0
-4.61163 , 2.4638 , 0
-4.62403 , 2.44055 , 0
-4.63632 , 2.41724 , 0
-4.64848 , 2.39387 , 0
-4.66053 , 2.37043 , 0
-4.67245 , 2.34694 , 0
-4.68426 , 2.32339 , 0
-4.69595 , 2.29978 , 0
-4.70751 , 2.27611 , 0
-4.71896 , 2.25238 , 0
-4.73029 , 2.2286 , 0
-4.74149 , 2.20475 , 0
-4.75258 , 2.18086 , 0
-4.76354 , 2.15691 , 0
-4.77438 , 2.1329 , 0
-4.78511 , 2.10884 , 0
-4.7957 , 2.08472 , 0
-4.80618 , 2.06056 , 0
-4.81653 , 2.03634 , 0
-4.82676 , 2.01207 , 0
-4.83687 , 1.98774 , 0
-4.84685 , 1.96337 , 0
-4.85671 , 1.93895 , 0
-4.86645 , 1.91448 , 0
-4.87606 , 1.88996 , 0
-4.88555 , 1.86539 , 0
-4.89491 , 1.84078 , 0
-4.90415 , 1.81612 , 0
-4.91327 , 1.79141 , 0
-4.92225 , 1.76666 , 0
-4.93112 , 1.74186 , 0
-4.93985 , 1.71702 , 0
-4.94846 , 1.69214 , 0
-4.95695 , 1.66721 , 0
-4.96531 , 1.64224 , 0
-4.97354 , 1.61723 , 0
-4.98165 , 1.59218 , 0
-4.98962 , 1.56709 , 0
-4.99747 , 1.54196 , 0
-5.0052 , 1.51679 , 0
-5.01279 , 1.49158 , 0
-5.02026 , 1.46634 , 0
-5.0276 , 1.44106 , 0
-5.03482 , 1.41574 , 0
-5.0419 , 1.39038 , 0
-5.04886 , 1.36499 , 0
-5.05568 , 1.33957 , 0
-5.06238 , 1.31411 , 0
-5.06895 , 1.28862 , 0
-5.07539 , 1.2631 , 0
-5.0817 , 1.23754 , 0
-5.08788 , 1.21196 , 0
-5.09393 , 1.18634 , 0
-5.09986 , 1.1607 , 0
-5.10565 , 1.13502 , 0
-5.11131 , 1.10932 , 0
-5.11684 , 1.08358 , 0
-5.12225 , 1.05783 , 0
-5.12752 , 1.03204 , 0
-5.13266 , 1.00623 , 0
-5.13767 , 0.980393 , 0
-5.14255 , 0.954532 , 0
-5.1473 , 0.928647 , 0
-5.15191 , 0.902739 , 0
-5.1564 , 0.876808 , 0
-5.16076 , 0.850855 , 0
-5.16498 , 0.824881 , 0
-5.16907 , 0.798887 , 0
-5.17303 , 0.772872 , 0
-5.17686 , 0.746839 , 0
-5.18056 , 0.720786 , 0
-5.18413 , 0.694716 , 0
-5.18756 , 0.668629 , 0
-5.19086 , 0.642525 , 0
-5.19403 , 0.616405 , 0
-5.19707 , 0.590269 , 0
-5.19998 , 0.564119 , 0
-5.20275 , 0.537955 , 0
-5.20539 , 0.511778 , 0
-5.2079 , 0.485588 , 0
-5.21028 , 0.459387 , 0
-5.21252 , 0.433174 , 0
-5.21463 , 0.40695 , 0
-5.21661 , 0.380717 , 0
-5.21846 , 0.354474 , 0
-5.22017 , 0.328222 , 0
-5.22175 , 0.301963 , 0
-5.2232 , 0.275696 , 0
-5.22451 , 0.249423 , 0
-5.2257 , 0.223144 , 0
-5.22675 , 0.196859 , 0
-5.22766 , 0.17057 , 0
-5.22845 , 0.144277 , 0
-5.2291 , 0.11798 , 0
-5.22962 , 0.0916816 , 0
-5.23 , 0.0653807 , 0
-5.23025 , 0.0390786 , 0
-5.23037 , 0.0127759 , 0
-5.23036 , -0.0135268 , 0
-5.23021 , -0.0398287 , 0
-5.22993 , -0.0661292 , 0
-5.22952 , -0.0924276 , 0
-5.22897 , -0.118723 , 0
-5.2283 , -0.145015 , 0
-5.22748 , -0.171304 , 0
-5.22654 , -0.197587 , 0
-5.22546 , -0.223865 , 0
-5.22425 , -0.250137 , 0
-5.22291 , -0.276402 , 0
-5.22144 , -0.30266 , 0
-5.21983 , -0.328909 , 0
-5.21809 , -0.35515 , 0
-5.21622 , -0.381382 , 0
-5.21421 , -0.407603 , 0
-5.21208 , -0.433814 , 0
-5.20981 , -0.460013 , 0
-5.2074 , -0.4862 , 0
-5.20487 , -0.512375 , 0
-5.2022 , -0.538535 , 0
-5.1994 , -0.564682 , 0
-5.19647 , -0.590815 , 0
-5.19341 , -0.616931 , 0
-5.19022 , -0.643032 , 0
-5.18689 , -0.669116 , 0
-5.18343 , -0.695183 , 0
-5.17984 , -0.721231 , 0
-5.17612 , -0.747261 , 0
-5.17227 , -0.773271 , 0
-5.16829 , -0.799262 , 0
-5.16417 , -0.825231 , 0
-5.15993 , -0.85118 , 0
-5.15555 , -0.877106 , 0
-5.15104 , -0.90301 , 0
-5.1464 , -0.92889 , 0
-5.14163 , -0.954747 , 0
-5.13673 , -0.980579 , 0
-5.1317 , -1.00639 , 0
-5.12654 , -1.03217 , 0
-5.12125 , -1.05792 , 0
-5.11583 , -1.08365 , 0
-5.11028 , -1.10935 , 0
-5.1046 , -1.13502 , 0
-5.09879 , -1.16066 , 0
-5.09285 , -1.18627 , 0
-5.08678 , -1.21185 , 0
-5.08059 , -1.2374 , 0
-5.07426 , -1.26292 , 0
-5.06781 , -1.2884 , 0
-5.06122 , -1.31385 , 0
-5.05451 , -1.33927 , 0
-5.04767 , -1.36466 , 0
-5.0407 , -1.39 , 0
-5.03361 , -1.41532 , 0
-5.02638 , -1.4406 , 0
-5.01903 , -1.46584 , 0
-5.01155 , -1.49104 , 0
-5.00395 , -1.5162 , 0
-4.99621 , -1.54133 , 0
-4.98835 , -1.56641 , 0
-4.98037 , -1.59146 , 0
-4.97226 , -1.61646 , 0
-4.96402 , -1.64143 , 0
-4.95565 , -1.66635 , 0
-4.94716 , -1.69123 , 0
-4.93855 , -1.71606 , 0
-4.92981 , -1.74086 , 0
-4.92094 , -1.7656 , 0
-4.91195 , -1.79031 , 0
-4.90283 , -1.81496 , 0
-4.89359 , -1.83957 , 0
-4.88423 , -1.86413 , 0
-4.87474 , -1.88865 , 0
-4.86513 , -1.91312 , 0
-4.8554 , -1.93753 , 0
-4.84554 , -1.9619 , 0
-4.83556 , -1.98622 , 0
-4.82545 , -2.01049 , 0
-4.81523 , -2.0347 , 0
-4.80488 , -2.05887 , 0
-4.79441 , -2.08298 , 0
-4.78382 , -2.10704 , 0
-4.77311 , -2.13104 , 0
-4.76227 , -2.15499 , 0
-4.75132 , -2.17889 , 0
-4.74024 , -2.20273 , 0
-4.72905 , -2.22651 , 0
-4.71773 , -2.25023 , 0
-4.7063 , -2.2739 , 0
-4.69474 , -2.29751 , 0
-4.68307 , -2.32107 , 0
-4.67128 , -2.34456 , 0
-4.65937 , -2.36799 , 0
-4.64734 , -2.39136 , 0
-4.63519 , -2.41467 , 0
-4.62293 , -2.43792 , 0
-4.61055 , -2.46111 , 0
-4.59805 , -2.48424 , 0
-4.58544 , -2.5073 , 0
-4.5727 , -2.53029 , 0
-4.55986 , -2.55323 , 0
-4.5469 , -2.57609 , 0
-4.53382 , -2.5989 , 0
-4.52062 , -2.62163 , 0
-4.50732 , -2.6443 , 0
-4.4939 , -2.6669 , 0
-4.48036 , -2.68944 , 0
-4.46671 , -2.7119 , 0
-4.45295 , -2.7343 , 0
-4.43907 , -2.75662 , 0
-4.42508 , -2.77888 , 0
-4.41098 , -2.80106 , 0
-4.39677 , -2.82317 , 0
-4.38245 , -2.84522 , 0
-4.36801 , -2.86718 , 0
-4.35347 , -2.88908 , 0
-4.33881 , -2.9109 , 0
-4.32405 , -2.93265 , 0
-4.30917 , -2.95432 , 0
-4.29419 , -2.97592 , 0
-4.27909 , -2.99744 , 0
-4.26389 , -3.01889 , 0
-4.24858 , -3.04026 , 0
-4.23316 , -3.06155 , 0
-4.21764 , -3.08276 , 0
-4.202 , -3.10389 , 0
-4.18626 , -3.12495 , 0
-4.17042 , -3.14592 , 0
-4.15447 , -3.16682 , 0
-4.13841 , -3.18763 , 0
-4.12225 , -3.20837 , 0
-4.10598 , -3.22902 , 0
-4.08961 , -3.24959 , 0
-4.07314 , -3.27008 , 0
-4.05656 , -3.29048 , 0
-4.03988 , -3.3108 , 0
-4.0231 , -3.33103 , 0
-4.00622 , -3.35118 , 0
-3.98923 , -3.37125 , 0
-3.97214 , -3.39123 , 0
-3.95496 , -3.41112 , 0
-3.93767 , -3.43093 , 0
-3.92028 , -3.45065 , 0
-3.90279 , -3.47028 , 0
-3.88521 , -3.48982 , 0
-3.86752 , -3.50927 , 0
-3.84974 , -3.52863 , 0
-3.83186 , -3.54791 , 0
-3.81388 , -3.56709 , 0
-3.7958 , -3.58618 , 0
-3.77763 , -3.60519 , 0
-3.75937 , -3.6241 , 0
-3.741 , -3.64291 , 0
-3.72255 , -3.66164 , 0
-3.70399 , -3.68027 , 0
-3.68535 , -3.69881 , 0
-3.66661 , -3.71725 , 0
-3.64778 , -3.7356 , 0
-3.62885 , -3.75385 , 0
-3.60984 , -3.77201 , 0
-3.59073 , -3.79007 , 0
-3.57153 , -3.80803 , 0
-3.55224 , -3.8259 , 0
-3.53286 , -3.84367 , 0
-3.51339 , -3.86135 , 0
-3.49383 , -3.87892 , 0
-3.47418 , -3.8964 , 0
-3.45445 , -3.91377 , 0
-3.43462 , -3.93105 , 0
-3.41471 , -3.94822 , 0
-3.39471 , -3.9653 , 0
-3.37463 , -3.98228 , 0
-3.35446 , -3.99915 , 0
-3.33421 , -4.01592 , 0
-3.31387 , -4.03259 , 0
-3.29344 , -4.04916 , 0
-3.27294 , -4.06562 , 0
-3.25235 , -4.08198 , 0
-3.23168 , -4.09824 , 0
-3.21092 , -4.11439 , 0
-3.19009 , -4.13043 , 0
-3.16917 , -4.14638 , 0
-3.14817 , -4.16221 , 0
-3.12709 , -4.17794 , 0
-3.10594 , -4.19356 , 0
-3.0847 , -4.20908 , 0
-3.06339 , -4.22449 , 0
-3.042 , -4.23979 , 0
-3.02053 , -4.25499 , 0
-2.99898 , -4.27007 , 0
-2.97736 , -4.28505 , 0
-2.95566 , -4.29991 , 0
-2.93389 , -4.31467 , 0
-2.91204 , -4.32932 , 0
-2.89012 , -4.34386 , 0
-2.86813 , -4.35828 , 0
-2.84606 , -4.3726 , 0
-2.82392 , -4.38681 , 0
-2.80171 , -4.4009 , 0
-2.77943 , -4.41488 , 0
-2.75708 , -4.42875 , 0
-2.73465 , -4.4425 , 0
-2.71216 , -4.45614 , 0
-2.6896 , -4.46967 , 0
-2.66697 , -4.48309 , 0
-2.64427 , -4.49639 , 0
-2.62151 , -4.50957 , 0
-2.59867 , -4.52264 , 0
-2.57578 , -4.5356 , 0
-2.55281 , -4.54844 , 0
-2.52979 , -4.56116 , 0
-2.50669 , -4.57377 , 0
-2.48354 , -4.58626 , 0
-2.46032 , -4.59864 , 0
-2.43704 , -4.61089 , 0
-2.41369 , -4.62303 , 0
-2.39029 , -4.63505 , 0
-2.36682 , -4.64696 , 0
-2.3433 , -4.65874 , 0
-2.31971 , -4.67041 , 0
-2.29607 , -4.68196 , 0
-2.27237 , -4.69338 , 0
-2.24861 , -4.70469 , 0
-2.22479 , -4.71588 , 0
-2.20091 , -4.72695 , 0
-2.17698 , -4.7379 , 0
-2.153 , -4.74872 , 0
-2.12896 , -4.75943 , 0
-2.10486 , -4.77001 , 0
-2.08071 , -4.78048 , 0
-2.05651 , -4.79082 , 0
-2.03226 , -4.80104 , 0
-2.00795 , -4.81113 , 0
-1.9836 , -4.82111 , 0
-1.95919 , -4.83096 , 0
-1.93473 , -4.84068 , 0
-1.91023 , -4.85029 , 0
-1.88567 , -4.85977 , 0
-1.86107 , -4.86912 , 0
-1.83642 , -4.87835 , 0
-1.81172 , -4.88746 , 0
-1.78698 , -4.89644 , 0
-1.76219 , -4.9053 , 0
-1.73736 , -4.91404 , 0
-1.71248 , -4.92264 , 0
-1.68756 , -4.93112 , 0
-1.6626 , -4.93948 , 0
-1.63759 , -4.94771 , 0
-1.61254 , -4.95581 , 0
-1.58745 , -4.96379 , 0
-1.56232 , -4.97164 , 0
-1.53715 , -4.97936 , 0
-1.51194 , -4.98696 , 0
-1.4867 , -4.99443 , 0
-1.46141 , -5.00177 , 0
-1.43609 , -5.00899 , 0
-1.41073 , -5.01607 , 0
-1.38533 , -5.02303 , 0
-1.3599 , -5.02986 , 0
-1.33444 , -5.03656 , 0
-1.30894 , -5.04313 , 0
-1.28341 , -5.04958 , 0
-1.25784 , -5.05589 , 0
-1.23224 , -5.06208 , 0
-1.20661 , -5.06814 , 0
-1.18095 , -5.07406 , 0
-1.15526 , -5.07986 , 0
-1.12955 , -5.08553 , 0
-1.1038 , -5.09107 , 0
-1.07802 , -5.09648 , 0
-1.05222 , -5.10175 , 0
-1.02639 , -5.1069 , 0
-1.00053 , -5.11192 , 0
-0.974646 , -5.11681 , 0
-0.948738 , -5.12156 , 0
-0.922806 , -5.12619 , 0
-0.896851 , -5.13068 , 0
-0.870872 , -5.13504 , 0
-0.844871 , -5.13927 , 0
-0.818849 , -5.14337 , 0
-0.792806 , -5.14734 , 0
-0.766742 , -5.15118 , 0
-0.740659 , -5.15489 , 0
-0.714557 , -5.15846 , 0
-0.688436 , -5.1619 , 0
-0.662298 , -5.16521 , 0
-0.636143 , -5.16839 , 0
-0.609971 , -5.17144 , 0
-0.583784 , -5.17435 , 0
-0.557582 , -5.17713 , 0
-0.531366 , -5.17978 , 0
-0.505136 , -5.1823 , 0
-0.478893 , -5.18468 , 0
-0.452637 , -5.18693 , 0
-0.42637 , -5.18905 , 0
-0.400092 , -5.19104 , 0
-0.373804 , -5.19289 , 0
-0.347506 , -5.19461 , 0
-0.321199 , -5.1962 , 0
-0.294884 , -5.19765 , 0
-0.268561 , -5.19897 , 0
-0.242231 , -5.20016 , 0
-0.215895 , -5.20122 , 0
-0.189553 , -5.20214 , 0
-0.163206 , -5.20293 , 0
-0.136855 , -5.20358 , 0
-0.1105 , -5.20411 , 0
-0.0841426 , -5.2045 , 0
-0.0577827 , -5.20475 , 0
-0.0314212 , -5.20488 , 0
-0.00505884 , -5.20487 , 0
0.0213038 , -5.20472 , 0
0.0476661 , -5.20445 , 0
0.0740272 , -5.20404 , 0
0.100387 , -5.20349 , 0
0.126744 , -5.20282 , 0
0.153097 , -5.20201 , 0
0.179448 , -5.20106 , 0
0.205793 , -5.19999 , 0
0.232134 , -5.19878 , 0
0.258468 , -5.19744 , 0
0.284797 , -5.19596 , 0
0.311118 , -5.19435 , 0
0.337431 , -5.19261 , 0
0.363736 , -5.19073 , 0
0.390032 , -5.18873 , 0
0.416318 , -5.18659 , 0
0.442593 , -5.18431 , 0
0.468857 , -5.18191 , 0
0.495109 , -5.17937 , 0
0.521349 , -5.17669 , 0
0.547576 , -5.17389 , 0
0.573789 , -5.17095 , 0
0.599987 , -5.16788 , 0
0.62617 , -5.16468 , 0
0.652338 , -5.16134 , 0
0.678488 , -5.15787 , 0
0.704622 , -5.15427 , 0
0.730738 , -5.15054 , 0
0.756835 , -5.14668 , 0
0.782913 , -5.14268 , 0
0.808971 , -5.13855 , 0
0.835008 , -5.13429 , 0
0.861025 , -5.1299 , 0
0.887019 , -5.12538 , 0
0.912991 , -5.12072 , 0
0.93894 , -5.11594 , 0
0.964865 , -5.11102 , 0
0.990766 , -5.10597 , 0
1.01664 , -5.10079 , 0
1.04249 , -5.09548 , 0
1.06831 , -5.09004 , 0
1.09411 , -5.08446 , 0
1.11988 , -5.07876 , 0
1.14562 , -5.07293 , 0
1.17133 , -5.06696 , 0
1.19701 , -5.06087 , 0
1.22266 , -5.05465 , 0
1.24828 , -5.04829 , 0
1.27386 , -5.04181 , 0
1.29942 , -5.03519 , 0
1.32494 , -5.02845 , 0
1.35043 , -5.02158 , 0
1.37588 , -5.01458 , 0
1.4013 , -5.00745 , 0
1.42668 , -5.00019 , 0
1.45203 , -4.99281 , 0
1.47734 , -4.98529 , 0
1.50261 , -4.97765 , 0
1.52784 , -4.96988 , 0
1.55304 , -4.96198 , 0
1.57819 , -4.95395 , 0
1.6033 , -4.9458 , 0
1.62838 , -4.93752 , 0
1.65341 , -4.92911 , 0
1.6784 , -4.92057 , 0
1.70335 , -4.91191 , 0
1.72825 , -4.90312 , 0
1.75311 , -4.89421 , 0
1.77792 , -4.88517 , 0
1.80269 , -4.876 , 0
1.82742 , -4.86671 , 0
1.85209 , -4.8573 , 0
1.87672 , -4.84775 , 0
1.9013 , -4.83809 , 0
1.92584 , -4.8283 , 0
1.95032 , -4.81838 , 0
1.97475 , -4.80834 , 0
1.99914 , -4.79818 , 0
2.02347 , -4.78789 , 0
2.04775 , -4.77748 , 0
2.07198 , -4.76695 , 0
2.09615 , -4.75629 , 0
2.12028 , -4.74552 , 0
2.14434 , -4.73461 , 0
2.16836 , -4.72359 , 0
2.19231 , -4.71245 , 0
2.21621 , -4.70118 , 0
2.24006 , -4.68979 , 0
2.26384 , -4.67829 , 0
2.28757 , -4.66666 , 0
2.31124 , -4.65491 , 0
2.33486 , -4.64304 , 0
2.35841 , -4.63105 , 0
2.3819 , -4.61894 , 0
2.40533 , -4.60672 , 0
2.4287 , -4.59437 , 0
2.45201 , -4.58191 , 0
2.47525 , -4.56933 , 0
2.49843 , -4.55662 , 0
2.52155 , -4.54381 , 0
2.5446 , -4.53087 , 0
2.56759 , -4.51782 , 0
2.59051 , -4.50465 , 0
2.61336 , -4.49137 , 0
2.63615 , -4.47796 , 0
2.65887 , -4.46445 , 0
2.68152 , -4.45082 , 0
2.70411 , -4.43707 , 0
2.72662 , -4.42321 , 0
