x , y , z
1 , 0 , 0
0.999705 , 0.021459 , 0
0.999116 , 0.0429116 , 0
0.998232 , 0.0643516 , 0
0.997054 , 0.0857727 , 0
0.995583 , 0.107168 , 0
0.99382 , 0.128533 , 0
0.991766 , 0.14986 , 0
0.989422 , 0.171143 , 0
0.98679 , 0.192376 , 0
0.983872 , 0.213553 , 0
0.98067 , 0.234669 , 0
0.977186 , 0.255717 , 0
0.973422 , 0.276692 , 0
0.969382 , 0.297588 , 0
0.965068 , 0.318401 , 0
0.960482 , 0.339124 , 0
0.955629 , 0.359752 , 0
0.950511 , 0.380281 , 0
0.945132 , 0.400705 , 0
0.939496 , 0.42102 , 0
0.933606 , 0.441221 , 0
0.927466 , 0.461305 , 0
0.92108 , 0.481266 , 0
0.914453 , 0.5011 , 0
0.907587 , 0.520805 , 0
0.900489 , 0.540375 , 0
0.893161 , 0.559808 , 0
0.885608 , 0.5791 , 0
0.877835 , 0.598248 , 0
0.869846 , 0.617249 , 0
0.861646 , 0.6361 , 0
0.853239 , 0.654799 , 0
0.84463 , 0.673342 , 0
0.835824 , 0.691728 , 0
0.826825 , 0.709954 , 0
0.817637 , 0.728018 , 0
0.808266 , 0.74592 , 0
0.798716 , 0.763655 , 0
0.788991 , 0.781224 , 0
0.779096 , 0.798625 , 0
0.769037 , 0.815857 , 0
0.758816 , 0.832917 , 0
0.748439 , 0.849807 , 0
0.73791 , 0.866523 , 0
0.727234 , 0.883067 , 0
0.716414 , 0.899436 , 0
0.705456 , 0.915632 , 0
0.694362 , 0.931652 , 0
0.683139 , 0.947498 , 0
0.671789 , 0.963168 , 0
0.660317 , 0.978663 , 0
0.648727 , 0.993983 , 0
0.637022 , 1.00913 , 0
0.625207 , 1.0241 , 0
0.613285 , 1.03889 , 0
0.60126 , 1.05351 , 0
0.589136 , 1.06796 , 0
0.576916 , 1.08223 , 0
0.564604 , 1.09633 , 0
0.552204 , 1.11026 , 0
0.539718 , 1.12402 , 0
0.52715 , 1.1376 , 0
0.514503 , 1.15102 , 0
0.50178 , 1.16426 , 0
0.488985 , 1.17734 , 0
0.476121 , 1.19025 , 0
0.463189 , 1.20299 , 0
0.450194 , 1.21557 , 0
0.437138 , 1.22799 , 0
0.424024 , 1.24024 , 0
0.410855 , 1.25232 , 0
0.397632 , 1.26425 , 0
0.38436 , 1.27602 , 0
0.371039 , 1.28763 , 0
0.357673 , 1.29908 , 0
0.344264 , 1.31037 , 0
0.330814 , 1.32151 , 0
0.317325 , 1.33249 , 0
0.3038 , 1.34332 , 0
0.290241 , 1.354 , 0
0.276649 , 1.36453 , 0
0.263028 , 1.37491 , 0
0.249378 , 1.38515 , 0
0.235702 , 1.39523 , 0
0.222001 , 1.40517 , 0
0.208277 , 1.41497 , 0
0.194533 , 1.42463 , 0
0.180769 , 1.43414 , 0
0.166988 , 1.44351 , 0
0.15319 , 1.45275 , 0
0.139378 , 1.46185 , 0
0.125553 , 1.47081 , 0
0.111717 , 1.47964 , 0
0.0978705 , 1.48833 , 0
0.0840153 , 1.49689 , 0
0.0701528 , 1.50532 , 0
0.0562842 , 1.51362 , 0
0.0424109 , 1.52179 , 0
0.028534 , 1.52984 , 0
0.0146547 , 1.53776 , 0
0.00077433 , 1.54555 , 0
-0.0131061 , 1.55322 , 0
-0.0269856 , 1.56077 , 0
-0.0408629 , 1.5682 , 0
-0.0547372 , 1.57551 , 0
-0.0686073 , 1.5827 , 0
-0.0824723 , 1.58977 , 0
-0.0963313 , 1.59673 , 0
-0.110183 , 1.60357 , 0
-0.124028 , 1.6103 , 0
-0.137863 , 1.61691 , 0
-0.151689 , 1.62342 , 0
-0.165505 , 1.62981 , 0
-0.17931 , 1.6361 , 0
-0.193103 , 1.64227 , 0
-0.206883 , 1.64834 , 0
-0.22065 , 1.6543 , 0
-0.234403 , 1.66016 , 0
-0.248141 , 1.66592 , 0
-0.261864 , 1.67157 , 0
-0.275571 , 1.67712 , 0
-0.289261 , 1.68257 , 0
-0.302935 , 1.68792 , 0
-0.31659 , 1.69317 , 0
-0.330228 , 1.69832 , 0
-0.343846 , 1.70338 , 0
-0.357446 , 1.70834 , 0
-0.371025 , 1.7132 , 0
-0.384584 , 1.71798 , 0
-0.398123 , 1.72266 , 0
-0.41164 , 1.72724 , 0
-0.425135 , 1.73174 , 0
-0.438609 , 1.73615 , 0
-0.45206 , 1.74047 , 0
-0.465488 , 1.74469 , 0
-0.478892 , 1.74884 , 0
-0.492273 , 1.75289 , 0
-0.50563 , 1.75686 , 0
-0.518963 , 1.76075 , 0
-0.532271 , 1.76455 , 0
-0.545554 , 1.76827 , 0
-0.558811 , 1.7719 , 0
-0.572043 , 1.77546 , 0
-0.585249 , 1.77893 , 0
-0.598428 , 1.78233 , 0
-0.611581 , 1.78564 , 0
-0.624707 , 1.78888 , 0
-0.637806 , 1.79204 , 0
-0.650878 , 1.79512 , 0
-0.663922 , 1.79813 , 0
-0.676939 , 1.80106 , 0
-0.689927 , 1.80392 , 0
-0.702888 , 1.8067 , 0
-0.715819 , 1.80941 , 0
-0.728722 , 1.81205 , 0
-0.741597 , 1.81462 , 0
-0.754442 , 1.81711 , 0
-0.767258 , 1.81954 , 0
-0.780045 , 1.82189 , 0
-0.792802 , 1.82418 , 0
-0.80553 , 1.8264 , 0
-0.818227 , 1.82855 , 0
-0.830895 , 1.83063 , 0
-0.843533 , 1.83265 , 0
-0.85614 , 1.8346 , 0
-0.868717 , 1.83648 , 0
-0.881263 , 1.8383 , 0
-0.893779 , 1.84006 , 0
-0.906264 , 1.84175 , 0
-0.918718 , 1.84339 , 0
-0.931141 , 1.84496 , 0
-0.943533 , 1.84646 , 0
-0.955894 , 1.84791 , 0
-0.968223 , 1.8493 , 0
-0.980521 , 1.85062 , 0
-0.992788 , 1.85189 , 0
-1.00502 , 1.8531 , 0
-1.01723 , 1.85425 , 0
-1.0294 , 1.85534 , 0
-1.04154 , 1.85637 , 0
-1.05365 , 1.85735 , 0
-1.06572 , 1.85827 , 0
-1.07777 , 1.85914 , 0
-1.08978 , 1.85995 , 0
-1.10176 , 1.8607 , 0
-1.11371 , 1.86141 , 0
-1.12562 , 1.86205 , 0
-1.13751 , 1.86265 , 0
-1.14936 , 1.86319 , 0
-1.16118 , 1.86368 , 0
-1.17297 , 1.86412 , 0
-1.18472 , 1.8645 , 0
-1.19644 , 1.86484 , 0
-1.20813 , 1.86512 , 0
-1.21979 , 1.86536 , 0
-1.23141 , 1.86554 , 0
-1.24301 , 1.86568 , 0
-1.25457 , 1.86577 , 0
-1.26609 , 1.8658 , 0
-1.27759 , 1.8658 , 0
-1.28905 , 1.86574 , 0
-1.30048 , 1.86563 , 0
-1.31188 , 1.86548 , 0
-1.32324 , 1.86529 , 0
-1.33457 , 1.86504 , 0
-1.34587 , 1.86475 , 0
-1.35714 , 1.86442 , 0
-1.36837 , 1.86404 , 0
-1.37958 , 1.86362 , 0
-1.39074 , 1.86315 , 0
-1.40188 , 1.86264 , 0
-1.41298 , 1.86209 , 0
-1.42406 , 1.86149 , 0
-1.43509 , 1.86085 , 0
-1.4461 , 1.86017 , 0
-1.45707 , 1.85944 , 0
-1.46801 , 1.85868 , 0
-1.47892 , 1.85787 , 0
-1.4898 , 1.85702 , 0
-1.50064 , 1.85614 , 0
-1.51145 , 1.85521 , 0
-1.52223 , 1.85424 , 0
-1.53297 , 1.85323 , 0
-1.54369 , 1.85218 , 0
-1.55437 , 1.8511 , 0
-1.56502 , 1.84997 , 0
-1.57563 , 1.84881 , 0
-1.58621 , 1.84761 , 0
-1.59677 , 1.84637 , 0
-1.60728 , 1.84509 , 0
-1.61777 , 1.84378 , 0
-1.62822 , 1.84243 , 0
-1.63865 , 1.84104 , 0
-1.64904 , 1.83962 , 0
-1.65939 , 1.83816 , 0
-1.66972 , 1.83667 , 0
-1.68001 , 1.83514 , 0
-1.69027 , 1.83357 , 0
-1.7005 , 1.83197 , 0
-1.7107 , 1.83034 , 0
-1.72086 , 1.82867 , 0
-1.73099 , 1.82697 , 0
-1.74109 , 1.82523 , 0
-1.75116 , 1.82346 , 0
-1.7612 , 1.82166 , 0
-1.7712 , 1.81982 , 0
-1.78117 , 1.81795 , 0
-1.79112 , 1.81605 , 0
-1.80102 , 1.81412 , 0
-1.8109 , 1.81215 , 0
-1.82075 , 1.81015 , 0
-1.83056 , 1.80812 , 0
-1.84034 , 1.80606 , 0
-1.85009 , 1.80397 , 0
-1.85981 , 1.80185 , 0
-1.8695 , 1.7997 , 0
-1.87916 , 1.79752 , 0
-1.88878 , 1.7953 , 0
-1.89837 , 1.79306 , 0
-1.90793 , 1.79079 , 0
-1.91746 , 1.78848 , 0
-1.92696 , 1.78615 , 0
-1.93643 , 1.78379 , 0
-1.94587 , 1.7814 , 0
-1.95527 , 1.77898 , 0
-1.96464 , 1.77654 , 0
-1.97399 , 1.77406 , 0
-1.9833 , 1.77156 , 0
-1.99258 , 1.76903 , 0
-2.00183 , 1.76647 , 0
-2.01105 , 1.76389 , 0
-2.02023 , 1.76127 , 0
-2.02939 , 1.75864 , 0
-2.03852 , 1.75597 , 0
-2.04761 , 1.75328 , 0
-2.05667 , 1.75056 , 0
-2.06571 , 1.74781 , 0
-2.07471 , 1.74504 , 0
-2.08368 , 1.74224 , 0
-2.09262 , 1.73942 , 0
-2.10153 , 1.73657 , 0
-2.11041 , 1.7337 , 0
-2.11926 , 1.7308 , 0
-2.12808 , 1.72788 , 0
-2.13687 , 1.72493 , 0
-2.14563 , 1.72196 , 0
-2.15435 , 1.71896 , 0
-2.16305 , 1.71594 , 0
-2.17172 , 1.71289 , 0
-2.18036 , 1.70983 , 0
-2.18896 , 1.70673 , 0
-2.19754 , 1.70362 , 0
-2.20608 , 1.70048 , 0
-2.2146 , 1.69731 , 0
-2.22309 , 1.69413 , 0
-2.23154 , 1.69092 , 0
-2.23997 , 1.68769 , 0
-2.24836 , 1.68443 , 0
-2.25673 , 1.68116 , 0
-2.26507 , 1.67786 , 0
-2.27337 , 1.67454 , 0
-2.28165 , 1.6712 , 0
-2.2899 , 1.66783 , 0
-2.29812 , 1.66445 , 0
-2.3063 , 1.66104 , 0
-2.31446 , 1.65761 , 0
-2.32259 , 1.65416 , 0
-2.33069 , 1.65069 , 0
-2.33876 , 1.6472 , 0
-2.3468 , 1.64369 , 0
-2.35481 , 1.64015 , 0
-2.36279 , 1.6366 , 0
-2.37074 , 1.63302 , 0
-2.37867 , 1.62943 , 0
-2.38656 , 1.62582 , 0
-2.39442 , 1.62218 , 0
-2.40226 , 1.61853 , 0
-2.41007 , 1.61486 , 0
-2.41784 , 1.61116 , 0
-2.42559 , 1.60745 , 0
-2.43331 , 1.60372 , 0
-2.441 , 1.59997 , 0
-2.44866 , 1.5962 , 0
-2.45629 , 1.59241 , 0
-2.4639 , 1.5886 , 0
-2.47147 , 1.58478 , 0
-2.47902 , 1.58093 , 0
-2.48653 , 1.57707 , 0
-2.49402 , 1.57319 , 0
-2.50148 , 1.56929 , 0
-2.50891 , 1.56537 , 0
-2.51631 , 1.56144 , 0
-2.52369 , 1.55749 , 0
-2.53103 , 1.55352 , 0
-2.53835 , 1.54953 , 0
-2.54564 , 1.54553 , 0
-2.5529 , 1.5415 , 0
-2.56013 , 1.53747 , 0
-2.56733 , 1.53341 , 0
-2.57451 , 1.52934 , 0
-2.58165 , 1.52525 , 0
-2.58877 , 1.52114 , 0
-2.59586 , 1.51702 , 0
-2.60293 , 1.51288 , 0
-2.60996 , 1.50872 , 0
-2.61697 , 1.50455 , 0
-2.62394 , 1.50036 , 0
-2.63089 , 1.49616 , 0
-2.63782 , 1.49194 , 0
-2.64471 , 1.4877 , 0
-2.65158 , 1.48345 , 0
-2.65841 , 1.47918 , 0
-2.66522 , 1.4749 , 0
-2.67201 , 1.4706 , 0
-2.67876 , 1.46629 , 0
-2.68549 , 1.46196 , 0
-2.69219 , 1.45762 , 0
-2.69886 , 1.45326 , 0
-2.7055 , 1.44888 , 0
-2.71212 , 1.4445 , 0
-2.71871 , 1.44009 , 0
-2.72527 , 1.43568 , 0
-2.73181 , 1.43124 , 0
-2.73831 , 1.4268 , 0
-2.74479 , 1.42234 , 0
-2.75124 , 1.41786 , 0
-2.75767 , 1.41337 , 0
-2.76406 , 1.40887 , 0
-2.77043 , 1.40436 , 0
-2.77678 , 1.39982 , 0
-2.78309 , 1.39528 , 0
-2.78938 , 1.39072 , 0
-2.79564 , 1.38615 , 0
-2.80188 , 1.38157 , 0
-2.80808 , 1.37697 , 0
-2.81426 , 1.37236 , 0
-2.82042 , 1.36773 , 0
-2.82654 , 1.36309 , 0
-2.83264 , 1.35844 , 0
-2.83871 , 1.35378 , 0
-2.84476 , 1.3491 , 0
-2.85078 , 1.34441 , 0
-2.85677 , 1.33971 , 0
-2.86273 , 1.335 , 0
-2.86867 , 1.33027 , 0
-2.87458 , 1.32553 , 0
-2.88046 , 1.32078 , 0
-2.88632 , 1.31602 , 0
-2.89215 , 1.31124 , 0
-2.89796 , 1.30645 , 0
-2.90374 , 1.30165 , 0
-2.90949 , 1.29684 , 0
-2.91521 , 1.29202 , 0
-2.92091 , 1.28718 , 0
-2.92658 , 1.28233 , 0
-2.93223 , 1.27747 , 0
-2.93785 , 1.2726 , 0
-2.94344 , 1.26772 , 0
-2.949 , 1.26283 , 0
-2.95454 , 1.25793 , 0
-2.96006 , 1.25301 , 0
-2.96554 , 1.24808 , 0
-2.97101 , 1.24315 , 0
-2.97644 , 1.2382 , 0
-2.98185 , 1.23324 , 0
-2.98723 , 1.22827 , 0
-2.99259 , 1.22329 , 0
-2.99792 , 1.21829 , 0
-3.00322 , 1.21329 , 0
-3.0085 , 1.20828 , 0
-3.01375 , 1.20326 , 0
-3.01898 , 1.19822 , 0
-3.02418 , 1.19318 , 0
-3.02935 , 1.18812 , 0
-3.0345 , 1.18306 , 0
-3.03962 , 1.17798 , 0
-3.04472 , 1.1729 , 0
-3.04979 , 1.16781 , 0
-3.05484 , 1.1627 , 0
-3.05986 , 1.15759 , 0
-3.06485 , 1.15246 , 0
-3.06982 , 1.14733 , 0
-3.07476 , 1.14219 , 0
-3.07967 , 1.13703 , 0
-3.08457 , 1.13187 , 0
-3.08943 , 1.1267 , 0
-3.09427 , 1.12152 , 0
-3.09908 , 1.11633 , 0
-3.10387 , 1.11113 , 0
-3.10863 , 1.10592 , 0
-3.11337 , 1.1007 , 0
-3.11808 , 1.09548 , 0
-3.12277 , 1.09024 , 0
-3.12743 , 1.085 , 0
-3.13207 , 1.07974 , 0
-3.13668 , 1.07448 , 0
-3.14126 , 1.06921 , 0
-3.14582 , 1.06393 , 0
-3.15035 , 1.05864 , 0
-3.15486 , 1.05335 , 0
-3.15935 , 1.04804 , 0
-3.1638 , 1.04273 , 0
-3.16824 , 1.03741 , 0
-3.17265 , 1.03208 , 0
-3.17703 , 1.02674 , 0
-3.18139 , 1.02139 , 0
-3.18572 , 1.01604 , 0
-3.19003 , 1.01068 , 0
-3.19431 , 1.00531 , 0
-3.19856 , 0.999928 , 0
-3.2028 , 0.994543 , 0
-3.207 , 0.989149 , 0
-3.21119 , 0.983748 , 0
-3.21534 , 0.978339 , 0
-3.21947 , 0.972922 , 0
-3.22358 , 0.967498 , 0
-3.22766 , 0.962066 , 0
-3.23172 , 0.956627 , 0
-3.23575 , 0.951181 , 0
-3.23976 , 0.945727 , 0
-3.24374 , 0.940266 , 0
-3.2477 , 0.934798 , 0
-3.25164 , 0.929323 , 0
-3.25554 , 0.923841 , 0
-3.25943 , 0.918351 , 0
-3.26329 , 0.912855 , 0
-3.26712 , 0.907352 , 0
-3.27093 , 0.901841 , 0
-3.27471 , 0.896324 , 0
-3.27847 , 0.890801 , 0
-3.28221 , 0.88527 , 0
-3.28592 , 0.879733 , 0
-3.28961 , 0.87419 , 0
-3.29327 , 0.86864 , 0
-3.29691 , 0.863083 , 0
-3.30052 , 0.85752 , 0
-3.30411 , 0.851951 , 0
-3.30767 , 0.846375 , 0
-3.31121 , 0.840793 , 0
-3.31472 , 0.835205 , 0
-3.31821 , 0.82961 , 0
-3.32168 , 0.82401 , 0
-3.32512 , 0.818403 , 0
-3.32854 , 0.812791 , 0
-3.33193 , 0.807172 , 0
-3.3353 , 0.801548 , 0
-3.33864 , 0.795918 , 0
-3.34196 , 0.790282 , 0
-3.34526 , 0.78464 , 0
-3.34853 , 0.778992 , 0
-3.35177 , 0.773339 , 0
-3.355 , 0.76768 , 0
-3.35819 , 0.762016 , 0
-3.36137 , 0.756346 , 0
-3.36452 , 0.750671 , 0
-3.36764 , 0.74499 , 0
-3.37074 , 0.739304 , 0
-3.37382 , 0.733613 , 0
-3.37687 , 0.727916 , 0
-3.3799 , 0.722215 , 0
-3.38291 , 0.716508 , 0
-3.38589 , 0.710796 , 0
-3.38884 , 0.705079 , 0
-3.39177 , 0.699357 , 0
-3.39468 , 0.69363 , 0
-3.39757 , 0.687898 , 0
-3.40043 , 0.682161 , 0
-3.40326 , 0.676419 , 0
-3.40607 , 0.670673 , 0
-3.40886 , 0.664921 , 0
-3.41163 , 0.659166 , 0
-3.41437 , 0.653405 , 0
-3.41708 , 0.64764 , 0
-3.41977 , 0.641871 , 0
-3.42244 , 0.636096 , 0
-3.42509 , 0.630318 , 0
-3.42771 , 0.624535 , 0
-3.4303 , 0.618748 , 0
-3.43288 , 0.612956 , 0
-3.43543 , 0.60716 , 0
-3.43795 , 0.60136 , 0
-3.44045 , 0.595556 , 0
-3.44293 , 0.589748 , 0
-3.44538 , 0.583935 , 0
-3.44781 , 0.578119 , 0
-3.45022 , 0.572299 , 0
-3.4526 , 0.566474 , 0
-3.45496 , 0.560646 , 0
-3.45729 , 0.554814 , 0
-3.4596 , 0.548978 , 0
-3.46189 , 0.543138 , 0
-3.46416 , 0.537295 , 0
-3.4664 , 0.531448 , 0
-3.46861 , 0.525597 , 0
-3.4708 , 0.519743 , 0
-3.47297 , 0.513885 , 0
-3.47512 , 0.508023 , 0
-3.47724 , 0.502159 , 0
-3.47934 , 0.49629 , 0
-3.48141 , 0.490419 , 0
-3.48346 , 0.484544 , 0
-3.48549 , 0.478666 , 0
-3.48749 , 0.472784 , 0
-3.48947 , 0.4669 , 0
-3.49143 , 0.461012 , 0
-3.49336 , 0.455121 , 0
-3.49527 , 0.449227 , 0
-3.49716 , 0.44333 , 0
-3.49902 , 0.43743 , 0
-3.50086 , 0.431527 , 0
-3.50267 , 0.425621 , 0
-3.50446 , 0.419713 , 0
-3.50623 , 0.413801 , 0
-3.50798 , 0.407887 , 0
-3.5097 , 0.40197 , 0
-3.51139 , 0.39605 , 0
-3.51307 , 0.390128 , 0
-3.51472 , 0.384203 , 0
-3.51635 , 0.378275 , 0
-3.51795 , 0.372345 , 0
-3.51953 , 0.366413 , 0
-3.52109 , 0.360478 , 0
-3.52262 , 0.354541 , 0
-3.52413 , 0.348601 , 0
-3.52562 , 0.342659 , 0
-3.52708 , 0.336715 , 0
-3.52852 , 0.330768 , 0
-3.52994 , 0.32482 , 0
-3.53133 , 0.318869 , 0
-3.5327 , 0.312916 , 0
-3.53405 , 0.306961 , 0
-3.53537 , 0.301004 , 0
-3.53667 , 0.295045 , 0
-3.53795 , 0.289084 , 0
-3.5392 , 0.283121 , 0
-3.54043 , 0.277156 , 0
-3.54164 , 0.27119 , 0
-3.54283 , 0.265222 , 0
-3.54399 , 0.259252 , 0
-3.54512 , 0.25328 , 0
-3.54624 , 0.247306 , 0
-3.54733 , 0.241331 , 0
-3.54839 , 0.235355 , 0
-3.54944 , 0.229377 , 0
-3.55046 , 0.223397 , 0
-3.55146 , 0.217416 , 0
-3.55243 , 0.211433 , 0
-3.55338 , 0.205449 , 0
-3.55431 , 0.199464 , 0
-3.55521 , 0.193477 , 0
-3.5561 , 0.187489 , 0
-3.55695 , 0.1815 , 0
-3.55779 , 0.17551 , 0
-3.5586 , 0.169519 , 0
-3.55939 , 0.163526 , 0
-3.56015 , 0.157533 , 0
-3.5609 , 0.151538 , 0
-3.56162 , 0.145542 , 0
-3.56231 , 0.139546 , 0
-3.56298 , 0.133548 , 0
-3.56363 , 0.12755 , 0
-3.56426 , 0.121551 , 0
-3.56486 , 0.115551 , 0
-3.56544 , 0.10955 , 0
-3.566 , 0.103549 , 0
-3.56653 , 0.097547 , 0
-3.56704 , 0.0915443 , 0
-3.56753 , 0.085541 , 0
-3.568 , 0.0795372 , 0
-3.56844 , 0.0735328 , 0
-3.56886 , 0.067528 , 0
-3.56925 , 0.0615227 , 0
-3.56962 , 0.0555171 , 0
-3.56997 , 0.049511 , 0
-3.5703 , 0.0435047 , 0
-3.5706 , 0.0374981 , 0
-3.57088 , 0.0314912 , 0
-3.57113 , 0.0254841 , 0
-3.57137 , 0.0194769 , 0
-3.57158 , 0.0134695 , 0
-3.57176 , 0.00746205 , 0
-3.57193 , 0.00145456 , 0
-3.57207 , -0.00455295 , 0
-3.57219 , -0.0105604 , 0
-3.57228 , -0.0165678 , 0
-3.57235 , -0.0225751 , 0
-3.5724 , -0.0285823 , 0
-3.57243 , -0.0345893 , 0
-3.57243 , -0.040596 , 0
-3.57241 , -0.0466025 , 0
-3.57236 , -0.0526087 , 0
-3.5723 , -0.0586145 , 0
-3.57221 , -0.06462 , 0
-3.57209 , -0.070625 , 0
-3.57196 , -0.0766296 , 0
-3.5718 , -0.0826337 , 0
-3.57161 , -0.0886373 , 0
-3.57141 , -0.0946403 , 0
-3.57118 , -0.100643 , 0
-3.57093 , -0.106644 , 0
-3.57065 , -0.112645 , 0
-3.57036 , -0.118646 , 0
-3.57004 , -0.124645 , 0
-3.56969 , -0.130644 , 0
-3.56932 , -0.136642 , 0
-3.56893 , -0.142639 , 0
-3.56852 , -0.148635 , 0
-3.56808 , -0.15463 , 0
-3.56762 , -0.160624 , 0
-3.56714 , -0.166617 , 0
-3.56664 , -0.172609 , 0
-3.56611 , -0.1786 , 0
-3.56556 , -0.18459 , 0
-3.56498 , -0.190578 , 0
-3.56438 , -0.196566 , 0
-3.56376 , -0.202552 , 0
-3.56312 , -0.208536 , 0
-3.56245 , -0.21452 , 0
-3.56176 , -0.220502 , 0
-3.56105 , -0.226482 , 0
-3.56031 , -0.232461 , 0
-3.55955 , -0.238439 , 0
-3.55877 , -0.244415 , 0
-3.55796 , -0.250389 , 0
-3.55713 , -0.256362 , 0
-3.55628 , -0.262333 , 0
-3.55541 , -0.268303 , 0
-3.55451 , -0.27427 , 0
-3.55359 , -0.280236 , 0
-3.55264 , -0.2862 , 0
-3.55167 , -0.292163 , 0
-3.55068 , -0.298123 , 0
-3.54967 , -0.304081 , 0
-3.54863 , -0.310038 , 0
-3.54757 , -0.315992 , 0
-3.54649 , -0.321944 , 0
-3.54538 , -0.327895 , 0
-3.54425 , -0.333843 , 0
-3.5431 , -0.339788 , 0
-3.54192 , -0.345732 , 0
-3.54072 , -0.351674 , 0
-3.5395 , -0.357613 , 0
-3.53826 , -0.363549 , 0
-3.53699 , -0.369484 , 0
-3.5357 , -0.375416 , 0
-3.53438 , -0.381345 , 0
-3.53304 , -0.387272 , 0
-3.53168 , -0.393197 , 0
-3.5303 , -0.399118 , 0
-3.52889 , -0.405038 , 0
-3.52746 , -0.410954 , 0
-3.526 , -0.416868 , 0
-3.52453 , -0.422779 , 0
-3.52303 , -0.428688 , 0
-3.5215 , -0.434593 , 0
-3.51995 , -0.440496 , 0
-3.51838 , -0.446395 , 0
-3.51679 , -0.452292 , 0
-3.51517 , -0.458186 , 0
-3.51353 , -0.464077 , 0
-3.51187 , -0.469965 , 0
-3.51018 , -0.475849 , 0
-3.50847 , -0.481731 , 0
-3.50674 , -0.487609 , 0
-3.50498 , -0.493484 , 0
-3.5032 , -0.499355 , 0
-3.5014 , -0.505224 , 0
-3.49957 , -0.511089 , 0
-3.49773 , -0.51695 , 0
-3.49585 , -0.522809 , 0
-3.49396 , -0.528663 , 0
-3.49204 , -0.534514 , 0
-3.49009 , -0.540362 , 0
-3.48813 , -0.546206 , 0
-3.48614 , -0.552046 , 0
-3.48412 , -0.557883 , 0
-3.48209 , -0.563716 , 0
-3.48003 , -0.569545 , 0
-3.47794 , -0.57537 , 0
-3.47584 , -0.581192 , 0
-3.47371 , -0.587009 , 0
-3.47155 , -0.592822 , 0
-3.46938 , -0.598632 , 0
-3.46718 , -0.604437 , 0
-3.46495 , -0.610239 , 0
-3.46271 , -0.616036 , 0
-3.46044 , -0.621829 , 0
-3.45814 , -0.627618 , 0
-3.45582 , -0.633403 , 0
-3.45348 , -0.639183 , 0
-3.45112 , -0.644959 , 0
-3.44873 , -0.65073 , 0
-3.44632 , -0.656498 , 0
-3.44388 , -0.66226 , 0
-3.44143 , -0.668018 , 0
-3.43894 , -0.673772 , 0
-3.43644 , -0.679521 , 0
-3.43391 , -0.685265 , 0
-3.43136 , -0.691005 , 0
-3.42878 , -0.696739 , 0
-3.42618 , -0.702469 , 0
-3.42356 , -0.708195 , 0
-3.42091 , -0.713915 , 0
-3.41824 , -0.71963 , 0
-3.41554 , -0.725341 , 0
-3.41283 , -0.731046 , 0
-3.41008 , -0.736746 , 0
-3.40732 , -0.742441 , 0
-3.40453 , -0.748131 , 0
-3.40172 , -0.753816 , 0
-3.39888 , -0.759496 , 0
-3.39602 , -0.76517 , 0
-3.39314 , -0.770839 , 0
-3.39023 , -0.776503 , 0
-3.3873 , -0.782161 , 0
-3.38434 , -0.787813 , 0
-3.38136 , -0.79346 , 0
-3.37836 , -0.799102 , 0
-3.37533 , -0.804738 , 0
-3.37228 , -0.810368 , 0
-3.36921 , -0.815992 , 0
-3.36611 , -0.821611 , 0
-3.36299 , -0.827224 , 0
-3.35984 , -0.832831 , 0
-3.35667 , -0.838432 , 0
-3.35348 , -0.844027 , 0
-3.35026 , -0.849616 , 0
-3.34702 , -0.855199 , 0
-3.34376 , -0.860776 , 0
-3.34047 , -0.866347 , 0
-3.33715 , -0.871911 , 0
-3.33382 , -0.87747 , 0
-3.33046 , -0.883022 , 0
-3.32707 , -0.888567 , 0
-3.32366 , -0.894106 , 0
-3.32023 , -0.899639 , 0
-3.31677 , -0.905165 , 0
-3.31329 , -0.910685 , 0
-3.30979 , -0.916198 , 0
-3.30626 , -0.921704 , 0
-3.3027 , -0.927204 , 0
-3.29913 , -0.932697 , 0
-3.29552 , -0.938183 , 0
-3.2919 , -0.943662 , 0
-3.28825 , -0.949134 , 0
-3.28457 , -0.9546 , 0
-3.28088 , -0.960058 , 0
-3.27715 , -0.965509 , 0
-3.27341 , -0.970953 , 0
-3.26964 , -0.97639 , 0
-3.26584 , -0.98182 , 0
-3.26202 , -0.987242 , 0
-3.25818 , -0.992657 , 0
-3.25431 , -0.998064 , 0
-3.25042 , -1.00346 , 0
-3.2465 , -1.00886 , 0
-3.24256 , -1.01424 , 0
-3.23859 , -1.01962 , 0
-3.2346 , -1.02499 , 0
-3.23059 , -1.03035 , 0
-3.22655 , -1.03571 , 0
-3.22249 , -1.04105 , 0
-3.2184 , -1.04639 , 0
-3.21429 , -1.05172 , 0
-3.21015 , -1.05704 , 0
-3.20599 , -1.06236 , 0
-3.20181 , -1.06766 , 0
-3.1976 , -1.07296 , 0
-3.19336 , -1.07825 , 0
-3.1891 , -1.08353 , 0
-3.18482 , -1.08881 , 0
-3.18051 , -1.09407 , 0
-3.17618 , -1.09933 , 0
-3.17182 , -1.10458 , 0
-3.16744 , -1.10981 , 0
-3.16303 , -1.11505 , 0
-3.1586 , -1.12027 , 0
-3.15414 , -1.12548 , 0
-3.14966 , -1.13068 , 0
-3.14515 , -1.13588 , 0
-3.14062 , -1.14107 , 0
-3.13607 , -1.14624 , 0
-3.13149 , -1.15141 , 0
-3.12688 , -1.15657 , 0
-3.12225 , -1.16172 , 0
-3.1176 , -1.16686 , 0
-3.11292 , -1.17199 , 0
-3.10821 , -1.17711 , 0
-3.10348 , -1.18223 , 0
-3.09873 , -1.18733 , 0
-3.09395 , -1.19242 , 0
-3.08914 , -1.19751 , 0
-3.08431 , -1.20258 , 0
-3.07946 , -1.20765 , 0
-3.07458 , -1.2127 , 0
-3.06967 , -1.21774 , 0
-3.06474 , -1.22278 , 0
-3.05979 , -1.2278 , 0
-3.05481 , -1.23282 , 0
-3.0498 , -1.23782 , 0
-3.04477 , -1.24282 , 0
-3.03971 , -1.2478 , 0
-3.03463 , -1.25277 , 0
-3.02953 , -1.25774 , 0
-3.02439 , -1.26269 , 0
-3.01924 , -1.26763 , 0
-3.01405 , -1.27256 , 0
-3.00885 , -1.27748 , 0
-3.00361 , -1.28239 , 0
-2.99835 , -1.28729 , 0
-2.99307 , -1.29218 , 0
-2.98776 , -1.29706 , 0
-2.98243 , -1.30192 , 0
-2.97706 , -1.30678 , 0
-2.97168 , -1.31162 , 0
-2.96627 , -1.31645 , 0
-2.96083 , -1.32128 , 0
-2.95537 , -1.32609 , 0
-2.94988 , -1.33088 , 0
-2.94436 , -1.33567 , 0
-2.93882 , -1.34044 , 0
-2.93326 , -1.34521 , 0
-2.92767 , -1.34996 , 0
-2.92205 , -1.3547 , 0
-2.91641 , -1.35943 , 0
-2.91074 , -1.36414 , 0
-2.90504 , -1.36884 , 0
-2.89932 , -1.37354 , 0
-2.89358 , -1.37822 , 0
-2.88781 , -1.38288 , 0
-2.88201 , -1.38754 , 0
-2.87618 , -1.39218 , 0
-2.87033 , -1.39681 , 0
-2.86446 , -1.40142 , 0
-2.85856 , -1.40603 , 0
-2.85263 , -1.41062 , 0
-2.84668 , -1.4152 , 0
-2.84069 , -1.41976 , 0
-2.83469 , -1.42431 , 0
-2.82866 , -1.42885 , 0
-2.8226 , -1.43338 , 0
-2.81651 , -1.43789 , 0
-2.8104 , -1.44239 , 0
-2.80426 , -1.44687 , 0
-2.7981 , -1.45135 , 0
-2.79191 , -1.4558 , 0
-2.78569 , -1.46025 , 0
-2.77945 , -1.46468 , 0
-2.77318 , -1.4691 , 0
-2.76689 , -1.4735 , 0
-2.76056 , -1.47789 , 0
-2.75422 , -1.48226 , 0
-2.74784 , -1.48662 , 0
-2.74144 , -1.49097 , 0
-2.73501 , -1.4953 , 0
-2.72856 , -1.49962 , 0
-2.72207 , -1.50392 , 0
-2.71557 , -1.5082 , 0
-2.70903 , -1.51248 , 0
-2.70247 , -1.51673 , 0
-2.69588 , -1.52098 , 0
-2.68927 , -1.5252 , 0
-2.68262 , -1.52942 , 0
-2.67596 , -1.53361 , 0
-2.66926 , -1.5378 , 0
-2.66254 , -1.54196 , 0
-2.65579 , -1.54611 , 0
-2.64901 , -1.55025 , 0
-2.64221 , -1.55437 , 0
-2.63538 , -1.55847 , 0
-2.62852 , -1.56256 , 0
-2.62163 , -1.56663 , 0
-2.61472 , -1.57068 , 0
-2.60778 , -1.57472 , 0
-2.60082 , -1.57874 , 0
-2.59382 , -1.58275 , 0
-2.5868 , -1.58674 , 0
-2.57976 , -1.59071 , 0
-2.57268 , -1.59466 , 0
-2.56558 , -1.5986 , 0
-2.55845 , -1.60252 , 0
-2.55129 , -1.60643 , 0
-2.54411 , -1.61031 , 0
-2.53689 , -1.61418 , 0
-2.52965 , -1.61804 , 0
-2.52239 , -1.62187 , 0
-2.51509 , -1.62569 , 0
-2.50777 , -1.62949 , 0
-2.50042 , -1.63327 , 0
-2.49304 , -1.63703 , 0
-2.48564 , -1.64077 , 0
-2.4782 , -1.6445 , 0
-2.47074 , -1.64821 , 0
-2.46325 , -1.6519 , 0
-2.45574 , -1.65557 , 0
-2.44819 , -1.65922 , 0
-2.44062 , -1.66285 , 0
-2.43302 , -1.66647 , 0
-2.42539 , -1.67006 , 0
-2.41774 , -1.67364 , 0
-2.41005 , -1.67719 , 0
-2.40234 , -1.68073 , 0
-2.3946 , -1.68425 , 0
-2.38683 , -1.68774 , 0
-2.37903 , -1.69122 , 0
-2.37121 , -1.69468 , 0
-2.36336 , -1.69811 , 0
-2.35547 , -1.70153 , 0
-2.34757 , -1.70493 , 0
-2.33963 , -1.7083 , 0
-2.33166 , -1.71166 , 0
-2.32367 , -1.71499 , 0
-2.31564 , -1.71831 , 0
-2.30759 , -1.7216 , 0
-2.29951 , -1.72487 , 0
-2.2914 , -1.72812 , 0
-2.28327 , -1.73135 , 0
-2.2751 , -1.73455 , 0
-2.26691 , -1.73774 , 0
-2.25868 , -1.7409 , 0
-2.25043 , -1.74404 , 0
-2.24215 , -1.74716 , 0
-2.23384 , -1.75025 , 0
-2.2255 , -1.75332 , 0
-2.21714 , -1.75638 , 0
-2.20874 , -1.7594 , 0
-2.20032 , -1.76241 , 0
-2.19186 , -1.76539 , 0
-2.18338 , -1.76835 , 0
-2.17487 , -1.77128 , 0
-2.16633 , -1.77419 , 0
-2.15776 , -1.77708 , 0
-2.14916 , -1.77994 , 0
-2.14053 , -1.78278 , 0
-2.13187 , -1.78559 , 0
-2.12319 , -1.78838 , 0
-2.11447 , -1.79115 , 0
-2.10573 , -1.79389 , 0
-2.09695 , -1.79661 , 0
-2.08815 , -1.7993 , 0
-2.07932 , -1.80196 , 0
-2.07045 , -1.8046 , 0
-2.06156 , -1.80721 , 0
-2.05264 , -1.8098 , 0
-2.04369 , -1.81236 , 0
-2.03471 , -1.8149 , 0
-2.0257 , -1.81741 , 0
-2.01666 , -1.81989 , 0
-2.00759 , -1.82235 , 0
-1.99849 , -1.82478 , 0
-1.98936 , -1.82718 , 0
-1.98021 , -1.82955 , 0
-1.97102 , -1.8319 , 0
-1.9618 , -1.83422 , 0
-1.95255 , -1.83651 , 0
-1.94327 , -1.83878 , 0
-1.93397 , -1.84101 , 0
-1.92463 , -1.84322 , 0
-1.91526 , -1.8454 , 0
-1.90586 , -1.84755 , 0
-1.89644 , -1.84966 , 0
-1.88698 , -1.85176 , 0
-1.87749 , -1.85382 , 0
-1.86797 , -1.85585 , 0
-1.85843 , -1.85785 , 0
-1.84885 , -1.85982 , 0
-1.83924 , -1.86176 , 0
-1.8296 , -1.86367 , 0
-1.81993 , -1.86555 , 0
-1.81023 , -1.8674 , 0
-1.8005 , -1.86922 , 0
-1.79074 , -1.871 , 0
-1.78095 , -1.87276 , 0
-1.77113 , -1.87448 , 0
-1.76128 , -1.87617 , 0
-1.7514 , -1.87782 , 0
-1.74149 , -1.87945 , 0
-1.73155 , -1.88104 , 0
-1.72157 , -1.8826 , 0
-1.71157 , -1.88412 , 0
-1.70153 , -1.88562 , 0
-1.69147 , -1.88707 , 0
-1.68137 , -1.8885 , 0
-1.67125 , -1.88988 , 0
-1.66109 , -1.89124 , 0
-1.6509 , -1.89256 , 0
-1.64069 , -1.89384 , 0
-1.63044 , -1.89509 , 0
-1.62016 , -1.8963 , 0
-1.60985 , -1.89748 , 0
-1.59951 , -1.89862 , 0
-1.58913 , -1.89972 , 0
-1.57873 , -1.90079 , 0
-1.5683 , -1.90182 , 0
-1.55783 , -1.90281 , 0
-1.54734 , -1.90377 , 0
-1.53681 , -1.90469 , 0
-1.52626 , -1.90556 , 0
-1.51567 , -1.9064 , 0
-1.50505 , -1.9072 , 0
-1.4944 , -1.90797 , 0
-1.48372 , -1.90869 , 0
-1.47301 , -1.90937 , 0
-1.46226 , -1.91001 , 0
-1.45149 , -1.91062 , 0
-1.44068 , -1.91118 , 0
-1.42985 , -1.9117 , 0
-1.41898 , -1.91218 , 0
-1.40808 , -1.91261 , 0
-1.39716 , -1.91301 , 0
-1.3862 , -1.91336 , 0
-1.37521 , -1.91367 , 0
-1.36419 , -1.91394 , 0
-1.35313 , -1.91416 , 0
-1.34205 , -1.91434 , 0
-1.33093 , -1.91447 , 0
-1.31979 , -1.91456 , 0
-1.30861 , -1.91461 , 0
-1.29741 , -1.91461 , 0
-1.28617 , -1.91457 , 0
-1.2749 , -1.91447 , 0
-1.2636 , -1.91434 , 0
-1.25227 , -1.91415 , 0
-1.24091 , -1.91392 , 0
-1.22952 , -1.91364 , 0
-1.21809 , -1.91332 , 0
-1.20664 , -1.91294 , 0
-1.19515 , -1.91252 , 0
-1.18364 , -1.91204 , 0
-1.17209 , -1.91152 , 0
-1.16052 , -1.91095 , 0
-1.14891 , -1.91033 , 0
-1.13727 , -1.90965 , 0
-1.1256 , -1.90893 , 0
-1.1139 , -1.90815 , 0
-1.10218 , -1.90732 , 0
-1.09042 , -1.90644 , 0
-1.07863 , -1.90551 , 0
-1.06681 , -1.90452 , 0
-1.05496 , -1.90348 , 0
-1.04307 , -1.90238 , 0
-1.03116 , -1.90123 , 0
-1.01922 , -1.90002 , 0
-1.00725 , -1.89876 , 0
-0.995252 , -1.89744 , 0
-0.983222 , -1.89607 , 0
-0.971162 , -1.89464 , 0
-0.959072 , -1.89314 , 0
-0.946953 , -1.8916 , 0
-0.934804 , -1.88999 , 0
-0.922626 , -1.88832 , 0
-0.910419 , -1.88659 , 0
-0.898182 , -1.88481 , 0
-0.885916 , -1.88296 , 0
-0.873622 , -1.88105 , 0
-0.861298 , -1.87907 , 0
-0.848946 , -1.87704 , 0
-0.836565 , -1.87494 , 0
-0.824155 , -1.87278 , 0
-0.811718 , -1.87055 , 0
-0.799252 , -1.86826 , 0
-0.786758 , -1.8659 , 0
-0.774236 , -1.86348 , 0
-0.761686 , -1.86099 , 0
-0.749109 , -1.85843 , 0
-0.736504 , -1.8558 , 0
-0.723872 , -1.85311 , 0
-0.711213 , -1.85034 , 0
-0.698527 , -1.84751 , 0
-0.685814 , -1.84461 , 0
-0.673075 , -1.84163 , 0
-0.660309 , -1.83858 , 0
-0.647518 , -1.83546 , 0
-0.6347 , -1.83227 , 0
-0.621857 , -1.829 , 0
-0.608988 , -1.82566 , 0
-0.596095 , -1.82224 , 0
-0.583176 , -1.81874 , 0
-0.570232 , -1.81517 , 0
-0.557265 , -1.81152 , 0
-0.544273 , -1.8078 , 0
-0.531257 , -1.80399 , 0
-0.518218 , -1.8001 , 0
-0.505155 , -1.79613 , 0
-0.49207 , -1.79209 , 0
-0.478962 , -1.78795 , 0
-0.465832 , -1.78374 , 0
-0.45268 , -1.77944 , 0
-0.439506 , -1.77506 , 0
-0.426311 , -1.77059 , 0
-0.413095 , -1.76604 , 0
-0.399859 , -1.76139 , 0
-0.386603 , -1.75666 , 0
-0.373327 , -1.75185 , 0
-0.360033 , -1.74694 , 0
-0.346719 , -1.74194 , 0
-0.333387 , -1.73685 , 0
-0.320038 , -1.73166 , 0
-0.306671 , -1.72639 , 0
-0.293288 , -1.72101 , 0
-0.279888 , -1.71555 , 0
-0.266472 , -1.70998 , 0
-0.253042 , -1.70432 , 0
-0.239596 , -1.69857 , 0
-0.226137 , -1.69271 , 0
-0.212665 , -1.68675 , 0
-0.199179 , -1.68069 , 0
-0.185682 , -1.67453 , 0
-0.172173 , -1.66827 , 0
-0.158653 , -1.6619 , 0
-0.145124 , -1.65542 , 0
-0.131585 , -1.64884 , 0
-0.118037 , -1.64216 , 0
-0.104482 , -1.63536 , 0
-0.0909195 , -1.62845 , 0
-0.077351 , -1.62144 , 0
-0.0637771 , -1.61431 , 0
-0.0501988 , -1.60707 , 0
-0.0366169 , -1.59972 , 0
-0.0230324 , -1.59225 , 0
-0.00944625 , -1.58466 , 0
0.00414064 , -1.57696 , 0
0.0177272 , -1.56914 , 0
0.0313124 , -1.5612 , 0
0.0448952 , -1.55313 , 0
0.0584745 , -1.54495 , 0
0.0720491 , -1.53664 , 0
0.0856179 , -1.52821 , 0
0.0991797 , -1.51965 , 0
0.112733 , -1.51097 , 0
0.126277 , -1.50216 , 0
0.13981 , -1.49322 , 0
0.153331 , -1.48414 , 0
0.166838 , -1.47494 , 0
0.18033 , -1.4656 , 0
0.193806 , -1.45613 , 0
0.207264 , -1.44653 , 0
0.220702 , -1.43679 , 0
0.234119 , -1.42691 , 0
0.247513 , -1.41689 , 0
0.260883 , -1.40673 , 0
0.274226 , -1.39643 , 0
0.287541 , -1.38598 , 0
0.300827 , -1.37539 , 0
0.314081 , -1.36466 , 0
0.327301 , -1.35378 , 0
0.340485 , -1.34275 , 0
0.353631 , -1.33158 , 0
0.366738 , -1.32025 , 0
0.379803 , -1.30877 , 0
0.392823 , -1.29715 , 0
0.405797 , -1.28536 , 0
0.418723 , -1.27342 , 0
0.431596 , -1.26133 , 0
0.444417 , -1.24908 , 0
0.457181 , -1.23667 , 0
0.469886 , -1.2241 , 0
0.48253 , -1.21138 , 0
0.49511 , -1.19849 , 0
0.507623 , -1.18544 , 0
0.520066 , -1.17222 , 0
0.532436 , -1.15885 , 0
0.544731 , -1.1453 , 0
0.556947 , -1.1316 , 0
0.569081 , -1.11772 , 0
0.581131 , -1.10368 , 0
0.593092 , -1.08947 , 0
0.604961 , -1.0751 , 0
0.616736 , -1.06055 , 0
0.628412 , -1.04584 , 0
0.639986 , -1.03096 , 0
0.651455 , -1.0159 , 0
0.662814 , -1.00068 , 0
0.674061 , -0.985282 , 0
0.685191 , -0.969717 , 0
0.6962 , -0.95398 , 0
0.707084 , -0.938073 , 0
0.717841 , -0.921996 , 0
0.728464 , -0.905748 , 0
0.738951 , -0.889331 , 0
0.749297 , -0.872743 , 0
0.759498 , -0.855987 , 0
0.769549 , -0.839063 , 0
0.779447 , -0.821971 , 0
0.789187 , -0.804712 , 0
0.798765 , -0.787288 , 0
0.808175 , -0.769699 , 0
0.817415 , -0.751947 , 0
0.826478 , -0.734033 , 0
0.835361 , -0.715959 , 0
0.84406 , -0.697727 , 0
0.852569 , -0.679338 , 0
0.860884 , -0.660795 , 0
0.869 , -0.642099 , 0
0.876914 , -0.623253 , 0
0.88462 , -0.60426 , 0
0.892114 , -0.585122 , 0
0.899392 , -0.565841 , 0
0.906448 , -0.546422 , 0
0.91328 , -0.526867 , 0
0.919882 , -0.50718 , 0
0.92625 , -0.487363 , 0
0.932379 , -0.467422 , 0
0.938267 , -0.447359 , 0
0.943909 , -0.427178 , 0
0.9493 , -0.406884 , 0
0.954438 , -0.386482 , 0
0.959317 , -0.365975 , 0
0.963936 , -0.345368 , 0
0.96829 , -0.324667 , 0
0.972377 , -0.303876 , 0
0.976192 , -0.283 , 0
0.979733 , -0.262044 , 0
0.982998 , -0.241015 , 0
0.985983 , -0.219917 , 0
0.988686 , -0.198756 , 0
0.991105 , -0.177538 , 0
0.993238 , -0.156269 , 0
0.995083 , -0.134954 , 0
0.996638 , -0.1136 , 0
0.997903 , -0.0922129 , 0
0.998875 , -0.0707987 , 0
0.999554 , -0.0493638 , 0
0.999939 , -0.0279143 , 0
1.00003 , -0.00645657 , 0
0.999826 , 0.0150031 , 0
0.999327 , 0.0364583 , 0
0.998534 , 0.0579029 , 0
0.997447 , 0.0793304 , 0
0.996066 , 0.100735 , 0
0.994393 , 0.122109 , 0
0.992429 , 0.143448 , 0
0.990174 , 0.164745 , 0
0.98763 , 0.185994 , 0
0.9848 , 0.207189 , 0
0.981686 , 0.228324 , 0
0.978288 , 0.249394 , 0
0.97461 , 0.270391 , 0
0.970655 , 0.291312 , 0
0.966425 , 0.312151 , 0
0.961923 , 0.332902 , 0
0.957152 , 0.353559 , 0
0.952116 , 0.374119 , 0
0.946817 , 0.394576 , 0
0.94126 , 0.414925 , 0
0.935448 , 0.435161 , 0
0.929385 , 0.455281 , 0
0.923075 , 0.47528 , 0
0.916521 , 0.495153 , 0
0.909729 , 0.514898 , 0
0.902702 , 0.53451 , 0
0.895445 , 0.553985 , 0
0.887961 , 0.57332 , 0
0.880256 , 0.592513 , 0
0.872334 , 0.611559 , 0
0.864199 , 0.630456 , 0
0.855856 , 0.649201 , 0
0.847309 , 0.667792 , 0
0.838563 , 0.686227 , 0
0.829624 , 0.704502 , 0
0.820494 , 0.722616 , 0
0.81118 , 0.740567 , 0
0.801685 , 0.758354 , 0
0.792014 , 0.775974 , 0
0.782172 , 0.793427 , 0
0.772163 , 0.81071 , 0
0.761992 , 0.827823 , 0
0.751664 , 0.844765 , 0
0.741182 , 0.861535 , 0
0.730551 , 0.878131 , 0
0.719776 , 0.894554 , 0
0.708861 , 0.910803 , 0
0.69781 , 0.926878 , 0
0.686627 , 0.942777 , 0
0.675316 , 0.958501 , 0
0.663882 , 0.97405 , 0
0.652329 , 0.989423 , 0
0.64066 , 1.00462 , 0
0.628879 , 1.01965 , 0
0.616991 , 1.03449 , 0
0.604998 , 1.04917 , 0
0.592905 , 1.06367 , 0
0.580716 , 1.07799 , 0
0.568433 , 1.09215 , 0
0.55606 , 1.10613 , 0
0.543601 , 1.11994 , 0
0.531059 , 1.13358 , 0
0.518437 , 1.14704 , 0
0.505738 , 1.16034 , 0
0.492966 , 1.17347 , 0
0.480124 , 1.18643 , 0
0.467214 , 1.19923 , 0
0.454239 , 1.21186 , 0
0.441203 , 1.22432 , 0
0.428108 , 1.23662 , 0
0.414956 , 1.24876 , 0
0.40175 , 1.26074 , 0
0.388494 , 1.27255 , 0
0.375189 , 1.28421 , 0
0.361838 , 1.29571 , 0
0.348443 , 1.30705 , 0
0.335006 , 1.31824 , 0
0.32153 , 1.32927 , 0
0.308017 , 1.34015 , 0
0.294469 , 1.35087 , 0
0.280889 , 1.36145 , 0
0.267277 , 1.37188 , 0
0.253637 , 1.38215 , 0
0.23997 , 1.39229 , 0
0.226277 , 1.40227 , 0
0.212562 , 1.41211 , 0
0.198825 , 1.42181 , 0
0.185068 , 1.43137 , 0
0.171293 , 1.44079 , 0
0.157501 , 1.45007 , 0
0.143694 , 1.45921 , 0
0.129874 , 1.46821 , 0
0.116042 , 1.47708 , 0
0.1022 , 1.48582 , 0
0.0883484 , 1.49442 , 0
0.074489 , 1.50289 , 0
0.0606232 , 1.51123 , 0
0.0467523 , 1.51944 , 0
0.0328774 , 1.52753 , 0
0.0189998 , 1.53549 , 0
0.0051206 , 1.54332 , 0
-0.00875896 , 1.55103 , 0
-0.0226378 , 1.55862 , 0
-0.0365149 , 1.56608 , 0
-0.0503893 , 1.57343 , 0
-0.0642598 , 1.58066 , 0
-0.0781255 , 1.58777 , 0
-0.0919855 , 1.59476 , 0
-0.105839 , 1.60164 , 0
-0.119685 , 1.6084 , 0
-0.133522 , 1.61505 , 0
-0.14735 , 1.62159 , 0
-0.161168 , 1.62802 , 0
-0.174975 , 1.63434 , 0
-0.188771 , 1.64055 , 0
-0.202554 , 1.64665 , 0
-0.216324 , 1.65264 , 0
-0.230081 , 1.65854 , 0
-0.243823 , 1.66432 , 0
-0.25755 , 1.67001 , 0
-0.271261 , 1.67559 , 0
-0.284956 , 1.68107 , 0
-0.298633 , 1.68645 , 0
-0.312294 , 1.69173 , 0
-0.325936 , 1.69692 , 0
-0.33956 , 1.702 , 0
-0.353164 , 1.70699 , 0
-0.366749 , 1.71189 , 0
-0.380313 , 1.71669 , 0
-0.393858 , 1.7214 , 0
-0.40738 , 1.72602 , 0
-0.420882 , 1.73054 , 0
-0.434361 , 1.73498 , 0
-0.447818 , 1.73933 , 0
-0.461253 , 1.74358 , 0
-0.474664 , 1.74775 , 0
-0.488052 , 1.75184 , 0
-0.501415 , 1.75583 , 0
-0.514755 , 1.75975 , 0
-0.528069 , 1.76357 , 0
-0.541359 , 1.76732 , 0
-0.554624 , 1.77098 , 0
-0.567863 , 1.77456 , 0
-0.581076 , 1.77806 , 0
-0.594263 , 1.78148 , 0
-0.607423 , 1.78482 , 0
-0.620557 , 1.78808 , 0
-0.633664 , 1.79127 , 0
-0.646743 , 1.79438 , 0
-0.659795 , 1.79741 , 0
-0.67282 , 1.80036 , 0
-0.685816 , 1.80324 , 0
-0.698785 , 1.80605 , 0
-0.711725 , 1.80879 , 0
-0.724636 , 1.81145 , 0
-0.737519 , 1.81404 , 0
-0.750372 , 1.81655 , 0
-0.763197 , 1.819 , 0
-0.775992 , 1.82138 , 0
-0.788758 , 1.82369 , 0
-0.801494 , 1.82593 , 0
-0.8142 , 1.8281 , 0
-0.826877 , 1.8302 , 0
-0.839523 , 1.83224 , 0
-0.852139 , 1.83421 , 0
-0.864725 , 1.83612 , 0
-0.87728 , 1.83796 , 0
-0.889805 , 1.83974 , 0
-0.902298 , 1.84146 , 0
-0.914761 , 1.84311 , 0
-0.927194 , 1.8447 , 0
-0.939595 , 1.84622 , 0
-0.951965 , 1.84769 , 0
-0.964303 , 1.8491 , 0
-0.97661 , 1.85044 , 0
-0.988886 , 1.85173 , 0
-1.00113 , 1.85295 , 0
-1.01334 , 1.85412 , 0
-1.02552 , 1.85523 , 0
-1.03767 , 1.85629 , 0
-1.04979 , 1.85728 , 0
-1.06188 , 1.85822 , 0
-1.07393 , 1.85911 , 0
-1.08595 , 1.85994 , 0
-1.09794 , 1.86071 , 0
-1.1099 , 1.86143 , 0
-1.12183 , 1.86209 , 0
-1.13372 , 1.86271 , 0
-1.14558 , 1.86327 , 0
-1.15741 , 1.86377 , 0
-1.16921 , 1.86423 , 0
-1.18097 , 1.86463 , 0
-1.1927 , 1.86498 , 0
-1.2044 , 1.86528 , 0
-1.21607 , 1.86553 , 0
-1.2277 , 1.86574 , 0
-1.23931 , 1.86589 , 0
-1.25087 , 1.86599 , 0
-1.26241 , 1.86604 , 0
-1.27392 , 1.86605 , 0
-1.28539 , 1.86601 , 0
-1.29683 , 1.86592 , 0
-1.30823 , 1.86579 , 0
-1.31961 , 1.8656 , 0
-1.33095 , 1.86538 , 0
-1.34226 , 1.8651 , 0
-1.35354 , 1.86478 , 0
-1.36478 , 1.86442 , 0
-1.37599 , 1.86401 , 0
-1.38717 , 1.86356 , 0
-1.39832 , 1.86306 , 0
-1.40943 , 1.86252 , 0
-1.42051 , 1.86194 , 0
-1.43156 , 1.86131 , 0
-1.44257 , 1.86065 , 0
-1.45356 , 1.85994 , 0
-1.46451 , 1.85918 , 0
-1.47543 , 1.85839 , 0
-1.48631 , 1.85756 , 0
-1.49716 , 1.85668 , 0
-1.50798 , 1.85577 , 0
-1.51877 , 1.85481 , 0
-1.52953 , 1.85382 , 0
-1.54025 , 1.85278 , 0
-1.55094 , 1.85171 , 0
-1.5616 , 1.8506 , 0
-1.57222 , 1.84945 , 0
-1.58282 , 1.84826 , 0
-1.59338 , 1.84703 , 0
-1.60391 , 1.84577 , 0
-1.6144 , 1.84447 , 0
-1.62487 , 1.84313 , 0
-1.6353 , 1.84176 , 0
-1.6457 , 1.84035 , 0
-1.65606 , 1.8389 , 0
-1.6664 , 1.83742 , 0
-1.6767 , 1.8359 , 0
-1.68697 , 1.83435 , 0
-1.69721 , 1.83276 , 0
-1.70742 , 1.83114 , 0
-1.71759 , 1.82948 , 0
-1.72773 , 1.82779 , 0
-1.73784 , 1.82606 , 0
-1.74792 , 1.8243 , 0
-1.75797 , 1.82251 , 0
-1.76798 , 1.82069 , 0
-1.77796 , 1.81883 , 0
-1.78791 , 1.81694 , 0
-1.79783 , 1.81502 , 0
-1.80772 , 1.81306 , 0
-1.81757 , 1.81107 , 0
-1.8274 , 1.80905 , 0
-1.83719 , 1.80701 , 0
-1.84695 , 1.80492 , 0
-1.85668 , 1.80281 , 0
-1.86638 , 1.80067 , 0
-1.87604 , 1.7985 , 0
-1.88567 , 1.79629 , 0
-1.89528 , 1.79406 , 0
-1.90485 , 1.7918 , 0
-1.91439 , 1.78951 , 0
-1.9239 , 1.78718 , 0
-1.93337 , 1.78483 , 0
-1.94282 , 1.78245 , 0
-1.95223 , 1.78005 , 0
-1.96162 , 1.77761 , 0
-1.97097 , 1.77514 , 0
-1.98029 , 1.77265 , 0
-1.98958 , 1.77013 , 0
-1.99884 , 1.76758 , 0
-2.00807 , 1.76501 , 0
-2.01726 , 1.7624 , 0
-2.02643 , 1.75977 , 0
-2.03556 , 1.75712 , 0
-2.04467 , 1.75443 , 0
-2.05374 , 1.75172 , 0
-2.06278 , 1.74899 , 0
-2.0718 , 1.74622 , 0
-2.08078 , 1.74344 , 0
-2.08973 , 1.74062 , 0
-2.09865 , 1.73778 , 0
-2.10754 , 1.73492 , 0
-2.1164 , 1.73203 , 0
-2.12522 , 1.72911 , 0
-2.13402 , 1.72617 , 0
-2.14279 , 1.72321 , 0
-2.15153 , 1.72022 , 0
-2.16023 , 1.71721 , 0
-2.16891 , 1.71417 , 0
-2.17756 , 1.71111 , 0
-2.18617 , 1.70803 , 0
-2.19476 , 1.70492 , 0
-2.20331 , 1.70179 , 0
-2.21184 , 1.69863 , 0
-2.22033 , 1.69545 , 0
-2.2288 , 1.69225 , 0
-2.23723 , 1.68903 , 0
-2.24564 , 1.68578 , 0
-2.25402 , 1.68252 , 0
-2.26236 , 1.67922 , 0
-2.27068 , 1.67591 , 0
-2.27896 , 1.67258 , 0
-2.28722 , 1.66922 , 0
-2.29545 , 1.66584 , 0
-2.30364 , 1.66244 , 0
-2.31181 , 1.65902 , 0
-2.31995 , 1.65558 , 0
-2.32806 , 1.65211 , 0
-2.33614 , 1.64863 , 0
-2.34419 , 1.64512 , 0
-2.35221 , 1.6416 , 0
-2.3602 , 1.63805 , 0
-2.36816 , 1.63449 , 0
-2.37609 , 1.6309 , 0
-2.38399 , 1.62729 , 0
-2.39187 , 1.62366 , 0
-2.39971 , 1.62002 , 0
-2.40753 , 1.61635 , 0
-2.41531 , 1.61266 , 0
-2.42307 , 1.60896 , 0
-2.4308 , 1.60523 , 0
-2.4385 , 1.60149 , 0
-2.44617 , 1.59773 , 0
-2.45381 , 1.59395 , 0
-2.46142 , 1.59015 , 0
-2.469 , 1.58633 , 0
-2.47656 , 1.58249 , 0
-2.48409 , 1.57863 , 0
-2.49158 , 1.57476 , 0
-2.49905 , 1.57087 , 0
-2.50649 , 1.56696 , 0
-2.5139 , 1.56303 , 0
-2.52129 , 1.55908 , 0
-2.52864 , 1.55512 , 0
-2.53597 , 1.55114 , 0
-2.54326 , 1.54714 , 0
-2.55053 , 1.54312 , 0
-2.55777 , 1.53909 , 0
-2.56498 , 1.53504 , 0
-2.57217 , 1.53097 , 0
-2.57932 , 1.52689 , 0
-2.58645 , 1.52279 , 0
-2.59355 , 1.51867 , 0
-2.60062 , 1.51454 , 0
-2.60766 , 1.51039 , 0
-2.61468 , 1.50622 , 0
-2.62167 , 1.50204 , 0
-2.62863 , 1.49784 , 0
-2.63556 , 1.49363 , 0
-2.64246 , 1.4894 , 0
-2.64933 , 1.48515 , 0
-2.65618 , 1.48089 , 0
-2.663 , 1.47661 , 0
-2.66979 , 1.47232 , 0
-2.67656 , 1.46801 , 0
-2.68329 , 1.46369 , 0
-2.69 , 1.45935 , 0
-2.69668 , 1.455 , 0
-2.70333 , 1.45063 , 0
-2.70996 , 1.44624 , 0
-2.71656 , 1.44185 , 0
-2.72313 , 1.43744 , 0
-2.72967 , 1.43301 , 0
-2.73619 , 1.42857 , 0
-2.74267 , 1.42411 , 0
-2.74913 , 1.41964 , 0
-2.75557 , 1.41516 , 0
-2.76197 , 1.41066 , 0
-2.76835 , 1.40615 , 0
-2.7747 , 1.40162 , 0
-2.78103 , 1.39708 , 0
-2.78732 , 1.39253 , 0
-2.79359 , 1.38796 , 0
-2.79984 , 1.38338 , 0
-2.80605 , 1.37879 , 0
-2.81224 , 1.37418 , 0
-2.8184 , 1.36956 , 0
-2.82454 , 1.36493 , 0
-2.83064 , 1.36029 , 0
-2.83672 , 1.35563 , 0
-2.84278 , 1.35095 , 0
-2.84881 , 1.34627 , 0
-2.85481 , 1.34157 , 0
-2.86078 , 1.33686 , 0
-2.86672 , 1.33214 , 0
-2.87264 , 1.32741 , 0
-2.87854 , 1.32266 , 0
-2.8844 , 1.3179 , 0
-2.89024 , 1.31313 , 0
-2.89606 , 1.30834 , 0
-2.90184 , 1.30355 , 0
-2.9076 , 1.29874 , 0
-2.91334 , 1.29392 , 0
-2.91904 , 1.28909 , 0
-2.92472 , 1.28425 , 0
-2.93038 , 1.27939 , 0
-2.936 , 1.27453 , 0
-2.9416 , 1.26965 , 0
-2.94718 , 1.26476 , 0
-2.95273 , 1.25986 , 0
-2.95825 , 1.25495 , 0
-2.96375 , 1.25002 , 0
-2.96922 , 1.24509 , 0
-2.97466 , 1.24015 , 0
-2.98008 , 1.23519 , 0
-2.98547 , 1.23022 , 0
-2.99083 , 1.22525 , 0
-2.99617 , 1.22026 , 0
-3.00148 , 1.21526 , 0
-3.00677 , 1.21025 , 0
-3.01203 , 1.20523 , 0
-3.01726 , 1.2002 , 0
-3.02247 , 1.19516 , 0
-3.02766 , 1.19011 , 0
-3.03281 , 1.18505 , 0
-3.03794 , 1.17998 , 0
-3.04305 , 1.1749 , 0
-3.04813 , 1.16981 , 0
-3.05318 , 1.16471 , 0
-3.05821 , 1.1596 , 0
-3.06321 , 1.15448 , 0
-3.06819 , 1.14935 , 0
-3.07314 , 1.14421 , 0
-3.07806 , 1.13906 , 0
-3.08296 , 1.1339 , 0
-3.08783 , 1.12873 , 0
-3.09268 , 1.12355 , 0
-3.0975 , 1.11837 , 0
-3.1023 , 1.11317 , 0
-3.10707 , 1.10796 , 0
-3.11182 , 1.10275 , 0
-3.11654 , 1.09753 , 0
-3.12123 , 1.09229 , 0
-3.1259 , 1.08705 , 0
-3.13054 , 1.0818 , 0
-3.13516 , 1.07654 , 0
-3.13975 , 1.07128 , 0
-3.14432 , 1.066 , 0
-3.14886 , 1.06072 , 0
-3.15338 , 1.05542 , 0
-3.15787 , 1.05012 , 0
-3.16234 , 1.04481 , 0
-3.16678 , 1.03949 , 0
-3.1712 , 1.03417 , 0
-3.17559 , 1.02883 , 0
-3.17995 , 1.02349 , 0
-3.18429 , 1.01814 , 0
-3.18861 , 1.01278 , 0
-3.1929 , 1.00741 , 0
-3.19717 , 1.00204 , 0
-3.20141 , 0.996652 , 0
-3.20562 , 0.991261 , 0
-3.20981 , 0.985863 , 0
-3.21398 , 0.980457 , 0
-3.21812 , 0.975043 , 0
-3.22223 , 0.969622 , 0
-3.22632 , 0.964193 , 0
-3.23039 , 0.958756 , 0
-3.23443 , 0.953313 , 0
-3.23844 , 0.947862 , 0
-3.24243 , 0.942403 , 0
-3.2464 , 0.936938 , 0
-3.25034 , 0.931465 , 0
-3.25426 , 0.925986 , 0
-3.25815 , 0.920499 , 0
-3.26202 , 0.915005 , 0
-3.26586 , 0.909504 , 0
-3.26968 , 0.903997 , 0
-3.27347 , 0.898482 , 0
-3.27724 , 0.892961 , 0
-3.28098 , 0.887433 , 0
-3.2847 , 0.881899 , 0
-3.28839 , 0.876358 , 0
-3.29206 , 0.87081 , 0
-3.29571 , 0.865256 , 0
-3.29933 , 0.859695 , 0
-3.30293 , 0.854128 , 0
-3.3065 , 0.848555 , 0
-3.31004 , 0.842975 , 0
-3.31357 , 0.837389 , 0
-3.31707 , 0.831797 , 0
-3.32054 , 0.826199 , 0
-3.32399 , 0.820595 , 0
-3.32741 , 0.814984 , 0
-3.33081 , 0.809368 , 0
-3.33419 , 0.803746 , 0
-3.33754 , 0.798118 , 0
-3.34087 , 0.792484 , 0
-3.34417 , 0.786844 , 0
-3.34745 , 0.781199 , 0
-3.3507 , 0.775548 , 0
-3.35393 , 0.769891 , 0
-3.35714 , 0.764229 , 0
-3.36032 , 0.758561 , 0
-3.36348 , 0.752888 , 0
-3.36661 , 0.747209 , 0
-3.36972 , 0.741525 , 0
-3.37281 , 0.735836 , 0
-3.37587 , 0.730141 , 0
-3.3789 , 0.724441 , 0
-3.38192 , 0.718736 , 0
-3.3849 , 0.713026 , 0
-3.38787 , 0.707311 , 0
-3.39081 , 0.701591 , 0
-3.39373 , 0.695866 , 0
-3.39662 , 0.690136 , 0
-3.39949 , 0.684401 , 0
-3.40233 , 0.678661 , 0
-3.40515 , 0.672916 , 0
-3.40795 , 0.667167 , 0
-3.41072 , 0.661413 , 0
-3.41346 , 0.655654 , 0
-3.41619 , 0.649891 , 0
-3.41889 , 0.644123 , 0
-3.42157 , 0.63835 , 0
-3.42422 , 0.632574 , 0
-3.42685 , 0.626792 , 0
-3.42945 , 0.621007 , 0
-3.43203 , 0.615217 , 0
-3.43459 , 0.609422 , 0
-3.43712 , 0.603624 , 0
-3.43963 , 0.597821 , 0
-3.44211 , 0.592015 , 0
-3.44458 , 0.586204 , 0
-3.44701 , 0.580389 , 0
-3.44943 , 0.57457 , 0
-3.45182 , 0.568747 , 0
-3.45418 , 0.56292 , 0
-3.45653 , 0.557089 , 0
-3.45884 , 0.551255 , 0
-3.46114 , 0.545417 , 0
-3.46341 , 0.539575 , 0
-3.46566 , 0.533729 , 0
-3.46788 , 0.52788 , 0
-3.47008 , 0.522027 , 0
-3.47226 , 0.51617 , 0
-3.47441 , 0.51031 , 0
-3.47654 , 0.504447 , 0
-3.47865 , 0.49858 , 0
-3.48073 , 0.492709 , 0
-3.48279 , 0.486836 , 0
-3.48482 , 0.480959 , 0
-3.48683 , 0.475079 , 0
-3.48882 , 0.469195 , 0
-3.49079 , 0.463308 , 0
-3.49273 , 0.457419 , 0
-3.49464 , 0.451526 , 0
-3.49654 , 0.44563 , 0
-3.49841 , 0.439731 , 0
-3.50025 , 0.433829 , 0
-3.50208 , 0.427925 , 0
-3.50388 , 0.422017 , 0
-3.50565 , 0.416107 , 0
-3.5074 , 0.410194 , 0
-3.50913 , 0.404278 , 0
-3.51084 , 0.398359 , 0
-3.51252 , 0.392438 , 0
-3.51418 , 0.386514 , 0
-3.51581 , 0.380587 , 0
-3.51743 , 0.374658 , 0
-3.51901 , 0.368727 , 0
-3.52058 , 0.362793 , 0
-3.52212 , 0.356856 , 0
-3.52364 , 0.350918 , 0
-3.52513 , 0.344976 , 0
-3.5266 , 0.339033 , 0
-3.52805 , 0.333087 , 0
-3.52948 , 0.32714 , 0
-3.53088 , 0.32119 , 0
-3.53226 , 0.315238 , 0
-3.53361 , 0.309283 , 0
-3.53494 , 0.303327 , 0
-3.53625 , 0.297369 , 0
-3.53753 , 0.291409 , 0
-3.5388 , 0.285447 , 0
-3.54003 , 0.279483 , 0
-3.54125 , 0.273517 , 0
-3.54244 , 0.267549 , 0
-3.54361 , 0.26158 , 0
-3.54475 , 0.255609 , 0
-3.54587 , 0.249636 , 0
-3.54697 , 0.243661 , 0
-3.54805 , 0.237685 , 0
-3.5491 , 0.231708 , 0
-3.55013 , 0.225729 , 0
-3.55113 , 0.219748 , 0
-3.55211 , 0.213766 , 0
-3.55307 , 0.207783 , 0
-3.55401 , 0.201798 , 0
-3.55492 , 0.195812 , 0
-3.55581 , 0.189824 , 0
-3.55668 , 0.183836 , 0
-3.55752 , 0.177846 , 0
-3.55834 , 0.171855 , 0
-3.55913 , 0.165863 , 0
-3.55991 , 0.15987 , 0
-3.56066 , 0.153876 , 0
-3.56138 , 0.14788 , 0
-3.56209 , 0.141884 , 0
-3.56277 , 0.135887 , 0
-3.56343 , 0.129889 , 0
-3.56406 , 0.12389 , 0
-3.56467 , 0.117891 , 0
-3.56526 , 0.11189 , 0
-3.56582 , 0.105889 , 0
-3.56636 , 0.0998875 , 0
-3.56688 , 0.0938851 , 0
-3.56738 , 0.087882 , 0
-3.56785 , 0.0818784 , 0
-3.5683 , 0.0758743 , 0
-3.56872 , 0.0698696 , 0
-3.56913 , 0.0638645 , 0
-3.56951 , 0.057859 , 0
-3.56986 , 0.0518531 , 0
-3.5702 , 0.0458469 , 0
-3.57051 , 0.0398404 , 0
-3.57079 , 0.0338337 , 0
-3.57106 , 0.0278267 , 0
-3.5713 , 0.0218195 , 0
-3.57152 , 0.0158122 , 0
-3.57171 , 0.00980481 , 0
-3.57188 , 0.00379734 , 0
-3.57203 , -0.00221015 , 0
-3.57216 , -0.00821762 , 0
-3.57226 , -0.014225 , 0
-3.57234 , -0.0202324 , 0
-3.57239 , -0.0262396 , 0
-3.57243 , -0.0322466 , 0
-3.57244 , -0.0382534 , 0
-3.57242 , -0.04426 , 0
-3.57239 , -0.0502663 , 0
-3.57233 , -0.0562722 , 0
-3.57224 , -0.0622778 , 0
-3.57214 , -0.068283 , 0
-3.57201 , -0.0742878 , 0
-3.57186 , -0.080292 , 0
-3.57168 , -0.0862958 , 0
-3.57149 , -0.092299 , 0
-3.57126 , -0.0983015 , 0
-3.57102 , -0.104304 , 0
-3.57075 , -0.110305 , 0
-3.57046 , -0.116305 , 0
-3.57015 , -0.122305 , 0
-3.56981 , -0.128304 , 0
-3.56945 , -0.134302 , 0
-3.56907 , -0.1403 , 0
-3.56867 , -0.146296 , 0
-3.56824 , -0.152292 , 0
-3.56778 , -0.158286 , 0
-3.56731 , -0.16428 , 0
-3.56681 , -0.170272 , 0
-3.56629 , -0.176263 , 0
-3.56575 , -0.182253 , 0
-3.56518 , -0.188242 , 0
-3.56459 , -0.19423 , 0
-3.56398 , -0.200217 , 0
-3.56334 , -0.206202 , 0
-3.56268 , -0.212186 , 0
-3.562 , -0.218168 , 0
-3.56129 , -0.224149 , 0
-3.56056 , -0.230129 , 0
-3.55981 , -0.236107 , 0
-3.55904 , -0.242083 , 0
-3.55824 , -0.248058 , 0
-3.55742 , -0.254032 , 0
-3.55657 , -0.260004 , 0
-3.5557 , -0.265974 , 0
-3.55481 , -0.271942 , 0
-3.5539 , -0.277909 , 0
-3.55296 , -0.283873 , 0
-3.552 , -0.289836 , 0
-3.55102 , -0.295797 , 0
-3.55001 , -0.301756 , 0
-3.54898 , -0.307713 , 0
-3.54793 , -0.313668 , 0
-3.54686 , -0.319622 , 0
-3.54576 , -0.325572 , 0
-3.54463 , -0.331521 , 0
-3.54349 , -0.337468 , 0
-3.54232 , -0.343412 , 0
-3.54113 , -0.349355 , 0
-3.53992 , -0.355295 , 0
-3.53868 , -0.361232 , 0
-3.53742 , -0.367168 , 0
-3.53613 , -0.3731 , 0
-3.53482 , -0.379031 , 0
-3.53349 , -0.384959 , 0
-3.53214 , -0.390884 , 0
-3.53076 , -0.396807 , 0
-3.52936 , -0.402727 , 0
-3.52794 , -0.408645 , 0
-3.52649 , -0.41456 , 0
-3.52502 , -0.420472 , 0
-3.52353 , -0.426381 , 0
-3.52202 , -0.432288 , 0
-3.52048 , -0.438191 , 0
-3.51891 , -0.444092 , 0
-3.51733 , -0.44999 , 0
-3.51572 , -0.455885 , 0
-3.51409 , -0.461777 , 0
-3.51243 , -0.467666 , 0
-3.51075 , -0.473551 , 0
-3.50905 , -0.479434 , 0
-3.50732 , -0.485313 , 0
-3.50558 , -0.49119 , 0
-3.5038 , -0.497062 , 0
-3.50201 , -0.502932 , 0
-3.50019 , -0.508798 , 0
-3.49835 , -0.514661 , 0
-3.49648 , -0.520521 , 0
-3.49459 , -0.526377 , 0
-3.49268 , -0.532229 , 0
-3.49075 , -0.538078 , 0
-3.48879 , -0.543923 , 0
-3.48681 , -0.549765 , 0
-3.4848 , -0.555603 , 0
-3.48277 , -0.561437 , 0
-3.48072 , -0.567268 , 0
-3.47864 , -0.573094 , 0
-3.47655 , -0.578917 , 0
-3.47442 , -0.584736 , 0
-3.47228 , -0.590551 , 0
-3.47011 , -0.596362 , 0
-3.46792 , -0.602169 , 0
-3.4657 , -0.607972 , 0
-3.46346 , -0.613771 , 0
-3.4612 , -0.619565 , 0
-3.45891 , -0.625356 , 0
-3.4566 , -0.631142 , 0
-3.45427 , -0.636924 , 0
-3.45191 , -0.642701 , 0
-3.44953 , -0.648475 , 0
-3.44713 , -0.654243 , 0
-3.4447 , -0.660008 , 0
-3.44225 , -0.665767 , 0
-3.43978 , -0.671523 , 0
-3.43728 , -0.677273 , 0
-3.43476 , -0.683019 , 0
-3.43221 , -0.688761 , 0
-3.42964 , -0.694497 , 0
-3.42705 , -0.700229 , 0
-3.42443 , -0.705956 , 0
-3.4218 , -0.711678 , 0
-3.41913 , -0.717395 , 0
-3.41645 , -0.723107 , 0
-3.41374 , -0.728815 , 0
-3.411 , -0.734517 , 0
-3.40824 , -0.740214 , 0
-3.40546 , -0.745906 , 0
-3.40266 , -0.751593 , 0
-3.39983 , -0.757274 , 0
-3.39698 , -0.76295 , 0
-3.3941 , -0.768621 , 0
-3.3912 , -0.774287 , 0
-3.38828 , -0.779947 , 0
-3.38533 , -0.785601 , 0
-3.38236 , -0.791251 , 0
-3.37936 , -0.796894 , 0
-3.37634 , -0.802532 , 0
-3.3733 , -0.808164 , 0
-3.37024 , -0.813791 , 0
-3.36715 , -0.819412 , 0
-3.36403 , -0.825027 , 0
-3.36089 , -0.830636 , 0
-3.35773 , -0.836239 , 0
-3.35455 , -0.841836 , 0
-3.35134 , -0.847428 , 0
-3.3481 , -0.853013 , 0
-3.34485 , -0.858592 , 0
-3.34157 , -0.864165 , 0
-3.33826 , -0.869732 , 0
-3.33493 , -0.875293 , 0
-3.33158 , -0.880847 , 0
-3.3282 , -0.886395 , 0
-3.3248 , -0.891936 , 0
-3.32137 , -0.897472 , 0
-3.31793 , -0.903 , 0
-3.31445 , -0.908522 , 0
-3.31095 , -0.914038 , 0
-3.30743 , -0.919547 , 0
-3.30389 , -0.925049 , 0
-3.30032 , -0.930544 , 0
-3.29672 , -0.936033 , 0
-3.29311 , -0.941514 , 0
-3.28946 , -0.946989 , 0
-3.2858 , -0.952457 , 0
-3.28211 , -0.957918 , 0
-3.27839 , -0.963372 , 0
-3.27465 , -0.968818 , 0
-3.27089 , -0.974258 , 0
-3.2671 , -0.97969 , 0
-3.26329 , -0.985115 , 0
-3.25946 , -0.990533 , 0
-3.2556 , -0.995943 , 0
-3.25171 , -1.00135 , 0
-3.2478 , -1.00674 , 0
-3.24387 , -1.01213 , 0
-3.23991 , -1.01751 , 0
-3.23593 , -1.02288 , 0
-3.23193 , -1.02825 , 0
-3.22789 , -1.0336 , 0
-3.22384 , -1.03895 , 0
-3.21976 , -1.04429 , 0
-3.21566 , -1.04963 , 0
-3.21153 , -1.05495 , 0
-3.20737 , -1.06027 , 0
-3.2032 , -1.06558 , 0
-3.199 , -1.07088 , 0
-3.19477 , -1.07617 , 0
-3.19052 , -1.08146 , 0
-3.18624 , -1.08673 , 0
-3.18194 , -1.092 , 0
-3.17762 , -1.09726 , 0
-3.17327 , -1.10251 , 0
-3.16889 , -1.10775 , 0
-3.16449 , -1.11299 , 0
-3.16007 , -1.11821 , 0
-3.15562 , -1.12343 , 0
-3.15115 , -1.12864 , 0
-3.14665 , -1.13384 , 0
-3.14213 , -1.13903 , 0
-3.13758 , -1.14421 , 0
-3.13301 , -1.14938 , 0
-3.12841 , -1.15454 , 0
-3.12379 , -1.15969 , 0
-3.11914 , -1.16484 , 0
-3.11447 , -1.16997 , 0
-3.10977 , -1.1751 , 0
-3.10505 , -1.18021 , 0
-3.1003 , -1.18532 , 0
-3.09553 , -1.19042 , 0
-3.09074 , -1.1955 , 0
-3.08591 , -1.20058 , 0
-3.08107 , -1.20565 , 0
-3.0762 , -1.21071 , 0
-3.0713 , -1.21576 , 0
-3.06638 , -1.22079 , 0
-3.06143 , -1.22582 , 0
-3.05646 , -1.23084 , 0
-3.05146 , -1.23585 , 0
-3.04644 , -1.24085 , 0
-3.04139 , -1.24583 , 0
-3.03632 , -1.25081 , 0
-3.03122 , -1.25578 , 0
-3.02609 , -1.26073 , 0
-3.02095 , -1.26568 , 0
-3.01577 , -1.27062 , 0
-3.01057 , -1.27554 , 0
-3.00535 , -1.28045 , 0
-3.0001 , -1.28536 , 0
-2.99482 , -1.29025 , 0
-2.98952 , -1.29513 , 0
-2.98419 , -1.3 , 0
-2.97884 , -1.30486 , 0
-2.97346 , -1.30971 , 0
-2.96806 , -1.31454 , 0
-2.96263 , -1.31937 , 0
-2.95717 , -1.32418 , 0
-2.95169 , -1.32898 , 0
-2.94619 , -1.33377 , 0
-2.94066 , -1.33855 , 0
-2.9351 , -1.34332 , 0
-2.92952 , -1.34808 , 0
-2.92391 , -1.35282 , 0
-2.91827 , -1.35755 , 0
-2.91261 , -1.36227 , 0
-2.90693 , -1.36698 , 0
-2.90121 , -1.37168 , 0
-2.89548 , -1.37636 , 0
-2.88971 , -1.38103 , 0
-2.88392 , -1.38569 , 0
-2.87811 , -1.39033 , 0
-2.87227 , -1.39497 , 0
-2.8664 , -1.39959 , 0
-2.86051 , -1.4042 , 0
-2.85459 , -1.40879 , 0
-2.84864 , -1.41338 , 0
-2.84267 , -1.41795 , 0
-2.83667 , -1.4225 , 0
-2.83065 , -1.42705 , 0
-2.8246 , -1.43158 , 0
-2.81852 , -1.43609 , 0
-2.81242 , -1.4406 , 0
-2.80629 , -1.44509 , 0
-2.80013 , -1.44956 , 0
-2.79395 , -1.45403 , 0
-2.78774 , -1.45848 , 0
-2.78151 , -1.46291 , 0
-2.77525 , -1.46733 , 0
-2.76896 , -1.47174 , 0
-2.76265 , -1.47613 , 0
-2.75631 , -1.48051 , 0
-2.74994 , -1.48488 , 0
-2.74355 , -1.48923 , 0
-2.73713 , -1.49357 , 0
-2.73068 , -1.49789 , 0
-2.72421 , -1.5022 , 0
-2.71771 , -1.50649 , 0
-2.71118 , -1.51077 , 0
-2.70463 , -1.51503 , 0
-2.69805 , -1.51928 , 0
-2.69144 , -1.52351 , 0
-2.68481 , -1.52773 , 0
-2.67815 , -1.53193 , 0
-2.67146 , -1.53612 , 0
-2.66475 , -1.54029 , 0
-2.65801 , -1.54445 , 0
-2.65124 , -1.54859 , 0
-2.64444 , -1.55271 , 0
-2.63762 , -1.55682 , 0
-2.63077 , -1.56091 , 0
-2.6239 , -1.56499 , 0
-2.61699 , -1.56905 , 0
-2.61006 , -1.57309 , 0
-2.60311 , -1.57712 , 0
-2.59612 , -1.58113 , 0
-2.58911 , -1.58513 , 0
-2.58207 , -1.5891 , 0
-2.575 , -1.59307 , 0
-2.56791 , -1.59701 , 0
-2.56079 , -1.60094 , 0
-2.55364 , -1.60485 , 0
-2.54646 , -1.60874 , 0
-2.53926 , -1.61262 , 0
-2.53203 , -1.61647 , 0
-2.52477 , -1.62031 , 0
-2.51749 , -1.62414 , 0
-2.51017 , -1.62794 , 0
-2.50283 , -1.63173 , 0
-2.49546 , -1.6355 , 0
-2.48806 , -1.63925 , 0
-2.48064 , -1.64298 , 0
-2.47319 , -1.6467 , 0
-2.46571 , -1.65039 , 0
-2.4582 , -1.65407 , 0
-2.45066 , -1.65773 , 0
-2.4431 , -1.66137 , 0
-2.43551 , -1.66499 , 0
-2.42789 , -1.66859 , 0
-2.42024 , -1.67217 , 0
-2.41257 , -1.67574 , 0
-2.40486 , -1.67928 , 0
-2.39713 , -1.6828 , 0
-2.38937 , -1.68631 , 0
-2.38159 , -1.68979 , 0
-2.37377 , -1.69326 , 0
-2.36593 , -1.6967 , 0
-2.35805 , -1.70012 , 0
-2.35015 , -1.70353 , 0
-2.34222 , -1.70691 , 0
-2.33427 , -1.71027 , 0
-2.32628 , -1.71361 , 0
-2.31827 , -1.71693 , 0
-2.31022 , -1.72023 , 0
-2.30215 , -1.72351 , 0
-2.29405 , -1.72677 , 0
-2.28593 , -1.73 , 0
-2.27777 , -1.73322 , 0
-2.26958 , -1.73641 , 0
-2.26137 , -1.73958 , 0
-2.25313 , -1.74273 , 0
-2.24485 , -1.74585 , 0
-2.23655 , -1.74896 , 0
-2.22823 , -1.75204 , 0
-2.21987 , -1.75509 , 0
-2.21148 , -1.75813 , 0
-2.20307 , -1.76114 , 0
-2.19462 , -1.76413 , 0
-2.18615 , -1.7671 , 0
-2.17764 , -1.77004 , 0
-2.16911 , -1.77296 , 0
-2.16055 , -1.77585 , 0
-2.15196 , -1.77873 , 0
-2.14334 , -1.78157 , 0
-2.1347 , -1.7844 , 0
-2.12602 , -1.78719 , 0
-2.11731 , -1.78997 , 0
-2.10858 , -1.79272 , 0
-2.09981 , -1.79544 , 0
-2.09102 , -1.79814 , 0
-2.08219 , -1.80081 , 0
-2.07334 , -1.80346 , 0
-2.06446 , -1.80608 , 0
-2.05554 , -1.80868 , 0
-2.0466 , -1.81125 , 0
-2.03763 , -1.8138 , 0
-2.02863 , -1.81632 , 0
-2.0196 , -1.81881 , 0
-2.01054 , -1.82127 , 0
-2.00145 , -1.82371 , 0
-1.99233 , -1.82612 , 0
-1.98318 , -1.82851 , 0
-1.974 , -1.83086 , 0
-1.96479 , -1.83319 , 0
-1.95556 , -1.83549 , 0
-1.94629 , -1.83777 , 0
-1.93699 , -1.84001 , 0
-1.92766 , -1.84223 , 0
-1.9183 , -1.84442 , 0
-1.90891 , -1.84658 , 0
-1.8995 , -1.8487 , 0
-1.89005 , -1.85081 , 0
-1.88057 , -1.85288 , 0
-1.87106 , -1.85492 , 0
-1.86152 , -1.85693 , 0
-1.85195 , -1.85891 , 0
-1.84235 , -1.86086 , 0
-1.83273 , -1.86278 , 0
-1.82307 , -1.86467 , 0
-1.81338 , -1.86653 , 0
-1.80366 , -1.86836 , 0
-1.79391 , -1.87016 , 0
-1.78412 , -1.87192 , 0
-1.77431 , -1.87365 , 0
-1.76447 , -1.87535 , 0
-1.7546 , -1.87702 , 0
-1.7447 , -1.87866 , 0
-1.73476 , -1.88026 , 0
-1.7248 , -1.88183 , 0
-1.71481 , -1.88337 , 0
-1.70478 , -1.88487 , 0
-1.69473 , -1.88634 , 0
-1.68464 , -1.88777 , 0
-1.67452 , -1.88917 , 0
-1.66438 , -1.89054 , 0
-1.6542 , -1.89187 , 0
-1.64399 , -1.89317 , 0
-1.63375 , -1.89443 , 0
-1.62348 , -1.89565 , 0
-1.61318 , -1.89684 , 0
-1.60285 , -1.89799 , 0
-1.59248 , -1.89911 , 0
-1.58209 , -1.90019 , 0
-1.57167 , -1.90123 , 0
-1.56121 , -1.90224 , 0
-1.55072 , -1.9032 , 0
-1.54021 , -1.90413 , 0
-1.52966 , -1.90502 , 0
-1.51908 , -1.90588 , 0
-1.50847 , -1.90669 , 0
-1.49783 , -1.90747 , 0
-1.48716 , -1.9082 , 0
-1.47646 , -1.9089 , 0
-1.46572 , -1.90955 , 0
-1.45496 , -1.91017 , 0
-1.44416 , -1.91074 , 0
-1.43334 , -1.91128 , 0
-1.42248 , -1.91177 , 0
-1.41159 , -1.91222 , 0
-1.40067 , -1.91263 , 0
-1.38972 , -1.913 , 0
-1.37874 , -1.91332 , 0
-1.36773 , -1.9136 , 0
-1.35669 , -1.91384 , 0
-1.34561 , -1.91403 , 0
-1.33451 , -1.91418 , 0
-1.32337 , -1.91429 , 0
-1.3122 , -1.91435 , 0
-1.30101 , -1.91436 , 0
-1.28978 , -1.91433 , 0
-1.27852 , -1.91426 , 0
-1.26723 , -1.91414 , 0
-1.25591 , -1.91397 , 0
-1.24455 , -1.91375 , 0
-1.23317 , -1.91349 , 0
-1.22176 , -1.91318 , 0
-1.21031 , -1.91282 , 0
-1.19884 , -1.91241 , 0
-1.18733 , -1.91195 , 0
-1.17579 , -1.91145 , 0
-1.16423 , -1.91089 , 0
-1.15263 , -1.91029 , 0
-1.141 , -1.90963 , 0
-1.12934 , -1.90892 , 0
-1.11765 , -1.90816 , 0
-1.10593 , -1.90735 , 0
-1.09418 , -1.90649 , 0
-1.0824 , -1.90557 , 0
-1.07059 , -1.9046 , 0
-1.05875 , -1.90358 , 0
-1.04687 , -1.9025 , 0
-1.03497 , -1.90136 , 0
-1.02304 , -1.90018 , 0
-1.01108 , -1.89893 , 0
-0.999087 , -1.89763 , 0
-0.987065 , -1.89627 , 0
-0.975014 , -1.89486 , 0
-0.962933 , -1.89339 , 0
-0.950822 , -1.89186 , 0
-0.938682 , -1.89027 , 0
-0.926512 , -1.88862 , 0
-0.914313 , -1.88691 , 0
-0.902085 , -1.88515 , 0
-0.889828 , -1.88332 , 0
-0.877542 , -1.88143 , 0
-0.865226 , -1.87947 , 0
-0.852882 , -1.87746 , 0
-0.84051 , -1.87538 , 0
-0.828109 , -1.87324 , 0
-0.815679 , -1.87103 , 0
-0.803221 , -1.86876 , 0
-0.790735 , -1.86643 , 0
-0.778221 , -1.86403 , 0
-0.76568 , -1.86156 , 0
-0.75311 , -1.85902 , 0
-0.740513 , -1.85642 , 0
-0.727889 , -1.85374 , 0
-0.715238 , -1.851 , 0
-0.702559 , -1.84819 , 0
-0.689854 , -1.84531 , 0
-0.677122 , -1.84236 , 0
-0.664364 , -1.83933 , 0
-0.65158 , -1.83623 , 0
-0.63877 , -1.83306 , 0
-0.625934 , -1.82982 , 0
-0.613072 , -1.8265 , 0
-0.600185 , -1.82311 , 0
-0.587274 , -1.81964 , 0
-0.574337 , -1.81609 , 0
-0.561376 , -1.81247 , 0
-0.548391 , -1.80876 , 0
-0.535382 , -1.80498 , 0
-0.522349 , -1.80112 , 0
-0.509293 , -1.79718 , 0
-0.496214 , -1.79316 , 0
-0.483112 , -1.78905 , 0
-0.469988 , -1.78486 , 0
-0.456842 , -1.78059 , 0
-0.443674 , -1.77624 , 0
-0.430485 , -1.7718 , 0
-0.417275 , -1.76727 , 0
-0.404044 , -1.76266 , 0
-0.390793 , -1.75795 , 0
-0.377523 , -1.75316 , 0
-0.364233 , -1.74828 , 0
-0.350924 , -1.74331 , 0
-0.337597 , -1.73825 , 0
-0.324252 , -1.7331 , 0
-0.31089 , -1.72785 , 0
-0.297511 , -1.72251 , 0
-0.284115 , -1.71707 , 0
-0.270703 , -1.71154 , 0
-0.257276 , -1.70591 , 0
-0.243835 , -1.70018 , 0
-0.230379 , -1.69436 , 0
-0.21691 , -1.68843 , 0
-0.203427 , -1.6824 , 0
-0.189933 , -1.67627 , 0
-0.176426 , -1.67004 , 0
-0.162909 , -1.66371 , 0
-0.149381 , -1.65727 , 0
-0.135844 , -1.65072 , 0
-0.122298 , -1.64407 , 0
-0.108744 , -1.6373 , 0
-0.0951829 , -1.63043 , 0
-0.0816152 , -1.62345 , 0
-0.0680419 , -1.61636 , 0
-0.0544639 , -1.60916 , 0
-0.040882 , -1.60184 , 0
-0.0272972 , -1.5944 , 0
-0.0137105 , -1.58685 , 0
-0.000122684 , -1.57919 , 0
0.0134651 , -1.5714 , 0
0.0270519 , -1.5635 , 0
0.0406366 , -1.55548 , 0
0.0542181 , -1.54733 , 0
0.0677953 , -1.53906 , 0
0.081367 , -1.53067 , 0
0.0949321 , -1.52215 , 0
0.108489 , -1.51351 , 0
0.122037 , -1.50474 , 0
0.135575 , -1.49584 , 0
0.149101 , -1.4868 , 0
0.162613 , -1.47764 , 0
0.176112 , -1.46835 , 0
0.189594 , -1.45892 , 0
0.203058 , -1.44936 , 0
0.216503 , -1.43966 , 0
0.229928 , -1.42982 , 0
0.243331 , -1.41984 , 0
0.256709 , -1.40973 , 0
0.270062 , -1.39947 , 0
0.283387 , -1.38907 , 0
0.296683 , -1.37853 , 0
0.309948 , -1.36784 , 0
0.32318 , -1.35701 , 0
0.336376 , -1.34602 , 0
0.349536 , -1.33489 , 0
0.362656 , -1.32362 , 0
0.375735 , -1.31219 , 0
0.38877 , -1.3006 , 0
0.40176 , -1.28887 , 0
0.414702 , -1.27698 , 0
0.427593 , -1.26493 , 0
0.440431 , -1.25273 , 0
0.453214 , -1.24037 , 0
0.465938 , -1.22785 , 0
0.478603 , -1.21517 , 0
0.491203 , -1.20234 , 0
0.503738 , -1.18933 , 0
0.516204 , -1.17617 , 0
0.528598 , -1.16284 , 0
0.540918 , -1.14935 , 0
0.553159 , -1.1357 , 0
0.56532 , -1.12188 , 0
0.577397 , -1.10789 , 0
0.589387 , -1.09373 , 0
0.601286 , -1.07941 , 0
0.613091 , -1.06491 , 0
0.624799 , -1.05025 , 0
0.636406 , -1.03542 , 0
0.647908 , -1.02042 , 0
0.659303 , -1.00524 , 0
0.670586 , -0.989903 , 0
0.681753 , -0.974389 , 0
0.6928 , -0.958706 , 0
0.703725 , -0.942851 , 0
0.714522 , -0.926826 , 0
0.725187 , -0.910631 , 0
0.735717 , -0.894265 , 0
0.746108 , -0.87773 , 0
0.756355 , -0.861025 , 0
0.766454 , -0.844152 , 0
0.7764 , -0.827111 , 0
0.78619 , -0.809904 , 0
0.795819 , -0.79253 , 0
0.805282 , -0.774991 , 0
0.814575 , -0.757289 , 0
0.823694 , -0.739425 , 0
0.832634 , -0.7214 , 0
0.84139 , -0.703216 , 0
0.849959 , -0.684874 , 0
0.858335 , -0.666378 , 0
0.866513 , -0.647729 , 0
0.874491 , -0.628928 , 0
0.882262 , -0.60998 , 0
0.889822 , -0.590886 , 0
0.897167 , -0.571648 , 0
0.904293 , -0.552271 , 0
0.911194 , -0.532758 , 0
0.917868 , -0.51311 , 0
0.924309 , -0.493333 , 0
0.930512 , -0.473429 , 0
0.936476 , -0.453402 , 0
0.942194 , -0.433257 , 0
0.947663 , -0.412997 , 0
0.952879 , -0.392628 , 0
0.957839 , -0.372152 , 0
0.962539 , -0.351575 , 0
0.966975 , -0.330902 , 0
0.971144 , -0.310138 , 0
0.975043 , -0.289287 , 0
0.97867 , -0.268355 , 0
0.98202 , -0.247348 , 0
0.985091 , -0.22627 , 0
0.987881 , -0.205128 , 0
0.990388 , -0.183927 , 0
0.99261 , -0.162672 , 0
0.994544 , -0.141371 , 0
0.996189 , -0.120028 , 0
0.997543 , -0.0986505 , 0
0.998605 , -0.0772439 , 0
0.999375 , -0.0558146 , 0
0.999851 , -0.0343689 , 0
1.00003 , -0.012913 , 0
0.999919 , 0.00854679 , 0
0.999511 , 0.0300041 , 0
0.998809 , 0.0514526 , 0
0.997812 , 0.072886 , 0
0.996522 , 0.0942979 , 0
0.994938 , 0.115682 , 0
0.993063 , 0.137033 , 0
0.990898 , 0.158343 , 0
0.988443 , 0.179607 , 0
0.985702 , 0.200819 , 0
0.982674 , 0.221973 , 0
0.979364 , 0.243063 , 0
0.975772 , 0.264084 , 0
0.971902 , 0.285029 , 0
0.967757 , 0.305893 , 0
0.963338 , 0.326671 , 0
0.95865 , 0.347358 , 0
0.953695 , 0.367948 , 0
0.948477 , 0.388437 , 0
0.943 , 0.408819 , 0
0.937266 , 0.42909 , 0
0.93128 , 0.449246 , 0
0.925046 , 0.469282 , 0
0.918567 , 0.489195 , 0
0.911848 , 0.508979 , 0
0.904894 , 0.528632 , 0
0.897707 , 0.548149 , 0
0.890293 , 0.567527 , 0
0.882656 , 0.586764 , 0
0.874801 , 0.605855 , 0
0.866731 , 0.624798 , 0
0.858452 , 0.64359 , 0
0.849968 , 0.662228 , 0
0.841284 , 0.680711 , 0
0.832404 , 0.699035 , 0
0.823333 , 0.717199 , 0
0.814076 , 0.7352 , 0
0.804637 , 0.753037 , 0
0.79502 , 0.770708 , 0
0.785231 , 0.788212 , 0
0.775274 , 0.805548 , 0
0.765153 , 0.822713 , 0
0.754874 , 0.839708 , 0
0.744439 , 0.85653 , 0
0.733855 , 0.87318 , 0
0.723125 , 0.889656 , 0
0.712253 , 0.905959 , 0
0.701244 , 0.922086 , 0
0.690102 , 0.938039 , 0
0.678831 , 0.953817 , 0
0.667436 , 0.96942 , 0
0.655919 , 0.984847 , 0
0.644286 , 1.0001 , 0
0.632541 , 1.01518 , 0
0.620686 , 1.03008 , 0
0.608726 , 1.04481 , 0
0.596665 , 1.05936 , 0
0.584506 , 1.07374 , 0
0.572252 , 1.08795 , 0
0.559908 , 1.10198 , 0
0.547476 , 1.11584 , 0
0.53496 , 1.12953 , 0
0.522363 , 1.14305 , 0
0.509689 , 1.1564 , 0
0.49694 , 1.16958 , 0
0.48412 , 1.1826 , 0
0.471232 , 1.19544 , 0
0.458278 , 1.20812 , 0
0.445261 , 1.22064 , 0
0.432185 , 1.23299 , 0
0.419051 , 1.24518 , 0
0.405863 , 1.25721 , 0
0.392623 , 1.26907 , 0
0.379334 , 1.28078 , 0
0.365998 , 1.29232 , 0
0.352617 , 1.30371 , 0
0.339194 , 1.31495 , 0
0.325731 , 1.32603 , 0
0.31223 , 1.33695 , 0
0.298694 , 1.34773 , 0
0.285125 , 1.35835 , 0
0.271523 , 1.36882 , 0
0.257893 , 1.37915 , 0
0.244235 , 1.38933 , 0
0.230551 , 1.39936 , 0
0.216844 , 1.40924 , 0
0.203114 , 1.41899 , 0
0.189364 , 1.42859 , 0
0.175595 , 1.43805 , 0
0.16181 , 1.44737 , 0
0.148009 , 1.45655 , 0
0.134194 , 1.4656 , 0
0.120366 , 1.47451 , 0
0.106528 , 1.48329 , 0
0.0926801 , 1.49193 , 0
0.0788241 , 1.50044 , 0
0.0649611 , 1.50883 , 0
0.0510927 , 1.51708 , 0
0.0372199 , 1.5252 , 0
0.023344 , 1.5332 , 0
0.00946623 , 1.54107 , 0
-0.00441231 , 1.54882 , 0
-0.0182905 , 1.55645 , 0
-0.0321673 , 1.56395 , 0
-0.0460416 , 1.57134 , 0
-0.0599124 , 1.5786 , 0
-0.0737787 , 1.58575 , 0
-0.0876395 , 1.59278 , 0
-0.101494 , 1.59969 , 0
-0.115341 , 1.60649 , 0
-0.12918 , 1.61318 , 0
-0.143011 , 1.61975 , 0
-0.156831 , 1.62621 , 0
-0.170641 , 1.63256 , 0
-0.184439 , 1.63881 , 0
-0.198225 , 1.64494 , 0
-0.211998 , 1.65097 , 0
-0.225758 , 1.6569 , 0
-0.239504 , 1.66272 , 0
-0.253235 , 1.66843 , 0
-0.26695 , 1.67405 , 0
-0.280649 , 1.67956 , 0
-0.294331 , 1.68497 , 0
-0.307996 , 1.69029 , 0
-0.321643 , 1.6955 , 0
-0.335271 , 1.70062 , 0
-0.348881 , 1.70564 , 0
-0.362471 , 1.71057 , 0
-0.376041 , 1.7154 , 0
-0.389591 , 1.72014 , 0
-0.403119 , 1.72478 , 0
-0.416627 , 1.72934 , 0
-0.430112 , 1.7338 , 0
-0.443576 , 1.73818 , 0
-0.457016 , 1.74246 , 0
-0.470434 , 1.74666 , 0
-0.483828 , 1.75077 , 0
-0.497198 , 1.7548 , 0
-0.510544 , 1.75874 , 0
-0.523866 , 1.76259 , 0
-0.537163 , 1.76636 , 0
-0.550434 , 1.77005 , 0
-0.563681 , 1.77366 , 0
-0.576901 , 1.77718 , 0
-0.590095 , 1.78063 , 0
-0.603263 , 1.78399 , 0
-0.616405 , 1.78728 , 0
-0.629519 , 1.79049 , 0
-0.642606 , 1.79362 , 0
-0.655666 , 1.79668 , 0
-0.668699 , 1.79966 , 0
-0.681703 , 1.80256 , 0
-0.694679 , 1.80539 , 0
-0.707627 , 1.80815 , 0
-0.720547 , 1.81083 , 0
-0.733438 , 1.81345 , 0
-0.7463 , 1.81599 , 0
-0.759133 , 1.81846 , 0
-0.771937 , 1.82086 , 0
-0.784711 , 1.82319 , 0
-0.797456 , 1.82545 , 0
-0.81017 , 1.82764 , 0
-0.822856 , 1.82977 , 0
-0.835511 , 1.83183 , 0
-0.848135 , 1.83382 , 0
-0.86073 , 1.83575 , 0
-0.873294 , 1.83762 , 0
-0.885828 , 1.83941 , 0
-0.89833 , 1.84115 , 0
-0.910802 , 1.84282 , 0
-0.923244 , 1.84443 , 0
-0.935654 , 1.84598 , 0
-0.948033 , 1.84746 , 0
-0.960381 , 1.84889 , 0
-0.972697 , 1.85025 , 0
-0.984982 , 1.85156 , 0
-0.997236 , 1.85281 , 0
-1.00946 , 1.85399 , 0
-1.02165 , 1.85512 , 0
-1.03381 , 1.85619 , 0
-1.04593 , 1.85721 , 0
-1.05803 , 1.85817 , 0
-1.07009 , 1.85907 , 0
-1.08212 , 1.85992 , 0
-1.09412 , 1.86071 , 0
-1.10609 , 1.86145 , 0
-1.11803 , 1.86213 , 0
-1.12993 , 1.86276 , 0
-1.1418 , 1.86333 , 0
-1.15364 , 1.86386 , 0
-1.16544 , 1.86433 , 0
-1.17722 , 1.86475 , 0
-1.18896 , 1.86512 , 0
-1.20067 , 1.86544 , 0
-1.21234 , 1.8657 , 0
-1.22399 , 1.86592 , 0
-1.2356 , 1.86609 , 0
-1.24718 , 1.86621 , 0
-1.25873 , 1.86628 , 0
-1.27024 , 1.8663 , 0
-1.28172 , 1.86628 , 0
-1.29317 , 1.8662 , 0
-1.30459 , 1.86608 , 0
-1.31597 , 1.86592 , 0
-1.32732 , 1.8657 , 0
-1.33864 , 1.86545 , 0
-1.34993 , 1.86514 , 0
-1.36118 , 1.86479 , 0
-1.3724 , 1.8644 , 0
-1.38359 , 1.86396 , 0
-1.39475 , 1.86348 , 0
-1.40587 , 1.86295 , 0
-1.41696 , 1.86239 , 0
-1.42802 , 1.86177 , 0
-1.43904 , 1.86112 , 0
-1.45004 , 1.86042 , 0
-1.461 , 1.85969 , 0
-1.47193 , 1.85891 , 0
-1.48282 , 1.85809 , 0
-1.49368 , 1.85723 , 0
-1.50451 , 1.85632 , 0
-1.51531 , 1.85538 , 0
-1.52608 , 1.8544 , 0
-1.53681 , 1.85338 , 0
-1.54751 , 1.85232 , 0
-1.55818 , 1.85122 , 0
-1.56881 , 1.85008 , 0
-1.57942 , 1.84891 , 0
-1.58999 , 1.84769 , 0
-1.60052 , 1.84644 , 0
-1.61103 , 1.84515 , 0
-1.6215 , 1.84383 , 0
-1.63194 , 1.84247 , 0
-1.64235 , 1.84107 , 0
-1.65273 , 1.83963 , 0
-1.66307 , 1.83816 , 0
-1.67339 , 1.83666 , 0
-1.68367 , 1.83512 , 0
-1.69392 , 1.83354 , 0
-1.70413 , 1.83193 , 0
-1.71432 , 1.83028 , 0
-1.72447 , 1.8286 , 0
-1.73459 , 1.82689 , 0
-1.74468 , 1.82514 , 0
-1.75473 , 1.82336 , 0
-1.76476 , 1.82155 , 0
-1.77475 , 1.8197 , 0
-1.78471 , 1.81782 , 0
-1.79464 , 1.81591 , 0
-1.80453 , 1.81396 , 0
-1.8144 , 1.81199 , 0
-1.82423 , 1.80998 , 0
-1.83403 , 1.80794 , 0
-1.8438 , 1.80587 , 0
-1.85354 , 1.80377 , 0
-1.86325 , 1.80164 , 0
-1.87292 , 1.79948 , 0
-1.88257 , 1.79728 , 0
-1.89218 , 1.79506 , 0
-1.90176 , 1.79281 , 0
-1.91131 , 1.79053 , 0
-1.92083 , 1.78821 , 0
-1.93031 , 1.78587 , 0
-1.93977 , 1.7835 , 0
-1.94919 , 1.7811 , 0
-1.95859 , 1.77868 , 0
-1.96795 , 1.77622 , 0
-1.97728 , 1.77374 , 0
-1.98658 , 1.77123 , 0
-1.99585 , 1.76869 , 0
-2.00508 , 1.76612 , 0
-2.01429 , 1.76353 , 0
-2.02347 , 1.76091 , 0
-2.03261 , 1.75826 , 0
-2.04172 , 1.75559 , 0
-2.05081 , 1.75288 , 0
-2.05986 , 1.75016 , 0
-2.06888 , 1.7474 , 0
-2.07787 , 1.74462 , 0
-2.08683 , 1.74182 , 0
-2.09576 , 1.73899 , 0
-2.10466 , 1.73613 , 0
-2.11353 , 1.73325 , 0
-2.12236 , 1.73035 , 0
-2.13117 , 1.72742 , 0
-2.13995 , 1.72446 , 0
-2.1487 , 1.72148 , 0
-2.15741 , 1.71848 , 0
-2.1661 , 1.71545 , 0
-2.17475 , 1.71239 , 0
-2.18338 , 1.70932 , 0
-2.19197 , 1.70622 , 0
-2.20054 , 1.70309 , 0
-2.20907 , 1.69995 , 0
-2.21758 , 1.69678 , 0
-2.22605 , 1.69358 , 0
-2.2345 , 1.69037 , 0
-2.24291 , 1.68713 , 0
-2.2513 , 1.68387 , 0
-2.25965 , 1.68059 , 0
-2.26798 , 1.67728 , 0
-2.27627 , 1.67395 , 0
-2.28454 , 1.67061 , 0
-2.29278 , 1.66723 , 0
-2.30098 , 1.66384 , 0
-2.30916 , 1.66043 , 0
-2.31731 , 1.65699 , 0
-2.32542 , 1.65354 , 0
-2.33351 , 1.65006 , 0
-2.34157 , 1.64656 , 0
-2.3496 , 1.64304 , 0
-2.3576 , 1.6395 , 0
-2.36557 , 1.63594 , 0
-2.37351 , 1.63236 , 0
-2.38142 , 1.62876 , 0
-2.38931 , 1.62514 , 0
-2.39716 , 1.6215 , 0
-2.40498 , 1.61784 , 0
-2.41278 , 1.61416 , 0
-2.42055 , 1.61047 , 0
-2.42828 , 1.60675 , 0
-2.43599 , 1.60301 , 0
-2.44367 , 1.59925 , 0
-2.45132 , 1.59548 , 0
-2.45894 , 1.59169 , 0
-2.46654 , 1.58787 , 0
-2.4741 , 1.58404 , 0
-2.48163 , 1.58019 , 0
-2.48914 , 1.57632 , 0
-2.49662 , 1.57244 , 0
-2.50407 , 1.56853 , 0
-2.51149 , 1.56461 , 0
-2.51888 , 1.56067 , 0
-2.52624 , 1.55672 , 0
-2.53358 , 1.55274 , 0
-2.54088 , 1.54875 , 0
-2.54816 , 1.54474 , 0
-2.55541 , 1.54071 , 0
-2.56263 , 1.53667 , 0
-2.56983 , 1.53261 , 0
-2.57699 , 1.52853 , 0
-2.58413 , 1.52443 , 0
-2.59124 , 1.52032 , 0
-2.59832 , 1.51619 , 0
-2.60537 , 1.51205 , 0
-2.61239 , 1.50789 , 0
-2.61939 , 1.50371 , 0
-2.62635 , 1.49952 , 0
-2.63329 , 1.49531 , 0
-2.64021 , 1.49109 , 0
-2.64709 , 1.48685 , 0
-2.65395 , 1.48259 , 0
-2.66077 , 1.47832 , 0
-2.66757 , 1.47403 , 0
-2.67435 , 1.46973 , 0
-2.68109 , 1.46541 , 0
-2.68781 , 1.46108 , 0
-2.6945 , 1.45673 , 0
-2.70116 , 1.45237 , 0
-2.70779 , 1.44799 , 0
-2.7144 , 1.4436 , 0
-2.72098 , 1.43919 , 0
-2.72753 , 1.43477 , 0
-2.73406 , 1.43033 , 0
-2.74055 , 1.42588 , 0
-2.74702 , 1.42142 , 0
-2.75346 , 1.41694 , 0
-2.75988 , 1.41245 , 0
-2.76627 , 1.40794 , 0
-2.77263 , 1.40342 , 0
-2.77896 , 1.39889 , 0
-2.78526 , 1.39434 , 0
-2.79154 , 1.38978 , 0
-2.79779 , 1.3852 , 0
-2.80402 , 1.38061 , 0
-2.81022 , 1.37601 , 0
-2.81639 , 1.3714 , 0
-2.82253 , 1.36677 , 0
-2.82865 , 1.36213 , 0
-2.83473 , 1.35747 , 0
-2.8408 , 1.3528 , 0
-2.84683 , 1.34812 , 0
-2.85284 , 1.34343 , 0
-2.85882 , 1.33873 , 0
-2.86478 , 1.33401 , 0
-2.87071 , 1.32928 , 0
-2.87661 , 1.32454 , 0
-2.88248 , 1.31978 , 0
-2.88833 , 1.31501 , 0
-2.89415 , 1.31023 , 0
-2.89995 , 1.30544 , 0
-2.90572 , 1.30064 , 0
-2.91146 , 1.29582 , 0
-2.91717 , 1.291 , 0
-2.92286 , 1.28616 , 0
-2.92852 , 1.28131 , 0
-2.93416 , 1.27645 , 0
-2.93977 , 1.27157 , 0
-2.94535 , 1.26669 , 0
-2.95091 , 1.26179 , 0
-2.95644 , 1.25688 , 0
-2.96194 , 1.25197 , 0
-2.96742 , 1.24704 , 0
-2.97287 , 1.24209 , 0
-2.9783 , 1.23714 , 0
-2.9837 , 1.23218 , 0
-2.98907 , 1.22721 , 0
-2.99442 , 1.22222 , 0
-2.99974 , 1.21723 , 0
-3.00503 , 1.21222 , 0
-3.0103 , 1.20721 , 0
-3.01555 , 1.20218 , 0
-3.02076 , 1.19715 , 0
-3.02595 , 1.1921 , 0
-3.03112 , 1.18704 , 0
-3.03626 , 1.18197 , 0
-3.04137 , 1.1769 , 0
-3.04646 , 1.17181 , 0
-3.05152 , 1.16671 , 0
-3.05656 , 1.16161 , 0
-3.06157 , 1.15649 , 0
-3.06655 , 1.15136 , 0
-3.07151 , 1.14623 , 0
-3.07644 , 1.14108 , 0
-3.08135 , 1.13592 , 0
-3.08623 , 1.13076 , 0
-3.09109 , 1.12559 , 0
-3.09592 , 1.1204 , 0
-3.10072 , 1.11521 , 0
-3.1055 , 1.11001 , 0
-3.11026 , 1.1048 , 0
-3.11499 , 1.09958 , 0
-3.11969 , 1.09435 , 0
-3.12437 , 1.08911 , 0
-3.12902 , 1.08386 , 0
-3.13364 , 1.07861 , 0
-3.13825 , 1.07334 , 0
-3.14282 , 1.06807 , 0
-3.14737 , 1.06279 , 0
-3.1519 , 1.0575 , 0
-3.1564 , 1.0522 , 0
-3.16087 , 1.04689 , 0
-3.16532 , 1.04158 , 0
-3.16975 , 1.03625 , 0
-3.17414 , 1.03092 , 0
-3.17852 , 1.02558 , 0
-3.18287 , 1.02023 , 0
-3.18719 , 1.01488 , 0
-3.19149 , 1.00951 , 0
-3.19576 , 1.00414 , 0
-3.20001 , 0.998761 , 0
-3.20423 , 0.993373 , 0
-3.20843 , 0.987977 , 0
-3.21261 , 0.982574 , 0
-3.21675 , 0.977163 , 0
-3.22088 , 0.971744 , 0
-3.22498 , 0.966318 , 0
-3.22905 , 0.960885 , 0
-3.2331 , 0.955444 , 0
-3.23712 , 0.949995 , 0
-3.24112 , 0.94454 , 0
-3.2451 , 0.939077 , 0
-3.24905 , 0.933607 , 0
-3.25297 , 0.92813 , 0
-3.25687 , 0.922646 , 0
-3.26074 , 0.917155 , 0
-3.2646 , 0.911656 , 0
-3.26842 , 0.906151 , 0
-3.27222 , 0.900639 , 0
-3.276 , 0.895121 , 0
-3.27975 , 0.889595 , 0
-3.28348 , 0.884063 , 0
-3.28718 , 0.878525 , 0
-3.29086 , 0.872979 , 0
-3.29451 , 0.867428 , 0
-3.29814 , 0.861869 , 0
-3.30174 , 0.856305 , 0
-3.30532 , 0.850734 , 0
-3.30888 , 0.845156 , 0
-3.31241 , 0.839573 , 0
-3.31591 , 0.833983 , 0
-3.3194 , 0.828387 , 0
-3.32285 , 0.822785 , 0
-3.32629 , 0.817177 , 0
-3.32969 , 0.811563 , 0
-3.33308 , 0.805943 , 0
-3.33644 , 0.800317 , 0
-3.33977 , 0.794685 , 0
-3.34308 , 0.789048 , 0
-3.34637 , 0.783405 , 0
-3.34963 , 0.777756 , 0
-3.35287 , 0.772101 , 0
-3.35609 , 0.766441 , 0
-3.35928 , 0.760775 , 0
-3.36244 , 0.755104 , 0
-3.36558 , 0.749427 , 0
-3.3687 , 0.743745 , 0
-3.37179 , 0.738058 , 0
-3.37486 , 0.732365 , 0
-3.37791 , 0.726668 , 0
-3.38093 , 0.720964 , 0
-3.38392 , 0.715256 , 0
-3.38689 , 0.709543 , 0
-3.38984 , 0.703825 , 0
-3.39277 , 0.698101 , 0
-3.39567 , 0.692373 , 0
-3.39854 , 0.68664 , 0
-3.40139 , 0.680902 , 0
-3.40422 , 0.675159 , 0
-3.40703 , 0.669411 , 0
-3.40981 , 0.663659 , 0
-3.41256 , 0.657902 , 0
-3.41529 , 0.65214 , 0
-3.418 , 0.646374 , 0
-3.42068 , 0.640604 , 0
-3.42335 , 0.634828 , 0
-3.42598 , 0.629049 , 0
-3.42859 , 0.623265 , 0
-3.43118 , 0.617477 , 0
-3.43375 , 0.611684 , 0
-3.43629 , 0.605887 , 0
-3.4388 , 0.600086 , 0
-3.4413 , 0.594281 , 0
-3.44377 , 0.588471 , 0
-3.44621 , 0.582658 , 0
-3.44863 , 0.576841 , 0
-3.45103 , 0.571019 , 0
-3.45341 , 0.565194 , 0
-3.45576 , 0.559365 , 0
-3.45808 , 0.553532 , 0
-3.46039 , 0.547695 , 0
-3.46266 , 0.541854 , 0
-3.46492 , 0.53601 , 0
-3.46715 , 0.530162 , 0
-3.46936 , 0.52431 , 0
-3.47154 , 0.518455 , 0
-3.47371 , 0.512596 , 0
-3.47584 , 0.506734 , 0
-3.47796 , 0.500869 , 0
-3.48005 , 0.495 , 0
-3.48211 , 0.489127 , 0
-3.48415 , 0.483251 , 0
-3.48617 , 0.477372 , 0
-3.48817 , 0.47149 , 0
-3.49014 , 0.465605 , 0
-3.49209 , 0.459716 , 0
-3.49401 , 0.453825 , 0
-3.49592 , 0.44793 , 0
-3.49779 , 0.442032 , 0
-3.49965 , 0.436132 , 0
-3.50148 , 0.430228 , 0
-3.50329 , 0.424321 , 0
-3.50507 , 0.418412 , 0
-3.50683 , 0.4125 , 0
-3.50857 , 0.406585 , 0
-3.51028 , 0.400667 , 0
-3.51197 , 0.394747 , 0
-3.51364 , 0.388824 , 0
-3.51528 , 0.382899 , 0
-3.5169 , 0.376971 , 0
-3.51849 , 0.37104 , 0
-3.52007 , 0.365107 , 0
-3.52162 , 0.359172 , 0
-3.52314 , 0.353234 , 0
-3.52464 , 0.347293 , 0
-3.52612 , 0.341351 , 0
-3.52758 , 0.335406 , 0
-3.52901 , 0.329459 , 0
-3.53042 , 0.32351 , 0
-3.53181 , 0.317559 , 0
-3.53317 , 0.311605 , 0
-3.53451 , 0.30565 , 0
-3.53582 , 0.299692 , 0
-3.53711 , 0.293733 , 0
-3.53838 , 0.287772 , 0
-3.53963 , 0.281808 , 0
-3.54085 , 0.275843 , 0
-3.54205 , 0.269876 , 0
-3.54323 , 0.263907 , 0
-3.54438 , 0.257937 , 0
-3.54551 , 0.251965 , 0
-3.54661 , 0.245991 , 0
-3.5477 , 0.240016 , 0
-3.54876 , 0.234039 , 0
-3.54979 , 0.22806 , 0
-3.55081 , 0.22208 , 0
-3.5518 , 0.216099 , 0
-3.55276 , 0.210116 , 0
-3.5537 , 0.204132 , 0
-3.55462 , 0.198146 , 0
-3.55552 , 0.192159 , 0
-3.5564 , 0.186171 , 0
-3.55725 , 0.180182 , 0
-3.55807 , 0.174191 , 0
-3.55888 , 0.1682 , 0
-3.55966 , 0.162207 , 0
-3.56042 , 0.156213 , 0
-3.56115 , 0.150218 , 0
-3.56186 , 0.144222 , 0
-3.56255 , 0.138226 , 0
-3.56321 , 0.132228 , 0
-3.56386 , 0.12623 , 0
-3.56447 , 0.12023 , 0
-3.56507 , 0.11423 , 0
-3.56564 , 0.108229 , 0
-3.56619 , 0.102228 , 0
-3.56672 , 0.0962257 , 0
-3.56722 , 0.0902229 , 0
-3.5677 , 0.0842195 , 0
-3.56816 , 0.0782156 , 0
-3.56859 , 0.0722112 , 0
-3.569 , 0.0662063 , 0
-3.56939 , 0.0602009 , 0
-3.56975 , 0.0541952 , 0
-3.57009 , 0.0481891 , 0
-3.57041 , 0.0421828 , 0
-3.5707 , 0.0361761 , 0
-3.57098 , 0.0301692 , 0
-3.57123 , 0.0241621 , 0
-3.57145 , 0.0181549 , 0
-3.57165 , 0.0121475 , 0
-3.57183 , 0.00614012 , 0
-3.57199 , 0.000132649 , 0
-3.57212 , -0.00587482 , 0
-3.57223 , -0.0118822 , 0
-3.57232 , -0.0178896 , 0
-3.57238 , -0.0238968 , 0
-3.57242 , -0.0299039 , 0
-3.57244 , -0.0359108 , 0
-3.57243 , -0.0419174 , 0
-3.57241 , -0.0479238 , 0
-3.57235 , -0.0539299 , 0
-3.57228 , -0.0599356 , 0
-3.57218 , -0.0659409 , 0
-3.57206 , -0.0719458 , 0
-3.57192 , -0.0779502 , 0
-3.57175 , -0.0839542 , 0
-3.57156 , -0.0899576 , 0
-3.57135 , -0.0959604 , 0
-3.57111 , -0.101963 , 0
-3.57085 , -0.107964 , 0
-3.57057 , -0.113965 , 0
-3.57026 , -0.119965 , 0
-3.56993 , -0.125964 , 0
-3.56958 , -0.131963 , 0
-3.56921 , -0.13796 , 0
-3.56881 , -0.143957 , 0
-3.56839 , -0.149953 , 0
-3.56794 , -0.155948 , 0
-3.56748 , -0.161942 , 0
-3.56699 , -0.167934 , 0
-3.56647 , -0.173926 , 0
-3.56594 , -0.179917 , 0
-3.56538 , -0.185906 , 0
-3.56479 , -0.191894 , 0
-3.56419 , -0.197881 , 0
-3.56356 , -0.203867 , 0
-3.56291 , -0.209851 , 0
-3.56223 , -0.215834 , 0
-3.56153 , -0.221816 , 0
-3.56081 , -0.227796 , 0
-3.56007 , -0.233775 , 0
-3.5593 , -0.239752 , 0
-3.55851 , -0.245727 , 0
-3.5577 , -0.251701 , 0
-3.55686 , -0.257674 , 0
-3.556 , -0.263644 , 0
-3.55512 , -0.269613 , 0
-3.55421 , -0.27558 , 0
-3.55328 , -0.281546 , 0
-3.55233 , -0.287509 , 0
-3.55135 , -0.293471 , 0
-3.55036 , -0.299431 , 0
-3.54933 , -0.305389 , 0
-3.54829 , -0.311345 , 0
-3.54722 , -0.317298 , 0
-3.54613 , -0.32325 , 0
-3.54502 , -0.3292 , 0
-3.54388 , -0.335147 , 0
-3.54272 , -0.341093 , 0
-3.54153 , -0.347036 , 0
-3.54033 , -0.352976 , 0
-3.5391 , -0.358915 , 0
-3.53784 , -0.364851 , 0
-3.53657 , -0.370785 , 0
-3.53527 , -0.376716 , 0
-3.53394 , -0.382645 , 0
-3.5326 , -0.388571 , 0
-3.53123 , -0.394495 , 0
-3.52984 , -0.400416 , 0
-3.52842 , -0.406335 , 0
-3.52698 , -0.412251 , 0
-3.52552 , -0.418164 , 0
-3.52404 , -0.424074 , 0
-3.52253 , -0.429982 , 0
-3.521 , -0.435886 , 0
-3.51944 , -0.441788 , 0
-3.51786 , -0.447687 , 0
-3.51626 , -0.453583 , 0
-3.51464 , -0.459476 , 0
-3.51299 , -0.465366 , 0
-3.51132 , -0.471253 , 0
-3.50962 , -0.477137 , 0
-3.5079 , -0.483018 , 0
-3.50616 , -0.488895 , 0
-3.5044 , -0.494769 , 0
-3.50261 , -0.50064 , 0
-3.5008 , -0.506507 , 0
-3.49897 , -0.512372 , 0
-3.49711 , -0.518232 , 0
-3.49523 , -0.52409 , 0
-3.49332 , -0.529943 , 0
-3.4914 , -0.535794 , 0
-3.48945 , -0.54164 , 0
-3.48747 , -0.547483 , 0
-3.48547 , -0.553323 , 0
-3.48345 , -0.559158 , 0
-3.48141 , -0.56499 , 0
-3.47934 , -0.570818 , 0
-3.47725 , -0.576642 , 0
-3.47514 , -0.582463 , 0
-3.473 , -0.588279 , 0
-3.47084 , -0.594092 , 0
-3.46865 , -0.5999 , 0
-3.46644 , -0.605704 , 0
-3.46421 , -0.611505 , 0
-3.46196 , -0.617301 , 0
-3.45968 , -0.623093 , 0
-3.45738 , -0.628881 , 0
-3.45505 , -0.634664 , 0
-3.4527 , -0.640443 , 0
-3.45033 , -0.646218 , 0
-3.44793 , -0.651988 , 0
-3.44551 , -0.657754 , 0
-3.44307 , -0.663516 , 0
-3.4406 , -0.669273 , 0
-3.43811 , -0.675025 , 0
-3.4356 , -0.680773 , 0
-3.43306 , -0.686516 , 0
-3.4305 , -0.692254 , 0
-3.42792 , -0.697988 , 0
-3.42531 , -0.703717 , 0
-3.42268 , -0.70944 , 0
-3.42002 , -0.715159 , 0
-3.41734 , -0.720874 , 0
-3.41464 , -0.726583 , 0
-3.41192 , -0.732287 , 0
-3.40917 , -0.737986 , 0
-3.40639 , -0.743679 , 0
-3.4036 , -0.749368 , 0
-3.40077 , -0.755052 , 0
-3.39793 , -0.76073 , 0
-3.39506 , -0.766403 , 0
-3.39217 , -0.77207 , 0
-3.38925 , -0.777732 , 0
-3.38631 , -0.783389 , 0
-3.38335 , -0.78904 , 0
-3.38036 , -0.794686 , 0
-3.37735 , -0.800326 , 0
-3.37432 , -0.80596 , 0
-3.37126 , -0.811589 , 0
-3.36818 , -0.817212 , 0
-3.36507 , -0.822829 , 0
-3.36194 , -0.82844 , 0
-3.35879 , -0.834046 , 0
-3.35561 , -0.839645 , 0
-3.35241 , -0.845239 , 0
-3.34918 , -0.850826 , 0
-3.34593 , -0.856408 , 0
-3.34266 , -0.861983 , 0
-3.33936 , -0.867552 , 0
-3.33604 , -0.873115 , 0
-3.3327 , -0.878671 , 0
-3.32933 , -0.884222 , 0
-3.32593 , -0.889766 , 0
-3.32252 , -0.895303 , 0
-3.31908 , -0.900834 , 0
-3.31561 , -0.906359 , 0
-3.31212 , -0.911877 , 0
-3.30861 , -0.917388 , 0
-3.30507 , -0.922892 , 0
-3.30151 , -0.92839 , 0
-3.29792 , -0.933881 , 0
-3.29431 , -0.939366 , 0
-3.29068 , -0.944843 , 0
-3.28702 , -0.950313 , 0
-3.28334 , -0.955777 , 0
-3.27963 , -0.961233 , 0
-3.2759 , -0.966682 , 0
-3.27215 , -0.972125 , 0
-3.26837 , -0.977559 , 0
-3.26456 , -0.982987 , 0
-3.26073 , -0.988407 , 0
-3.25688 , -0.99382 , 0
-3.25301 , -0.999226 , 0
-3.2491 , -1.00462 , 0
-3.24518 , -1.01001 , 0
-3.24123 , -1.0154 , 0
-3.23726 , -1.02077 , 0
-3.23326 , -1.02614 , 0
-3.22924 , -1.0315 , 0
-3.22519 , -1.03685 , 0
-3.22112 , -1.0422 , 0
-3.21702 , -1.04753 , 0
-3.2129 , -1.05286 , 0
-3.20876 , -1.05818 , 0
-3.20459 , -1.06349 , 0
-3.20039 , -1.0688 , 0
-3.19617 , -1.07409 , 0
-3.19193 , -1.07938 , 0
-3.18766 , -1.08466 , 0
-3.18337 , -1.08993 , 0
-3.17905 , -1.09519 , 0
-3.17471 , -1.10045 , 0
-3.17035 , -1.10569 , 0
-3.16595 , -1.11093 , 0
-3.16154 , -1.11616 , 0
-3.1571 , -1.12138 , 0
-3.15263 , -1.12659 , 0
-3.14814 , -1.13179 , 0
-3.14363 , -1.13698 , 0
-3.13909 , -1.14217 , 0
-3.13453 , -1.14734 , 0
-3.12994 , -1.15251 , 0
-3.12532 , -1.15767 , 0
-3.12068 , -1.16281 , 0
-3.11602 , -1.16795 , 0
-3.11133 , -1.17308 , 0
-3.10662 , -1.1782 , 0
-3.10188 , -1.18331 , 0
-3.09712 , -1.18841 , 0
-3.09233 , -1.1935 , 0
-3.08751 , -1.19858 , 0
-3.08267 , -1.20365 , 0
-3.07781 , -1.20871 , 0
-3.07292 , -1.21377 , 0
-3.06801 , -1.21881 , 0
-3.06307 , -1.22384 , 0
-3.05811 , -1.22886 , 0
-3.05312 , -1.23387 , 0
-3.0481 , -1.23888 , 0
-3.04306 , -1.24387 , 0
-3.038 , -1.24885 , 0
-3.03291 , -1.25382 , 0
-3.02779 , -1.25878 , 0
-3.02265 , -1.26373 , 0
-3.01748 , -1.26867 , 0
-3.01229 , -1.2736 , 0
-3.00708 , -1.27851 , 0
-3.00183 , -1.28342 , 0
-2.99657 , -1.28832 , 0
-2.99127 , -1.2932 , 0
-2.98595 , -1.29807 , 0
-2.98061 , -1.30294 , 0
-2.97524 , -1.30779 , 0
-2.96985 , -1.31263 , 0
-2.96442 , -1.31746 , 0
-2.95898 , -1.32228 , 0
-2.95351 , -1.32708 , 0
-2.94801 , -1.33188 , 0
-2.94249 , -1.33666 , 0
-2.93694 , -1.34143 , 0
-2.93136 , -1.34619 , 0
-2.92576 , -1.35094 , 0
-2.92014 , -1.35568 , 0
-2.91448 , -1.3604 , 0
-2.90881 , -1.36511 , 0
-2.9031 , -1.36981 , 0
-2.89737 , -1.3745 , 0
-2.89162 , -1.37918 , 0
-2.88584 , -1.38384 , 0
-2.88003 , -1.38849 , 0
-2.8742 , -1.39313 , 0
-2.86834 , -1.39775 , 0
-2.86245 , -1.40237 , 0
-2.85654 , -1.40697 , 0
-2.8506 , -1.41155 , 0
-2.84464 , -1.41613 , 0
-2.83865 , -1.42069 , 0
-2.83263 , -1.42524 , 0
-2.82659 , -1.42977 , 0
-2.82053 , -1.4343 , 0
-2.81443 , -1.4388 , 0
-2.80831 , -1.4433 , 0
-2.80216 , -1.44778 , 0
-2.79599 , -1.45225 , 0
-2.78979 , -1.4567 , 0
-2.78356 , -1.46114 , 0
-2.77731 , -1.46557 , 0
-2.77103 , -1.46998 , 0
-2.76473 , -1.47438 , 0
-2.7584 , -1.47877 , 0
-2.75204 , -1.48314 , 0
-2.74565 , -1.48749 , 0
-2.73924 , -1.49183 , 0
-2.73281 , -1.49616 , 0
-2.72634 , -1.50047 , 0
-2.71985 , -1.50477 , 0
-2.71333 , -1.50905 , 0
-2.70679 , -1.51332 , 0
-2.70022 , -1.51758 , 0
-2.69362 , -1.52181 , 0
-2.68699 , -1.52604 , 0
-2.68034 , -1.53024 , 0
-2.67366 , -1.53444 , 0
-2.66696 , -1.53861 , 0
-2.66023 , -1.54278 , 0
-2.65347 , -1.54692 , 0
-2.64668 , -1.55105 , 0
-2.63987 , -1.55517 , 0
-2.63303 , -1.55926 , 0
-2.62616 , -1.56335 , 0
-2.61926 , -1.56741 , 0
-2.61234 , -1.57146 , 0
-2.60539 , -1.5755 , 0
-2.59842 , -1.57951 , 0
-2.59141 , -1.58351 , 0
-2.58438 , -1.5875 , 0
-2.57733 , -1.59147 , 0
-2.57024 , -1.59542 , 0
-2.56313 , -1.59935 , 0
-2.55599 , -1.60327 , 0
-2.54882 , -1.60716 , 0
-2.54163 , -1.61105 , 0
-2.5344 , -1.61491 , 0
-2.52715 , -1.61876 , 0
-2.51988 , -1.62259 , 0
-2.51257 , -1.6264 , 0
-2.50524 , -1.63019 , 0
-2.49788 , -1.63397 , 0
-2.49049 , -1.63772 , 0
-2.48307 , -1.64146 , 0
-2.47563 , -1.64518 , 0
-2.46816 , -1.64889 , 0
-2.46066 , -1.65257 , 0
-2.45313 , -1.65624 , 0
-2.44558 , -1.65988 , 0
-2.438 , -1.66351 , 0
-2.43039 , -1.66712 , 0
-2.42275 , -1.67071 , 0
-2.41508 , -1.67428 , 0
-2.40739 , -1.67783 , 0
-2.39966 , -1.68136 , 0
-2.39191 , -1.68487 , 0
-2.38414 , -1.68836 , 0
-2.37633 , -1.69183 , 0
-2.36849 , -1.69528 , 0
-2.36063 , -1.69871 , 0
-2.35274 , -1.70212 , 0
-2.34482 , -1.70551 , 0
-2.33687 , -1.70888 , 0
-2.32889 , -1.71223 , 0
-2.32089 , -1.71556 , 0
-2.31285 , -1.71887 , 0
-2.30479 , -1.72215 , 0
-2.2967 , -1.72542 , 0
-2.28858 , -1.72866 , 0
-2.28043 , -1.73188 , 0
-2.27226 , -1.73508 , 0
-2.26405 , -1.73826 , 0
-2.25582 , -1.74141 , 0
-2.24756 , -1.74455 , 0
-2.23926 , -1.74766 , 0
-2.23094 , -1.75075 , 0
-2.2226 , -1.75381 , 0
-2.21422 , -1.75685 , 0
-2.20581 , -1.75988 , 0
-2.19738 , -1.76287 , 0
-2.18891 , -1.76585 , 0
-2.18042 , -1.7688 , 0
-2.1719 , -1.77172 , 0
-2.16334 , -1.77463 , 0
-2.15476 , -1.77751 , 0
-2.14615 , -1.78036 , 0
-2.13751 , -1.78319 , 0
-2.12885 , -1.786 , 0
-2.12015 , -1.78878 , 0
-2.11142 , -1.79154 , 0
-2.10267 , -1.79427 , 0
-2.09388 , -1.79698 , 0
-2.08507 , -1.79966 , 0
-2.07622 , -1.80232 , 0
-2.06735 , -1.80495 , 0
-2.05845 , -1.80756 , 0
-2.04951 , -1.81014 , 0
-2.04055 , -1.81269 , 0
-2.03156 , -1.81522 , 0
-2.02254 , -1.81772 , 0
-2.01349 , -1.82019 , 0
-2.00441 , -1.82264 , 0
-1.9953 , -1.82506 , 0
-1.98616 , -1.82746 , 0
-1.97699 , -1.82982 , 0
-1.96779 , -1.83216 , 0
-1.95856 , -1.83447 , 0
-1.9493 , -1.83675 , 0
-1.94001 , -1.83901 , 0
-1.93069 , -1.84124 , 0
-1.92134 , -1.84343 , 0
-1.91196 , -1.8456 , 0
-1.90255 , -1.84774 , 0
-1.89311 , -1.84985 , 0
-1.88365 , -1.85193 , 0
-1.87415 , -1.85399 , 0
-1.86462 , -1.85601 , 0
-1.85506 , -1.858 , 0
-1.84547 , -1.85996 , 0
-1.83585 , -1.86189 , 0
-1.8262 , -1.86379 , 0
-1.81652 , -1.86566 , 0
-1.80681 , -1.8675 , 0
-1.79706 , -1.86931 , 0
-1.78729 , -1.87108 , 0
-1.77749 , -1.87283 , 0
-1.76766 , -1.87454 , 0
-1.7578 , -1.87622 , 0
-1.7479 , -1.87786 , 0
-1.73798 , -1.87948 , 0
-1.72802 , -1.88106 , 0
-1.71804 , -1.8826 , 0
-1.70802 , -1.88412 , 0
-1.69798 , -1.8856 , 0
-1.6879 , -1.88705 , 0
-1.67779 , -1.88846 , 0
-1.66766 , -1.88983 , 0
-1.65749 , -1.89118 , 0
-1.64729 , -1.89249 , 0
-1.63706 , -1.89376 , 0
-1.6268 , -1.89499 , 0
-1.6165 , -1.8962 , 0
-1.60618 , -1.89736 , 0
-1.59583 , -1.89849 , 0
-1.58544 , -1.89958 , 0
-1.57503 , -1.90064 , 0
-1.56458 , -1.90165 , 0
-1.55411 , -1.90263 , 0
-1.5436 , -1.90358 , 0
-1.53306 , -1.90448 , 0
-1.52249 , -1.90535 , 0
-1.51189 , -1.90617 , 0
-1.50126 , -1.90696 , 0
-1.4906 , -1.90771 , 0
-1.47991 , -1.90842 , 0
-1.46918 , -1.90909 , 0
-1.45843 , -1.90972 , 0
-1.44764 , -1.9103 , 0
-1.43682 , -1.91085 , 0
-1.42598 , -1.91136 , 0
-1.4151 , -1.91182 , 0
-1.40419 , -1.91225 , 0
-1.39325 , -1.91263 , 0
-1.38227 , -1.91296 , 0
-1.37127 , -1.91326 , 0
-1.36024 , -1.91351 , 0
-1.34917 , -1.91372 , 0
-1.33808 , -1.91388 , 0
-1.32695 , -1.914 , 0
-1.31579 , -1.91408 , 0
-1.3046 , -1.91411 , 0
-1.29338 , -1.9141 , 0
-1.28213 , -1.91404 , 0
-1.27085 , -1.91393 , 0
-1.25954 , -1.91378 , 0
-1.2482 , -1.91358 , 0
-1.23682 , -1.91333 , 0
-1.22542 , -1.91303 , 0
-1.21398 , -1.91269 , 0
-1.20252 , -1.9123 , 0
-1.19102 , -1.91186 , 0
-1.17949 , -1.91137 , 0
-1.16793 , -1.91083 , 0
-1.15634 , -1.91024 , 0
-1.14472 , -1.9096 , 0
-1.13307 , -1.90891 , 0
-1.12139 , -1.90817 , 0
-1.10968 , -1.90737 , 0
-1.09794 , -1.90652 , 0
-1.08617 , -1.90563 , 0
-1.07437 , -1.90467 , 0
-1.06253 , -1.90367 , 0
-1.05067 , -1.90261 , 0
-1.03878 , -1.90149 , 0
-1.02685 , -1.90032 , 0
-1.0149 , -1.89909 , 0
-1.00292 , -1.89781 , 0
-0.990906 , -1.89647 , 0
-0.978863 , -1.89508 , 0
-0.966791 , -1.89363 , 0
-0.954689 , -1.89212 , 0
-0.942557 , -1.89055 , 0
-0.930396 , -1.88892 , 0
-0.918206 , -1.88723 , 0
-0.905986 , -1.88548 , 0
-0.893737 , -1.88367 , 0
-0.881459 , -1.8818 , 0
-0.869152 , -1.87987 , 0
-0.856817 , -1.87787 , 0
-0.844452 , -1.87582 , 0
-0.83206 , -1.8737 , 0
-0.819638 , -1.87151 , 0
-0.807188 , -1.86926 , 0
-0.794711 , -1.86695 , 0
-0.782205 , -1.86457 , 0
-0.769671 , -1.86212 , 0
-0.757109 , -1.8596 , 0
-0.74452 , -1.85702 , 0
-0.731904 , -1.85437 , 0
-0.71926 , -1.85165 , 0
-0.706589 , -1.84886 , 0
-0.693892 , -1.846 , 0
-0.681168 , -1.84307 , 0
-0.668417 , -1.84007 , 0
-0.65564 , -1.837 , 0
-0.642837 , -1.83385 , 0
-0.630008 , -1.83063 , 0
-0.617154 , -1.82734 , 0
-0.604274 , -1.82397 , 0
-0.59137 , -1.82052 , 0
-0.57844 , -1.817 , 0
-0.565486 , -1.8134 , 0
-0.552507 , -1.80972 , 0
-0.539505 , -1.80597 , 0
-0.526479 , -1.80213 , 0
-0.513429 , -1.79822 , 0
-0.500356 , -1.79422 , 0
-0.487261 , -1.79014 , 0
-0.474143 , -1.78598 , 0
-0.461002 , -1.78174 , 0
-0.44784 , -1.77741 , 0
