x , y , z
1 , 0 , 0
0.99635 , 0.0604152 , 0
0.989043 , 0.120609 , 0
0.978087 , 0.180357 , 0
0.963502 , 0.239437 , 0
0.945323 , 0.297623 , 0
0.9236 , 0.354693 , 0
0.898396 , 0.410427 , 0
0.869788 , 0.464605 , 0
0.83787 , 0.517016 , 0
0.802747 , 0.567448 , 0
0.76454 , 0.615701 , 0
0.723383 , 0.661578 , 0
0.679423 , 0.704892 , 0
0.632821 , 0.745463 , 0
0.583747 , 0.783125 , 0
0.532388 , 0.817719 , 0
0.478937 , 0.849101 , 0
0.423599 , 0.877137 , 0
0.366588 , 0.901709 , 0
0.308126 , 0.922713 , 0
0.248442 , 0.940058 , 0
0.187772 , 0.95367 , 0
0.126356 , 0.963492 , 0
0.0644366 , 0.969481 , 0
0.00226122 , 0.971613 , 0
-0.0599232 , 0.969878 , 0
-0.121869 , 0.964285 , 0
-0.183331 , 0.954859 , 0
-0.244064 , 0.941641 , 0
-0.30383 , 0.924689 , 0
-0.362393 , 0.904077 , 0
-0.419525 , 0.879893 , 0
-0.475003 , 0.852243 , 0
-0.528615 , 0.821243 , 0
-0.580156 , 0.787026 , 0
-0.629431 , 0.749735 , 0
-0.676257 , 0.709527 , 0
-0.720462 , 0.666569 , 0
-0.761886 , 0.621038 , 0
-0.800382 , 0.57312 , 0
-0.835815 , 0.52301 , 0
-0.868066 , 0.470908 , 0
-0.897027 , 0.417021 , 0
-0.922605 , 0.361561 , 0
-0.944723 , 0.304746 , 0
-0.963315 , 0.246793 , 0
-0.978332 , 0.187924 , 0
-0.989737 , 0.128362 , 0
-0.997508 , 0.0683279 , 0
-1.00164 , 0.00804453 , 0
-1.00213 , -0.0522681 , 0
-0.998998 , -0.112392 , 0
-0.99228 , -0.172112 , 0
-0.982017 , -0.231217 , 0
-0.968262 , -0.2895 , 0
-0.951084 , -0.346759 , 0
-0.930559 , -0.402799 , 0
-0.906777 , -0.457428 , 0
-0.879835 , -0.510463 , 0
-0.849842 , -0.561729 , 0
-0.816915 , -0.611054 , 0
-0.781179 , -0.658279 , 0
-0.742769 , -0.703251 , 0
-0.701825 , -0.745823 , 0
-0.658497 , -0.785862 , 0
-0.612938 , -0.823238 , 0
-0.56531 , -0.857836 , 0
-0.51578 , -0.889546 , 0
-0.464518 , -0.91827 , 0
-0.411699 , -0.943918 , 0
-0.357505 , -0.966411 , 0
-0.302119 , -0.98568 , 0
-0.245725 , -1.00167 , 0
-0.188515 , -1.01432 , 0
-0.130677 , -1.0236 , 0
-0.072406 , -1.02948 , 0
-0.0138942 , -1.03195 , 0
0.0446638 , -1.03098 , 0
0.103073 , -1.02659 , 0
0.16114 , -1.01879 , 0
0.218672 , -1.00761 , 0
0.275475 , -0.993063 , 0
0.331359 , -0.975208 , 0
0.386136 , -0.954095 , 0
0.439621 , -0.929788 , 0
0.491631 , -0.902362 , 0
0.541987 , -0.871901 , 0
0.590515 , -0.838498 , 0
0.637044 , -0.802258 , 0
0.681411 , -0.763295 , 0
0.723456 , -0.72173 , 0
0.763027 , -0.677697 , 0
0.799977 , -0.631337 , 0
0.834169 , -0.5828 , 0
0.865471 , -0.532243 , 0
0.893761 , -0.479835 , 0
0.918926 , -0.425749 , 0
0.940862 , -0.370166 , 0
0.959476 , -0.313277 , 0
0.974683 , -0.255275 , 0
0.986413 , -0.196363 , 0
0.994603 , -0.136746 , 0
0.999206 , -0.0766357 , 0
1.00019 , -0.0162476 , 0
0.997518 , 0.0441997 , 0
0.991193 , 0.104485 , 0
0.981213 , 0.164385 , 0
0.967597 , 0.223676 , 0
0.950375 , 0.282133 , 0
0.929593 , 0.339534 , 0
0.90531 , 0.395655 , 0
0.877601 , 0.45028 , 0
0.846554 , 0.503192 , 0
0.812272 , 0.554181 , 0
0.774872 , 0.603042 , 0
0.734484 , 0.649578 , 0
0.691252 , 0.693599 , 0
0.645333 , 0.734924 , 0
0.596896 , 0.773382 , 0
0.546123 , 0.808812 , 0
0.493205 , 0.841066 , 0
0.438345 , 0.870008 , 0
0.381754 , 0.895515 , 0
0.323654 , 0.91748 , 0
0.26427 , 0.935808 , 0
0.203837 , 0.950421 , 0
0.142594 , 0.961257 , 0
0.0807842 , 0.968269 , 0
0.0186527 , 0.971429 , 0
-0.043553 , 0.970723 , 0
-0.105585 , 0.966155 , 0
-0.167198 , 0.957746 , 0
-0.228147 , 0.945533 , 0
-0.28819 , 0.92957 , 0
-0.347093 , 0.909926 , 0
-0.404624 , 0.886686 , 0
-0.460559 , 0.85995 , 0
-0.514684 , 0.829834 , 0
-0.566792 , 0.796464 , 0
-0.616684 , 0.759983 , 0
-0.664176 , 0.720542 , 0
-0.709092 , 0.678307 , 0
-0.751268 , 0.633451 , 0
-0.790555 , 0.586159 , 0
-0.826815 , 0.536623 , 0
-0.859923 , 0.485041 , 0
-0.88977 , 0.43162 , 0
-0.916259 , 0.376569 , 0
-0.939308 , 0.320105 , 0
-0.958848 , 0.262445 , 0
-0.974826 , 0.203811 , 0
-0.987202 , 0.144423 , 0
-0.99595 , 0.0845039 , 0
-1.00106 , 0.0242763 , 0
-1.00253 , -0.0360395 , 0
-1.00037 , -0.096225 , 0
-0.994615 , -0.156065 , 0
-0.985304 , -0.215346 , 0
-0.972488 , -0.273861 , 0
-0.956229 , -0.331407 , 0
-0.936603 , -0.387786 , 0
-0.913696 , -0.442806 , 0
-0.887602 , -0.496282 , 0
-0.858427 , -0.548035 , 0
-0.826287 , -0.597895 , 0
-0.791304 , -0.645698 , 0
-0.753609 , -0.691289 , 0
-0.713343 , -0.73452 , 0
-0.670651 , -0.775254 , 0
-0.625687 , -0.813361 , 0
-0.578609 , -0.848721 , 0
-0.529583 , -0.881222 , 0
-0.478778 , -0.910763 , 0
-0.426368 , -0.937253 , 0
-0.372534 , -0.960609 , 0
-0.317455 , -0.98076 , 0
-0.26132 , -0.997643 , 0
-0.204314 , -1.01121 , 0
-0.14663 , -1.02141 , 0
-0.0884579 , -1.02821 , 0
-0.0299925 , -1.03161 , 0
0.0285726 , -1.03158 , 0
0.0870427 , -1.02812 , 0
0.145224 , -1.02124 , 0
0.202922 , -1.01097 , 0
0.259944 , -0.997338 , 0
0.3161 , -0.980377 , 0
0.3712 , -0.960142 , 0
0.425058 , -0.936694 , 0
0.477491 , -0.910105 , 0
0.528318 , -0.880456 , 0
0.577364 , -0.847838 , 0
0.624457 , -0.812353 , 0
0.669432 , -0.774112 , 0
0.712127 , -0.733235 , 0
0.752388 , -0.689851 , 0
0.790067 , -0.6441 , 0
0.825023 , -0.59613 , 0
0.857124 , -0.546096 , 0
0.886244 , -0.494164 , 0
0.912269 , -0.440505 , 0
0.93509 , -0.385299 , 0
0.954613 , -0.328734 , 0
0.970749 , -0.271003 , 0
0.983425 , -0.212306 , 0
0.992576 , -0.152848 , 0
0.99815 , -0.0928397 , 0
1.00011 , -0.0324946 , 0
0.998422 , 0.0279689 , 0
0.993079 , 0.08833 , 0
0.984078 , 0.148366 , 0
0.971433 , 0.207852 , 0
0.955172 , 0.266565 , 0
0.935335 , 0.324279 , 0
0.91198 , 0.380774 , 0
0.885176 , 0.435829 , 0
0.855009 , 0.489228 , 0
0.821576 , 0.540758 , 0
0.784992 , 0.590215 , 0
0.745383 , 0.637397 , 0
0.702891 , 0.682113 , 0
0.657668 , 0.724179 , 0
0.609881 , 0.763422 , 0
0.559707 , 0.799678 , 0
0.507337 , 0.832796 , 0
0.45297 , 0.862635 , 0
0.396816 , 0.88907 , 0
0.339092 , 0.911989 , 0
0.280024 , 0.931295 , 0
0.219846 , 0.946904 , 0
0.158793 , 0.958751 , 0
0.0971092 , 0.966785 , 0
0.0350389 , 0.970972 , 0
-0.0271709 , 0.971295 , 0
-0.0892725 , 0.967754 , 0
-0.151019 , 0.960365 , 0
-0.212166 , 0.94916 , 0
-0.272471 , 0.93419 , 0
-0.331697 , 0.91552 , 0
-0.389611 , 0.89323 , 0
-0.445989 , 0.867418 , 0
-0.500612 , 0.838193 , 0
-0.553272 , 0.805681 , 0
-0.603769 , 0.770019 , 0
-0.651914 , 0.731356 , 0
-0.697528 , 0.689856 , 0
-0.740446 , 0.645688 , 0
-0.780514 , 0.599036 , 0
-0.817591 , 0.550087 , 0
-0.851549 , 0.49904 , 0
-0.882274 , 0.446099 , 0
-0.909667 , 0.391473 , 0
-0.933641 , 0.335375 , 0
-0.954125 , 0.278024 , 0
-0.971061 , 0.219639 , 0
-0.984405 , 0.160442 , 0
-0.994128 , 0.100654 , 0
-1.00021 , 0.0404982 , 0
-1.00266 , -0.0198051 , 0
-1.00148 , -0.0800367 , 0
-0.996691 , -0.13998 , 0
-0.988336 , -0.199423 , 0
-0.976461 , -0.258155 , 0
-0.961127 , -0.315973 , 0
-0.942406 , -0.372677 , 0
-0.92038 , -0.428074 , 0
-0.895141 , -0.481977 , 0
-0.866794 , -0.534206 , 0
-0.835449 , -0.584588 , 0
-0.801227 , -0.632957 , 0
-0.764259 , -0.679156 , 0
-0.724681 , -0.723035 , 0
-0.682637 , -0.764455 , 0
-0.638278 , -0.803282 , 0
-0.591762 , -0.839395 , 0
-0.543253 , -0.87268 , 0
-0.492918 , -0.903032 , 0
-0.44093 , -0.930357 , 0
-0.387468 , -0.95457 , 0
-0.332713 , -0.975597 , 0
-0.276849 , -0.993373 , 0
-0.220063 , -1.00784 , 0
-0.162545 , -1.01896 , 0
-0.104488 , -1.02669 , 0
-0.0460834 , -1.03102 , 0
0.0124741 , -1.03192 , 0
0.0709902 , -1.02939 , 0
0.12927 , -1.02344 , 0
0.187121 , -1.01409 , 0
0.244348 , -1.00137 , 0
0.300761 , -0.985304 , 0
0.356171 , -0.965951 , 0
0.410388 , -0.943368 , 0
0.46323 , -0.917622 , 0
0.514515 , -0.888792 , 0
0.564067 , -0.856967 , 0
0.611712 , -0.822246 , 0
0.657282 , -0.784736 , 0
0.700616 , -0.744556 , 0
0.741557 , -0.701833 , 0
0.779954 , -0.656703 , 0
0.815666 , -0.609311 , 0
0.848557 , -0.559813 , 0
0.8785 , -0.508369 , 0
0.905376 , -0.455151 , 0
0.929077 , -0.400336 , 0
0.949502 , -0.34411 , 0
0.966563 , -0.286665 , 0
0.98018 , -0.228198 , 0
0.990289 , -0.168915 , 0
0.996831 , -0.109023 , 0
0.999766 , -0.0487366 , 0
0.999062 , 0.0117271 , 0
0.994701 , 0.0721479 , 0
0.986681 , 0.132303 , 0
0.97501 , 0.191969 , 0
0.959713 , 0.250921 , 0
0.940827 , 0.308934 , 0
0.918405 , 0.365787 , 0
0.892512 , 0.421257 , 0
0.863231 , 0.475128 , 0
0.830657 , 0.527186 , 0
0.794899 , 0.577223 , 0
0.75608 , 0.625039 , 0
0.714338 , 0.670437 , 0
0.669823 , 0.713233 , 0
0.622698 , 0.75325 , 0
0.573138 , 0.790321 , 0
0.52133 , 0.824292 , 0
0.46747 , 0.85502 , 0
0.411767 , 0.882376 , 0
0.354436 , 0.906243 , 0
0.295701 , 0.92652 , 0
0.235793 , 0.943122 , 0
0.174948 , 0.955976 , 0
0.113407 , 0.965029 , 0
0.0514152 , 0.970242 , 0
-0.0107814 , 0.971594 , 0
-0.072935 , 0.969081 , 0
-0.134799 , 0.962714 , 0
-0.196127 , 0.952521 , 0
-0.256676 , 0.938549 , 0
-0.316209 , 0.920857 , 0
-0.374491 , 0.899525 , 0
-0.431296 , 0.874642 , 0
-0.486403 , 0.846318 , 0
-0.539601 , 0.814673 , 0
-0.590689 , 0.77984 , 0
-0.639474 , 0.741968 , 0
-0.685775 , 0.701213 , 0
-0.729423 , 0.657746 , 0
-0.770261 , 0.611746 , 0
-0.808146 , 0.563399 , 0
-0.842945 , 0.512901 , 0
-0.874541 , 0.460455 , 0
-0.902831 , 0.406268 , 0
-0.927726 , 0.350552 , 0
-0.949148 , 0.293525 , 0
-0.967038 , 0.235406 , 0
-0.981348 , 0.176415 , 0
-0.992045 , 0.116774 , 0
-0.999108 , 0.0567057 , 0
-1.00253 , -0.00356915 , 0
-1.00233 , -0.0638311 , 0
-0.998507 , -0.123863 , 0
-0.991111 , -0.183451 , 0
-0.980182 , -0.242385 , 0
-0.965777 , -0.30046 , 0
-0.947966 , -0.357475 , 0
-0.926827 , -0.413235 , 0
-0.902452 , -0.467552 , 0
-0.874938 , -0.520243 , 0
-0.844398 , -0.571134 , 0
-0.810947 , -0.620058 , 0
-0.774715 , -0.666853 , 0
-0.735835 , -0.71137 , 0
-0.694449 , -0.753465 , 0
-0.650708 , -0.793004 , 0
-0.604766 , -0.829861 , 0
-0.556786 , -0.863921 , 0
-0.506934 , -0.895077 , 0
-0.455382 , -0.923231 , 0
-0.402306 , -0.948296 , 0
-0.347887 , -0.970194 , 0
-0.292308 , -0.988858 , 0
-0.235757 , -1.00423 , 0
-0.178421 , -1.01626 , 0
-0.120492 , -1.02492 , 0
-0.062163 , -1.03017 , 0
-0.00362766 , -1.032 , 0
0.0549197 , -1.03041 , 0
0.113285 , -1.02539 , 0
0.171273 , -1.01696 , 0
0.228691 , -1.00515 , 0
0.285348 , -0.989987 , 0
0.341052 , -0.971522 , 0
0.395615 , -0.949808 , 0
0.448853 , -0.924912 , 0
0.500583 , -0.896908 , 0
0.550627 , -0.865884 , 0
0.598811 , -0.831934 , 0
0.644966 , -0.795165 , 0
0.688927 , -0.755692 , 0
0.730537 , -0.713639 , 0
0.769643 , -0.669141 , 0
0.8061 , -0.622341 , 0
0.839773 , -0.573389 , 0
0.870529 , -0.522447 , 0
0.89825 , -0.469683 , 0
0.922822 , -0.415273 , 0
0.944145 , -0.3594 , 0
0.962124 , -0.302255 , 0
0.97668 , -0.244034 , 0
0.987742 , -0.18494 , 0
0.995251 , -0.125181 , 0
0.999161 , -0.0649694 , 0
0.999438 , -0.00452143 , 0
0.99606 , 0.0559431 , 0
0.989022 , 0.116202 , 0
0.978327 , 0.176031 , 0
0.963997 , 0.235207 , 0
0.946066 , 0.293503 , 0
0.924582 , 0.350697 , 0
0.899608 , 0.406568 , 0
0.871221 , 0.460896 , 0
0.839512 , 0.513467 , 0
0.804589 , 0.564072 , 0
0.76657 , 0.612506 , 0
0.725589 , 0.658574 , 0
0.681794 , 0.702087 , 0
0.635344 , 0.742867 , 0
0.58641 , 0.780743 , 0
0.535178 , 0.815558 , 0
0.481842 , 0.847166 , 0
0.426605 , 0.875434 , 0
0.369683 , 0.900243 , 0
0.311296 , 0.921486 , 0
0.251675 , 0.939074 , 0
0.191054 , 0.952932 , 0
0.129673 , 0.963002 , 0
0.0677771 , 0.96924 , 0
0.00561095 , 0.971621 , 0
-0.0565775 , 0.970136 , 0
-0.118541 , 0.964792 , 0
-0.180033 , 0.955615 , 0
-0.240811 , 0.942644 , 0
-0.300634 , 0.925937 , 0
-0.359268 , 0.905567 , 0
-0.416484 , 0.881623 , 0
-0.47206 , 0.854207 , 0
-0.525782 , 0.823437 , 0
-0.577447 , 0.789444 , 0
-0.626859 , 0.752372 , 0
-0.673834 , 0.712376 , 0
-0.718202 , 0.669622 , 0
-0.7598 , 0.624286 , 0
-0.798482 , 0.576554 , 0
-0.834113 , 0.52662 , 0
-0.866573 , 0.474683 , 0
-0.895754 , 0.42095 , 0
-0.921562 , 0.365632 , 0
-0.943919 , 0.308944 , 0
-0.962759 , 0.251106 , 0
-0.978031 , 0.192337 , 0
-0.989699 , 0.132859 , 0
-0.997739 , 0.0728947 , 0
-1.00214 , 0.0126641 , 0
-1.00291 , -0.0476123 , 0
-1.00006 , -0.107717 , 0
-0.993628 , -0.167435 , 0
-0.983648 , -0.226556 , 0
-0.970178 , -0.284874 , 0
-0.953282 , -0.342185 , 0
-0.933037 , -0.398294 , 0
-0.909531 , -0.453011 , 0
-0.88286 , -0.506151 , 0
-0.853131 , -0.557539 , 0
-0.820461 , -0.607004 , 0
-0.784974 , -0.654385 , 0
-0.746802 , -0.699529 , 0
-0.706087 , -0.742289 , 0
-0.662974 , -0.782529 , 0
-0.617618 , -0.820122 , 0
-0.57018 , -0.854949 , 0
-0.520823 , -0.8869 , 0
-0.469719 , -0.915876 , 0
-0.417043 , -0.941787 , 0
-0.362975 , -0.964551 , 0
-0.307695 , -0.9841 , 0
-0.251391 , -1.00037 , 0
-0.194251 , -1.01332 , 0
-0.136466 , -1.02289 , 0
-0.0782272 , -1.02907 , 0
-0.0197287 , -1.03183 , 0
0.0388353 , -1.03117 , 0
0.0972703 , -1.02708 , 0
0.155382 , -1.01958 , 0
0.212977 , -1.00868 , 0
0.269862 , -0.994426 , 0
0.325847 , -0.976852 , 0
0.380742 , -0.956013 , 0
0.434363 , -0.931972 , 0
0.486525 , -0.904802 , 0
0.537049 , -0.874585 , 0
0.585759 , -0.841416 , 0
0.632486 , -0.805397 , 0
0.677063 , -0.76664 , 0
0.71933 , -0.725268 , 0
0.759135 , -0.681413 , 0
0.796329 , -0.635214 , 0
0.830773 , -0.586822 , 0
0.862335 , -0.536395 , 0
0.890892 , -0.484098 , 0
0.91633 , -0.430106 , 0
0.938543 , -0.374601 , 0
0.957436 , -0.31777 , 0
0.972925 , -0.25981 , 0
0.984937 , -0.200921 , 0
0.993409 , -0.14131 , 0
0.998293 , -0.0811887 , 0
0.999549 , -0.0207724 , 0
0.997155 , 0.0397198 , 0
0.991099 , 0.100066 , 0
0.981383 , 0.160043 , 0
0.968024 , 0.219426 , 0
0.951051 , 0.277989 , 0
0.930511 , 0.33551 , 0
0.90646 , 0.391765 , 0
0.878974 , 0.446536 , 0
0.84814 , 0.499605 , 0
0.81406 , 0.550763 , 0
0.776851 , 0.599803 , 0
0.736642 , 0.646528 , 0
0.693578 , 0.690746 , 0
0.647815 , 0.732276 , 0
0.599522 , 0.770947 , 0
0.548879 , 0.806596 , 0
0.496079 , 0.839075 , 0
0.441325 , 0.868247 , 0
0.384826 , 0.89399 , 0
0.326805 , 0.916193 , 0
0.267487 , 0.934763 , 0
0.207107 , 0.949621 , 0
0.145904 , 0.960704 , 0
0.0841199 , 0.967965 , 0
0.0220015 , 0.971374 , 0
-0.0402045 , 0.970918 , 0
-0.102251 , 0.9666 , 0
-0.16389 , 0.95844 , 0
-0.224879 , 0.946475 , 0
-0.284976 , 0.930757 , 0
-0.343946 , 0.911356 , 0
-0.401558 , 0.888356 , 0
-0.457587 , 0.861857 , 0
-0.511819 , 0.831972 , 0
-0.564047 , 0.798829 , 0
-0.614073 , 0.762567 , 0
-0.66171 , 0.72334 , 0
-0.706785 , 0.681311 , 0
-0.749133 , 0.636654 , 0
-0.788603 , 0.58955 , 0
-0.825057 , 0.540193 , 0
-0.858372 , 0.48878 , 0
-0.888436 , 0.435515 , 0
-0.915152 , 0.38061 , 0
-0.938437 , 0.324278 , 0
-0.958223 , 0.266736 , 0
-0.974455 , 0.208205 , 0
-0.987092 , 0.148906 , 0
-0.996107 , 0.0890608 , 0
-1.00149 , 0.0288905 , 0
-1.00323 , -0.0313847 , 0
-1.00136 , -0.0915466 , 0
-0.995886 , -0.15138 , 0
-0.98686 , -0.210673 , 0
-0.974327 , -0.269217 , 0
-0.958352 , -0.32681 , 0
-0.939007 , -0.383254 , 0
-0.916376 , -0.438357 , 0
-0.890555 , -0.491933 , 0
-0.861647 , -0.543805 , 0
-0.829766 , -0.5938 , 0
-0.795034 , -0.641755 , 0
-0.757581 , -0.687513 , 0
-0.717545 , -0.730928 , 0
-0.675073 , -0.771861 , 0
-0.630315 , -0.81018 , 0
-0.58343 , -0.845765 , 0
-0.534581 , -0.878505 , 0
-0.483939 , -0.908296 , 0
-0.431676 , -0.935045 , 0
-0.377971 , -0.958671 , 0
-0.323005 , -0.979098 , 0
-0.266964 , -0.996265 , 0
-0.210034 , -1.01012 , 0
-0.152406 , -1.02061 , 0
-0.0942721 , -1.02772 , 0
-0.035825 , -1.03141 , 0
0.022741 , -1.03168 , 0
0.0812315 , -1.02852 , 0
0.139452 , -1.02194 , 0
0.197209 , -1.01197 , 0
0.254308 , -0.998619 , 0
0.31056 , -0.981941 , 0
0.365774 , -0.961982 , 0
0.419763 , -0.938802 , 0
0.472343 , -0.912471 , 0
0.523334 , -0.88307 , 0
0.572559 , -0.850689 , 0
0.619846 , -0.815428 , 0
0.665027 , -0.777397 , 0
0.707941 , -0.736716 , 0
0.748433 , -0.693514 , 0
0.786353 , -0.647929 , 0
0.82156 , -0.600109 , 0
0.853919 , -0.550208 , 0
0.883305 , -0.498392 , 0
0.9096 , -0.444832 , 0
0.932697 , -0.389708 , 0
0.952498 , -0.333207 , 0
0.968916 , -0.275522 , 0
0.981874 , -0.216853 , 0
0.991307 , -0.157406 , 0
0.997162 , -0.0973903 , 0
0.999397 , -0.0370215 , 0
0.997986 , 0.0234824 , 0
0.992914 , 0.0839002 , 0
0.984178 , 0.144008 , 0
0.971792 , 0.203583 , 0
0.955782 , 0.262398 , 0
0.936189 , 0.320229 , 0
0.913068 , 0.376854 , 0
0.88649 , 0.432051 , 0
0.856537 , 0.485604 , 0
0.82331 , 0.537301 , 0
0.78692 , 0.586933 , 0
0.747494 , 0.634301 , 0
0.705173 , 0.679212 , 0
0.660109 , 0.721481 , 0
0.612468 , 0.760935 , 0
0.562429 , 0.797408 , 0
0.51018 , 0.830749 , 0
0.455922 , 0.860817 , 0
0.399864 , 0.887486 , 0
0.342222 , 0.910643 , 0
0.283225 , 0.930189 , 0
0.223102 , 0.946043 , 0
0.162093 , 0.958136 , 0
0.100439 , 0.966418 , 0
0.0383858 , 0.970855 , 0
-0.0238205 , 0.971428 , 0
-0.085932 , 0.968136 , 0
-0.147702 , 0.960996 , 0
-0.208885 , 0.95004 , 0
-0.26924 , 0.935317 , 0
-0.328529 , 0.91689 , 0
-0.386521 , 0.894842 , 0
-0.442989 , 0.869266 , 0
-0.497716 , 0.840275 , 0
-0.550492 , 0.80799 , 0
-0.601119 , 0.77255 , 0
-0.649406 , 0.734104 , 0
-0.695176 , 0.692812 , 0
-0.738262 , 0.648844 , 0
-0.77851 , 0.602383 , 0
-0.815778 , 0.553616 , 0
-0.849939 , 0.502741 , 0
-0.880879 , 0.44996 , 0
-0.908497 , 0.395482 , 0
-0.932705 , 0.33952 , 0
-0.953433 , 0.282291 , 0
-0.97062 , 0.224014 , 0
-0.984224 , 0.16491 , 0
-0.994213 , 0.1052 , 0
-1.00057 , 0.0451056 , 0
-1.00329 , -0.0151525 , 0
-1.00239 , -0.0753559 , 0
-0.997886 , -0.135288 , 0
-0.989815 , -0.194737 , 0
-0.978225 , -0.253494 , 0
-0.963174 , -0.311354 , 0
-0.944735 , -0.368118 , 0
-0.922987 , -0.423594 , 0
-0.898022 , -0.477593 , 0
-0.869943 , -0.529935 , 0
-0.838859 , -0.580448 , 0
-0.804891 , -0.628964 , 0
-0.768167 , -0.675327 , 0
-0.728822 , -0.719386 , 0
-0.687001 , -0.761 , 0
-0.642852 , -0.800037 , 0
-0.596533 , -0.836372 , 0
-0.548206 , -0.869892 , 0
-0.498037 , -0.90049 , 0
-0.446201 , -0.928073 , 0
-0.392873 , -0.952553 , 0
-0.338235 , -0.973855 , 0
-0.282469 , -0.991913 , 0
-0.225764 , -1.00667 , 0
-0.168308 , -1.01808 , 0
-0.110294 , -1.02611 , 0
-0.0519126 , -1.03073 , 0
0.00664074 , -1.03193 , 0
0.0651721 , -1.02971 , 0
0.123487 , -1.02406 , 0
0.181391 , -1.015 , 0
0.238691 , -1.00257 , 0
0.295195 , -0.986787 , 0
0.350713 , -0.967713 , 0
0.405057 , -0.945399 , 0
0.458043 , -0.919914 , 0
0.509487 , -0.891335 , 0
0.559214 , -0.85975 , 0
0.607048 , -0.825256 , 0
0.652822 , -0.78796 , 0
0.696372 , -0.74798 , 0
0.73754 , -0.705442 , 0
0.776176 , -0.660482 , 0
0.812136 , -0.613245 , 0
0.845283 , -0.563884 , 0
0.875489 , -0.512561 , 0
0.902635 , -0.459446 , 0
0.92661 , -0.404718 , 0
0.947313 , -0.34856 , 0
0.964655 , -0.291165 , 0
0.978554 , -0.232732 , 0
0.988944 , -0.173464 , 0
0.995768 , -0.11357 , 0
0.998982 , -0.0532645 , 0
0.998553 , 0.00723523 , 0
0.994464 , 0.0677084 , 0
0.98671 , 0.127932 , 0
0.9753 , 0.187682 , 0
0.960256 , 0.246732 , 0
0.941615 , 0.304858 , 0
0.91943 , 0.361837 , 0
0.893766 , 0.417446 , 0
0.864703 , 0.471468 , 0
0.832336 , 0.523689 , 0
0.796775 , 0.5739 , 0
0.758142 , 0.621898 , 0
0.716574 , 0.667489 , 0
0.672221 , 0.710485 , 0
0.625246 , 0.75071 , 0
0.575824 , 0.787997 , 0
0.524141 , 0.82219 , 0
0.470394 , 0.853146 , 0
0.41479 , 0.880733 , 0
0.357545 , 0.904837 , 0
0.298884 , 0.925355 , 0
0.239036 , 0.942199 , 0
0.178237 , 0.955299 , 0
0.116731 , 0.9646 , 0
0.0547591 , 0.970062 , 0
-0.0074302 , 0.971664 , 0
-0.06959 , 0.969401 , 0
-0.131473 , 0.963283 , 0
-0.192834 , 0.953339 , 0
-0.25343 , 0.939614 , 0
-0.313022 , 0.922167 , 0
-0.371378 , 0.901076 , 0
-0.428269 , 0.876433 , 0
-0.483475 , 0.848343 , 0
-0.536787 , 0.816927 , 0
-0.588001 , 0.782318 , 0
-0.636925 , 0.744663 , 0
-0.683378 , 0.70412 , 0
-0.727191 , 0.660855 , 0
-0.768206 , 0.615049 , 0
-0.806279 , 0.566887 , 0
-0.841278 , 0.516563 , 0
-0.873086 , 0.464281 , 0
-0.901598 , 0.410245 , 0
-0.926725 , 0.354669 , 0
-0.948389 , 0.297768 , 0
-0.966528 , 0.23976 , 0
-0.981095 , 0.180866 , 0
-0.992056 , 0.121307 , 0
-0.99939 , 0.0613052 , 0
-1.00309 , 0.00108004 , 0
-1.00316 , -0.059149 , 0
-0.999626 , -0.119165 , 0
-0.992513 , -0.178755 , 0
-0.981869 , -0.237709 , 0
-0.967749 , -0.295822 , 0
-0.95022 , -0.352892 , 0
-0.929361 , -0.408726 , 0
-0.90526 , -0.463134 , 0
-0.878017 , -0.515934 , 0
-0.847739 , -0.566951 , 0
-0.814545 , -0.616018 , 0
-0.778559 , -0.662973 , 0
-0.739915 , -0.707666 , 0
-0.698756 , -0.749951 , 0
-0.655228 , -0.789695 , 0
-0.609486 , -0.826772 , 0
-0.561692 , -0.861063 , 0
-0.512011 , -0.892463 , 0
-0.460614 , -0.920871 , 0
-0.407677 , -0.946201 , 0
-0.35338 , -0.968372 , 0
-0.297904 , -0.987317 , 0
-0.241438 , -1.00298 , 0
-0.184169 , -1.0153 , 0
-0.126288 , -1.02425 , 0
-0.0679875 , -1.0298 , 0
-0.0094614 , -1.03193 , 0
0.0490961 , -1.03064 , 0
0.10749 , -1.02592 , 0
0.165527 , -1.01779 , 0
0.223013 , -1.00626 , 0
0.279756 , -0.99139 , 0
0.335564 , -0.973204 , 0
0.39025 , -0.951763 , 0
0.443626 , -0.927129 , 0
0.495512 , -0.899379 , 0
0.545727 , -0.868597 , 0
0.594097 , -0.834878 , 0
0.640451 , -0.798327 , 0
0.684625 , -0.759058 , 0
0.726459 , -0.717195 , 0
0.765801 , -0.672871 , 0
0.802504 , -0.626228 , 0
0.83643 , -0.577419 , 0
0.867449 , -0.526602 , 0
0.895437 , -0.473946 , 0
0.920283 , -0.419626 , 0
0.941882 , -0.363827 , 0
0.960142 , -0.306737 , 0
0.974979 , -0.248554 , 0
0.986323 , -0.18948 , 0
0.994113 , -0.129723 , 0
0.998302 , -0.069497 , 0
0.998855 , -0.00901752 , 0
0.995751 , 0.051495 , 0
0.98898 , 0.111818 , 0
0.978547 , 0.171727 , 0
0.964472 , 0.230997 , 0
0.946789 , 0.289402 , 0
0.925544 , 0.346719 , 0
0.9008 , 0.402725 , 0
0.872634 , 0.457201 , 0
0.841136 , 0.509931 , 0
0.806412 , 0.560706 , 0
0.768582 , 0.609321 , 0
0.727779 , 0.655579 , 0
0.684149 , 0.699291 , 0
0.637852 , 0.740276 , 0
0.58906 , 0.778366 , 0
0.537956 , 0.813401 , 0
0.484735 , 0.845235 , 0
0.429602 , 0.873734 , 0
0.372769 , 0.898778 , 0
0.31446 , 0.92026 , 0
0.254902 , 0.938091 , 0
0.194332 , 0.952194 , 0
0.132989 , 0.96251 , 0
0.071117 , 0.968997 , 0
0.00896192 , 0.971628 , 0
-0.0532289 , 0.970393 , 0
-0.115208 , 0.965299 , 0
-0.176729 , 0.956371 , 0
-0.23755 , 0.943647 , 0
-0.297429 , 0.927186 , 0
-0.356132 , 0.907059 , 0
-0.413431 , 0.883354 , 0
-0.469103 , 0.856174 , 0
-0.522935 , 0.825635 , 0
-0.574722 , 0.791868 , 0
-0.624269 , 0.755016 , 0
-0.671394 , 0.715232 , 0
-0.715922 , 0.672683 , 0
-0.757694 , 0.627544 , 0
-0.796562 , 0.58 , 0
-0.832391 , 0.530243 , 0
-0.865059 , 0.478472 , 0
-0.894459 , 0.424894 , 0
-0.920496 , 0.369719 , 0
-0.943092 , 0.313161 , 0
-0.96218 , 0.255439 , 0
-0.977708 , 0.196771 , 0
-0.989638 , 0.13738 , 0
-0.997947 , 0.0774851 , 0
-1.00262 , 0.0173087 , 0
-1.00367 , -0.0429304 , 0
-1.0011 , -0.103015 , 0
-0.994954 , -0.162731 , 0
-0.985259 , -0.221866 , 0
-0.972073 , -0.280216 , 0
-0.95546 , -0.337578 , 0
-0.935496 , -0.393756 , 0
-0.912266 , -0.44856 , 0
-0.885867 , -0.501804 , 0
-0.856403 , -0.553314 , 0
-0.823991 , -0.602918 , 0
-0.788753 , -0.650454 , 0
-0.750821 , -0.695769 , 0
-0.710334 , -0.738716 , 0
-0.667438 , -0.779158 , 0
-0.622286 , -0.816967 , 0
-0.575037 , -0.852022 , 0
-0.525856 , -0.884214 , 0
-0.474912 , -0.913442 , 0
-0.422379 , -0.939614 , 0
-0.368436 , -0.96265 , 0
-0.313265 , -0.982477 , 0
-0.257052 , -0.999034 , 0
-0.199983 , -1.01227 , 0
-0.142251 , -1.02214 , 0
-0.0840456 , -1.02862 , 0
-0.0255615 , -1.03168 , 0
0.0330076 , -1.03132 , 0
0.091467 , -1.02753 , 0
0.149622 , -1.02032 , 0
0.20728 , -1.00972 , 0
0.264246 , -0.995747 , 0
0.32033 , -0.978455 , 0
0.375343 , -0.95789 , 0
0.429098 , -0.934115 , 0
0.481411 , -0.9072 , 0
0.532102 , -0.877229 , 0
0.580995 , -0.844294 , 0
0.627918 , -0.808495 , 0
0.672704 , -0.769946 , 0
0.715193 , -0.728768 , 0
0.75523 , -0.68509 , 0
0.792667 , -0.639055 , 0
0.827363 , -0.590809 , 0
0.859185 , -0.540511 , 0
0.888008 , -0.488327 , 0
0.913717 , -0.43443 , 0
0.936206 , -0.379002 , 0
0.955379 , -0.322232 , 0
0.971149 , -0.264314 , 0
0.983443 , -0.20545 , 0
0.992196 , -0.145846 , 0
0.99736 , -0.0857148 , 0
0.998894 , -0.0252715 , 0
0.996773 , 0.0352643 , 0
0.990986 , 0.0956704 , 0
0.981533 , 0.155723 , 0
0.968431 , 0.215196 , 0
0.951708 , 0.273864 , 0
0.931408 , 0.331504 , 0
0.907591 , 0.387891 , 0
0.880328 , 0.442806 , 0
0.849707 , 0.496032 , 0
0.81583 , 0.547357 , 0
0.778813 , 0.596575 , 0
0.738785 , 0.643486 , 0
0.695889 , 0.687901 , 0
0.650282 , 0.729635 , 0
0.602134 , 0.768517 , 0
0.551623 , 0.804384 , 0
0.498943 , 0.837088 , 0
0.444294 , 0.866489 , 0
0.387889 , 0.892466 , 0
0.329948 , 0.914907 , 0
0.270698 , 0.933719 , 0
0.210373 , 0.948821 , 0
0.149211 , 0.960151 , 0
0.087455 , 0.96766 , 0
0.0253513 , 0.971319 , 0
-0.0368533 , 0.971113 , 0
-0.0989113 , 0.967044 , 0
-0.160576 , 0.959134 , 0
-0.221604 , 0.947417 , 0
-0.281754 , 0.931945 , 0
-0.340789 , 0.912788 , 0
-0.398479 , 0.890029 , 0
-0.454601 , 0.863766 , 0
-0.508939 , 0.834114 , 0
-0.561286 , 0.801198 , 0
-0.611444 , 0.765158 , 0
-0.659227 , 0.726146 , 0
-0.704459 , 0.684324 , 0
-0.746977 , 0.639866 , 0
-0.78663 , 0.592953 , 0
-0.823279 , 0.543776 , 0
-0.856799 , 0.492532 , 0
-0.887079 , 0.439426 , 0
-0.914022 , 0.384667 , 0
-0.937544 , 0.328468 , 0
-0.957576 , 0.271046 , 0
-0.974061 , 0.21262 , 0
-0.986959 , 0.153412 , 0
-0.996242 , 0.093641 , 0
-1.00189 , 0.0335292 , 0
-1.00392 , -0.0267041 , 0
-1.00232 , -0.0868411 , 0
-0.997136 , -0.146667 , 0
-0.988394 , -0.20597 , 0
-0.976146 , -0.264542 , 0
-0.960455 , -0.322181 , 0
-0.941391 , -0.378689 , 0
-0.919038 , -0.433874 , 0
-0.89349 , -0.48755 , 0
-0.864849 , -0.539539 , 0
-0.833228 , -0.589668 , 0
-0.798748 , -0.637774 , 0
-0.761537 , -0.6837 , 0
-0.721733 , -0.727298 , 0
-0.67948 , -0.768428 , 0
-0.63493 , -0.806959 , 0
-0.588238 , -0.84277 , 0
-0.539569 , -0.875747 , 0
-0.489091 , -0.905787 , 0
-0.436975 , -0.932796 , 0
-0.383401 , -0.95669 , 0
-0.328548 , -0.977395 , 0
-0.272602 , -0.994846 , 0
-0.215748 , -1.00899 , 0
-0.158178 , -1.01978 , 0
-0.100083 , -1.02718 , 0
-0.0416554 , -1.03117 , 0
0.0169106 , -1.03174 , 0
0.0754204 , -1.02888 , 0
0.133679 , -1.0226 , 0
0.191494 , -1.01292 , 0
0.24867 , -0.999858 , 0
0.305016 , -0.983464 , 0
0.360343 , -0.963781 , 0
0.414462 , -0.940869 , 0
0.467189 , -0.914796 , 0
0.518343 , -0.885643 , 0
0.567746 , -0.853499 , 0
0.615225 , -0.818462 , 0
0.660612 , -0.780643 , 0
0.703745 , -0.740159 , 0
0.744466 , -0.697139 , 0
0.782626 , -0.651721 , 0
0.818083 , -0.604051 , 0
0.850699 , -0.554285 , 0
0.88035 , -0.502586 , 0
0.906915 , -0.449125 , 0
0.930288 , -0.394084 , 0
0.950367 , -0.337647 , 0
0.967065 , -0.280009 , 0
0.980305 , -0.22137 , 0
