x , y , z
1 , 0 , 0
0.998176 , 0.0604152 , 0
0.992692 , 0.120609 , 0
0.983569 , 0.18036 , 0
0.970839 , 0.23945 , 0
0.954549 , 0.297662 , 0
0.934759 , 0.354781 , 0
0.911539 , 0.410598 , 0
0.884975 , 0.464909 , 0
0.855162 , 0.517513 , 0
0.822211 , 0.568216 , 0
0.78624 , 0.616832 , 0
0.74738 , 0.663181 , 0
0.705774 , 0.707093 , 0
0.661574 , 0.748403 , 0
0.614939 , 0.78696 , 0
0.566042 , 0.822619 , 0
0.515061 , 0.855249 , 0
0.462182 , 0.884726 , 0
0.407599 , 0.910941 , 0
0.351514 , 0.933795 , 0
0.294131 , 0.953201 , 0
0.235663 , 0.969086 , 0
0.176324 , 0.981388 , 0
0.116333 , 0.990059 , 0
0.0559125 , 0.995065 , 0
-0.00471456 , 0.996385 , 0
-0.0653235 , 0.99401 , 0
-0.125689 , 0.987948 , 0
-0.185588 , 0.978218 , 0
-0.244797 , 0.964854 , 0
-0.303095 , 0.947902 , 0
-0.360264 , 0.927423 , 0
-0.416091 , 0.90349 , 0
-0.470368 , 0.876191 , 0
-0.522889 , 0.845625 , 0
-0.573459 , 0.811903 , 0
-0.621888 , 0.775149 , 0
-0.667991 , 0.7355 , 0
-0.711597 , 0.6931 , 0
-0.75254 , 0.648106 , 0
-0.790665 , 0.600687 , 0
-0.825828 , 0.551017 , 0
-0.857895 , 0.499283 , 0
-0.886745 , 0.445676 , 0
-0.912267 , 0.390397 , 0
-0.934365 , 0.333653 , 0
-0.952953 , 0.275656 , 0
-0.967962 , 0.216624 , 0
-0.979332 , 0.156777 , 0
-0.987021 , 0.0963418 , 0
-0.990998 , 0.0355441 , 0
-0.991247 , -0.0253872 , 0
-0.987767 , -0.086223 , 0
-0.980571 , -0.146734 , 0
-0.969685 , -0.206693 , 0
-0.955149 , -0.265874 , 0
-0.937019 , -0.324055 , 0
-0.915363 , -0.381016 , 0
-0.890262 , -0.436543 , 0
-0.861811 , -0.490428 , 0
-0.830119 , -0.542468 , 0
-0.795304 , -0.592468 , 0
-0.757498 , -0.64024 , 0
-0.716845 , -0.685605 , 0
-0.673497 , -0.728394 , 0
-0.62762 , -0.768447 , 0
-0.579385 , -0.805614 , 0
-0.528976 , -0.839757 , 0
-0.476581 , -0.87075 , 0
-0.422399 , -0.898478 , 0
-0.366634 , -0.922838 , 0
-0.309495 , -0.943742 , 0
-0.251198 , -0.961113 , 0
-0.19196 , -0.974888 , 0
-0.132004 , -0.985018 , 0
-0.0715539 , -0.991468 , 0
-0.0108366 , -0.994216 , 0
0.0499215 , -0.993254 , 0
0.110494 , -0.988588 , 0
0.170655 , -0.980239 , 0
0.230182 , -0.96824 , 0
0.288852 , -0.952638 , 0
0.346449 , -0.933495 , 0
0.40276 , -0.910883 , 0
0.457576 , -0.88489 , 0
0.510695 , -0.855614 , 0
0.561922 , -0.823165 , 0
0.611067 , -0.787667 , 0
0.657952 , -0.749253 , 0
0.702403 , -0.708068 , 0
0.744258 , -0.664264 , 0
0.783364 , -0.618006 , 0
0.819579 , -0.569466 , 0
0.852771 , -0.518825 , 0
0.882819 , -0.46627 , 0
0.909614 , -0.411997 , 0
0.93306 , -0.356205 , 0
0.953071 , -0.299102 , 0
0.969576 , -0.240897 , 0
0.982517 , -0.181807 , 0
0.991846 , -0.122047 , 0
0.99753 , -0.0618382 , 0
0.999552 , -0.00140179 , 0
0.997903 , 0.0590403 , 0
0.992591 , 0.119266 , 0
0.983638 , 0.179055 , 0
0.971075 , 0.238187 , 0
0.954951 , 0.296446 , 0
0.935324 , 0.353618 , 0
0.912267 , 0.409493 , 0
0.885865 , 0.463867 , 0
0.856214 , 0.516541 , 0
0.823425 , 0.56732 , 0
0.787615 , 0.616019 , 0
0.748917 , 0.662458 , 0
0.707473 , 0.706468 , 0
0.663433 , 0.747886 , 0
0.616959 , 0.786559 , 0
0.568221 , 0.822345 , 0
0.517397 , 0.855112 , 0
0.464673 , 0.884739 , 0
0.410243 , 0.911114 , 0
0.354305 , 0.934141 , 0
0.297065 , 0.953733 , 0
0.238733 , 0.969817 , 0
0.179524 , 0.982331 , 0
0.119653 , 0.991228 , 0
0.0593427 , 0.996473 , 0
-0.00118585 , 0.998044 , 0
-0.0617093 , 0.995934 , 0
-0.122004 , 0.990148 , 0
-0.181848 , 0.980706 , 0
-0.241019 , 0.967639 , 0
-0.299298 , 0.950994 , 0
-0.356469 , 0.93083 , 0
-0.412319 , 0.90722 , 0
-0.46664 , 0.880247 , 0
-0.51923 , 0.850011 , 0
-0.569893 , 0.81662 , 0
-0.618439 , 0.780197 , 0
-0.664686 , 0.740874 , 0
-0.70846 , 0.698797 , 0
-0.749597 , 0.654119 , 0
-0.787942 , 0.607005 , 0
-0.82335 , 0.557629 , 0
-0.855686 , 0.506174 , 0
-0.884829 , 0.45283 , 0
-0.910666 , 0.397796 , 0
-0.933101 , 0.341275 , 0
-0.952045 , 0.283478 , 0
-0.967428 , 0.224621 , 0
-0.979188 , 0.164924 , 0
-0.98728 , 0.104609 , 0
-0.991672 , 0.0439018 , 0
-0.992345 , -0.0169693 , 0
-0.989295 , -0.0777764 , 0
-0.982532 , -0.138291 , 0
-0.97208 , -0.198287 , 0
-0.957977 , -0.257537 , 0
-0.940274 , -0.31582 , 0
-0.919038 , -0.372915 , 0
-0.894347 , -0.428608 , 0
-0.866293 , -0.48269 , 0
-0.834981 , -0.534956 , 0
-0.800529 , -0.58521 , 0
-0.763065 , -0.633263 , 0
-0.722731 , -0.678934 , 0
-0.679679 , -0.72205 , 0
-0.63407 , -0.762451 , 0
-0.586076 , -0.799984 , 0
-0.535878 , -0.834508 , 0
-0.483665 , -0.865895 , 0
-0.429633 , -0.894026 , 0
-0.373987 , -0.918798 , 0
-0.316936 , -0.940117 , 0
-0.258694 , -0.957905 , 0
-0.19948 , -0.972097 , 0
-0.139518 , -0.98264 , 0
-0.0790322 , -0.989497 , 0
-0.0182497 , -0.992643 , 0
0.0426014 , -0.992069 , 0
0.103293 , -0.987779 , 0
0.163599 , -0.97979 , 0
0.223292 , -0.968135 , 0
0.282151 , -0.95286 , 0
0.339956 , -0.934023 , 0
0.396491 , -0.911698 , 0
0.451547 , -0.88597 , 0
0.504919 , -0.856937 , 0
0.556409 , -0.824709 , 0
0.605827 , -0.78941 , 0
0.652991 , -0.751172 , 0
0.697726 , -0.710139 , 0
0.739868 , -0.666466 , 0
0.779262 , -0.620318 , 0
0.815764 , -0.571867 , 0
0.849241 , -0.521294 , 0
0.879571 , -0.468788 , 0
0.906642 , -0.414546 , 0
0.930359 , -0.358768 , 0
0.950634 , -0.301663 , 0
0.967395 , -0.243442 , 0
0.980582 , -0.184321 , 0
0.990149 , -0.124519 , 0
0.996063 , -0.0642565 , 0
0.998303 , -0.0037564 , 0
0.996864 , 0.0567582 , 0
0.991753 , 0.117064 , 0
0.98299 , 0.17694 , 0
0.970609 , 0.236166 , 0
0.954658 , 0.294523 , 0
0.935195 , 0.351798 , 0
0.912295 , 0.40778 , 0
0.886042 , 0.462265 , 0
0.856534 , 0.515052 , 0
0.82388 , 0.565947 , 0
0.788201 , 0.614766 , 0
0.749628 , 0.661327 , 0
0.708304 , 0.705462 , 0
0.664379 , 0.747008 , 0
0.618017 , 0.785813 , 0
0.569386 , 0.821735 , 0
0.518666 , 0.854642 , 0
0.466042 , 0.884412 , 0
0.411709 , 0.910937 , 0
0.355864 , 0.934119 , 0
0.298713 , 0.953871 , 0
0.240465 , 0.970122 , 0
0.181335 , 0.98281 , 0
0.121538 , 0.991889 , 0
0.0612959 , 0.997323 , 0
0.000828568 , 0.999091 , 0
-0.0596414 , 0.997187 , 0
-0.119892 , 0.991615 , 0
-0.1797 , 0.982394 , 0
-0.238846 , 0.969557 , 0
-0.297113 , 0.95315 , 0
-0.354284 , 0.933231 , 0
-0.410148 , 0.909872 , 0
-0.464499 , 0.883157 , 0
-0.517135 , 0.853183 , 0
-0.567861 , 0.820059 , 0
-0.616488 , 0.783905 , 0
-0.662835 , 0.744854 , 0
-0.706729 , 0.703047 , 0
-0.748007 , 0.658639 , 0
-0.786514 , 0.611791 , 0
-0.822105 , 0.562676 , 0
-0.854646 , 0.511474 , 0
-0.884014 , 0.458375 , 0
-0.910099 , 0.403574 , 0
-0.932802 , 0.347273 , 0
-0.952035 , 0.289682 , 0
-0.967724 , 0.231013 , 0
-0.97981 , 0.171484 , 0
-0.988245 , 0.111317 , 0
-0.992994 , 0.0507355 , 0
-0.994039 , -0.0100349 , 0
-0.991372 , -0.0707674 , 0
-0.985002 , -0.131235 , 0
-0.974951 , -0.191212 , 0
-0.961253 , -0.250473 , 0
-0.943959 , -0.308796 , 0
-0.92313 , -0.365963 , 0
-0.898845 , -0.421759 , 0
-0.871191 , -0.475974 , 0
-0.840272 , -0.528405 , 0
-0.806202 , -0.578854 , 0
-0.769107 , -0.627131 , 0
-0.729126 , -0.673054 , 0
-0.686408 , -0.71645 , 0
-0.641112 , -0.757156 , 0
-0.593409 , -0.795018 , 0
-0.543477 , -0.829893 , 0
-0.491504 , -0.861651 , 0
-0.437683 , -0.89017 , 0
-0.382218 , -0.915345 , 0
-0.325317 , -0.93708 , 0
-0.267193 , -0.955293 , 0
-0.208065 , -0.969917 , 0
-0.148156 , -0.980896 , 0
-0.0876896 , -0.98819 , 0
-0.026894 , -0.991772 , 0
0.0340026 , -0.991629 , 0
0.0947716 , -0.987762 , 0
0.155185 , -0.980188 , 0
0.215016 , -0.968936 , 0
0.274041 , -0.954048 , 0
0.332038 , -0.935583 , 0
0.38879 , -0.91361 , 0
0.444086 , -0.888214 , 0
0.497719 , -0.859491 , 0
0.549488 , -0.827551 , 0
0.599202 , -0.792513 , 0
0.646675 , -0.754512 , 0
0.691732 , -0.713691 , 0
0.734204 , -0.670203 , 0
0.773936 , -0.624213 , 0
0.81078 , -0.575894 , 0
0.844602 , -0.525427 , 0
0.875275 , -0.473001 , 0
0.90269 , -0.418813 , 0
0.926744 , -0.363067 , 0
0.947352 , -0.305969 , 0
0.964439 , -0.247733 , 0
0.977943 , -0.188577 , 0
0.987817 , -0.12872 , 0
0.994026 , -0.0683855 , 0
0.996549 , -0.00779641 , 0
0.99538 , 0.0528221 , 0
0.990525 , 0.113246 , 0
0.982004 , 0.173251 , 0
0.969851 , 0.232616 , 0
0.954113 , 0.291121 , 0
0.934849 , 0.348552 , 0
0.912133 , 0.404697 , 0
0.886051 , 0.459348 , 0
0.8567 , 0.512306 , 0
0.82419 , 0.563375 , 0
0.788642 , 0.612369 , 0
0.750188 , 0.659107 , 0
0.708971 , 0.703419 , 0
0.665144 , 0.745142 , 0
0.618869 , 0.784123 , 0
0.570317 , 0.820221 , 0
0.519667 , 0.853302 , 0
0.467106 , 0.883246 , 0
0.412827 , 0.909943 , 0
0.35703 , 0.933297 , 0
0.299921 , 0.953221 , 0
0.241709 , 0.969642 , 0
0.182609 , 0.982502 , 0
0.122838 , 0.991751 , 0
0.0626152 , 0.997358 , 0
0.00216213 , 0.9993 , 0
-0.058299 , 0.99757 , 0
-0.118546 , 0.992175 , 0
-0.178358 , 0.983134 , 0
-0.237513 , 0.97048 , 0
-0.295796 , 0.954258 , 0
-0.352991 , 0.934528 , 0
-0.408887 , 0.91136 , 0
-0.463279 , 0.884841 , 0
-0.515966 , 0.855065 , 0
-0.566754 , 0.822141 , 0
-0.615453 , 0.786191 , 0
-0.661886 , 0.747345 , 0
-0.705878 , 0.705745 , 0
-0.747268 , 0.661543 , 0
-0.785901 , 0.614902 , 0
-0.821633 , 0.565992 , 0
-0.854332 , 0.514992 , 0
-0.883874 , 0.462091 , 0
-0.910149 , 0.407483 , 0
-0.933058 , 0.351369 , 0
-0.952515 , 0.293955 , 0
-0.968445 , 0.235453 , 0
-0.980787 , 0.17608 , 0
-0.989495 , 0.116055 , 0
-0.994533 , 0.055601 , 0
-0.99588 , -0.0050592 , 0
-0.99353 , -0.0656999 , 0
-0.987489 , -0.126096 , 0
-0.977778 , -0.186022 , 0
-0.964429 , -0.245257 , 0
-0.947492 , -0.303577 , 0
-0.927026 , -0.360767 , 0
-0.903107 , -0.416612 , 0
-0.875822 , -0.470903 , 0
-0.845269 , -0.523438 , 0
-0.811563 , -0.574019 , 0
-0.774827 , -0.622456 , 0
-0.735196 , -0.668567 , 0
-0.692818 , -0.712179 , 0
-0.64785 , -0.753128 , 0
-0.600458 , -0.791259 , 0
-0.550819 , -0.826429 , 0
-0.499119 , -0.858504 , 0
-0.44555 , -0.887364 , 0
-0.390311 , -0.9129 , 0
-0.33361 , -0.935014 , 0
-0.275659 , -0.953623 , 0
-0.216675 , -0.968656 , 0
-0.156878 , -0.980056 , 0
-0.0964923 , -0.98778 , 0
-0.0357451 , -0.991798 , 0
0.0251359 , -0.992094 , 0
0.0859225 , -0.988668 , 0
0.146387 , -0.981531 , 0
0.206301 , -0.970711 , 0
0.265441 , -0.956248 , 0
0.323586 , -0.938196 , 0
0.380516 , -0.916624 , 0
0.436018 , -0.891613 , 0
0.489884 , -0.863258 , 0
0.541914 , -0.831664 , 0
0.591911 , -0.796952 , 0
0.639689 , -0.759251 , 0
0.685069 , -0.718705 , 0
0.727883 , -0.675466 , 0
0.76797 , -0.629697 , 0
0.805182 , -0.581569 , 0
0.83938 , -0.531265 , 0
0.870437 , -0.478973 , 0
0.898239 , -0.424889 , 0
0.922683 , -0.369216 , 0
0.94368 , -0.312164 , 0
0.961152 , -0.253946 , 0
0.975036 , -0.194779 , 0
0.985283 , -0.134885 , 0
0.991855 , -0.0744877 , 0
0.99473 , -0.0138125 , 0
0.9939 , 0.0469146 , 0
0.989369 , 0.107467 , 0
0.981157 , 0.167621 , 0
0.969295 , 0.227151 , 0
0.953831 , 0.285838 , 0
0.934823 , 0.343463 , 0
0.912345 , 0.399814 , 0
0.88648 , 0.454681 , 0
0.857328 , 0.507863 , 0
0.824998 , 0.559163 , 0
0.789611 , 0.608391 , 0
0.751299 , 0.655368 , 0
0.710207 , 0.699919 , 0
0.666487 , 0.741882 , 0
0.620303 , 0.781103 , 0
0.571826 , 0.817437 , 0
0.521236 , 0.850752 , 0
0.468721 , 0.880927 , 0
0.414475 , 0.90785 , 0
0.3587 , 0.931425 , 0
0.301601 , 0.951564 , 0
0.243389 , 0.968196 , 0
0.18428 , 0.98126 , 0
0.124491 , 0.990708 , 0
0.0642431 , 0.996508 , 0
0.00375785 , 0.998637 , 0
-0.0567418 , 0.99709 , 0
-0.117033 , 0.991873 , 0
-0.176894 , 0.983005 , 0
-0.236105 , 0.97052 , 0
-0.294448 , 0.954464 , 0
-0.351707 , 0.934896 , 0
-0.407673 , 0.911888 , 0
-0.46214 , 0.885526 , 0
-0.514906 , 0.855905 , 0
-0.565778 , 0.823135 , 0
-0.614569 , 0.787337 , 0
-0.661098 , 0.748642 , 0
-0.705195 , 0.707191 , 0
-0.746695 , 0.663138 , 0
-0.785447 , 0.616644 , 0
-0.821307 , 0.567879 , 0
-0.854142 , 0.517023 , 0
-0.88383 , 0.464263 , 0
-0.910262 , 0.409793 , 0
-0.933338 , 0.353812 , 0
-0.952973 , 0.296528 , 0
-0.969092 , 0.23815 , 0
-0.981637 , 0.178894 , 0
-0.990557 , 0.118978 , 0
-0.995821 , 0.0586241 , 0
-0.997405 , -0.00194608 , 0
-0.995304 , -0.0625084 , 0
-0.989523 , -0.122839 , 0
-0.980082 , -0.182714 , 0
-0.967014 , -0.241913 , 0
-0.950367 , -0.300215 , 0
-0.930199 , -0.357405 , 0
-0.906584 , -0.41327 , 0
-0.879608 , -0.467601 , 0
-0.849369 , -0.520197 , 0
-0.815978 , -0.570862 , 0
-0.779558 , -0.619407 , 0
-0.740241 , -0.66565 , 0
-0.698173 , -0.709418 , 0
-0.65351 , -0.750547 , 0
-0.606415 , -0.788883 , 0
-0.557062 , -0.824281 , 0
-0.505636 , -0.85661 , 0
-0.452326 , -0.885746 , 0
-0.39733 , -0.91158 , 0
-0.340852 , -0.934013 , 0
-0.283103 , -0.952961 , 0
-0.224298 , -0.968352 , 0
-0.164655 , -0.980126 , 0
-0.104398 , -0.988238 , 0
-0.0437508 , -0.992657 , 0
0.0170596 , -0.993364 , 0
0.0778058 , -0.990356 , 0
0.138261 , -0.983643 , 0
0.198198 , -0.973249 , 0
0.257393 , -0.959212 , 0
0.315624 , -0.941584 , 0
0.372672 , -0.920429 , 0
0.428325 , -0.895827 , 0
0.482373 , -0.867868 , 0
0.534613 , -0.836658 , 0
0.58485 , -0.802313 , 0
0.632895 , -0.764962 , 0
0.678568 , -0.724743 , 0
0.721697 , -0.681809 , 0
0.762122 , -0.636319 , 0
0.799691 , -0.588444 , 0
0.834263 , -0.538364 , 0
0.865708 , -0.486267 , 0
0.893911 , -0.432348 , 0
0.918764 , -0.37681 , 0
0.940176 , -0.31986 , 0
0.958068 , -0.261712 , 0
0.972372 , -0.202584 , 0
0.983037 , -0.142697 , 0
0.990024 , -0.0822769 , 0
0.993306 , -0.0215485 , 0
0.992875 , 0.0392607 , 0
0.988731 , 0.0999233 , 0
0.980892 , 0.160213 , 0
0.969389 , 0.219904 , 0
0.954265 , 0.278774 , 0
0.93558 , 0.336604 , 0
0.913403 , 0.393178 , 0
0.88782 , 0.448287 , 0
0.858926 , 0.501724 , 0
0.826832 , 0.553292 , 0
0.791658 , 0.602799 , 0
0.753536 , 0.650063 , 0
0.712611 , 0.694909 , 0
0.669034 , 0.73717 , 0
0.62297 , 0.77669 , 0
0.574591 , 0.813326 , 0
0.524077 , 0.846941 , 0
0.471618 , 0.877412 , 0
0.417408 , 0.904628 , 0
0.361649 , 0.928489 , 0
0.30455 , 0.948909 , 0
0.246321 , 0.965813 , 0
0.187179 , 0.97914 , 0
0.127344 , 0.988843 , 0
0.0670371 , 0.994886 , 0
0.00648136 , 0.99725 , 0
-0.054099 , 0.995926 , 0
-0.11448 , 0.990922 , 0
-0.174439 , 0.982256 , 0
-0.233754 , 0.969963 , 0
-0.292207 , 0.954088 , 0
-0.349582 , 0.934691 , 0
-0.405668 , 0.911845 , 0
-0.460258 , 0.885636 , 0
-0.513151 , 0.85616 , 0
-0.564153 , 0.823527 , 0
-0.613076 , 0.787858 , 0
-0.659739 , 0.749285 , 0
-0.703972 , 0.707951 , 0
-0.745612 , 0.664008 , 0
-0.784505 , 0.617618 , 0
-0.820508 , 0.568953 , 0
-0.853489 , 0.518192 , 0
-0.883327 , 0.465523 , 0
-0.909912 , 0.411138 , 0
-0.933145 , 0.355239 , 0
-0.952942 , 0.298032 , 0
-0.969228 , 0.239727 , 0
-0.981944 , 0.180539 , 0
-0.991043 , 0.120686 , 0
-0.99649 , 0.0603881 , 0
-0.998265 , -0.000131748 , 0
-0.996361 , -0.0606508 , 0
-0.990784 , -0.120946 , 0
-0.981554 , -0.180795 , 0
-0.968704 , -0.239976 , 0
-0.952281 , -0.298272 , 0
-0.932344 , -0.355467 , 0
-0.908966 , -0.411349 , 0
-0.882232 , -0.465712 , 0
-0.852241 , -0.518354 , 0
-0.819101 , -0.569081 , 0
-0.782935 , -0.617704 , 0
-0.743874 , -0.664043 , 0
-0.702062 , -0.707925 , 0
-0.657654 , -0.749187 , 0
-0.610811 , -0.787676 , 0
-0.561707 , -0.823247 , 0
-0.510523 , -0.855769 , 0
-0.457448 , -0.885118 , 0
-0.402676 , -0.911185 , 0
-0.346412 , -0.933872 , 0
-0.288863 , -0.953093 , 0
-0.230241 , -0.968775 , 0
-0.170766 , -0.980858 , 0
-0.110656 , -0.989297 , 0
-0.0501352 , -0.994057 , 0
0.0105714 , -0.99512 , 0
0.071238 , -0.99248 , 0
0.131639 , -0.986145 , 0
0.191549 , -0.976137 , 0
0.250745 , -0.962493 , 0
0.309006 , -0.945261 , 0
0.366114 , -0.924504 , 0
0.421856 , -0.900299 , 0
0.476024 , -0.872734 , 0
0.528414 , -0.841911 , 0
0.57883 , -0.807944 , 0
0.627084 , -0.770959 , 0
0.672994 , -0.731093 , 0
0.716388 , -0.688495 , 0
0.757103 , -0.643322 , 0
0.794987 , -0.595744 , 0
0.829896 , -0.545937 , 0
0.861701 , -0.494087 , 0
0.89028 , -0.440389 , 0
0.915527 , -0.385042 , 0
0.937346 , -0.328254 , 0
0.955656 , -0.270237 , 0
0.970387 , -0.211209 , 0
0.981485 , -0.151389 , 0
0.988907 , -0.0910025 , 0
0.992625 , -0.0302752 , 0
0.992627 , 0.0305654 , 0
0.988911 , 0.0912915 , 0
0.981492 , 0.151676 , 0
0.970398 , 0.211492 , 0
0.955671 , 0.270517 , 0
0.937367 , 0.328529 , 0
0.915554 , 0.385312 , 0
0.890315 , 0.440653 , 0
0.861744 , 0.494345 , 0
0.829951 , 0.546189 , 0
0.795053 , 0.59599 , 0
0.757183 , 0.643563 , 0
0.716483 , 0.688731 , 0
0.673105 , 0.731325 , 0
0.627213 , 0.771189 , 0
0.578979 , 0.808172 , 0
0.528583 , 0.84214 , 0
0.476215 , 0.872965 , 0
0.42207 , 0.900534 , 0
0.366351 , 0.924746 , 0
0.309267 , 0.945512 , 0
0.25103 , 0.962755 , 0
0.191857 , 0.976413 , 0
0.13197 , 0.986437 , 0
0.0715915 , 0.992791 , 0
0.0109461 , 0.995453 , 0
-0.0497404 , 0.994415 , 0
-0.110243 , 0.989681 , 0
-0.170336 , 0.981272 , 0
-0.229798 , 0.96922 , 0
-0.288408 , 0.953571 , 0
-0.345948 , 0.934385 , 0
-0.402207 , 0.911734 , 0
-0.456975 , 0.885705 , 0
-0.510051 , 0.856394 , 0
-0.56124 , 0.823911 , 0
-0.610351 , 0.788379 , 0
-0.657205 , 0.749929 , 0
-0.701628 , 0.708705 , 0
-0.743458 , 0.66486 , 0
-0.782541 , 0.618557 , 0
-0.818732 , 0.569968 , 0
-0.851901 , 0.519274 , 0
-0.881923 , 0.466662 , 0
-0.908691 , 0.412327 , 0
-0.932106 , 0.356469 , 0
-0.952082 , 0.299296 , 0
-0.968546 , 0.241018 , 0
-0.981439 , 0.181851 , 0
-0.990713 , 0.122014 , 0
-0.996335 , 0.0617255 , 0
-0.998285 , 0.00120962 , 0
-0.996556 , -0.059311 , 0
-0.991154 , -0.119613 , 0
-0.9821 , -0.179475 , 0
-0.969428 , -0.238676 , 0
-0.953184 , -0.296997 , 0
-0.933429 , -0.354224 , 0
-0.910234 , -0.410146 , 0
-0.883686 , -0.464556 , 0
-0.853882 , -0.517255 , 0
-0.820932 , -0.568047 , 0
-0.784957 , -0.616746 , 0
-0.746088 , -0.663171 , 0
-0.70447 , -0.707152 , 0
-0.660255 , -0.748525 , 0
-0.613606 , -0.787137 , 0
-0.564694 , -0.822846 , 0
-0.513699 , -0.855519 , 0
-0.460809 , -0.885035 , 0
-0.406219 , -0.911283 , 0
-0.35013 , -0.934167 , 0
-0.292749 , -0.953601 , 0
-0.234286 , -0.969512 , 0
-0.174959 , -0.981839 , 0
-0.114985 , -0.990537 , 0
-0.0545866 , -0.995572 , 0
0.00601294 , -0.996923 , 0
0.0665895 , -0.994584 , 0
0.126919 , -0.988563 , 0
0.186777 , -0.97888 , 0
0.245943 , -0.96557 , 0
0.304197 , -0.948681 , 0
0.361321 , -0.928273 , 0
0.417104 , -0.904421 , 0
0.471339 , -0.877212 , 0
0.523822 , -0.846746 , 0
0.574359 , -0.813133 , 0
0.62276 , -0.776499 , 0
0.668845 , -0.736977 , 0
0.712441 , -0.694713 , 0
0.753385 , -0.649864 , 0
0.791523 , -0.602595 , 0
0.826712 , -0.553081 , 0
0.85882 , -0.501507 , 0
0.887725 , -0.448063 , 0
0.913319 , -0.392948 , 0
0.935505 , -0.336367 , 0
0.954198 , -0.278531 , 0
0.969328 , -0.219654 , 0
0.980837 , -0.159958 , 0
0.988681 , -0.0996638 , 0
0.992828 , -0.0389974 , 0
0.993264 , 0.0218145 , 0
0.989984 , 0.0825447 , 0
0.983001 , 0.142966 , 0
0.97234 , 0.202852 , 0
0.958039 , 0.261979 , 0
0.940152 , 0.320125 , 0
0.918745 , 0.377072 , 0
0.893897 , 0.432607 , 0
0.865702 , 0.486522 , 0
0.834265 , 0.538615 , 0
0.799702 , 0.588691 , 0
0.762145 , 0.636561 , 0
0.721732 , 0.682047 , 0
0.678616 , 0.724978 , 0
0.632958 , 0.765194 , 0
0.58493 , 0.802545 , 0
0.534711 , 0.83689 , 0
0.482489 , 0.868101 , 0
0.428461 , 0.896062 , 0
0.372829 , 0.920669 , 0
0.315802 , 0.941831 , 0
0.257592 , 0.959469 , 0
0.198419 , 0.973517 , 0
0.138503 , 0.983925 , 0
0.0780695 , 0.990654 , 0
0.0173436 , 0.993681 , 0
-0.0434474 , 0.992994 , 0
-0.104076 , 0.988599 , 0
-0.164317 , 0.980513 , 0
-0.223945 , 0.968766 , 0
-0.282738 , 0.953406 , 0
-0.340477 , 0.934489 , 0
-0.396947 , 0.912089 , 0
-0.451939 , 0.88629 , 0
-0.505248 , 0.85719 , 0
-0.556676 , 0.824898 , 0
-0.606033 , 0.789536 , 0
-0.653136 , 0.751237 , 0
-0.697812 , 0.710144 , 0
-0.739895 , 0.666413 , 0
-0.77923 , 0.620205 , 0
-0.815672 , 0.571694 , 0
-0.849088 , 0.521062 , 0
-0.879355 , 0.468496 , 0
-0.906362 , 0.414192 , 0
-0.930011 , 0.358353 , 0
-0.950215 , 0.301186 , 0
-0.966901 , 0.242903 , 0
-0.980009 , 0.183721 , 0
-0.989492 , 0.123858 , 0
-0.995316 , 0.0635367 , 0
-0.997461 , 0.00297974 , 0
-0.99592 , -0.0575889 , 0
-0.990702 , -0.117945 , 0
-0.981825 , -0.177867 , 0
-0.969324 , -0.237133 , 0
-0.953246 , -0.295524 , 0
-0.933653 , -0.352826 , 0
-0.910616 , -0.408827 , 0
-0.884222 , -0.463322 , 0
-0.854568 , -0.516108 , 0
-0.821766 , -0.566994 , 0
-0.785936 , -0.61579 , 0
-0.74721 , -0.662319 , 0
-0.705733 , -0.706408 , 0
-0.661657 , -0.747896 , 0
-0.615144 , -0.78663 , 0
-0.566367 , -0.822468 , 0
-0.515504 , -0.855277 , 0
-0.462744 , -0.884938 , 0
-0.40828 , -0.91134 , 0
-0.352314 , -0.934387 , 0
-0.29505 , -0.953994 , 0
-0.236701 , -0.970087 , 0
-0.17748 , -0.982609 , 0
-0.117607 , -0.99151 , 0
-0.0573003 , -0.99676 , 0
0.0032166 , -0.998337 , 0
0.063721 , -0.996235 , 0
0.12399 , -0.990461 , 0
0.183801 , -0.981036 , 0
0.242934 , -0.967993 , 0
0.30117 , -0.951379 , 0
0.358293 , -0.931255 , 0
0.414094 , -0.907693 , 0
0.468365 , -0.88078 , 0
0.520905 , -0.850613 , 0
0.571519 , -0.817304 , 0
0.62002 , -0.780973 , 0
0.666227 , -0.741754 , 0
0.709969 , -0.699791 , 0
0.751081 , -0.655237 , 0
0.789412 , -0.608258 , 0
0.824817 , -0.559025 , 0
0.857164 , -0.50772 , 0
0.886331 , -0.454533 , 0
0.912209 , -0.399659 , 0
0.9347 , -0.343302 , 0
0.953719 , -0.28567 , 0
0.969193 , -0.226976 , 0
0.981062 , -0.16744 , 0
0.989282 , -0.10728 , 0
0.99382 , -0.0467222 , 0
0.994656 , 0.0140095 , 0
0.991786 , 0.0746886 , 0
0.985219 , 0.135089 , 0
0.974977 , 0.194985 , 0
0.961098 , 0.254154 , 0
0.943631 , 0.312373 , 0
0.92264 , 0.369425 , 0
0.898202 , 0.425097 , 0
0.870406 , 0.47918 , 0
0.839356 , 0.531471 , 0
0.805167 , 0.581773 , 0
0.767965 , 0.629899 , 0
0.727888 , 0.675667 , 0
0.685086 , 0.718905 , 0
0.639719 , 0.75945 , 0
0.591955 , 0.79715 , 0
0.541973 , 0.831864 , 0
0.489959 , 0.863459 , 0
0.43611 , 0.891818 , 0
0.380625 , 0.916834 , 0
0.323714 , 0.938413 , 0
0.265588 , 0.956473 , 0
0.206467 , 0.970946 , 0
0.146571 , 0.981779 , 0
0.0861256 , 0.98893 , 0
0.0253571 , 0.992373 , 0
-0.0355066 , 0.992095 , 0
-0.0962373 , 0.988098 , 0
-0.156608 , 0.980398 , 0
-0.216391 , 0.969022 , 0
-0.275364 , 0.954016 , 0
-0.333305 , 0.935436 , 0
-0.389999 , 0.913352 , 0
-0.445232 , 0.887848 , 0
-0.498799 , 0.85902 , 0
-0.5505 , 0.826978 , 0
-0.600142 , 0.791842 , 0
-0.64754 , 0.753745 , 0
-0.692518 , 0.712831 , 0
-0.734909 , 0.669252 , 0
-0.774556 , 0.623174 , 0
-0.811311 , 0.574769 , 0
-0.84504 , 0.524219 , 0
-0.875617 , 0.471714 , 0
-0.90293 , 0.41745 , 0
-0.92688 , 0.36163 , 0
-0.947378 , 0.304463 , 0
-0.964351 , 0.246162 , 0
-0.977736 , 0.186944 , 0
-0.987486 , 0.127031 , 0
-0.993567 , 0.0666456 , 0
-0.995958 , 0.00601175 , 0
-0.994652 , -0.0546451 , 0
-0.989656 , -0.1151 , 0
-0.98099 , -0.175129 , 0
-0.968688 , -0.234509 , 0
-0.952799 , -0.293021 , 0
-0.933382 , -0.35045 , 0
-0.910511 , -0.406582 , 0
-0.884272 , -0.461211 , 0
-0.854765 , -0.514136 , 0
-0.822098 , -0.565162 , 0
-0.786396 , -0.614102 , 0
-0.74779 , -0.660774 , 0
-0.706425 , -0.70501 , 0
-0.662453 , -0.746645 , 0
-0.616039 , -0.785528 , 0
-0.567354 , -0.821516 , 0
-0.516578 , -0.854477 , 0
-0.463899 , -0.884292 , 0
-0.409512 , -0.91085 , 0
-0.353618 , -0.934056 , 0
-0.296421 , -0.953825 , 0
-0.238134 , -0.970084 , 0
-0.178971 , -0.982774 , 0
-0.11915 , -0.99185 , 0
-0.05889 , -0.997278 , 0
0.00158596 , -0.999039 , 0
0.0620559 , -0.997126 , 0
0.122297 , -0.991547 , 0
0.182089 , -0.982323 , 0
0.241211 , -0.969486 , 0
0.299445 , -0.953085 , 0
0.356578 , -0.933179 , 0
0.412399 , -0.909842 , 0
0.466702 , -0.883158 , 0
0.519288 , -0.853225 , 0
0.569963 , -0.820153 , 0
0.618539 , -0.784062 , 0
0.664837 , -0.745086 , 0
0.708687 , -0.703366 , 0
0.749926 , -0.659055 , 0
0.788401 , -0.612317 , 0
0.823969 , -0.563322 , 0
0.856498 , -0.51225 , 0
0.885866 , -0.459288 , 0
0.911965 , -0.404633 , 0
0.934696 , -0.348483 , 0
0.953974 , -0.291047 , 0
0.969725 , -0.232536 , 0
0.98189 , -0.173165 , 0
0.990422 , -0.113155 , 0
0.995286 , -0.0527257 , 0
0.996465 , 0.00789796 , 0
0.99395 , 0.0684918 , 0
0.987749 , 0.128831 , 0
0.977883 , 0.188692 , 0
0.964386 , 0.247851 , 0
0.947307 , 0.306089 , 0
0.926706 , 0.36319 , 0
0.902659 , 0.418938 , 0
0.875253 , 0.473127 , 0
0.844588 , 0.525554 , 0
0.810776 , 0.576023 , 0
0.773942 , 0.624344 , 0
0.73422 , 0.670335 , 0
0.691759 , 0.713824 , 0
0.646715 , 0.754648 , 0
0.599254 , 0.792651 , 0
0.549554 , 0.827692 , 0
0.497798 , 0.859637 , 0
0.444181 , 0.888365 , 0
0.3889 , 0.913767 , 0
0.332164 , 0.935748 , 0
0.274183 , 0.954223 , 0
0.215174 , 0.969121 , 0
0.155359 , 0.980387 , 0
0.0949619 , 0.987975 , 0
0.0342083 , 0.991858 , 0
-0.0266737 , 0.992019 , 0
-0.0874555 , 0.988456 , 0
-0.147909 , 0.981184 , 0
-0.207807 , 0.970228 , 0
-0.266925 , 0.955629 , 0
-0.325041 , 0.937442 , 0
-0.381937 , 0.915735 , 0
-0.437398 , 0.890589 , 0
-0.491217 , 0.862099 , 0
-0.543192 , 0.830372 , 0
-0.593127 , 0.795528 , 0
-0.640836 , 0.757697 , 0
-0.686141 , 0.717022 , 0
-0.728871 , 0.673657 , 0
-0.768866 , 0.627764 , 0
-0.805978 , 0.579517 , 0
-0.840069 , 0.529096 , 0
-0.871011 , 0.476692 , 0
-0.89869 , 0.422502 , 0
-0.923003 , 0.36673 , 0
-0.943861 , 0.309583 , 0
-0.961187 , 0.251279 , 0
-0.974919 , 0.192033 , 0
-0.985005 , 0.13207 , 0
-0.991412 , 0.0716126 , 0
-0.994116 , 0.0108873 , 0
-0.993109 , -0.0498792 , 0
-0.988398 , -0.11046 , 0
-0.980002 , -0.17063 , 0
-0.967955 , -0.230164 , 0
-0.952303 , -0.288842 , 0
-0.933107 , -0.346446 , 0
-0.91044 , -0.402762 , 0
-0.88439 , -0.457581 , 0
-0.855054 , -0.510702 , 0
-0.822543 , -0.561927 , 0
-0.786981 , -0.611068 , 0
-0.748501 , -0.657944 , 0
-0.707246 , -0.702383 , 0
-0.663373 , -0.744222 , 0
-0.617044 , -0.783307 , 0
-0.568432 , -0.819495 , 0
-0.517718 , -0.852654 , 0
-0.465092 , -0.882664 , 0
-0.410747 , -0.909415 , 0
-0.354886 , -0.93281 , 0
-0.297715 , -0.952765 , 0
-0.239447 , -0.969208 , 0
-0.180295 , -0.982079 , 0
-0.120479 , -0.991333 , 0
-0.0602186 , -0.996938 , 0
0.000263733 , -0.998873 , 0
0.0607455 , -0.997134 , 0
0.121004 , -0.991727 , 0
0.180818 , -0.982675 , 0
0.239968 , -0.97001 , 0
0.298236 , -0.953781 , 0
0.355409 , -0.934048 , 0
0.411276 , -0.910884 , 0
0.465633 , -0.884374 , 0
0.518279 , -0.854617 , 0
0.569023 , -0.821722 , 0
0.617676 , -0.78581 , 0
0.664062 , -0.747013 , 0
0.708009 , -0.705473 , 0
0.749356 , -0.661343 , 0
0.78795 , -0.614784 , 0
0.82365 , -0.565967 , 0
0.856324 , -0.515072 , 0
0.885851 , -0.462284 , 0
0.912122 , -0.407798 , 0
0.935039 , -0.351814 , 0
0.954518 , -0.294536 , 0
0.970485 , -0.236176 , 0
0.98288 , -0.176947 , 0
0.991657 , -0.117067 , 0
0.996781 , -0.0567565 , 0
0.998233 , 0.00376219 , 0
0.996004 , 0.0642663 , 0
0.990102 , 0.124533 , 0
0.980546 , 0.184339 , 0
0.967369 , 0.243463 , 0
0.950619 , 0.301688 , 0
0.930355 , 0.358797 , 0
0.906649 , 0.414578 , 0
0.879588 , 0.468824 , 0
0.84927 , 0.521332 , 0
0.815805 , 0.571909 , 0
0.779314 , 0.620364 , 0
0.739932 , 0.666516 , 0
0.697803 , 0.710193 , 0
0.653081 , 0.751231 , 0
0.605931 , 0.789475 , 0
0.556526 , 0.82478 , 0
0.50505 , 0.857015 , 0
0.451693 , 0.886056 , 0
0.396651 , 0.911794 , 0
0.340131 , 0.93413 , 0
0.282341 , 0.952978 , 0
0.223496 , 0.968267 , 0
0.163817 , 0.979937 , 0
0.103525 , 0.987941 , 0
0.0428462 , 0.99225 , 0
-0.0179929 , 0.992843 , 0
-0.0787643 , 0.989717 , 0
-0.13924 , 0.982882 , 0
-0.199194 , 0.972362 , 0
-0.2584 , 0.958195 , 0
-0.316637 , 0.940432 , 0
-0.373685 , 0.919139 , 0
-0.42933 , 0.894395 , 0
-0.483362 , 0.866291 , 0
-0.535578 , 0.834933 , 0
-0.585781 , 0.800438 , 0
-0.633783 , 0.762933 , 0
-0.679402 , 0.722561 , 0
-0.722467 , 0.679473 , 0
-0.762816 , 0.63383 , 0
-0.800297 , 0.585804 , 0
-0.834769 , 0.535575 , 0
-0.866103 , 0.483333 , 0
-0.894181 , 0.429274 , 0
-0.918899 , 0.373601 , 0
-0.940163 , 0.316524 , 0
-0.957896 , 0.258258 , 0
-0.97203 , 0.199021 , 0
-0.982515 , 0.139037 , 0
-0.989312 , 0.0785308 , 0
-0.992396 , 0.0177296 , 0
-0.991758 , -0.0431384 , 0
-0.987401 , -0.103845 , 0
-0.979345 , -0.164163 , 0
-0.96762 , -0.223866 , 0
-0.952272 , -0.282732 , 0
-0.933361 , -0.34054 , 0
-0.910959 , -0.397075 , 0
-0.885153 , -0.452126 , 0
-0.85604 , -0.505489 , 0
-0.823732 , -0.556966 , 0
-0.78835 , -0.606365 , 0
-0.750029 , -0.653505 , 0
-0.708914 , -0.69821 , 0
-0.665159 , -0.740316 , 0
-0.618929 , -0.779669 , 0
-0.570398 , -0.816123 , 0
-0.519747 , -0.849546 , 0
-0.467166 , -0.879815 , 0
-0.412851 , -0.90682 , 0
-0.357004 , -0.930463 , 0
-0.299835 , -0.95066 , 0
-0.241554 , -0.967337 , 0
-0.18238 , -0.980435 , 0
-0.12253 , -0.989908 , 0
-0.0622267 , -0.995724 , 0
-0.00169299 , -0.997863 , 0
0.0588477 , -0.996318 , 0
0.119172 , -0.9911 , 0
0.179058 , -0.982227 , 0
0.238284 , -0.969736 , 0
0.296634 , -0.953673 , 0
0.353893 , -0.9341 , 0
0.40985 , -0.911091 , 0
0.4643 , -0.884731 , 0
0.517045 , -0.855119 , 0
0.567889 , -0.822364 , 0
0.616649 , -0.786589 , 0
0.663144 , -0.747925 , 0
0.707204 , -0.706515 , 0
0.74867 , -0.662512 , 0
0.787388 , -0.616078 , 0
0.823217 , -0.567383 , 0
0.856027 , -0.516607 , 0
0.885696 , -0.463936 , 0
0.912116 , -0.409563 , 0
0.935191 , -0.353688 , 0
0.954835 , -0.296516 , 0
0.970976 , -0.238257 , 0
0.983555 , -0.179124 , 0
0.992524 , -0.119334 , 0
0.997851 , -0.0591061 , 0
0.999515 , 0.00133789 , 0
0.997508 , 0.0617764 , 0
0.991838 , 0.121987 , 0
0.982523 , 0.18175 , 0
0.969597 , 0.240843 , 0
0.953106 , 0.29905 , 0
0.933108 , 0.356157 , 0
0.909677 , 0.411952 , 0
0.882896 , 0.466229 , 0
0.852863 , 0.518788 , 0
0.819686 , 0.569434 , 0
0.783486 , 0.617979 , 0
0.744395 , 0.664243 , 0
0.702555 , 0.708053 , 0
0.658119 , 0.749246 , 0
0.611251 , 0.787668 , 0
0.562121 , 0.823175 , 0
0.51091 , 0.855633 , 0
0.457807 , 0.884921 , 0
0.403006 , 0.910927 , 0
0.346711 , 0.933553 , 0
0.289129 , 0.952711 , 0
0.230472 , 0.968329 , 0
0.17096 , 0.980346 , 0
0.110811 , 0.988714 , 0
0.0502501 , 0.9934 , 0
-0.0104975 , 0.994384 , 0
-0.0712055 , 0.991659 , 0
-0.131647 , 0.985233 , 0
-0.191597 , 0.975128 , 0
-0.250831 , 0.961379 , 0
-0.309126 , 0.944034 , 0
-0.366264 , 0.923158 , 0
-0.42203 , 0.898825 , 0
-0.476216 , 0.871126 , 0
-0.528616 , 0.840161 , 0
-0.579033 , 0.806046 , 0
-0.627278 , 0.768906 , 0
-0.673168 , 0.728881 , 0
-0.71653 , 0.686119 , 0
-0.757201 , 0.640779 , 0
-0.795026 , 0.593032 , 0
-0.829862 , 0.543055 , 0
-0.861578 , 0.491037 , 0
-0.890053 , 0.437171 , 0
-0.915181 , 0.381662 , 0
-0.936866 , 0.324717 , 0
-0.955025 , 0.26655 , 0
-0.969592 , 0.20738 , 0
-0.98051 , 0.147429 , 0
-0.987739 , 0.0869244 , 0
-0.991251 , 0.0260922 , 0
-0.991035 , -0.0348382 , 0
-0.987091 , -0.0956378 , 0
-0.979436 , -0.156078 , 0
-0.968098 , -0.215931 , 0
-0.953121 , -0.274973 , 0
-0.934563 , -0.332982 , 0
-0.912495 , -0.389741 , 0
-0.887001 , -0.445036 , 0
-0.858178 , -0.498662 , 0
-0.826136 , -0.550418 , 0
-0.790996 , -0.60011 , 0
-0.752892 , -0.647553 , 0
-0.711969 , -0.692572 , 0
-0.66838 , -0.734999 , 0
-0.62229 , -0.774677 , 0
-0.573874 , -0.811459 , 0
-0.523314 , -0.84521 , 0
-0.4708 , -0.875806 , 0
-0.416529 , -0.903134 , 0
-0.360704 , -0.927096 , 0
-0.303536 , -0.947604 , 0
-0.245236 , -0.964585 , 0
-0.186024 , -0.977978 , 0
-0.12612 , -0.987735 , 0
-0.0657467 , -0.993823 , 0
-0.00512867 , -0.996223 , 0
0.055509 , -0.994927 , 0
0.115942 , -0.989944 , 0
0.175945 , -0.981294 , 0
0.235299 , -0.969013 , 0
0.293783 , -0.953147 , 0
0.351181 , -0.933758 , 0
0.407284 , -0.910921 , 0
0.461883 , -0.88472 , 0
0.514779 , -0.855256 , 0
0.565779 , -0.822638 , 0
0.614694 , -0.786989 , 0
0.661346 , -0.748442 , 0
0.705565 , -0.70714 , 0
0.747189 , -0.663236 , 0
0.786066 , -0.616893 , 0
0.822055 , -0.568283 , 0
0.855024 , -0.517584 , 0
0.884853 , -0.464984 , 0
0.911434 , -0.410677 , 0
0.93467 , -0.354862 , 0
0.954477 , -0.297745 , 0
0.970783 , -0.239536 , 0
0.983529 , -0.180447 , 0
0.992668 , -0.120697 , 0
0.998168 , -0.0605045 , 0
1.00001 , -8.99029e-005 , 0
0.998181 , 0.060325 , 0
0.992695 , 0.120519 , 0
0.983569 , 0.18027 , 0
0.970836 , 0.239361 , 0
0.954543 , 0.297573 , 0
0.934749 , 0.354693 , 0
0.911526 , 0.410512 , 0
0.884957 , 0.464824 , 0
0.85514 , 0.517429 , 0
0.822184 , 0.568133 , 0
