x , y , z
1 , 0 , 0
0.999853 , 0.0236049 , 0
0.999411 , 0.0472028 , 0
0.998968 , 0.0708007 , 0
0.998526 , 0.0943986 , 0
0.998084 , 0.117996 , 0
0.997641 , 0.141594 , 0
0.997198 , 0.165192 , 0
0.996756 , 0.18879 , 0
0.996313 , 0.212388 , 0
0.99587 , 0.235986 , 0
0.995427 , 0.259583 , 0
0.994983 , 0.283181 , 0
0.99454 , 0.306779 , 0
0.994096 , 0.330376 , 0
0.993653 , 0.353974 , 0
0.993209 , 0.377571 , 0
0.992765 , 0.401169 , 0
0.992321 , 0.424766 , 0
0.991877 , 0.448364 , 0
0.991433 , 0.471961 , 0
0.990988 , 0.495558 , 0
0.990544 , 0.519156 , 0
0.9901 , 0.542753 , 0
0.989655 , 0.56635 , 0
0.98921 , 0.589947 , 0
0.988766 , 0.613544 , 0
0.988321 , 0.637141 , 0
0.987876 , 0.660738 , 0
0.987431 , 0.684335 , 0
0.986986 , 0.707932 , 0
0.986541 , 0.731528 , 0
0.986096 , 0.755125 , 0
0.985651 , 0.778722 , 0
0.985205 , 0.802318 , 0
0.98476 , 0.825915 , 0
0.984315 , 0.849511 , 0
0.983869 , 0.873108 , 0
0.983424 , 0.896704 , 0
0.982978 , 0.9203 , 0
0.982532 , 0.943897 , 0
0.982087 , 0.967493 , 0
0.981641 , 0.991089 , 0
0.981195 , 1.01469 , 0
0.98075 , 1.03828 , 0
0.980304 , 1.06188 , 0
0.979858 , 1.08547 , 0
0.979412 , 1.10907 , 0
0.978966 , 1.13266 , 0
0.97852 , 1.15626 , 0
0.978074 , 1.17986 , 0
0.977628 , 1.20345 , 0
0.977182 , 1.22705 , 0
0.976736 , 1.25064 , 0
0.97629 , 1.27424 , 0
0.975844 , 1.29783 , 0
0.975398 , 1.32143 , 0
0.974951 , 1.34503 , 0
0.974505 , 1.36862 , 0
0.974059 , 1.39222 , 0
0.973613 , 1.41581 , 0
0.973166 , 1.43941 , 0
0.97272 , 1.463 , 0
0.972274 , 1.4866 , 0
0.971827 , 1.51019 , 0
0.971381 , 1.53379 , 0
0.970935 , 1.55738 , 0
0.970488 , 1.58098 , 0
0.970042 , 1.60457 , 0
0.969596 , 1.62817 , 0
0.969149 , 1.65176 , 0
0.968703 , 1.67536 , 0
0.968256 , 1.69895 , 0
0.96781 , 1.72255 , 0
0.967363 , 1.74614 , 0
0.966917 , 1.76974 , 0
0.966471 , 1.79333 , 0
0.966024 , 1.81693 , 0
0.965578 , 1.84052 , 0
0.965131 , 1.86412 , 0
0.964685 , 1.88771 , 0
0.964238 , 1.9113 , 0
0.963792 , 1.9349 , 0
0.963345 , 1.95849 , 0
0.962898 , 1.98209 , 0
0.962452 , 2.00568 , 0
0.962005 , 2.02928 , 0
0.961559 , 2.05287 , 0
0.961112 , 2.07647 , 0
0.960666 , 2.10006 , 0
0.960219 , 2.12365 , 0
0.959773 , 2.14725 , 0
0.959326 , 2.17084 , 0
0.958879 , 2.19444 , 0
0.958433 , 2.21803 , 0
0.957986 , 2.24163 , 0
0.95754 , 2.26522 , 0
0.957093 , 2.28881 , 0
0.956646 , 2.31241 , 0
0.9562 , 2.336 , 0
0.955753 , 2.3596 , 0
0.955307 , 2.38319 , 0
0.95486 , 2.40678 , 0
0.954413 , 2.43038 , 0
0.953967 , 2.45397 , 0
0.95352 , 2.47757 , 0
0.953074 , 2.50116 , 0
0.952627 , 2.52475 , 0
0.95218 , 2.54835 , 0
0.951734 , 2.57194 , 0
0.951287 , 2.59554 , 0
0.950841 , 2.61913 , 0
0.950394 , 2.64272 , 0
0.949947 , 2.66632 , 0
0.949501 , 2.68991 , 0
0.949054 , 2.7135 , 0
0.948608 , 2.7371 , 0
0.948161 , 2.76069 , 0
0.947714 , 2.78429 , 0
0.947268 , 2.80788 , 0
0.946821 , 2.83147 , 0
0.946375 , 2.85507 , 0
0.945928 , 2.87866 , 0
0.945481 , 2.90225 , 0
0.945035 , 2.92585 , 0
0.944588 , 2.94944 , 0
0.944142 , 2.97304 , 0
0.943695 , 2.99663 , 0
0.943248 , 3.02022 , 0
0.942802 , 3.04382 , 0
0.942355 , 3.06741 , 0
0.941909 , 3.091 , 0
0.941462 , 3.1146 , 0
0.941015 , 3.13819 , 0
0.940569 , 3.16178 , 0
0.940122 , 3.18538 , 0
0.939676 , 3.20897 , 0
0.939229 , 3.23256 , 0
0.938783 , 3.25616 , 0
0.938336 , 3.27975 , 0
0.937889 , 3.30334 , 0
0.937443 , 3.32694 , 0
0.936996 , 3.35053 , 0
0.93655 , 3.37412 , 0
0.936103 , 3.39772 , 0
0.935657 , 3.42131 , 0
0.93521 , 3.4449 , 0
0.934764 , 3.4685 , 0
0.934317 , 3.49209 , 0
0.93387 , 3.51568 , 0
0.933424 , 3.53928 , 0
0.932977 , 3.56287 , 0
0.932531 , 3.58646 , 0
0.932084 , 3.61006 , 0
0.931638 , 3.63365 , 0
0.931191 , 3.65724 , 0
0.930745 , 3.68084 , 0
0.930298 , 3.70443 , 0
0.929852 , 3.72802 , 0
0.929405 , 3.75162 , 0
0.928959 , 3.77521 , 0
0.928512 , 3.7988 , 0
0.928065 , 3.82239 , 0
0.927619 , 3.84599 , 0
0.927172 , 3.86958 , 0
0.926726 , 3.89317 , 0
0.926279 , 3.91677 , 0
0.925833 , 3.94036 , 0
0.925386 , 3.96395 , 0
0.92494 , 3.98755 , 0
0.924493 , 4.01114 , 0
0.924047 , 4.03473 , 0
0.9236 , 4.05832 , 0
0.923154 , 4.08192 , 0
0.922707 , 4.10551 , 0
0.922261 , 4.1291 , 0
0.921814 , 4.1527 , 0
0.921368 , 4.17629 , 0
0.920922 , 4.19988 , 0
0.920475 , 4.22348 , 0
0.920029 , 4.24707 , 0
0.919582 , 4.27066 , 0
0.919136 , 4.29425 , 0
0.918689 , 4.31785 , 0
0.918243 , 4.34144 , 0
0.917796 , 4.36503 , 0
0.91735 , 4.38862 , 0
0.916903 , 4.41222 , 0
0.916457 , 4.43581 , 0
0.91601 , 4.4594 , 0
0.915564 , 4.483 , 0
0.915118 , 4.50659 , 0
0.914671 , 4.53018 , 0
0.914225 , 4.55377 , 0
0.913778 , 4.57737 , 0
0.913332 , 4.60096 , 0
0.912885 , 4.62455 , 0
0.912439 , 4.64815 , 0
0.911993 , 4.67174 , 0
0.911546 , 4.69533 , 0
0.9111 , 4.71892 , 0
0.910653 , 4.74252 , 0
0.910207 , 4.76611 , 0
0.909761 , 4.7897 , 0
0.909314 , 4.81329 , 0
0.908868 , 4.83689 , 0
0.908421 , 4.86048 , 0
0.907975 , 4.88407 , 0
0.907529 , 4.90766 , 0
0.907082 , 4.93126 , 0
0.906636 , 4.95485 , 0
0.906189 , 4.97844 , 0
0.905743 , 5.00204 , 0
0.905297 , 5.02563 , 0
0.90485 , 5.04922 , 0
0.904404 , 5.07281 , 0
0.903958 , 5.09641 , 0
0.903511 , 5.12 , 0
0.903065 , 5.14359 , 0
0.902618 , 5.16718 , 0
0.902172 , 5.19078 , 0
0.901726 , 5.21437 , 0
0.901279 , 5.23796 , 0
0.900833 , 5.26155 , 0
0.900387 , 5.28515 , 0
0.89994 , 5.30874 , 0
0.899494 , 5.33233 , 0
0.899048 , 5.35592 , 0
0.898601 , 5.37952 , 0
0.898155 , 5.40311 , 0
0.897709 , 5.4267 , 0
0.897262 , 5.45029 , 0
0.896816 , 5.47389 , 0
0.89637 , 5.49748 , 0
0.895923 , 5.52107 , 0
0.895477 , 5.54466 , 0
0.895031 , 5.56825 , 0
0.894584 , 5.59185 , 0
0.894138 , 5.61544 , 0
0.893692 , 5.63903 , 0
0.893245 , 5.66262 , 0
0.892799 , 5.68622 , 0
0.892353 , 5.70981 , 0
0.891907 , 5.7334 , 0
0.89146 , 5.75699 , 0
0.891014 , 5.78059 , 0
0.890568 , 5.80418 , 0
0.890121 , 5.82777 , 0
0.889675 , 5.85136 , 0
0.889229 , 5.87496 , 0
0.888782 , 5.89855 , 0
0.888336 , 5.92214 , 0
0.88789 , 5.94573 , 0
0.887444 , 5.96932 , 0
0.886997 , 5.99292 , 0
0.886551 , 6.01651 , 0
0.886105 , 6.0401 , 0
0.885659 , 6.06369 , 0
0.885212 , 6.08729 , 0
0.884766 , 6.11088 , 0
0.88432 , 6.13447 , 0
0.883874 , 6.15806 , 0
0.883427 , 6.18166 , 0
0.882981 , 6.20525 , 0
0.882535 , 6.22884 , 0
0.882089 , 6.25243 , 0
0.881642 , 6.27602 , 0
0.881196 , 6.29962 , 0
0.88075 , 6.32321 , 0
0.880304 , 6.3468 , 0
0.879857 , 6.37039 , 0
0.879411 , 6.39398 , 0
0.878965 , 6.41758 , 0
0.878519 , 6.44117 , 0
0.878072 , 6.46476 , 0
0.877626 , 6.48835 , 0
0.87718 , 6.51195 , 0
0.876734 , 6.53554 , 0
0.876287 , 6.55913 , 0
0.875841 , 6.58272 , 0
0.875395 , 6.60631 , 0
0.874949 , 6.62991 , 0
0.874503 , 6.6535 , 0
0.874056 , 6.67709 , 0
0.87361 , 6.70068 , 0
0.873164 , 6.72427 , 0
0.872718 , 6.74787 , 0
0.872272 , 6.77146 , 0
0.871825 , 6.79505 , 0
0.871379 , 6.81864 , 0
0.870933 , 6.84224 , 0
0.870487 , 6.86583 , 0
0.870041 , 6.88942 , 0
0.869594 , 6.91301 , 0
0.869148 , 6.9366 , 0
0.868702 , 6.9602 , 0
0.868256 , 6.98379 , 0
0.86781 , 7.00738 , 0
0.867363 , 7.03097 , 0
0.866917 , 7.05456 , 0
0.866471 , 7.07816 , 0
0.866025 , 7.10175 , 0
0.865579 , 7.12534 , 0
0.865133 , 7.14893 , 0
0.864686 , 7.17252 , 0
0.86424 , 7.19612 , 0
0.863794 , 7.21971 , 0
0.863348 , 7.2433 , 0
0.862902 , 7.26689 , 0
0.862456 , 7.29048 , 0
0.862009 , 7.31408 , 0
0.861563 , 7.33767 , 0
0.861117 , 7.36126 , 0
0.860671 , 7.38485 , 0
0.860225 , 7.40844 , 0
0.859779 , 7.43204 , 0
0.859333 , 7.45563 , 0
0.858886 , 7.47922 , 0
0.85844 , 7.50281 , 0
0.857994 , 7.5264 , 0
0.857548 , 7.54999 , 0
0.857102 , 7.57359 , 0
0.856656 , 7.59718 , 0
0.85621 , 7.62077 , 0
0.855763 , 7.64436 , 0
0.855317 , 7.66795 , 0
0.854871 , 7.69155 , 0
0.854425 , 7.71514 , 0
0.853979 , 7.73873 , 0
0.853533 , 7.76232 , 0
0.853087 , 7.78591 , 0
0.852641 , 7.80951 , 0
0.852194 , 7.8331 , 0
0.851748 , 7.85669 , 0
0.851302 , 7.88028 , 0
0.850856 , 7.90387 , 0
0.85041 , 7.92746 , 0
0.849964 , 7.95106 , 0
0.849518 , 7.97465 , 0
0.849072 , 7.99824 , 0
0.848625 , 8.02183 , 0
0.848179 , 8.04542 , 0
0.847733 , 8.06902 , 0
0.847287 , 8.09261 , 0
0.846841 , 8.1162 , 0
0.846395 , 8.13979 , 0
0.845949 , 8.16338 , 0
0.845503 , 8.18697 , 0
0.845057 , 8.21057 , 0
0.844611 , 8.23416 , 0
0.844164 , 8.25775 , 0
0.843718 , 8.28134 , 0
0.843272 , 8.30493 , 0
0.842826 , 8.32853 , 0
0.84238 , 8.35212 , 0
0.841934 , 8.37571 , 0
0.841488 , 8.3993 , 0
0.841042 , 8.42289 , 0
0.840596 , 8.44648 , 0
0.84015 , 8.47008 , 0
0.839704 , 8.49367 , 0
0.839258 , 8.51726 , 0
0.838811 , 8.54085 , 0
0.838365 , 8.56444 , 0
0.837919 , 8.58803 , 0
0.837473 , 8.61163 , 0
0.837027 , 8.63522 , 0
0.836581 , 8.65881 , 0
0.836135 , 8.6824 , 0
0.835689 , 8.70599 , 0
0.835243 , 8.72958 , 0
0.834797 , 8.75318 , 0
0.834351 , 8.77677 , 0
0.833905 , 8.80036 , 0
0.833459 , 8.82395 , 0
0.833013 , 8.84754 , 0
0.832567 , 8.87113 , 0
0.832121 , 8.89473 , 0
0.831674 , 8.91832 , 0
0.831228 , 8.94191 , 0
0.830782 , 8.9655 , 0
0.830336 , 8.98909 , 0
0.82989 , 9.01268 , 0
0.829444 , 9.03628 , 0
0.828998 , 9.05987 , 0
0.828552 , 9.08346 , 0
0.828106 , 9.10705 , 0
0.82766 , 9.13064 , 0
0.827214 , 9.15423 , 0
0.826768 , 9.17783 , 0
0.826322 , 9.20142 , 0
0.825876 , 9.22501 , 0
0.82543 , 9.2486 , 0
0.824984 , 9.27219 , 0
0.824538 , 9.29578 , 0
0.824092 , 9.31938 , 0
0.823646 , 9.34297 , 0
0.8232 , 9.36656 , 0
0.822754 , 9.39015 , 0
0.822308 , 9.41374 , 0
0.821862 , 9.43733 , 0
0.821416 , 9.46093 , 0
0.82097 , 9.48452 , 0
0.820524 , 9.50811 , 0
0.820078 , 9.5317 , 0
0.819631 , 9.55529 , 0
0.819185 , 9.57888 , 0
0.818739 , 9.60247 , 0
0.818293 , 9.62607 , 0
0.817847 , 9.64966 , 0
0.817401 , 9.67325 , 0
0.816955 , 9.69684 , 0
0.816509 , 9.72043 , 0
0.816063 , 9.74402 , 0
0.815617 , 9.76762 , 0
0.815171 , 9.79121 , 0
0.814725 , 9.8148 , 0
0.814279 , 9.83839 , 0
0.813833 , 9.86198 , 0
0.813387 , 9.88557 , 0
0.812941 , 9.90916 , 0
0.812495 , 9.93276 , 0
0.812049 , 9.95635 , 0
0.811603 , 9.97994 , 0
0.811157 , 10.0035 , 0
0.810711 , 10.0271 , 0
0.810265 , 10.0507 , 0
0.809819 , 10.0743 , 0
0.809373 , 10.0979 , 0
0.808927 , 10.1215 , 0
0.808481 , 10.1451 , 0
0.808035 , 10.1687 , 0
0.807589 , 10.1923 , 0
0.807143 , 10.2159 , 0
0.806697 , 10.2394 , 0
0.806251 , 10.263 , 0
0.805805 , 10.2866 , 0
0.805359 , 10.3102 , 0
0.804913 , 10.3338 , 0
0.804467 , 10.3574 , 0
0.804021 , 10.381 , 0
0.803575 , 10.4046 , 0
0.803129 , 10.4282 , 0
0.802684 , 10.4518 , 0
0.802238 , 10.4754 , 0
0.801792 , 10.499 , 0
0.801346 , 10.5225 , 0
0.8009 , 10.5461 , 0
0.800454 , 10.5697 , 0
0.800008 , 10.5933 , 0
0.799562 , 10.6169 , 0
0.799116 , 10.6405 , 0
0.79867 , 10.6641 , 0
0.798224 , 10.6877 , 0
0.797778 , 10.7113 , 0
0.797332 , 10.7349 , 0
0.796886 , 10.7585 , 0
0.79644 , 10.782 , 0
0.795994 , 10.8056 , 0
0.795548 , 10.8292 , 0
0.795102 , 10.8528 , 0
0.794656 , 10.8764 , 0
0.79421 , 10.9 , 0
0.793764 , 10.9236 , 0
0.793318 , 10.9472 , 0
0.792872 , 10.9708 , 0
0.792426 , 10.9944 , 0
0.79198 , 11.018 , 0
0.791534 , 11.0416 , 0
0.791088 , 11.0651 , 0
0.790642 , 11.0887 , 0
0.790196 , 11.1123 , 0
0.78975 , 11.1359 , 0
0.789305 , 11.1595 , 0
0.788859 , 11.1831 , 0
0.788413 , 11.2067 , 0
0.787967 , 11.2303 , 0
0.787521 , 11.2539 , 0
0.787075 , 11.2775 , 0
0.786629 , 11.3011 , 0
0.786183 , 11.3247 , 0
0.785737 , 11.3482 , 0
0.785291 , 11.3718 , 0
0.784845 , 11.3954 , 0
0.784399 , 11.419 , 0
0.783953 , 11.4426 , 0
0.783507 , 11.4662 , 0
0.783061 , 11.4898 , 0
0.782615 , 11.5134 , 0
0.782169 , 11.537 , 0
0.781723 , 11.5606 , 0
0.781277 , 11.5842 , 0
0.780832 , 11.6077 , 0
0.780386 , 11.6313 , 0
0.77994 , 11.6549 , 0
0.779494 , 11.6785 , 0
0.779048 , 11.7021 , 0
0.778602 , 11.7257 , 0
0.778156 , 11.7493 , 0
0.77771 , 11.7729 , 0
0.777264 , 11.7965 , 0
0.776818 , 11.8201 , 0
0.776372 , 11.8437 , 0
0.775926 , 11.8673 , 0
0.77548 , 11.8908 , 0
0.775034 , 11.9144 , 0
0.774588 , 11.938 , 0
0.774143 , 11.9616 , 0
0.773697 , 11.9852 , 0
0.773251 , 12.0088 , 0
0.772805 , 12.0324 , 0
0.772359 , 12.056 , 0
0.771913 , 12.0796 , 0
0.771467 , 12.1032 , 0
0.771021 , 12.1268 , 0
0.770575 , 12.1503 , 0
0.770129 , 12.1739 , 0
0.769683 , 12.1975 , 0
0.769237 , 12.2211 , 0
0.768791 , 12.2447 , 0
0.768346 , 12.2683 , 0
0.7679 , 12.2919 , 0
0.767454 , 12.3155 , 0
0.767008 , 12.3391 , 0
0.766562 , 12.3627 , 0
0.766116 , 12.3863 , 0
0.76567 , 12.4098 , 0
0.765224 , 12.4334 , 0
0.764778 , 12.457 , 0
0.764332 , 12.4806 , 0
0.763886 , 12.5042 , 0
0.763441 , 12.5278 , 0
0.762995 , 12.5514 , 0
0.762549 , 12.575 , 0
0.762103 , 12.5986 , 0
0.761657 , 12.6222 , 0
0.761211 , 12.6458 , 0
0.760765 , 12.6694 , 0
0.760319 , 12.6929 , 0
0.759873 , 12.7165 , 0
0.759427 , 12.7401 , 0
0.758981 , 12.7637 , 0
0.758536 , 12.7873 , 0
0.75809 , 12.8109 , 0
0.757644 , 12.8345 , 0
0.757198 , 12.8581 , 0
0.756752 , 12.8817 , 0
0.756306 , 12.9053 , 0
0.75586 , 12.9289 , 0
0.755414 , 12.9524 , 0
0.754968 , 12.976 , 0
0.754522 , 12.9996 , 0
0.754077 , 13.0232 , 0
0.753631 , 13.0468 , 0
0.753185 , 13.0704 , 0
0.752739 , 13.094 , 0
0.752293 , 13.1176 , 0
0.751847 , 13.1412 , 0
0.751401 , 13.1648 , 0
0.750955 , 13.1884 , 0
0.750509 , 13.212 , 0
0.750063 , 13.2355 , 0
0.749618 , 13.2591 , 0
0.749172 , 13.2827 , 0
0.748726 , 13.3063 , 0
0.74828 , 13.3299 , 0
0.747834 , 13.3535 , 0
0.747388 , 13.3771 , 0
0.746942 , 13.4007 , 0
0.746496 , 13.4243 , 0
0.74605 , 13.4479 , 0
0.745605 , 13.4715 , 0
0.745159 , 13.495 , 0
0.744713 , 13.5186 , 0
0.744267 , 13.5422 , 0
0.743821 , 13.5658 , 0
0.743375 , 13.5894 , 0
0.742929 , 13.613 , 0
0.742483 , 13.6366 , 0
0.742037 , 13.6602 , 0
0.741592 , 13.6838 , 0
0.741146 , 13.7074 , 0
0.7407 , 13.731 , 0
0.740254 , 13.7545 , 0
0.739808 , 13.7781 , 0
0.739362 , 13.8017 , 0
0.738916 , 13.8253 , 0
0.73847 , 13.8489 , 0
0.738025 , 13.8725 , 0
0.737579 , 13.8961 , 0
0.737133 , 13.9197 , 0
0.736687 , 13.9433 , 0
0.736241 , 13.9669 , 0
0.735795 , 13.9905 , 0
0.735349 , 14.014 , 0
0.734903 , 14.0376 , 0
0.734458 , 14.0612 , 0
0.734012 , 14.0848 , 0
0.733566 , 14.1084 , 0
0.73312 , 14.132 , 0
0.732674 , 14.1556 , 0
0.732228 , 14.1792 , 0
0.731782 , 14.2028 , 0
0.731336 , 14.2264 , 0
0.730891 , 14.25 , 0
0.730445 , 14.2736 , 0
0.729999 , 14.2971 , 0
0.729553 , 14.3207 , 0
0.729107 , 14.3443 , 0
0.728661 , 14.3679 , 0
0.728215 , 14.3915 , 0
0.72777 , 14.4151 , 0
0.727324 , 14.4387 , 0
0.726878 , 14.4623 , 0
0.726432 , 14.4859 , 0
0.725986 , 14.5095 , 0
0.72554 , 14.5331 , 0
0.725094 , 14.5566 , 0
0.724648 , 14.5802 , 0
0.724203 , 14.6038 , 0
0.723757 , 14.6274 , 0
0.723311 , 14.651 , 0
0.722865 , 14.6746 , 0
0.722419 , 14.6982 , 0
0.721973 , 14.7218 , 0
0.721527 , 14.7454 , 0
0.721082 , 14.769 , 0
0.720636 , 14.7926 , 0
0.72019 , 14.8161 , 0
0.719744 , 14.8397 , 0
0.719298 , 14.8633 , 0
0.718852 , 14.8869 , 0
0.718406 , 14.9105 , 0
0.717961 , 14.9341 , 0
0.717515 , 14.9577 , 0
0.717069 , 14.9813 , 0
0.716623 , 15.0049 , 0
0.716177 , 15.0285 , 0
0.715731 , 15.0521 , 0
0.715285 , 15.0756 , 0
0.71484 , 15.0992 , 0
0.714394 , 15.1228 , 0
0.713948 , 15.1464 , 0
0.713502 , 15.17 , 0
0.713056 , 15.1936 , 0
0.71261 , 15.2172 , 0
0.712164 , 15.2408 , 0
0.711719 , 15.2644 , 0
0.711273 , 15.288 , 0
0.710827 , 15.3116 , 0
0.710381 , 15.3351 , 0
0.709935 , 15.3587 , 0
0.709489 , 15.3823 , 0
0.709043 , 15.4059 , 0
0.708598 , 15.4295 , 0
0.708152 , 15.4531 , 0
0.707706 , 15.4767 , 0
0.70726 , 15.5003 , 0
0.706814 , 15.5239 , 0
0.706368 , 15.5475 , 0
0.705923 , 15.5711 , 0
0.705477 , 15.5946 , 0
0.705031 , 15.6182 , 0
0.704585 , 15.6418 , 0
0.704139 , 15.6654 , 0
0.703693 , 15.689 , 0
0.703247 , 15.7126 , 0
0.702802 , 15.7362 , 0
0.702356 , 15.7598 , 0
0.70191 , 15.7834 , 0
0.701464 , 15.807 , 0
0.701018 , 15.8306 , 0
0.700572 , 15.8541 , 0
0.700127 , 15.8777 , 0
0.699681 , 15.9013 , 0
0.699235 , 15.9249 , 0
0.698789 , 15.9485 , 0
0.698343 , 15.9721 , 0
0.697897 , 15.9957 , 0
0.697452 , 16.0193 , 0
0.697006 , 16.0429 , 0
0.69656 , 16.0665 , 0
0.696114 , 16.0901 , 0
0.695668 , 16.1136 , 0
0.695222 , 16.1372 , 0
0.694777 , 16.1608 , 0
0.694331 , 16.1844 , 0
0.693885 , 16.208 , 0
0.693439 , 16.2316 , 0
0.692993 , 16.2552 , 0
0.692547 , 16.2788 , 0
0.692102 , 16.3024 , 0
0.691656 , 16.326 , 0
0.69121 , 16.3496 , 0
0.690764 , 16.3731 , 0
0.690318 , 16.3967 , 0
0.689872 , 16.4203 , 0
0.689427 , 16.4439 , 0
0.688981 , 16.4675 , 0
0.688535 , 16.4911 , 0
0.688089 , 16.5147 , 0
0.687643 , 16.5383 , 0
0.687197 , 16.5619 , 0
0.686752 , 16.5855 , 0
0.686306 , 16.6091 , 0
0.68586 , 16.6326 , 0
0.685414 , 16.6562 , 0
0.684968 , 16.6798 , 0
0.684522 , 16.7034 , 0
0.684077 , 16.727 , 0
0.683631 , 16.7506 , 0
0.683185 , 16.7742 , 0
0.682739 , 16.7978 , 0
0.682293 , 16.8214 , 0
0.681847 , 16.845 , 0
0.681402 , 16.8686 , 0
0.680956 , 16.8921 , 0
0.68051 , 16.9157 , 0
0.680064 , 16.9393 , 0
0.679618 , 16.9629 , 0
0.679172 , 16.9865 , 0
0.678727 , 17.0101 , 0
0.678281 , 17.0337 , 0
0.677835 , 17.0573 , 0
0.677389 , 17.0809 , 0
0.676943 , 17.1045 , 0
0.676497 , 17.1281 , 0
0.676052 , 17.1516 , 0
0.675606 , 17.1752 , 0
0.67516 , 17.1988 , 0
0.674714 , 17.2224 , 0
0.674268 , 17.246 , 0
0.673823 , 17.2696 , 0
0.673377 , 17.2932 , 0
0.672931 , 17.3168 , 0
0.672485 , 17.3404 , 0
0.672039 , 17.364 , 0
0.671593 , 17.3876 , 0
0.671148 , 17.4111 , 0
0.670702 , 17.4347 , 0
0.670256 , 17.4583 , 0
0.66981 , 17.4819 , 0
0.669364 , 17.5055 , 0
0.668919 , 17.5291 , 0
0.668473 , 17.5527 , 0
0.668027 , 17.5763 , 0
0.667581 , 17.5999 , 0
0.667135 , 17.6235 , 0
0.666689 , 17.6471 , 0
0.666244 , 17.6706 , 0
0.665798 , 17.6942 , 0
0.665352 , 17.7178 , 0
0.664906 , 17.7414 , 0
0.66446 , 17.765 , 0
0.664015 , 17.7886 , 0
0.663569 , 17.8122 , 0
0.663123 , 17.8358 , 0
0.662677 , 17.8594 , 0
0.662231 , 17.883 , 0
0.661785 , 17.9066 , 0
0.66134 , 17.9301 , 0
0.660894 , 17.9537 , 0
0.660448 , 17.9773 , 0
0.660002 , 18.0009 , 0
0.659556 , 18.0245 , 0
0.659111 , 18.0481 , 0
0.658665 , 18.0717 , 0
0.658219 , 18.0953 , 0
0.657773 , 18.1189 , 0
0.657327 , 18.1425 , 0
0.656882 , 18.1661 , 0
0.656436 , 18.1896 , 0
0.65599 , 18.2132 , 0
0.655544 , 18.2368 , 0
0.655098 , 18.2604 , 0
0.654653 , 18.284 , 0
0.654207 , 18.3076 , 0
0.653761 , 18.3312 , 0
0.653315 , 18.3548 , 0
0.652869 , 18.3784 , 0
0.652423 , 18.402 , 0
0.651978 , 18.4256 , 0
0.651532 , 18.4491 , 0
0.651086 , 18.4727 , 0
0.65064 , 18.4963 , 0
0.650194 , 18.5199 , 0
0.649749 , 18.5435 , 0
0.649303 , 18.5671 , 0
0.648857 , 18.5907 , 0
0.648411 , 18.6143 , 0
0.647965 , 18.6379 , 0
0.64752 , 18.6615 , 0
0.647074 , 18.6851 , 0
0.646628 , 18.7086 , 0
0.646182 , 18.7322 , 0
0.645736 , 18.7558 , 0
0.645291 , 18.7794 , 0
0.644845 , 18.803 , 0
0.644399 , 18.8266 , 0
0.643953 , 18.8502 , 0
0.643507 , 18.8738 , 0
0.643062 , 18.8974 , 0
0.642616 , 18.921 , 0
0.64217 , 18.9446 , 0
0.641724 , 18.9681 , 0
0.641278 , 18.9917 , 0
0.640833 , 19.0153 , 0
0.640387 , 19.0389 , 0
0.639941 , 19.0625 , 0
0.639495 , 19.0861 , 0
0.639049 , 19.1097 , 0
0.638604 , 19.1333 , 0
0.638158 , 19.1569 , 0
0.637712 , 19.1805 , 0
0.637266 , 19.2041 , 0
0.63682 , 19.2276 , 0
0.636375 , 19.2512 , 0
0.635929 , 19.2748 , 0
0.635483 , 19.2984 , 0
0.635037 , 19.322 , 0
0.634591 , 19.3456 , 0
0.634146 , 19.3692 , 0
0.6337 , 19.3928 , 0
0.633254 , 19.4164 , 0
0.632808 , 19.44 , 0
0.632362 , 19.4635 , 0
0.631917 , 19.4871 , 0
0.631471 , 19.5107 , 0
0.631025 , 19.5343 , 0
0.630579 , 19.5579 , 0
0.630133 , 19.5815 , 0
0.629688 , 19.6051 , 0
0.629242 , 19.6287 , 0
0.628796 , 19.6523 , 0
0.62835 , 19.6759 , 0
0.627904 , 19.6995 , 0
0.627459 , 19.723 , 0
0.627013 , 19.7466 , 0
0.626567 , 19.7702 , 0
0.626121 , 19.7938 , 0
0.625675 , 19.8174 , 0
0.62523 , 19.841 , 0
0.624784 , 19.8646 , 0
0.624338 , 19.8882 , 0
0.623892 , 19.9118 , 0
0.623446 , 19.9354 , 0
0.623001 , 19.959 , 0
0.622555 , 19.9825 , 0
0.622109 , 20.0061 , 0
0.621663 , 20.0297 , 0
0.621217 , 20.0533 , 0
0.620772 , 20.0769 , 0
0.620326 , 20.1005 , 0
0.61988 , 20.1241 , 0
0.619434 , 20.1477 , 0
0.618989 , 20.1713 , 0
0.618543 , 20.1949 , 0
0.618097 , 20.2185 , 0
0.617651 , 20.242 , 0
0.617205 , 20.2656 , 0
0.61676 , 20.2892 , 0
0.616314 , 20.3128 , 0
0.615868 , 20.3364 , 0
0.615422 , 20.36 , 0
0.614976 , 20.3836 , 0
0.614531 , 20.4072 , 0
0.614085 , 20.4308 , 0
0.613639 , 20.4544 , 0
0.613193 , 20.478 , 0
0.612747 , 20.5015 , 0
0.612302 , 20.5251 , 0
0.611856 , 20.5487 , 0
0.61141 , 20.5723 , 0
0.610964 , 20.5959 , 0
0.610519 , 20.6195 , 0
0.610073 , 20.6431 , 0
0.609627 , 20.6667 , 0
0.609181 , 20.6903 , 0
0.608735 , 20.7139 , 0
0.60829 , 20.7374 , 0
0.607844 , 20.761 , 0
0.607398 , 20.7846 , 0
0.606952 , 20.8082 , 0
0.606506 , 20.8318 , 0
0.606061 , 20.8554 , 0
0.605615 , 20.879 , 0
0.605169 , 20.9026 , 0
0.604723 , 20.9262 , 0
0.604277 , 20.9498 , 0
0.603832 , 20.9734 , 0
0.603386 , 20.9969 , 0
0.60294 , 21.0205 , 0
0.602494 , 21.0441 , 0
0.602049 , 21.0677 , 0
0.601603 , 21.0913 , 0
0.601157 , 21.1149 , 0
0.600711 , 21.1385 , 0
0.600265 , 21.1621 , 0
0.59982 , 21.1857 , 0
0.599374 , 21.2093 , 0
0.598928 , 21.2329 , 0
0.598482 , 21.2564 , 0
0.598037 , 21.28 , 0
0.597591 , 21.3036 , 0
0.597145 , 21.3272 , 0
0.596699 , 21.3508 , 0
0.596253 , 21.3744 , 0
0.595808 , 21.398 , 0
0.595362 , 21.4216 , 0
0.594916 , 21.4452 , 0
0.59447 , 21.4688 , 0
0.594024 , 21.4924 , 0
0.593579 , 21.5159 , 0
0.593133 , 21.5395 , 0
0.592687 , 21.5631 , 0
0.592241 , 21.5867 , 0
0.591796 , 21.6103 , 0
0.59135 , 21.6339 , 0
0.590904 , 21.6575 , 0
0.590458 , 21.6811 , 0
0.590012 , 21.7047 , 0
0.589567 , 21.7283 , 0
0.589121 , 21.7518 , 0
0.588675 , 21.7754 , 0
0.588229 , 21.799 , 0
0.587784 , 21.8226 , 0
0.587338 , 21.8462 , 0
0.586892 , 21.8698 , 0
0.586446 , 21.8934 , 0
0.586 , 21.917 , 0
0.585555 , 21.9406 , 0
0.585109 , 21.9642 , 0
0.584663 , 21.9878 , 0
0.584217 , 22.0113 , 0
0.583772 , 22.0349 , 0
0.583326 , 22.0585 , 0
0.58288 , 22.0821 , 0
0.582434 , 22.1057 , 0
0.581988 , 22.1293 , 0
0.581543 , 22.1529 , 0
0.581097 , 22.1765 , 0
0.580651 , 22.2001 , 0
0.580205 , 22.2237 , 0
0.57976 , 22.2473 , 0
0.579314 , 22.2708 , 0
0.578868 , 22.2944 , 0
0.578422 , 22.318 , 0
0.577976 , 22.3416 , 0
0.577531 , 22.3652 , 0
0.577085 , 22.3888 , 0
0.576639 , 22.4124 , 0
0.576193 , 22.436 , 0
0.575748 , 22.4596 , 0
0.575302 , 22.4832 , 0
0.574856 , 22.5068 , 0
0.57441 , 22.5303 , 0
0.573965 , 22.5539 , 0
0.573519 , 22.5775 , 0
0.573073 , 22.6011 , 0
0.572627 , 22.6247 , 0
0.572181 , 22.6483 , 0
0.571736 , 22.6719 , 0
0.57129 , 22.6955 , 0
0.570844 , 22.7191 , 0
0.570398 , 22.7427 , 0
0.569953 , 22.7662 , 0
0.569507 , 22.7898 , 0
0.569061 , 22.8134 , 0
0.568615 , 22.837 , 0
0.568169 , 22.8606 , 0
0.567724 , 22.8842 , 0
0.567278 , 22.9078 , 0
0.566832 , 22.9314 , 0
0.566386 , 22.955 , 0
0.565941 , 22.9786 , 0
0.565495 , 23.0022 , 0
0.565049 , 23.0257 , 0
0.564603 , 23.0493 , 0
0.564158 , 23.0729 , 0
0.563712 , 23.0965 , 0
0.563266 , 23.1201 , 0
0.56282 , 23.1437 , 0
0.562374 , 23.1673 , 0
0.561929 , 23.1909 , 0
0.561483 , 23.2145 , 0
0.561037 , 23.2381 , 0
0.560591 , 23.2617 , 0
0.560146 , 23.2852 , 0
0.5597 , 23.3088 , 0
0.559254 , 23.3324 , 0
0.558808 , 23.356 , 0
0.558363 , 23.3796 , 0
0.557917 , 23.4032 , 0
0.557471 , 23.4268 , 0
0.557025 , 23.4504 , 0
0.556579 , 23.474 , 0
0.556134 , 23.4976 , 0
0.555688 , 23.5211 , 0
0.555242 , 23.5447 , 0
0.554796 , 23.5683 , 0
0.554351 , 23.5919 , 0
0.553905 , 23.6155 , 0
0.553459 , 23.6391 , 0
0.553013 , 23.6627 , 0
0.552568 , 23.6863 , 0
0.552122 , 23.7099 , 0
0.551676 , 23.7335 , 0
0.55123 , 23.7571 , 0
0.550784 , 23.7806 , 0
0.550339 , 23.8042 , 0
0.549893 , 23.8278 , 0
0.549447 , 23.8514 , 0
0.549001 , 23.875 , 0
0.548556 , 23.8986 , 0
0.54811 , 23.9222 , 0
0.547664 , 23.9458 , 0
0.547218 , 23.9694 , 0
0.546773 , 23.993 , 0
0.546327 , 24.0166 , 0
0.545881 , 24.0401 , 0
0.545435 , 24.0637 , 0
0.54499 , 24.0873 , 0
0.544544 , 24.1109 , 0
0.544098 , 24.1345 , 0
0.543652 , 24.1581 , 0
0.543206 , 24.1817 , 0
0.542761 , 24.2053 , 0
0.542315 , 24.2289 , 0
0.541869 , 24.2525 , 0
0.541423 , 24.276 , 0
0.540978 , 24.2996 , 0
0.540532 , 24.3232 , 0
0.540086 , 24.3468 , 0
0.53964 , 24.3704 , 0
0.539195 , 24.394 , 0
0.538749 , 24.4176 , 0
0.538303 , 24.4412 , 0
0.537857 , 24.4648 , 0
0.537412 , 24.4884 , 0
0.536966 , 24.512 , 0
0.53652 , 24.5355 , 0
0.536074 , 24.5591 , 0
0.535628 , 24.5827 , 0
0.535183 , 24.6063 , 0
0.534737 , 24.6299 , 0
0.534291 , 24.6535 , 0
0.533845 , 24.6771 , 0
0.5334 , 24.7007 , 0
0.532954 , 24.7243 , 0
0.532508 , 24.7479 , 0
0.532062 , 24.7715 , 0
0.531617 , 24.795 , 0
0.531171 , 24.8186 , 0
0.530725 , 24.8422 , 0
0.530279 , 24.8658 , 0
0.529834 , 24.8894 , 0
0.529388 , 24.913 , 0
0.528942 , 24.9366 , 0
0.528496 , 24.9602 , 0
0.528051 , 24.9838 , 0
0.527605 , 25.0074 , 0
0.527159 , 25.0309 , 0
0.526713 , 25.0545 , 0
0.526268 , 25.0781 , 0
0.525822 , 25.1017 , 0
0.525376 , 25.1253 , 0
0.52493 , 25.1489 , 0
0.524484 , 25.1725 , 0
0.524039 , 25.1961 , 0
0.523593 , 25.2197 , 0
0.523147 , 25.2433 , 0
0.522701 , 25.2669 , 0
0.522256 , 25.2904 , 0
0.52181 , 25.314 , 0
0.521364 , 25.3376 , 0
0.520918 , 25.3612 , 0
0.520473 , 25.3848 , 0
0.520027 , 25.4084 , 0
0.519581 , 25.432 , 0
0.519135 , 25.4556 , 0
0.51869 , 25.4792 , 0
0.518244 , 25.5028 , 0
0.517798 , 25.5263 , 0
0.517352 , 25.5499 , 0
0.516907 , 25.5735 , 0
0.516461 , 25.5971 , 0
0.516015 , 25.6207 , 0
0.515569 , 25.6443 , 0
0.515124 , 25.6679 , 0
0.514678 , 25.6915 , 0
0.514232 , 25.7151 , 0
0.513786 , 25.7387 , 0
0.513341 , 25.7623 , 0
0.512895 , 25.7858 , 0
0.512449 , 25.8094 , 0
0.512003 , 25.833 , 0
0.511557 , 25.8566 , 0
0.511112 , 25.8802 , 0
0.510666 , 25.9038 , 0
0.51022 , 25.9274 , 0
0.509774 , 25.951 , 0
0.509329 , 25.9746 , 0
0.508883 , 25.9982 , 0
0.508437 , 26.0218 , 0
0.507991 , 26.0453 , 0
0.507546 , 26.0689 , 0
0.5071 , 26.0925 , 0
0.506654 , 26.1161 , 0
0.506208 , 26.1397 , 0
0.505763 , 26.1633 , 0
0.505317 , 26.1869 , 0
0.504871 , 26.2105 , 0
0.504425 , 26.2341 , 0
0.50398 , 26.2577 , 0
0.503534 , 26.2812 , 0
0.503088 , 26.3048 , 0
0.502642 , 26.3284 , 0
0.502197 , 26.352 , 0
0.501751 , 26.3756 , 0
0.501305 , 26.3992 , 0
0.500859 , 26.4228 , 0
0.500414 , 26.4464 , 0
0.499968 , 26.47 , 0
0.499522 , 26.4936 , 0
0.499076 , 26.5172 , 0
0.498631 , 26.5407 , 0
0.498185 , 26.5643 , 0
0.497739 , 26.5879 , 0
0.497293 , 26.6115 , 0
0.496848 , 26.6351 , 0
0.496402 , 26.6587 , 0
0.495956 , 26.6823 , 0
0.49551 , 26.7059 , 0
0.495065 , 26.7295 , 0
0.494619 , 26.7531 , 0
0.494173 , 26.7766 , 0
0.493727 , 26.8002 , 0
0.493282 , 26.8238 , 0
0.492836 , 26.8474 , 0
0.49239 , 26.871 , 0
0.491944 , 26.8946 , 0
0.491499 , 26.9182 , 0
0.491053 , 26.9418 , 0
0.490607 , 26.9654 , 0
0.490161 , 26.989 , 0
0.489716 , 27.0126 , 0
0.48927 , 27.0361 , 0
0.488824 , 27.0597 , 0
0.488378 , 27.0833 , 0
0.487933 , 27.1069 , 0
0.487487 , 27.1305 , 0
0.487041 , 27.1541 , 0
0.486595 , 27.1777 , 0
0.48615 , 27.2013 , 0
0.485704 , 27.2249 , 0
0.485258 , 27.2485 , 0
0.484812 , 27.272 , 0
0.484367 , 27.2956 , 0
0.483921 , 27.3192 , 0
0.483475 , 27.3428 , 0
0.483029 , 27.3664 , 0
0.482584 , 27.39 , 0
0.482138 , 27.4136 , 0
0.481692 , 27.4372 , 0
0.481246 , 27.4608 , 0
0.480801 , 27.4844 , 0
0.480355 , 27.508 , 0
0.479909 , 27.5315 , 0
0.479463 , 27.5551 , 0
0.479018 , 27.5787 , 0
0.478572 , 27.6023 , 0
0.478126 , 27.6259 , 0
0.47768 , 27.6495 , 0
0.477235 , 27.6731 , 0
0.476789 , 27.6967 , 0
0.476343 , 27.7203 , 0
0.475897 , 27.7439 , 0
0.475452 , 27.7674 , 0
0.475006 , 27.791 , 0
0.47456 , 27.8146 , 0
0.474114 , 27.8382 , 0
0.473669 , 27.8618 , 0
0.473223 , 27.8854 , 0
0.472777 , 27.909 , 0
0.472331 , 27.9326 , 0
0.471886 , 27.9562 , 0
0.47144 , 27.9798 , 0
0.470994 , 28.0034 , 0
0.470548 , 28.0269 , 0
0.470103 , 28.0505 , 0
0.469657 , 28.0741 , 0
0.469211 , 28.0977 , 0
0.468765 , 28.1213 , 0
0.46832 , 28.1449 , 0
0.467874 , 28.1685 , 0
0.467428 , 28.1921 , 0
0.466982 , 28.2157 , 0
0.466537 , 28.2393 , 0
0.466091 , 28.2628 , 0
0.465645 , 28.2864 , 0
0.465199 , 28.31 , 0
0.464754 , 28.3336 , 0
0.464308 , 28.3572 , 0
0.463862 , 28.3808 , 0
0.463416 , 28.4044 , 0
0.462971 , 28.428 , 0
0.462525 , 28.4516 , 0
0.462079 , 28.4752 , 0
0.461633 , 28.4988 , 0
0.461188 , 28.5223 , 0
0.460742 , 28.5459 , 0
0.460296 , 28.5695 , 0
0.45985 , 28.5931 , 0
0.459405 , 28.6167 , 0
0.458959 , 28.6403 , 0
0.458513 , 28.6639 , 0
0.458067 , 28.6875 , 0
0.457622 , 28.7111 , 0
0.457176 , 28.7347 , 0
0.45673 , 28.7582 , 0
0.456284 , 28.7818 , 0
0.455839 , 28.8054 , 0
0.455393 , 28.829 , 0
0.454947 , 28.8526 , 0
0.454501 , 28.8762 , 0
0.454056 , 28.8998 , 0
0.45361 , 28.9234 , 0
0.453164 , 28.947 , 0
0.452719 , 28.9706 , 0
0.452273 , 28.9942 , 0
0.451827 , 29.0177 , 0
0.451381 , 29.0413 , 0
0.450936 , 29.0649 , 0
0.45049 , 29.0885 , 0
0.450044 , 29.1121 , 0
0.449598 , 29.1357 , 0
0.449153 , 29.1593 , 0
0.448707 , 29.1829 , 0
0.448261 , 29.2065 , 0
0.447815 , 29.2301 , 0
0.44737 , 29.2536 , 0
0.446924 , 29.2772 , 0
0.446478 , 29.3008 , 0
0.446032 , 29.3244 , 0
0.445587 , 29.348 , 0
0.445141 , 29.3716 , 0
0.444695 , 29.3952 , 0
0.444249 , 29.4188 , 0
0.443804 , 29.4424 , 0
0.443358 , 29.466 , 0
0.442912 , 29.4896 , 0
0.442466 , 29.5131 , 0
0.442021 , 29.5367 , 0
0.441575 , 29.5603 , 0
0.441129 , 29.5839 , 0
0.440683 , 29.6075 , 0
0.440238 , 29.6311 , 0
0.439792 , 29.6547 , 0
0.439346 , 29.6783 , 0
0.4389 , 29.7019 , 0
0.438455 , 29.7255 , 0
0.438009 , 29.749 , 0
0.437563 , 29.7726 , 0
0.437117 , 29.7962 , 0
0.436672 , 29.8198 , 0
0.436226 , 29.8434 , 0
0.43578 , 29.867 , 0
0.435335 , 29.8906 , 0
0.434889 , 29.9142 , 0
0.434443 , 29.9378 , 0
0.433997 , 29.9614 , 0
0.433552 , 29.985 , 0
0.433106 , 30.0085 , 0
0.43266 , 30.0321 , 0
0.432214 , 30.0557 , 0
0.431769 , 30.0793 , 0
0.431323 , 30.1029 , 0
0.430877 , 30.1265 , 0
0.430431 , 30.1501 , 0
0.429986 , 30.1737 , 0
0.42954 , 30.1973 , 0
0.429094 , 30.2209 , 0
0.428648 , 30.2444 , 0
0.428203 , 30.268 , 0
0.427757 , 30.2916 , 0
0.427311 , 30.3152 , 0
0.426865 , 30.3388 , 0
0.42642 , 30.3624 , 0
0.425974 , 30.386 , 0
0.425528 , 30.4096 , 0
0.425082 , 30.4332 , 0
0.424637 , 30.4568 , 0
0.424191 , 30.4804 , 0
0.423745 , 30.5039 , 0
0.4233 , 30.5275 , 0
0.422854 , 30.5511 , 0
0.422408 , 30.5747 , 0
0.421962 , 30.5983 , 0
0.421517 , 30.6219 , 0
0.421071 , 30.6455 , 0
0.420625 , 30.6691 , 0
0.420179 , 30.6927 , 0
0.419734 , 30.7163 , 0
0.419288 , 30.7398 , 0
0.418842 , 30.7634 , 0
0.418396 , 30.787 , 0
0.417951 , 30.8106 , 0
0.417505 , 30.8342 , 0
0.417059 , 30.8578 , 0
0.416613 , 30.8814 , 0
0.416168 , 30.905 , 0
0.415722 , 30.9286 , 0
0.415276 , 30.9522 , 0
0.41483 , 30.9758 , 0
0.414385 , 30.9993 , 0
0.413939 , 31.0229 , 0
0.413493 , 31.0465 , 0
0.413048 , 31.0701 , 0
0.412602 , 31.0937 , 0
0.412156 , 31.1173 , 0
0.41171 , 31.1409 , 0
0.411265 , 31.1645 , 0
0.410819 , 31.1881 , 0
0.410373 , 31.2117 , 0
0.409927 , 31.2352 , 0
0.409482 , 31.2588 , 0
0.409036 , 31.2824 , 0
0.40859 , 31.306 , 0
0.408144 , 31.3296 , 0
0.407699 , 31.3532 , 0
0.407253 , 31.3768 , 0
0.406807 , 31.4004 , 0
0.406361 , 31.424 , 0
0.405916 , 31.4476 , 0
0.40547 , 31.4712 , 0
0.405024 , 31.4947 , 0
0.404579 , 31.5183 , 0
0.404133 , 31.5419 , 0
0.403687 , 31.5655 , 0
0.403241 , 31.5891 , 0
0.402796 , 31.6127 , 0
0.40235 , 31.6363 , 0
0.401904 , 31.6599 , 0
0.401458 , 31.6835 , 0
0.401013 , 31.7071 , 0
0.400567 , 31.7306 , 0
0.400121 , 31.7542 , 0
0.399675 , 31.7778 , 0
0.39923 , 31.8014 , 0
0.398784 , 31.825 , 0
0.398338 , 31.8486 , 0
0.397892 , 31.8722 , 0
0.397447 , 31.8958 , 0
0.397001 , 31.9194 , 0
0.396555 , 31.943 , 0
0.39611 , 31.9666 , 0
0.395664 , 31.9901 , 0
0.395218 , 32.0137 , 0
0.394772 , 32.0373 , 0
0.394327 , 32.0609 , 0
0.393881 , 32.0845 , 0
0.393435 , 32.1081 , 0
0.392989 , 32.1317 , 0
0.392544 , 32.1553 , 0
0.392098 , 32.1789 , 0
0.391652 , 32.2025 , 0
0.391206 , 32.226 , 0
0.390761 , 32.2496 , 0
0.390315 , 32.2732 , 0
0.389869 , 32.2968 , 0
0.389424 , 32.3204 , 0
0.388978 , 32.344 , 0
0.388532 , 32.3676 , 0
0.388086 , 32.3912 , 0
0.387641 , 32.4148 , 0
0.387195 , 32.4384 , 0
0.386749 , 32.4619 , 0
0.386303 , 32.4855 , 0
0.385858 , 32.5091 , 0
0.385412 , 32.5327 , 0
0.384966 , 32.5563 , 0
0.38452 , 32.5799 , 0
0.384075 , 32.6035 , 0
0.383629 , 32.6271 , 0
0.383183 , 32.6507 , 0
0.382737 , 32.6743 , 0
0.382292 , 32.6979 , 0
0.381846 , 32.7214 , 0
0.3814 , 32.745 , 0
0.380955 , 32.7686 , 0
0.380509 , 32.7922 , 0
0.380063 , 32.8158 , 0
0.379617 , 32.8394 , 0
0.379172 , 32.863 , 0
0.378726 , 32.8866 , 0
0.37828 , 32.9102 , 0
0.377834 , 32.9338 , 0
0.377389 , 32.9573 , 0
0.376943 , 32.9809 , 0
0.376497 , 33.0045 , 0
0.376051 , 33.0281 , 0
0.375606 , 33.0517 , 0
0.37516 , 33.0753 , 0
0.374714 , 33.0989 , 0
0.374269 , 33.1225 , 0
0.373823 , 33.1461 , 0
0.373377 , 33.1697 , 0
0.372931 , 33.1933 , 0
0.372486 , 33.2168 , 0
0.37204 , 33.2404 , 0
0.371594 , 33.264 , 0
0.371148 , 33.2876 , 0
0.370703 , 33.3112 , 0
0.370257 , 33.3348 , 0
0.369811 , 33.3584 , 0
0.369365 , 33.382 , 0
0.36892 , 33.4056 , 0
0.368474 , 33.4292 , 0
0.368028 , 33.4527 , 0
0.367583 , 33.4763 , 0
0.367137 , 33.4999 , 0
0.366691 , 33.5235 , 0
0.366245 , 33.5471 , 0
0.3658 , 33.5707 , 0
0.365354 , 33.5943 , 0
0.364908 , 33.6179 , 0
0.364462 , 33.6415 , 0
0.364017 , 33.6651 , 0
0.363571 , 33.6887 , 0
0.363125 , 33.7122 , 0
0.36268 , 33.7358 , 0
0.362234 , 33.7594 , 0
0.361788 , 33.783 , 0
0.361342 , 33.8066 , 0
0.360897 , 33.8302 , 0
0.360451 , 33.8538 , 0
0.360005 , 33.8774 , 0
0.359559 , 33.901 , 0
0.359114 , 33.9246 , 0
0.358668 , 33.9481 , 0
0.358222 , 33.9717 , 0
0.357776 , 33.9953 , 0
0.357331 , 34.0189 , 0
0.356885 , 34.0425 , 0
0.356439 , 34.0661 , 0
0.355994 , 34.0897 , 0
0.355548 , 34.1133 , 0
0.355102 , 34.1369 , 0
0.354656 , 34.1605 , 0
0.354211 , 34.184 , 0
0.353765 , 34.2076 , 0
0.353319 , 34.2312 , 0
0.352873 , 34.2548 , 0
0.352428 , 34.2784 , 0
0.351982 , 34.302 , 0
0.351536 , 34.3256 , 0
0.351091 , 34.3492 , 0
0.350645 , 34.3728 , 0
0.350199 , 34.3964 , 0
0.349753 , 34.42 , 0
0.349308 , 34.4435 , 0
0.348862 , 34.4671 , 0
0.348416 , 34.4907 , 0
0.34797 , 34.5143 , 0
0.347525 , 34.5379 , 0
0.347079 , 34.5615 , 0
0.346633 , 34.5851 , 0
0.346187 , 34.6087 , 0
0.345742 , 34.6323 , 0
0.345296 , 34.6559 , 0
0.34485 , 34.6794 , 0
0.344405 , 34.703 , 0
0.343959 , 34.7266 , 0
0.343513 , 34.7502 , 0
0.343067 , 34.7738 , 0
0.342622 , 34.7974 , 0
0.342176 , 34.821 , 0
0.34173 , 34.8446 , 0
0.341284 , 34.8682 , 0
0.340839 , 34.8918 , 0
0.340393 , 34.9154 , 0
0.339947 , 34.9389 , 0
0.339502 , 34.9625 , 0
0.339056 , 34.9861 , 0
0.33861 , 35.0097 , 0
0.338164 , 35.0333 , 0
0.337719 , 35.0569 , 0
0.337273 , 35.0805 , 0
0.336827 , 35.1041 , 0
0.336381 , 35.1277 , 0
0.335936 , 35.1513 , 0
0.33549 , 35.1748 , 0
0.335044 , 35.1984 , 0
0.334599 , 35.222 , 0
0.334153 , 35.2456 , 0
0.333707 , 35.2692 , 0
0.333261 , 35.2928 , 0
0.332816 , 35.3164 , 0
0.33237 , 35.34 , 0
0.331924 , 35.3636 , 0
0.331478 , 35.3872 , 0
0.331033 , 35.4107 , 0
0.330587 , 35.4343 , 0
0.330141 , 35.4579 , 0
0.329696 , 35.4815 , 0
0.32925 , 35.5051 , 0
0.328804 , 35.5287 , 0
0.328358 , 35.5523 , 0
0.327913 , 35.5759 , 0
0.327467 , 35.5995 , 0
0.327021 , 35.6231 , 0
0.326575 , 35.6467 , 0
0.32613 , 35.6702 , 0
0.325684 , 35.6938 , 0
0.325238 , 35.7174 , 0
0.324793 , 35.741 , 0
0.324347 , 35.7646 , 0
0.323901 , 35.7882 , 0
0.323455 , 35.8118 , 0
0.32301 , 35.8354 , 0
0.322564 , 35.859 , 0
0.322118 , 35.8826 , 0
0.321672 , 35.9061 , 0
0.321227 , 35.9297 , 0
0.320781 , 35.9533 , 0
0.320335 , 35.9769 , 0
0.31989 , 36.0005 , 0
0.319444 , 36.0241 , 0
0.318998 , 36.0477 , 0
0.318552 , 36.0713 , 0
0.318107 , 36.0949 , 0
0.317661 , 36.1185 , 0
0.317215 , 36.142 , 0
0.316769 , 36.1656 , 0
0.316324 , 36.1892 , 0
0.315878 , 36.2128 , 0
0.315432 , 36.2364 , 0
0.314987 , 36.26 , 0
0.314541 , 36.2836 , 0
0.314095 , 36.3072 , 0
0.313649 , 36.3308 , 0
0.313204 , 36.3544 , 0
0.312758 , 36.378 , 0
0.312312 , 36.4015 , 0
0.311866 , 36.4251 , 0
0.311421 , 36.4487 , 0
0.310975 , 36.4723 , 0
0.310529 , 36.4959 , 0
0.310084 , 36.5195 , 0
0.309638 , 36.5431 , 0
0.309192 , 36.5667 , 0
0.308746 , 36.5903 , 0
0.308301 , 36.6139 , 0
0.307855 , 36.6374 , 0
0.307409 , 36.661 , 0
0.306963 , 36.6846 , 0
0.306518 , 36.7082 , 0
0.306072 , 36.7318 , 0
0.305626 , 36.7554 , 0
0.305181 , 36.779 , 0
0.304735 , 36.8026 , 0
0.304289 , 36.8262 , 0
0.303843 , 36.8498 , 0
0.303398 , 36.8734 , 0
0.302952 , 36.8969 , 0
0.302506 , 36.9205 , 0
0.30206 , 36.9441 , 0
0.301615 , 36.9677 , 0
0.301169 , 36.9913 , 0
0.300723 , 37.0149 , 0
0.300278 , 37.0385 , 0
0.299832 , 37.0621 , 0
0.299386 , 37.0857 , 0
0.29894 , 37.1093 , 0
0.298495 , 37.1328 , 0
0.298049 , 37.1564 , 0
0.297603 , 37.18 , 0
0.297157 , 37.2036 , 0
0.296712 , 37.2272 , 0
0.296266 , 37.2508 , 0
0.29582 , 37.2744 , 0
0.295375 , 37.298 , 0
0.294929 , 37.3216 , 0
0.294483 , 37.3452 , 0
0.294037 , 37.3687 , 0
0.293592 , 37.3923 , 0
0.293146 , 37.4159 , 0
0.2927 , 37.4395 , 0
0.292254 , 37.4631 , 0
0.291809 , 37.4867 , 0
0.291363 , 37.5103 , 0
0.290917 , 37.5339 , 0
0.290472 , 37.5575 , 0
0.290026 , 37.5811 , 0
0.28958 , 37.6047 , 0
0.289134 , 37.6282 , 0
0.288689 , 37.6518 , 0
0.288243 , 37.6754 , 0
0.287797 , 37.699 , 0
0.287352 , 37.7226 , 0
0.286906 , 37.7462 , 0
0.28646 , 37.7698 , 0
0.286014 , 37.7934 , 0
0.285569 , 37.817 , 0
0.285123 , 37.8406 , 0
0.284677 , 37.8641 , 0
0.284231 , 37.8877 , 0
0.283786 , 37.9113 , 0
0.28334 , 37.9349 , 0
0.282894 , 37.9585 , 0
0.282449 , 37.9821 , 0
0.282003 , 38.0057 , 0
0.281557 , 38.0293 , 0
0.281111 , 38.0529 , 0
0.280666 , 38.0765 , 0
0.28022 , 38.1 , 0
0.279774 , 38.1236 , 0
0.279328 , 38.1472 , 0
0.278883 , 38.1708 , 0
0.278437 , 38.1944 , 0
0.277991 , 38.218 , 0
0.277546 , 38.2416 , 0
0.2771 , 38.2652 , 0
0.276654 , 38.2888 , 0
0.276208 , 38.3124 , 0
0.275763 , 38.336 , 0
0.275317 , 38.3595 , 0
0.274871 , 38.3831 , 0
0.274426 , 38.4067 , 0
0.27398 , 38.4303 , 0
0.273534 , 38.4539 , 0
0.273088 , 38.4775 , 0
0.272643 , 38.5011 , 0
0.272197 , 38.5247 , 0
0.271751 , 38.5483 , 0
0.271305 , 38.5719 , 0
0.27086 , 38.5954 , 0
0.270414 , 38.619 , 0
0.269968 , 38.6426 , 0
0.269523 , 38.6662 , 0
0.269077 , 38.6898 , 0
0.268631 , 38.7134 , 0
0.268185 , 38.737 , 0
0.26774 , 38.7606 , 0
0.267294 , 38.7842 , 0
0.266848 , 38.8078 , 0
0.266403 , 38.8313 , 0
0.265957 , 38.8549 , 0
0.265511 , 38.8785 , 0
0.265065 , 38.9021 , 0
0.26462 , 38.9257 , 0
0.264174 , 38.9493 , 0
0.263728 , 38.9729 , 0
0.263282 , 38.9965 , 0
0.262837 , 39.0201 , 0
0.262391 , 39.0437 , 0
0.261945 , 39.0673 , 0
0.2615 , 39.0908 , 0
0.261054 , 39.1144 , 0
0.260608 , 39.138 , 0
0.260162 , 39.1616 , 0
0.259717 , 39.1852 , 0
0.259271 , 39.2088 , 0
0.258825 , 39.2324 , 0
0.25838 , 39.256 , 0
0.257934 , 39.2796 , 0
0.257488 , 39.3032 , 0
0.257042 , 39.3267 , 0
0.256597 , 39.3503 , 0
0.256151 , 39.3739 , 0
0.255705 , 39.3975 , 0
0.255259 , 39.4211 , 0
0.254814 , 39.4447 , 0
0.254368 , 39.4683 , 0
0.253922 , 39.4919 , 0
0.253477 , 39.5155 , 0
0.253031 , 39.5391 , 0
0.252585 , 39.5626 , 0
0.252139 , 39.5862 , 0
0.251694 , 39.6098 , 0
0.251248 , 39.6334 , 0
0.250802 , 39.657 , 0
0.250357 , 39.6806 , 0
0.249911 , 39.7042 , 0
0.249465 , 39.7278 , 0
0.249019 , 39.7514 , 0
0.248574 , 39.775 , 0
0.248128 , 39.7986 , 0
0.247682 , 39.8221 , 0
0.247236 , 39.8457 , 0
0.246791 , 39.8693 , 0
0.246345 , 39.8929 , 0
0.245899 , 39.9165 , 0
0.245454 , 39.9401 , 0
0.245008 , 39.9637 , 0
0.244562 , 39.9873 , 0
0.244116 , 40.0109 , 0
0.243671 , 40.0345 , 0
0.243225 , 40.058 , 0
0.242779 , 40.0816 , 0
0.242334 , 40.1052 , 0
0.241888 , 40.1288 , 0
0.241442 , 40.1524 , 0
0.240996 , 40.176 , 0
0.240551 , 40.1996 , 0
0.240105 , 40.2232 , 0
0.239659 , 40.2468 , 0
0.239214 , 40.2704 , 0
0.238768 , 40.2939 , 0
0.238322 , 40.3175 , 0
0.237876 , 40.3411 , 0
0.237431 , 40.3647 , 0
0.236985 , 40.3883 , 0
0.236539 , 40.4119 , 0
0.236093 , 40.4355 , 0
0.235648 , 40.4591 , 0
0.235202 , 40.4827 , 0
0.234756 , 40.5063 , 0
0.234311 , 40.5299 , 0
0.233865 , 40.5534 , 0
0.233419 , 40.577 , 0
0.232973 , 40.6006 , 0
0.232528 , 40.6242 , 0
0.232082 , 40.6478 , 0
0.231636 , 40.6714 , 0
0.231191 , 40.695 , 0
0.230745 , 40.7186 , 0
0.230299 , 40.7422 , 0
0.229853 , 40.7658 , 0
0.229408 , 40.7893 , 0
0.228962 , 40.8129 , 0
0.228516 , 40.8365 , 0
0.228071 , 40.8601 , 0
0.227625 , 40.8837 , 0
0.227179 , 40.9073 , 0
0.226733 , 40.9309 , 0
0.226288 , 40.9545 , 0
0.225842 , 40.9781 , 0
0.225396 , 41.0017 , 0
0.22495 , 41.0252 , 0
0.224505 , 41.0488 , 0
0.224059 , 41.0724 , 0
0.223613 , 41.096 , 0
0.223168 , 41.1196 , 0
0.222722 , 41.1432 , 0
0.222276 , 41.1668 , 0
0.22183 , 41.1904 , 0
0.221385 , 41.214 , 0
0.220939 , 41.2376 , 0
0.220493 , 41.2611 , 0
0.220048 , 41.2847 , 0
0.219602 , 41.3083 , 0
0.219156 , 41.3319 , 0
0.21871 , 41.3555 , 0
0.218265 , 41.3791 , 0
0.217819 , 41.4027 , 0
0.217373 , 41.4263 , 0
0.216928 , 41.4499 , 0
0.216482 , 41.4735 , 0
0.216036 , 41.4971 , 0
0.21559 , 41.5206 , 0
0.215145 , 41.5442 , 0
0.214699 , 41.5678 , 0
0.214253 , 41.5914 , 0
0.213807 , 41.615 , 0
0.213362 , 41.6386 , 0
0.212916 , 41.6622 , 0
0.21247 , 41.6858 , 0
0.212025 , 41.7094 , 0
0.211579 , 41.733 , 0
0.211133 , 41.7565 , 0
0.210687 , 41.7801 , 0
0.210242 , 41.8037 , 0
0.209796 , 41.8273 , 0
0.20935 , 41.8509 , 0
0.208905 , 41.8745 , 0
0.208459 , 41.8981 , 0
0.208013 , 41.9217 , 0
0.207567 , 41.9453 , 0
0.207122 , 41.9689 , 0
0.206676 , 41.9924 , 0
0.20623 , 42.016 , 0
0.205785 , 42.0396 , 0
0.205339 , 42.0632 , 0
0.204893 , 42.0868 , 0
0.204447 , 42.1104 , 0
0.204002 , 42.134 , 0
0.203556 , 42.1576 , 0
0.20311 , 42.1812 , 0
0.202665 , 42.2048 , 0
0.202219 , 42.2284 , 0
0.201773 , 42.2519 , 0
0.201327 , 42.2755 , 0
0.200882 , 42.2991 , 0
0.200436 , 42.3227 , 0
0.19999 , 42.3463 , 0
0.199545 , 42.3699 , 0
0.199099 , 42.3935 , 0
0.198653 , 42.4171 , 0
0.198207 , 42.4407 , 0
0.197762 , 42.4643 , 0
0.197316 , 42.4878 , 0
0.19687 , 42.5114 , 0
0.196424 , 42.535 , 0
0.195979 , 42.5586 , 0
0.195533 , 42.5822 , 0
0.195087 , 42.6058 , 0
0.194642 , 42.6294 , 0
0.194196 , 42.653 , 0
0.19375 , 42.6766 , 0
0.193304 , 42.7002 , 0
0.192859 , 42.7237 , 0
0.192413 , 42.7473 , 0
0.191967 , 42.7709 , 0
0.191522 , 42.7945 , 0
0.191076 , 42.8181 , 0
0.19063 , 42.8417 , 0
0.190184 , 42.8653 , 0
0.189739 , 42.8889 , 0
0.189293 , 42.9125 , 0
0.188847 , 42.9361 , 0
0.188402 , 42.9597 , 0
0.187956 , 42.9832 , 0
0.18751 , 43.0068 , 0
0.187064 , 43.0304 , 0
0.186619 , 43.054 , 0
0.186173 , 43.0776 , 0
0.185727 , 43.1012 , 0
0.185282 , 43.1248 , 0
0.184836 , 43.1484 , 0
0.18439 , 43.172 , 0
0.183944 , 43.1956 , 0
0.183499 , 43.2191 , 0
0.183053 , 43.2427 , 0
0.182607 , 43.2663 , 0
0.182162 , 43.2899 , 0
0.181716 , 43.3135 , 0
0.18127 , 43.3371 , 0
0.180824 , 43.3607 , 0
0.180379 , 43.3843 , 0
0.179933 , 43.4079 , 0
0.179487 , 43.4315 , 0
0.179042 , 43.455 , 0
0.178596 , 43.4786 , 0
0.17815 , 43.5022 , 0
0.177704 , 43.5258 , 0
0.177259 , 43.5494 , 0
0.176813 , 43.573 , 0
0.176367 , 43.5966 , 0
0.175922 , 43.6202 , 0
0.175476 , 43.6438 , 0
0.17503 , 43.6674 , 0
0.174584 , 43.6909 , 0
0.174139 , 43.7145 , 0
0.173693 , 43.7381 , 0
0.173247 , 43.7617 , 0
0.172801 , 43.7853 , 0
0.172356 , 43.8089 , 0
0.17191 , 43.8325 , 0
0.171464 , 43.8561 , 0
0.171019 , 43.8797 , 0
0.170573 , 43.9033 , 0
0.170127 , 43.9269 , 0
0.169681 , 43.9504 , 0
0.169236 , 43.974 , 0
0.16879 , 43.9976 , 0
0.168344 , 44.0212 , 0
0.167899 , 44.0448 , 0
0.167453 , 44.0684 , 0
0.167007 , 44.092 , 0
0.166561 , 44.1156 , 0
0.166116 , 44.1392 , 0
0.16567 , 44.1628 , 0
0.165224 , 44.1863 , 0
0.164779 , 44.2099 , 0
0.164333 , 44.2335 , 0
0.163887 , 44.2571 , 0
0.163441 , 44.2807 , 0
0.162996 , 44.3043 , 0
0.16255 , 44.3279 , 0
0.162104 , 44.3515 , 0
0.161659 , 44.3751 , 0
0.161213 , 44.3987 , 0
0.160767 , 44.4222 , 0
0.160321 , 44.4458 , 0
0.159876 , 44.4694 , 0
0.15943 , 44.493 , 0
0.158984 , 44.5166 , 0
0.158539 , 44.5402 , 0
0.158093 , 44.5638 , 0
0.157647 , 44.5874 , 0
0.157201 , 44.611 , 0
0.156756 , 44.6346 , 0
0.15631 , 44.6581 , 0
0.155864 , 44.6817 , 0
0.155419 , 44.7053 , 0
0.154973 , 44.7289 , 0
0.154527 , 44.7525 , 0
0.154081 , 44.7761 , 0
0.153636 , 44.7997 , 0
0.15319 , 44.8233 , 0
0.152744 , 44.8469 , 0
0.152299 , 44.8705 , 0
0.151853 , 44.8941 , 0
0.151407 , 44.9176 , 0
0.150961 , 44.9412 , 0
0.150516 , 44.9648 , 0
0.15007 , 44.9884 , 0
0.149624 , 45.012 , 0
0.149179 , 45.0356 , 0
0.148733 , 45.0592 , 0
0.148287 , 45.0828 , 0
0.147841 , 45.1064 , 0
0.147396 , 45.13 , 0
0.14695 , 45.1535 , 0
0.146504 , 45.1771 , 0
0.146059 , 45.2007 , 0
0.145613 , 45.2243 , 0
0.145167 , 45.2479 , 0
0.144721 , 45.2715 , 0
0.144276 , 45.2951 , 0
0.14383 , 45.3187 , 0
0.143384 , 45.3423 , 0
0.142939 , 45.3659 , 0
0.142493 , 45.3894 , 0
0.142047 , 45.413 , 0
0.141601 , 45.4366 , 0
0.141156 , 45.4602 , 0
0.14071 , 45.4838 , 0
0.140264 , 45.5074 , 0
0.139819 , 45.531 , 0
0.139373 , 45.5546 , 0
0.138927 , 45.5782 , 0
0.138481 , 45.6018 , 0
0.138036 , 45.6253 , 0
0.13759 , 45.6489 , 0
0.137144 , 45.6725 , 0
0.136699 , 45.6961 , 0
0.136253 , 45.7197 , 0
0.135807 , 45.7433 , 0
0.135361 , 45.7669 , 0
0.134916 , 45.7905 , 0
0.13447 , 45.8141 , 0
0.134024 , 45.8377 , 0
0.133579 , 45.8613 , 0
0.133133 , 45.8848 , 0
0.132687 , 45.9084 , 0
0.132241 , 45.932 , 0
0.131796 , 45.9556 , 0
0.13135 , 45.9792 , 0
0.130904 , 46.0028 , 0
0.130459 , 46.0264 , 0
0.130013 , 46.05 , 0
0.129567 , 46.0736 , 0
0.129121 , 46.0972 , 0
0.128676 , 46.1207 , 0
0.12823 , 46.1443 , 0
0.127784 , 46.1679 , 0
0.127339 , 46.1915 , 0
0.126893 , 46.2151 , 0
0.126447 , 46.2387 , 0
0.126001 , 46.2623 , 0
0.125556 , 46.2859 , 0
0.12511 , 46.3095 , 0
0.124664 , 46.3331 , 0
0.124219 , 46.3566 , 0
0.123773 , 46.3802 , 0
0.123327 , 46.4038 , 0
0.122881 , 46.4274 , 0
0.122436 , 46.451 , 0
0.12199 , 46.4746 , 0
0.121544 , 46.4982 , 0
0.121099 , 46.5218 , 0
0.120653 , 46.5454 , 0
0.120207 , 46.569 , 0
0.119761 , 46.5926 , 0
0.119316 , 46.6161 , 0
0.11887 , 46.6397 , 0
0.118424 , 46.6633 , 0
0.117979 , 46.6869 , 0
0.117533 , 46.7105 , 0
0.117087 , 46.7341 , 0
0.116641 , 46.7577 , 0
0.116196 , 46.7813 , 0
0.11575 , 46.8049 , 0
0.115304 , 46.8285 , 0
0.114859 , 46.852 , 0
0.114413 , 46.8756 , 0
0.113967 , 46.8992 , 0
0.113521 , 46.9228 , 0
0.113076 , 46.9464 , 0
0.11263 , 46.97 , 0
0.112184 , 46.9936 , 0
0.111739 , 47.0172 , 0
0.111293 , 47.0408 , 0
0.110847 , 47.0644 , 0
0.110401 , 47.0879 , 0
0.109956 , 47.1115 , 0
0.10951 , 47.1351 , 0
0.109064 , 47.1587 , 0
0.108619 , 47.1823 , 0
0.108173 , 47.2059 , 0
0.107727 , 47.2295 , 0
0.107281 , 47.2531 , 0
0.106836 , 47.2767 , 0
0.10639 , 47.3003 , 0
0.105944 , 47.3238 , 0
0.105499 , 47.3474 , 0
0.105053 , 47.371 , 0
0.104607 , 47.3946 , 0
0.104161 , 47.4182 , 0
0.103716 , 47.4418 , 0
0.10327 , 47.4654 , 0
0.102824 , 47.489 , 0
0.102379 , 47.5126 , 0
0.101933 , 47.5362 , 0
0.101487 , 47.5597 , 0
0.101041 , 47.5833 , 0
0.100596 , 47.6069 , 0
0.10015 , 47.6305 , 0
0.0997043 , 47.6541 , 0
0.0992586 , 47.6777 , 0
0.0988129 , 47.7013 , 0
0.0983672 , 47.7249 , 0
0.0979215 , 47.7485 , 0
0.0974758 , 47.7721 , 0
0.09703 , 47.7957 , 0
0.0965843 , 47.8192 , 0
0.0961386 , 47.8428 , 0
0.0956929 , 47.8664 , 0
0.0952472 , 47.89 , 0
0.0948015 , 47.9136 , 0
0.0943558 , 47.9372 , 0
0.0939101 , 47.9608 , 0
0.0934643 , 47.9844 , 0
0.0930186 , 48.008 , 0
0.0925729 , 48.0316 , 0
0.0921272 , 48.0551 , 0
0.0916815 , 48.0787 , 0
0.0912358 , 48.1023 , 0
0.0907901 , 48.1259 , 0
0.0903444 , 48.1495 , 0
0.0898986 , 48.1731 , 0
0.0894529 , 48.1967 , 0
0.0890072 , 48.2203 , 0
0.0885615 , 48.2439 , 0
0.0881158 , 48.2675 , 0
0.0876701 , 48.291 , 0
0.0872244 , 48.3146 , 0
0.0867787 , 48.3382 , 0
0.086333 , 48.3618 , 0
0.0858872 , 48.3854 , 0
0.0854415 , 48.409 , 0
0.0849958 , 48.4326 , 0
0.0845501 , 48.4562 , 0
0.0841044 , 48.4798 , 0
0.0836587 , 48.5034 , 0
0.083213 , 48.5269 , 0
0.0827673 , 48.5505 , 0
0.0823215 , 48.5741 , 0
0.0818758 , 48.5977 , 0
0.0814301 , 48.6213 , 0
0.0809844 , 48.6449 , 0
0.0805387 , 48.6685 , 0
0.080093 , 48.6921 , 0
0.0796473 , 48.7157 , 0
0.0792016 , 48.7393 , 0
0.0787559 , 48.7629 , 0
0.0783101 , 48.7864 , 0
0.0778644 , 48.81 , 0
0.0774187 , 48.8336 , 0
0.076973 , 48.8572 , 0
0.0765273 , 48.8808 , 0
0.0760816 , 48.9044 , 0
0.0756359 , 48.928 , 0
0.0751902 , 48.9516 , 0
0.0747444 , 48.9752 , 0
0.0742987 , 48.9988 , 0
0.073853 , 49.0223 , 0
0.0734073 , 49.0459 , 0
0.0729616 , 49.0695 , 0
0.0725159 , 49.0931 , 0
0.0720702 , 49.1167 , 0
0.0716245 , 49.1403 , 0
0.0711788 , 49.1639 , 0
0.070733 , 49.1875 , 0
0.0702873 , 49.2111 , 0
0.0698416 , 49.2347 , 0
0.0693959 , 49.2582 , 0
0.0689502 , 49.2818 , 0
0.0685045 , 49.3054 , 0
0.0680588 , 49.329 , 0
0.0676131 , 49.3526 , 0
0.0671674 , 49.3762 , 0
0.0667216 , 49.3998 , 0
0.0662759 , 49.4234 , 0
0.0658302 , 49.447 , 0
0.0653845 , 49.4706 , 0
0.0649388 , 49.4941 , 0
0.0644931 , 49.5177 , 0
0.0640474 , 49.5413 , 0
0.0636017 , 49.5649 , 0
0.063156 , 49.5885 , 0
0.0627102 , 49.6121 , 0
0.0622645 , 49.6357 , 0
0.0618188 , 49.6593 , 0
0.0613731 , 49.6829 , 0
0.0609274 , 49.7065 , 0
0.0604817 , 49.7301 , 0
0.060036 , 49.7536 , 0
0.0595903 , 49.7772 , 0
0.0591446 , 49.8008 , 0
0.0586988 , 49.8244 , 0
0.0582531 , 49.848 , 0
0.0578074 , 49.8716 , 0
0.0573617 , 49.8952 , 0
0.056916 , 49.9188 , 0
0.0564703 , 49.9424 , 0
0.0560246 , 49.966 , 0
0.0555789 , 49.9895 , 0
0.0551332 , 50.0131 , 0
0.0546874 , 50.0367 , 0
0.0542417 , 50.0603 , 0
0.053796 , 50.0839 , 0
0.0533503 , 50.1075 , 0
0.0529046 , 50.1311 , 0
0.0524589 , 50.1547 , 0
0.0520132 , 50.1783 , 0
0.0515675 , 50.2019 , 0
0.0511218 , 50.2254 , 0
0.050676 , 50.249 , 0
0.0502303 , 50.2726 , 0
0.0497846 , 50.2962 , 0
0.0493389 , 50.3198 , 0
0.0488932 , 50.3434 , 0
0.0484475 , 50.367 , 0
0.0480018 , 50.3906 , 0
0.0475561 , 50.4142 , 0
0.0471104 , 50.4378 , 0
0.0466647 , 50.4613 , 0
0.0462189 , 50.4849 , 0
0.0457732 , 50.5085 , 0
0.0453275 , 50.5321 , 0
0.0448818 , 50.5557 , 0
0.0444361 , 50.5793 , 0
0.0439904 , 50.6029 , 0
0.0435447 , 50.6265 , 0
0.043099 , 50.6501 , 0
0.0426533 , 50.6737 , 0
0.0422075 , 50.6972 , 0
0.0417618 , 50.7208 , 0
0.0413161 , 50.7444 , 0
0.0408704 , 50.768 , 0
0.0404247 , 50.7916 , 0
0.039979 , 50.8152 , 0
0.0395333 , 50.8388 , 0
0.0390876 , 50.8624 , 0
0.0386419 , 50.886 , 0
0.0381962 , 50.9096 , 0
0.0377504 , 50.9332 , 0
0.0373047 , 50.9567 , 0
0.036859 , 50.9803 , 0
0.0364133 , 51.0039 , 0
0.0359676 , 51.0275 , 0
0.0355219 , 51.0511 , 0
0.0350762 , 51.0747 , 0
0.0346305 , 51.0983 , 0
0.0341848 , 51.1219 , 0
0.0337391 , 51.1455 , 0
0.0332933 , 51.1691 , 0
0.0328476 , 51.1926 , 0
0.0324019 , 51.2162 , 0
0.0319562 , 51.2398 , 0
0.0315105 , 51.2634 , 0
0.0310648 , 51.287 , 0
0.0306191 , 51.3106 , 0
0.0301734 , 51.3342 , 0
0.0297277 , 51.3578 , 0
0.029282 , 51.3814 , 0
0.0288362 , 51.405 , 0
0.0283905 , 51.4285 , 0
0.0279448 , 51.4521 , 0
0.0274991 , 51.4757 , 0
0.0270534 , 51.4993 , 0
0.0266077 , 51.5229 , 0
0.026162 , 51.5465 , 0
0.0257163 , 51.5701 , 0
0.0252706 , 51.5937 , 0
0.0248249 , 51.6173 , 0
0.0243792 , 51.6409 , 0
0.0239334 , 51.6644 , 0
0.0234877 , 51.688 , 0
0.023042 , 51.7116 , 0
0.0225963 , 51.7352 , 0
0.0221506 , 51.7588 , 0
0.0217049 , 51.7824 , 0
0.0212592 , 51.806 , 0
0.0208135 , 51.8296 , 0
0.0203678 , 51.8532 , 0
0.0199221 , 51.8768 , 0
0.0194763 , 51.9004 , 0
0.0190306 , 51.9239 , 0
0.0185849 , 51.9475 , 0
0.0181392 , 51.9711 , 0
0.0176935 , 51.9947 , 0
0.0172478 , 52.0183 , 0
0.0168021 , 52.0419 , 0
0.0163564 , 52.0655 , 0
0.0159107 , 52.0891 , 0
0.015465 , 52.1127 , 0
0.0150193 , 52.1363 , 0
0.0145735 , 52.1598 , 0
0.0141278 , 52.1834 , 0
0.0136821 , 52.207 , 0
0.0132364 , 52.2306 , 0
0.0127907 , 52.2542 , 0
0.012345 , 52.2778 , 0
0.0118993 , 52.3014 , 0
0.0114536 , 52.325 , 0
0.0110079 , 52.3486 , 0
0.0105622 , 52.3722 , 0
0.0101165 , 52.3957 , 0
0.00967074 , 52.4193 , 0
0.00922503 , 52.4429 , 0
0.00877933 , 52.4665 , 0
0.00833362 , 52.4901 , 0
0.00788791 , 52.5137 , 0
0.0074422 , 52.5373 , 0
0.00699649 , 52.5609 , 0
0.00655078 , 52.5845 , 0
0.00610507 , 52.6081 , 0
0.00565936 , 52.6316 , 0
0.00521365 , 52.6552 , 0
0.00476794 , 52.6788 , 0
0.00432224 , 52.7024 , 0
0.00387653 , 52.726 , 0
0.00343082 , 52.7496 , 0
0.00298511 , 52.7732 , 0
0.0025394 , 52.7968 , 0
0.00209369 , 52.8204 , 0
0.00164798 , 52.844 , 0
0.00120227 , 52.8675 , 0
0.000756565 , 52.8911 , 0
0.000310856 , 52.9147 , 0
-0.000134853 , 52.9383 , 0
-0.000580562 , 52.9619 , 0
-0.00102627 , 52.9855 , 0
-0.00147198 , 53.0091 , 0
-0.00191769 , 53.0327 , 0
-0.0023634 , 53.0563 , 0
-0.00280911 , 53.0799 , 0
-0.00325481 , 53.1035 , 0
-0.00370052 , 53.127 , 0
-0.00414623 , 53.1506 , 0
-0.00459194 , 53.1742 , 0
-0.00503765 , 53.1978 , 0
-0.00548336 , 53.2214 , 0
-0.00592907 , 53.245 , 0
-0.00637477 , 53.2686 , 0
-0.00682048 , 53.2922 , 0
-0.00726619 , 53.3158 , 0
-0.0077119 , 53.3394 , 0
-0.00815761 , 53.3629 , 0
-0.00860332 , 53.3865 , 0
-0.00904903 , 53.4101 , 0
-0.00949473 , 53.4337 , 0
-0.00994044 , 53.4573 , 0
-0.0103862 , 53.4809 , 0
-0.0108319 , 53.5045 , 0
-0.0112776 , 53.5281 , 0
-0.0117233 , 53.5517 , 0
-0.012169 , 53.5753 , 0
-0.0126147 , 53.5988 , 0
-0.0130604 , 53.6224 , 0
-0.0135061 , 53.646 , 0
-0.0139518 , 53.6696 , 0
-0.0143975 , 53.6932 , 0
-0.0148432 , 53.7168 , 0
-0.0152889 , 53.7404 , 0
-0.0157347 , 53.764 , 0
-0.0161804 , 53.7876 , 0
-0.0166261 , 53.8112 , 0
-0.0170718 , 53.8347 , 0
-0.0175175 , 53.8583 , 0
-0.0179632 , 53.8819 , 0
-0.0184089 , 53.9055 , 0
-0.0188546 , 53.9291 , 0
-0.0193003 , 53.9527 , 0
-0.019746 , 53.9763 , 0
-0.0201917 , 53.9999 , 0
-0.0206374 , 54.0235 , 0
-0.0210831 , 54.0471 , 0
-0.0215289 , 54.0706 , 0
-0.0219746 , 54.0942 , 0
-0.0224203 , 54.1178 , 0
-0.022866 , 54.1414 , 0
-0.0233117 , 54.165 , 0
-0.0237574 , 54.1886 , 0
-0.0242031 , 54.2122 , 0
-0.0246488 , 54.2358 , 0
-0.0250945 , 54.2594 , 0
-0.0255402 , 54.283 , 0
-0.0259859 , 54.3065 , 0
-0.0264316 , 54.3301 , 0
-0.0268774 , 54.3537 , 0
-0.0273231 , 54.3773 , 0
-0.0277688 , 54.4009 , 0
-0.0282145 , 54.4245 , 0
-0.0286602 , 54.4481 , 0
-0.0291059 , 54.4717 , 0
-0.0295516 , 54.4953 , 0
-0.0299973 , 54.5189 , 0
-0.030443 , 54.5425 , 0
-0.0308887 , 54.566 , 0
-0.0313344 , 54.5896 , 0
-0.0317801 , 54.6132 , 0
-0.0322258 , 54.6368 , 0
-0.0326716 , 54.6604 , 0
-0.0331173 , 54.684 , 0
-0.033563 , 54.7076 , 0
-0.0340087 , 54.7312 , 0
-0.0344544 , 54.7548 , 0
-0.0349001 , 54.7784 , 0
-0.0353458 , 54.8019 , 0
-0.0357915 , 54.8255 , 0
-0.0362372 , 54.8491 , 0
-0.0366829 , 54.8727 , 0
-0.0371286 , 54.8963 , 0
-0.0375743 , 54.9199 , 0
-0.03802 , 54.9435 , 0
-0.0384658 , 54.9671 , 0
-0.0389115 , 54.9907 , 0
-0.0393572 , 55.0143 , 0
-0.0398029 , 55.0378 , 0
-0.0402486 , 55.0614 , 0
-0.0406943 , 55.085 , 0
-0.04114 , 55.1086 , 0
-0.0415857 , 55.1322 , 0
-0.0420314 , 55.1558 , 0
-0.0424771 , 55.1794 , 0
-0.0429228 , 55.203 , 0
-0.0433685 , 55.2266 , 0
-0.0438142 , 55.2502 , 0
-0.0442599 , 55.2737 , 0
-0.0447057 , 55.2973 , 0
-0.0451514 , 55.3209 , 0
-0.0455971 , 55.3445 , 0
-0.0460428 , 55.3681 , 0
-0.0464885 , 55.3917 , 0
-0.0469342 , 55.4153 , 0
-0.0473799 , 55.4389 , 0
-0.0478256 , 55.4625 , 0
-0.0482713 , 55.4861 , 0
-0.048717 , 55.5096 , 0
-0.0491627 , 55.5332 , 0
-0.0496084 , 55.5568 , 0
-0.0500541 , 55.5804 , 0
-0.0504999 , 55.604 , 0
-0.0509456 , 55.6276 , 0
-0.0513913 , 55.6512 , 0
-0.051837 , 55.6748 , 0
-0.0522827 , 55.6984 , 0
-0.0527284 , 55.722 , 0
-0.0531741 , 55.7456 , 0
-0.0536198 , 55.7691 , 0
-0.0540655 , 55.7927 , 0
-0.0545112 , 55.8163 , 0
-0.0549569 , 55.8399 , 0
-0.0554026 , 55.8635 , 0
-0.0558483 , 55.8871 , 0
-0.056294 , 55.9107 , 0
-0.0567397 , 55.9343 , 0
-0.0571855 , 55.9579 , 0
-0.0576312 , 55.9815 , 0
-0.0580769 , 56.005 , 0
-0.0585226 , 56.0286 , 0
-0.0589683 , 56.0522 , 0
-0.059414 , 56.0758 , 0
-0.0598597 , 56.0994 , 0
-0.0603054 , 56.123 , 0
-0.0607511 , 56.1466 , 0
-0.0611968 , 56.1702 , 0
-0.0616425 , 56.1938 , 0
-0.0620882 , 56.2174 , 0
-0.0625339 , 56.2409 , 0
-0.0629796 , 56.2645 , 0
-0.0634254 , 56.2881 , 0
-0.0638711 , 56.3117 , 0
-0.0643168 , 56.3353 , 0
-0.0647625 , 56.3589 , 0
-0.0652082 , 56.3825 , 0
-0.0656539 , 56.4061 , 0
-0.0660996 , 56.4297 , 0
-0.0665453 , 56.4533 , 0
-0.066991 , 56.4768 , 0
-0.0674367 , 56.5004 , 0
-0.0678824 , 56.524 , 0
-0.0683281 , 56.5476 , 0
-0.0687738 , 56.5712 , 0
-0.0692195 , 56.5948 , 0
-0.0696652 , 56.6184 , 0
-0.070111 , 56.642 , 0
-0.0705567 , 56.6656 , 0
-0.0710024 , 56.6892 , 0
-0.0714481 , 56.7127 , 0
-0.0718938 , 56.7363 , 0
-0.0723395 , 56.7599 , 0
-0.0727852 , 56.7835 , 0
-0.0732309 , 56.8071 , 0
-0.0736766 , 56.8307 , 0
-0.0741223 , 56.8543 , 0
-0.074568 , 56.8779 , 0
-0.0750137 , 56.9015 , 0
-0.0754594 , 56.9251 , 0
-0.0759051 , 56.9486 , 0
-0.0763508 , 56.9722 , 0
-0.0767966 , 56.9958 , 0
-0.0772423 , 57.0194 , 0
-0.077688 , 57.043 , 0
-0.0781337 , 57.0666 , 0
-0.0785794 , 57.0902 , 0
-0.0790251 , 57.1138 , 0
-0.0794708 , 57.1374 , 0
-0.0799165 , 57.161 , 0
-0.0803622 , 57.1846 , 0
-0.0808079 , 57.2081 , 0
-0.0812536 , 57.2317 , 0
-0.0816993 , 57.2553 , 0
-0.082145 , 57.2789 , 0
-0.0825907 , 57.3025 , 0
-0.0830364 , 57.3261 , 0
-0.0834821 , 57.3497 , 0
-0.0839279 , 57.3733 , 0
-0.0843736 , 57.3969 , 0
-0.0848193 , 57.4205 , 0
-0.085265 , 57.444 , 0
-0.0857107 , 57.4676 , 0
-0.0861564 , 57.4912 , 0
-0.0866021 , 57.5148 , 0
-0.0870478 , 57.5384 , 0
-0.0874935 , 57.562 , 0
-0.0879392 , 57.5856 , 0
-0.0883849 , 57.6092 , 0
-0.0888306 , 57.6328 , 0
-0.0892763 , 57.6564 , 0
-0.089722 , 57.6799 , 0
-0.0901677 , 57.7035 , 0
-0.0906134 , 57.7271 , 0
-0.0910592 , 57.7507 , 0
-0.0915049 , 57.7743 , 0
-0.0919506 , 57.7979 , 0
-0.0923963 , 57.8215 , 0
-0.092842 , 57.8451 , 0
-0.0932877 , 57.8687 , 0
-0.0937334 , 57.8923 , 0
-0.0941791 , 57.9158 , 0
-0.0946248 , 57.9394 , 0
-0.0950705 , 57.963 , 0
-0.0955162 , 57.9866 , 0
-0.0959619 , 58.0102 , 0
-0.0964076 , 58.0338 , 0
-0.0968533 , 58.0574 , 0
-0.097299 , 58.081 , 0
-0.0977447 , 58.1046 , 0
-0.0981904 , 58.1282 , 0
-0.0986362 , 58.1517 , 0
-0.0990819 , 58.1753 , 0
-0.0995276 , 58.1989 , 0
-0.0999733 , 58.2225 , 0
-0.100419 , 58.2461 , 0
-0.100865 , 58.2697 , 0
-0.10131 , 58.2933 , 0
-0.101756 , 58.3169 , 0
-0.102202 , 58.3405 , 0
-0.102648 , 58.3641 , 0
-0.103093 , 58.3877 , 0
-0.103539 , 58.4112 , 0
-0.103985 , 58.4348 , 0
-0.10443 , 58.4584 , 0
-0.104876 , 58.482 , 0
-0.105322 , 58.5056 , 0
-0.105767 , 58.5292 , 0
-0.106213 , 58.5528 , 0
-0.106659 , 58.5764 , 0
-0.107105 , 58.6 , 0
-0.10755 , 58.6236 , 0
-0.107996 , 58.6471 , 0
-0.108442 , 58.6707 , 0
-0.108887 , 58.6943 , 0
-0.109333 , 58.7179 , 0
-0.109779 , 58.7415 , 0
-0.110224 , 58.7651 , 0
-0.11067 , 58.7887 , 0
-0.111116 , 58.8123 , 0
-0.111562 , 58.8359 , 0
-0.112007 , 58.8595 , 0
-0.112453 , 58.883 , 0
-0.112899 , 58.9066 , 0
-0.113344 , 58.9302 , 0
-0.11379 , 58.9538 , 0
-0.114236 , 58.9774 , 0
-0.114682 , 59.001 , 0
-0.115127 , 59.0246 , 0
-0.115573 , 59.0482 , 0
-0.116019 , 59.0718 , 0
-0.116464 , 59.0954 , 0
-0.11691 , 59.1189 , 0
-0.117356 , 59.1425 , 0
-0.117801 , 59.1661 , 0
-0.118247 , 59.1897 , 0
-0.118693 , 59.2133 , 0
-0.119139 , 59.2369 , 0
-0.119584 , 59.2605 , 0
-0.12003 , 59.2841 , 0
-0.120476 , 59.3077 , 0
-0.120921 , 59.3313 , 0
-0.121367 , 59.3548 , 0
-0.121813 , 59.3784 , 0
-0.122259 , 59.402 , 0
-0.122704 , 59.4256 , 0
-0.12315 , 59.4492 , 0
-0.123596 , 59.4728 , 0
-0.124041 , 59.4964 , 0
-0.124487 , 59.52 , 0
-0.124933 , 59.5436 , 0
-0.125378 , 59.5672 , 0
-0.125824 , 59.5907 , 0
-0.12627 , 59.6143 , 0
-0.126716 , 59.6379 , 0
-0.127161 , 59.6615 , 0
-0.127607 , 59.6851 , 0
-0.128053 , 59.7087 , 0
-0.128498 , 59.7323 , 0
-0.128944 , 59.7559 , 0
-0.12939 , 59.7795 , 0
-0.129836 , 59.8031 , 0
-0.130281 , 59.8266 , 0
-0.130727 , 59.8502 , 0
-0.131173 , 59.8738 , 0
-0.131618 , 59.8974 , 0
-0.132064 , 59.921 , 0
-0.13251 , 59.9446 , 0
-0.132955 , 59.9682 , 0
-0.133401 , 59.9918 , 0
-0.133847 , 60.0154 , 0
-0.134293 , 60.039 , 0
-0.134738 , 60.0626 , 0
-0.135184 , 60.0861 , 0
-0.13563 , 60.1097 , 0
-0.136075 , 60.1333 , 0
-0.136521 , 60.1569 , 0
-0.136967 , 60.1805 , 0
-0.137413 , 60.2041 , 0
-0.137858 , 60.2277 , 0
-0.138304 , 60.2513 , 0
-0.13875 , 60.2749 , 0
-0.139195 , 60.2985 , 0
-0.139641 , 60.322 , 0
-0.140087 , 60.3456 , 0
-0.140532 , 60.3692 , 0
-0.140978 , 60.3928 , 0
-0.141424 , 60.4164 , 0
-0.14187 , 60.44 , 0
-0.142315 , 60.4636 , 0
-0.142761 , 60.4872 , 0
-0.143207 , 60.5108 , 0
-0.143652 , 60.5344 , 0
-0.144098 , 60.5579 , 0
-0.144544 , 60.5815 , 0
-0.144989 , 60.6051 , 0
-0.145435 , 60.6287 , 0
-0.145881 , 60.6523 , 0
-0.146327 , 60.6759 , 0
-0.146772 , 60.6995 , 0
-0.147218 , 60.7231 , 0
-0.147664 , 60.7467 , 0
-0.148109 , 60.7703 , 0
-0.148555 , 60.7938 , 0
-0.149001 , 60.8174 , 0
-0.149447 , 60.841 , 0
-0.149892 , 60.8646 , 0
-0.150338 , 60.8882 , 0
-0.150784 , 60.9118 , 0
-0.151229 , 60.9354 , 0
-0.151675 , 60.959 , 0
-0.152121 , 60.9826 , 0
-0.152566 , 61.0062 , 0
-0.153012 , 61.0297 , 0
-0.153458 , 61.0533 , 0
-0.153904 , 61.0769 , 0
-0.154349 , 61.1005 , 0
-0.154795 , 61.1241 , 0
-0.155241 , 61.1477 , 0
-0.155686 , 61.1713 , 0
-0.156132 , 61.1949 , 0
-0.156578 , 61.2185 , 0
-0.157024 , 61.2421 , 0
-0.157469 , 61.2656 , 0
-0.157915 , 61.2892 , 0
-0.158361 , 61.3128 , 0
-0.158806 , 61.3364 , 0
-0.159252 , 61.36 , 0
-0.159698 , 61.3836 , 0
-0.160143 , 61.4072 , 0
-0.160589 , 61.4308 , 0
-0.161035 , 61.4544 , 0
-0.161481 , 61.478 , 0
-0.161926 , 61.5016 , 0
-0.162372 , 61.5251 , 0
-0.162818 , 61.5487 , 0
-0.163263 , 61.5723 , 0
-0.163709 , 61.5959 , 0
-0.164155 , 61.6195 , 0
-0.1646 , 61.6431 , 0
-0.165046 , 61.6667 , 0
-0.165492 , 61.6903 , 0
-0.165938 , 61.7139 , 0
-0.166383 , 61.7375 , 0
-0.166829 , 61.761 , 0
-0.167275 , 61.7846 , 0
-0.16772 , 61.8082 , 0
-0.168166 , 61.8318 , 0
-0.168612 , 61.8554 , 0
-0.169058 , 61.879 , 0
-0.169503 , 61.9026 , 0
-0.169949 , 61.9262 , 0
-0.170395 , 61.9498 , 0
-0.17084 , 61.9734 , 0
-0.171286 , 61.9969 , 0
-0.171732 , 62.0205 , 0
-0.172177 , 62.0441 , 0
-0.172623 , 62.0677 , 0
-0.173069 , 62.0913 , 0
-0.173515 , 62.1149 , 0
-0.17396 , 62.1385 , 0
-0.174406 , 62.1621 , 0
-0.174852 , 62.1857 , 0
-0.175297 , 62.2093 , 0
-0.175743 , 62.2328 , 0
-0.176189 , 62.2564 , 0
-0.176635 , 62.28 , 0
-0.17708 , 62.3036 , 0
-0.177526 , 62.3272 , 0
-0.177972 , 62.3508 , 0
-0.178417 , 62.3744 , 0
-0.178863 , 62.398 , 0
-0.179309 , 62.4216 , 0
-0.179754 , 62.4452 , 0
-0.1802 , 62.4687 , 0
-0.180646 , 62.4923 , 0
-0.181092 , 62.5159 , 0
-0.181537 , 62.5395 , 0
-0.181983 , 62.5631 , 0
-0.182429 , 62.5867 , 0
-0.182874 , 62.6103 , 0
-0.18332 , 62.6339 , 0
-0.183766 , 62.6575 , 0
-0.184211 , 62.6811 , 0
-0.184657 , 62.7046 , 0
-0.185103 , 62.7282 , 0
-0.185549 , 62.7518 , 0
-0.185994 , 62.7754 , 0
-0.18644 , 62.799 , 0
-0.186886 , 62.8226 , 0
-0.187331 , 62.8462 , 0
-0.187777 , 62.8698 , 0
-0.188223 , 62.8934 , 0
-0.188669 , 62.917 , 0
-0.189114 , 62.9405 , 0
-0.18956 , 62.9641 , 0
-0.190006 , 62.9877 , 0
-0.190451 , 63.0113 , 0
-0.190897 , 63.0349 , 0
-0.191343 , 63.0585 , 0
-0.191788 , 63.0821 , 0
-0.192234 , 63.1057 , 0
-0.19268 , 63.1293 , 0
-0.193126 , 63.1529 , 0
-0.193571 , 63.1765 , 0
-0.194017 , 63.2 , 0
-0.194463 , 63.2236 , 0
-0.194908 , 63.2472 , 0
-0.195354 , 63.2708 , 0
-0.1958 , 63.2944 , 0
-0.196245 , 63.318 , 0
-0.196691 , 63.3416 , 0
-0.197137 , 63.3652 , 0
-0.197583 , 63.3888 , 0
-0.198028 , 63.4124 , 0
-0.198474 , 63.4359 , 0
-0.19892 , 63.4595 , 0
-0.199365 , 63.4831 , 0
-0.199811 , 63.5067 , 0
-0.200257 , 63.5303 , 0
-0.200703 , 63.5539 , 0
-0.201148 , 63.5775 , 0
-0.201594 , 63.6011 , 0
-0.20204 , 63.6247 , 0
-0.202485 , 63.6483 , 0
-0.202931 , 63.6718 , 0
-0.203377 , 63.6954 , 0
-0.203822 , 63.719 , 0
-0.204268 , 63.7426 , 0
-0.204714 , 63.7662 , 0
-0.20516 , 63.7898 , 0
-0.205605 , 63.8134 , 0
-0.206051 , 63.837 , 0
-0.206497 , 63.8606 , 0
-0.206942 , 63.8842 , 0
-0.207388 , 63.9077 , 0
-0.207834 , 63.9313 , 0
-0.208279 , 63.9549 , 0
-0.208725 , 63.9785 , 0
-0.209171 , 64.0021 , 0
-0.209617 , 64.0257 , 0
-0.210062 , 64.0493 , 0
-0.210508 , 64.0729 , 0
-0.210954 , 64.0965 , 0
-0.211399 , 64.1201 , 0
-0.211845 , 64.1436 , 0
-0.212291 , 64.1672 , 0
-0.212736 , 64.1908 , 0
-0.213182 , 64.2144 , 0
-0.213628 , 64.238 , 0
-0.214074 , 64.2616 , 0
-0.214519 , 64.2852 , 0
-0.214965 , 64.3088 , 0
-0.215411 , 64.3324 , 0
-0.215856 , 64.356 , 0
-0.216302 , 64.3795 , 0
-0.216748 , 64.4031 , 0
-0.217194 , 64.4267 , 0
-0.217639 , 64.4503 , 0
-0.218085 , 64.4739 , 0
-0.218531 , 64.4975 , 0
-0.218976 , 64.5211 , 0
-0.219422 , 64.5447 , 0
-0.219868 , 64.5683 , 0
-0.220313 , 64.5919 , 0
-0.220759 , 64.6154 , 0
-0.221205 , 64.639 , 0
-0.221651 , 64.6626 , 0
-0.222096 , 64.6862 , 0
-0.222542 , 64.7098 , 0
-0.222988 , 64.7334 , 0
-0.223433 , 64.757 , 0
-0.223879 , 64.7806 , 0
-0.224325 , 64.8042 , 0
-0.22477 , 64.8278 , 0
-0.225216 , 64.8514 , 0
-0.225662 , 64.8749 , 0
-0.226108 , 64.8985 , 0
-0.226553 , 64.9221 , 0
-0.226999 , 64.9457 , 0
-0.227445 , 64.9693 , 0
-0.22789 , 64.9929 , 0
-0.228336 , 65.0165 , 0
-0.228782 , 65.0401 , 0
-0.229228 , 65.0637 , 0
-0.229673 , 65.0873 , 0
-0.230119 , 65.1108 , 0
-0.230565 , 65.1344 , 0
-0.23101 , 65.158 , 0
-0.231456 , 65.1816 , 0
-0.231902 , 65.2052 , 0
-0.232347 , 65.2288 , 0
-0.232793 , 65.2524 , 0
-0.233239 , 65.276 , 0
-0.233685 , 65.2996 , 0
-0.23413 , 65.3232 , 0
-0.234576 , 65.3467 , 0
-0.235022 , 65.3703 , 0
-0.235467 , 65.3939 , 0
-0.235913 , 65.4175 , 0
-0.236359 , 65.4411 , 0
-0.236804 , 65.4647 , 0
-0.23725 , 65.4883 , 0
-0.237696 , 65.5119 , 0
-0.238142 , 65.5355 , 0
-0.238587 , 65.5591 , 0
-0.239033 , 65.5826 , 0
-0.239479 , 65.6062 , 0
-0.239924 , 65.6298 , 0
-0.24037 , 65.6534 , 0
-0.240816 , 65.677 , 0
-0.241261 , 65.7006 , 0
-0.241707 , 65.7242 , 0
-0.242153 , 65.7478 , 0
-0.242599 , 65.7714 , 0
-0.243044 , 65.795 , 0
-0.24349 , 65.8185 , 0
-0.243936 , 65.8421 , 0
-0.244381 , 65.8657 , 0
-0.244827 , 65.8893 , 0
-0.245273 , 65.9129 , 0
-0.245719 , 65.9365 , 0
-0.246164 , 65.9601 , 0
-0.24661 , 65.9837 , 0
-0.247056 , 66.0073 , 0
-0.247501 , 66.0309 , 0
-0.247947 , 66.0544 , 0
-0.248393 , 66.078 , 0
-0.248838 , 66.1016 , 0
-0.249284 , 66.1252 , 0
-0.24973 , 66.1488 , 0
-0.250176 , 66.1724 , 0
-0.250621 , 66.196 , 0
-0.251067 , 66.2196 , 0
-0.251513 , 66.2432 , 0
-0.251958 , 66.2668 , 0
-0.252404 , 66.2903 , 0
-0.25285 , 66.3139 , 0
-0.253295 , 66.3375 , 0
-0.253741 , 66.3611 , 0
-0.254187 , 66.3847 , 0
-0.254633 , 66.4083 , 0
-0.255078 , 66.4319 , 0
-0.255524 , 66.4555 , 0
-0.25597 , 66.4791 , 0
-0.256415 , 66.5027 , 0
-0.256861 , 66.5262 , 0
-0.257307 , 66.5498 , 0
-0.257752 , 66.5734 , 0
-0.258198 , 66.597 , 0
-0.258644 , 66.6206 , 0
-0.25909 , 66.6442 , 0
-0.259535 , 66.6678 , 0
-0.259981 , 66.6914 , 0
-0.260427 , 66.715 , 0
-0.260872 , 66.7386 , 0
-0.261318 , 66.7622 , 0
-0.261764 , 66.7857 , 0
-0.262209 , 66.8093 , 0
-0.262655 , 66.8329 , 0
-0.263101 , 66.8565 , 0
-0.263547 , 66.8801 , 0
-0.263992 , 66.9037 , 0
-0.264438 , 66.9273 , 0
-0.264884 , 66.9509 , 0
-0.265329 , 66.9745 , 0
-0.265775 , 66.9981 , 0
-0.266221 , 67.0216 , 0
-0.266667 , 67.0452 , 0
-0.267112 , 67.0688 , 0
-0.267558 , 67.0924 , 0
-0.268004 , 67.116 , 0
-0.268449 , 67.1396 , 0
-0.268895 , 67.1632 , 0
-0.269341 , 67.1868 , 0
-0.269786 , 67.2104 , 0
-0.270232 , 67.234 , 0
-0.270678 , 67.2575 , 0
-0.271124 , 67.2811 , 0
-0.271569 , 67.3047 , 0
-0.272015 , 67.3283 , 0
-0.272461 , 67.3519 , 0
-0.272906 , 67.3755 , 0
-0.273352 , 67.3991 , 0
-0.273798 , 67.4227 , 0
-0.274243 , 67.4463 , 0
-0.274689 , 67.4699 , 0
-0.275135 , 67.4934 , 0
-0.275581 , 67.517 , 0
-0.276026 , 67.5406 , 0
-0.276472 , 67.5642 , 0
-0.276918 , 67.5878 , 0
-0.277363 , 67.6114 , 0
-0.277809 , 67.635 , 0
-0.278255 , 67.6586 , 0
-0.2787 , 67.6822 , 0
-0.279146 , 67.7058 , 0
-0.279592 , 67.7293 , 0
-0.280038 , 67.7529 , 0
-0.280483 , 67.7765 , 0
-0.280929 , 67.8001 , 0
-0.281375 , 67.8237 , 0
-0.28182 , 67.8473 , 0
-0.282266 , 67.8709 , 0
-0.282712 , 67.8945 , 0
-0.283157 , 67.9181 , 0
-0.283603 , 67.9417 , 0
-0.284049 , 67.9652 , 0
-0.284495 , 67.9888 , 0
-0.28494 , 68.0124 , 0
-0.285386 , 68.036 , 0
-0.285832 , 68.0596 , 0
-0.286277 , 68.0832 , 0
-0.286723 , 68.1068 , 0
-0.287169 , 68.1304 , 0
-0.287615 , 68.154 , 0
-0.28806 , 68.1776 , 0
-0.288506 , 68.2011 , 0
-0.288952 , 68.2247 , 0
-0.289397 , 68.2483 , 0
-0.289843 , 68.2719 , 0
-0.290289 , 68.2955 , 0
-0.290734 , 68.3191 , 0
-0.29118 , 68.3427 , 0
-0.291626 , 68.3663 , 0
-0.292072 , 68.3899 , 0
-0.292517 , 68.4135 , 0
-0.292963 , 68.437 , 0
-0.293409 , 68.4606 , 0
-0.293854 , 68.4842 , 0
-0.2943 , 68.5078 , 0
-0.294746 , 68.5314 , 0
-0.295191 , 68.555 , 0
-0.295637 , 68.5786 , 0
-0.296083 , 68.6022 , 0
-0.296529 , 68.6258 , 0
-0.296974 , 68.6494 , 0
-0.29742 , 68.673 , 0
-0.297866 , 68.6965 , 0
-0.298311 , 68.7201 , 0
-0.298757 , 68.7437 , 0
-0.299203 , 68.7673 , 0
-0.299648 , 68.7909 , 0
-0.300094 , 68.8145 , 0
-0.30054 , 68.8381 , 0
-0.300986 , 68.8617 , 0
-0.301431 , 68.8853 , 0
-0.301877 , 68.9089 , 0
-0.302323 , 68.9324 , 0
-0.302768 , 68.956 , 0
-0.303214 , 68.9796 , 0
-0.30366 , 69.0032 , 0
-0.304105 , 69.0268 , 0
-0.304551 , 69.0504 , 0
-0.304997 , 69.074 , 0
-0.305443 , 69.0976 , 0
-0.305888 , 69.1212 , 0
-0.306334 , 69.1448 , 0
-0.30678 , 69.1683 , 0
-0.307225 , 69.1919 , 0
-0.307671 , 69.2155 , 0
-0.308117 , 69.2391 , 0
-0.308562 , 69.2627 , 0
-0.309008 , 69.2863 , 0
-0.309454 , 69.3099 , 0
-0.3099 , 69.3335 , 0
-0.310345 , 69.3571 , 0
-0.310791 , 69.3807 , 0
-0.311237 , 69.4042 , 0
-0.311682 , 69.4278 , 0
-0.312128 , 69.4514 , 0
-0.312574 , 69.475 , 0
-0.31302 , 69.4986 , 0
-0.313465 , 69.5222 , 0
-0.313911 , 69.5458 , 0
-0.314357 , 69.5694 , 0
-0.314802 , 69.593 , 0
-0.315248 , 69.6166 , 0
-0.315694 , 69.6401 , 0
-0.316139 , 69.6637 , 0
-0.316585 , 69.6873 , 0
-0.317031 , 69.7109 , 0
-0.317477 , 69.7345 , 0
-0.317922 , 69.7581 , 0
-0.318368 , 69.7817 , 0
-0.318814 , 69.8053 , 0
-0.319259 , 69.8289 , 0
-0.319705 , 69.8525 , 0
-0.320151 , 69.876 , 0
-0.320596 , 69.8996 , 0
-0.321042 , 69.9232 , 0
-0.321488 , 69.9468 , 0
-0.321934 , 69.9704 , 0
-0.322379 , 69.994 , 0
-0.322825 , 70.0176 , 0
-0.323271 , 70.0412 , 0
-0.323716 , 70.0648 , 0
-0.324162 , 70.0884 , 0
-0.324608 , 70.1119 , 0
-0.325053 , 70.1355 , 0
-0.325499 , 70.1591 , 0
-0.325945 , 70.1827 , 0
-0.326391 , 70.2063 , 0
-0.326836 , 70.2299 , 0
-0.327282 , 70.2535 , 0
-0.327728 , 70.2771 , 0
-0.328173 , 70.3007 , 0
-0.328619 , 70.3243 , 0
-0.329065 , 70.3478 , 0
-0.32951 , 70.3714 , 0
-0.329956 , 70.395 , 0
-0.330402 , 70.4186 , 0
-0.330848 , 70.4422 , 0
-0.331293 , 70.4658 , 0
-0.331739 , 70.4894 , 0
-0.332185 , 70.513 , 0
-0.33263 , 70.5366 , 0
-0.333076 , 70.5602 , 0
-0.333522 , 70.5837 , 0
-0.333967 , 70.6073 , 0
-0.334413 , 70.6309 , 0
-0.334859 , 70.6545 , 0
-0.335305 , 70.6781 , 0
-0.33575 , 70.7017 , 0
-0.336196 , 70.7253 , 0
-0.336642 , 70.7489 , 0
-0.337087 , 70.7725 , 0
-0.337533 , 70.7961 , 0
-0.337979 , 70.8197 , 0
-0.338424 , 70.8432 , 0
-0.33887 , 70.8668 , 0
-0.339316 , 70.8904 , 0
-0.339762 , 70.914 , 0
-0.340207 , 70.9376 , 0
-0.340653 , 70.9612 , 0
-0.341099 , 70.9848 , 0
-0.341544 , 71.0084 , 0
-0.34199 , 71.032 , 0
-0.342436 , 71.0556 , 0
-0.342881 , 71.0791 , 0
-0.343327 , 71.1027 , 0
-0.343773 , 71.1263 , 0
-0.344219 , 71.1499 , 0
-0.344664 , 71.1735 , 0
-0.34511 , 71.1971 , 0
-0.345556 , 71.2207 , 0
-0.346001 , 71.2443 , 0
-0.346447 , 71.2679 , 0
-0.346893 , 71.2915 , 0
-0.347338 , 71.315 , 0
-0.347784 , 71.3386 , 0
-0.34823 , 71.3622 , 0
-0.348676 , 71.3858 , 0
-0.349121 , 71.4094 , 0
-0.349567 , 71.433 , 0
-0.350013 , 71.4566 , 0
-0.350458 , 71.4802 , 0
-0.350904 , 71.5038 , 0
-0.35135 , 71.5274 , 0
-0.351796 , 71.5509 , 0
-0.352241 , 71.5745 , 0
-0.352687 , 71.5981 , 0
-0.353133 , 71.6217 , 0
-0.353578 , 71.6453 , 0
-0.354024 , 71.6689 , 0
-0.35447 , 71.6925 , 0
-0.354915 , 71.7161 , 0
-0.355361 , 71.7397 , 0
-0.355807 , 71.7633 , 0
-0.356253 , 71.7868 , 0
-0.356698 , 71.8104 , 0
-0.357144 , 71.834 , 0
-0.35759 , 71.8576 , 0
-0.358035 , 71.8812 , 0
-0.358481 , 71.9048 , 0
-0.358927 , 71.9284 , 0
-0.359372 , 71.952 , 0
-0.359818 , 71.9756 , 0
-0.360264 , 71.9992 , 0
-0.36071 , 72.0227 , 0
-0.361155 , 72.0463 , 0
-0.361601 , 72.0699 , 0
-0.362047 , 72.0935 , 0
-0.362492 , 72.1171 , 0
-0.362938 , 72.1407 , 0
-0.363384 , 72.1643 , 0
-0.363829 , 72.1879 , 0
-0.364275 , 72.2115 , 0
-0.364721 , 72.2351 , 0
-0.365167 , 72.2586 , 0
-0.365612 , 72.2822 , 0
-0.366058 , 72.3058 , 0
-0.366504 , 72.3294 , 0
-0.366949 , 72.353 , 0
-0.367395 , 72.3766 , 0
-0.367841 , 72.4002 , 0
-0.368286 , 72.4238 , 0
-0.368732 , 72.4474 , 0
-0.369178 , 72.471 , 0
-0.369624 , 72.4945 , 0
-0.370069 , 72.5181 , 0
-0.370515 , 72.5417 , 0
-0.370961 , 72.5653 , 0
-0.371406 , 72.5889 , 0
-0.371852 , 72.6125 , 0
-0.372298 , 72.6361 , 0
-0.372743 , 72.6597 , 0
-0.373189 , 72.6833 , 0
-0.373635 , 72.7069 , 0
-0.374081 , 72.7304 , 0
-0.374526 , 72.754 , 0
-0.374972 , 72.7776 , 0
-0.375418 , 72.8012 , 0
-0.375863 , 72.8248 , 0
-0.376309 , 72.8484 , 0
-0.376755 , 72.872 , 0
-0.3772 , 72.8956 , 0
-0.377646 , 72.9192 , 0
-0.378092 , 72.9428 , 0
-0.378538 , 72.9664 , 0
-0.378983 , 72.9899 , 0
-0.379429 , 73.0135 , 0
-0.379875 , 73.0371 , 0
-0.38032 , 73.0607 , 0
-0.380766 , 73.0843 , 0
-0.381212 , 73.1079 , 0
-0.381657 , 73.1315 , 0
-0.382103 , 73.1551 , 0
-0.382549 , 73.1787 , 0
-0.382995 , 73.2023 , 0
-0.38344 , 73.2258 , 0
-0.383886 , 73.2494 , 0
-0.384332 , 73.273 , 0
-0.384777 , 73.2966 , 0
-0.385223 , 73.3202 , 0
-0.385669 , 73.3438 , 0
-0.386114 , 73.3674 , 0
-0.38656 , 73.391 , 0
-0.387006 , 73.4146 , 0
-0.387452 , 73.4382 , 0
-0.387897 , 73.4617 , 0
-0.388343 , 73.4853 , 0
-0.388789 , 73.5089 , 0
-0.389234 , 73.5325 , 0
-0.38968 , 73.5561 , 0
-0.390126 , 73.5797 , 0
-0.390571 , 73.6033 , 0
-0.391017 , 73.6269 , 0
-0.391463 , 73.6505 , 0
-0.391909 , 73.6741 , 0
-0.392354 , 73.6976 , 0
-0.3928 , 73.7212 , 0
-0.393246 , 73.7448 , 0
-0.393691 , 73.7684 , 0
-0.394137 , 73.792 , 0
-0.394583 , 73.8156 , 0
-0.395028 , 73.8392 , 0
-0.395474 , 73.8628 , 0
-0.39592 , 73.8864 , 0
-0.396366 , 73.91 , 0
-0.396811 , 73.9335 , 0
-0.397257 , 73.9571 , 0
-0.397703 , 73.9807 , 0
-0.398148 , 74.0043 , 0
-0.398594 , 74.0279 , 0
-0.39904 , 74.0515 , 0
-0.399485 , 74.0751 , 0
-0.399931 , 74.0987 , 0
-0.400377 , 74.1223 , 0
-0.400823 , 74.1459 , 0
-0.401268 , 74.1694 , 0
-0.401714 , 74.193 , 0
-0.40216 , 74.2166 , 0
-0.402605 , 74.2402 , 0
-0.403051 , 74.2638 , 0
-0.403497 , 74.2874 , 0
-0.403942 , 74.311 , 0
-0.404388 , 74.3346 , 0
-0.404834 , 74.3582 , 0
-0.40528 , 74.3818 , 0
-0.405725 , 74.4053 , 0
-0.406171 , 74.4289 , 0
-0.406617 , 74.4525 , 0
-0.407062 , 74.4761 , 0
-0.407508 , 74.4997 , 0
-0.407954 , 74.5233 , 0
-0.408399 , 74.5469 , 0
-0.408845 , 74.5705 , 0
-0.409291 , 74.5941 , 0
-0.409737 , 74.6177 , 0
-0.410182 , 74.6412 , 0
-0.410628 , 74.6648 , 0
-0.411074 , 74.6884 , 0
-0.411519 , 74.712 , 0
-0.411965 , 74.7356 , 0
-0.412411 , 74.7592 , 0
-0.412856 , 74.7828 , 0
-0.413302 , 74.8064 , 0
-0.413748 , 74.83 , 0
-0.414194 , 74.8536 , 0
-0.414639 , 74.8771 , 0
-0.415085 , 74.9007 , 0
-0.415531 , 74.9243 , 0
-0.415976 , 74.9479 , 0
-0.416422 , 74.9715 , 0
-0.416868 , 74.9951 , 0
-0.417313 , 75.0187 , 0
-0.417759 , 75.0423 , 0
-0.418205 , 75.0659 , 0
-0.418651 , 75.0895 , 0
-0.419096 , 75.113 , 0
-0.419542 , 75.1366 , 0
-0.419988 , 75.1602 , 0
-0.420433 , 75.1838 , 0
-0.420879 , 75.2074 , 0
-0.421325 , 75.231 , 0
-0.42177 , 75.2546 , 0
-0.422216 , 75.2782 , 0
-0.422662 , 75.3018 , 0
-0.423108 , 75.3254 , 0
-0.423553 , 75.3489 , 0
-0.423999 , 75.3725 , 0
-0.424445 , 75.3961 , 0
-0.42489 , 75.4197 , 0
-0.425336 , 75.4433 , 0
-0.425782 , 75.4669 , 0
-0.426227 , 75.4905 , 0
-0.426673 , 75.5141 , 0
-0.427119 , 75.5377 , 0
-0.427565 , 75.5613 , 0
-0.42801 , 75.5849 , 0
-0.428456 , 75.6084 , 0
-0.428902 , 75.632 , 0
-0.429347 , 75.6556 , 0
-0.429793 , 75.6792 , 0
-0.430239 , 75.7028 , 0
-0.430684 , 75.7264 , 0
-0.43113 , 75.75 , 0
-0.431576 , 75.7736 , 0
-0.432022 , 75.7972 , 0
-0.432467 , 75.8208 , 0
-0.432913 , 75.8443 , 0
-0.433359 , 75.8679 , 0
-0.433804 , 75.8915 , 0
-0.43425 , 75.9151 , 0
-0.434696 , 75.9387 , 0
-0.435141 , 75.9623 , 0
-0.435587 , 75.9859 , 0
-0.436033 , 76.0095 , 0
-0.436479 , 76.0331 , 0
-0.436924 , 76.0567 , 0
-0.43737 , 76.0802 , 0
-0.437816 , 76.1038 , 0
-0.438261 , 76.1274 , 0
-0.438707 , 76.151 , 0
-0.439153 , 76.1746 , 0
-0.439598 , 76.1982 , 0
-0.440044 , 76.2218 , 0
-0.44049 , 76.2454 , 0
-0.440936 , 76.269 , 0
-0.441381 , 76.2926 , 0
-0.441827 , 76.3161 , 0
-0.442273 , 76.3397 , 0
-0.442718 , 76.3633 , 0
-0.443164 , 76.3869 , 0
-0.44361 , 76.4105 , 0
-0.444055 , 76.4341 , 0
-0.444501 , 76.4577 , 0
-0.444947 , 76.4813 , 0
-0.445393 , 76.5049 , 0
-0.445838 , 76.5285 , 0
-0.446284 , 76.552 , 0
-0.44673 , 76.5756 , 0
-0.447175 , 76.5992 , 0
-0.447621 , 76.6228 , 0
-0.448067 , 76.6464 , 0
-0.448512 , 76.67 , 0
-0.448958 , 76.6936 , 0
-0.449404 , 76.7172 , 0
-0.44985 , 76.7408 , 0
-0.450295 , 76.7644 , 0
-0.450741 , 76.7879 , 0
-0.451187 , 76.8115 , 0
-0.451632 , 76.8351 , 0
-0.452078 , 76.8587 , 0
-0.452524 , 76.8823 , 0
-0.452969 , 76.9059 , 0
-0.453415 , 76.9295 , 0
-0.453861 , 76.9531 , 0
-0.454307 , 76.9767 , 0
-0.454752 , 77.0003 , 0
-0.455198 , 77.0238 , 0
-0.455644 , 77.0474 , 0
-0.456089 , 77.071 , 0
-0.456535 , 77.0946 , 0
-0.456981 , 77.1182 , 0
-0.457426 , 77.1418 , 0
-0.457872 , 77.1654 , 0
-0.458318 , 77.189 , 0
-0.458764 , 77.2126 , 0
-0.459209 , 77.2362 , 0
-0.459655 , 77.2597 , 0
-0.460101 , 77.2833 , 0
-0.460546 , 77.3069 , 0
-0.460992 , 77.3305 , 0
-0.461438 , 77.3541 , 0
-0.461883 , 77.3777 , 0
-0.462329 , 77.4013 , 0
-0.462775 , 77.4249 , 0
-0.463221 , 77.4485 , 0
-0.463666 , 77.4721 , 0
-0.464112 , 77.4956 , 0
-0.464558 , 77.5192 , 0
-0.465003 , 77.5428 , 0
-0.465449 , 77.5664 , 0
-0.465895 , 77.59 , 0
-0.46634 , 77.6136 , 0
-0.466786 , 77.6372 , 0
-0.467232 , 77.6608 , 0
-0.467677 , 77.6844 , 0
-0.468123 , 77.708 , 0
-0.468569 , 77.7315 , 0
-0.469015 , 77.7551 , 0
-0.46946 , 77.7787 , 0
-0.469906 , 77.8023 , 0
-0.470352 , 77.8259 , 0
-0.470797 , 77.8495 , 0
-0.471243 , 77.8731 , 0
-0.471689 , 77.8967 , 0
-0.472134 , 77.9203 , 0
-0.47258 , 77.9439 , 0
-0.473026 , 77.9674 , 0
-0.473472 , 77.991 , 0
-0.473917 , 78.0146 , 0
-0.474363 , 78.0382 , 0
-0.474809 , 78.0618 , 0
-0.475254 , 78.0854 , 0
-0.4757 , 78.109 , 0
-0.476146 , 78.1326 , 0
-0.476591 , 78.1562 , 0
-0.477037 , 78.1798 , 0
-0.477483 , 78.2034 , 0
-0.477929 , 78.2269 , 0
-0.478374 , 78.2505 , 0
-0.47882 , 78.2741 , 0
-0.479266 , 78.2977 , 0
-0.479711 , 78.3213 , 0
-0.480157 , 78.3449 , 0
-0.480603 , 78.3685 , 0
-0.481048 , 78.3921 , 0
-0.481494 , 78.4157 , 0
-0.48194 , 78.4393 , 0
-0.482386 , 78.4628 , 0
-0.482831 , 78.4864 , 0
-0.483277 , 78.51 , 0
-0.483723 , 78.5336 , 0
-0.484168 , 78.5572 , 0
-0.484614 , 78.5808 , 0
-0.48506 , 78.6044 , 0
-0.485505 , 78.628 , 0
-0.485951 , 78.6516 , 0
-0.486397 , 78.6752 , 0
-0.486843 , 78.6987 , 0
-0.487288 , 78.7223 , 0
-0.487734 , 78.7459 , 0
-0.48818 , 78.7695 , 0
-0.488625 , 78.7931 , 0
-0.489071 , 78.8167 , 0
-0.489517 , 78.8403 , 0
-0.489962 , 78.8639 , 0
-0.490408 , 78.8875 , 0
-0.490854 , 78.9111 , 0
-0.4913 , 78.9346 , 0
-0.491745 , 78.9582 , 0
-0.492191 , 78.9818 , 0
-0.492637 , 79.0054 , 0
-0.493082 , 79.029 , 0
-0.493528 , 79.0526 , 0
-0.493974 , 79.0762 , 0
-0.494419 , 79.0998 , 0
-0.494865 , 79.1234 , 0
-0.495311 , 79.147 , 0
-0.495757 , 79.1705 , 0
-0.496202 , 79.1941 , 0
-0.496648 , 79.2177 , 0
-0.497094 , 79.2413 , 0
-0.497539 , 79.2649 , 0
-0.497985 , 79.2885 , 0
-0.498431 , 79.3121 , 0
-0.498876 , 79.3357 , 0
-0.499322 , 79.3593 , 0
-0.499768 , 79.3829 , 0
-0.500214 , 79.4064 , 0
-0.500659 , 79.43 , 0
-0.501105 , 79.4536 , 0
-0.501551 , 79.4772 , 0
-0.501996 , 79.5008 , 0
-0.502442 , 79.5244 , 0
-0.502888 , 79.548 , 0
-0.503333 , 79.5716 , 0
-0.503779 , 79.5952 , 0
-0.504225 , 79.6188 , 0
-0.504671 , 79.6423 , 0
-0.505116 , 79.6659 , 0
-0.505562 , 79.6895 , 0
-0.506008 , 79.7131 , 0
-0.506453 , 79.7367 , 0
-0.506899 , 79.7603 , 0
-0.507345 , 79.7839 , 0
-0.50779 , 79.8075 , 0
-0.508236 , 79.8311 , 0
-0.508682 , 79.8547 , 0
-0.509128 , 79.8782 , 0
-0.509573 , 79.9018 , 0
-0.510019 , 79.9254 , 0
-0.510465 , 79.949 , 0
-0.51091 , 79.9726 , 0
-0.511356 , 79.9962 , 0
-0.511802 , 80.0198 , 0
-0.512247 , 80.0434 , 0
-0.512693 , 80.067 , 0
-0.513139 , 80.0906 , 0
-0.513584 , 80.1141 , 0
-0.51403 , 80.1377 , 0
-0.514476 , 80.1613 , 0
-0.514922 , 80.1849 , 0
-0.515367 , 80.2085 , 0
-0.515813 , 80.2321 , 0
-0.516259 , 80.2557 , 0
-0.516704 , 80.2793 , 0
-0.51715 , 80.3029 , 0
-0.517596 , 80.3265 , 0
-0.518041 , 80.35 , 0
-0.518487 , 80.3736 , 0
-0.518933 , 80.3972 , 0
-0.519379 , 80.4208 , 0
-0.519824 , 80.4444 , 0
-0.52027 , 80.468 , 0
-0.520716 , 80.4916 , 0
-0.521161 , 80.5152 , 0
-0.521607 , 80.5388 , 0
-0.522053 , 80.5624 , 0
-0.522498 , 80.5859 , 0
-0.522944 , 80.6095 , 0
-0.52339 , 80.6331 , 0
-0.523836 , 80.6567 , 0
-0.524281 , 80.6803 , 0
-0.524727 , 80.7039 , 0
-0.525173 , 80.7275 , 0
-0.525618 , 80.7511 , 0
-0.526064 , 80.7747 , 0
-0.52651 , 80.7983 , 0
-0.526955 , 80.8218 , 0
-0.527401 , 80.8454 , 0
-0.527847 , 80.869 , 0
-0.528293 , 80.8926 , 0
-0.528738 , 80.9162 , 0
-0.529184 , 80.9398 , 0
-0.52963 , 80.9634 , 0
-0.530075 , 80.987 , 0
-0.530521 , 81.0106 , 0
-0.530967 , 81.0342 , 0
-0.531412 , 81.0577 , 0
-0.531858 , 81.0813 , 0
-0.532304 , 81.1049 , 0
-0.53275 , 81.1285 , 0
-0.533195 , 81.1521 , 0
-0.533641 , 81.1757 , 0
-0.534087 , 81.1993 , 0
-0.534532 , 81.2229 , 0
-0.534978 , 81.2465 , 0
-0.535424 , 81.2701 , 0
-0.535869 , 81.2937 , 0
-0.536315 , 81.3172 , 0
-0.536761 , 81.3408 , 0
-0.537207 , 81.3644 , 0
-0.537652 , 81.388 , 0
-0.538098 , 81.4116 , 0
-0.538544 , 81.4352 , 0
-0.538989 , 81.4588 , 0
-0.539435 , 81.4824 , 0
-0.539881 , 81.506 , 0
-0.540326 , 81.5296 , 0
-0.540772 , 81.5531 , 0
-0.541218 , 81.5767 , 0
-0.541664 , 81.6003 , 0
-0.542109 , 81.6239 , 0
-0.542555 , 81.6475 , 0
-0.543001 , 81.6711 , 0
-0.543446 , 81.6947 , 0
-0.543892 , 81.7183 , 0
-0.544338 , 81.7419 , 0
-0.544783 , 81.7655 , 0
-0.545229 , 81.789 , 0
-0.545675 , 81.8126 , 0
-0.54612 , 81.8362 , 0
-0.546566 , 81.8598 , 0
-0.547012 , 81.8834 , 0
-0.547458 , 81.907 , 0
-0.547903 , 81.9306 , 0
-0.548349 , 81.9542 , 0
-0.548795 , 81.9778 , 0
-0.54924 , 82.0014 , 0
-0.549686 , 82.0249 , 0
-0.550132 , 82.0485 , 0
-0.550577 , 82.0721 , 0
-0.551023 , 82.0957 , 0
-0.551469 , 82.1193 , 0
-0.551915 , 82.1429 , 0
-0.55236 , 82.1665 , 0
-0.552806 , 82.1901 , 0
-0.553252 , 82.2137 , 0
-0.553697 , 82.2373 , 0
-0.554143 , 82.2608 , 0
-0.554589 , 82.2844 , 0
-0.555034 , 82.308 , 0
-0.55548 , 82.3316 , 0
-0.555926 , 82.3552 , 0
-0.556372 , 82.3788 , 0
-0.556817 , 82.4024 , 0
-0.557263 , 82.426 , 0
-0.557709 , 82.4496 , 0
-0.558154 , 82.4732 , 0
-0.5586 , 82.4967 , 0
-0.559046 , 82.5203 , 0
-0.559491 , 82.5439 , 0
-0.559937 , 82.5675 , 0
-0.560383 , 82.5911 , 0
-0.560829 , 82.6147 , 0
-0.561274 , 82.6383 , 0
-0.56172 , 82.6619 , 0
-0.562166 , 82.6855 , 0
-0.562611 , 82.7091 , 0
-0.563057 , 82.7326 , 0
-0.563503 , 82.7562 , 0
-0.563948 , 82.7798 , 0
-0.564394 , 82.8034 , 0
-0.56484 , 82.827 , 0
-0.565286 , 82.8506 , 0
-0.565731 , 82.8742 , 0
-0.566177 , 82.8978 , 0
-0.566623 , 82.9214 , 0
-0.567068 , 82.945 , 0
-0.567514 , 82.9685 , 0
-0.56796 , 82.9921 , 0
-0.568405 , 83.0157 , 0
-0.568851 , 83.0393 , 0
-0.569297 , 83.0629 , 0
-0.569742 , 83.0865 , 0
-0.570188 , 83.1101 , 0
-0.570634 , 83.1337 , 0
-0.57108 , 83.1573 , 0
-0.571525 , 83.1809 , 0
-0.571971 , 83.2044 , 0
-0.572417 , 83.228 , 0
-0.572862 , 83.2516 , 0
-0.573308 , 83.2752 , 0
-0.573754 , 83.2988 , 0
-0.574199 , 83.3224 , 0
-0.574645 , 83.346 , 0
-0.575091 , 83.3696 , 0
-0.575537 , 83.3932 , 0
-0.575982 , 83.4168 , 0
-0.576428 , 83.4403 , 0
-0.576874 , 83.4639 , 0
-0.577319 , 83.4875 , 0
-0.577765 , 83.5111 , 0
-0.578211 , 83.5347 , 0
-0.578656 , 83.5583 , 0
-0.579102 , 83.5819 , 0
-0.579548 , 83.6055 , 0
-0.579994 , 83.6291 , 0
-0.580439 , 83.6527 , 0
-0.580885 , 83.6762 , 0
-0.581331 , 83.6998 , 0
-0.581776 , 83.7234 , 0
-0.582222 , 83.747 , 0
-0.582668 , 83.7706 , 0
-0.583113 , 83.7942 , 0
-0.583559 , 83.8178 , 0
-0.584005 , 83.8414 , 0
-0.584451 , 83.865 , 0
-0.584896 , 83.8886 , 0
-0.585342 , 83.9121 , 0
-0.585788 , 83.9357 , 0
-0.586233 , 83.9593 , 0
-0.586679 , 83.9829 , 0
-0.587125 , 84.0065 , 0
-0.58757 , 84.0301 , 0
-0.588016 , 84.0537 , 0
-0.588462 , 84.0773 , 0
-0.588908 , 84.1009 , 0
-0.589353 , 84.1245 , 0
-0.589799 , 84.148 , 0
-0.590245 , 84.1716 , 0
-0.59069 , 84.1952 , 0
-0.591136 , 84.2188 , 0
-0.591582 , 84.2424 , 0
-0.592027 , 84.266 , 0
-0.592473 , 84.2896 , 0
-0.592919 , 84.3132 , 0
-0.593364 , 84.3368 , 0
-0.59381 , 84.3604 , 0
-0.594256 , 84.3839 , 0
-0.594702 , 84.4075 , 0
-0.595147 , 84.4311 , 0
-0.595593 , 84.4547 , 0
-0.596039 , 84.4783 , 0
-0.596484 , 84.5019 , 0
-0.59693 , 84.5255 , 0
-0.597376 , 84.5491 , 0
-0.597821 , 84.5727 , 0
-0.598267 , 84.5963 , 0
-0.598713 , 84.6199 , 0
-0.599159 , 84.6434 , 0
-0.599604 , 84.667 , 0
-0.60005 , 84.6906 , 0
-0.600496 , 84.7142 , 0
-0.600941 , 84.7378 , 0
-0.601387 , 84.7614 , 0
-0.601833 , 84.785 , 0
-0.602278 , 84.8086 , 0
-0.602724 , 84.8322 , 0
-0.60317 , 84.8558 , 0
-0.603616 , 84.8793 , 0
-0.604061 , 84.9029 , 0
-0.604507 , 84.9265 , 0
-0.604953 , 84.9501 , 0
-0.605398 , 84.9737 , 0
-0.605844 , 84.9973 , 0
-0.60629 , 85.0209 , 0
-0.606735 , 85.0445 , 0
-0.607181 , 85.0681 , 0
-0.607627 , 85.0917 , 0
-0.608073 , 85.1152 , 0
-0.608518 , 85.1388 , 0
-0.608964 , 85.1624 , 0
-0.60941 , 85.186 , 0
-0.609855 , 85.2096 , 0
-0.610301 , 85.2332 , 0
-0.610747 , 85.2568 , 0
-0.611192 , 85.2804 , 0
-0.611638 , 85.304 , 0
-0.612084 , 85.3276 , 0
-0.612529 , 85.3511 , 0
-0.612975 , 85.3747 , 0
-0.613421 , 85.3983 , 0
-0.613867 , 85.4219 , 0
-0.614312 , 85.4455 , 0
-0.614758 , 85.4691 , 0
-0.615204 , 85.4927 , 0
-0.615649 , 85.5163 , 0
-0.616095 , 85.5399 , 0
-0.616541 , 85.5635 , 0
-0.616986 , 85.587 , 0
-0.617432 , 85.6106 , 0
-0.617878 , 85.6342 , 0
-0.618324 , 85.6578 , 0
-0.618769 , 85.6814 , 0
-0.619215 , 85.705 , 0
-0.619661 , 85.7286 , 0
-0.620106 , 85.7522 , 0
-0.620552 , 85.7758 , 0
-0.620998 , 85.7994 , 0
-0.621443 , 85.8229 , 0
-0.621889 , 85.8465 , 0
-0.622335 , 85.8701 , 0
-0.622781 , 85.8937 , 0
-0.623226 , 85.9173 , 0
-0.623672 , 85.9409 , 0
-0.624118 , 85.9645 , 0
-0.624563 , 85.9881 , 0
-0.625009 , 86.0117 , 0
-0.625455 , 86.0353 , 0
-0.6259 , 86.0588 , 0
-0.626346 , 86.0824 , 0
-0.626792 , 86.106 , 0
-0.627238 , 86.1296 , 0
-0.627683 , 86.1532 , 0
-0.628129 , 86.1768 , 0
-0.628575 , 86.2004 , 0
-0.62902 , 86.224 , 0
-0.629466 , 86.2476 , 0
-0.629912 , 86.2712 , 0
-0.630357 , 86.2947 , 0
-0.630803 , 86.3183 , 0
