x , y , z
5.2 , 0 , 0
5.19973 , 0.0531154 , 0
5.19892 , 0.106225 , 0
5.19757 , 0.159324 , 0
5.19568 , 0.212406 , 0
5.19325 , 0.265467 , 0
5.19028 , 0.318499 , 0
5.18678 , 0.371499 , 0
5.18273 , 0.42446 , 0
5.17815 , 0.477377 , 0
5.17303 , 0.530244 , 0
5.16737 , 0.583057 , 0
5.16117 , 0.635808 , 0
5.15444 , 0.688494 , 0
5.14718 , 0.741109 , 0
5.13938 , 0.793646 , 0
5.13104 , 0.846101 , 0
5.12218 , 0.898468 , 0
5.11278 , 0.950742 , 0
5.10285 , 1.00292 , 0
5.09239 , 1.05499 , 0
5.0814 , 1.10695 , 0
5.06989 , 1.1588 , 0
5.05785 , 1.21052 , 0
5.04528 , 1.26212 , 0
5.03219 , 1.31359 , 0
5.01858 , 1.36493 , 0
5.00445 , 1.41612 , 0
4.98979 , 1.46716 , 0
4.97462 , 1.51806 , 0
4.95894 , 1.56879 , 0
4.94274 , 1.61936 , 0
4.92602 , 1.66977 , 0
4.9088 , 1.72 , 0
4.89106 , 1.77005 , 0
4.87282 , 1.81992 , 0
4.85408 , 1.8696 , 0
4.83482 , 1.91909 , 0
4.81507 , 1.96837 , 0
4.79482 , 2.01746 , 0
4.77407 , 2.06633 , 0
4.75283 , 2.11499 , 0
4.73109 , 2.16343 , 0
4.70886 , 2.21164 , 0
4.68615 , 2.25963 , 0
4.66295 , 2.30738 , 0
4.63926 , 2.3549 , 0
4.6151 , 2.40216 , 0
4.59045 , 2.44918 , 0
4.56533 , 2.49595 , 0
4.53974 , 2.54246 , 0
4.51367 , 2.5887 , 0
4.48714 , 2.63467 , 0
4.46015 , 2.68038 , 0
4.43269 , 2.7258 , 0
4.40477 , 2.77094 , 0
4.37639 , 2.8158 , 0
4.34757 , 2.86036 , 0
4.31829 , 2.90463 , 0
4.28856 , 2.9486 , 0
4.25839 , 2.99226 , 0
4.22778 , 3.03561 , 0
4.19673 , 3.07864 , 0
4.16525 , 3.12136 , 0
4.13334 , 3.16376 , 0
4.10099 , 3.20582 , 0
4.06823 , 3.24756 , 0
4.03504 , 3.28896 , 0
4.00143 , 3.33002 , 0
3.96741 , 3.37073 , 0
3.93298 , 3.41109 , 0
3.89815 , 3.45111 , 0
3.86291 , 3.49076 , 0
3.82727 , 3.53006 , 0
3.79123 , 3.56898 , 0
3.7548 , 3.60754 , 0
3.71799 , 3.64573 , 0
3.68079 , 3.68354 , 0
3.6432 , 3.72097 , 0
3.60525 , 3.75801 , 0
3.56692 , 3.79467 , 0
3.52822 , 3.83093 , 0
3.48915 , 3.8668 , 0
3.44973 , 3.90227 , 0
3.40995 , 3.93733 , 0
3.36981 , 3.97199 , 0
3.32933 , 4.00624 , 0
3.28851 , 4.04007 , 0
3.24734 , 4.07349 , 0
3.20584 , 4.10649 , 0
3.16401 , 4.13906 , 0
3.12185 , 4.1712 , 0
3.07937 , 4.20292 , 0
3.03657 , 4.2342 , 0
2.99346 , 4.26504 , 0
2.95004 , 4.29544 , 0
2.90632 , 4.3254 , 0
2.86229 , 4.35492 , 0
2.81797 , 4.38398 , 0
2.77336 , 4.41259 , 0
2.72847 , 4.44075 , 0
2.68329 , 4.46845 , 0
2.63783 , 4.49569 , 0
2.59211 , 4.52246 , 0
2.54611 , 4.54877 , 0
2.49986 , 4.57461 , 0
2.45334 , 4.59998 , 0
2.40658 , 4.62487 , 0
2.35956 , 4.64929 , 0
2.3123 , 4.67323 , 0
2.26481 , 4.69669 , 0
2.21708 , 4.71966 , 0
2.16912 , 4.74215 , 0
2.12094 , 4.76415 , 0
2.07254 , 4.78566 , 0
2.02393 , 4.80667 , 0
1.97511 , 4.82719 , 0
1.92608 , 4.84722 , 0
1.87686 , 4.86675 , 0
1.82745 , 4.88577 , 0
1.77784 , 4.9043 , 0
1.72806 , 4.92231 , 0
1.67809 , 4.93983 , 0
1.62796 , 4.95683 , 0
1.57765 , 4.97333 , 0
1.52719 , 4.98931 , 0
1.47657 , 5.00478 , 0
1.42579 , 5.01974 , 0
1.37487 , 5.03418 , 0
1.32381 , 5.0481 , 0
1.27261 , 5.06151 , 0
1.22128 , 5.07439 , 0
1.16983 , 5.08676 , 0
1.11825 , 5.0986 , 0
1.06656 , 5.10992 , 0
1.01476 , 5.12071 , 0
0.962861 , 5.13098 , 0
0.910859 , 5.14072 , 0
0.858764 , 5.14994 , 0
0.806581 , 5.15863 , 0
0.754315 , 5.16678 , 0
0.701972 , 5.17441 , 0
0.649556 , 5.18151 , 0
0.597075 , 5.18807 , 0
0.544532 , 5.19411 , 0
0.491933 , 5.19961 , 0
0.439283 , 5.20458 , 0
0.386589 , 5.20901 , 0
0.333855 , 5.21291 , 0
0.281087 , 5.21628 , 0
0.22829 , 5.21912 , 0
0.17547 , 5.22141 , 0
0.122632 , 5.22318 , 0
0.0697808 , 5.22441 , 0
0.0169229 , 5.2251 , 0
-0.0359368 , 5.22526 , 0
-0.0887928 , 5.22489 , 0
-0.14164 , 5.22398 , 0
-0.194472 , 5.22254 , 0
-0.247285 , 5.22056 , 0
-0.300072 , 5.21805 , 0
-0.352828 , 5.215 , 0
-0.405549 , 5.21142 , 0
-0.458228 , 5.20731 , 0
-0.51086 , 5.20267 , 0
-0.56344 , 5.19749 , 0
-0.615963 , 5.19179 , 0
-0.668422 , 5.18555 , 0
-0.720813 , 5.17878 , 0
-0.773131 , 5.17149 , 0
-0.82537 , 5.16367 , 0
-0.877524 , 5.15532 , 0
-0.929589 , 5.14644 , 0
-0.981559 , 5.13704 , 0
-1.03343 , 5.12711 , 0
-1.08519 , 5.11666 , 0
-1.13685 , 5.10569 , 0
-1.18838 , 5.0942 , 0
-1.2398 , 5.08218 , 0
-1.29109 , 5.06965 , 0
-1.34225 , 5.05661 , 0
-1.39327 , 5.04304 , 0
-1.44415 , 5.02897 , 0
-1.49488 , 5.01438 , 0
-1.54546 , 4.99928 , 0
-1.59588 , 4.98367 , 0
-1.64614 , 4.96755 , 0
-1.69623 , 4.95092 , 0
-1.74615 , 4.9338 , 0
-1.7959 , 4.91617 , 0
-1.84545 , 4.89803 , 0
-1.89482 , 4.8794 , 0
-1.944 , 4.86028 , 0
-1.99298 , 4.84066 , 0
-2.04176 , 4.82054 , 0
-2.09033 , 4.79994 , 0
-2.13869 , 4.77884 , 0
-2.18682 , 4.75726 , 0
-2.23474 , 4.7352 , 0
-2.28243 , 4.71266 , 0
-2.32989 , 4.68963 , 0
-2.37711 , 4.66613 , 0
-2.42409 , 4.64216 , 0
-2.47082 , 4.61771 , 0
-2.5173 , 4.59279 , 0
-2.56352 , 4.56741 , 0
-2.60949 , 4.54156 , 0
-2.65519 , 4.51525 , 0
-2.70062 , 4.48849 , 0
-2.74577 , 4.46126 , 0
-2.79065 , 4.43359 , 0
-2.83524 , 4.40546 , 0
-2.87955 , 4.37689 , 0
-2.92356 , 4.34787 , 0
-2.96728 , 4.31841 , 0
-3.01069 , 4.28851 , 0
-3.0538 , 4.25818 , 0
-3.0966 , 4.22741 , 0
-3.13909 , 4.19622 , 0
-3.18126 , 4.1646 , 0
-3.2231 , 4.13256 , 0
-3.26462 , 4.1001 , 0
-3.30581 , 4.06722 , 0
-3.34666 , 4.03393 , 0
-3.38717 , 4.00023 , 0
-3.42734 , 3.96613 , 0
-3.46716 , 3.93162 , 0
-3.50663 , 3.89671 , 0
-3.54574 , 3.86141 , 0
-3.5845 , 3.82572 , 0
-3.62289 , 3.78964 , 0
-3.66091 , 3.75318 , 0
-3.69857 , 3.71634 , 0
-3.73585 , 3.67912 , 0
-3.77275 , 3.64153 , 0
-3.80927 , 3.60357 , 0
-3.8454 , 3.56524 , 0
-3.88114 , 3.52656 , 0
-3.91649 , 3.48751 , 0
-3.95145 , 3.44812 , 0
-3.986 , 3.40837 , 0
-4.02015 , 3.36828 , 0
-4.0539 , 3.32785 , 0
-4.08723 , 3.28708 , 0
-4.12015 , 3.24598 , 0
-4.15265 , 3.20455 , 0
-4.18474 , 3.1628 , 0
-4.2164 , 3.12072 , 0
-4.24763 , 3.07833 , 0
-4.27843 , 3.03563 , 0
-4.30881 , 2.99263 , 0
-4.33874 , 2.94932 , 0
-4.36824 , 2.90571 , 0
-4.39729 , 2.86181 , 0
-4.4259 , 2.81761 , 0
-4.45407 , 2.77314 , 0
-4.48178 , 2.72838 , 0
-4.50904 , 2.68335 , 0
-4.53584 , 2.63805 , 0
-4.56219 , 2.59248 , 0
-4.58807 , 2.54664 , 0
-4.6135 , 2.50055 , 0
-4.63845 , 2.45421 , 0
-4.66294 , 2.40762 , 0
-4.68695 , 2.36079 , 0
-4.71049 , 2.31372 , 0
-4.73356 , 2.26641 , 0
-4.75615 , 2.21888 , 0
-4.77826 , 2.17112 , 0
-4.79988 , 2.12314 , 0
-4.82102 , 2.07495 , 0
-4.84168 , 2.02655 , 0
-4.86184 , 1.97794 , 0
-4.88151 , 1.92914 , 0
-4.9007 , 1.88014 , 0
-4.91938 , 1.83095 , 0
-4.93757 , 1.78157 , 0
-4.95526 , 1.73202 , 0
-4.97245 , 1.68229 , 0
-4.98914 , 1.63239 , 0
-5.00533 , 1.58232 , 0
-5.02101 , 1.5321 , 0
-5.03618 , 1.48172 , 0
-5.05085 , 1.43119 , 0
-5.065 , 1.38052 , 0
-5.07865 , 1.32971 , 0
-5.09178 , 1.27876 , 0
-5.1044 , 1.22768 , 0
-5.1165 , 1.17648 , 0
-5.12809 , 1.12517 , 0
-5.13916 , 1.07374 , 0
-5.14971 , 1.0222 , 0
-5.15974 , 0.970553 , 0
-5.16925 , 0.918812 , 0
-5.17824 , 0.866979 , 0
-5.18671 , 0.815058 , 0
-5.19465 , 0.763055 , 0
-5.20207 , 0.710975 , 0
-5.20897 , 0.658823 , 0
-5.21534 , 0.606605 , 0
-5.22118 , 0.554325 , 0
-5.2265 , 0.50199 , 0
-5.23129 , 0.449604 , 0
-5.23555 , 0.397173 , 0
-5.23929 , 0.344701 , 0
-5.24249 , 0.292195 , 0
-5.24517 , 0.23966 , 0
-5.24732 , 0.1871 , 0
-5.24894 , 0.134521 , 0
-5.25003 , 0.0819288 , 0
-5.25059 , 0.0293283 , 0
-5.25062 , -0.0232751 , 0
-5.25012 , -0.0758762 , 0
-5.24909 , -0.12847 , 0
-5.24753 , -0.18105 , 0
-5.24545 , -0.233612 , 0
-5.24283 , -0.286151 , 0
-5.23968 , -0.338661 , 0
-5.23601 , -0.391137 , 0
-5.23181 , -0.443573 , 0
-5.22708 , -0.495964 , 0
-5.22182 , -0.548306 , 0
-5.21604 , -0.600592 , 0
-5.20973 , -0.652817 , 0
-5.20289 , -0.704977 , 0
-5.19553 , -0.757066 , 0
-5.18765 , -0.809078 , 0
-5.17924 , -0.861009 , 0
-5.17031 , -0.912852 , 0
-5.16086 , -0.964604 , 0
-5.15089 , -1.01626 , 0
-5.1404 , -1.06781 , 0
-5.12939 , -1.11925 , 0
-5.11786 , -1.17059 , 0
-5.10582 , -1.2218 , 0
-5.09326 , -1.27289 , 0
-5.08018 , -1.32385 , 0
-5.0666 , -1.37468 , 0
-5.0525 , -1.42537 , 0
-5.03789 , -1.47591 , 0
-5.02278 , -1.52631 , 0
-5.00716 , -1.57655 , 0
-4.99103 , -1.62663 , 0
-4.9744 , -1.67655 , 0
-4.95726 , -1.7263 , 0
-4.93963 , -1.77588 , 0
-4.9215 , -1.82527 , 0
-4.90287 , -1.87449 , 0
-4.88375 , -1.92351 , 0
-4.86413 , -1.97234 , 0
-4.84402 , -2.02097 , 0
-4.82342 , -2.06939 , 0
-4.80234 , -2.11761 , 0
-4.78077 , -2.16561 , 0
-4.75872 , -2.21339 , 0
-4.73618 , -2.26095 , 0
-4.71317 , -2.30829 , 0
-4.68968 , -2.35538 , 0
-4.66572 , -2.40225 , 0
-4.64129 , -2.44886 , 0
-4.61639 , -2.49523 , 0
-4.59102 , -2.54135 , 0
-4.56519 , -2.58721 , 0
-4.5389 , -2.63282 , 0
-4.51214 , -2.67815 , 0
-4.48494 , -2.72321 , 0
-4.45728 , -2.768 , 0
-4.42916 , -2.81251 , 0
-4.40061 , -2.85673 , 0
-4.3716 , -2.90067 , 0
-4.34216 , -2.94431 , 0
-4.31227 , -2.98766 , 0
-4.28195 , -3.0307 , 0
-4.25119 , -3.07344 , 0
-4.22001 , -3.11586 , 0
-4.1884 , -3.15797 , 0
-4.15636 , -3.19976 , 0
-4.12391 , -3.24123 , 0
-4.09104 , -3.28237 , 0
-4.05775 , -3.32317 , 0
-4.02405 , -3.36364 , 0
-3.98995 , -3.40377 , 0
-3.95544 , -3.44356 , 0
-3.92053 , -3.483 , 0
-3.88523 , -3.52208 , 0
-3.84953 , -3.56081 , 0
-3.81344 , -3.59918 , 0
-3.77697 , -3.63718 , 0
-3.74011 , -3.67481 , 0
-3.70287 , -3.71208 , 0
-3.66526 , -3.74896 , 0
-3.62728 , -3.78547 , 0
-3.58893 , -3.82159 , 0
-3.55022 , -3.85733 , 0
-3.51114 , -3.89267 , 0
-3.47171 , -3.92762 , 0
-3.43193 , -3.96217 , 0
-3.3918 , -3.99633 , 0
-3.35133 , -4.03007 , 0
-3.31052 , -4.06341 , 0
-3.26937 , -4.09633 , 0
-3.22789 , -4.12884 , 0
-3.18608 , -4.16093 , 0
-3.14395 , -4.1926 , 0
-3.10151 , -4.22384 , 0
-3.05874 , -4.25466 , 0
-3.01567 , -4.28504 , 0
-2.97229 , -4.31499 , 0
-2.9286 , -4.3445 , 0
-2.88463 , -4.37357 , 0
-2.84035 , -4.4022 , 0
-2.79579 , -4.43037 , 0
-2.75095 , -4.4581 , 0
-2.70582 , -4.48538 , 0
-2.66043 , -4.5122 , 0
-2.61476 , -4.53856 , 0
-2.56882 , -4.56446 , 0
-2.52263 , -4.5899 , 0
-2.47618 , -4.61487 , 0
-2.42947 , -4.63937 , 0
-2.38252 , -4.6634 , 0
-2.33533 , -4.68695 , 0
-2.2879 , -4.71003 , 0
-2.24024 , -4.73263 , 0
-2.19234 , -4.75475 , 0
-2.14423 , -4.77638 , 0
-2.0959 , -4.79753 , 0
-2.04735 , -4.81819 , 0
-1.9986 , -4.83837 , 0
-1.94964 , -4.85804 , 0
-1.90049 , -4.87723 , 0
-1.85114 , -4.89591 , 0
-1.8016 , -4.9141 , 0
-1.75188 , -4.93179 , 0
-1.70198 , -4.94898 , 0
-1.65191 , -4.96566 , 0
-1.60167 , -4.98184 , 0
-1.55127 , -4.9975 , 0
-1.5007 , -5.01266 , 0
-1.44999 , -5.02731 , 0
-1.39913 , -5.04145 , 0
-1.34812 , -5.05507 , 0
-1.29698 , -5.06818 , 0
-1.2457 , -5.08077 , 0
-1.1943 , -5.09284 , 0
-1.14278 , -5.10439 , 0
-1.09114 , -5.11542 , 0
-1.03938 , -5.12593 , 0
-0.987526 , -5.13592 , 0
-0.935568 , -5.14538 , 0
-0.883513 , -5.15432 , 0
-0.831369 , -5.16273 , 0
-0.77914 , -5.17061 , 0
-0.726831 , -5.17797 , 0
-0.674448 , -5.1848 , 0
-0.621996 , -5.19109 , 0
-0.569481 , -5.19686 , 0
-0.516907 , -5.2021 , 0
-0.46428 , -5.2068 , 0
-0.411606 , -5.21097 , 0
-0.35889 , -5.21461 , 0
-0.306138 , -5.21772 , 0
-0.253354 , -5.22029 , 0
-0.200544 , -5.22233 , 0
-0.147713 , -5.22384 , 0
-0.0948676 , -5.22481 , 0
-0.0420124 , -5.22524 , 0
0.0108472 , -5.22515 , 0
0.0637056 , -5.22451 , 0
0.116558 , -5.22334 , 0
0.169398 , -5.22164 , 0
0.22222 , -5.2194 , 0
0.27502 , -5.21663 , 0
0.327792 , -5.21333 , 0
0.38053 , -5.20948 , 0
0.433229 , -5.20511 , 0
0.485884 , -5.2002 , 0
0.538489 , -5.19476 , 0
0.591039 , -5.18879 , 0
0.643528 , -5.18229 , 0
0.695951 , -5.17525 , 0
0.748303 , -5.16768 , 0
0.800578 , -5.15959 , 0
0.852771 , -5.15096 , 0
0.904877 , -5.14181 , 0
0.95689 , -5.13213 , 0
1.0088 , -5.12192 , 0
1.06062 , -5.11118 , 0
1.11232 , -5.09992 , 0
1.16391 , -5.08814 , 0
1.21537 , -5.07584 , 0
1.26672 , -5.06301 , 0
1.31793 , -5.04967 , 0
1.36901 , -5.0358 , 0
1.41995 , -5.02142 , 0
1.47074 , -5.00652 , 0
1.52138 , -4.99111 , 0
1.57186 , -4.97519 , 0
1.62219 , -4.95875 , 0
1.67234 , -4.9418 , 0
1.72232 , -4.92435 , 0
1.77213 , -4.90639 , 0
1.82176 , -4.88792 , 0
1.87119 , -4.86895 , 0
1.92044 , -4.84949 , 0
1.96948 , -4.82952 , 0
2.01833 , -4.80905 , 0
2.06697 , -4.78809 , 0
2.11539 , -4.76664 , 0
2.1636 , -4.7447 , 0
2.21158 , -4.72227 , 0
2.25933 , -4.69935 , 0
2.30686 , -4.67594 , 0
2.35414 , -4.65206 , 0
2.40119 , -4.6277 , 0
2.44798 , -4.60286 , 0
2.49452 , -4.57754 , 0
2.54081 , -4.55176 , 0
2.58683 , -4.5255 , 0
2.63259 , -4.49878 , 0
2.67808 , -4.4716 , 0
2.72329 , -4.44395 , 0
2.76822 , -4.41585 , 0
2.81286 , -4.38729 , 0
2.85722 , -4.35827 , 0
2.90127 , -4.32881 , 0
2.94503 , -4.2989 , 0
2.98849 , -4.26855 , 0
3.03164 , -4.23776 , 0
3.07447 , -4.20653 , 0
3.11699 , -4.17486 , 0
3.15918 , -4.14277 , 0
3.20105 , -4.11025 , 0
3.24259 , -4.0773 , 0
3.28379 , -4.04393 , 0
3.32466 , -4.01014 , 0
3.36518 , -3.97594 , 0
3.40535 , -3.94133 , 0
3.44518 , -3.90631 , 0
3.48464 , -3.87089 , 0
3.52375 , -3.83507 , 0
3.56249 , -3.79885 , 0
3.60086 , -3.76224 , 0
3.63886 , -3.72524 , 0
3.67649 , -3.68786 , 0
3.71373 , -3.65009 , 0
3.75059 , -3.61195 , 0
3.78707 , -3.57343 , 0
3.82315 , -3.53454 , 0
3.85883 , -3.49529 , 0
3.89412 , -3.45568 , 0
3.929 , -3.41571 , 0
3.96348 , -3.37538 , 0
3.99755 , -3.33471 , 0
4.0312 , -3.29369 , 0
4.06444 , -3.25233 , 0
4.09725 , -3.21063 , 0
4.12964 , -3.1686 , 0
4.16161 , -3.12624 , 0
4.19314 , -3.08356 , 0
4.22424 , -3.04056 , 0
4.2549 , -2.99725 , 0
4.28512 , -2.95362 , 0
4.3149 , -2.90969 , 0
4.34423 , -2.86546 , 0
4.37311 , -2.82093 , 0
4.40153 , -2.77611 , 0
4.4295 , -2.731 , 0
4.45701 , -2.68561 , 0
4.48406 , -2.63994 , 0
4.51065 , -2.59399 , 0
4.53677 , -2.54778 , 0
4.56242 , -2.5013 , 0
4.58759 , -2.45456 , 0
4.61229 , -2.40757 , 0
4.63651 , -2.36033 , 0
4.66025 , -2.31285 , 0
4.68351 , -2.26512 , 0
4.70628 , -2.21716 , 0
4.72856 , -2.16897 , 0
4.75036 , -2.12056 , 0
4.77166 , -2.07193 , 0
4.79246 , -2.02308 , 0
4.81277 , -1.97402 , 0
4.83258 , -1.92475 , 0
4.85189 , -1.87529 , 0
4.87069 , -1.82563 , 0
4.88899 , -1.77578 , 0
4.90679 , -1.72575 , 0
4.92407 , -1.67554 , 0
4.94084 , -1.62516 , 0
4.9571 , -1.5746 , 0
4.97285 , -1.52389 , 0
4.98808 , -1.47301 , 0
5.00279 , -1.42199 , 0
5.01698 , -1.37081 , 0
5.03065 , -1.31949 , 0
5.0438 , -1.26804 , 0
5.05643 , -1.21645 , 0
5.06853 , -1.16474 , 0
5.08011 , -1.11291 , 0
5.09115 , -1.06096 , 0
5.10167 , -1.0089 , 0
5.11166 , -0.956736 , 0
5.12112 , -0.904474 , 0
5.13005 , -0.852117 , 0
5.13845 , -0.799672 , 0
5.14631 , -0.747144 , 0
5.15363 , -0.694538 , 0
5.16043 , -0.64186 , 0
5.16668 , -0.589115 , 0
5.1724 , -0.53631 , 0
5.17759 , -0.483448 , 0
5.18223 , -0.430537 , 0
5.18634 , -0.377581 , 0
5.18991 , -0.324585 , 0
5.19294 , -0.271556 , 0
5.19543 , -0.218499 , 0
5.19738 , -0.165419 , 0
5.19879 , -0.112321 , 0
5.19966 , -0.0592125 , 0
5.2 , -0.00609742 , 0
5.19979 , 0.0470182 , 0
5.19904 , 0.100129 , 0
