x , y , z
1 , 0 , 0
0.999411 , 0.0472097 , 0
0.997645 , 0.0943639 , 0
0.995879 , 0.141518 , 0
0.994113 , 0.188672 , 0
0.992348 , 0.235826 , 0
0.990582 , 0.282981 , 0
0.988816 , 0.330135 , 0
0.987051 , 0.377289 , 0
0.985285 , 0.424443 , 0
0.983519 , 0.471597 , 0
0.981753 , 0.518751 , 0
0.979988 , 0.565905 , 0
0.978222 , 0.61306 , 0
0.976456 , 0.660214 , 0
0.97469 , 0.707368 , 0
0.972925 , 0.754522 , 0
0.971159 , 0.801676 , 0
0.969393 , 0.84883 , 0
0.967628 , 0.895985 , 0
0.965862 , 0.943139 , 0
0.964096 , 0.990293 , 0
0.96233 , 1.03745 , 0
0.960565 , 1.0846 , 0
0.958799 , 1.13176 , 0
0.957033 , 1.17891 , 0
0.955268 , 1.22606 , 0
0.953502 , 1.27322 , 0
0.951736 , 1.32037 , 0
0.94997 , 1.36753 , 0
0.948205 , 1.41468 , 0
0.946439 , 1.46183 , 0
0.944673 , 1.50899 , 0
0.942907 , 1.55614 , 0
0.941142 , 1.6033 , 0
0.939376 , 1.65045 , 0
0.93761 , 1.69761 , 0
0.935845 , 1.74476 , 0
0.934079 , 1.79191 , 0
0.932313 , 1.83907 , 0
0.930547 , 1.88622 , 0
0.928782 , 1.93338 , 0
0.927016 , 1.98053 , 0
0.92525 , 2.02768 , 0
0.923485 , 2.07484 , 0
0.921719 , 2.12199 , 0
0.919953 , 2.16915 , 0
0.918187 , 2.2163 , 0
0.916422 , 2.26346 , 0
0.914656 , 2.31061 , 0
0.91289 , 2.35776 , 0
0.911124 , 2.40492 , 0
0.909359 , 2.45207 , 0
0.907593 , 2.49923 , 0
0.905827 , 2.54638 , 0
0.904062 , 2.59353 , 0
0.902296 , 2.64069 , 0
0.90053 , 2.68784 , 0
0.898764 , 2.735 , 0
0.896999 , 2.78215 , 0
0.895233 , 2.82931 , 0
0.893467 , 2.87646 , 0
0.891702 , 2.92361 , 0
0.889936 , 2.97077 , 0
0.88817 , 3.01792 , 0
0.886404 , 3.06508 , 0
0.884639 , 3.11223 , 0
0.882873 , 3.15938 , 0
0.881107 , 3.20654 , 0
0.879341 , 3.25369 , 0
0.877576 , 3.30085 , 0
0.87581 , 3.348 , 0
0.874044 , 3.39516 , 0
0.872279 , 3.44231 , 0
0.870513 , 3.48946 , 0
0.868747 , 3.53662 , 0
0.866981 , 3.58377 , 0
0.865216 , 3.63093 , 0
0.86345 , 3.67808 , 0
0.861684 , 3.72523 , 0
0.859918 , 3.77239 , 0
0.858153 , 3.81954 , 0
0.856387 , 3.8667 , 0
0.854621 , 3.91385 , 0
0.852856 , 3.96101 , 0
0.85109 , 4.00816 , 0
0.849324 , 4.05531 , 0
0.847558 , 4.10247 , 0
0.845793 , 4.14962 , 0
0.844027 , 4.19678 , 0
0.842261 , 4.24393 , 0
0.840496 , 4.29108 , 0
0.83873 , 4.33824 , 0
0.836964 , 4.38539 , 0
0.835198 , 4.43255 , 0
0.833433 , 4.4797 , 0
0.831667 , 4.52685 , 0
0.829901 , 4.57401 , 0
0.828135 , 4.62116 , 0
0.82637 , 4.66832 , 0
0.824604 , 4.71547 , 0
0.822838 , 4.76263 , 0
0.821073 , 4.80978 , 0
0.819307 , 4.85693 , 0
0.817541 , 4.90409 , 0
0.815775 , 4.95124 , 0
0.81401 , 4.9984 , 0
0.812244 , 5.04555 , 0
0.810478 , 5.0927 , 0
0.808713 , 5.13986 , 0
0.806947 , 5.18701 , 0
0.805181 , 5.23417 , 0
0.803415 , 5.28132 , 0
0.80165 , 5.32848 , 0
0.799884 , 5.37563 , 0
0.798118 , 5.42278 , 0
0.796352 , 5.46994 , 0
0.794587 , 5.51709 , 0
0.792821 , 5.56425 , 0
0.791055 , 5.6114 , 0
0.78929 , 5.65855 , 0
0.787524 , 5.70571 , 0
0.785758 , 5.75286 , 0
0.783992 , 5.80002 , 0
0.782227 , 5.84717 , 0
0.780461 , 5.89433 , 0
0.778695 , 5.94148 , 0
0.77693 , 5.98863 , 0
0.775164 , 6.03579 , 0
0.773398 , 6.08294 , 0
0.771632 , 6.1301 , 0
0.769867 , 6.17725 , 0
0.768101 , 6.2244 , 0
0.766335 , 6.27156 , 0
0.764569 , 6.31871 , 0
0.762804 , 6.36587 , 0
0.761038 , 6.41302 , 0
0.759272 , 6.46018 , 0
0.757507 , 6.50733 , 0
0.755741 , 6.55448 , 0
0.753975 , 6.60164 , 0
0.752209 , 6.64879 , 0
0.750444 , 6.69595 , 0
0.748678 , 6.7431 , 0
0.746912 , 6.79025 , 0
0.745147 , 6.83741 , 0
0.743381 , 6.88456 , 0
0.741615 , 6.93172 , 0
0.739849 , 6.97887 , 0
0.738084 , 7.02603 , 0
0.736318 , 7.07318 , 0
0.734552 , 7.12033 , 0
0.732786 , 7.16749 , 0
0.731021 , 7.21464 , 0
0.729255 , 7.2618 , 0
0.727489 , 7.30895 , 0
0.725724 , 7.3561 , 0
0.723958 , 7.40326 , 0
0.722192 , 7.45041 , 0
0.720426 , 7.49757 , 0
0.718661 , 7.54472 , 0
0.716895 , 7.59188 , 0
0.715129 , 7.63903 , 0
0.713364 , 7.68618 , 0
0.711598 , 7.73334 , 0
0.709832 , 7.78049 , 0
0.708066 , 7.82765 , 0
0.706301 , 7.8748 , 0
0.704535 , 7.92195 , 0
0.702769 , 7.96911 , 0
0.701003 , 8.01626 , 0
0.699238 , 8.06342 , 0
0.697472 , 8.11057 , 0
0.695706 , 8.15773 , 0
0.693941 , 8.20488 , 0
0.692175 , 8.25203 , 0
0.690409 , 8.29919 , 0
0.688643 , 8.34634 , 0
0.686878 , 8.3935 , 0
0.685112 , 8.44065 , 0
0.683346 , 8.4878 , 0
0.681581 , 8.53496 , 0
0.679815 , 8.58211 , 0
0.678049 , 8.62927 , 0
0.676283 , 8.67642 , 0
0.674518 , 8.72358 , 0
0.672752 , 8.77073 , 0
0.670986 , 8.81788 , 0
0.66922 , 8.86504 , 0
0.667455 , 8.91219 , 0
0.665689 , 8.95935 , 0
0.663923 , 9.0065 , 0
0.662158 , 9.05365 , 0
0.660392 , 9.10081 , 0
0.658626 , 9.14796 , 0
0.65686 , 9.19512 , 0
0.655095 , 9.24227 , 0
0.653329 , 9.28943 , 0
0.651563 , 9.33658 , 0
0.649798 , 9.38373 , 0
0.648032 , 9.43089 , 0
0.646266 , 9.47804 , 0
0.6445 , 9.5252 , 0
0.642735 , 9.57235 , 0
0.640969 , 9.6195 , 0
0.639203 , 9.66666 , 0
0.637437 , 9.71381 , 0
0.635672 , 9.76097 , 0
0.633906 , 9.80812 , 0
0.63214 , 9.85528 , 0
0.630375 , 9.90243 , 0
0.628609 , 9.94958 , 0
0.626843 , 9.99674 , 0
0.625077 , 10.0439 , 0
0.623312 , 10.091 , 0
0.621546 , 10.1382 , 0
0.61978 , 10.1854 , 0
0.618015 , 10.2325 , 0
0.616249 , 10.2797 , 0
0.614483 , 10.3268 , 0
0.612717 , 10.374 , 0
0.610952 , 10.4211 , 0
0.609186 , 10.4683 , 0
0.60742 , 10.5154 , 0
0.605654 , 10.5626 , 0
0.603889 , 10.6097 , 0
0.602123 , 10.6569 , 0
0.600357 , 10.704 , 0
0.598592 , 10.7512 , 0
0.596826 , 10.7984 , 0
0.59506 , 10.8455 , 0
0.593294 , 10.8927 , 0
0.591529 , 10.9398 , 0
0.589763 , 10.987 , 0
0.587997 , 11.0341 , 0
0.586232 , 11.0813 , 0
0.584466 , 11.1284 , 0
0.5827 , 11.1756 , 0
0.580934 , 11.2227 , 0
0.579169 , 11.2699 , 0
0.577403 , 11.3171 , 0
0.575637 , 11.3642 , 0
0.573871 , 11.4114 , 0
0.572106 , 11.4585 , 0
0.57034 , 11.5057 , 0
0.568574 , 11.5528 , 0
0.566809 , 11.6 , 0
0.565043 , 11.6471 , 0
0.563277 , 11.6943 , 0
0.561511 , 11.7414 , 0
0.559746 , 11.7886 , 0
0.55798 , 11.8357 , 0
0.556214 , 11.8829 , 0
0.554449 , 11.9301 , 0
0.552683 , 11.9772 , 0
0.550917 , 12.0244 , 0
0.549151 , 12.0715 , 0
0.547386 , 12.1187 , 0
0.54562 , 12.1658 , 0
0.543854 , 12.213 , 0
0.542088 , 12.2601 , 0
0.540323 , 12.3073 , 0
0.538557 , 12.3544 , 0
0.536791 , 12.4016 , 0
0.535026 , 12.4488 , 0
0.53326 , 12.4959 , 0
0.531494 , 12.5431 , 0
0.529728 , 12.5902 , 0
0.527963 , 12.6374 , 0
0.526197 , 12.6845 , 0
0.524431 , 12.7317 , 0
0.522665 , 12.7788 , 0
0.5209 , 12.826 , 0
0.519134 , 12.8731 , 0
0.517368 , 12.9203 , 0
0.515603 , 12.9674 , 0
0.513837 , 13.0146 , 0
0.512071 , 13.0618 , 0
0.510305 , 13.1089 , 0
0.50854 , 13.1561 , 0
0.506774 , 13.2032 , 0
0.505008 , 13.2504 , 0
0.503243 , 13.2975 , 0
0.501477 , 13.3447 , 0
0.499711 , 13.3918 , 0
0.497945 , 13.439 , 0
0.49618 , 13.4861 , 0
0.494414 , 13.5333 , 0
0.492648 , 13.5805 , 0
0.490882 , 13.6276 , 0
0.489117 , 13.6748 , 0
0.487351 , 13.7219 , 0
0.485585 , 13.7691 , 0
0.48382 , 13.8162 , 0
0.482054 , 13.8634 , 0
0.480288 , 13.9105 , 0
0.478522 , 13.9577 , 0
0.476757 , 14.0048 , 0
0.474991 , 14.052 , 0
0.473225 , 14.0991 , 0
0.47146 , 14.1463 , 0
0.469694 , 14.1935 , 0
0.467928 , 14.2406 , 0
0.466162 , 14.2878 , 0
0.464397 , 14.3349 , 0
0.462631 , 14.3821 , 0
0.460865 , 14.4292 , 0
0.459099 , 14.4764 , 0
0.457334 , 14.5235 , 0
0.455568 , 14.5707 , 0
0.453802 , 14.6178 , 0
0.452037 , 14.665 , 0
0.450271 , 14.7122 , 0
0.448505 , 14.7593 , 0
0.446739 , 14.8065 , 0
0.444974 , 14.8536 , 0
0.443208 , 14.9008 , 0
0.441442 , 14.9479 , 0
0.439677 , 14.9951 , 0
0.437911 , 15.0422 , 0
0.436145 , 15.0894 , 0
0.434379 , 15.1365 , 0
0.432614 , 15.1837 , 0
0.430848 , 15.2308 , 0
0.429082 , 15.278 , 0
0.427316 , 15.3252 , 0
0.425551 , 15.3723 , 0
0.423785 , 15.4195 , 0
0.422019 , 15.4666 , 0
0.420254 , 15.5138 , 0
0.418488 , 15.5609 , 0
0.416722 , 15.6081 , 0
0.414956 , 15.6552 , 0
0.413191 , 15.7024 , 0
0.411425 , 15.7495 , 0
0.409659 , 15.7967 , 0
0.407894 , 15.8439 , 0
0.406128 , 15.891 , 0
0.404362 , 15.9382 , 0
0.402596 , 15.9853 , 0
0.400831 , 16.0325 , 0
0.399065 , 16.0796 , 0
0.397299 , 16.1268 , 0
0.395533 , 16.1739 , 0
0.393768 , 16.2211 , 0
0.392002 , 16.2682 , 0
0.390236 , 16.3154 , 0
0.388471 , 16.3625 , 0
0.386705 , 16.4097 , 0
0.384939 , 16.4569 , 0
0.383173 , 16.504 , 0
0.381408 , 16.5512 , 0
0.379642 , 16.5983 , 0
0.377876 , 16.6455 , 0
0.376111 , 16.6926 , 0
0.374345 , 16.7398 , 0
0.372579 , 16.7869 , 0
0.370813 , 16.8341 , 0
0.369048 , 16.8812 , 0
0.367282 , 16.9284 , 0
0.365516 , 16.9756 , 0
0.36375 , 17.0227 , 0
0.361985 , 17.0699 , 0
0.360219 , 17.117 , 0
0.358453 , 17.1642 , 0
0.356688 , 17.2113 , 0
0.354922 , 17.2585 , 0
0.353156 , 17.3056 , 0
0.35139 , 17.3528 , 0
0.349625 , 17.3999 , 0
0.347859 , 17.4471 , 0
0.346093 , 17.4942 , 0
0.344328 , 17.5414 , 0
0.342562 , 17.5886 , 0
0.340796 , 17.6357 , 0
0.33903 , 17.6829 , 0
0.337265 , 17.73 , 0
0.335499 , 17.7772 , 0
0.333733 , 17.8243 , 0
0.331967 , 17.8715 , 0
0.330202 , 17.9186 , 0
0.328436 , 17.9658 , 0
0.32667 , 18.0129 , 0
0.324905 , 18.0601 , 0
0.323139 , 18.1073 , 0
0.321373 , 18.1544 , 0
0.319607 , 18.2016 , 0
0.317842 , 18.2487 , 0
0.316076 , 18.2959 , 0
0.31431 , 18.343 , 0
0.312545 , 18.3902 , 0
0.310779 , 18.4373 , 0
0.309013 , 18.4845 , 0
0.307247 , 18.5316 , 0
0.305482 , 18.5788 , 0
0.303716 , 18.6259 , 0
0.30195 , 18.6731 , 0
0.300184 , 18.7203 , 0
0.298419 , 18.7674 , 0
0.296653 , 18.8146 , 0
0.294887 , 18.8617 , 0
0.293122 , 18.9089 , 0
0.291356 , 18.956 , 0
0.28959 , 19.0032 , 0
0.287824 , 19.0503 , 0
0.286059 , 19.0975 , 0
0.284293 , 19.1446 , 0
0.282527 , 19.1918 , 0
0.280762 , 19.239 , 0
0.278996 , 19.2861 , 0
0.27723 , 19.3333 , 0
0.275464 , 19.3804 , 0
0.273699 , 19.4276 , 0
0.271933 , 19.4747 , 0
0.270167 , 19.5219 , 0
0.268401 , 19.569 , 0
0.266636 , 19.6162 , 0
0.26487 , 19.6633 , 0
0.263104 , 19.7105 , 0
0.261339 , 19.7576 , 0
0.259573 , 19.8048 , 0
0.257807 , 19.852 , 0
0.256041 , 19.8991 , 0
0.254276 , 19.9463 , 0
0.25251 , 19.9934 , 0
0.250744 , 20.0406 , 0
0.248979 , 20.0877 , 0
0.247213 , 20.1349 , 0
0.245447 , 20.182 , 0
0.243681 , 20.2292 , 0
0.241916 , 20.2763 , 0
0.24015 , 20.3235 , 0
0.238384 , 20.3707 , 0
0.236618 , 20.4178 , 0
0.234853 , 20.465 , 0
0.233087 , 20.5121 , 0
0.231321 , 20.5593 , 0
0.229556 , 20.6064 , 0
0.22779 , 20.6536 , 0
0.226024 , 20.7007 , 0
0.224258 , 20.7479 , 0
0.222493 , 20.795 , 0
0.220727 , 20.8422 , 0
0.218961 , 20.8893 , 0
0.217196 , 20.9365 , 0
0.21543 , 20.9837 , 0
0.213664 , 21.0308 , 0
0.211898 , 21.078 , 0
0.210133 , 21.1251 , 0
0.208367 , 21.1723 , 0
0.206601 , 21.2194 , 0
0.204835 , 21.2666 , 0
0.20307 , 21.3137 , 0
0.201304 , 21.3609 , 0
0.199538 , 21.408 , 0
0.197773 , 21.4552 , 0
0.196007 , 21.5024 , 0
0.194241 , 21.5495 , 0
0.192475 , 21.5967 , 0
0.19071 , 21.6438 , 0
0.188944 , 21.691 , 0
0.187178 , 21.7381 , 0
0.185412 , 21.7853 , 0
0.183647 , 21.8324 , 0
0.181881 , 21.8796 , 0
0.180115 , 21.9267 , 0
0.17835 , 21.9739 , 0
0.176584 , 22.021 , 0
0.174818 , 22.0682 , 0
0.173052 , 22.1154 , 0
0.171287 , 22.1625 , 0
0.169521 , 22.2097 , 0
0.167755 , 22.2568 , 0
0.16599 , 22.304 , 0
0.164224 , 22.3511 , 0
0.162458 , 22.3983 , 0
0.160692 , 22.4454 , 0
0.158927 , 22.4926 , 0
0.157161 , 22.5397 , 0
0.155395 , 22.5869 , 0
0.153629 , 22.6341 , 0
0.151864 , 22.6812 , 0
0.150098 , 22.7284 , 0
0.148332 , 22.7755 , 0
0.146567 , 22.8227 , 0
0.144801 , 22.8698 , 0
0.143035 , 22.917 , 0
0.141269 , 22.9641 , 0
0.139504 , 23.0113 , 0
0.137738 , 23.0584 , 0
0.135972 , 23.1056 , 0
0.134207 , 23.1527 , 0
0.132441 , 23.1999 , 0
0.130675 , 23.2471 , 0
0.128909 , 23.2942 , 0
0.127144 , 23.3414 , 0
0.125378 , 23.3885 , 0
0.123612 , 23.4357 , 0
0.121846 , 23.4828 , 0
0.120081 , 23.53 , 0
0.118315 , 23.5771 , 0
0.116549 , 23.6243 , 0
0.114784 , 23.6714 , 0
0.113018 , 23.7186 , 0
0.111252 , 23.7658 , 0
0.109486 , 23.8129 , 0
0.107721 , 23.8601 , 0
0.105955 , 23.9072 , 0
0.104189 , 23.9544 , 0
0.102424 , 24.0015 , 0
0.100658 , 24.0487 , 0
0.0988921 , 24.0958 , 0
0.0971264 , 24.143 , 0
0.0953606 , 24.1901 , 0
0.0935949 , 24.2373 , 0
0.0918292 , 24.2844 , 0
0.0900635 , 24.3316 , 0
0.0882978 , 24.3788 , 0
0.086532 , 24.4259 , 0
0.0847663 , 24.4731 , 0
0.0830006 , 24.5202 , 0
0.0812349 , 24.5674 , 0
0.0794691 , 24.6145 , 0
0.0777034 , 24.6617 , 0
0.0759377 , 24.7088 , 0
0.074172 , 24.756 , 0
0.0724063 , 24.8031 , 0
0.0706405 , 24.8503 , 0
0.0688748 , 24.8975 , 0
0.0671091 , 24.9446 , 0
0.0653434 , 24.9918 , 0
0.0635776 , 25.0389 , 0
0.0618119 , 25.0861 , 0
0.0600462 , 25.1332 , 0
0.0582805 , 25.1804 , 0
0.0565148 , 25.2275 , 0
0.054749 , 25.2747 , 0
0.0529833 , 25.3218 , 0
0.0512176 , 25.369 , 0
0.0494519 , 25.4161 , 0
0.0476861 , 25.4633 , 0
0.0459204 , 25.5105 , 0
0.0441547 , 25.5576 , 0
0.042389 , 25.6048 , 0
0.0406232 , 25.6519 , 0
0.0388575 , 25.6991 , 0
0.0370918 , 25.7462 , 0
0.0353261 , 25.7934 , 0
0.0335604 , 25.8405 , 0
0.0317946 , 25.8877 , 0
0.0300289 , 25.9348 , 0
0.0282632 , 25.982 , 0
0.0264975 , 26.0292 , 0
0.0247317 , 26.0763 , 0
0.022966 , 26.1235 , 0
0.0212003 , 26.1706 , 0
0.0194346 , 26.2178 , 0
0.0176689 , 26.2649 , 0
0.0159031 , 26.3121 , 0
0.0141374 , 26.3592 , 0
0.0123717 , 26.4064 , 0
0.010606 , 26.4535 , 0
0.00884024 , 26.5007 , 0
0.00707452 , 26.5478 , 0
0.0053088 , 26.595 , 0
0.00354308 , 26.6422 , 0
0.00177735 , 26.6893 , 0
1.16314e-005 , 26.7365 , 0
-0.00175409 , 26.7836 , 0
-0.00351981 , 26.8308 , 0
-0.00528554 , 26.8779 , 0
-0.00705126 , 26.9251 , 0
-0.00881698 , 26.9722 , 0
-0.0105827 , 27.0194 , 0
-0.0123484 , 27.0665 , 0
-0.0141141 , 27.1137 , 0
-0.0158799 , 27.1609 , 0
-0.0176456 , 27.208 , 0
-0.0194113 , 27.2552 , 0
-0.021177 , 27.3023 , 0
-0.0229428 , 27.3495 , 0
-0.0247085 , 27.3966 , 0
-0.0264742 , 27.4438 , 0
-0.0282399 , 27.4909 , 0
-0.0300057 , 27.5381 , 0
-0.0317714 , 27.5852 , 0
-0.0335371 , 27.6324 , 0
-0.0353028 , 27.6795 , 0
-0.0370685 , 27.7267 , 0
-0.0388343 , 27.7739 , 0
-0.0406 , 27.821 , 0
-0.0423657 , 27.8682 , 0
-0.0441314 , 27.9153 , 0
-0.0458972 , 27.9625 , 0
-0.0476629 , 28.0096 , 0
-0.0494286 , 28.0568 , 0
-0.0511943 , 28.1039 , 0
-0.05296 , 28.1511 , 0
-0.0547258 , 28.1982 , 0
-0.0564915 , 28.2454 , 0
-0.0582572 , 28.2926 , 0
-0.0600229 , 28.3397 , 0
-0.0617887 , 28.3869 , 0
-0.0635544 , 28.434 , 0
-0.0653201 , 28.4812 , 0
-0.0670858 , 28.5283 , 0
-0.0688515 , 28.5755 , 0
-0.0706173 , 28.6226 , 0
-0.072383 , 28.6698 , 0
-0.0741487 , 28.7169 , 0
-0.0759144 , 28.7641 , 0
-0.0776802 , 28.8112 , 0
-0.0794459 , 28.8584 , 0
-0.0812116 , 28.9056 , 0
-0.0829773 , 28.9527 , 0
-0.084743 , 28.9999 , 0
-0.0865088 , 29.047 , 0
-0.0882745 , 29.0942 , 0
-0.0900402 , 29.1413 , 0
-0.0918059 , 29.1885 , 0
-0.0935717 , 29.2356 , 0
-0.0953374 , 29.2828 , 0
-0.0971031 , 29.3299 , 0
-0.0988688 , 29.3771 , 0
-0.100635 , 29.4243 , 0
-0.1024 , 29.4714 , 0
-0.104166 , 29.5186 , 0
-0.105932 , 29.5657 , 0
-0.107697 , 29.6129 , 0
-0.109463 , 29.66 , 0
-0.111229 , 29.7072 , 0
-0.112995 , 29.7543 , 0
-0.11476 , 29.8015 , 0
-0.116526 , 29.8486 , 0
-0.118292 , 29.8958 , 0
-0.120057 , 29.9429 , 0
-0.121823 , 29.9901 , 0
-0.123589 , 30.0373 , 0
-0.125355 , 30.0844 , 0
-0.12712 , 30.1316 , 0
-0.128886 , 30.1787 , 0
-0.130652 , 30.2259 , 0
-0.132418 , 30.273 , 0
-0.134183 , 30.3202 , 0
-0.135949 , 30.3673 , 0
-0.137715 , 30.4145 , 0
-0.13948 , 30.4616 , 0
-0.141246 , 30.5088 , 0
-0.143012 , 30.556 , 0
-0.144778 , 30.6031 , 0
-0.146543 , 30.6503 , 0
-0.148309 , 30.6974 , 0
-0.150075 , 30.7446 , 0
-0.151841 , 30.7917 , 0
-0.153606 , 30.8389 , 0
-0.155372 , 30.886 , 0
-0.157138 , 30.9332 , 0
-0.158903 , 30.9803 , 0
-0.160669 , 31.0275 , 0
-0.162435 , 31.0746 , 0
-0.164201 , 31.1218 , 0
-0.165966 , 31.169 , 0
-0.167732 , 31.2161 , 0
-0.169498 , 31.2633 , 0
-0.171263 , 31.3104 , 0
-0.173029 , 31.3576 , 0
-0.174795 , 31.4047 , 0
-0.176561 , 31.4519 , 0
-0.178326 , 31.499 , 0
-0.180092 , 31.5462 , 0
-0.181858 , 31.5933 , 0
-0.183624 , 31.6405 , 0
-0.185389 , 31.6877 , 0
-0.187155 , 31.7348 , 0
-0.188921 , 31.782 , 0
-0.190686 , 31.8291 , 0
-0.192452 , 31.8763 , 0
-0.194218 , 31.9234 , 0
-0.195984 , 31.9706 , 0
-0.197749 , 32.0177 , 0
-0.199515 , 32.0649 , 0
-0.201281 , 32.112 , 0
-0.203046 , 32.1592 , 0
-0.204812 , 32.2063 , 0
-0.206578 , 32.2535 , 0
-0.208344 , 32.3007 , 0
-0.210109 , 32.3478 , 0
-0.211875 , 32.395 , 0
-0.213641 , 32.4421 , 0
-0.215407 , 32.4893 , 0
-0.217172 , 32.5364 , 0
-0.218938 , 32.5836 , 0
-0.220704 , 32.6307 , 0
-0.222469 , 32.6779 , 0
-0.224235 , 32.725 , 0
-0.226001 , 32.7722 , 0
-0.227767 , 32.8194 , 0
-0.229532 , 32.8665 , 0
-0.231298 , 32.9137 , 0
-0.233064 , 32.9608 , 0
-0.234829 , 33.008 , 0
-0.236595 , 33.0551 , 0
-0.238361 , 33.1023 , 0
-0.240127 , 33.1494 , 0
-0.241892 , 33.1966 , 0
-0.243658 , 33.2437 , 0
-0.245424 , 33.2909 , 0
-0.24719 , 33.338 , 0
-0.248955 , 33.3852 , 0
-0.250721 , 33.4324 , 0
-0.252487 , 33.4795 , 0
-0.254252 , 33.5267 , 0
-0.256018 , 33.5738 , 0
-0.257784 , 33.621 , 0
-0.25955 , 33.6681 , 0
-0.261315 , 33.7153 , 0
-0.263081 , 33.7624 , 0
-0.264847 , 33.8096 , 0
-0.266612 , 33.8567 , 0
-0.268378 , 33.9039 , 0
-0.270144 , 33.9511 , 0
-0.27191 , 33.9982 , 0
-0.273675 , 34.0454 , 0
-0.275441 , 34.0925 , 0
-0.277207 , 34.1397 , 0
-0.278973 , 34.1868 , 0
-0.280738 , 34.234 , 0
-0.282504 , 34.2811 , 0
-0.28427 , 34.3283 , 0
-0.286035 , 34.3754 , 0
-0.287801 , 34.4226 , 0
-0.289567 , 34.4697 , 0
-0.291333 , 34.5169 , 0
-0.293098 , 34.5641 , 0
-0.294864 , 34.6112 , 0
-0.29663 , 34.6584 , 0
-0.298395 , 34.7055 , 0
-0.300161 , 34.7527 , 0
-0.301927 , 34.7998 , 0
-0.303693 , 34.847 , 0
-0.305458 , 34.8941 , 0
-0.307224 , 34.9413 , 0
-0.30899 , 34.9884 , 0
-0.310756 , 35.0356 , 0
-0.312521 , 35.0828 , 0
-0.314287 , 35.1299 , 0
-0.316053 , 35.1771 , 0
-0.317818 , 35.2242 , 0
-0.319584 , 35.2714 , 0
-0.32135 , 35.3185 , 0
-0.323116 , 35.3657 , 0
-0.324881 , 35.4128 , 0
-0.326647 , 35.46 , 0
-0.328413 , 35.5071 , 0
-0.330178 , 35.5543 , 0
-0.331944 , 35.6014 , 0
-0.33371 , 35.6486 , 0
-0.335476 , 35.6958 , 0
-0.337241 , 35.7429 , 0
-0.339007 , 35.7901 , 0
-0.340773 , 35.8372 , 0
-0.342539 , 35.8844 , 0
-0.344304 , 35.9315 , 0
-0.34607 , 35.9787 , 0
-0.347836 , 36.0258 , 0
-0.349601 , 36.073 , 0
-0.351367 , 36.1201 , 0
-0.353133 , 36.1673 , 0
-0.354899 , 36.2145 , 0
-0.356664 , 36.2616 , 0
-0.35843 , 36.3088 , 0
-0.360196 , 36.3559 , 0
-0.361961 , 36.4031 , 0
-0.363727 , 36.4502 , 0
-0.365493 , 36.4974 , 0
-0.367259 , 36.5445 , 0
-0.369024 , 36.5917 , 0
-0.37079 , 36.6388 , 0
-0.372556 , 36.686 , 0
-0.374322 , 36.7331 , 0
-0.376087 , 36.7803 , 0
-0.377853 , 36.8275 , 0
-0.379619 , 36.8746 , 0
-0.381384 , 36.9218 , 0
-0.38315 , 36.9689 , 0
-0.384916 , 37.0161 , 0
-0.386682 , 37.0632 , 0
-0.388447 , 37.1104 , 0
-0.390213 , 37.1575 , 0
-0.391979 , 37.2047 , 0
-0.393744 , 37.2518 , 0
-0.39551 , 37.299 , 0
-0.397276 , 37.3462 , 0
-0.399042 , 37.3933 , 0
-0.400807 , 37.4405 , 0
-0.402573 , 37.4876 , 0
-0.404339 , 37.5348 , 0
-0.406105 , 37.5819 , 0
-0.40787 , 37.6291 , 0
-0.409636 , 37.6762 , 0
-0.411402 , 37.7234 , 0
-0.413167 , 37.7705 , 0
-0.414933 , 37.8177 , 0
-0.416699 , 37.8648 , 0
-0.418465 , 37.912 , 0
-0.42023 , 37.9592 , 0
-0.421996 , 38.0063 , 0
-0.423762 , 38.0535 , 0
-0.425527 , 38.1006 , 0
-0.427293 , 38.1478 , 0
-0.429059 , 38.1949 , 0
-0.430825 , 38.2421 , 0
-0.43259 , 38.2892 , 0
-0.434356 , 38.3364 , 0
-0.436122 , 38.3835 , 0
-0.437888 , 38.4307 , 0
-0.439653 , 38.4779 , 0
-0.441419 , 38.525 , 0
-0.443185 , 38.5722 , 0
-0.44495 , 38.6193 , 0
-0.446716 , 38.6665 , 0
-0.448482 , 38.7136 , 0
-0.450248 , 38.7608 , 0
-0.452013 , 38.8079 , 0
-0.453779 , 38.8551 , 0
-0.455545 , 38.9022 , 0
-0.457311 , 38.9494 , 0
-0.459076 , 38.9965 , 0
-0.460842 , 39.0437 , 0
-0.462608 , 39.0909 , 0
-0.464373 , 39.138 , 0
-0.466139 , 39.1852 , 0
-0.467905 , 39.2323 , 0
-0.469671 , 39.2795 , 0
-0.471436 , 39.3266 , 0
-0.473202 , 39.3738 , 0
-0.474968 , 39.4209 , 0
-0.476733 , 39.4681 , 0
-0.478499 , 39.5152 , 0
-0.480265 , 39.5624 , 0
-0.482031 , 39.6096 , 0
-0.483796 , 39.6567 , 0
-0.485562 , 39.7039 , 0
-0.487328 , 39.751 , 0
-0.489094 , 39.7982 , 0
-0.490859 , 39.8453 , 0
-0.492625 , 39.8925 , 0
-0.494391 , 39.9396 , 0
-0.496156 , 39.9868 , 0
-0.497922 , 40.0339 , 0
-0.499688 , 40.0811 , 0
-0.501454 , 40.1282 , 0
-0.503219 , 40.1754 , 0
-0.504985 , 40.2226 , 0
-0.506751 , 40.2697 , 0
-0.508516 , 40.3169 , 0
-0.510282 , 40.364 , 0
-0.512048 , 40.4112 , 0
-0.513814 , 40.4583 , 0
-0.515579 , 40.5055 , 0
-0.517345 , 40.5526 , 0
-0.519111 , 40.5998 , 0
-0.520877 , 40.6469 , 0
-0.522642 , 40.6941 , 0
-0.524408 , 40.7412 , 0
-0.526174 , 40.7884 , 0
-0.527939 , 40.8356 , 0
-0.529705 , 40.8827 , 0
-0.531471 , 40.9299 , 0
-0.533237 , 40.977 , 0
-0.535002 , 41.0242 , 0
-0.536768 , 41.0713 , 0
-0.538534 , 41.1185 , 0
-0.540299 , 41.1656 , 0
-0.542065 , 41.2128 , 0
-0.543831 , 41.2599 , 0
-0.545597 , 41.3071 , 0
-0.547362 , 41.3543 , 0
-0.549128 , 41.4014 , 0
-0.550894 , 41.4486 , 0
-0.55266 , 41.4957 , 0
-0.554425 , 41.5429 , 0
-0.556191 , 41.59 , 0
-0.557957 , 41.6372 , 0
-0.559722 , 41.6843 , 0
-0.561488 , 41.7315 , 0
-0.563254 , 41.7786 , 0
-0.56502 , 41.8258 , 0
-0.566785 , 41.8729 , 0
-0.568551 , 41.9201 , 0
-0.570317 , 41.9673 , 0
-0.572082 , 42.0144 , 0
-0.573848 , 42.0616 , 0
-0.575614 , 42.1087 , 0
-0.57738 , 42.1559 , 0
-0.579145 , 42.203 , 0
-0.580911 , 42.2502 , 0
-0.582677 , 42.2973 , 0
-0.584443 , 42.3445 , 0
-0.586208 , 42.3916 , 0
-0.587974 , 42.4388 , 0
-0.58974 , 42.486 , 0
-0.591505 , 42.5331 , 0
-0.593271 , 42.5803 , 0
-0.595037 , 42.6274 , 0
-0.596803 , 42.6746 , 0
-0.598568 , 42.7217 , 0
-0.600334 , 42.7689 , 0
-0.6021 , 42.816 , 0
-0.603865 , 42.8632 , 0
-0.605631 , 42.9103 , 0
-0.607397 , 42.9575 , 0
-0.609163 , 43.0046 , 0
-0.610928 , 43.0518 , 0
-0.612694 , 43.099 , 0
-0.61446 , 43.1461 , 0
-0.616226 , 43.1933 , 0
-0.617991 , 43.2404 , 0
-0.619757 , 43.2876 , 0
-0.621523 , 43.3347 , 0
-0.623288 , 43.3819 , 0
-0.625054 , 43.429 , 0
-0.62682 , 43.4762 , 0
-0.628586 , 43.5233 , 0
-0.630351 , 43.5705 , 0
-0.632117 , 43.6177 , 0
-0.633883 , 43.6648 , 0
-0.635648 , 43.712 , 0
-0.637414 , 43.7591 , 0
-0.63918 , 43.8063 , 0
-0.640946 , 43.8534 , 0
-0.642711 , 43.9006 , 0
-0.644477 , 43.9477 , 0
-0.646243 , 43.9949 , 0
-0.648009 , 44.042 , 0
-0.649774 , 44.0892 , 0
-0.65154 , 44.1363 , 0
-0.653306 , 44.1835 , 0
-0.655071 , 44.2307 , 0
-0.656837 , 44.2778 , 0
-0.658603 , 44.325 , 0
-0.660369 , 44.3721 , 0
-0.662134 , 44.4193 , 0
-0.6639 , 44.4664 , 0
-0.665666 , 44.5136 , 0
-0.667431 , 44.5607 , 0
-0.669197 , 44.6079 , 0
-0.670963 , 44.655 , 0
-0.672729 , 44.7022 , 0
-0.674494 , 44.7494 , 0
-0.67626 , 44.7965 , 0
-0.678026 , 44.8437 , 0
-0.679792 , 44.8908 , 0
-0.681557 , 44.938 , 0
-0.683323 , 44.9851 , 0
-0.685089 , 45.0323 , 0
-0.686854 , 45.0794 , 0
-0.68862 , 45.1266 , 0
-0.690386 , 45.1737 , 0
-0.692152 , 45.2209 , 0
-0.693917 , 45.268 , 0
-0.695683 , 45.3152 , 0
-0.697449 , 45.3624 , 0
-0.699214 , 45.4095 , 0
-0.70098 , 45.4567 , 0
-0.702746 , 45.5038 , 0
-0.704512 , 45.551 , 0
-0.706277 , 45.5981 , 0
-0.708043 , 45.6453 , 0
-0.709809 , 45.6924 , 0
-0.711575 , 45.7396 , 0
-0.71334 , 45.7867 , 0
-0.715106 , 45.8339 , 0
-0.716872 , 45.8811 , 0
-0.718637 , 45.9282 , 0
-0.720403 , 45.9754 , 0
-0.722169 , 46.0225 , 0
-0.723935 , 46.0697 , 0
-0.7257 , 46.1168 , 0
-0.727466 , 46.164 , 0
-0.729232 , 46.2111 , 0
-0.730997 , 46.2583 , 0
-0.732763 , 46.3054 , 0
-0.734529 , 46.3526 , 0
-0.736295 , 46.3997 , 0
-0.73806 , 46.4469 , 0
-0.739826 , 46.4941 , 0
-0.741592 , 46.5412 , 0
-0.743358 , 46.5884 , 0
-0.745123 , 46.6355 , 0
-0.746889 , 46.6827 , 0
-0.748655 , 46.7298 , 0
-0.75042 , 46.777 , 0
-0.752186 , 46.8241 , 0
-0.753952 , 46.8713 , 0
-0.755718 , 46.9184 , 0
-0.757483 , 46.9656 , 0
-0.759249 , 47.0128 , 0
-0.761015 , 47.0599 , 0
-0.76278 , 47.1071 , 0
-0.764546 , 47.1542 , 0
-0.766312 , 47.2014 , 0
-0.768078 , 47.2485 , 0
-0.769843 , 47.2957 , 0
-0.771609 , 47.3428 , 0
-0.773375 , 47.39 , 0
-0.775141 , 47.4371 , 0
-0.776906 , 47.4843 , 0
-0.778672 , 47.5314 , 0
-0.780438 , 47.5786 , 0
-0.782203 , 47.6258 , 0
-0.783969 , 47.6729 , 0
-0.785735 , 47.7201 , 0
-0.787501 , 47.7672 , 0
-0.789266 , 47.8144 , 0
-0.791032 , 47.8615 , 0
-0.792798 , 47.9087 , 0
-0.794564 , 47.9558 , 0
-0.796329 , 48.003 , 0
-0.798095 , 48.0501 , 0
-0.799861 , 48.0973 , 0
-0.801626 , 48.1445 , 0
-0.803392 , 48.1916 , 0
-0.805158 , 48.2388 , 0
-0.806924 , 48.2859 , 0
-0.808689 , 48.3331 , 0
-0.810455 , 48.3802 , 0
-0.812221 , 48.4274 , 0
-0.813986 , 48.4745 , 0
-0.815752 , 48.5217 , 0
-0.817518 , 48.5688 , 0
-0.819284 , 48.616 , 0
-0.821049 , 48.6631 , 0
-0.822815 , 48.7103 , 0
-0.824581 , 48.7575 , 0
-0.826347 , 48.8046 , 0
-0.828112 , 48.8518 , 0
-0.829878 , 48.8989 , 0
-0.831644 , 48.9461 , 0
-0.833409 , 48.9932 , 0
-0.835175 , 49.0404 , 0
-0.836941 , 49.0875 , 0
-0.838707 , 49.1347 , 0
-0.840472 , 49.1818 , 0
-0.842238 , 49.229 , 0
-0.844004 , 49.2762 , 0
-0.845769 , 49.3233 , 0
-0.847535 , 49.3705 , 0
-0.849301 , 49.4176 , 0
-0.851067 , 49.4648 , 0
-0.852832 , 49.5119 , 0
-0.854598 , 49.5591 , 0
-0.856364 , 49.6062 , 0
-0.85813 , 49.6534 , 0
-0.859895 , 49.7005 , 0
-0.861661 , 49.7477 , 0
-0.863427 , 49.7948 , 0
-0.865192 , 49.842 , 0
-0.866958 , 49.8892 , 0
-0.868724 , 49.9363 , 0
-0.87049 , 49.9835 , 0
-0.872255 , 50.0306 , 0
-0.874021 , 50.0778 , 0
-0.875787 , 50.1249 , 0
-0.877552 , 50.1721 , 0
-0.879318 , 50.2192 , 0
-0.881084 , 50.2664 , 0
-0.88285 , 50.3135 , 0
-0.884615 , 50.3607 , 0
-0.886381 , 50.4079 , 0
-0.888147 , 50.455 , 0
-0.889913 , 50.5022 , 0
-0.891678 , 50.5493 , 0
-0.893444 , 50.5965 , 0
-0.89521 , 50.6436 , 0
-0.896975 , 50.6908 , 0
-0.898741 , 50.7379 , 0
-0.900507 , 50.7851 , 0
-0.902273 , 50.8322 , 0
-0.904038 , 50.8794 , 0
-0.905804 , 50.9265 , 0
-0.90757 , 50.9737 , 0
-0.909335 , 51.0209 , 0
-0.911101 , 51.068 , 0
-0.912867 , 51.1152 , 0
-0.914633 , 51.1623 , 0
-0.916398 , 51.2095 , 0
-0.918164 , 51.2566 , 0
-0.91993 , 51.3038 , 0
-0.921696 , 51.3509 , 0
-0.923461 , 51.3981 , 0
-0.925227 , 51.4452 , 0
-0.926993 , 51.4924 , 0
-0.928758 , 51.5396 , 0
-0.930524 , 51.5867 , 0
-0.93229 , 51.6339 , 0
-0.934056 , 51.681 , 0
-0.935821 , 51.7282 , 0
-0.937587 , 51.7753 , 0
-0.939353 , 51.8225 , 0
-0.941118 , 51.8696 , 0
-0.942884 , 51.9168 , 0
-0.94465 , 51.9639 , 0
-0.946416 , 52.0111 , 0
-0.948181 , 52.0582 , 0
-0.949947 , 52.1054 , 0
-0.951713 , 52.1526 , 0
-0.953479 , 52.1997 , 0
-0.955244 , 52.2469 , 0
-0.95701 , 52.294 , 0
-0.958776 , 52.3412 , 0
-0.960541 , 52.3883 , 0
-0.962307 , 52.4355 , 0
-0.964073 , 52.4826 , 0
-0.965839 , 52.5298 , 0
-0.967604 , 52.5769 , 0
-0.96937 , 52.6241 , 0
-0.971136 , 52.6713 , 0
-0.972901 , 52.7184 , 0
-0.974667 , 52.7656 , 0
-0.976433 , 52.8127 , 0
-0.978199 , 52.8599 , 0
-0.979964 , 52.907 , 0
-0.98173 , 52.9542 , 0
-0.983496 , 53.0013 , 0
-0.985262 , 53.0485 , 0
-0.987027 , 53.0956 , 0
-0.988793 , 53.1428 , 0
-0.990559 , 53.1899 , 0
-0.992324 , 53.2371 , 0
-0.99409 , 53.2843 , 0
-0.995856 , 53.3314 , 0
-0.997622 , 53.3786 , 0
-0.999387 , 53.4257 , 0
-1.00115 , 53.4729 , 0
-1.00292 , 53.52 , 0
-1.00468 , 53.5672 , 0
-1.00645 , 53.6143 , 0
-1.00822 , 53.6615 , 0
-1.00998 , 53.7086 , 0
-1.01175 , 53.7558 , 0
-1.01351 , 53.803 , 0
-1.01528 , 53.8501 , 0
-1.01704 , 53.8973 , 0
-1.01881 , 53.9444 , 0
-1.02058 , 53.9916 , 0
-1.02234 , 54.0387 , 0
-1.02411 , 54.0859 , 0
-1.02587 , 54.133 , 0
-1.02764 , 54.1802 , 0
-1.0294 , 54.2273 , 0
-1.03117 , 54.2745 , 0
-1.03294 , 54.3216 , 0
-1.0347 , 54.3688 , 0
-1.03647 , 54.416 , 0
-1.03823 , 54.4631 , 0
-1.04 , 54.5103 , 0
-1.04176 , 54.5574 , 0
-1.04353 , 54.6046 , 0
-1.0453 , 54.6517 , 0
-1.04706 , 54.6989 , 0
-1.04883 , 54.746 , 0
-1.05059 , 54.7932 , 0
-1.05236 , 54.8403 , 0
-1.05412 , 54.8875 , 0
-1.05589 , 54.9347 , 0
-1.05766 , 54.9818 , 0
-1.05942 , 55.029 , 0
-1.06119 , 55.0761 , 0
-1.06295 , 55.1233 , 0
-1.06472 , 55.1704 , 0
-1.06648 , 55.2176 , 0
-1.06825 , 55.2647 , 0
-1.07002 , 55.3119 , 0
-1.07178 , 55.359 , 0
-1.07355 , 55.4062 , 0
-1.07531 , 55.4533 , 0
-1.07708 , 55.5005 , 0
-1.07884 , 55.5477 , 0
-1.08061 , 55.5948 , 0
-1.08238 , 55.642 , 0
-1.08414 , 55.6891 , 0
-1.08591 , 55.7363 , 0
-1.08767 , 55.7834 , 0
-1.08944 , 55.8306 , 0
-1.0912 , 55.8777 , 0
-1.09297 , 55.9249 , 0
-1.09474 , 55.972 , 0
-1.0965 , 56.0192 , 0
-1.09827 , 56.0664 , 0
-1.10003 , 56.1135 , 0
-1.1018 , 56.1607 , 0
-1.10356 , 56.2078 , 0
-1.10533 , 56.255 , 0
-1.1071 , 56.3021 , 0
-1.10886 , 56.3493 , 0
-1.11063 , 56.3964 , 0
-1.11239 , 56.4436 , 0
-1.11416 , 56.4907 , 0
-1.11592 , 56.5379 , 0
-1.11769 , 56.585 , 0
-1.11946 , 56.6322 , 0
-1.12122 , 56.6794 , 0
-1.12299 , 56.7265 , 0
-1.12475 , 56.7737 , 0
-1.12652 , 56.8208 , 0
-1.12829 , 56.868 , 0
-1.13005 , 56.9151 , 0
-1.13182 , 56.9623 , 0
-1.13358 , 57.0094 , 0
-1.13535 , 57.0566 , 0
-1.13711 , 57.1037 , 0
-1.13888 , 57.1509 , 0
-1.14065 , 57.1981 , 0
-1.14241 , 57.2452 , 0
-1.14418 , 57.2924 , 0
-1.14594 , 57.3395 , 0
-1.14771 , 57.3867 , 0
-1.14947 , 57.4338 , 0
-1.15124 , 57.481 , 0
-1.15301 , 57.5281 , 0
-1.15477 , 57.5753 , 0
-1.15654 , 57.6224 , 0
-1.1583 , 57.6696 , 0
-1.16007 , 57.7167 , 0
-1.16183 , 57.7639 , 0
-1.1636 , 57.8111 , 0
-1.16537 , 57.8582 , 0
-1.16713 , 57.9054 , 0
-1.1689 , 57.9525 , 0
-1.17066 , 57.9997 , 0
-1.17243 , 58.0468 , 0
-1.17419 , 58.094 , 0
-1.17596 , 58.1411 , 0
-1.17773 , 58.1883 , 0
-1.17949 , 58.2354 , 0
-1.18126 , 58.2826 , 0
-1.18302 , 58.3298 , 0
-1.18479 , 58.3769 , 0
-1.18655 , 58.4241 , 0
-1.18832 , 58.4712 , 0
-1.19009 , 58.5184 , 0
-1.19185 , 58.5655 , 0
-1.19362 , 58.6127 , 0
-1.19538 , 58.6598 , 0
-1.19715 , 58.707 , 0
-1.19891 , 58.7541 , 0
-1.20068 , 58.8013 , 0
-1.20245 , 58.8484 , 0
-1.20421 , 58.8956 , 0
-1.20598 , 58.9428 , 0
-1.20774 , 58.9899 , 0
-1.20951 , 59.0371 , 0
-1.21127 , 59.0842 , 0
-1.21304 , 59.1314 , 0
-1.21481 , 59.1785 , 0
-1.21657 , 59.2257 , 0
-1.21834 , 59.2728 , 0
-1.2201 , 59.32 , 0
-1.22187 , 59.3671 , 0
-1.22363 , 59.4143 , 0
-1.2254 , 59.4615 , 0
-1.22717 , 59.5086 , 0
-1.22893 , 59.5558 , 0
-1.2307 , 59.6029 , 0
-1.23246 , 59.6501 , 0
-1.23423 , 59.6972 , 0
-1.23599 , 59.7444 , 0
-1.23776 , 59.7915 , 0
-1.23953 , 59.8387 , 0
-1.24129 , 59.8858 , 0
-1.24306 , 59.933 , 0
-1.24482 , 59.9801 , 0
-1.24659 , 60.0273 , 0
-1.24835 , 60.0745 , 0
-1.25012 , 60.1216 , 0
-1.25189 , 60.1688 , 0
-1.25365 , 60.2159 , 0
-1.25542 , 60.2631 , 0
-1.25718 , 60.3102 , 0
-1.25895 , 60.3574 , 0
-1.26071 , 60.4045 , 0
-1.26248 , 60.4517 , 0
-1.26425 , 60.4988 , 0
-1.26601 , 60.546 , 0
-1.26778 , 60.5932 , 0
-1.26954 , 60.6403 , 0
-1.27131 , 60.6875 , 0
-1.27307 , 60.7346 , 0
-1.27484 , 60.7818 , 0
-1.27661 , 60.8289 , 0
-1.27837 , 60.8761 , 0
-1.28014 , 60.9232 , 0
-1.2819 , 60.9704 , 0
-1.28367 , 61.0175 , 0
-1.28543 , 61.0647 , 0
-1.2872 , 61.1118 , 0
-1.28897 , 61.159 , 0
-1.29073 , 61.2062 , 0
-1.2925 , 61.2533 , 0
-1.29426 , 61.3005 , 0
-1.29603 , 61.3476 , 0
-1.29779 , 61.3948 , 0
-1.29956 , 61.4419 , 0
-1.30133 , 61.4891 , 0
-1.30309 , 61.5362 , 0
-1.30486 , 61.5834 , 0
-1.30662 , 61.6305 , 0
-1.30839 , 61.6777 , 0
-1.31015 , 61.7249 , 0
-1.31192 , 61.772 , 0
-1.31369 , 61.8192 , 0
-1.31545 , 61.8663 , 0
-1.31722 , 61.9135 , 0
-1.31898 , 61.9606 , 0
-1.32075 , 62.0078 , 0
-1.32251 , 62.0549 , 0
-1.32428 , 62.1021 , 0
-1.32605 , 62.1492 , 0
-1.32781 , 62.1964 , 0
-1.32958 , 62.2435 , 0
-1.33134 , 62.2907 , 0
-1.33311 , 62.3379 , 0
-1.33487 , 62.385 , 0
-1.33664 , 62.4322 , 0
-1.33841 , 62.4793 , 0
-1.34017 , 62.5265 , 0
-1.34194 , 62.5736 , 0
-1.3437 , 62.6208 , 0
-1.34547 , 62.6679 , 0
-1.34723 , 62.7151 , 0
-1.349 , 62.7622 , 0
-1.35077 , 62.8094 , 0
-1.35253 , 62.8566 , 0
-1.3543 , 62.9037 , 0
-1.35606 , 62.9509 , 0
-1.35783 , 62.998 , 0
-1.35959 , 63.0452 , 0
-1.36136 , 63.0923 , 0
-1.36313 , 63.1395 , 0
-1.36489 , 63.1866 , 0
-1.36666 , 63.2338 , 0
-1.36842 , 63.2809 , 0
-1.37019 , 63.3281 , 0
-1.37195 , 63.3752 , 0
-1.37372 , 63.4224 , 0
-1.37549 , 63.4696 , 0
-1.37725 , 63.5167 , 0
-1.37902 , 63.5639 , 0
-1.38078 , 63.611 , 0
-1.38255 , 63.6582 , 0
-1.38431 , 63.7053 , 0
-1.38608 , 63.7525 , 0
-1.38785 , 63.7996 , 0
-1.38961 , 63.8468 , 0
-1.39138 , 63.8939 , 0
-1.39314 , 63.9411 , 0
-1.39491 , 63.9883 , 0
-1.39667 , 64.0354 , 0
-1.39844 , 64.0826 , 0
-1.40021 , 64.1297 , 0
-1.40197 , 64.1769 , 0
-1.40374 , 64.224 , 0
-1.4055 , 64.2712 , 0
-1.40727 , 64.3183 , 0
-1.40903 , 64.3655 , 0
-1.4108 , 64.4126 , 0
-1.41257 , 64.4598 , 0
-1.41433 , 64.5069 , 0
-1.4161 , 64.5541 , 0
-1.41786 , 64.6013 , 0
-1.41963 , 64.6484 , 0
-1.42139 , 64.6956 , 0
-1.42316 , 64.7427 , 0
-1.42493 , 64.7899 , 0
-1.42669 , 64.837 , 0
-1.42846 , 64.8842 , 0
-1.43022 , 64.9313 , 0
-1.43199 , 64.9785 , 0
-1.43376 , 65.0256 , 0
-1.43552 , 65.0728 , 0
-1.43729 , 65.12 , 0
-1.43905 , 65.1671 , 0
-1.44082 , 65.2143 , 0
-1.44258 , 65.2614 , 0
-1.44435 , 65.3086 , 0
-1.44612 , 65.3557 , 0
-1.44788 , 65.4029 , 0
-1.44965 , 65.45 , 0
-1.45141 , 65.4972 , 0
-1.45318 , 65.5443 , 0
-1.45494 , 65.5915 , 0
-1.45671 , 65.6386 , 0
-1.45848 , 65.6858 , 0
-1.46024 , 65.733 , 0
-1.46201 , 65.7801 , 0
-1.46377 , 65.8273 , 0
-1.46554 , 65.8744 , 0
-1.4673 , 65.9216 , 0
-1.46907 , 65.9687 , 0
-1.47084 , 66.0159 , 0
-1.4726 , 66.063 , 0
-1.47437 , 66.1102 , 0
-1.47613 , 66.1573 , 0
-1.4779 , 66.2045 , 0
-1.47966 , 66.2517 , 0
-1.48143 , 66.2988 , 0
-1.4832 , 66.346 , 0
-1.48496 , 66.3931 , 0
-1.48673 , 66.4403 , 0
-1.48849 , 66.4874 , 0
-1.49026 , 66.5346 , 0
-1.49202 , 66.5817 , 0
-1.49379 , 66.6289 , 0
-1.49556 , 66.676 , 0
-1.49732 , 66.7232 , 0
-1.49909 , 66.7703 , 0
-1.50085 , 66.8175 , 0
-1.50262 , 66.8647 , 0
-1.50438 , 66.9118 , 0
-1.50615 , 66.959 , 0
-1.50792 , 67.0061 , 0
-1.50968 , 67.0533 , 0
-1.51145 , 67.1004 , 0
-1.51321 , 67.1476 , 0
-1.51498 , 67.1947 , 0
-1.51674 , 67.2419 , 0
-1.51851 , 67.289 , 0
-1.52028 , 67.3362 , 0
-1.52204 , 67.3834 , 0
-1.52381 , 67.4305 , 0
-1.52557 , 67.4777 , 0
-1.52734 , 67.5248 , 0
-1.5291 , 67.572 , 0
-1.53087 , 67.6191 , 0
-1.53264 , 67.6663 , 0
-1.5344 , 67.7134 , 0
-1.53617 , 67.7606 , 0
-1.53793 , 67.8077 , 0
-1.5397 , 67.8549 , 0
-1.54146 , 67.902 , 0
-1.54323 , 67.9492 , 0
-1.545 , 67.9964 , 0
-1.54676 , 68.0435 , 0
-1.54853 , 68.0907 , 0
-1.55029 , 68.1378 , 0
-1.55206 , 68.185 , 0
-1.55382 , 68.2321 , 0
-1.55559 , 68.2793 , 0
-1.55736 , 68.3264 , 0
-1.55912 , 68.3736 , 0
-1.56089 , 68.4207 , 0
-1.56265 , 68.4679 , 0
-1.56442 , 68.5151 , 0
-1.56618 , 68.5622 , 0
-1.56795 , 68.6094 , 0
-1.56972 , 68.6565 , 0
-1.57148 , 68.7037 , 0
-1.57325 , 68.7508 , 0
-1.57501 , 68.798 , 0
-1.57678 , 68.8451 , 0
-1.57854 , 68.8923 , 0
-1.58031 , 68.9394 , 0
-1.58208 , 68.9866 , 0
-1.58384 , 69.0337 , 0
-1.58561 , 69.0809 , 0
-1.58737 , 69.1281 , 0
-1.58914 , 69.1752 , 0
-1.5909 , 69.2224 , 0
-1.59267 , 69.2695 , 0
-1.59444 , 69.3167 , 0
-1.5962 , 69.3638 , 0
-1.59797 , 69.411 , 0
-1.59973 , 69.4581 , 0
-1.6015 , 69.5053 , 0
-1.60326 , 69.5524 , 0
-1.60503 , 69.5996 , 0
-1.6068 , 69.6468 , 0
-1.60856 , 69.6939 , 0
-1.61033 , 69.7411 , 0
-1.61209 , 69.7882 , 0
-1.61386 , 69.8354 , 0
-1.61562 , 69.8825 , 0
-1.61739 , 69.9297 , 0
-1.61916 , 69.9768 , 0
-1.62092 , 70.024 , 0
-1.62269 , 70.0711 , 0
-1.62445 , 70.1183 , 0
-1.62622 , 70.1654 , 0
-1.62798 , 70.2126 , 0
-1.62975 , 70.2598 , 0
-1.63152 , 70.3069 , 0
-1.63328 , 70.3541 , 0
-1.63505 , 70.4012 , 0
-1.63681 , 70.4484 , 0
-1.63858 , 70.4955 , 0
-1.64034 , 70.5427 , 0
-1.64211 , 70.5898 , 0
-1.64388 , 70.637 , 0
-1.64564 , 70.6841 , 0
-1.64741 , 70.7313 , 0
-1.64917 , 70.7785 , 0
-1.65094 , 70.8256 , 0
-1.6527 , 70.8728 , 0
-1.65447 , 70.9199 , 0
-1.65624 , 70.9671 , 0
-1.658 , 71.0142 , 0
-1.65977 , 71.0614 , 0
-1.66153 , 71.1085 , 0
-1.6633 , 71.1557 , 0
-1.66506 , 71.2028 , 0
-1.66683 , 71.25 , 0
-1.6686 , 71.2971 , 0
-1.67036 , 71.3443 , 0
-1.67213 , 71.3915 , 0
-1.67389 , 71.4386 , 0
-1.67566 , 71.4858 , 0
-1.67742 , 71.5329 , 0
-1.67919 , 71.5801 , 0
-1.68096 , 71.6272 , 0
-1.68272 , 71.6744 , 0
-1.68449 , 71.7215 , 0
-1.68625 , 71.7687 , 0
-1.68802 , 71.8158 , 0
-1.68978 , 71.863 , 0
-1.69155 , 71.9101 , 0
-1.69332 , 71.9573 , 0
-1.69508 , 72.0045 , 0
-1.69685 , 72.0516 , 0
-1.69861 , 72.0988 , 0
-1.70038 , 72.1459 , 0
-1.70214 , 72.1931 , 0
-1.70391 , 72.2402 , 0
-1.70568 , 72.2874 , 0
-1.70744 , 72.3345 , 0
-1.70921 , 72.3817 , 0
-1.71097 , 72.4288 , 0
-1.71274 , 72.476 , 0
-1.7145 , 72.5232 , 0
-1.71627 , 72.5703 , 0
-1.71804 , 72.6175 , 0
-1.7198 , 72.6646 , 0
-1.72157 , 72.7118 , 0
-1.72333 , 72.7589 , 0
-1.7251 , 72.8061 , 0
-1.72686 , 72.8532 , 0
-1.72863 , 72.9004 , 0
-1.7304 , 72.9475 , 0
-1.73216 , 72.9947 , 0
-1.73393 , 73.0418 , 0
-1.73569 , 73.089 , 0
-1.73746 , 73.1362 , 0
-1.73923 , 73.1833 , 0
-1.74099 , 73.2305 , 0
-1.74276 , 73.2776 , 0
-1.74452 , 73.3248 , 0
-1.74629 , 73.3719 , 0
-1.74805 , 73.4191 , 0
-1.74982 , 73.4662 , 0
-1.75159 , 73.5134 , 0
-1.75335 , 73.5605 , 0
-1.75512 , 73.6077 , 0
-1.75688 , 73.6549 , 0
-1.75865 , 73.702 , 0
-1.76041 , 73.7492 , 0
-1.76218 , 73.7963 , 0
-1.76395 , 73.8435 , 0
-1.76571 , 73.8906 , 0
-1.76748 , 73.9378 , 0
-1.76924 , 73.9849 , 0
-1.77101 , 74.0321 , 0
-1.77277 , 74.0792 , 0
-1.77454 , 74.1264 , 0
-1.77631 , 74.1735 , 0
-1.77807 , 74.2207 , 0
-1.77984 , 74.2679 , 0
-1.7816 , 74.315 , 0
-1.78337 , 74.3622 , 0
-1.78513 , 74.4093 , 0
-1.7869 , 74.4565 , 0
-1.78867 , 74.5036 , 0
-1.79043 , 74.5508 , 0
-1.7922 , 74.5979 , 0
-1.79396 , 74.6451 , 0
-1.79573 , 74.6922 , 0
-1.79749 , 74.7394 , 0
-1.79926 , 74.7866 , 0
-1.80103 , 74.8337 , 0
-1.80279 , 74.8809 , 0
-1.80456 , 74.928 , 0
-1.80632 , 74.9752 , 0
-1.80809 , 75.0223 , 0
-1.80985 , 75.0695 , 0
-1.81162 , 75.1166 , 0
-1.81339 , 75.1638 , 0
-1.81515 , 75.2109 , 0
-1.81692 , 75.2581 , 0
-1.81868 , 75.3052 , 0
-1.82045 , 75.3524 , 0
-1.82221 , 75.3996 , 0
-1.82398 , 75.4467 , 0
-1.82575 , 75.4939 , 0
-1.82751 , 75.541 , 0
-1.82928 , 75.5882 , 0
-1.83104 , 75.6353 , 0
-1.83281 , 75.6825 , 0
-1.83457 , 75.7296 , 0
-1.83634 , 75.7768 , 0
-1.83811 , 75.8239 , 0
-1.83987 , 75.8711 , 0
-1.84164 , 75.9183 , 0
-1.8434 , 75.9654 , 0
-1.84517 , 76.0126 , 0
-1.84693 , 76.0597 , 0
-1.8487 , 76.1069 , 0
-1.85047 , 76.154 , 0
-1.85223 , 76.2012 , 0
-1.854 , 76.2483 , 0
-1.85576 , 76.2955 , 0
-1.85753 , 76.3426 , 0
-1.85929 , 76.3898 , 0
-1.86106 , 76.4369 , 0
-1.86283 , 76.4841 , 0
-1.86459 , 76.5313 , 0
-1.86636 , 76.5784 , 0
-1.86812 , 76.6256 , 0
-1.86989 , 76.6727 , 0
-1.87165 , 76.7199 , 0
-1.87342 , 76.767 , 0
-1.87519 , 76.8142 , 0
-1.87695 , 76.8613 , 0
-1.87872 , 76.9085 , 0
-1.88048 , 76.9556 , 0
-1.88225 , 77.0028 , 0
-1.88401 , 77.05 , 0
-1.88578 , 77.0971 , 0
-1.88755 , 77.1443 , 0
-1.88931 , 77.1914 , 0
-1.89108 , 77.2386 , 0
-1.89284 , 77.2857 , 0
-1.89461 , 77.3329 , 0
-1.89637 , 77.38 , 0
-1.89814 , 77.4272 , 0
-1.89991 , 77.4743 , 0
-1.90167 , 77.5215 , 0
-1.90344 , 77.5686 , 0
-1.9052 , 77.6158 , 0
-1.90697 , 77.663 , 0
-1.90873 , 77.7101 , 0
-1.9105 , 77.7573 , 0
-1.91227 , 77.8044 , 0
-1.91403 , 77.8516 , 0
-1.9158 , 77.8987 , 0
-1.91756 , 77.9459 , 0
-1.91933 , 77.993 , 0
-1.92109 , 78.0402 , 0
-1.92286 , 78.0873 , 0
-1.92463 , 78.1345 , 0
-1.92639 , 78.1817 , 0
-1.92816 , 78.2288 , 0
-1.92992 , 78.276 , 0
-1.93169 , 78.3231 , 0
-1.93345 , 78.3703 , 0
-1.93522 , 78.4174 , 0
-1.93699 , 78.4646 , 0
-1.93875 , 78.5117 , 0
-1.94052 , 78.5589 , 0
-1.94228 , 78.606 , 0
-1.94405 , 78.6532 , 0
-1.94581 , 78.7003 , 0
-1.94758 , 78.7475 , 0
-1.94935 , 78.7947 , 0
-1.95111 , 78.8418 , 0
-1.95288 , 78.889 , 0
-1.95464 , 78.9361 , 0
-1.95641 , 78.9833 , 0
-1.95817 , 79.0304 , 0
-1.95994 , 79.0776 , 0
-1.96171 , 79.1247 , 0
-1.96347 , 79.1719 , 0
-1.96524 , 79.219 , 0
-1.967 , 79.2662 , 0
-1.96877 , 79.3134 , 0
-1.97053 , 79.3605 , 0
-1.9723 , 79.4077 , 0
-1.97407 , 79.4548 , 0
-1.97583 , 79.502 , 0
-1.9776 , 79.5491 , 0
-1.97936 , 79.5963 , 0
-1.98113 , 79.6434 , 0
-1.98289 , 79.6906 , 0
-1.98466 , 79.7377 , 0
-1.98643 , 79.7849 , 0
-1.98819 , 79.832 , 0
-1.98996 , 79.8792 , 0
-1.99172 , 79.9264 , 0
-1.99349 , 79.9735 , 0
-1.99525 , 80.0207 , 0
-1.99702 , 80.0678 , 0
-1.99879 , 80.115 , 0
-2.00055 , 80.1621 , 0
-2.00232 , 80.2093 , 0
-2.00408 , 80.2564 , 0
-2.00585 , 80.3036 , 0
-2.00761 , 80.3507 , 0
-2.00938 , 80.3979 , 0
-2.01115 , 80.4451 , 0
-2.01291 , 80.4922 , 0
-2.01468 , 80.5394 , 0
-2.01644 , 80.5865 , 0
-2.01821 , 80.6337 , 0
-2.01997 , 80.6808 , 0
-2.02174 , 80.728 , 0
-2.02351 , 80.7751 , 0
-2.02527 , 80.8223 , 0
-2.02704 , 80.8694 , 0
-2.0288 , 80.9166 , 0
-2.03057 , 80.9637 , 0
-2.03233 , 81.0109 , 0
-2.0341 , 81.0581 , 0
-2.03587 , 81.1052 , 0
-2.03763 , 81.1524 , 0
-2.0394 , 81.1995 , 0
-2.04116 , 81.2467 , 0
-2.04293 , 81.2938 , 0
-2.0447 , 81.341 , 0
-2.04646 , 81.3881 , 0
-2.04823 , 81.4353 , 0
-2.04999 , 81.4824 , 0
-2.05176 , 81.5296 , 0
-2.05352 , 81.5768 , 0
-2.05529 , 81.6239 , 0
-2.05706 , 81.6711 , 0
-2.05882 , 81.7182 , 0
-2.06059 , 81.7654 , 0
-2.06235 , 81.8125 , 0
-2.06412 , 81.8597 , 0
-2.06588 , 81.9068 , 0
-2.06765 , 81.954 , 0
-2.06942 , 82.0011 , 0
-2.07118 , 82.0483 , 0
-2.07295 , 82.0954 , 0
-2.07471 , 82.1426 , 0
-2.07648 , 82.1898 , 0
-2.07824 , 82.2369 , 0
-2.08001 , 82.2841 , 0
-2.08178 , 82.3312 , 0
-2.08354 , 82.3784 , 0
-2.08531 , 82.4255 , 0
-2.08707 , 82.4727 , 0
-2.08884 , 82.5198 , 0
-2.0906 , 82.567 , 0
-2.09237 , 82.6141 , 0
-2.09414 , 82.6613 , 0
-2.0959 , 82.7085 , 0
-2.09767 , 82.7556 , 0
-2.09943 , 82.8028 , 0
-2.1012 , 82.8499 , 0
-2.10296 , 82.8971 , 0
-2.10473 , 82.9442 , 0
-2.1065 , 82.9914 , 0
-2.10826 , 83.0385 , 0
-2.11003 , 83.0857 , 0
-2.11179 , 83.1328 , 0
-2.11356 , 83.18 , 0
-2.11532 , 83.2271 , 0
-2.11709 , 83.2743 , 0
-2.11886 , 83.3215 , 0
-2.12062 , 83.3686 , 0
-2.12239 , 83.4158 , 0
-2.12415 , 83.4629 , 0
-2.12592 , 83.5101 , 0
-2.12768 , 83.5572 , 0
-2.12945 , 83.6044 , 0
-2.13122 , 83.6515 , 0
-2.13298 , 83.6987 , 0
-2.13475 , 83.7458 , 0
-2.13651 , 83.793 , 0
-2.13828 , 83.8402 , 0
-2.14004 , 83.8873 , 0
-2.14181 , 83.9345 , 0
-2.14358 , 83.9816 , 0
-2.14534 , 84.0288 , 0
-2.14711 , 84.0759 , 0
-2.14887 , 84.1231 , 0
-2.15064 , 84.1702 , 0
-2.1524 , 84.2174 , 0
-2.15417 , 84.2645 , 0
-2.15594 , 84.3117 , 0
-2.1577 , 84.3588 , 0
-2.15947 , 84.406 , 0
-2.16123 , 84.4532 , 0
-2.163 , 84.5003 , 0
-2.16476 , 84.5475 , 0
-2.16653 , 84.5946 , 0
-2.1683 , 84.6418 , 0
-2.17006 , 84.6889 , 0
-2.17183 , 84.7361 , 0
-2.17359 , 84.7832 , 0
-2.17536 , 84.8304 , 0
-2.17712 , 84.8775 , 0
-2.17889 , 84.9247 , 0
-2.18066 , 84.9719 , 0
-2.18242 , 85.019 , 0
-2.18419 , 85.0662 , 0
-2.18595 , 85.1133 , 0
-2.18772 , 85.1605 , 0
-2.18948 , 85.2076 , 0
-2.19125 , 85.2548 , 0
-2.19302 , 85.3019 , 0
-2.19478 , 85.3491 , 0
-2.19655 , 85.3962 , 0
-2.19831 , 85.4434 , 0
-2.20008 , 85.4905 , 0
-2.20184 , 85.5377 , 0
-2.20361 , 85.5849 , 0
-2.20538 , 85.632 , 0
-2.20714 , 85.6792 , 0
-2.20891 , 85.7263 , 0
-2.21067 , 85.7735 , 0
-2.21244 , 85.8206 , 0
-2.2142 , 85.8678 , 0
-2.21597 , 85.9149 , 0
-2.21774 , 85.9621 , 0
-2.2195 , 86.0092 , 0
-2.22127 , 86.0564 , 0
-2.22303 , 86.1036 , 0
-2.2248 , 86.1507 , 0
-2.22656 , 86.1979 , 0
-2.22833 , 86.245 , 0
