x , y , z
0 , 0 , 0
1.76827e-009 , 0 , 0
-5.65524e+008 , 8.33482e-011 , 0
-1.13105e+009 , 1.66696e-010 , 0
-1.69657e+009 , 2.50045e-010 , 0
-2.2621e+009 , 3.33393e-010 , 0
-2.82762e+009 , 4.16741e-010 , 0
-3.39315e+009 , 5.00089e-010 , 0
-3.95867e+009 , 5.83438e-010 , 0
-4.52419e+009 , 6.66786e-010 , 0
-5.08972e+009 , 7.50134e-010 , 0
-5.65524e+009 , 8.33482e-010 , 0
-6.22077e+009 , 9.16831e-010 , 0
-6.78629e+009 , 1.00018e-009 , 0
-7.35181e+009 , 1.08353e-009 , 0
-7.91734e+009 , 1.16688e-009 , 0
-8.48286e+009 , 1.25022e-009 , 0
-9.04839e+009 , 1.33357e-009 , 0
-9.61391e+009 , 1.41692e-009 , 0
-1.01794e+010 , 1.50027e-009 , 0
-1.0745e+010 , 1.58362e-009 , 0
-1.13105e+010 , 1.66696e-009 , 0
-1.1876e+010 , 1.75031e-009 , 0
-1.24415e+010 , 1.83366e-009 , 0
-1.30071e+010 , 1.91701e-009 , 0
-1.35726e+010 , 2.00036e-009 , 0
-1.41381e+010 , 2.08371e-009 , 0
-1.47036e+010 , 2.16705e-009 , 0
-1.52692e+010 , 2.2504e-009 , 0
-1.58347e+010 , 2.33375e-009 , 0
-1.64002e+010 , 2.4171e-009 , 0
-1.69657e+010 , 2.50045e-009 , 0
-1.75312e+010 , 2.5838e-009 , 0
-1.80968e+010 , 2.66714e-009 , 0
-1.86623e+010 , 2.75049e-009 , 0
-1.92278e+010 , 2.83384e-009 , 0
-1.97933e+010 , 2.91719e-009 , 0
-2.03589e+010 , 3.00054e-009 , 0
-2.09244e+010 , 3.08389e-009 , 0
-2.14899e+010 , 3.16723e-009 , 0
-2.20554e+010 , 3.25058e-009 , 0
-2.2621e+010 , 3.33393e-009 , 0
-2.31865e+010 , 3.41728e-009 , 0
-2.3752e+010 , 3.50063e-009 , 0
-2.43175e+010 , 3.58397e-009 , 0
-2.48831e+010 , 3.66732e-009 , 0
-2.54486e+010 , 3.75067e-009 , 0
-2.60141e+010 , 3.83402e-009 , 0
-2.65796e+010 , 3.91737e-009 , 0
-2.71452e+010 , 4.00072e-009 , 0
-2.77107e+010 , 4.08406e-009 , 0
-2.82762e+010 , 4.16741e-009 , 0
-2.88417e+010 , 4.25076e-009 , 0
-2.94073e+010 , 4.33411e-009 , 0
-2.99728e+010 , 4.41746e-009 , 0
-3.05383e+010 , 4.50081e-009 , 0
-3.11038e+010 , 4.58415e-009 , 0
-3.16694e+010 , 4.6675e-009 , 0
-3.22349e+010 , 4.75085e-009 , 0
-3.28004e+010 , 4.8342e-009 , 0
-3.33659e+010 , 4.91755e-009 , 0
-3.39315e+010 , 5.00089e-009 , 0
-3.4497e+010 , 5.08424e-009 , 0
-3.50625e+010 , 5.16759e-009 , 0
-3.5628e+010 , 5.25094e-009 , 0
-3.61935e+010 , 5.33429e-009 , 0
-3.67591e+010 , 5.41764e-009 , 0
-3.73246e+010 , 5.50098e-009 , 0
-3.78901e+010 , 5.58433e-009 , 0
-3.84556e+010 , 5.66768e-009 , 0
-3.90212e+010 , 5.75103e-009 , 0
-3.95867e+010 , 5.83438e-009 , 0
-4.01522e+010 , 5.91773e-009 , 0
-4.07177e+010 , 6.00107e-009 , 0
-4.12833e+010 , 6.08442e-009 , 0
-4.18488e+010 , 6.16777e-009 , 0
-4.24143e+010 , 6.25112e-009 , 0
-4.29798e+010 , 6.33447e-009 , 0
-4.35454e+010 , 6.41782e-009 , 0
-4.41109e+010 , 6.50116e-009 , 0
-4.46764e+010 , 6.58451e-009 , 0
-4.52419e+010 , 6.66786e-009 , 0
-4.58075e+010 , 6.75121e-009 , 0
-4.6373e+010 , 6.83456e-009 , 0
-4.69385e+010 , 6.9179e-009 , 0
-4.7504e+010 , 7.00125e-009 , 0
-4.80696e+010 , 7.0846e-009 , 0
-4.86351e+010 , 7.16795e-009 , 0
-4.92006e+010 , 7.2513e-009 , 0
-4.97661e+010 , 7.33465e-009 , 0
-5.03317e+010 , 7.41799e-009 , 0
-5.08972e+010 , 7.50134e-009 , 0
-5.14627e+010 , 7.58469e-009 , 0
-5.20282e+010 , 7.66804e-009 , 0
-5.25937e+010 , 7.75139e-009 , 0
-5.31593e+010 , 7.83474e-009 , 0
-5.37248e+010 , 7.91808e-009 , 0
-5.42903e+010 , 8.00143e-009 , 0
-5.48558e+010 , 8.08478e-009 , 0
-5.54214e+010 , 8.16813e-009 , 0
-5.59869e+010 , 8.25148e-009 , 0
-5.65524e+010 , 8.33482e-009 , 0
-5.71179e+010 , 8.41817e-009 , 0
-5.76835e+010 , 8.50152e-009 , 0
-5.8249e+010 , 8.58487e-009 , 0
-5.88145e+010 , 8.66822e-009 , 0
-5.938e+010 , 8.75157e-009 , 0
-5.99456e+010 , 8.83491e-009 , 0
-6.05111e+010 , 8.91826e-009 , 0
-6.10766e+010 , 9.00161e-009 , 0
-6.16421e+010 , 9.08496e-009 , 0
-6.22077e+010 , 9.16831e-009 , 0
-6.27732e+010 , 9.25166e-009 , 0
-6.33387e+010 , 9.335e-009 , 0
-6.39042e+010 , 9.41835e-009 , 0
-6.44698e+010 , 9.5017e-009 , 0
-6.50353e+010 , 9.58505e-009 , 0
-6.56008e+010 , 9.6684e-009 , 0
-6.61663e+010 , 9.75175e-009 , 0
-6.67319e+010 , 9.83509e-009 , 0
-6.72974e+010 , 9.91844e-009 , 0
-6.78629e+010 , 1.00018e-008 , 0
-6.84284e+010 , 1.00851e-008 , 0
-6.8994e+010 , 1.01685e-008 , 0
-6.95595e+010 , 1.02518e-008 , 0
-7.0125e+010 , 1.03352e-008 , 0
-7.06905e+010 , 1.04185e-008 , 0
-7.1256e+010 , 1.05019e-008 , 0
-7.18216e+010 , 1.05852e-008 , 0
-7.23871e+010 , 1.06686e-008 , 0
-7.29526e+010 , 1.07519e-008 , 0
-7.35181e+010 , 1.08353e-008 , 0
-7.40837e+010 , 1.09186e-008 , 0
-7.46492e+010 , 1.1002e-008 , 0
-7.52147e+010 , 1.10853e-008 , 0
-7.57802e+010 , 1.11687e-008 , 0
-7.63458e+010 , 1.1252e-008 , 0
-7.69113e+010 , 1.13354e-008 , 0
-7.74768e+010 , 1.14187e-008 , 0
-7.80423e+010 , 1.15021e-008 , 0
-7.86079e+010 , 1.15854e-008 , 0
-7.91734e+010 , 1.16688e-008 , 0
-7.97389e+010 , 1.17521e-008 , 0
-8.03044e+010 , 1.18355e-008 , 0
-8.087e+010 , 1.19188e-008 , 0
-8.14355e+010 , 1.20021e-008 , 0
-8.2001e+010 , 1.20855e-008 , 0
-8.25665e+010 , 1.21688e-008 , 0
-8.31321e+010 , 1.22522e-008 , 0
-8.36976e+010 , 1.23355e-008 , 0
-8.42631e+010 , 1.24189e-008 , 0
-8.48286e+010 , 1.25022e-008 , 0
-8.53942e+010 , 1.25856e-008 , 0
-8.59597e+010 , 1.26689e-008 , 0
-8.65252e+010 , 1.27523e-008 , 0
-8.70907e+010 , 1.28356e-008 , 0
-8.76562e+010 , 1.2919e-008 , 0
-8.82218e+010 , 1.30023e-008 , 0
-8.87873e+010 , 1.30857e-008 , 0
-8.93528e+010 , 1.3169e-008 , 0
-8.99183e+010 , 1.32524e-008 , 0
-9.04839e+010 , 1.33357e-008 , 0
-9.10494e+010 , 1.34191e-008 , 0
-9.16149e+010 , 1.35024e-008 , 0
-9.21804e+010 , 1.35858e-008 , 0
-9.2746e+010 , 1.36691e-008 , 0
-9.33115e+010 , 1.37525e-008 , 0
-9.3877e+010 , 1.38358e-008 , 0
-9.44425e+010 , 1.39192e-008 , 0
-9.50081e+010 , 1.40025e-008 , 0
-9.55736e+010 , 1.40859e-008 , 0
-9.61391e+010 , 1.41692e-008 , 0
-9.67046e+010 , 1.42526e-008 , 0
-9.72702e+010 , 1.43359e-008 , 0
-9.78357e+010 , 1.44192e-008 , 0
-9.84012e+010 , 1.45026e-008 , 0
-9.89667e+010 , 1.45859e-008 , 0
-9.95323e+010 , 1.46693e-008 , 0
-1.00098e+011 , 1.47526e-008 , 0
-1.00663e+011 , 1.4836e-008 , 0
-1.01229e+011 , 1.49193e-008 , 0
-1.01794e+011 , 1.50027e-008 , 0
-1.0236e+011 , 1.5086e-008 , 0
-1.02925e+011 , 1.51694e-008 , 0
-1.03491e+011 , 1.52527e-008 , 0
-1.04056e+011 , 1.53361e-008 , 0
-1.04622e+011 , 1.54194e-008 , 0
-1.05187e+011 , 1.55028e-008 , 0
-1.05753e+011 , 1.55861e-008 , 0
-1.06319e+011 , 1.56695e-008 , 0
-1.06884e+011 , 1.57528e-008 , 0
-1.0745e+011 , 1.58362e-008 , 0
-1.08015e+011 , 1.59195e-008 , 0
-1.08581e+011 , 1.60029e-008 , 0
-1.09146e+011 , 1.60862e-008 , 0
-1.09712e+011 , 1.61696e-008 , 0
-1.10277e+011 , 1.62529e-008 , 0
-1.10843e+011 , 1.63363e-008 , 0
-1.11408e+011 , 1.64196e-008 , 0
-1.11974e+011 , 1.6503e-008 , 0
-1.12539e+011 , 1.65863e-008 , 0
-1.13105e+011 , 1.66696e-008 , 0
-1.1367e+011 , 1.6753e-008 , 0
-1.14236e+011 , 1.68363e-008 , 0
-1.14801e+011 , 1.69197e-008 , 0
-1.15367e+011 , 1.7003e-008 , 0
-1.15932e+011 , 1.70864e-008 , 0
-1.16498e+011 , 1.71697e-008 , 0
-1.17064e+011 , 1.72531e-008 , 0
-1.17629e+011 , 1.73364e-008 , 0
-1.18195e+011 , 1.74198e-008 , 0
-1.1876e+011 , 1.75031e-008 , 0
-1.19326e+011 , 1.75865e-008 , 0
-1.19891e+011 , 1.76698e-008 , 0
-1.20457e+011 , 1.77532e-008 , 0
-1.21022e+011 , 1.78365e-008 , 0
-1.21588e+011 , 1.79199e-008 , 0
-1.22153e+011 , 1.80032e-008 , 0
-1.22719e+011 , 1.80866e-008 , 0
-1.23284e+011 , 1.81699e-008 , 0
-1.2385e+011 , 1.82533e-008 , 0
-1.24415e+011 , 1.83366e-008 , 0
-1.24981e+011 , 1.842e-008 , 0
-1.25546e+011 , 1.85033e-008 , 0
-1.26112e+011 , 1.85867e-008 , 0
-1.26677e+011 , 1.867e-008 , 0
-1.27243e+011 , 1.87534e-008 , 0
-1.27808e+011 , 1.88367e-008 , 0
-1.28374e+011 , 1.89201e-008 , 0
-1.2894e+011 , 1.90034e-008 , 0
-1.29505e+011 , 1.90867e-008 , 0
-1.30071e+011 , 1.91701e-008 , 0
-1.30636e+011 , 1.92534e-008 , 0
-1.31202e+011 , 1.93368e-008 , 0
-1.31767e+011 , 1.94201e-008 , 0
-1.32333e+011 , 1.95035e-008 , 0
-1.32898e+011 , 1.95868e-008 , 0
-1.33464e+011 , 1.96702e-008 , 0
-1.34029e+011 , 1.97535e-008 , 0
-1.34595e+011 , 1.98369e-008 , 0
-1.3516e+011 , 1.99202e-008 , 0
-1.35726e+011 , 2.00036e-008 , 0
-1.36291e+011 , 2.00869e-008 , 0
-1.36857e+011 , 2.01703e-008 , 0
-1.37422e+011 , 2.02536e-008 , 0
-1.37988e+011 , 2.0337e-008 , 0
-1.38553e+011 , 2.04203e-008 , 0
-1.39119e+011 , 2.05037e-008 , 0
-1.39684e+011 , 2.0587e-008 , 0
-1.4025e+011 , 2.06704e-008 , 0
-1.40816e+011 , 2.07537e-008 , 0
-1.41381e+011 , 2.08371e-008 , 0
-1.41947e+011 , 2.09204e-008 , 0
-1.42512e+011 , 2.10038e-008 , 0
-1.43078e+011 , 2.10871e-008 , 0
-1.43643e+011 , 2.11705e-008 , 0
-1.44209e+011 , 2.12538e-008 , 0
-1.44774e+011 , 2.13372e-008 , 0
-1.4534e+011 , 2.14205e-008 , 0
-1.45905e+011 , 2.15038e-008 , 0
-1.46471e+011 , 2.15872e-008 , 0
-1.47036e+011 , 2.16705e-008 , 0
-1.47602e+011 , 2.17539e-008 , 0
-1.48167e+011 , 2.18372e-008 , 0
-1.48733e+011 , 2.19206e-008 , 0
-1.49298e+011 , 2.20039e-008 , 0
-1.49864e+011 , 2.20873e-008 , 0
-1.50429e+011 , 2.21706e-008 , 0
-1.50995e+011 , 2.2254e-008 , 0
-1.5156e+011 , 2.23373e-008 , 0
-1.52126e+011 , 2.24207e-008 , 0
-1.52692e+011 , 2.2504e-008 , 0
-1.53257e+011 , 2.25874e-008 , 0
-1.53823e+011 , 2.26707e-008 , 0
-1.54388e+011 , 2.27541e-008 , 0
-1.54954e+011 , 2.28374e-008 , 0
-1.55519e+011 , 2.29208e-008 , 0
-1.56085e+011 , 2.30041e-008 , 0
-1.5665e+011 , 2.30875e-008 , 0
-1.57216e+011 , 2.31708e-008 , 0
-1.57781e+011 , 2.32542e-008 , 0
-1.58347e+011 , 2.33375e-008 , 0
-1.58912e+011 , 2.34209e-008 , 0
-1.59478e+011 , 2.35042e-008 , 0
-1.60043e+011 , 2.35876e-008 , 0
-1.60609e+011 , 2.36709e-008 , 0
-1.61174e+011 , 2.37543e-008 , 0
-1.6174e+011 , 2.38376e-008 , 0
-1.62305e+011 , 2.39209e-008 , 0
-1.62871e+011 , 2.40043e-008 , 0
-1.63436e+011 , 2.40876e-008 , 0
-1.64002e+011 , 2.4171e-008 , 0
-1.64568e+011 , 2.42543e-008 , 0
-1.65133e+011 , 2.43377e-008 , 0
-1.65699e+011 , 2.4421e-008 , 0
-1.66264e+011 , 2.45044e-008 , 0
-1.6683e+011 , 2.45877e-008 , 0
-1.67395e+011 , 2.46711e-008 , 0
-1.67961e+011 , 2.47544e-008 , 0
-1.68526e+011 , 2.48378e-008 , 0
-1.69092e+011 , 2.49211e-008 , 0
-1.69657e+011 , 2.50045e-008 , 0
-1.70223e+011 , 2.50878e-008 , 0
-1.70788e+011 , 2.51712e-008 , 0
-1.71354e+011 , 2.52545e-008 , 0
-1.71919e+011 , 2.53379e-008 , 0
-1.72485e+011 , 2.54212e-008 , 0
-1.7305e+011 , 2.55046e-008 , 0
-1.73616e+011 , 2.55879e-008 , 0
-1.74181e+011 , 2.56713e-008 , 0
-1.74747e+011 , 2.57546e-008 , 0
-1.75312e+011 , 2.5838e-008 , 0
-1.75878e+011 , 2.59213e-008 , 0
-1.76444e+011 , 2.60047e-008 , 0
-1.77009e+011 , 2.6088e-008 , 0
-1.77575e+011 , 2.61713e-008 , 0
-1.7814e+011 , 2.62547e-008 , 0
-1.78706e+011 , 2.6338e-008 , 0
-1.79271e+011 , 2.64214e-008 , 0
-1.79837e+011 , 2.65047e-008 , 0
-1.80402e+011 , 2.65881e-008 , 0
-1.80968e+011 , 2.66714e-008 , 0
-1.81533e+011 , 2.67548e-008 , 0
-1.82099e+011 , 2.68381e-008 , 0
-1.82664e+011 , 2.69215e-008 , 0
-1.8323e+011 , 2.70048e-008 , 0
-1.83795e+011 , 2.70882e-008 , 0
-1.84361e+011 , 2.71715e-008 , 0
-1.84926e+011 , 2.72549e-008 , 0
-1.85492e+011 , 2.73382e-008 , 0
-1.86057e+011 , 2.74216e-008 , 0
-1.86623e+011 , 2.75049e-008 , 0
-1.87189e+011 , 2.75883e-008 , 0
-1.87754e+011 , 2.76716e-008 , 0
-1.8832e+011 , 2.7755e-008 , 0
-1.88885e+011 , 2.78383e-008 , 0
-1.89451e+011 , 2.79217e-008 , 0
-1.90016e+011 , 2.8005e-008 , 0
-1.90582e+011 , 2.80884e-008 , 0
-1.91147e+011 , 2.81717e-008 , 0
-1.91713e+011 , 2.82551e-008 , 0
-1.92278e+011 , 2.83384e-008 , 0
-1.92844e+011 , 2.84218e-008 , 0
-1.93409e+011 , 2.85051e-008 , 0
-1.93975e+011 , 2.85884e-008 , 0
-1.9454e+011 , 2.86718e-008 , 0
-1.95106e+011 , 2.87551e-008 , 0
-1.95671e+011 , 2.88385e-008 , 0
-1.96237e+011 , 2.89218e-008 , 0
-1.96802e+011 , 2.90052e-008 , 0
-1.97368e+011 , 2.90885e-008 , 0
-1.97933e+011 , 2.91719e-008 , 0
-1.98499e+011 , 2.92552e-008 , 0
-1.99065e+011 , 2.93386e-008 , 0
-1.9963e+011 , 2.94219e-008 , 0
-2.00196e+011 , 2.95053e-008 , 0
-2.00761e+011 , 2.95886e-008 , 0
-2.01327e+011 , 2.9672e-008 , 0
-2.01892e+011 , 2.97553e-008 , 0
-2.02458e+011 , 2.98387e-008 , 0
-2.03023e+011 , 2.9922e-008 , 0
-2.03589e+011 , 3.00054e-008 , 0
-2.04154e+011 , 3.00887e-008 , 0
-2.0472e+011 , 3.01721e-008 , 0
-2.05285e+011 , 3.02554e-008 , 0
-2.05851e+011 , 3.03388e-008 , 0
-2.06416e+011 , 3.04221e-008 , 0
-2.06982e+011 , 3.05055e-008 , 0
-2.07547e+011 , 3.05888e-008 , 0
-2.08113e+011 , 3.06722e-008 , 0
-2.08678e+011 , 3.07555e-008 , 0
-2.09244e+011 , 3.08389e-008 , 0
-2.09809e+011 , 3.09222e-008 , 0
-2.10375e+011 , 3.10055e-008 , 0
-2.10941e+011 , 3.10889e-008 , 0
-2.11506e+011 , 3.11722e-008 , 0
-2.12072e+011 , 3.12556e-008 , 0
-2.12637e+011 , 3.13389e-008 , 0
-2.13203e+011 , 3.14223e-008 , 0
-2.13768e+011 , 3.15056e-008 , 0
-2.14334e+011 , 3.1589e-008 , 0
-2.14899e+011 , 3.16723e-008 , 0
-2.15465e+011 , 3.17557e-008 , 0
-2.1603e+011 , 3.1839e-008 , 0
-2.16596e+011 , 3.19224e-008 , 0
-2.17161e+011 , 3.20057e-008 , 0
-2.17727e+011 , 3.20891e-008 , 0
-2.18292e+011 , 3.21724e-008 , 0
-2.18858e+011 , 3.22558e-008 , 0
-2.19423e+011 , 3.23391e-008 , 0
-2.19989e+011 , 3.24225e-008 , 0
-2.20554e+011 , 3.25058e-008 , 0
-2.2112e+011 , 3.25892e-008 , 0
-2.21685e+011 , 3.26725e-008 , 0
-2.22251e+011 , 3.27559e-008 , 0
-2.22817e+011 , 3.28392e-008 , 0
-2.23382e+011 , 3.29226e-008 , 0
-2.23948e+011 , 3.30059e-008 , 0
-2.24513e+011 , 3.30893e-008 , 0
-2.25079e+011 , 3.31726e-008 , 0
-2.25644e+011 , 3.3256e-008 , 0
-2.2621e+011 , 3.33393e-008 , 0
-2.26775e+011 , 3.34226e-008 , 0
-2.27341e+011 , 3.3506e-008 , 0
-2.27906e+011 , 3.35893e-008 , 0
-2.28472e+011 , 3.36727e-008 , 0
-2.29037e+011 , 3.3756e-008 , 0
-2.29603e+011 , 3.38394e-008 , 0
-2.30168e+011 , 3.39227e-008 , 0
-2.30734e+011 , 3.40061e-008 , 0
-2.31299e+011 , 3.40894e-008 , 0
-2.31865e+011 , 3.41728e-008 , 0
-2.3243e+011 , 3.42561e-008 , 0
-2.32996e+011 , 3.43395e-008 , 0
-2.33561e+011 , 3.44228e-008 , 0
-2.34127e+011 , 3.45062e-008 , 0
-2.34693e+011 , 3.45895e-008 , 0
-2.35258e+011 , 3.46729e-008 , 0
-2.35824e+011 , 3.47562e-008 , 0
-2.36389e+011 , 3.48396e-008 , 0
-2.36955e+011 , 3.49229e-008 , 0
-2.3752e+011 , 3.50063e-008 , 0
-2.38086e+011 , 3.50896e-008 , 0
-2.38651e+011 , 3.5173e-008 , 0
-2.39217e+011 , 3.52563e-008 , 0
-2.39782e+011 , 3.53397e-008 , 0
-2.40348e+011 , 3.5423e-008 , 0
-2.40913e+011 , 3.55064e-008 , 0
-2.41479e+011 , 3.55897e-008 , 0
-2.42044e+011 , 3.56731e-008 , 0
-2.4261e+011 , 3.57564e-008 , 0
-2.43175e+011 , 3.58397e-008 , 0
-2.43741e+011 , 3.59231e-008 , 0
-2.44306e+011 , 3.60064e-008 , 0
-2.44872e+011 , 3.60898e-008 , 0
-2.45437e+011 , 3.61731e-008 , 0
-2.46003e+011 , 3.62565e-008 , 0
-2.46569e+011 , 3.63398e-008 , 0
-2.47134e+011 , 3.64232e-008 , 0
-2.477e+011 , 3.65065e-008 , 0
-2.48265e+011 , 3.65899e-008 , 0
-2.48831e+011 , 3.66732e-008 , 0
-2.49396e+011 , 3.67566e-008 , 0
-2.49962e+011 , 3.68399e-008 , 0
-2.50527e+011 , 3.69233e-008 , 0
-2.51093e+011 , 3.70066e-008 , 0
-2.51658e+011 , 3.709e-008 , 0
-2.52224e+011 , 3.71733e-008 , 0
-2.52789e+011 , 3.72567e-008 , 0
-2.53355e+011 , 3.734e-008 , 0
-2.5392e+011 , 3.74234e-008 , 0
-2.54486e+011 , 3.75067e-008 , 0
-2.55051e+011 , 3.75901e-008 , 0
-2.55617e+011 , 3.76734e-008 , 0
-2.56182e+011 , 3.77568e-008 , 0
-2.56748e+011 , 3.78401e-008 , 0
-2.57314e+011 , 3.79235e-008 , 0
-2.57879e+011 , 3.80068e-008 , 0
-2.58445e+011 , 3.80901e-008 , 0
-2.5901e+011 , 3.81735e-008 , 0
-2.59576e+011 , 3.82568e-008 , 0
-2.60141e+011 , 3.83402e-008 , 0
-2.60707e+011 , 3.84235e-008 , 0
-2.61272e+011 , 3.85069e-008 , 0
-2.61838e+011 , 3.85902e-008 , 0
-2.62403e+011 , 3.86736e-008 , 0
-2.62969e+011 , 3.87569e-008 , 0
-2.63534e+011 , 3.88403e-008 , 0
-2.641e+011 , 3.89236e-008 , 0
-2.64665e+011 , 3.9007e-008 , 0
-2.65231e+011 , 3.90903e-008 , 0
-2.65796e+011 , 3.91737e-008 , 0
-2.66362e+011 , 3.9257e-008 , 0
-2.66927e+011 , 3.93404e-008 , 0
-2.67493e+011 , 3.94237e-008 , 0
-2.68058e+011 , 3.95071e-008 , 0
-2.68624e+011 , 3.95904e-008 , 0
-2.6919e+011 , 3.96738e-008 , 0
-2.69755e+011 , 3.97571e-008 , 0
-2.70321e+011 , 3.98405e-008 , 0
-2.70886e+011 , 3.99238e-008 , 0
-2.71452e+011 , 4.00072e-008 , 0
-2.72017e+011 , 4.00905e-008 , 0
-2.72583e+011 , 4.01739e-008 , 0
-2.73148e+011 , 4.02572e-008 , 0
-2.73714e+011 , 4.03406e-008 , 0
-2.74279e+011 , 4.04239e-008 , 0
-2.74845e+011 , 4.05072e-008 , 0
-2.7541e+011 , 4.05906e-008 , 0
-2.75976e+011 , 4.06739e-008 , 0
-2.76541e+011 , 4.07573e-008 , 0
-2.77107e+011 , 4.08406e-008 , 0
-2.77672e+011 , 4.0924e-008 , 0
-2.78238e+011 , 4.10073e-008 , 0
-2.78803e+011 , 4.10907e-008 , 0
-2.79369e+011 , 4.1174e-008 , 0
-2.79934e+011 , 4.12574e-008 , 0
-2.805e+011 , 4.13407e-008 , 0
-2.81066e+011 , 4.14241e-008 , 0
-2.81631e+011 , 4.15074e-008 , 0
-2.82197e+011 , 4.15908e-008 , 0
-2.82762e+011 , 4.16741e-008 , 0
-2.83328e+011 , 4.17575e-008 , 0
-2.83893e+011 , 4.18408e-008 , 0
-2.84459e+011 , 4.19242e-008 , 0
-2.85024e+011 , 4.20075e-008 , 0
-2.8559e+011 , 4.20909e-008 , 0
-2.86155e+011 , 4.21742e-008 , 0
-2.86721e+011 , 4.22576e-008 , 0
-2.87286e+011 , 4.23409e-008 , 0
-2.87852e+011 , 4.24243e-008 , 0
-2.88417e+011 , 4.25076e-008 , 0
-2.88983e+011 , 4.2591e-008 , 0
-2.89548e+011 , 4.26743e-008 , 0
-2.90114e+011 , 4.27577e-008 , 0
-2.90679e+011 , 4.2841e-008 , 0
-2.91245e+011 , 4.29243e-008 , 0
-2.9181e+011 , 4.30077e-008 , 0
-2.92376e+011 , 4.3091e-008 , 0
-2.92942e+011 , 4.31744e-008 , 0
-2.93507e+011 , 4.32577e-008 , 0
-2.94073e+011 , 4.33411e-008 , 0
-2.94638e+011 , 4.34244e-008 , 0
-2.95204e+011 , 4.35078e-008 , 0
-2.95769e+011 , 4.35911e-008 , 0
-2.96335e+011 , 4.36745e-008 , 0
-2.969e+011 , 4.37578e-008 , 0
-2.97466e+011 , 4.38412e-008 , 0
-2.98031e+011 , 4.39245e-008 , 0
-2.98597e+011 , 4.40079e-008 , 0
-2.99162e+011 , 4.40912e-008 , 0
-2.99728e+011 , 4.41746e-008 , 0
-3.00293e+011 , 4.42579e-008 , 0
-3.00859e+011 , 4.43413e-008 , 0
-3.01424e+011 , 4.44246e-008 , 0
-3.0199e+011 , 4.4508e-008 , 0
-3.02555e+011 , 4.45913e-008 , 0
-3.03121e+011 , 4.46747e-008 , 0
-3.03686e+011 , 4.4758e-008 , 0
-3.04252e+011 , 4.48414e-008 , 0
-3.04818e+011 , 4.49247e-008 , 0
-3.05383e+011 , 4.50081e-008 , 0
-3.05949e+011 , 4.50914e-008 , 0
-3.06514e+011 , 4.51748e-008 , 0
-3.0708e+011 , 4.52581e-008 , 0
-3.07645e+011 , 4.53414e-008 , 0
-3.08211e+011 , 4.54248e-008 , 0
-3.08776e+011 , 4.55081e-008 , 0
-3.09342e+011 , 4.55915e-008 , 0
-3.09907e+011 , 4.56748e-008 , 0
-3.10473e+011 , 4.57582e-008 , 0
-3.11038e+011 , 4.58415e-008 , 0
-3.11604e+011 , 4.59249e-008 , 0
-3.12169e+011 , 4.60082e-008 , 0
-3.12735e+011 , 4.60916e-008 , 0
-3.133e+011 , 4.61749e-008 , 0
-3.13866e+011 , 4.62583e-008 , 0
-3.14431e+011 , 4.63416e-008 , 0
-3.14997e+011 , 4.6425e-008 , 0
-3.15562e+011 , 4.65083e-008 , 0
-3.16128e+011 , 4.65917e-008 , 0
-3.16694e+011 , 4.6675e-008 , 0
-3.17259e+011 , 4.67584e-008 , 0
-3.17825e+011 , 4.68417e-008 , 0
-3.1839e+011 , 4.69251e-008 , 0
-3.18956e+011 , 4.70084e-008 , 0
-3.19521e+011 , 4.70918e-008 , 0
-3.20087e+011 , 4.71751e-008 , 0
-3.20652e+011 , 4.72585e-008 , 0
-3.21218e+011 , 4.73418e-008 , 0
-3.21783e+011 , 4.74252e-008 , 0
-3.22349e+011 , 4.75085e-008 , 0
-3.22914e+011 , 4.75918e-008 , 0
-3.2348e+011 , 4.76752e-008 , 0
-3.24045e+011 , 4.77585e-008 , 0
-3.24611e+011 , 4.78419e-008 , 0
-3.25176e+011 , 4.79252e-008 , 0
-3.25742e+011 , 4.80086e-008 , 0
-3.26307e+011 , 4.80919e-008 , 0
-3.26873e+011 , 4.81753e-008 , 0
-3.27439e+011 , 4.82586e-008 , 0
-3.28004e+011 , 4.8342e-008 , 0
-3.2857e+011 , 4.84253e-008 , 0
-3.29135e+011 , 4.85087e-008 , 0
-3.29701e+011 , 4.8592e-008 , 0
-3.30266e+011 , 4.86754e-008 , 0
-3.30832e+011 , 4.87587e-008 , 0
-3.31397e+011 , 4.88421e-008 , 0
-3.31963e+011 , 4.89254e-008 , 0
-3.32528e+011 , 4.90088e-008 , 0
-3.33094e+011 , 4.90921e-008 , 0
-3.33659e+011 , 4.91755e-008 , 0
-3.34225e+011 , 4.92588e-008 , 0
-3.3479e+011 , 4.93422e-008 , 0
-3.35356e+011 , 4.94255e-008 , 0
-3.35921e+011 , 4.95089e-008 , 0
-3.36487e+011 , 4.95922e-008 , 0
-3.37052e+011 , 4.96756e-008 , 0
-3.37618e+011 , 4.97589e-008 , 0
-3.38183e+011 , 4.98423e-008 , 0
-3.38749e+011 , 4.99256e-008 , 0
-3.39315e+011 , 5.00089e-008 , 0
-3.3988e+011 , 5.00923e-008 , 0
-3.40446e+011 , 5.01756e-008 , 0
-3.41011e+011 , 5.0259e-008 , 0
-3.41577e+011 , 5.03423e-008 , 0
-3.42142e+011 , 5.04257e-008 , 0
-3.42708e+011 , 5.0509e-008 , 0
-3.43273e+011 , 5.05924e-008 , 0
-3.43839e+011 , 5.06757e-008 , 0
-3.44404e+011 , 5.07591e-008 , 0
-3.4497e+011 , 5.08424e-008 , 0
-3.45535e+011 , 5.09258e-008 , 0
-3.46101e+011 , 5.10091e-008 , 0
-3.46666e+011 , 5.10925e-008 , 0
-3.47232e+011 , 5.11758e-008 , 0
-3.47797e+011 , 5.12592e-008 , 0
-3.48363e+011 , 5.13425e-008 , 0
-3.48928e+011 , 5.14259e-008 , 0
-3.49494e+011 , 5.15092e-008 , 0
-3.50059e+011 , 5.15926e-008 , 0
-3.50625e+011 , 5.16759e-008 , 0
-3.51191e+011 , 5.17593e-008 , 0
-3.51756e+011 , 5.18426e-008 , 0
-3.52322e+011 , 5.1926e-008 , 0
-3.52887e+011 , 5.20093e-008 , 0
-3.53453e+011 , 5.20927e-008 , 0
-3.54018e+011 , 5.2176e-008 , 0
-3.54584e+011 , 5.22594e-008 , 0
-3.55149e+011 , 5.23427e-008 , 0
-3.55715e+011 , 5.2426e-008 , 0
-3.5628e+011 , 5.25094e-008 , 0
-3.56846e+011 , 5.25927e-008 , 0
-3.57411e+011 , 5.26761e-008 , 0
-3.57977e+011 , 5.27594e-008 , 0
-3.58542e+011 , 5.28428e-008 , 0
-3.59108e+011 , 5.29261e-008 , 0
-3.59673e+011 , 5.30095e-008 , 0
-3.60239e+011 , 5.30928e-008 , 0
-3.60804e+011 , 5.31762e-008 , 0
-3.6137e+011 , 5.32595e-008 , 0
-3.61935e+011 , 5.33429e-008 , 0
-3.62501e+011 , 5.34262e-008 , 0
-3.63067e+011 , 5.35096e-008 , 0
-3.63632e+011 , 5.35929e-008 , 0
-3.64198e+011 , 5.36763e-008 , 0
-3.64763e+011 , 5.37596e-008 , 0
-3.65329e+011 , 5.3843e-008 , 0
-3.65894e+011 , 5.39263e-008 , 0
-3.6646e+011 , 5.40097e-008 , 0
-3.67025e+011 , 5.4093e-008 , 0
-3.67591e+011 , 5.41764e-008 , 0
-3.68156e+011 , 5.42597e-008 , 0
-3.68722e+011 , 5.43431e-008 , 0
-3.69287e+011 , 5.44264e-008 , 0
-3.69853e+011 , 5.45098e-008 , 0
-3.70418e+011 , 5.45931e-008 , 0
-3.70984e+011 , 5.46765e-008 , 0
-3.71549e+011 , 5.47598e-008 , 0
-3.72115e+011 , 5.48431e-008 , 0
-3.7268e+011 , 5.49265e-008 , 0
-3.73246e+011 , 5.50098e-008 , 0
-3.73811e+011 , 5.50932e-008 , 0
-3.74377e+011 , 5.51765e-008 , 0
-3.74943e+011 , 5.52599e-008 , 0
-3.75508e+011 , 5.53432e-008 , 0
-3.76074e+011 , 5.54266e-008 , 0
-3.76639e+011 , 5.55099e-008 , 0
-3.77205e+011 , 5.55933e-008 , 0
-3.7777e+011 , 5.56766e-008 , 0
-3.78336e+011 , 5.576e-008 , 0
-3.78901e+011 , 5.58433e-008 , 0
-3.79467e+011 , 5.59267e-008 , 0
-3.80032e+011 , 5.601e-008 , 0
-3.80598e+011 , 5.60934e-008 , 0
-3.81163e+011 , 5.61767e-008 , 0
-3.81729e+011 , 5.62601e-008 , 0
-3.82294e+011 , 5.63434e-008 , 0
-3.8286e+011 , 5.64268e-008 , 0
-3.83425e+011 , 5.65101e-008 , 0
-3.83991e+011 , 5.65935e-008 , 0
-3.84556e+011 , 5.66768e-008 , 0
-3.85122e+011 , 5.67602e-008 , 0
-3.85687e+011 , 5.68435e-008 , 0
-3.86253e+011 , 5.69269e-008 , 0
-3.86819e+011 , 5.70102e-008 , 0
-3.87384e+011 , 5.70936e-008 , 0
-3.8795e+011 , 5.71769e-008 , 0
-3.88515e+011 , 5.72602e-008 , 0
-3.89081e+011 , 5.73436e-008 , 0
-3.89646e+011 , 5.74269e-008 , 0
-3.90212e+011 , 5.75103e-008 , 0
-3.90777e+011 , 5.75936e-008 , 0
-3.91343e+011 , 5.7677e-008 , 0
-3.91908e+011 , 5.77603e-008 , 0
-3.92474e+011 , 5.78437e-008 , 0
-3.93039e+011 , 5.7927e-008 , 0
-3.93605e+011 , 5.80104e-008 , 0
-3.9417e+011 , 5.80937e-008 , 0
-3.94736e+011 , 5.81771e-008 , 0
-3.95301e+011 , 5.82604e-008 , 0
-3.95867e+011 , 5.83438e-008 , 0
-3.96432e+011 , 5.84271e-008 , 0
-3.96998e+011 , 5.85105e-008 , 0
-3.97563e+011 , 5.85938e-008 , 0
-3.98129e+011 , 5.86772e-008 , 0
-3.98695e+011 , 5.87605e-008 , 0
-3.9926e+011 , 5.88439e-008 , 0
-3.99826e+011 , 5.89272e-008 , 0
-4.00391e+011 , 5.90106e-008 , 0
-4.00957e+011 , 5.90939e-008 , 0
-4.01522e+011 , 5.91773e-008 , 0
-4.02088e+011 , 5.92606e-008 , 0
-4.02653e+011 , 5.9344e-008 , 0
-4.03219e+011 , 5.94273e-008 , 0
-4.03784e+011 , 5.95106e-008 , 0
-4.0435e+011 , 5.9594e-008 , 0
-4.04915e+011 , 5.96773e-008 , 0
-4.05481e+011 , 5.97607e-008 , 0
-4.06046e+011 , 5.9844e-008 , 0
-4.06612e+011 , 5.99274e-008 , 0
-4.07177e+011 , 6.00107e-008 , 0
-4.07743e+011 , 6.00941e-008 , 0
-4.08308e+011 , 6.01774e-008 , 0
-4.08874e+011 , 6.02608e-008 , 0
-4.0944e+011 , 6.03441e-008 , 0
-4.10005e+011 , 6.04275e-008 , 0
-4.10571e+011 , 6.05108e-008 , 0
-4.11136e+011 , 6.05942e-008 , 0
-4.11702e+011 , 6.06775e-008 , 0
-4.12267e+011 , 6.07609e-008 , 0
-4.12833e+011 , 6.08442e-008 , 0
-4.13398e+011 , 6.09276e-008 , 0
-4.13964e+011 , 6.10109e-008 , 0
-4.14529e+011 , 6.10943e-008 , 0
-4.15095e+011 , 6.11776e-008 , 0
-4.1566e+011 , 6.1261e-008 , 0
-4.16226e+011 , 6.13443e-008 , 0
-4.16791e+011 , 6.14277e-008 , 0
-4.17357e+011 , 6.1511e-008 , 0
-4.17922e+011 , 6.15944e-008 , 0
-4.18488e+011 , 6.16777e-008 , 0
-4.19053e+011 , 6.17611e-008 , 0
-4.19619e+011 , 6.18444e-008 , 0
-4.20184e+011 , 6.19277e-008 , 0
-4.2075e+011 , 6.20111e-008 , 0
-4.21316e+011 , 6.20944e-008 , 0
-4.21881e+011 , 6.21778e-008 , 0
-4.22447e+011 , 6.22611e-008 , 0
-4.23012e+011 , 6.23445e-008 , 0
-4.23578e+011 , 6.24278e-008 , 0
-4.24143e+011 , 6.25112e-008 , 0
-4.24709e+011 , 6.25945e-008 , 0
-4.25274e+011 , 6.26779e-008 , 0
-4.2584e+011 , 6.27612e-008 , 0
-4.26405e+011 , 6.28446e-008 , 0
-4.26971e+011 , 6.29279e-008 , 0
-4.27536e+011 , 6.30113e-008 , 0
-4.28102e+011 , 6.30946e-008 , 0
-4.28667e+011 , 6.3178e-008 , 0
-4.29233e+011 , 6.32613e-008 , 0
-4.29798e+011 , 6.33447e-008 , 0
-4.30364e+011 , 6.3428e-008 , 0
-4.30929e+011 , 6.35114e-008 , 0
-4.31495e+011 , 6.35947e-008 , 0
-4.3206e+011 , 6.36781e-008 , 0
-4.32626e+011 , 6.37614e-008 , 0
-4.33192e+011 , 6.38448e-008 , 0
-4.33757e+011 , 6.39281e-008 , 0
-4.34323e+011 , 6.40115e-008 , 0
-4.34888e+011 , 6.40948e-008 , 0
-4.35454e+011 , 6.41782e-008 , 0
-4.36019e+011 , 6.42615e-008 , 0
-4.36585e+011 , 6.43448e-008 , 0
-4.3715e+011 , 6.44282e-008 , 0
-4.37716e+011 , 6.45115e-008 , 0
-4.38281e+011 , 6.45949e-008 , 0
-4.38847e+011 , 6.46782e-008 , 0
-4.39412e+011 , 6.47616e-008 , 0
-4.39978e+011 , 6.48449e-008 , 0
-4.40543e+011 , 6.49283e-008 , 0
-4.41109e+011 , 6.50116e-008 , 0
-4.41674e+011 , 6.5095e-008 , 0
-4.4224e+011 , 6.51783e-008 , 0
-4.42805e+011 , 6.52617e-008 , 0
-4.43371e+011 , 6.5345e-008 , 0
-4.43936e+011 , 6.54284e-008 , 0
-4.44502e+011 , 6.55117e-008 , 0
-4.45068e+011 , 6.55951e-008 , 0
-4.45633e+011 , 6.56784e-008 , 0
-4.46199e+011 , 6.57618e-008 , 0
-4.46764e+011 , 6.58451e-008 , 0
-4.4733e+011 , 6.59285e-008 , 0
-4.47895e+011 , 6.60118e-008 , 0
-4.48461e+011 , 6.60952e-008 , 0
-4.49026e+011 , 6.61785e-008 , 0
-4.49592e+011 , 6.62619e-008 , 0
-4.50157e+011 , 6.63452e-008 , 0
-4.50723e+011 , 6.64286e-008 , 0
-4.51288e+011 , 6.65119e-008 , 0
-4.51854e+011 , 6.65953e-008 , 0
-4.52419e+011 , 6.66786e-008 , 0
-4.52985e+011 , 6.67619e-008 , 0
-4.5355e+011 , 6.68453e-008 , 0
-4.54116e+011 , 6.69286e-008 , 0
-4.54681e+011 , 6.7012e-008 , 0
-4.55247e+011 , 6.70953e-008 , 0
-4.55812e+011 , 6.71787e-008 , 0
-4.56378e+011 , 6.7262e-008 , 0
-4.56944e+011 , 6.73454e-008 , 0
-4.57509e+011 , 6.74287e-008 , 0
-4.58075e+011 , 6.75121e-008 , 0
-4.5864e+011 , 6.75954e-008 , 0
-4.59206e+011 , 6.76788e-008 , 0
-4.59771e+011 , 6.77621e-008 , 0
-4.60337e+011 , 6.78455e-008 , 0
-4.60902e+011 , 6.79288e-008 , 0
-4.61468e+011 , 6.80122e-008 , 0
-4.62033e+011 , 6.80955e-008 , 0
-4.62599e+011 , 6.81789e-008 , 0
-4.63164e+011 , 6.82622e-008 , 0
-4.6373e+011 , 6.83456e-008 , 0
-4.64295e+011 , 6.84289e-008 , 0
-4.64861e+011 , 6.85123e-008 , 0
-4.65426e+011 , 6.85956e-008 , 0
-4.65992e+011 , 6.8679e-008 , 0
-4.66557e+011 , 6.87623e-008 , 0
-4.67123e+011 , 6.88457e-008 , 0
-4.67688e+011 , 6.8929e-008 , 0
-4.68254e+011 , 6.90123e-008 , 0
-4.6882e+011 , 6.90957e-008 , 0
-4.69385e+011 , 6.9179e-008 , 0
-4.69951e+011 , 6.92624e-008 , 0
-4.70516e+011 , 6.93457e-008 , 0
-4.71082e+011 , 6.94291e-008 , 0
-4.71647e+011 , 6.95124e-008 , 0
-4.72213e+011 , 6.95958e-008 , 0
-4.72778e+011 , 6.96791e-008 , 0
-4.73344e+011 , 6.97625e-008 , 0
-4.73909e+011 , 6.98458e-008 , 0
-4.74475e+011 , 6.99292e-008 , 0
-4.7504e+011 , 7.00125e-008 , 0
-4.75606e+011 , 7.00959e-008 , 0
-4.76171e+011 , 7.01792e-008 , 0
-4.76737e+011 , 7.02626e-008 , 0
-4.77302e+011 , 7.03459e-008 , 0
-4.77868e+011 , 7.04293e-008 , 0
-4.78433e+011 , 7.05126e-008 , 0
-4.78999e+011 , 7.0596e-008 , 0
-4.79565e+011 , 7.06793e-008 , 0
-4.8013e+011 , 7.07627e-008 , 0
-4.80696e+011 , 7.0846e-008 , 0
-4.81261e+011 , 7.09294e-008 , 0
-4.81827e+011 , 7.10127e-008 , 0
-4.82392e+011 , 7.10961e-008 , 0
-4.82958e+011 , 7.11794e-008 , 0
-4.83523e+011 , 7.12628e-008 , 0
-4.84089e+011 , 7.13461e-008 , 0
-4.84654e+011 , 7.14294e-008 , 0
-4.8522e+011 , 7.15128e-008 , 0
-4.85785e+011 , 7.15961e-008 , 0
-4.86351e+011 , 7.16795e-008 , 0
-4.86916e+011 , 7.17628e-008 , 0
-4.87482e+011 , 7.18462e-008 , 0
-4.88047e+011 , 7.19295e-008 , 0
-4.88613e+011 , 7.20129e-008 , 0
-4.89178e+011 , 7.20962e-008 , 0
-4.89744e+011 , 7.21796e-008 , 0
-4.90309e+011 , 7.22629e-008 , 0
-4.90875e+011 , 7.23463e-008 , 0
-4.91441e+011 , 7.24296e-008 , 0
-4.92006e+011 , 7.2513e-008 , 0
-4.92572e+011 , 7.25963e-008 , 0
-4.93137e+011 , 7.26797e-008 , 0
-4.93703e+011 , 7.2763e-008 , 0
-4.94268e+011 , 7.28464e-008 , 0
-4.94834e+011 , 7.29297e-008 , 0
-4.95399e+011 , 7.30131e-008 , 0
-4.95965e+011 , 7.30964e-008 , 0
-4.9653e+011 , 7.31798e-008 , 0
-4.97096e+011 , 7.32631e-008 , 0
-4.97661e+011 , 7.33465e-008 , 0
-4.98227e+011 , 7.34298e-008 , 0
-4.98792e+011 , 7.35132e-008 , 0
-4.99358e+011 , 7.35965e-008 , 0
-4.99923e+011 , 7.36799e-008 , 0
-5.00489e+011 , 7.37632e-008 , 0
-5.01054e+011 , 7.38465e-008 , 0
-5.0162e+011 , 7.39299e-008 , 0
-5.02185e+011 , 7.40132e-008 , 0
-5.02751e+011 , 7.40966e-008 , 0
-5.03317e+011 , 7.41799e-008 , 0
-5.03882e+011 , 7.42633e-008 , 0
-5.04448e+011 , 7.43466e-008 , 0
-5.05013e+011 , 7.443e-008 , 0
-5.05579e+011 , 7.45133e-008 , 0
-5.06144e+011 , 7.45967e-008 , 0
-5.0671e+011 , 7.468e-008 , 0
-5.07275e+011 , 7.47634e-008 , 0
-5.07841e+011 , 7.48467e-008 , 0
-5.08406e+011 , 7.49301e-008 , 0
-5.08972e+011 , 7.50134e-008 , 0
-5.09537e+011 , 7.50968e-008 , 0
-5.10103e+011 , 7.51801e-008 , 0
-5.10668e+011 , 7.52635e-008 , 0
-5.11234e+011 , 7.53468e-008 , 0
-5.11799e+011 , 7.54302e-008 , 0
-5.12365e+011 , 7.55135e-008 , 0
-5.1293e+011 , 7.55969e-008 , 0
-5.13496e+011 , 7.56802e-008 , 0
-5.14061e+011 , 7.57636e-008 , 0
-5.14627e+011 , 7.58469e-008 , 0
-5.15193e+011 , 7.59303e-008 , 0
-5.15758e+011 , 7.60136e-008 , 0
-5.16324e+011 , 7.6097e-008 , 0
-5.16889e+011 , 7.61803e-008 , 0
-5.17455e+011 , 7.62636e-008 , 0
-5.1802e+011 , 7.6347e-008 , 0
-5.18586e+011 , 7.64303e-008 , 0
-5.19151e+011 , 7.65137e-008 , 0
-5.19717e+011 , 7.6597e-008 , 0
-5.20282e+011 , 7.66804e-008 , 0
-5.20848e+011 , 7.67637e-008 , 0
-5.21413e+011 , 7.68471e-008 , 0
-5.21979e+011 , 7.69304e-008 , 0
-5.22544e+011 , 7.70138e-008 , 0
-5.2311e+011 , 7.70971e-008 , 0
-5.23675e+011 , 7.71805e-008 , 0
-5.24241e+011 , 7.72638e-008 , 0
-5.24806e+011 , 7.73472e-008 , 0
-5.25372e+011 , 7.74305e-008 , 0
-5.25937e+011 , 7.75139e-008 , 0
-5.26503e+011 , 7.75972e-008 , 0
-5.27069e+011 , 7.76806e-008 , 0
-5.27634e+011 , 7.77639e-008 , 0
-5.282e+011 , 7.78473e-008 , 0
-5.28765e+011 , 7.79306e-008 , 0
-5.29331e+011 , 7.8014e-008 , 0
-5.29896e+011 , 7.80973e-008 , 0
-5.30462e+011 , 7.81807e-008 , 0
-5.31027e+011 , 7.8264e-008 , 0
-5.31593e+011 , 7.83474e-008 , 0
-5.32158e+011 , 7.84307e-008 , 0
-5.32724e+011 , 7.8514e-008 , 0
-5.33289e+011 , 7.85974e-008 , 0
-5.33855e+011 , 7.86807e-008 , 0
-5.3442e+011 , 7.87641e-008 , 0
-5.34986e+011 , 7.88474e-008 , 0
-5.35551e+011 , 7.89308e-008 , 0
-5.36117e+011 , 7.90141e-008 , 0
-5.36682e+011 , 7.90975e-008 , 0
-5.37248e+011 , 7.91808e-008 , 0
-5.37813e+011 , 7.92642e-008 , 0
-5.38379e+011 , 7.93475e-008 , 0
-5.38945e+011 , 7.94309e-008 , 0
-5.3951e+011 , 7.95142e-008 , 0
-5.40076e+011 , 7.95976e-008 , 0
-5.40641e+011 , 7.96809e-008 , 0
-5.41207e+011 , 7.97643e-008 , 0
-5.41772e+011 , 7.98476e-008 , 0
-5.42338e+011 , 7.9931e-008 , 0
-5.42903e+011 , 8.00143e-008 , 0
-5.43469e+011 , 8.00977e-008 , 0
-5.44034e+011 , 8.0181e-008 , 0
-5.446e+011 , 8.02644e-008 , 0
-5.45165e+011 , 8.03477e-008 , 0
-5.45731e+011 , 8.04311e-008 , 0
-5.46296e+011 , 8.05144e-008 , 0
-5.46862e+011 , 8.05978e-008 , 0
-5.47427e+011 , 8.06811e-008 , 0
-5.47993e+011 , 8.07645e-008 , 0
-5.48558e+011 , 8.08478e-008 , 0
-5.49124e+011 , 8.09311e-008 , 0
-5.4969e+011 , 8.10145e-008 , 0
-5.50255e+011 , 8.10978e-008 , 0
-5.50821e+011 , 8.11812e-008 , 0
-5.51386e+011 , 8.12645e-008 , 0
-5.51952e+011 , 8.13479e-008 , 0
-5.52517e+011 , 8.14312e-008 , 0
-5.53083e+011 , 8.15146e-008 , 0
-5.53648e+011 , 8.15979e-008 , 0
-5.54214e+011 , 8.16813e-008 , 0
-5.54779e+011 , 8.17646e-008 , 0
-5.55345e+011 , 8.1848e-008 , 0
-5.5591e+011 , 8.19313e-008 , 0
-5.56476e+011 , 8.20147e-008 , 0
-5.57041e+011 , 8.2098e-008 , 0
-5.57607e+011 , 8.21814e-008 , 0
-5.58172e+011 , 8.22647e-008 , 0
-5.58738e+011 , 8.23481e-008 , 0
-5.59303e+011 , 8.24314e-008 , 0
-5.59869e+011 , 8.25148e-008 , 0
-5.60434e+011 , 8.25981e-008 , 0
-5.61e+011 , 8.26815e-008 , 0
-5.61566e+011 , 8.27648e-008 , 0
-5.62131e+011 , 8.28482e-008 , 0
-5.62697e+011 , 8.29315e-008 , 0
-5.63262e+011 , 8.30149e-008 , 0
-5.63828e+011 , 8.30982e-008 , 0
-5.64393e+011 , 8.31816e-008 , 0
-5.64959e+011 , 8.32649e-008 , 0
-5.65524e+011 , 8.33482e-008 , 0
-5.6609e+011 , 8.34316e-008 , 0
-5.66655e+011 , 8.35149e-008 , 0
-5.67221e+011 , 8.35983e-008 , 0
-5.67786e+011 , 8.36816e-008 , 0
-5.68352e+011 , 8.3765e-008 , 0
-5.68917e+011 , 8.38483e-008 , 0
-5.69483e+011 , 8.39317e-008 , 0
-5.70048e+011 , 8.4015e-008 , 0
-5.70614e+011 , 8.40984e-008 , 0
-5.71179e+011 , 8.41817e-008 , 0
-5.71745e+011 , 8.42651e-008 , 0
-5.7231e+011 , 8.43484e-008 , 0
-5.72876e+011 , 8.44318e-008 , 0
-5.73442e+011 , 8.45151e-008 , 0
-5.74007e+011 , 8.45985e-008 , 0
-5.74573e+011 , 8.46818e-008 , 0
-5.75138e+011 , 8.47652e-008 , 0
-5.75704e+011 , 8.48485e-008 , 0
-5.76269e+011 , 8.49319e-008 , 0
-5.76835e+011 , 8.50152e-008 , 0
-5.774e+011 , 8.50986e-008 , 0
-5.77966e+011 , 8.51819e-008 , 0
-5.78531e+011 , 8.52653e-008 , 0
-5.79097e+011 , 8.53486e-008 , 0
-5.79662e+011 , 8.5432e-008 , 0
-5.80228e+011 , 8.55153e-008 , 0
-5.80793e+011 , 8.55987e-008 , 0
-5.81359e+011 , 8.5682e-008 , 0
-5.81924e+011 , 8.57653e-008 , 0
-5.8249e+011 , 8.58487e-008 , 0
-5.83055e+011 , 8.5932e-008 , 0
-5.83621e+011 , 8.60154e-008 , 0
-5.84186e+011 , 8.60987e-008 , 0
-5.84752e+011 , 8.61821e-008 , 0
-5.85318e+011 , 8.62654e-008 , 0
-5.85883e+011 , 8.63488e-008 , 0
-5.86449e+011 , 8.64321e-008 , 0
-5.87014e+011 , 8.65155e-008 , 0
-5.8758e+011 , 8.65988e-008 , 0
-5.88145e+011 , 8.66822e-008 , 0
-5.88711e+011 , 8.67655e-008 , 0
-5.89276e+011 , 8.68489e-008 , 0
-5.89842e+011 , 8.69322e-008 , 0
-5.90407e+011 , 8.70156e-008 , 0
-5.90973e+011 , 8.70989e-008 , 0
-5.91538e+011 , 8.71823e-008 , 0
-5.92104e+011 , 8.72656e-008 , 0
-5.92669e+011 , 8.7349e-008 , 0
-5.93235e+011 , 8.74323e-008 , 0
-5.938e+011 , 8.75157e-008 , 0
-5.94366e+011 , 8.7599e-008 , 0
-5.94931e+011 , 8.76824e-008 , 0
-5.95497e+011 , 8.77657e-008 , 0
-5.96062e+011 , 8.78491e-008 , 0
-5.96628e+011 , 8.79324e-008 , 0
-5.97194e+011 , 8.80158e-008 , 0
-5.97759e+011 , 8.80991e-008 , 0
-5.98325e+011 , 8.81824e-008 , 0
-5.9889e+011 , 8.82658e-008 , 0
-5.99456e+011 , 8.83491e-008 , 0
-6.00021e+011 , 8.84325e-008 , 0
-6.00587e+011 , 8.85158e-008 , 0
-6.01152e+011 , 8.85992e-008 , 0
-6.01718e+011 , 8.86825e-008 , 0
-6.02283e+011 , 8.87659e-008 , 0
-6.02849e+011 , 8.88492e-008 , 0
-6.03414e+011 , 8.89326e-008 , 0
-6.0398e+011 , 8.90159e-008 , 0
-6.04545e+011 , 8.90993e-008 , 0
-6.05111e+011 , 8.91826e-008 , 0
-6.05676e+011 , 8.9266e-008 , 0
-6.06242e+011 , 8.93493e-008 , 0
-6.06807e+011 , 8.94327e-008 , 0
-6.07373e+011 , 8.9516e-008 , 0
-6.07938e+011 , 8.95994e-008 , 0
-6.08504e+011 , 8.96827e-008 , 0
-6.0907e+011 , 8.97661e-008 , 0
-6.09635e+011 , 8.98494e-008 , 0
-6.10201e+011 , 8.99328e-008 , 0
-6.10766e+011 , 9.00161e-008 , 0
-6.11332e+011 , 9.00995e-008 , 0
-6.11897e+011 , 9.01828e-008 , 0
-6.12463e+011 , 9.02662e-008 , 0
-6.13028e+011 , 9.03495e-008 , 0
-6.13594e+011 , 9.04328e-008 , 0
-6.14159e+011 , 9.05162e-008 , 0
-6.14725e+011 , 9.05995e-008 , 0
-6.1529e+011 , 9.06829e-008 , 0
-6.15856e+011 , 9.07662e-008 , 0
-6.16421e+011 , 9.08496e-008 , 0
-6.16987e+011 , 9.09329e-008 , 0
-6.17552e+011 , 9.10163e-008 , 0
-6.18118e+011 , 9.10996e-008 , 0
-6.18683e+011 , 9.1183e-008 , 0
-6.19249e+011 , 9.12663e-008 , 0
-6.19815e+011 , 9.13497e-008 , 0
-6.2038e+011 , 9.1433e-008 , 0
-6.20946e+011 , 9.15164e-008 , 0
-6.21511e+011 , 9.15997e-008 , 0
-6.22077e+011 , 9.16831e-008 , 0
-6.22642e+011 , 9.17664e-008 , 0
-6.23208e+011 , 9.18498e-008 , 0
-6.23773e+011 , 9.19331e-008 , 0
-6.24339e+011 , 9.20165e-008 , 0
-6.24904e+011 , 9.20998e-008 , 0
-6.2547e+011 , 9.21832e-008 , 0
-6.26035e+011 , 9.22665e-008 , 0
-6.26601e+011 , 9.23499e-008 , 0
-6.27166e+011 , 9.24332e-008 , 0
-6.27732e+011 , 9.25166e-008 , 0
-6.28297e+011 , 9.25999e-008 , 0
-6.28863e+011 , 9.26833e-008 , 0
-6.29428e+011 , 9.27666e-008 , 0
-6.29994e+011 , 9.28499e-008 , 0
-6.30559e+011 , 9.29333e-008 , 0
-6.31125e+011 , 9.30166e-008 , 0
-6.31691e+011 , 9.31e-008 , 0
-6.32256e+011 , 9.31833e-008 , 0
-6.32822e+011 , 9.32667e-008 , 0
-6.33387e+011 , 9.335e-008 , 0
-6.33953e+011 , 9.34334e-008 , 0
-6.34518e+011 , 9.35167e-008 , 0
-6.35084e+011 , 9.36001e-008 , 0
-6.35649e+011 , 9.36834e-008 , 0
-6.36215e+011 , 9.37668e-008 , 0
-6.3678e+011 , 9.38501e-008 , 0
-6.37346e+011 , 9.39335e-008 , 0
-6.37911e+011 , 9.40168e-008 , 0
-6.38477e+011 , 9.41002e-008 , 0
-6.39042e+011 , 9.41835e-008 , 0
-6.39608e+011 , 9.42669e-008 , 0
-6.40173e+011 , 9.43502e-008 , 0
-6.40739e+011 , 9.44336e-008 , 0
-6.41304e+011 , 9.45169e-008 , 0
-6.4187e+011 , 9.46003e-008 , 0
-6.42435e+011 , 9.46836e-008 , 0
-6.43001e+011 , 9.4767e-008 , 0
-6.43567e+011 , 9.48503e-008 , 0
-6.44132e+011 , 9.49337e-008 , 0
-6.44698e+011 , 9.5017e-008 , 0
-6.45263e+011 , 9.51004e-008 , 0
-6.45829e+011 , 9.51837e-008 , 0
-6.46394e+011 , 9.5267e-008 , 0
-6.4696e+011 , 9.53504e-008 , 0
-6.47525e+011 , 9.54337e-008 , 0
-6.48091e+011 , 9.55171e-008 , 0
-6.48656e+011 , 9.56004e-008 , 0
-6.49222e+011 , 9.56838e-008 , 0
-6.49787e+011 , 9.57671e-008 , 0
-6.50353e+011 , 9.58505e-008 , 0
-6.50918e+011 , 9.59338e-008 , 0
-6.51484e+011 , 9.60172e-008 , 0
-6.52049e+011 , 9.61005e-008 , 0
-6.52615e+011 , 9.61839e-008 , 0
-6.5318e+011 , 9.62672e-008 , 0
-6.53746e+011 , 9.63506e-008 , 0
-6.54311e+011 , 9.64339e-008 , 0
-6.54877e+011 , 9.65173e-008 , 0
-6.55443e+011 , 9.66006e-008 , 0
-6.56008e+011 , 9.6684e-008 , 0
-6.56574e+011 , 9.67673e-008 , 0
-6.57139e+011 , 9.68507e-008 , 0
-6.57705e+011 , 9.6934e-008 , 0
-6.5827e+011 , 9.70174e-008 , 0
-6.58836e+011 , 9.71007e-008 , 0
-6.59401e+011 , 9.71841e-008 , 0
-6.59967e+011 , 9.72674e-008 , 0
-6.60532e+011 , 9.73508e-008 , 0
-6.61098e+011 , 9.74341e-008 , 0
-6.61663e+011 , 9.75175e-008 , 0
-6.62229e+011 , 9.76008e-008 , 0
-6.62794e+011 , 9.76841e-008 , 0
-6.6336e+011 , 9.77675e-008 , 0
-6.63925e+011 , 9.78508e-008 , 0
-6.64491e+011 , 9.79342e-008 , 0
-6.65056e+011 , 9.80175e-008 , 0
-6.65622e+011 , 9.81009e-008 , 0
-6.66187e+011 , 9.81842e-008 , 0
-6.66753e+011 , 9.82676e-008 , 0
-6.67319e+011 , 9.83509e-008 , 0
-6.67884e+011 , 9.84343e-008 , 0
-6.6845e+011 , 9.85176e-008 , 0
-6.69015e+011 , 9.8601e-008 , 0
-6.69581e+011 , 9.86843e-008 , 0
-6.70146e+011 , 9.87677e-008 , 0
-6.70712e+011 , 9.8851e-008 , 0
-6.71277e+011 , 9.89344e-008 , 0
-6.71843e+011 , 9.90177e-008 , 0
-6.72408e+011 , 9.91011e-008 , 0
-6.72974e+011 , 9.91844e-008 , 0
-6.73539e+011 , 9.92678e-008 , 0
-6.74105e+011 , 9.93511e-008 , 0
-6.7467e+011 , 9.94345e-008 , 0
-6.75236e+011 , 9.95178e-008 , 0
-6.75801e+011 , 9.96012e-008 , 0
-6.76367e+011 , 9.96845e-008 , 0
-6.76932e+011 , 9.97679e-008 , 0
-6.77498e+011 , 9.98512e-008 , 0
-6.78063e+011 , 9.99345e-008 , 0
-6.78629e+011 , 1.00018e-007 , 0
-6.79195e+011 , 1.00101e-007 , 0
-6.7976e+011 , 1.00185e-007 , 0
-6.80326e+011 , 1.00268e-007 , 0
-6.80891e+011 , 1.00351e-007 , 0
-6.81457e+011 , 1.00435e-007 , 0
-6.82022e+011 , 1.00518e-007 , 0
-6.82588e+011 , 1.00601e-007 , 0
-6.83153e+011 , 1.00685e-007 , 0
-6.83719e+011 , 1.00768e-007 , 0
-6.84284e+011 , 1.00851e-007 , 0
-6.8485e+011 , 1.00935e-007 , 0
-6.85415e+011 , 1.01018e-007 , 0
-6.85981e+011 , 1.01101e-007 , 0
-6.86546e+011 , 1.01185e-007 , 0
-6.87112e+011 , 1.01268e-007 , 0
-6.87677e+011 , 1.01351e-007 , 0
-6.88243e+011 , 1.01435e-007 , 0
-6.88808e+011 , 1.01518e-007 , 0
-6.89374e+011 , 1.01602e-007 , 0
-6.8994e+011 , 1.01685e-007 , 0
-6.90505e+011 , 1.01768e-007 , 0
-6.91071e+011 , 1.01852e-007 , 0
-6.91636e+011 , 1.01935e-007 , 0
-6.92202e+011 , 1.02018e-007 , 0
-6.92767e+011 , 1.02102e-007 , 0
-6.93333e+011 , 1.02185e-007 , 0
-6.93898e+011 , 1.02268e-007 , 0
-6.94464e+011 , 1.02352e-007 , 0
-6.95029e+011 , 1.02435e-007 , 0
-6.95595e+011 , 1.02518e-007 , 0
-6.9616e+011 , 1.02602e-007 , 0
-6.96726e+011 , 1.02685e-007 , 0
-6.97291e+011 , 1.02768e-007 , 0
-6.97857e+011 , 1.02852e-007 , 0
-6.98422e+011 , 1.02935e-007 , 0
-6.98988e+011 , 1.03018e-007 , 0
-6.99553e+011 , 1.03102e-007 , 0
-7.00119e+011 , 1.03185e-007 , 0
-7.00684e+011 , 1.03268e-007 , 0
-7.0125e+011 , 1.03352e-007 , 0
-7.01816e+011 , 1.03435e-007 , 0
-7.02381e+011 , 1.03519e-007 , 0
-7.02947e+011 , 1.03602e-007 , 0
-7.03512e+011 , 1.03685e-007 , 0
-7.04078e+011 , 1.03769e-007 , 0
-7.04643e+011 , 1.03852e-007 , 0
-7.05209e+011 , 1.03935e-007 , 0
-7.05774e+011 , 1.04019e-007 , 0
-7.0634e+011 , 1.04102e-007 , 0
-7.06905e+011 , 1.04185e-007 , 0
-7.07471e+011 , 1.04269e-007 , 0
-7.08036e+011 , 1.04352e-007 , 0
-7.08602e+011 , 1.04435e-007 , 0
-7.09167e+011 , 1.04519e-007 , 0
-7.09733e+011 , 1.04602e-007 , 0
-7.10298e+011 , 1.04685e-007 , 0
-7.10864e+011 , 1.04769e-007 , 0
-7.11429e+011 , 1.04852e-007 , 0
-7.11995e+011 , 1.04935e-007 , 0
-7.1256e+011 , 1.05019e-007 , 0
-7.13126e+011 , 1.05102e-007 , 0
-7.13692e+011 , 1.05185e-007 , 0
-7.14257e+011 , 1.05269e-007 , 0
-7.14823e+011 , 1.05352e-007 , 0
-7.15388e+011 , 1.05436e-007 , 0
-7.15954e+011 , 1.05519e-007 , 0
-7.16519e+011 , 1.05602e-007 , 0
-7.17085e+011 , 1.05686e-007 , 0
-7.1765e+011 , 1.05769e-007 , 0
-7.18216e+011 , 1.05852e-007 , 0
-7.18781e+011 , 1.05936e-007 , 0
-7.19347e+011 , 1.06019e-007 , 0
-7.19912e+011 , 1.06102e-007 , 0
-7.20478e+011 , 1.06186e-007 , 0
-7.21043e+011 , 1.06269e-007 , 0
-7.21609e+011 , 1.06352e-007 , 0
-7.22174e+011 , 1.06436e-007 , 0
-7.2274e+011 , 1.06519e-007 , 0
-7.23305e+011 , 1.06602e-007 , 0
-7.23871e+011 , 1.06686e-007 , 0
-7.24436e+011 , 1.06769e-007 , 0
-7.25002e+011 , 1.06852e-007 , 0
-7.25568e+011 , 1.06936e-007 , 0
-7.26133e+011 , 1.07019e-007 , 0
-7.26699e+011 , 1.07102e-007 , 0
-7.27264e+011 , 1.07186e-007 , 0
-7.2783e+011 , 1.07269e-007 , 0
-7.28395e+011 , 1.07353e-007 , 0
-7.28961e+011 , 1.07436e-007 , 0
-7.29526e+011 , 1.07519e-007 , 0
-7.30092e+011 , 1.07603e-007 , 0
-7.30657e+011 , 1.07686e-007 , 0
-7.31223e+011 , 1.07769e-007 , 0
-7.31788e+011 , 1.07853e-007 , 0
-7.32354e+011 , 1.07936e-007 , 0
-7.32919e+011 , 1.08019e-007 , 0
-7.33485e+011 , 1.08103e-007 , 0
-7.3405e+011 , 1.08186e-007 , 0
-7.34616e+011 , 1.08269e-007 , 0
-7.35181e+011 , 1.08353e-007 , 0
-7.35747e+011 , 1.08436e-007 , 0
-7.36312e+011 , 1.08519e-007 , 0
-7.36878e+011 , 1.08603e-007 , 0
-7.37444e+011 , 1.08686e-007 , 0
-7.38009e+011 , 1.08769e-007 , 0
-7.38575e+011 , 1.08853e-007 , 0
-7.3914e+011 , 1.08936e-007 , 0
-7.39706e+011 , 1.0902e-007 , 0
-7.40271e+011 , 1.09103e-007 , 0
-7.40837e+011 , 1.09186e-007 , 0
-7.41402e+011 , 1.0927e-007 , 0
-7.41968e+011 , 1.09353e-007 , 0
-7.42533e+011 , 1.09436e-007 , 0
-7.43099e+011 , 1.0952e-007 , 0
-7.43664e+011 , 1.09603e-007 , 0
-7.4423e+011 , 1.09686e-007 , 0
-7.44795e+011 , 1.0977e-007 , 0
-7.45361e+011 , 1.09853e-007 , 0
-7.45926e+011 , 1.09936e-007 , 0
-7.46492e+011 , 1.1002e-007 , 0
-7.47057e+011 , 1.10103e-007 , 0
-7.47623e+011 , 1.10186e-007 , 0
-7.48188e+011 , 1.1027e-007 , 0
-7.48754e+011 , 1.10353e-007 , 0
-7.4932e+011 , 1.10436e-007 , 0
-7.49885e+011 , 1.1052e-007 , 0
-7.50451e+011 , 1.10603e-007 , 0
-7.51016e+011 , 1.10686e-007 , 0
-7.51582e+011 , 1.1077e-007 , 0
-7.52147e+011 , 1.10853e-007 , 0
-7.52713e+011 , 1.10937e-007 , 0
-7.53278e+011 , 1.1102e-007 , 0
-7.53844e+011 , 1.11103e-007 , 0
-7.54409e+011 , 1.11187e-007 , 0
-7.54975e+011 , 1.1127e-007 , 0
-7.5554e+011 , 1.11353e-007 , 0
-7.56106e+011 , 1.11437e-007 , 0
-7.56671e+011 , 1.1152e-007 , 0
-7.57237e+011 , 1.11603e-007 , 0
-7.57802e+011 , 1.11687e-007 , 0
-7.58368e+011 , 1.1177e-007 , 0
-7.58933e+011 , 1.11853e-007 , 0
-7.59499e+011 , 1.11937e-007 , 0
-7.60064e+011 , 1.1202e-007 , 0
-7.6063e+011 , 1.12103e-007 , 0
-7.61196e+011 , 1.12187e-007 , 0
-7.61761e+011 , 1.1227e-007 , 0
-7.62327e+011 , 1.12353e-007 , 0
-7.62892e+011 , 1.12437e-007 , 0
-7.63458e+011 , 1.1252e-007 , 0
-7.64023e+011 , 1.12603e-007 , 0
-7.64589e+011 , 1.12687e-007 , 0
-7.65154e+011 , 1.1277e-007 , 0
-7.6572e+011 , 1.12854e-007 , 0
-7.66285e+011 , 1.12937e-007 , 0
-7.66851e+011 , 1.1302e-007 , 0
-7.67416e+011 , 1.13104e-007 , 0
-7.67982e+011 , 1.13187e-007 , 0
-7.68547e+011 , 1.1327e-007 , 0
-7.69113e+011 , 1.13354e-007 , 0
-7.69678e+011 , 1.13437e-007 , 0
-7.70244e+011 , 1.1352e-007 , 0
-7.70809e+011 , 1.13604e-007 , 0
-7.71375e+011 , 1.13687e-007 , 0
-7.71941e+011 , 1.1377e-007 , 0
-7.72506e+011 , 1.13854e-007 , 0
-7.73072e+011 , 1.13937e-007 , 0
-7.73637e+011 , 1.1402e-007 , 0
-7.74203e+011 , 1.14104e-007 , 0
-7.74768e+011 , 1.14187e-007 , 0
-7.75334e+011 , 1.1427e-007 , 0
-7.75899e+011 , 1.14354e-007 , 0
-7.76465e+011 , 1.14437e-007 , 0
-7.7703e+011 , 1.1452e-007 , 0
-7.77596e+011 , 1.14604e-007 , 0
-7.78161e+011 , 1.14687e-007 , 0
-7.78727e+011 , 1.14771e-007 , 0
-7.79292e+011 , 1.14854e-007 , 0
-7.79858e+011 , 1.14937e-007 , 0
-7.80423e+011 , 1.15021e-007 , 0
-7.80989e+011 , 1.15104e-007 , 0
-7.81554e+011 , 1.15187e-007 , 0
-7.8212e+011 , 1.15271e-007 , 0
-7.82685e+011 , 1.15354e-007 , 0
-7.83251e+011 , 1.15437e-007 , 0
-7.83817e+011 , 1.15521e-007 , 0
-7.84382e+011 , 1.15604e-007 , 0
-7.84948e+011 , 1.15687e-007 , 0
-7.85513e+011 , 1.15771e-007 , 0
-7.86079e+011 , 1.15854e-007 , 0
-7.86644e+011 , 1.15937e-007 , 0
-7.8721e+011 , 1.16021e-007 , 0
-7.87775e+011 , 1.16104e-007 , 0
-7.88341e+011 , 1.16187e-007 , 0
-7.88906e+011 , 1.16271e-007 , 0
-7.89472e+011 , 1.16354e-007 , 0
-7.90037e+011 , 1.16438e-007 , 0
-7.90603e+011 , 1.16521e-007 , 0
-7.91168e+011 , 1.16604e-007 , 0
-7.91734e+011 , 1.16688e-007 , 0
-7.92299e+011 , 1.16771e-007 , 0
-7.92865e+011 , 1.16854e-007 , 0
-7.9343e+011 , 1.16938e-007 , 0
-7.93996e+011 , 1.17021e-007 , 0
-7.94561e+011 , 1.17104e-007 , 0
-7.95127e+011 , 1.17188e-007 , 0
-7.95693e+011 , 1.17271e-007 , 0
-7.96258e+011 , 1.17354e-007 , 0
-7.96824e+011 , 1.17438e-007 , 0
-7.97389e+011 , 1.17521e-007 , 0
-7.97955e+011 , 1.17604e-007 , 0
-7.9852e+011 , 1.17688e-007 , 0
-7.99086e+011 , 1.17771e-007 , 0
-7.99651e+011 , 1.17854e-007 , 0
-8.00217e+011 , 1.17938e-007 , 0
-8.00782e+011 , 1.18021e-007 , 0
-8.01348e+011 , 1.18104e-007 , 0
-8.01913e+011 , 1.18188e-007 , 0
-8.02479e+011 , 1.18271e-007 , 0
-8.03044e+011 , 1.18355e-007 , 0
-8.0361e+011 , 1.18438e-007 , 0
-8.04175e+011 , 1.18521e-007 , 0
-8.04741e+011 , 1.18605e-007 , 0
-8.05306e+011 , 1.18688e-007 , 0
-8.05872e+011 , 1.18771e-007 , 0
-8.06437e+011 , 1.18855e-007 , 0
-8.07003e+011 , 1.18938e-007 , 0
-8.07569e+011 , 1.19021e-007 , 0
-8.08134e+011 , 1.19105e-007 , 0
-8.087e+011 , 1.19188e-007 , 0
-8.09265e+011 , 1.19271e-007 , 0
-8.09831e+011 , 1.19355e-007 , 0
-8.10396e+011 , 1.19438e-007 , 0
-8.10962e+011 , 1.19521e-007 , 0
-8.11527e+011 , 1.19605e-007 , 0
-8.12093e+011 , 1.19688e-007 , 0
-8.12658e+011 , 1.19771e-007 , 0
-8.13224e+011 , 1.19855e-007 , 0
-8.13789e+011 , 1.19938e-007 , 0
-8.14355e+011 , 1.20021e-007 , 0
-8.1492e+011 , 1.20105e-007 , 0
-8.15486e+011 , 1.20188e-007 , 0
-8.16051e+011 , 1.20272e-007 , 0
-8.16617e+011 , 1.20355e-007 , 0
-8.17182e+011 , 1.20438e-007 , 0
-8.17748e+011 , 1.20522e-007 , 0
-8.18313e+011 , 1.20605e-007 , 0
-8.18879e+011 , 1.20688e-007 , 0
-8.19445e+011 , 1.20772e-007 , 0
-8.2001e+011 , 1.20855e-007 , 0
-8.20576e+011 , 1.20938e-007 , 0
-8.21141e+011 , 1.21022e-007 , 0
-8.21707e+011 , 1.21105e-007 , 0
-8.22272e+011 , 1.21188e-007 , 0
-8.22838e+011 , 1.21272e-007 , 0
-8.23403e+011 , 1.21355e-007 , 0
-8.23969e+011 , 1.21438e-007 , 0
-8.24534e+011 , 1.21522e-007 , 0
-8.251e+011 , 1.21605e-007 , 0
-8.25665e+011 , 1.21688e-007 , 0
-8.26231e+011 , 1.21772e-007 , 0
-8.26796e+011 , 1.21855e-007 , 0
-8.27362e+011 , 1.21938e-007 , 0
-8.27927e+011 , 1.22022e-007 , 0
-8.28493e+011 , 1.22105e-007 , 0
-8.29058e+011 , 1.22189e-007 , 0
-8.29624e+011 , 1.22272e-007 , 0
-8.30189e+011 , 1.22355e-007 , 0
-8.30755e+011 , 1.22439e-007 , 0
-8.31321e+011 , 1.22522e-007 , 0
-8.31886e+011 , 1.22605e-007 , 0
-8.32452e+011 , 1.22689e-007 , 0
-8.33017e+011 , 1.22772e-007 , 0
-8.33583e+011 , 1.22855e-007 , 0
-8.34148e+011 , 1.22939e-007 , 0
-8.34714e+011 , 1.23022e-007 , 0
-8.35279e+011 , 1.23105e-007 , 0
-8.35845e+011 , 1.23189e-007 , 0
-8.3641e+011 , 1.23272e-007 , 0
-8.36976e+011 , 1.23355e-007 , 0
-8.37541e+011 , 1.23439e-007 , 0
-8.38107e+011 , 1.23522e-007 , 0
-8.38672e+011 , 1.23605e-007 , 0
-8.39238e+011 , 1.23689e-007 , 0
-8.39803e+011 , 1.23772e-007 , 0
-8.40369e+011 , 1.23855e-007 , 0
-8.40934e+011 , 1.23939e-007 , 0
-8.415e+011 , 1.24022e-007 , 0
-8.42066e+011 , 1.24106e-007 , 0
-8.42631e+011 , 1.24189e-007 , 0
-8.43197e+011 , 1.24272e-007 , 0
-8.43762e+011 , 1.24356e-007 , 0
-8.44328e+011 , 1.24439e-007 , 0
-8.44893e+011 , 1.24522e-007 , 0
-8.45459e+011 , 1.24606e-007 , 0
-8.46024e+011 , 1.24689e-007 , 0
-8.4659e+011 , 1.24772e-007 , 0
-8.47155e+011 , 1.24856e-007 , 0
-8.47721e+011 , 1.24939e-007 , 0
-8.48286e+011 , 1.25022e-007 , 0
-8.48852e+011 , 1.25106e-007 , 0
-8.49417e+011 , 1.25189e-007 , 0
-8.49983e+011 , 1.25272e-007 , 0
-8.50548e+011 , 1.25356e-007 , 0
-8.51114e+011 , 1.25439e-007 , 0
-8.51679e+011 , 1.25522e-007 , 0
-8.52245e+011 , 1.25606e-007 , 0
-8.5281e+011 , 1.25689e-007 , 0
-8.53376e+011 , 1.25773e-007 , 0
-8.53942e+011 , 1.25856e-007 , 0
-8.54507e+011 , 1.25939e-007 , 0
-8.55073e+011 , 1.26023e-007 , 0
-8.55638e+011 , 1.26106e-007 , 0
-8.56204e+011 , 1.26189e-007 , 0
-8.56769e+011 , 1.26273e-007 , 0
-8.57335e+011 , 1.26356e-007 , 0
-8.579e+011 , 1.26439e-007 , 0
-8.58466e+011 , 1.26523e-007 , 0
-8.59031e+011 , 1.26606e-007 , 0
-8.59597e+011 , 1.26689e-007 , 0
-8.60162e+011 , 1.26773e-007 , 0
-8.60728e+011 , 1.26856e-007 , 0
-8.61293e+011 , 1.26939e-007 , 0
-8.61859e+011 , 1.27023e-007 , 0
-8.62424e+011 , 1.27106e-007 , 0
-8.6299e+011 , 1.27189e-007 , 0
-8.63555e+011 , 1.27273e-007 , 0
-8.64121e+011 , 1.27356e-007 , 0
-8.64686e+011 , 1.27439e-007 , 0
-8.65252e+011 , 1.27523e-007 , 0
-8.65818e+011 , 1.27606e-007 , 0
-8.66383e+011 , 1.2769e-007 , 0
-8.66949e+011 , 1.27773e-007 , 0
-8.67514e+011 , 1.27856e-007 , 0
-8.6808e+011 , 1.2794e-007 , 0
-8.68645e+011 , 1.28023e-007 , 0
-8.69211e+011 , 1.28106e-007 , 0
-8.69776e+011 , 1.2819e-007 , 0
-8.70342e+011 , 1.28273e-007 , 0
-8.70907e+011 , 1.28356e-007 , 0
-8.71473e+011 , 1.2844e-007 , 0
-8.72038e+011 , 1.28523e-007 , 0
-8.72604e+011 , 1.28606e-007 , 0
-8.73169e+011 , 1.2869e-007 , 0
-8.73735e+011 , 1.28773e-007 , 0
-8.743e+011 , 1.28856e-007 , 0
-8.74866e+011 , 1.2894e-007 , 0
-8.75431e+011 , 1.29023e-007 , 0
-8.75997e+011 , 1.29106e-007 , 0
-8.76562e+011 , 1.2919e-007 , 0
-8.77128e+011 , 1.29273e-007 , 0
-8.77694e+011 , 1.29356e-007 , 0
-8.78259e+011 , 1.2944e-007 , 0
-8.78825e+011 , 1.29523e-007 , 0
-8.7939e+011 , 1.29607e-007 , 0
-8.79956e+011 , 1.2969e-007 , 0
-8.80521e+011 , 1.29773e-007 , 0
-8.81087e+011 , 1.29857e-007 , 0
-8.81652e+011 , 1.2994e-007 , 0
-8.82218e+011 , 1.30023e-007 , 0
-8.82783e+011 , 1.30107e-007 , 0
-8.83349e+011 , 1.3019e-007 , 0
-8.83914e+011 , 1.30273e-007 , 0
-8.8448e+011 , 1.30357e-007 , 0
-8.85045e+011 , 1.3044e-007 , 0
-8.85611e+011 , 1.30523e-007 , 0
-8.86176e+011 , 1.30607e-007 , 0
-8.86742e+011 , 1.3069e-007 , 0
-8.87307e+011 , 1.30773e-007 , 0
-8.87873e+011 , 1.30857e-007 , 0
-8.88438e+011 , 1.3094e-007 , 0
-8.89004e+011 , 1.31023e-007 , 0
-8.8957e+011 , 1.31107e-007 , 0
-8.90135e+011 , 1.3119e-007 , 0
-8.90701e+011 , 1.31273e-007 , 0
-8.91266e+011 , 1.31357e-007 , 0
-8.91832e+011 , 1.3144e-007 , 0
-8.92397e+011 , 1.31524e-007 , 0
-8.92963e+011 , 1.31607e-007 , 0
-8.93528e+011 , 1.3169e-007 , 0
-8.94094e+011 , 1.31774e-007 , 0
-8.94659e+011 , 1.31857e-007 , 0
-8.95225e+011 , 1.3194e-007 , 0
-8.9579e+011 , 1.32024e-007 , 0
-8.96356e+011 , 1.32107e-007 , 0
-8.96921e+011 , 1.3219e-007 , 0
-8.97487e+011 , 1.32274e-007 , 0
-8.98052e+011 , 1.32357e-007 , 0
-8.98618e+011 , 1.3244e-007 , 0
-8.99183e+011 , 1.32524e-007 , 0
-8.99749e+011 , 1.32607e-007 , 0
-9.00314e+011 , 1.3269e-007 , 0
-9.0088e+011 , 1.32774e-007 , 0
-9.01446e+011 , 1.32857e-007 , 0
-9.02011e+011 , 1.3294e-007 , 0
-9.02577e+011 , 1.33024e-007 , 0
-9.03142e+011 , 1.33107e-007 , 0
-9.03708e+011 , 1.33191e-007 , 0
-9.04273e+011 , 1.33274e-007 , 0
-9.04839e+011 , 1.33357e-007 , 0
-9.05404e+011 , 1.33441e-007 , 0
-9.0597e+011 , 1.33524e-007 , 0
-9.06535e+011 , 1.33607e-007 , 0
-9.07101e+011 , 1.33691e-007 , 0
-9.07666e+011 , 1.33774e-007 , 0
-9.08232e+011 , 1.33857e-007 , 0
-9.08797e+011 , 1.33941e-007 , 0
-9.09363e+011 , 1.34024e-007 , 0
-9.09928e+011 , 1.34107e-007 , 0
-9.10494e+011 , 1.34191e-007 , 0
-9.11059e+011 , 1.34274e-007 , 0
-9.11625e+011 , 1.34357e-007 , 0
-9.12191e+011 , 1.34441e-007 , 0
-9.12756e+011 , 1.34524e-007 , 0
-9.13322e+011 , 1.34607e-007 , 0
-9.13887e+011 , 1.34691e-007 , 0
-9.14453e+011 , 1.34774e-007 , 0
-9.15018e+011 , 1.34857e-007 , 0
-9.15584e+011 , 1.34941e-007 , 0
-9.16149e+011 , 1.35024e-007 , 0
-9.16715e+011 , 1.35108e-007 , 0
-9.1728e+011 , 1.35191e-007 , 0
-9.17846e+011 , 1.35274e-007 , 0
-9.18411e+011 , 1.35358e-007 , 0
-9.18977e+011 , 1.35441e-007 , 0
-9.19542e+011 , 1.35524e-007 , 0
-9.20108e+011 , 1.35608e-007 , 0
-9.20673e+011 , 1.35691e-007 , 0
-9.21239e+011 , 1.35774e-007 , 0
-9.21804e+011 , 1.35858e-007 , 0
-9.2237e+011 , 1.35941e-007 , 0
-9.22935e+011 , 1.36024e-007 , 0
-9.23501e+011 , 1.36108e-007 , 0
-9.24067e+011 , 1.36191e-007 , 0
-9.24632e+011 , 1.36274e-007 , 0
-9.25198e+011 , 1.36358e-007 , 0
-9.25763e+011 , 1.36441e-007 , 0
-9.26329e+011 , 1.36524e-007 , 0
-9.26894e+011 , 1.36608e-007 , 0
-9.2746e+011 , 1.36691e-007 , 0
-9.28025e+011 , 1.36774e-007 , 0
-9.28591e+011 , 1.36858e-007 , 0
-9.29156e+011 , 1.36941e-007 , 0
-9.29722e+011 , 1.37025e-007 , 0
-9.30287e+011 , 1.37108e-007 , 0
-9.30853e+011 , 1.37191e-007 , 0
-9.31418e+011 , 1.37275e-007 , 0
-9.31984e+011 , 1.37358e-007 , 0
-9.32549e+011 , 1.37441e-007 , 0
-9.33115e+011 , 1.37525e-007 , 0
-9.3368e+011 , 1.37608e-007 , 0
-9.34246e+011 , 1.37691e-007 , 0
-9.34811e+011 , 1.37775e-007 , 0
-9.35377e+011 , 1.37858e-007 , 0
-9.35943e+011 , 1.37941e-007 , 0
-9.36508e+011 , 1.38025e-007 , 0
-9.37074e+011 , 1.38108e-007 , 0
-9.37639e+011 , 1.38191e-007 , 0
-9.38205e+011 , 1.38275e-007 , 0
-9.3877e+011 , 1.38358e-007 , 0
-9.39336e+011 , 1.38441e-007 , 0
-9.39901e+011 , 1.38525e-007 , 0
-9.40467e+011 , 1.38608e-007 , 0
-9.41032e+011 , 1.38691e-007 , 0
-9.41598e+011 , 1.38775e-007 , 0
-9.42163e+011 , 1.38858e-007 , 0
-9.42729e+011 , 1.38942e-007 , 0
-9.43294e+011 , 1.39025e-007 , 0
-9.4386e+011 , 1.39108e-007 , 0
-9.44425e+011 , 1.39192e-007 , 0
-9.44991e+011 , 1.39275e-007 , 0
-9.45556e+011 , 1.39358e-007 , 0
-9.46122e+011 , 1.39442e-007 , 0
-9.46687e+011 , 1.39525e-007 , 0
-9.47253e+011 , 1.39608e-007 , 0
-9.47819e+011 , 1.39692e-007 , 0
-9.48384e+011 , 1.39775e-007 , 0
-9.4895e+011 , 1.39858e-007 , 0
-9.49515e+011 , 1.39942e-007 , 0
-9.50081e+011 , 1.40025e-007 , 0
-9.50646e+011 , 1.40108e-007 , 0
-9.51212e+011 , 1.40192e-007 , 0
-9.51777e+011 , 1.40275e-007 , 0
-9.52343e+011 , 1.40358e-007 , 0
-9.52908e+011 , 1.40442e-007 , 0
-9.53474e+011 , 1.40525e-007 , 0
-9.54039e+011 , 1.40608e-007 , 0
-9.54605e+011 , 1.40692e-007 , 0
-9.5517e+011 , 1.40775e-007 , 0
-9.55736e+011 , 1.40859e-007 , 0
-9.56301e+011 , 1.40942e-007 , 0
-9.56867e+011 , 1.41025e-007 , 0
-9.57432e+011 , 1.41109e-007 , 0
-9.57998e+011 , 1.41192e-007 , 0
-9.58563e+011 , 1.41275e-007 , 0
-9.59129e+011 , 1.41359e-007 , 0
-9.59695e+011 , 1.41442e-007 , 0
-9.6026e+011 , 1.41525e-007 , 0
-9.60826e+011 , 1.41609e-007 , 0
-9.61391e+011 , 1.41692e-007 , 0
-9.61957e+011 , 1.41775e-007 , 0
-9.62522e+011 , 1.41859e-007 , 0
-9.63088e+011 , 1.41942e-007 , 0
-9.63653e+011 , 1.42025e-007 , 0
-9.64219e+011 , 1.42109e-007 , 0
-9.64784e+011 , 1.42192e-007 , 0
-9.6535e+011 , 1.42275e-007 , 0
-9.65915e+011 , 1.42359e-007 , 0
-9.66481e+011 , 1.42442e-007 , 0
-9.67046e+011 , 1.42526e-007 , 0
-9.67612e+011 , 1.42609e-007 , 0
-9.68177e+011 , 1.42692e-007 , 0
-9.68743e+011 , 1.42776e-007 , 0
-9.69308e+011 , 1.42859e-007 , 0
-9.69874e+011 , 1.42942e-007 , 0
-9.70439e+011 , 1.43026e-007 , 0
-9.71005e+011 , 1.43109e-007 , 0
-9.71571e+011 , 1.43192e-007 , 0
-9.72136e+011 , 1.43276e-007 , 0
-9.72702e+011 , 1.43359e-007 , 0
-9.73267e+011 , 1.43442e-007 , 0
-9.73833e+011 , 1.43526e-007 , 0
-9.74398e+011 , 1.43609e-007 , 0
-9.74964e+011 , 1.43692e-007 , 0
-9.75529e+011 , 1.43776e-007 , 0
-9.76095e+011 , 1.43859e-007 , 0
-9.7666e+011 , 1.43942e-007 , 0
-9.77226e+011 , 1.44026e-007 , 0
-9.77791e+011 , 1.44109e-007 , 0
-9.78357e+011 , 1.44192e-007 , 0
-9.78922e+011 , 1.44276e-007 , 0
-9.79488e+011 , 1.44359e-007 , 0
-9.80053e+011 , 1.44443e-007 , 0
-9.80619e+011 , 1.44526e-007 , 0
-9.81184e+011 , 1.44609e-007 , 0
-9.8175e+011 , 1.44693e-007 , 0
-9.82316e+011 , 1.44776e-007 , 0
-9.82881e+011 , 1.44859e-007 , 0
-9.83447e+011 , 1.44943e-007 , 0
-9.84012e+011 , 1.45026e-007 , 0
-9.84578e+011 , 1.45109e-007 , 0
-9.85143e+011 , 1.45193e-007 , 0
-9.85709e+011 , 1.45276e-007 , 0
-9.86274e+011 , 1.45359e-007 , 0
-9.8684e+011 , 1.45443e-007 , 0
-9.87405e+011 , 1.45526e-007 , 0
-9.87971e+011 , 1.45609e-007 , 0
-9.88536e+011 , 1.45693e-007 , 0
-9.89102e+011 , 1.45776e-007 , 0
-9.89667e+011 , 1.45859e-007 , 0
-9.90233e+011 , 1.45943e-007 , 0
-9.90798e+011 , 1.46026e-007 , 0
-9.91364e+011 , 1.46109e-007 , 0
-9.91929e+011 , 1.46193e-007 , 0
-9.92495e+011 , 1.46276e-007 , 0
-9.9306e+011 , 1.4636e-007 , 0
-9.93626e+011 , 1.46443e-007 , 0
-9.94192e+011 , 1.46526e-007 , 0
-9.94757e+011 , 1.4661e-007 , 0
-9.95323e+011 , 1.46693e-007 , 0
-9.95888e+011 , 1.46776e-007 , 0
-9.96454e+011 , 1.4686e-007 , 0
-9.97019e+011 , 1.46943e-007 , 0
-9.97585e+011 , 1.47026e-007 , 0
-9.9815e+011 , 1.4711e-007 , 0
-9.98716e+011 , 1.47193e-007 , 0
-9.99281e+011 , 1.47276e-007 , 0
-9.99847e+011 , 1.4736e-007 , 0
-1.00041e+012 , 1.47443e-007 , 0
-1.00098e+012 , 1.47526e-007 , 0
-1.00154e+012 , 1.4761e-007 , 0
-1.00211e+012 , 1.47693e-007 , 0
-1.00267e+012 , 1.47776e-007 , 0
-1.00324e+012 , 1.4786e-007 , 0
-1.00381e+012 , 1.47943e-007 , 0
-1.00437e+012 , 1.48026e-007 , 0
-1.00494e+012 , 1.4811e-007 , 0
-1.0055e+012 , 1.48193e-007 , 0
-1.00607e+012 , 1.48277e-007 , 0
-1.00663e+012 , 1.4836e-007 , 0
-1.0072e+012 , 1.48443e-007 , 0
-1.00776e+012 , 1.48527e-007 , 0
-1.00833e+012 , 1.4861e-007 , 0
-1.0089e+012 , 1.48693e-007 , 0
-1.00946e+012 , 1.48777e-007 , 0
-1.01003e+012 , 1.4886e-007 , 0
-1.01059e+012 , 1.48943e-007 , 0
-1.01116e+012 , 1.49027e-007 , 0
-1.01172e+012 , 1.4911e-007 , 0
-1.01229e+012 , 1.49193e-007 , 0
-1.01285e+012 , 1.49277e-007 , 0
-1.01342e+012 , 1.4936e-007 , 0
-1.01398e+012 , 1.49443e-007 , 0
-1.01455e+012 , 1.49527e-007 , 0
-1.01512e+012 , 1.4961e-007 , 0
-1.01568e+012 , 1.49693e-007 , 0
-1.01625e+012 , 1.49777e-007 , 0
-1.01681e+012 , 1.4986e-007 , 0
-1.01738e+012 , 1.49943e-007 , 0
-1.01794e+012 , 1.50027e-007 , 0
-1.01851e+012 , 1.5011e-007 , 0
-1.01907e+012 , 1.50194e-007 , 0
-1.01964e+012 , 1.50277e-007 , 0
-1.02021e+012 , 1.5036e-007 , 0
-1.02077e+012 , 1.50444e-007 , 0
-1.02134e+012 , 1.50527e-007 , 0
-1.0219e+012 , 1.5061e-007 , 0
-1.02247e+012 , 1.50694e-007 , 0
-1.02303e+012 , 1.50777e-007 , 0
-1.0236e+012 , 1.5086e-007 , 0
-1.02416e+012 , 1.50944e-007 , 0
-1.02473e+012 , 1.51027e-007 , 0
-1.0253e+012 , 1.5111e-007 , 0
-1.02586e+012 , 1.51194e-007 , 0
-1.02643e+012 , 1.51277e-007 , 0
-1.02699e+012 , 1.5136e-007 , 0
-1.02756e+012 , 1.51444e-007 , 0
-1.02812e+012 , 1.51527e-007 , 0
-1.02869e+012 , 1.5161e-007 , 0
-1.02925e+012 , 1.51694e-007 , 0
-1.02982e+012 , 1.51777e-007 , 0
-1.03039e+012 , 1.51861e-007 , 0
-1.03095e+012 , 1.51944e-007 , 0
-1.03152e+012 , 1.52027e-007 , 0
-1.03208e+012 , 1.52111e-007 , 0
-1.03265e+012 , 1.52194e-007 , 0
-1.03321e+012 , 1.52277e-007 , 0
-1.03378e+012 , 1.52361e-007 , 0
