x , y , z
5.2 , 0 , 0
5.19999 , 0.00754645 , 0
5.19998 , 0.0150929 , 0
5.19996 , 0.0226393 , 0
5.19995 , 0.0301857 , 0
5.19993 , 0.0377322 , 0
5.19991 , 0.0452786 , 0
5.1999 , 0.052825 , 0
5.19988 , 0.0603715 , 0
5.19986 , 0.0679179 , 0
5.19985 , 0.0754643 , 0
5.19983 , 0.0830108 , 0
5.19981 , 0.0905572 , 0
5.1998 , 0.0981036 , 0
5.19978 , 0.10565 , 0
5.19977 , 0.113196 , 0
5.19975 , 0.120743 , 0
5.19973 , 0.128289 , 0
5.19972 , 0.135836 , 0
5.1997 , 0.143382 , 0
5.19968 , 0.150929 , 0
5.19967 , 0.158475 , 0
5.19965 , 0.166022 , 0
5.19963 , 0.173568 , 0
5.19962 , 0.181114 , 0
5.1996 , 0.188661 , 0
5.19959 , 0.196207 , 0
5.19957 , 0.203754 , 0
5.19955 , 0.2113 , 0
5.19954 , 0.218847 , 0
5.19952 , 0.226393 , 0
5.1995 , 0.233939 , 0
5.19949 , 0.241486 , 0
5.19947 , 0.249032 , 0
5.19946 , 0.256579 , 0
5.19944 , 0.264125 , 0
5.19942 , 0.271672 , 0
5.19941 , 0.279218 , 0
5.19939 , 0.286764 , 0
5.19937 , 0.294311 , 0
5.19936 , 0.301857 , 0
5.19934 , 0.309404 , 0
5.19932 , 0.31695 , 0
5.19931 , 0.324497 , 0
5.19929 , 0.332043 , 0
5.19928 , 0.339589 , 0
5.19926 , 0.347136 , 0
5.19924 , 0.354682 , 0
5.19923 , 0.362229 , 0
5.19921 , 0.369775 , 0
5.19919 , 0.377322 , 0
5.19918 , 0.384868 , 0
5.19916 , 0.392414 , 0
5.19914 , 0.399961 , 0
5.19913 , 0.407507 , 0
5.19911 , 0.415054 , 0
5.1991 , 0.4226 , 0
5.19908 , 0.430147 , 0
5.19906 , 0.437693 , 0
5.19905 , 0.44524 , 0
5.19903 , 0.452786 , 0
5.19901 , 0.460332 , 0
5.199 , 0.467879 , 0
5.19898 , 0.475425 , 0
5.19896 , 0.482972 , 0
5.19895 , 0.490518 , 0
5.19893 , 0.498065 , 0
5.19892 , 0.505611 , 0
5.1989 , 0.513157 , 0
5.19888 , 0.520704 , 0
5.19887 , 0.52825 , 0
5.19885 , 0.535797 , 0
5.19883 , 0.543343 , 0
5.19882 , 0.55089 , 0
5.1988 , 0.558436 , 0
5.19878 , 0.565982 , 0
5.19877 , 0.573529 , 0
5.19875 , 0.581075 , 0
5.19874 , 0.588622 , 0
5.19872 , 0.596168 , 0
5.1987 , 0.603715 , 0
5.19869 , 0.611261 , 0
5.19867 , 0.618807 , 0
5.19865 , 0.626354 , 0
5.19864 , 0.6339 , 0
5.19862 , 0.641447 , 0
5.1986 , 0.648993 , 0
5.19859 , 0.65654 , 0
5.19857 , 0.664086 , 0
5.19856 , 0.671633 , 0
5.19854 , 0.679179 , 0
5.19852 , 0.686725 , 0
5.19851 , 0.694272 , 0
5.19849 , 0.701818 , 0
5.19847 , 0.709365 , 0
5.19846 , 0.716911 , 0
5.19844 , 0.724458 , 0
5.19842 , 0.732004 , 0
5.19841 , 0.73955 , 0
5.19839 , 0.747097 , 0
5.19838 , 0.754643 , 0
5.19836 , 0.76219 , 0
5.19834 , 0.769736 , 0
5.19833 , 0.777283 , 0
5.19831 , 0.784829 , 0
5.19829 , 0.792375 , 0
5.19828 , 0.799922 , 0
5.19826 , 0.807468 , 0
5.19824 , 0.815015 , 0
5.19823 , 0.822561 , 0
5.19821 , 0.830108 , 0
5.1982 , 0.837654 , 0
5.19818 , 0.8452 , 0
5.19816 , 0.852747 , 0
5.19815 , 0.860293 , 0
5.19813 , 0.86784 , 0
5.19811 , 0.875386 , 0
5.1981 , 0.882933 , 0
5.19808 , 0.890479 , 0
5.19807 , 0.898026 , 0
5.19805 , 0.905572 , 0
5.19803 , 0.913118 , 0
5.19802 , 0.920665 , 0
5.198 , 0.928211 , 0
5.19798 , 0.935758 , 0
5.19797 , 0.943304 , 0
5.19795 , 0.950851 , 0
5.19793 , 0.958397 , 0
5.19792 , 0.965943 , 0
5.1979 , 0.97349 , 0
5.19789 , 0.981036 , 0
5.19787 , 0.988583 , 0
5.19785 , 0.996129 , 0
5.19784 , 1.00368 , 0
5.19782 , 1.01122 , 0
5.1978 , 1.01877 , 0
5.19779 , 1.02631 , 0
5.19777 , 1.03386 , 0
5.19775 , 1.04141 , 0
5.19774 , 1.04895 , 0
5.19772 , 1.0565 , 0
5.19771 , 1.06405 , 0
5.19769 , 1.07159 , 0
5.19767 , 1.07914 , 0
5.19766 , 1.08669 , 0
5.19764 , 1.09423 , 0
5.19762 , 1.10178 , 0
5.19761 , 1.10933 , 0
5.19759 , 1.11687 , 0
5.19757 , 1.12442 , 0
5.19756 , 1.13196 , 0
5.19754 , 1.13951 , 0
5.19753 , 1.14706 , 0
5.19751 , 1.1546 , 0
5.19749 , 1.16215 , 0
5.19748 , 1.1697 , 0
5.19746 , 1.17724 , 0
5.19744 , 1.18479 , 0
5.19743 , 1.19234 , 0
5.19741 , 1.19988 , 0
5.19739 , 1.20743 , 0
5.19738 , 1.21498 , 0
5.19736 , 1.22252 , 0
5.19735 , 1.23007 , 0
5.19733 , 1.23762 , 0
5.19731 , 1.24516 , 0
5.1973 , 1.25271 , 0
5.19728 , 1.26025 , 0
5.19726 , 1.2678 , 0
5.19725 , 1.27535 , 0
5.19723 , 1.28289 , 0
5.19721 , 1.29044 , 0
5.1972 , 1.29799 , 0
5.19718 , 1.30553 , 0
5.19717 , 1.31308 , 0
5.19715 , 1.32063 , 0
5.19713 , 1.32817 , 0
5.19712 , 1.33572 , 0
5.1971 , 1.34327 , 0
5.19708 , 1.35081 , 0
5.19707 , 1.35836 , 0
5.19705 , 1.3659 , 0
5.19703 , 1.37345 , 0
5.19702 , 1.381 , 0
5.197 , 1.38854 , 0
5.19699 , 1.39609 , 0
5.19697 , 1.40364 , 0
5.19695 , 1.41118 , 0
5.19694 , 1.41873 , 0
5.19692 , 1.42628 , 0
5.1969 , 1.43382 , 0
5.19689 , 1.44137 , 0
5.19687 , 1.44892 , 0
5.19685 , 1.45646 , 0
5.19684 , 1.46401 , 0
5.19682 , 1.47155 , 0
5.19681 , 1.4791 , 0
5.19679 , 1.48665 , 0
5.19677 , 1.49419 , 0
5.19676 , 1.50174 , 0
5.19674 , 1.50929 , 0
5.19672 , 1.51683 , 0
5.19671 , 1.52438 , 0
5.19669 , 1.53193 , 0
5.19667 , 1.53947 , 0
5.19666 , 1.54702 , 0
5.19664 , 1.55457 , 0
5.19663 , 1.56211 , 0
5.19661 , 1.56966 , 0
5.19659 , 1.5772 , 0
5.19658 , 1.58475 , 0
5.19656 , 1.5923 , 0
5.19654 , 1.59984 , 0
5.19653 , 1.60739 , 0
5.19651 , 1.61494 , 0
5.19649 , 1.62248 , 0
5.19648 , 1.63003 , 0
5.19646 , 1.63758 , 0
5.19645 , 1.64512 , 0
5.19643 , 1.65267 , 0
5.19641 , 1.66022 , 0
5.1964 , 1.66776 , 0
5.19638 , 1.67531 , 0
5.19636 , 1.68285 , 0
5.19635 , 1.6904 , 0
5.19633 , 1.69795 , 0
5.19632 , 1.70549 , 0
5.1963 , 1.71304 , 0
5.19628 , 1.72059 , 0
5.19627 , 1.72813 , 0
5.19625 , 1.73568 , 0
5.19623 , 1.74323 , 0
5.19622 , 1.75077 , 0
5.1962 , 1.75832 , 0
5.19618 , 1.76587 , 0
5.19617 , 1.77341 , 0
5.19615 , 1.78096 , 0
5.19614 , 1.7885 , 0
5.19612 , 1.79605 , 0
5.1961 , 1.8036 , 0
5.19609 , 1.81114 , 0
5.19607 , 1.81869 , 0
5.19605 , 1.82624 , 0
5.19604 , 1.83378 , 0
5.19602 , 1.84133 , 0
5.196 , 1.84888 , 0
5.19599 , 1.85642 , 0
5.19597 , 1.86397 , 0
5.19596 , 1.87152 , 0
5.19594 , 1.87906 , 0
5.19592 , 1.88661 , 0
5.19591 , 1.89415 , 0
5.19589 , 1.9017 , 0
5.19587 , 1.90925 , 0
5.19586 , 1.91679 , 0
5.19584 , 1.92434 , 0
5.19582 , 1.93189 , 0
5.19581 , 1.93943 , 0
5.19579 , 1.94698 , 0
5.19578 , 1.95453 , 0
5.19576 , 1.96207 , 0
5.19574 , 1.96962 , 0
5.19573 , 1.97717 , 0
5.19571 , 1.98471 , 0
5.19569 , 1.99226 , 0
5.19568 , 1.9998 , 0
5.19566 , 2.00735 , 0
5.19564 , 2.0149 , 0
5.19563 , 2.02244 , 0
5.19561 , 2.02999 , 0
5.1956 , 2.03754 , 0
5.19558 , 2.04508 , 0
5.19556 , 2.05263 , 0
5.19555 , 2.06018 , 0
5.19553 , 2.06772 , 0
5.19551 , 2.07527 , 0
5.1955 , 2.08282 , 0
5.19548 , 2.09036 , 0
5.19546 , 2.09791 , 0
5.19545 , 2.10546 , 0
5.19543 , 2.113 , 0
5.19542 , 2.12055 , 0
5.1954 , 2.12809 , 0
5.19538 , 2.13564 , 0
5.19537 , 2.14319 , 0
5.19535 , 2.15073 , 0
5.19533 , 2.15828 , 0
5.19532 , 2.16583 , 0
5.1953 , 2.17337 , 0
5.19528 , 2.18092 , 0
5.19527 , 2.18847 , 0
5.19525 , 2.19601 , 0
5.19524 , 2.20356 , 0
5.19522 , 2.21111 , 0
5.1952 , 2.21865 , 0
5.19519 , 2.2262 , 0
5.19517 , 2.23374 , 0
5.19515 , 2.24129 , 0
5.19514 , 2.24884 , 0
5.19512 , 2.25638 , 0
5.1951 , 2.26393 , 0
5.19509 , 2.27148 , 0
5.19507 , 2.27902 , 0
5.19506 , 2.28657 , 0
5.19504 , 2.29412 , 0
5.19502 , 2.30166 , 0
5.19501 , 2.30921 , 0
5.19499 , 2.31676 , 0
5.19497 , 2.3243 , 0
5.19496 , 2.33185 , 0
5.19494 , 2.33939 , 0
5.19492 , 2.34694 , 0
5.19491 , 2.35449 , 0
5.19489 , 2.36203 , 0
5.19488 , 2.36958 , 0
5.19486 , 2.37713 , 0
5.19484 , 2.38467 , 0
5.19483 , 2.39222 , 0
5.19481 , 2.39977 , 0
5.19479 , 2.40731 , 0
5.19478 , 2.41486 , 0
5.19476 , 2.42241 , 0
5.19474 , 2.42995 , 0
5.19473 , 2.4375 , 0
5.19471 , 2.44504 , 0
5.1947 , 2.45259 , 0
5.19468 , 2.46014 , 0
5.19466 , 2.46768 , 0
5.19465 , 2.47523 , 0
5.19463 , 2.48278 , 0
5.19461 , 2.49032 , 0
5.1946 , 2.49787 , 0
5.19458 , 2.50542 , 0
5.19456 , 2.51296 , 0
5.19455 , 2.52051 , 0
5.19453 , 2.52806 , 0
5.19452 , 2.5356 , 0
5.1945 , 2.54315 , 0
5.19448 , 2.55069 , 0
5.19447 , 2.55824 , 0
5.19445 , 2.56579 , 0
5.19443 , 2.57333 , 0
5.19442 , 2.58088 , 0
5.1944 , 2.58843 , 0
5.19438 , 2.59597 , 0
5.19437 , 2.60352 , 0
5.19435 , 2.61107 , 0
5.19434 , 2.61861 , 0
5.19432 , 2.62616 , 0
5.1943 , 2.63371 , 0
5.19429 , 2.64125 , 0
5.19427 , 2.6488 , 0
5.19425 , 2.65634 , 0
5.19424 , 2.66389 , 0
5.19422 , 2.67144 , 0
5.1942 , 2.67898 , 0
5.19419 , 2.68653 , 0
5.19417 , 2.69408 , 0
5.19416 , 2.70162 , 0
5.19414 , 2.70917 , 0
5.19412 , 2.71672 , 0
5.19411 , 2.72426 , 0
5.19409 , 2.73181 , 0
5.19407 , 2.73936 , 0
5.19406 , 2.7469 , 0
5.19404 , 2.75445 , 0
5.19402 , 2.762 , 0
5.19401 , 2.76954 , 0
5.19399 , 2.77709 , 0
5.19398 , 2.78463 , 0
5.19396 , 2.79218 , 0
5.19394 , 2.79973 , 0
5.19393 , 2.80727 , 0
5.19391 , 2.81482 , 0
5.19389 , 2.82237 , 0
5.19388 , 2.82991 , 0
5.19386 , 2.83746 , 0
5.19384 , 2.84501 , 0
5.19383 , 2.85255 , 0
5.19381 , 2.8601 , 0
5.1938 , 2.86765 , 0
5.19378 , 2.87519 , 0
5.19376 , 2.88274 , 0
5.19375 , 2.89028 , 0
5.19373 , 2.89783 , 0
5.19371 , 2.90538 , 0
5.1937 , 2.91292 , 0
5.19368 , 2.92047 , 0
5.19366 , 2.92802 , 0
5.19365 , 2.93556 , 0
5.19363 , 2.94311 , 0
5.19362 , 2.95066 , 0
5.1936 , 2.9582 , 0
5.19358 , 2.96575 , 0
5.19357 , 2.9733 , 0
5.19355 , 2.98084 , 0
5.19353 , 2.98839 , 0
5.19352 , 2.99593 , 0
5.1935 , 3.00348 , 0
5.19348 , 3.01103 , 0
5.19347 , 3.01857 , 0
5.19345 , 3.02612 , 0
5.19344 , 3.03367 , 0
5.19342 , 3.04121 , 0
5.1934 , 3.04876 , 0
5.19339 , 3.05631 , 0
5.19337 , 3.06385 , 0
5.19335 , 3.0714 , 0
5.19334 , 3.07895 , 0
5.19332 , 3.08649 , 0
5.19331 , 3.09404 , 0
5.19329 , 3.10158 , 0
5.19327 , 3.10913 , 0
5.19326 , 3.11668 , 0
5.19324 , 3.12422 , 0
5.19322 , 3.13177 , 0
5.19321 , 3.13932 , 0
5.19319 , 3.14686 , 0
5.19317 , 3.15441 , 0
5.19316 , 3.16196 , 0
5.19314 , 3.1695 , 0
5.19313 , 3.17705 , 0
5.19311 , 3.1846 , 0
5.19309 , 3.19214 , 0
5.19308 , 3.19969 , 0
5.19306 , 3.20723 , 0
5.19304 , 3.21478 , 0
5.19303 , 3.22233 , 0
5.19301 , 3.22987 , 0
5.19299 , 3.23742 , 0
5.19298 , 3.24497 , 0
5.19296 , 3.25251 , 0
5.19295 , 3.26006 , 0
5.19293 , 3.26761 , 0
5.19291 , 3.27515 , 0
5.1929 , 3.2827 , 0
5.19288 , 3.29025 , 0
5.19286 , 3.29779 , 0
5.19285 , 3.30534 , 0
5.19283 , 3.31289 , 0
5.19281 , 3.32043 , 0
5.1928 , 3.32798 , 0
5.19278 , 3.33552 , 0
5.19277 , 3.34307 , 0
5.19275 , 3.35062 , 0
5.19273 , 3.35816 , 0
5.19272 , 3.36571 , 0
5.1927 , 3.37326 , 0
5.19268 , 3.3808 , 0
5.19267 , 3.38835 , 0
5.19265 , 3.3959 , 0
5.19263 , 3.40344 , 0
5.19262 , 3.41099 , 0
5.1926 , 3.41854 , 0
5.19259 , 3.42608 , 0
5.19257 , 3.43363 , 0
5.19255 , 3.44117 , 0
5.19254 , 3.44872 , 0
5.19252 , 3.45627 , 0
5.1925 , 3.46381 , 0
5.19249 , 3.47136 , 0
5.19247 , 3.47891 , 0
5.19245 , 3.48645 , 0
5.19244 , 3.494 , 0
5.19242 , 3.50155 , 0
5.19241 , 3.50909 , 0
5.19239 , 3.51664 , 0
5.19237 , 3.52419 , 0
5.19236 , 3.53173 , 0
5.19234 , 3.53928 , 0
5.19232 , 3.54682 , 0
5.19231 , 3.55437 , 0
5.19229 , 3.56192 , 0
5.19227 , 3.56946 , 0
5.19226 , 3.57701 , 0
5.19224 , 3.58456 , 0
5.19223 , 3.5921 , 0
5.19221 , 3.59965 , 0
5.19219 , 3.6072 , 0
5.19218 , 3.61474 , 0
5.19216 , 3.62229 , 0
5.19214 , 3.62984 , 0
5.19213 , 3.63738 , 0
5.19211 , 3.64493 , 0
5.19209 , 3.65247 , 0
5.19208 , 3.66002 , 0
5.19206 , 3.66757 , 0
5.19205 , 3.67511 , 0
5.19203 , 3.68266 , 0
5.19201 , 3.69021 , 0
5.192 , 3.69775 , 0
5.19198 , 3.7053 , 0
5.19196 , 3.71285 , 0
5.19195 , 3.72039 , 0
5.19193 , 3.72794 , 0
5.19191 , 3.73549 , 0
5.1919 , 3.74303 , 0
5.19188 , 3.75058 , 0
5.19187 , 3.75812 , 0
5.19185 , 3.76567 , 0
5.19183 , 3.77322 , 0
5.19182 , 3.78076 , 0
5.1918 , 3.78831 , 0
5.19178 , 3.79586 , 0
5.19177 , 3.8034 , 0
5.19175 , 3.81095 , 0
5.19173 , 3.8185 , 0
5.19172 , 3.82604 , 0
5.1917 , 3.83359 , 0
5.19169 , 3.84114 , 0
5.19167 , 3.84868 , 0
5.19165 , 3.85623 , 0
5.19164 , 3.86378 , 0
5.19162 , 3.87132 , 0
5.1916 , 3.87887 , 0
5.19159 , 3.88641 , 0
5.19157 , 3.89396 , 0
5.19155 , 3.90151 , 0
5.19154 , 3.90905 , 0
5.19152 , 3.9166 , 0
5.19151 , 3.92415 , 0
5.19149 , 3.93169 , 0
5.19147 , 3.93924 , 0
5.19146 , 3.94679 , 0
5.19144 , 3.95433 , 0
5.19142 , 3.96188 , 0
5.19141 , 3.96943 , 0
5.19139 , 3.97697 , 0
5.19137 , 3.98452 , 0
5.19136 , 3.99206 , 0
5.19134 , 3.99961 , 0
5.19133 , 4.00716 , 0
5.19131 , 4.0147 , 0
5.19129 , 4.02225 , 0
5.19128 , 4.0298 , 0
5.19126 , 4.03734 , 0
5.19124 , 4.04489 , 0
5.19123 , 4.05244 , 0
5.19121 , 4.05998 , 0
5.19119 , 4.06753 , 0
5.19118 , 4.07508 , 0
5.19116 , 4.08262 , 0
5.19115 , 4.09017 , 0
5.19113 , 4.09771 , 0
5.19111 , 4.10526 , 0
5.1911 , 4.11281 , 0
5.19108 , 4.12035 , 0
5.19106 , 4.1279 , 0
5.19105 , 4.13545 , 0
5.19103 , 4.14299 , 0
5.19101 , 4.15054 , 0
5.191 , 4.15809 , 0
5.19098 , 4.16563 , 0
5.19097 , 4.17318 , 0
5.19095 , 4.18073 , 0
5.19093 , 4.18827 , 0
5.19092 , 4.19582 , 0
5.1909 , 4.20336 , 0
5.19088 , 4.21091 , 0
5.19087 , 4.21846 , 0
5.19085 , 4.226 , 0
5.19083 , 4.23355 , 0
5.19082 , 4.2411 , 0
5.1908 , 4.24864 , 0
5.19079 , 4.25619 , 0
5.19077 , 4.26374 , 0
5.19075 , 4.27128 , 0
5.19074 , 4.27883 , 0
5.19072 , 4.28638 , 0
5.1907 , 4.29392 , 0
5.19069 , 4.30147 , 0
5.19067 , 4.30902 , 0
5.19065 , 4.31656 , 0
5.19064 , 4.32411 , 0
5.19062 , 4.33165 , 0
5.19061 , 4.3392 , 0
5.19059 , 4.34675 , 0
5.19057 , 4.35429 , 0
5.19056 , 4.36184 , 0
5.19054 , 4.36939 , 0
5.19052 , 4.37693 , 0
5.19051 , 4.38448 , 0
5.19049 , 4.39203 , 0
5.19047 , 4.39957 , 0
5.19046 , 4.40712 , 0
5.19044 , 4.41467 , 0
5.19043 , 4.42221 , 0
5.19041 , 4.42976 , 0
5.19039 , 4.4373 , 0
5.19038 , 4.44485 , 0
5.19036 , 4.4524 , 0
5.19034 , 4.45994 , 0
5.19033 , 4.46749 , 0
5.19031 , 4.47504 , 0
5.19029 , 4.48258 , 0
5.19028 , 4.49013 , 0
5.19026 , 4.49768 , 0
5.19025 , 4.50522 , 0
5.19023 , 4.51277 , 0
5.19021 , 4.52032 , 0
5.1902 , 4.52786 , 0
5.19018 , 4.53541 , 0
5.19016 , 4.54295 , 0
5.19015 , 4.5505 , 0
5.19013 , 4.55805 , 0
5.19011 , 4.56559 , 0
5.1901 , 4.57314 , 0
5.19008 , 4.58069 , 0
5.19007 , 4.58823 , 0
5.19005 , 4.59578 , 0
5.19003 , 4.60333 , 0
5.19002 , 4.61087 , 0
5.19 , 4.61842 , 0
5.18998 , 4.62597 , 0
5.18997 , 4.63351 , 0
5.18995 , 4.64106 , 0
5.18993 , 4.6486 , 0
5.18992 , 4.65615 , 0
5.1899 , 4.6637 , 0
5.18989 , 4.67124 , 0
5.18987 , 4.67879 , 0
5.18985 , 4.68634 , 0
5.18984 , 4.69388 , 0
5.18982 , 4.70143 , 0
5.1898 , 4.70898 , 0
5.18979 , 4.71652 , 0
5.18977 , 4.72407 , 0
5.18975 , 4.73162 , 0
5.18974 , 4.73916 , 0
5.18972 , 4.74671 , 0
5.18971 , 4.75425 , 0
5.18969 , 4.7618 , 0
5.18967 , 4.76935 , 0
5.18966 , 4.77689 , 0
5.18964 , 4.78444 , 0
5.18962 , 4.79199 , 0
5.18961 , 4.79953 , 0
5.18959 , 4.80708 , 0
5.18957 , 4.81463 , 0
5.18956 , 4.82217 , 0
5.18954 , 4.82972 , 0
5.18953 , 4.83727 , 0
5.18951 , 4.84481 , 0
5.18949 , 4.85236 , 0
5.18948 , 4.85991 , 0
5.18946 , 4.86745 , 0
5.18944 , 4.875 , 0
5.18943 , 4.88254 , 0
5.18941 , 4.89009 , 0
5.18939 , 4.89764 , 0
5.18938 , 4.90518 , 0
5.18936 , 4.91273 , 0
5.18935 , 4.92028 , 0
5.18933 , 4.92782 , 0
5.18931 , 4.93537 , 0
5.1893 , 4.94292 , 0
5.18928 , 4.95046 , 0
5.18926 , 4.95801 , 0
5.18925 , 4.96556 , 0
5.18923 , 4.9731 , 0
5.18921 , 4.98065 , 0
5.1892 , 4.98819 , 0
5.18918 , 4.99574 , 0
5.18917 , 5.00329 , 0
5.18915 , 5.01083 , 0
5.18913 , 5.01838 , 0
5.18912 , 5.02593 , 0
5.1891 , 5.03347 , 0
5.18908 , 5.04102 , 0
5.18907 , 5.04857 , 0
5.18905 , 5.05611 , 0
5.18904 , 5.06366 , 0
5.18902 , 5.07121 , 0
5.189 , 5.07875 , 0
5.18899 , 5.0863 , 0
5.18897 , 5.09384 , 0
5.18895 , 5.10139 , 0
5.18894 , 5.10894 , 0
5.18892 , 5.11648 , 0
5.1889 , 5.12403 , 0
5.18889 , 5.13158 , 0
5.18887 , 5.13912 , 0
5.18886 , 5.14667 , 0
5.18884 , 5.15422 , 0
5.18882 , 5.16176 , 0
5.18881 , 5.16931 , 0
5.18879 , 5.17686 , 0
5.18877 , 5.1844 , 0
5.18876 , 5.19195 , 0
5.18874 , 5.19949 , 0
5.18872 , 5.20704 , 0
5.18871 , 5.21459 , 0
5.18869 , 5.22213 , 0
5.18868 , 5.22968 , 0
5.18866 , 5.23723 , 0
5.18864 , 5.24477 , 0
5.18863 , 5.25232 , 0
5.18861 , 5.25987 , 0
5.18859 , 5.26741 , 0
5.18858 , 5.27496 , 0
5.18856 , 5.28251 , 0
5.18854 , 5.29005 , 0
5.18853 , 5.2976 , 0
5.18851 , 5.30515 , 0
5.1885 , 5.31269 , 0
5.18848 , 5.32024 , 0
5.18846 , 5.32778 , 0
5.18845 , 5.33533 , 0
5.18843 , 5.34288 , 0
5.18841 , 5.35042 , 0
5.1884 , 5.35797 , 0
5.18838 , 5.36552 , 0
5.18836 , 5.37306 , 0
5.18835 , 5.38061 , 0
5.18833 , 5.38816 , 0
5.18832 , 5.3957 , 0
5.1883 , 5.40325 , 0
5.18828 , 5.4108 , 0
5.18827 , 5.41834 , 0
5.18825 , 5.42589 , 0
5.18823 , 5.43343 , 0
5.18822 , 5.44098 , 0
5.1882 , 5.44853 , 0
5.18818 , 5.45607 , 0
5.18817 , 5.46362 , 0
5.18815 , 5.47117 , 0
5.18814 , 5.47871 , 0
5.18812 , 5.48626 , 0
5.1881 , 5.49381 , 0
5.18809 , 5.50135 , 0
5.18807 , 5.5089 , 0
5.18805 , 5.51645 , 0
5.18804 , 5.52399 , 0
5.18802 , 5.53154 , 0
5.188 , 5.53908 , 0
5.18799 , 5.54663 , 0
5.18797 , 5.55418 , 0
5.18796 , 5.56172 , 0
5.18794 , 5.56927 , 0
5.18792 , 5.57682 , 0
5.18791 , 5.58436 , 0
5.18789 , 5.59191 , 0
5.18787 , 5.59946 , 0
5.18786 , 5.607 , 0
5.18784 , 5.61455 , 0
5.18782 , 5.6221 , 0
5.18781 , 5.62964 , 0
5.18779 , 5.63719 , 0
5.18778 , 5.64473 , 0
5.18776 , 5.65228 , 0
5.18774 , 5.65983 , 0
5.18773 , 5.66737 , 0
5.18771 , 5.67492 , 0
5.18769 , 5.68247 , 0
5.18768 , 5.69001 , 0
5.18766 , 5.69756 , 0
5.18764 , 5.70511 , 0
5.18763 , 5.71265 , 0
5.18761 , 5.7202 , 0
5.1876 , 5.72775 , 0
5.18758 , 5.73529 , 0
5.18756 , 5.74284 , 0
5.18755 , 5.75039 , 0
5.18753 , 5.75793 , 0
5.18751 , 5.76548 , 0
5.1875 , 5.77302 , 0
5.18748 , 5.78057 , 0
5.18746 , 5.78812 , 0
5.18745 , 5.79566 , 0
5.18743 , 5.80321 , 0
5.18742 , 5.81076 , 0
5.1874 , 5.8183 , 0
5.18738 , 5.82585 , 0
5.18737 , 5.8334 , 0
5.18735 , 5.84094 , 0
5.18733 , 5.84849 , 0
5.18732 , 5.85604 , 0
5.1873 , 5.86358 , 0
5.18728 , 5.87113 , 0
5.18727 , 5.87867 , 0
5.18725 , 5.88622 , 0
5.18724 , 5.89377 , 0
5.18722 , 5.90131 , 0
5.1872 , 5.90886 , 0
5.18719 , 5.91641 , 0
5.18717 , 5.92395 , 0
5.18715 , 5.9315 , 0
5.18714 , 5.93905 , 0
5.18712 , 5.94659 , 0
5.1871 , 5.95414 , 0
5.18709 , 5.96169 , 0
5.18707 , 5.96923 , 0
5.18706 , 5.97678 , 0
5.18704 , 5.98432 , 0
5.18702 , 5.99187 , 0
5.18701 , 5.99942 , 0
5.18699 , 6.00696 , 0
5.18697 , 6.01451 , 0
5.18696 , 6.02206 , 0
5.18694 , 6.0296 , 0
5.18692 , 6.03715 , 0
5.18691 , 6.0447 , 0
5.18689 , 6.05224 , 0
5.18688 , 6.05979 , 0
5.18686 , 6.06734 , 0
5.18684 , 6.07488 , 0
5.18683 , 6.08243 , 0
5.18681 , 6.08997 , 0
5.18679 , 6.09752 , 0
5.18678 , 6.10507 , 0
5.18676 , 6.11261 , 0
5.18674 , 6.12016 , 0
5.18673 , 6.12771 , 0
5.18671 , 6.13525 , 0
5.1867 , 6.1428 , 0
5.18668 , 6.15035 , 0
5.18666 , 6.15789 , 0
5.18665 , 6.16544 , 0
5.18663 , 6.17299 , 0
5.18661 , 6.18053 , 0
5.1866 , 6.18808 , 0
5.18658 , 6.19563 , 0
5.18656 , 6.20317 , 0
5.18655 , 6.21072 , 0
5.18653 , 6.21826 , 0
5.18652 , 6.22581 , 0
5.1865 , 6.23336 , 0
5.18648 , 6.2409 , 0
5.18647 , 6.24845 , 0
5.18645 , 6.256 , 0
5.18643 , 6.26354 , 0
5.18642 , 6.27109 , 0
5.1864 , 6.27864 , 0
5.18638 , 6.28618 , 0
5.18637 , 6.29373 , 0
5.18635 , 6.30128 , 0
5.18634 , 6.30882 , 0
5.18632 , 6.31637 , 0
5.1863 , 6.32391 , 0
5.18629 , 6.33146 , 0
5.18627 , 6.33901 , 0
5.18625 , 6.34655 , 0
5.18624 , 6.3541 , 0
5.18622 , 6.36165 , 0
5.1862 , 6.36919 , 0
5.18619 , 6.37674 , 0
5.18617 , 6.38429 , 0
5.18616 , 6.39183 , 0
5.18614 , 6.39938 , 0
5.18612 , 6.40693 , 0
5.18611 , 6.41447 , 0
5.18609 , 6.42202 , 0
5.18607 , 6.42956 , 0
5.18606 , 6.43711 , 0
5.18604 , 6.44466 , 0
5.18602 , 6.4522 , 0
5.18601 , 6.45975 , 0
5.18599 , 6.4673 , 0
5.18598 , 6.47484 , 0
5.18596 , 6.48239 , 0
5.18594 , 6.48994 , 0
5.18593 , 6.49748 , 0
5.18591 , 6.50503 , 0
5.18589 , 6.51258 , 0
5.18588 , 6.52012 , 0
5.18586 , 6.52767 , 0
5.18584 , 6.53522 , 0
5.18583 , 6.54276 , 0
5.18581 , 6.55031 , 0
5.1858 , 6.55785 , 0
5.18578 , 6.5654 , 0
5.18576 , 6.57295 , 0
5.18575 , 6.58049 , 0
5.18573 , 6.58804 , 0
5.18571 , 6.59559 , 0
5.1857 , 6.60313 , 0
5.18568 , 6.61068 , 0
5.18566 , 6.61823 , 0
5.18565 , 6.62577 , 0
5.18563 , 6.63332 , 0
5.18562 , 6.64087 , 0
5.1856 , 6.64841 , 0
5.18558 , 6.65596 , 0
5.18557 , 6.6635 , 0
5.18555 , 6.67105 , 0
5.18553 , 6.6786 , 0
5.18552 , 6.68614 , 0
5.1855 , 6.69369 , 0
5.18548 , 6.70124 , 0
5.18547 , 6.70878 , 0
5.18545 , 6.71633 , 0
5.18544 , 6.72388 , 0
5.18542 , 6.73142 , 0
5.1854 , 6.73897 , 0
5.18539 , 6.74652 , 0
5.18537 , 6.75406 , 0
5.18535 , 6.76161 , 0
5.18534 , 6.76915 , 0
5.18532 , 6.7767 , 0
5.1853 , 6.78425 , 0
5.18529 , 6.79179 , 0
5.18527 , 6.79934 , 0
5.18526 , 6.80689 , 0
5.18524 , 6.81443 , 0
5.18522 , 6.82198 , 0
5.18521 , 6.82953 , 0
5.18519 , 6.83707 , 0
5.18517 , 6.84462 , 0
5.18516 , 6.85217 , 0
5.18514 , 6.85971 , 0
5.18512 , 6.86726 , 0
5.18511 , 6.8748 , 0
5.18509 , 6.88235 , 0
5.18508 , 6.8899 , 0
5.18506 , 6.89744 , 0
5.18504 , 6.90499 , 0
5.18503 , 6.91254 , 0
5.18501 , 6.92008 , 0
5.18499 , 6.92763 , 0
5.18498 , 6.93518 , 0
5.18496 , 6.94272 , 0
5.18494 , 6.95027 , 0
5.18493 , 6.95782 , 0
5.18491 , 6.96536 , 0
5.1849 , 6.97291 , 0
5.18488 , 6.98046 , 0
5.18486 , 6.988 , 0
5.18485 , 6.99555 , 0
5.18483 , 7.00309 , 0
5.18481 , 7.01064 , 0
5.1848 , 7.01819 , 0
5.18478 , 7.02573 , 0
5.18476 , 7.03328 , 0
5.18475 , 7.04083 , 0
5.18473 , 7.04837 , 0
5.18472 , 7.05592 , 0
5.1847 , 7.06347 , 0
5.18468 , 7.07101 , 0
5.18467 , 7.07856 , 0
5.18465 , 7.08611 , 0
5.18463 , 7.09365 , 0
5.18462 , 7.1012 , 0
5.1846 , 7.10874 , 0
5.18458 , 7.11629 , 0
5.18457 , 7.12384 , 0
5.18455 , 7.13138 , 0
5.18454 , 7.13893 , 0
5.18452 , 7.14648 , 0
5.1845 , 7.15402 , 0
5.18449 , 7.16157 , 0
5.18447 , 7.16912 , 0
5.18445 , 7.17666 , 0
5.18444 , 7.18421 , 0
5.18442 , 7.19176 , 0
5.1844 , 7.1993 , 0
5.18439 , 7.20685 , 0
5.18437 , 7.21439 , 0
5.18436 , 7.22194 , 0
5.18434 , 7.22949 , 0
5.18432 , 7.23703 , 0
5.18431 , 7.24458 , 0
5.18429 , 7.25213 , 0
5.18427 , 7.25967 , 0
5.18426 , 7.26722 , 0
5.18424 , 7.27477 , 0
5.18422 , 7.28231 , 0
5.18421 , 7.28986 , 0
5.18419 , 7.29741 , 0
5.18418 , 7.30495 , 0
5.18416 , 7.3125 , 0
5.18414 , 7.32004 , 0
5.18413 , 7.32759 , 0
5.18411 , 7.33514 , 0
5.18409 , 7.34268 , 0
5.18408 , 7.35023 , 0
5.18406 , 7.35778 , 0
5.18404 , 7.36532 , 0
5.18403 , 7.37287 , 0
5.18401 , 7.38042 , 0
5.184 , 7.38796 , 0
5.18398 , 7.39551 , 0
5.18396 , 7.40306 , 0
5.18395 , 7.4106 , 0
5.18393 , 7.41815 , 0
5.18391 , 7.4257 , 0
5.1839 , 7.43324 , 0
5.18388 , 7.44079 , 0
5.18386 , 7.44833 , 0
5.18385 , 7.45588 , 0
5.18383 , 7.46343 , 0
5.18382 , 7.47097 , 0
5.1838 , 7.47852 , 0
5.18378 , 7.48607 , 0
5.18377 , 7.49361 , 0
5.18375 , 7.50116 , 0
5.18373 , 7.50871 , 0
5.18372 , 7.51625 , 0
5.1837 , 7.5238 , 0
5.18368 , 7.53135 , 0
5.18367 , 7.53889 , 0
5.18365 , 7.54644 , 0
5.18364 , 7.55398 , 0
5.18362 , 7.56153 , 0
5.1836 , 7.56908 , 0
5.18359 , 7.57662 , 0
5.18357 , 7.58417 , 0
5.18355 , 7.59172 , 0
5.18354 , 7.59926 , 0
5.18352 , 7.60681 , 0
5.1835 , 7.61436 , 0
5.18349 , 7.6219 , 0
5.18347 , 7.62945 , 0
5.18346 , 7.637 , 0
5.18344 , 7.64454 , 0
5.18342 , 7.65209 , 0
5.18341 , 7.65963 , 0
5.18339 , 7.66718 , 0
5.18337 , 7.67473 , 0
5.18336 , 7.68227 , 0
5.18334 , 7.68982 , 0
5.18332 , 7.69737 , 0
5.18331 , 7.70491 , 0
5.18329 , 7.71246 , 0
5.18328 , 7.72001 , 0
5.18326 , 7.72755 , 0
5.18324 , 7.7351 , 0
5.18323 , 7.74265 , 0
5.18321 , 7.75019 , 0
5.18319 , 7.75774 , 0
5.18318 , 7.76528 , 0
5.18316 , 7.77283 , 0
5.18315 , 7.78038 , 0
5.18313 , 7.78792 , 0
5.18311 , 7.79547 , 0
5.1831 , 7.80302 , 0
5.18308 , 7.81056 , 0
5.18306 , 7.81811 , 0
5.18305 , 7.82566 , 0
5.18303 , 7.8332 , 0
5.18301 , 7.84075 , 0
5.183 , 7.8483 , 0
5.18298 , 7.85584 , 0
5.18297 , 7.86339 , 0
5.18295 , 7.87094 , 0
5.18293 , 7.87848 , 0
5.18292 , 7.88603 , 0
5.1829 , 7.89357 , 0
5.18288 , 7.90112 , 0
5.18287 , 7.90867 , 0
5.18285 , 7.91621 , 0
5.18283 , 7.92376 , 0
5.18282 , 7.93131 , 0
5.1828 , 7.93885 , 0
5.18279 , 7.9464 , 0
5.18277 , 7.95395 , 0
5.18275 , 7.96149 , 0
5.18274 , 7.96904 , 0
5.18272 , 7.97659 , 0
5.1827 , 7.98413 , 0
5.18269 , 7.99168 , 0
5.18267 , 7.99922 , 0
5.18265 , 8.00677 , 0
5.18264 , 8.01432 , 0
5.18262 , 8.02186 , 0
5.18261 , 8.02941 , 0
5.18259 , 8.03696 , 0
5.18257 , 8.0445 , 0
5.18256 , 8.05205 , 0
5.18254 , 8.0596 , 0
5.18252 , 8.06714 , 0
5.18251 , 8.07469 , 0
5.18249 , 8.08224 , 0
5.18247 , 8.08978 , 0
5.18246 , 8.09733 , 0
5.18244 , 8.10487 , 0
5.18243 , 8.11242 , 0
5.18241 , 8.11997 , 0
5.18239 , 8.12751 , 0
5.18238 , 8.13506 , 0
5.18236 , 8.14261 , 0
5.18234 , 8.15015 , 0
5.18233 , 8.1577 , 0
5.18231 , 8.16525 , 0
5.18229 , 8.17279 , 0
5.18228 , 8.18034 , 0
5.18226 , 8.18789 , 0
5.18225 , 8.19543 , 0
5.18223 , 8.20298 , 0
5.18221 , 8.21053 , 0
5.1822 , 8.21807 , 0
5.18218 , 8.22562 , 0
5.18216 , 8.23316 , 0
5.18215 , 8.24071 , 0
5.18213 , 8.24826 , 0
5.18211 , 8.2558 , 0
5.1821 , 8.26335 , 0
5.18208 , 8.2709 , 0
5.18207 , 8.27844 , 0
5.18205 , 8.28599 , 0
5.18203 , 8.29354 , 0
5.18202 , 8.30108 , 0
5.182 , 8.30863 , 0
5.18198 , 8.31618 , 0
5.18197 , 8.32372 , 0
5.18195 , 8.33127 , 0
5.18193 , 8.33881 , 0
5.18192 , 8.34636 , 0
5.1819 , 8.35391 , 0
5.18189 , 8.36145 , 0
5.18187 , 8.369 , 0
5.18185 , 8.37655 , 0
5.18184 , 8.38409 , 0
5.18182 , 8.39164 , 0
5.1818 , 8.39919 , 0
5.18179 , 8.40673 , 0
5.18177 , 8.41428 , 0
5.18175 , 8.42183 , 0
5.18174 , 8.42937 , 0
5.18172 , 8.43692 , 0
5.18171 , 8.44446 , 0
5.18169 , 8.45201 , 0
5.18167 , 8.45956 , 0
5.18166 , 8.4671 , 0
5.18164 , 8.47465 , 0
5.18162 , 8.4822 , 0
5.18161 , 8.48974 , 0
5.18159 , 8.49729 , 0
5.18157 , 8.50484 , 0
5.18156 , 8.51238 , 0
5.18154 , 8.51993 , 0
5.18153 , 8.52748 , 0
5.18151 , 8.53502 , 0
5.18149 , 8.54257 , 0
5.18148 , 8.55011 , 0
5.18146 , 8.55766 , 0
5.18144 , 8.56521 , 0
5.18143 , 8.57275 , 0
5.18141 , 8.5803 , 0
5.18139 , 8.58785 , 0
5.18138 , 8.59539 , 0
5.18136 , 8.60294 , 0
5.18135 , 8.61049 , 0
5.18133 , 8.61803 , 0
5.18131 , 8.62558 , 0
5.1813 , 8.63313 , 0
5.18128 , 8.64067 , 0
5.18126 , 8.64822 , 0
5.18125 , 8.65577 , 0
5.18123 , 8.66331 , 0
5.18121 , 8.67086 , 0
5.1812 , 8.6784 , 0
5.18118 , 8.68595 , 0
5.18117 , 8.6935 , 0
5.18115 , 8.70104 , 0
5.18113 , 8.70859 , 0
5.18112 , 8.71614 , 0
5.1811 , 8.72368 , 0
5.18108 , 8.73123 , 0
5.18107 , 8.73878 , 0
5.18105 , 8.74632 , 0
5.18103 , 8.75387 , 0
5.18102 , 8.76142 , 0
5.181 , 8.76896 , 0
5.18099 , 8.77651 , 0
5.18097 , 8.78405 , 0
5.18095 , 8.7916 , 0
5.18094 , 8.79915 , 0
5.18092 , 8.80669 , 0
5.1809 , 8.81424 , 0
5.18089 , 8.82179 , 0
5.18087 , 8.82933 , 0
5.18085 , 8.83688 , 0
5.18084 , 8.84443 , 0
5.18082 , 8.85197 , 0
5.18081 , 8.85952 , 0
5.18079 , 8.86707 , 0
5.18077 , 8.87461 , 0
5.18076 , 8.88216 , 0
5.18074 , 8.8897 , 0
5.18072 , 8.89725 , 0
5.18071 , 8.9048 , 0
5.18069 , 8.91234 , 0
5.18067 , 8.91989 , 0
5.18066 , 8.92744 , 0
5.18064 , 8.93498 , 0
5.18063 , 8.94253 , 0
5.18061 , 8.95008 , 0
5.18059 , 8.95762 , 0
5.18058 , 8.96517 , 0
5.18056 , 8.97272 , 0
5.18054 , 8.98026 , 0
5.18053 , 8.98781 , 0
5.18051 , 8.99536 , 0
5.18049 , 9.0029 , 0
5.18048 , 9.01045 , 0
5.18046 , 9.01799 , 0
5.18045 , 9.02554 , 0
5.18043 , 9.03309 , 0
5.18041 , 9.04063 , 0
5.1804 , 9.04818 , 0
5.18038 , 9.05573 , 0
5.18036 , 9.06327 , 0
5.18035 , 9.07082 , 0
5.18033 , 9.07837 , 0
5.18031 , 9.08591 , 0
5.1803 , 9.09346 , 0
5.18028 , 9.10101 , 0
5.18027 , 9.10855 , 0
5.18025 , 9.1161 , 0
5.18023 , 9.12364 , 0
5.18022 , 9.13119 , 0
5.1802 , 9.13874 , 0
5.18018 , 9.14628 , 0
5.18017 , 9.15383 , 0
5.18015 , 9.16138 , 0
5.18013 , 9.16892 , 0
5.18012 , 9.17647 , 0
5.1801 , 9.18402 , 0
5.18009 , 9.19156 , 0
5.18007 , 9.19911 , 0
5.18005 , 9.20666 , 0
5.18004 , 9.2142 , 0
5.18002 , 9.22175 , 0
5.18 , 9.22929 , 0
5.17999 , 9.23684 , 0
5.17997 , 9.24439 , 0
5.17995 , 9.25193 , 0
5.17994 , 9.25948 , 0
5.17992 , 9.26703 , 0
5.17991 , 9.27457 , 0
5.17989 , 9.28212 , 0
5.17987 , 9.28967 , 0
5.17986 , 9.29721 , 0
5.17984 , 9.30476 , 0
5.17982 , 9.31231 , 0
5.17981 , 9.31985 , 0
5.17979 , 9.3274 , 0
5.17977 , 9.33494 , 0
5.17976 , 9.34249 , 0
5.17974 , 9.35004 , 0
5.17973 , 9.35758 , 0
5.17971 , 9.36513 , 0
5.17969 , 9.37268 , 0
5.17968 , 9.38022 , 0
5.17966 , 9.38777 , 0
5.17964 , 9.39532 , 0
5.17963 , 9.40286 , 0
5.17961 , 9.41041 , 0
5.17959 , 9.41796 , 0
5.17958 , 9.4255 , 0
5.17956 , 9.43305 , 0
5.17955 , 9.4406 , 0
5.17953 , 9.44814 , 0
5.17951 , 9.45569 , 0
5.1795 , 9.46323 , 0
5.17948 , 9.47078 , 0
5.17946 , 9.47833 , 0
5.17945 , 9.48587 , 0
5.17943 , 9.49342 , 0
5.17941 , 9.50097 , 0
5.1794 , 9.50851 , 0
5.17938 , 9.51606 , 0
5.17937 , 9.52361 , 0
5.17935 , 9.53115 , 0
5.17933 , 9.5387 , 0
5.17932 , 9.54625 , 0
5.1793 , 9.55379 , 0
5.17928 , 9.56134 , 0
5.17927 , 9.56888 , 0
5.17925 , 9.57643 , 0
5.17923 , 9.58398 , 0
5.17922 , 9.59152 , 0
5.1792 , 9.59907 , 0
5.17919 , 9.60662 , 0
5.17917 , 9.61416 , 0
5.17915 , 9.62171 , 0
5.17914 , 9.62926 , 0
5.17912 , 9.6368 , 0
5.1791 , 9.64435 , 0
5.17909 , 9.6519 , 0
5.17907 , 9.65944 , 0
5.17905 , 9.66699 , 0
5.17904 , 9.67453 , 0
5.17902 , 9.68208 , 0
5.17901 , 9.68963 , 0
5.17899 , 9.69717 , 0
5.17897 , 9.70472 , 0
5.17896 , 9.71227 , 0
5.17894 , 9.71981 , 0
5.17892 , 9.72736 , 0
5.17891 , 9.73491 , 0
5.17889 , 9.74245 , 0
5.17887 , 9.75 , 0
5.17886 , 9.75755 , 0
5.17884 , 9.76509 , 0
5.17883 , 9.77264 , 0
5.17881 , 9.78019 , 0
5.17879 , 9.78773 , 0
5.17878 , 9.79528 , 0
5.17876 , 9.80282 , 0
5.17874 , 9.81037 , 0
5.17873 , 9.81792 , 0
5.17871 , 9.82546 , 0
5.17869 , 9.83301 , 0
5.17868 , 9.84056 , 0
5.17866 , 9.8481 , 0
5.17865 , 9.85565 , 0
5.17863 , 9.8632 , 0
5.17861 , 9.87074 , 0
5.1786 , 9.87829 , 0
5.17858 , 9.88584 , 0
5.17856 , 9.89338 , 0
5.17855 , 9.90093 , 0
5.17853 , 9.90847 , 0
5.17851 , 9.91602 , 0
5.1785 , 9.92357 , 0
5.17848 , 9.93111 , 0
5.17847 , 9.93866 , 0
5.17845 , 9.94621 , 0
5.17843 , 9.95375 , 0
5.17842 , 9.9613 , 0
5.1784 , 9.96885 , 0
5.17838 , 9.97639 , 0
5.17837 , 9.98394 , 0
5.17835 , 9.99149 , 0
5.17833 , 9.99903 , 0
5.17832 , 10.0066 , 0
5.1783 , 10.0141 , 0
5.17829 , 10.0217 , 0
5.17827 , 10.0292 , 0
5.17825 , 10.0368 , 0
5.17824 , 10.0443 , 0
5.17822 , 10.0519 , 0
5.1782 , 10.0594 , 0
5.17819 , 10.0669 , 0
5.17817 , 10.0745 , 0
5.17815 , 10.082 , 0
5.17814 , 10.0896 , 0
5.17812 , 10.0971 , 0
5.17811 , 10.1047 , 0
5.17809 , 10.1122 , 0
5.17807 , 10.1198 , 0
5.17806 , 10.1273 , 0
5.17804 , 10.1349 , 0
5.17802 , 10.1424 , 0
5.17801 , 10.15 , 0
5.17799 , 10.1575 , 0
5.17797 , 10.1651 , 0
5.17796 , 10.1726 , 0
5.17794 , 10.1801 , 0
5.17793 , 10.1877 , 0
5.17791 , 10.1952 , 0
5.17789 , 10.2028 , 0
5.17788 , 10.2103 , 0
5.17786 , 10.2179 , 0
5.17784 , 10.2254 , 0
5.17783 , 10.233 , 0
5.17781 , 10.2405 , 0
5.17779 , 10.2481 , 0
5.17778 , 10.2556 , 0
5.17776 , 10.2632 , 0
5.17775 , 10.2707 , 0
5.17773 , 10.2783 , 0
5.17771 , 10.2858 , 0
5.1777 , 10.2933 , 0
5.17768 , 10.3009 , 0
5.17766 , 10.3084 , 0
5.17765 , 10.316 , 0
5.17763 , 10.3235 , 0
5.17761 , 10.3311 , 0
5.1776 , 10.3386 , 0
5.17758 , 10.3462 , 0
5.17757 , 10.3537 , 0
5.17755 , 10.3613 , 0
5.17753 , 10.3688 , 0
5.17752 , 10.3764 , 0
5.1775 , 10.3839 , 0
5.17748 , 10.3914 , 0
5.17747 , 10.399 , 0
5.17745 , 10.4065 , 0
5.17743 , 10.4141 , 0
5.17742 , 10.4216 , 0
5.1774 , 10.4292 , 0
5.17739 , 10.4367 , 0
5.17737 , 10.4443 , 0
5.17735 , 10.4518 , 0
5.17734 , 10.4594 , 0
5.17732 , 10.4669 , 0
5.1773 , 10.4745 , 0
5.17729 , 10.482 , 0
5.17727 , 10.4896 , 0
5.17725 , 10.4971 , 0
5.17724 , 10.5046 , 0
5.17722 , 10.5122 , 0
5.17721 , 10.5197 , 0
5.17719 , 10.5273 , 0
5.17717 , 10.5348 , 0
5.17716 , 10.5424 , 0
5.17714 , 10.5499 , 0
5.17712 , 10.5575 , 0
5.17711 , 10.565 , 0
5.17709 , 10.5726 , 0
5.17707 , 10.5801 , 0
5.17706 , 10.5877 , 0
5.17704 , 10.5952 , 0
5.17703 , 10.6027 , 0
5.17701 , 10.6103 , 0
5.17699 , 10.6178 , 0
5.17698 , 10.6254 , 0
5.17696 , 10.6329 , 0
5.17694 , 10.6405 , 0
5.17693 , 10.648 , 0
5.17691 , 10.6556 , 0
5.17689 , 10.6631 , 0
5.17688 , 10.6707 , 0
5.17686 , 10.6782 , 0
5.17685 , 10.6858 , 0
5.17683 , 10.6933 , 0
5.17681 , 10.7009 , 0
5.1768 , 10.7084 , 0
5.17678 , 10.7159 , 0
5.17676 , 10.7235 , 0
5.17675 , 10.731 , 0
5.17673 , 10.7386 , 0
5.17671 , 10.7461 , 0
5.1767 , 10.7537 , 0
5.17668 , 10.7612 , 0
5.17667 , 10.7688 , 0
5.17665 , 10.7763 , 0
5.17663 , 10.7839 , 0
5.17662 , 10.7914 , 0
5.1766 , 10.799 , 0
5.17658 , 10.8065 , 0
5.17657 , 10.814 , 0
5.17655 , 10.8216 , 0
5.17654 , 10.8291 , 0
5.17652 , 10.8367 , 0
5.1765 , 10.8442 , 0
5.17649 , 10.8518 , 0
5.17647 , 10.8593 , 0
5.17645 , 10.8669 , 0
5.17644 , 10.8744 , 0
5.17642 , 10.882 , 0
5.1764 , 10.8895 , 0
5.17639 , 10.8971 , 0
5.17637 , 10.9046 , 0
5.17636 , 10.9122 , 0
5.17634 , 10.9197 , 0
5.17632 , 10.9272 , 0
5.17631 , 10.9348 , 0
5.17629 , 10.9423 , 0
5.17627 , 10.9499 , 0
5.17626 , 10.9574 , 0
5.17624 , 10.965 , 0
5.17622 , 10.9725 , 0
5.17621 , 10.9801 , 0
5.17619 , 10.9876 , 0
5.17618 , 10.9952 , 0
5.17616 , 11.0027 , 0
5.17614 , 11.0103 , 0
5.17613 , 11.0178 , 0
5.17611 , 11.0253 , 0
5.17609 , 11.0329 , 0
5.17608 , 11.0404 , 0
5.17606 , 11.048 , 0
5.17604 , 11.0555 , 0
5.17603 , 11.0631 , 0
5.17601 , 11.0706 , 0
5.176 , 11.0782 , 0
5.17598 , 11.0857 , 0
5.17596 , 11.0933 , 0
5.17595 , 11.1008 , 0
5.17593 , 11.1084 , 0
5.17591 , 11.1159 , 0
5.1759 , 11.1235 , 0
5.17588 , 11.131 , 0
5.17586 , 11.1385 , 0
5.17585 , 11.1461 , 0
5.17583 , 11.1536 , 0
5.17582 , 11.1612 , 0
5.1758 , 11.1687 , 0
5.17578 , 11.1763 , 0
5.17577 , 11.1838 , 0
5.17575 , 11.1914 , 0
5.17573 , 11.1989 , 0
5.17572 , 11.2065 , 0
5.1757 , 11.214 , 0
5.17568 , 11.2216 , 0
5.17567 , 11.2291 , 0
5.17565 , 11.2366 , 0
5.17564 , 11.2442 , 0
5.17562 , 11.2517 , 0
5.1756 , 11.2593 , 0
5.17559 , 11.2668 , 0
5.17557 , 11.2744 , 0
5.17555 , 11.2819 , 0
5.17554 , 11.2895 , 0
5.17552 , 11.297 , 0
5.1755 , 11.3046 , 0
5.17549 , 11.3121 , 0
5.17547 , 11.3197 , 0
5.17546 , 11.3272 , 0
5.17544 , 11.3348 , 0
5.17542 , 11.3423 , 0
5.17541 , 11.3498 , 0
5.17539 , 11.3574 , 0
5.17537 , 11.3649 , 0
5.17536 , 11.3725 , 0
5.17534 , 11.38 , 0
5.17532 , 11.3876 , 0
5.17531 , 11.3951 , 0
5.17529 , 11.4027 , 0
5.17528 , 11.4102 , 0
5.17526 , 11.4178 , 0
5.17524 , 11.4253 , 0
5.17523 , 11.4329 , 0
5.17521 , 11.4404 , 0
5.17519 , 11.4479 , 0
5.17518 , 11.4555 , 0
5.17516 , 11.463 , 0
5.17514 , 11.4706 , 0
5.17513 , 11.4781 , 0
5.17511 , 11.4857 , 0
5.1751 , 11.4932 , 0
5.17508 , 11.5008 , 0
5.17506 , 11.5083 , 0
5.17505 , 11.5159 , 0
5.17503 , 11.5234 , 0
5.17501 , 11.531 , 0
5.175 , 11.5385 , 0
5.17498 , 11.5461 , 0
5.17496 , 11.5536 , 0
5.17495 , 11.5611 , 0
5.17493 , 11.5687 , 0
5.17492 , 11.5762 , 0
5.1749 , 11.5838 , 0
5.17488 , 11.5913 , 0
5.17487 , 11.5989 , 0
5.17485 , 11.6064 , 0
5.17483 , 11.614 , 0
5.17482 , 11.6215 , 0
5.1748 , 11.6291 , 0
5.17478 , 11.6366 , 0
5.17477 , 11.6442 , 0
5.17475 , 11.6517 , 0
5.17474 , 11.6592 , 0
5.17472 , 11.6668 , 0
5.1747 , 11.6743 , 0
5.17469 , 11.6819 , 0
5.17467 , 11.6894 , 0
5.17465 , 11.697 , 0
5.17464 , 11.7045 , 0
5.17462 , 11.7121 , 0
5.1746 , 11.7196 , 0
5.17459 , 11.7272 , 0
5.17457 , 11.7347 , 0
5.17456 , 11.7423 , 0
5.17454 , 11.7498 , 0
5.17452 , 11.7574 , 0
5.17451 , 11.7649 , 0
5.17449 , 11.7724 , 0
5.17447 , 11.78 , 0
5.17446 , 11.7875 , 0
5.17444 , 11.7951 , 0
5.17442 , 11.8026 , 0
5.17441 , 11.8102 , 0
5.17439 , 11.8177 , 0
5.17438 , 11.8253 , 0
5.17436 , 11.8328 , 0
5.17434 , 11.8404 , 0
5.17433 , 11.8479 , 0
5.17431 , 11.8555 , 0
5.17429 , 11.863 , 0
5.17428 , 11.8705 , 0
5.17426 , 11.8781 , 0
5.17424 , 11.8856 , 0
5.17423 , 11.8932 , 0
5.17421 , 11.9007 , 0
5.1742 , 11.9083 , 0
5.17418 , 11.9158 , 0
5.17416 , 11.9234 , 0
5.17415 , 11.9309 , 0
5.17413 , 11.9385 , 0
5.17411 , 11.946 , 0
5.1741 , 11.9536 , 0
5.17408 , 11.9611 , 0
5.17406 , 11.9687 , 0
5.17405 , 11.9762 , 0
5.17403 , 11.9837 , 0
5.17402 , 11.9913 , 0
5.174 , 11.9988 , 0
5.17398 , 12.0064 , 0
5.17397 , 12.0139 , 0
5.17395 , 12.0215 , 0
5.17393 , 12.029 , 0
5.17392 , 12.0366 , 0
5.1739 , 12.0441 , 0
5.17388 , 12.0517 , 0
5.17387 , 12.0592 , 0
5.17385 , 12.0668 , 0
5.17384 , 12.0743 , 0
5.17382 , 12.0819 , 0
5.1738 , 12.0894 , 0
5.17379 , 12.0969 , 0
5.17377 , 12.1045 , 0
5.17375 , 12.112 , 0
5.17374 , 12.1196 , 0
5.17372 , 12.1271 , 0
5.1737 , 12.1347 , 0
5.17369 , 12.1422 , 0
5.17367 , 12.1498 , 0
5.17366 , 12.1573 , 0
5.17364 , 12.1649 , 0
5.17362 , 12.1724 , 0
5.17361 , 12.18 , 0
5.17359 , 12.1875 , 0
5.17357 , 12.195 , 0
5.17356 , 12.2026 , 0
5.17354 , 12.2101 , 0
5.17352 , 12.2177 , 0
5.17351 , 12.2252 , 0
5.17349 , 12.2328 , 0
5.17348 , 12.2403 , 0
5.17346 , 12.2479 , 0
5.17344 , 12.2554 , 0
5.17343 , 12.263 , 0
5.17341 , 12.2705 , 0
5.17339 , 12.2781 , 0
5.17338 , 12.2856 , 0
5.17336 , 12.2932 , 0
5.17334 , 12.3007 , 0
5.17333 , 12.3082 , 0
5.17331 , 12.3158 , 0
5.1733 , 12.3233 , 0
5.17328 , 12.3309 , 0
5.17326 , 12.3384 , 0
5.17325 , 12.346 , 0
5.17323 , 12.3535 , 0
5.17321 , 12.3611 , 0
5.1732 , 12.3686 , 0
5.17318 , 12.3762 , 0
5.17316 , 12.3837 , 0
5.17315 , 12.3913 , 0
5.17313 , 12.3988 , 0
5.17312 , 12.4063 , 0
5.1731 , 12.4139 , 0
5.17308 , 12.4214 , 0
5.17307 , 12.429 , 0
5.17305 , 12.4365 , 0
5.17303 , 12.4441 , 0
5.17302 , 12.4516 , 0
5.173 , 12.4592 , 0
5.17298 , 12.4667 , 0
5.17297 , 12.4743 , 0
5.17295 , 12.4818 , 0
5.17294 , 12.4894 , 0
5.17292 , 12.4969 , 0
5.1729 , 12.5045 , 0
5.17289 , 12.512 , 0
5.17287 , 12.5195 , 0
5.17285 , 12.5271 , 0
5.17284 , 12.5346 , 0
5.17282 , 12.5422 , 0
5.1728 , 12.5497 , 0
5.17279 , 12.5573 , 0
5.17277 , 12.5648 , 0
5.17276 , 12.5724 , 0
5.17274 , 12.5799 , 0
5.17272 , 12.5875 , 0
5.17271 , 12.595 , 0
5.17269 , 12.6026 , 0
5.17267 , 12.6101 , 0
5.17266 , 12.6176 , 0
5.17264 , 12.6252 , 0
5.17262 , 12.6327 , 0
5.17261 , 12.6403 , 0
5.17259 , 12.6478 , 0
5.17258 , 12.6554 , 0
5.17256 , 12.6629 , 0
5.17254 , 12.6705 , 0
5.17253 , 12.678 , 0
5.17251 , 12.6856 , 0
5.17249 , 12.6931 , 0
5.17248 , 12.7007 , 0
5.17246 , 12.7082 , 0
5.17244 , 12.7158 , 0
5.17243 , 12.7233 , 0
5.17241 , 12.7308 , 0
5.1724 , 12.7384 , 0
5.17238 , 12.7459 , 0
5.17236 , 12.7535 , 0
5.17235 , 12.761 , 0
5.17233 , 12.7686 , 0
5.17231 , 12.7761 , 0
5.1723 , 12.7837 , 0
5.17228 , 12.7912 , 0
5.17226 , 12.7988 , 0
5.17225 , 12.8063 , 0
5.17223 , 12.8139 , 0
5.17222 , 12.8214 , 0
5.1722 , 12.8289 , 0
5.17218 , 12.8365 , 0
5.17217 , 12.844 , 0
5.17215 , 12.8516 , 0
5.17213 , 12.8591 , 0
5.17212 , 12.8667 , 0
5.1721 , 12.8742 , 0
5.17208 , 12.8818 , 0
5.17207 , 12.8893 , 0
5.17205 , 12.8969 , 0
5.17204 , 12.9044 , 0
5.17202 , 12.912 , 0
5.172 , 12.9195 , 0
5.17199 , 12.9271 , 0
5.17197 , 12.9346 , 0
5.17195 , 12.9421 , 0
5.17194 , 12.9497 , 0
5.17192 , 12.9572 , 0
5.1719 , 12.9648 , 0
5.17189 , 12.9723 , 0
5.17187 , 12.9799 , 0
5.17186 , 12.9874 , 0
5.17184 , 12.995 , 0
5.17182 , 13.0025 , 0
5.17181 , 13.0101 , 0
5.17179 , 13.0176 , 0
5.17177 , 13.0252 , 0
5.17176 , 13.0327 , 0
5.17174 , 13.0402 , 0
5.17172 , 13.0478 , 0
5.17171 , 13.0553 , 0
5.17169 , 13.0629 , 0
5.17168 , 13.0704 , 0
5.17166 , 13.078 , 0
5.17164 , 13.0855 , 0
5.17163 , 13.0931 , 0
5.17161 , 13.1006 , 0
5.17159 , 13.1082 , 0
5.17158 , 13.1157 , 0
5.17156 , 13.1233 , 0
5.17154 , 13.1308 , 0
5.17153 , 13.1384 , 0
5.17151 , 13.1459 , 0
5.1715 , 13.1534 , 0
5.17148 , 13.161 , 0
5.17146 , 13.1685 , 0
5.17145 , 13.1761 , 0
5.17143 , 13.1836 , 0
5.17141 , 13.1912 , 0
5.1714 , 13.1987 , 0
5.17138 , 13.2063 , 0
5.17136 , 13.2138 , 0
5.17135 , 13.2214 , 0
5.17133 , 13.2289 , 0
5.17132 , 13.2365 , 0
5.1713 , 13.244 , 0
5.17128 , 13.2515 , 0
5.17127 , 13.2591 , 0
5.17125 , 13.2666 , 0
5.17123 , 13.2742 , 0
5.17122 , 13.2817 , 0
5.1712 , 13.2893 , 0
5.17118 , 13.2968 , 0
5.17117 , 13.3044 , 0
5.17115 , 13.3119 , 0
5.17114 , 13.3195 , 0
5.17112 , 13.327 , 0
5.1711 , 13.3346 , 0
5.17109 , 13.3421 , 0
5.17107 , 13.3497 , 0
5.17105 , 13.3572 , 0
5.17104 , 13.3647 , 0
5.17102 , 13.3723 , 0
5.171 , 13.3798 , 0
5.17099 , 13.3874 , 0
5.17097 , 13.3949 , 0
5.17096 , 13.4025 , 0
5.17094 , 13.41 , 0
5.17092 , 13.4176 , 0
5.17091 , 13.4251 , 0
5.17089 , 13.4327 , 0
5.17087 , 13.4402 , 0
5.17086 , 13.4478 , 0
5.17084 , 13.4553 , 0
5.17082 , 13.4628 , 0
5.17081 , 13.4704 , 0
5.17079 , 13.4779 , 0
5.17078 , 13.4855 , 0
5.17076 , 13.493 , 0
5.17074 , 13.5006 , 0
5.17073 , 13.5081 , 0
5.17071 , 13.5157 , 0
5.17069 , 13.5232 , 0
5.17068 , 13.5308 , 0
5.17066 , 13.5383 , 0
5.17064 , 13.5459 , 0
5.17063 , 13.5534 , 0
5.17061 , 13.561 , 0
5.1706 , 13.5685 , 0
5.17058 , 13.576 , 0
5.17056 , 13.5836 , 0
5.17055 , 13.5911 , 0
5.17053 , 13.5987 , 0
5.17051 , 13.6062 , 0
5.1705 , 13.6138 , 0
5.17048 , 13.6213 , 0
5.17046 , 13.6289 , 0
5.17045 , 13.6364 , 0
5.17043 , 13.644 , 0
5.17042 , 13.6515 , 0
5.1704 , 13.6591 , 0
5.17038 , 13.6666 , 0
5.17037 , 13.6741 , 0
5.17035 , 13.6817 , 0
5.17033 , 13.6892 , 0
5.17032 , 13.6968 , 0
5.1703 , 13.7043 , 0
5.17028 , 13.7119 , 0
5.17027 , 13.7194 , 0
5.17025 , 13.727 , 0
5.17024 , 13.7345 , 0
5.17022 , 13.7421 , 0
5.1702 , 13.7496 , 0
5.17019 , 13.7572 , 0
5.17017 , 13.7647 , 0
5.17015 , 13.7723 , 0
5.17014 , 13.7798 , 0
5.17012 , 13.7873 , 0
5.1701 , 13.7949 , 0
5.17009 , 13.8024 , 0
5.17007 , 13.81 , 0
5.17006 , 13.8175 , 0
5.17004 , 13.8251 , 0
5.17002 , 13.8326 , 0
5.17001 , 13.8402 , 0
5.16999 , 13.8477 , 0
5.16997 , 13.8553 , 0
5.16996 , 13.8628 , 0
5.16994 , 13.8704 , 0
5.16992 , 13.8779 , 0
5.16991 , 13.8854 , 0
5.16989 , 13.893 , 0
5.16988 , 13.9005 , 0
5.16986 , 13.9081 , 0
5.16984 , 13.9156 , 0
5.16983 , 13.9232 , 0
5.16981 , 13.9307 , 0
5.16979 , 13.9383 , 0
5.16978 , 13.9458 , 0
5.16976 , 13.9534 , 0
5.16974 , 13.9609 , 0
5.16973 , 13.9685 , 0
5.16971 , 13.976 , 0
5.1697 , 13.9836 , 0
5.16968 , 13.9911 , 0
5.16966 , 13.9986 , 0
5.16965 , 14.0062 , 0
5.16963 , 14.0137 , 0
5.16961 , 14.0213 , 0
5.1696 , 14.0288 , 0
5.16958 , 14.0364 , 0
5.16957 , 14.0439 , 0
5.16955 , 14.0515 , 0
5.16953 , 14.059 , 0
5.16952 , 14.0666 , 0
5.1695 , 14.0741 , 0
5.16948 , 14.0817 , 0
5.16947 , 14.0892 , 0
5.16945 , 14.0968 , 0
5.16943 , 14.1043 , 0
5.16942 , 14.1118 , 0
5.1694 , 14.1194 , 0
5.16939 , 14.1269 , 0
5.16937 , 14.1345 , 0
5.16935 , 14.142 , 0
5.16934 , 14.1496 , 0
5.16932 , 14.1571 , 0
5.1693 , 14.1647 , 0
5.16929 , 14.1722 , 0
5.16927 , 14.1798 , 0
5.16925 , 14.1873 , 0
5.16924 , 14.1949 , 0
5.16922 , 14.2024 , 0
5.16921 , 14.2099 , 0
5.16919 , 14.2175 , 0
5.16917 , 14.225 , 0
5.16916 , 14.2326 , 0
5.16914 , 14.2401 , 0
5.16912 , 14.2477 , 0
5.16911 , 14.2552 , 0
5.16909 , 14.2628 , 0
5.16907 , 14.2703 , 0
5.16906 , 14.2779 , 0
5.16904 , 14.2854 , 0
5.16903 , 14.293 , 0
5.16901 , 14.3005 , 0
5.16899 , 14.3081 , 0
5.16898 , 14.3156 , 0
5.16896 , 14.3231 , 0
5.16894 , 14.3307 , 0
5.16893 , 14.3382 , 0
5.16891 , 14.3458 , 0
5.16889 , 14.3533 , 0
5.16888 , 14.3609 , 0
5.16886 , 14.3684 , 0
5.16885 , 14.376 , 0
5.16883 , 14.3835 , 0
5.16881 , 14.3911 , 0
5.1688 , 14.3986 , 0
5.16878 , 14.4062 , 0
5.16876 , 14.4137 , 0
5.16875 , 14.4212 , 0
5.16873 , 14.4288 , 0
5.16871 , 14.4363 , 0
5.1687 , 14.4439 , 0
5.16868 , 14.4514 , 0
5.16867 , 14.459 , 0
5.16865 , 14.4665 , 0
5.16863 , 14.4741 , 0
5.16862 , 14.4816 , 0
5.1686 , 14.4892 , 0
5.16858 , 14.4967 , 0
5.16857 , 14.5043 , 0
5.16855 , 14.5118 , 0
5.16853 , 14.5194 , 0
5.16852 , 14.5269 , 0
5.1685 , 14.5344 , 0
5.16849 , 14.542 , 0
5.16847 , 14.5495 , 0
5.16845 , 14.5571 , 0
5.16844 , 14.5646 , 0
5.16842 , 14.5722 , 0
5.1684 , 14.5797 , 0
5.16839 , 14.5873 , 0
5.16837 , 14.5948 , 0
5.16835 , 14.6024 , 0
5.16834 , 14.6099 , 0
5.16832 , 14.6175 , 0
5.16831 , 14.625 , 0
5.16829 , 14.6325 , 0
5.16827 , 14.6401 , 0
5.16826 , 14.6476 , 0
5.16824 , 14.6552 , 0
5.16822 , 14.6627 , 0
5.16821 , 14.6703 , 0
5.16819 , 14.6778 , 0
5.16817 , 14.6854 , 0
5.16816 , 14.6929 , 0
5.16814 , 14.7005 , 0
5.16813 , 14.708 , 0
5.16811 , 14.7156 , 0
5.16809 , 14.7231 , 0
5.16808 , 14.7307 , 0
5.16806 , 14.7382 , 0
5.16804 , 14.7457 , 0
5.16803 , 14.7533 , 0
5.16801 , 14.7608 , 0
5.16799 , 14.7684 , 0
5.16798 , 14.7759 , 0
5.16796 , 14.7835 , 0
5.16795 , 14.791 , 0
5.16793 , 14.7986 , 0
5.16791 , 14.8061 , 0
5.1679 , 14.8137 , 0
5.16788 , 14.8212 , 0
5.16786 , 14.8288 , 0
5.16785 , 14.8363 , 0
5.16783 , 14.8438 , 0
5.16781 , 14.8514 , 0
5.1678 , 14.8589 , 0
5.16778 , 14.8665 , 0
5.16777 , 14.874 , 0
5.16775 , 14.8816 , 0
5.16773 , 14.8891 , 0
5.16772 , 14.8967 , 0
5.1677 , 14.9042 , 0
5.16768 , 14.9118 , 0
5.16767 , 14.9193 , 0
5.16765 , 14.9269 , 0
5.16763 , 14.9344 , 0
5.16762 , 14.942 , 0
5.1676 , 14.9495 , 0
5.16759 , 14.957 , 0
5.16757 , 14.9646 , 0
5.16755 , 14.9721 , 0
5.16754 , 14.9797 , 0
5.16752 , 14.9872 , 0
5.1675 , 14.9948 , 0
5.16749 , 15.0023 , 0
5.16747 , 15.0099 , 0
5.16745 , 15.0174 , 0
5.16744 , 15.025 , 0
5.16742 , 15.0325 , 0
5.16741 , 15.0401 , 0
5.16739 , 15.0476 , 0
5.16737 , 15.0551 , 0
5.16736 , 15.0627 , 0
5.16734 , 15.0702 , 0
5.16732 , 15.0778 , 0
5.16731 , 15.0853 , 0
5.16729 , 15.0929 , 0
5.16727 , 15.1004 , 0
5.16726 , 15.108 , 0
5.16724 , 15.1155 , 0
5.16723 , 15.1231 , 0
5.16721 , 15.1306 , 0
5.16719 , 15.1382 , 0
5.16718 , 15.1457 , 0
5.16716 , 15.1533 , 0
5.16714 , 15.1608 , 0
5.16713 , 15.1683 , 0
5.16711 , 15.1759 , 0
5.16709 , 15.1834 , 0
5.16708 , 15.191 , 0
5.16706 , 15.1985 , 0
5.16705 , 15.2061 , 0
5.16703 , 15.2136 , 0
5.16701 , 15.2212 , 0
5.167 , 15.2287 , 0
5.16698 , 15.2363 , 0
5.16696 , 15.2438 , 0
5.16695 , 15.2514 , 0
5.16693 , 15.2589 , 0
5.16691 , 15.2664 , 0
5.1669 , 15.274 , 0
5.16688 , 15.2815 , 0
5.16687 , 15.2891 , 0
5.16685 , 15.2966 , 0
5.16683 , 15.3042 , 0
5.16682 , 15.3117 , 0
5.1668 , 15.3193 , 0
5.16678 , 15.3268 , 0
5.16677 , 15.3344 , 0
5.16675 , 15.3419 , 0
5.16673 , 15.3495 , 0
5.16672 , 15.357 , 0
5.1667 , 15.3646 , 0
5.16669 , 15.3721 , 0
5.16667 , 15.3796 , 0
5.16665 , 15.3872 , 0
5.16664 , 15.3947 , 0
5.16662 , 15.4023 , 0
5.1666 , 15.4098 , 0
5.16659 , 15.4174 , 0
5.16657 , 15.4249 , 0
5.16655 , 15.4325 , 0
5.16654 , 15.44 , 0
5.16652 , 15.4476 , 0
5.16651 , 15.4551 , 0
5.16649 , 15.4627 , 0
5.16647 , 15.4702 , 0
5.16646 , 15.4777 , 0
5.16644 , 15.4853 , 0
5.16642 , 15.4928 , 0
5.16641 , 15.5004 , 0
5.16639 , 15.5079 , 0
5.16637 , 15.5155 , 0
5.16636 , 15.523 , 0
5.16634 , 15.5306 , 0
5.16633 , 15.5381 , 0
5.16631 , 15.5457 , 0
5.16629 , 15.5532 , 0
5.16628 , 15.5608 , 0
5.16626 , 15.5683 , 0
5.16624 , 15.5759 , 0
5.16623 , 15.5834 , 0
5.16621 , 15.5909 , 0
5.16619 , 15.5985 , 0
5.16618 , 15.606 , 0
5.16616 , 15.6136 , 0
5.16615 , 15.6211 , 0
5.16613 , 15.6287 , 0
5.16611 , 15.6362 , 0
5.1661 , 15.6438 , 0
5.16608 , 15.6513 , 0
5.16606 , 15.6589 , 0
5.16605 , 15.6664 , 0
5.16603 , 15.674 , 0
5.16601 , 15.6815 , 0
5.166 , 15.689 , 0
5.16598 , 15.6966 , 0
5.16597 , 15.7041 , 0
5.16595 , 15.7117 , 0
5.16593 , 15.7192 , 0
5.16592 , 15.7268 , 0
5.1659 , 15.7343 , 0
5.16588 , 15.7419 , 0
5.16587 , 15.7494 , 0
5.16585 , 15.757 , 0
5.16583 , 15.7645 , 0
5.16582 , 15.7721 , 0
5.1658 , 15.7796 , 0
5.16579 , 15.7872 , 0
5.16577 , 15.7947 , 0
5.16575 , 15.8022 , 0
5.16574 , 15.8098 , 0
5.16572 , 15.8173 , 0
5.1657 , 15.8249 , 0
5.16569 , 15.8324 , 0
5.16567 , 15.84 , 0
5.16565 , 15.8475 , 0
5.16564 , 15.8551 , 0
5.16562 , 15.8626 , 0
5.16561 , 15.8702 , 0
5.16559 , 15.8777 , 0
5.16557 , 15.8853 , 0
5.16556 , 15.8928 , 0
5.16554 , 15.9004 , 0
5.16552 , 15.9079 , 0
5.16551 , 15.9154 , 0
5.16549 , 15.923 , 0
5.16547 , 15.9305 , 0
5.16546 , 15.9381 , 0
5.16544 , 15.9456 , 0
5.16543 , 15.9532 , 0
5.16541 , 15.9607 , 0
5.16539 , 15.9683 , 0
5.16538 , 15.9758 , 0
5.16536 , 15.9834 , 0
5.16534 , 15.9909 , 0
5.16533 , 15.9985 , 0
5.16531 , 16.006 , 0
5.16529 , 16.0135 , 0
5.16528 , 16.0211 , 0
5.16526 , 16.0286 , 0
5.16525 , 16.0362 , 0
5.16523 , 16.0437 , 0
5.16521 , 16.0513 , 0
5.1652 , 16.0588 , 0
5.16518 , 16.0664 , 0
5.16516 , 16.0739 , 0
5.16515 , 16.0815 , 0
5.16513 , 16.089 , 0
5.16511 , 16.0966 , 0
5.1651 , 16.1041 , 0
5.16508 , 16.1117 , 0
5.16507 , 16.1192 , 0
5.16505 , 16.1267 , 0
5.16503 , 16.1343 , 0
5.16502 , 16.1418 , 0
5.165 , 16.1494 , 0
5.16498 , 16.1569 , 0
5.16497 , 16.1645 , 0
5.16495 , 16.172 , 0
5.16493 , 16.1796 , 0
5.16492 , 16.1871 , 0
5.1649 , 16.1947 , 0
5.16489 , 16.2022 , 0
5.16487 , 16.2098 , 0
5.16485 , 16.2173 , 0
5.16484 , 16.2248 , 0
5.16482 , 16.2324 , 0
5.1648 , 16.2399 , 0
5.16479 , 16.2475 , 0
5.16477 , 16.255 , 0
5.16475 , 16.2626 , 0
5.16474 , 16.2701 , 0
5.16472 , 16.2777 , 0
5.16471 , 16.2852 , 0
5.16469 , 16.2928 , 0
5.16467 , 16.3003 , 0
5.16466 , 16.3079 , 0
5.16464 , 16.3154 , 0
5.16462 , 16.323 , 0
5.16461 , 16.3305 , 0
5.16459 , 16.338 , 0
5.16457 , 16.3456 , 0
5.16456 , 16.3531 , 0
5.16454 , 16.3607 , 0
5.16453 , 16.3682 , 0
5.16451 , 16.3758 , 0
5.16449 , 16.3833 , 0
5.16448 , 16.3909 , 0
5.16446 , 16.3984 , 0
5.16444 , 16.406 , 0
5.16443 , 16.4135 , 0
5.16441 , 16.4211 , 0
5.16439 , 16.4286 , 0
5.16438 , 16.4361 , 0
5.16436 , 16.4437 , 0
5.16435 , 16.4512 , 0
5.16433 , 16.4588 , 0
5.16431 , 16.4663 , 0
5.1643 , 16.4739 , 0
5.16428 , 16.4814 , 0
5.16426 , 16.489 , 0
5.16425 , 16.4965 , 0
5.16423 , 16.5041 , 0
5.16421 , 16.5116 , 0
5.1642 , 16.5192 , 0
5.16418 , 16.5267 , 0
5.16417 , 16.5343 , 0
5.16415 , 16.5418 , 0
5.16413 , 16.5493 , 0
5.16412 , 16.5569 , 0
5.1641 , 16.5644 , 0
5.16408 , 16.572 , 0
5.16407 , 16.5795 , 0
5.16405 , 16.5871 , 0
5.16403 , 16.5946 , 0
5.16402 , 16.6022 , 0
5.164 , 16.6097 , 0
5.16399 , 16.6173 , 0
5.16397 , 16.6248 , 0
5.16395 , 16.6324 , 0
5.16394 , 16.6399 , 0
5.16392 , 16.6474 , 0
5.1639 , 16.655 , 0
5.16389 , 16.6625 , 0
5.16387 , 16.6701 , 0
5.16385 , 16.6776 , 0
5.16384 , 16.6852 , 0
5.16382 , 16.6927 , 0
5.16381 , 16.7003 , 0
5.16379 , 16.7078 , 0
5.16377 , 16.7154 , 0
5.16376 , 16.7229 , 0
5.16374 , 16.7305 , 0
5.16372 , 16.738 , 0
5.16371 , 16.7456 , 0
5.16369 , 16.7531 , 0
5.16367 , 16.7606 , 0
5.16366 , 16.7682 , 0
5.16364 , 16.7757 , 0
5.16363 , 16.7833 , 0
5.16361 , 16.7908 , 0
5.16359 , 16.7984 , 0
5.16358 , 16.8059 , 0
5.16356 , 16.8135 , 0
5.16354 , 16.821 , 0
5.16353 , 16.8286 , 0
5.16351 , 16.8361 , 0
5.16349 , 16.8437 , 0
5.16348 , 16.8512 , 0
5.16346 , 16.8587 , 0
5.16345 , 16.8663 , 0
5.16343 , 16.8738 , 0
5.16341 , 16.8814 , 0
5.1634 , 16.8889 , 0
5.16338 , 16.8965 , 0
5.16336 , 16.904 , 0
5.16335 , 16.9116 , 0
5.16333 , 16.9191 , 0
5.16331 , 16.9267 , 0
5.1633 , 16.9342 , 0
5.16328 , 16.9418 , 0
5.16327 , 16.9493 , 0
5.16325 , 16.9569 , 0
5.16323 , 16.9644 , 0
5.16322 , 16.9719 , 0
5.1632 , 16.9795 , 0
5.16318 , 16.987 , 0
5.16317 , 16.9946 , 0
5.16315 , 17.0021 , 0
5.16313 , 17.0097 , 0
5.16312 , 17.0172 , 0
5.1631 , 17.0248 , 0
5.16309 , 17.0323 , 0
5.16307 , 17.0399 , 0
5.16305 , 17.0474 , 0
5.16304 , 17.055 , 0
5.16302 , 17.0625 , 0
5.163 , 17.07 , 0
5.16299 , 17.0776 , 0
5.16297 , 17.0851 , 0
5.16295 , 17.0927 , 0
5.16294 , 17.1002 , 0
5.16292 , 17.1078 , 0
5.16291 , 17.1153 , 0
5.16289 , 17.1229 , 0
5.16287 , 17.1304 , 0
5.16286 , 17.138 , 0
5.16284 , 17.1455 , 0
5.16282 , 17.1531 , 0
5.16281 , 17.1606 , 0
5.16279 , 17.1682 , 0
5.16277 , 17.1757 , 0
5.16276 , 17.1832 , 0
5.16274 , 17.1908 , 0
5.16273 , 17.1983 , 0
5.16271 , 17.2059 , 0
5.16269 , 17.2134 , 0
5.16268 , 17.221 , 0
5.16266 , 17.2285 , 0
5.16264 , 17.2361 , 0
5.16263 , 17.2436 , 0
5.16261 , 17.2512 , 0
5.16259 , 17.2587 , 0
5.16258 , 17.2663 , 0
5.16256 , 17.2738 , 0
5.16255 , 17.2813 , 0
5.16253 , 17.2889 , 0
5.16251 , 17.2964 , 0
5.1625 , 17.304 , 0
5.16248 , 17.3115 , 0
5.16246 , 17.3191 , 0
5.16245 , 17.3266 , 0
5.16243 , 17.3342 , 0
5.16241 , 17.3417 , 0
5.1624 , 17.3493 , 0
5.16238 , 17.3568 , 0
5.16237 , 17.3644 , 0
5.16235 , 17.3719 , 0
5.16233 , 17.3795 , 0
5.16232 , 17.387 , 0
5.1623 , 17.3945 , 0
5.16228 , 17.4021 , 0
5.16227 , 17.4096 , 0
5.16225 , 17.4172 , 0
5.16223 , 17.4247 , 0
5.16222 , 17.4323 , 0
5.1622 , 17.4398 , 0
5.16219 , 17.4474 , 0
5.16217 , 17.4549 , 0
5.16215 , 17.4625 , 0
5.16214 , 17.47 , 0
5.16212 , 17.4776 , 0
5.1621 , 17.4851 , 0
5.16209 , 17.4926 , 0
5.16207 , 17.5002 , 0
5.16206 , 17.5077 , 0
5.16204 , 17.5153 , 0
5.16202 , 17.5228 , 0
5.16201 , 17.5304 , 0
5.16199 , 17.5379 , 0
5.16197 , 17.5455 , 0
5.16196 , 17.553 , 0
5.16194 , 17.5606 , 0
5.16192 , 17.5681 , 0
5.16191 , 17.5757 , 0
5.16189 , 17.5832 , 0
5.16188 , 17.5908 , 0
5.16186 , 17.5983 , 0
5.16184 , 17.6058 , 0
5.16183 , 17.6134 , 0
5.16181 , 17.6209 , 0
5.16179 , 17.6285 , 0
5.16178 , 17.636 , 0
5.16176 , 17.6436 , 0
5.16174 , 17.6511 , 0
5.16173 , 17.6587 , 0
5.16171 , 17.6662 , 0
5.1617 , 17.6738 , 0
5.16168 , 17.6813 , 0
5.16166 , 17.6889 , 0
5.16165 , 17.6964 , 0
5.16163 , 17.704 , 0
5.16161 , 17.7115 , 0
5.1616 , 17.719 , 0
5.16158 , 17.7266 , 0
5.16156 , 17.7341 , 0
5.16155 , 17.7417 , 0
5.16153 , 17.7492 , 0
5.16152 , 17.7568 , 0
5.1615 , 17.7643 , 0
5.16148 , 17.7719 , 0
5.16147 , 17.7794 , 0
5.16145 , 17.787 , 0
5.16143 , 17.7945 , 0
5.16142 , 17.8021 , 0
5.1614 , 17.8096 , 0
5.16138 , 17.8171 , 0
5.16137 , 17.8247 , 0
5.16135 , 17.8322 , 0
5.16134 , 17.8398 , 0
5.16132 , 17.8473 , 0
5.1613 , 17.8549 , 0
5.16129 , 17.8624 , 0
5.16127 , 17.87 , 0
5.16125 , 17.8775 , 0
5.16124 , 17.8851 , 0
5.16122 , 17.8926 , 0
5.1612 , 17.9002 , 0
5.16119 , 17.9077 , 0
5.16117 , 17.9153 , 0
5.16116 , 17.9228 , 0
5.16114 , 17.9303 , 0
5.16112 , 17.9379 , 0
5.16111 , 17.9454 , 0
5.16109 , 17.953 , 0
5.16107 , 17.9605 , 0
5.16106 , 17.9681 , 0
5.16104 , 17.9756 , 0
5.16102 , 17.9832 , 0
5.16101 , 17.9907 , 0
5.16099 , 17.9983 , 0
5.16098 , 18.0058 , 0
5.16096 , 18.0134 , 0
5.16094 , 18.0209 , 0
5.16093 , 18.0284 , 0
5.16091 , 18.036 , 0
5.16089 , 18.0435 , 0
5.16088 , 18.0511 , 0
5.16086 , 18.0586 , 0
5.16084 , 18.0662 , 0
5.16083 , 18.0737 , 0
5.16081 , 18.0813 , 0
5.1608 , 18.0888 , 0
5.16078 , 18.0964 , 0
5.16076 , 18.1039 , 0
5.16075 , 18.1115 , 0
5.16073 , 18.119 , 0
5.16071 , 18.1266 , 0
5.1607 , 18.1341 , 0
5.16068 , 18.1416 , 0
5.16066 , 18.1492 , 0
5.16065 , 18.1567 , 0
5.16063 , 18.1643 , 0
5.16062 , 18.1718 , 0
5.1606 , 18.1794 , 0
5.16058 , 18.1869 , 0
5.16057 , 18.1945 , 0
5.16055 , 18.202 , 0
5.16053 , 18.2096 , 0
5.16052 , 18.2171 , 0
5.1605 , 18.2247 , 0
5.16048 , 18.2322 , 0
5.16047 , 18.2397 , 0
5.16045 , 18.2473 , 0
5.16044 , 18.2548 , 0
5.16042 , 18.2624 , 0
5.1604 , 18.2699 , 0
5.16039 , 18.2775 , 0
5.16037 , 18.285 , 0
5.16035 , 18.2926 , 0
5.16034 , 18.3001 , 0
5.16032 , 18.3077 , 0
5.1603 , 18.3152 , 0
5.16029 , 18.3228 , 0
5.16027 , 18.3303 , 0
5.16026 , 18.3379 , 0
5.16024 , 18.3454 , 0
5.16022 , 18.3529 , 0
5.16021 , 18.3605 , 0
5.16019 , 18.368 , 0
5.16017 , 18.3756 , 0
5.16016 , 18.3831 , 0
5.16014 , 18.3907 , 0
5.16012 , 18.3982 , 0
5.16011 , 18.4058 , 0
5.16009 , 18.4133 , 0
5.16008 , 18.4209 , 0
5.16006 , 18.4284 , 0
5.16004 , 18.436 , 0
5.16003 , 18.4435 , 0
5.16001 , 18.451 , 0
5.15999 , 18.4586 , 0
5.15998 , 18.4661 , 0
5.15996 , 18.4737 , 0
5.15994 , 18.4812 , 0
5.15993 , 18.4888 , 0
5.15991 , 18.4963 , 0
5.1599 , 18.5039 , 0
5.15988 , 18.5114 , 0
5.15986 , 18.519 , 0
5.15985 , 18.5265 , 0
5.15983 , 18.5341 , 0
5.15981 , 18.5416 , 0
5.1598 , 18.5492 , 0
5.15978 , 18.5567 , 0
5.15976 , 18.5642 , 0
5.15975 , 18.5718 , 0
5.15973 , 18.5793 , 0
5.15972 , 18.5869 , 0
5.1597 , 18.5944 , 0
5.15968 , 18.602 , 0
5.15967 , 18.6095 , 0
5.15965 , 18.6171 , 0
5.15963 , 18.6246 , 0
5.15962 , 18.6322 , 0
5.1596 , 18.6397 , 0
5.15958 , 18.6473 , 0
5.15957 , 18.6548 , 0
5.15955 , 18.6623 , 0
5.15954 , 18.6699 , 0
5.15952 , 18.6774 , 0
5.1595 , 18.685 , 0
5.15949 , 18.6925 , 0
5.15947 , 18.7001 , 0
5.15945 , 18.7076 , 0
5.15944 , 18.7152 , 0
5.15942 , 18.7227 , 0
5.1594 , 18.7303 , 0
5.15939 , 18.7378 , 0
5.15937 , 18.7454 , 0
5.15936 , 18.7529 , 0
5.15934 , 18.7605 , 0
5.15932 , 18.768 , 0
5.15931 , 18.7755 , 0
5.15929 , 18.7831 , 0
5.15927 , 18.7906 , 0
5.15926 , 18.7982 , 0
5.15924 , 18.8057 , 0
5.15922 , 18.8133 , 0
5.15921 , 18.8208 , 0
5.15919 , 18.8284 , 0
5.15918 , 18.8359 , 0
5.15916 , 18.8435 , 0
5.15914 , 18.851 , 0
5.15913 , 18.8586 , 0
5.15911 , 18.8661 , 0
5.15909 , 18.8736 , 0
5.15908 , 18.8812 , 0
5.15906 , 18.8887 , 0
5.15904 , 18.8963 , 0
5.15903 , 18.9038 , 0
5.15901 , 18.9114 , 0
5.159 , 18.9189 , 0
5.15898 , 18.9265 , 0
5.15896 , 18.934 , 0
5.15895 , 18.9416 , 0
5.15893 , 18.9491 , 0
5.15891 , 18.9567 , 0
5.1589 , 18.9642 , 0
5.15888 , 18.9718 , 0
5.15886 , 18.9793 , 0
5.15885 , 18.9868 , 0
5.15883 , 18.9944 , 0
5.15882 , 19.0019 , 0
5.1588 , 19.0095 , 0
5.15878 , 19.017 , 0
5.15877 , 19.0246 , 0
5.15875 , 19.0321 , 0
5.15873 , 19.0397 , 0
5.15872 , 19.0472 , 0
5.1587 , 19.0548 , 0
5.15868 , 19.0623 , 0
5.15867 , 19.0699 , 0
5.15865 , 19.0774 , 0
5.15864 , 19.0849 , 0
5.15862 , 19.0925 , 0
5.1586 , 19.1 , 0
5.15859 , 19.1076 , 0
5.15857 , 19.1151 , 0
5.15855 , 19.1227 , 0
5.15854 , 19.1302 , 0
5.15852 , 19.1378 , 0
5.1585 , 19.1453 , 0
5.15849 , 19.1529 , 0
5.15847 , 19.1604 , 0
5.15846 , 19.168 , 0
5.15844 , 19.1755 , 0
5.15842 , 19.1831 , 0
5.15841 , 19.1906 , 0
5.15839 , 19.1981 , 0
5.15837 , 19.2057 , 0
5.15836 , 19.2132 , 0
5.15834 , 19.2208 , 0
5.15832 , 19.2283 , 0
5.15831 , 19.2359 , 0
5.15829 , 19.2434 , 0
5.15828 , 19.251 , 0
5.15826 , 19.2585 , 0
5.15824 , 19.2661 , 0
5.15823 , 19.2736 , 0
5.15821 , 19.2812 , 0
5.15819 , 19.2887 , 0
5.15818 , 19.2962 , 0
5.15816 , 19.3038 , 0
5.15814 , 19.3113 , 0
5.15813 , 19.3189 , 0
5.15811 , 19.3264 , 0
5.1581 , 19.334 , 0
5.15808 , 19.3415 , 0
5.15806 , 19.3491 , 0
5.15805 , 19.3566 , 0
5.15803 , 19.3642 , 0
5.15801 , 19.3717 , 0
5.158 , 19.3793 , 0
5.15798 , 19.3868 , 0
5.15796 , 19.3944 , 0
5.15795 , 19.4019 , 0
5.15793 , 19.4094 , 0
5.15792 , 19.417 , 0
5.1579 , 19.4245 , 0
5.15788 , 19.4321 , 0
5.15787 , 19.4396 , 0
5.15785 , 19.4472 , 0
5.15783 , 19.4547 , 0
5.15782 , 19.4623 , 0
5.1578 , 19.4698 , 0
5.15778 , 19.4774 , 0
5.15777 , 19.4849 , 0
5.15775 , 19.4925 , 0
5.15774 , 19.5 , 0
5.15772 , 19.5076 , 0
5.1577 , 19.5151 , 0
5.15769 , 19.5226 , 0
5.15767 , 19.5302 , 0
5.15765 , 19.5377 , 0
5.15764 , 19.5453 , 0
5.15762 , 19.5528 , 0
5.1576 , 19.5604 , 0
5.15759 , 19.5679 , 0
5.15757 , 19.5755 , 0
5.15756 , 19.583 , 0
5.15754 , 19.5906 , 0
5.15752 , 19.5981 , 0
5.15751 , 19.6057 , 0
5.15749 , 19.6132 , 0
5.15747 , 19.6207 , 0
5.15746 , 19.6283 , 0
5.15744 , 19.6358 , 0
5.15742 , 19.6434 , 0
5.15741 , 19.6509 , 0
5.15739 , 19.6585 , 0
5.15738 , 19.666 , 0
5.15736 , 19.6736 , 0
5.15734 , 19.6811 , 0
5.15733 , 19.6887 , 0
5.15731 , 19.6962 , 0
5.15729 , 19.7038 , 0
5.15728 , 19.7113 , 0
5.15726 , 19.7189 , 0
5.15724 , 19.7264 , 0
5.15723 , 19.7339 , 0
5.15721 , 19.7415 , 0
5.1572 , 19.749 , 0
5.15718 , 19.7566 , 0
5.15716 , 19.7641 , 0
5.15715 , 19.7717 , 0
5.15713 , 19.7792 , 0
5.15711 , 19.7868 , 0
5.1571 , 19.7943 , 0
5.15708 , 19.8019 , 0
5.15706 , 19.8094 , 0
5.15705 , 19.817 , 0
5.15703 , 19.8245 , 0
5.15702 , 19.832 , 0
5.157 , 19.8396 , 0
5.15698 , 19.8471 , 0
5.15697 , 19.8547 , 0
5.15695 , 19.8622 , 0
5.15693 , 19.8698 , 0
5.15692 , 19.8773 , 0
5.1569 , 19.8849 , 0
5.15688 , 19.8924 , 0
5.15687 , 19.9 , 0
5.15685 , 19.9075 , 0
5.15684 , 19.9151 , 0
5.15682 , 19.9226 , 0
5.1568 , 19.9302 , 0
5.15679 , 19.9377 , 0
5.15677 , 19.9452 , 0
5.15675 , 19.9528 , 0
5.15674 , 19.9603 , 0
5.15672 , 19.9679 , 0
5.1567 , 19.9754 , 0
5.15669 , 19.983 , 0
5.15667 , 19.9905 , 0
5.15666 , 19.9981 , 0
5.15664 , 20.0056 , 0
5.15662 , 20.0132 , 0
5.15661 , 20.0207 , 0
5.15659 , 20.0283 , 0
5.15657 , 20.0358 , 0
5.15656 , 20.0433 , 0
5.15654 , 20.0509 , 0
5.15652 , 20.0584 , 0
5.15651 , 20.066 , 0
5.15649 , 20.0735 , 0
5.15648 , 20.0811 , 0
5.15646 , 20.0886 , 0
5.15644 , 20.0962 , 0
5.15643 , 20.1037 , 0
5.15641 , 20.1113 , 0
5.15639 , 20.1188 , 0
5.15638 , 20.1264 , 0
5.15636 , 20.1339 , 0
5.15634 , 20.1415 , 0
5.15633 , 20.149 , 0
5.15631 , 20.1565 , 0
5.1563 , 20.1641 , 0
5.15628 , 20.1716 , 0
5.15626 , 20.1792 , 0
5.15625 , 20.1867 , 0
5.15623 , 20.1943 , 0
5.15621 , 20.2018 , 0
5.1562 , 20.2094 , 0
5.15618 , 20.2169 , 0
5.15616 , 20.2245 , 0
5.15615 , 20.232 , 0
5.15613 , 20.2396 , 0
5.15612 , 20.2471 , 0
5.1561 , 20.2546 , 0
5.15608 , 20.2622 , 0
5.15607 , 20.2697 , 0
5.15605 , 20.2773 , 0
5.15603 , 20.2848 , 0
5.15602 , 20.2924 , 0
5.156 , 20.2999 , 0
5.15598 , 20.3075 , 0
5.15597 , 20.315 , 0
5.15595 , 20.3226 , 0
5.15594 , 20.3301 , 0
5.15592 , 20.3377 , 0
5.1559 , 20.3452 , 0
5.15589 , 20.3528 , 0
5.15587 , 20.3603 , 0
5.15585 , 20.3678 , 0
5.15584 , 20.3754 , 0
5.15582 , 20.3829 , 0
5.1558 , 20.3905 , 0
5.15579 , 20.398 , 0
5.15577 , 20.4056 , 0
5.15576 , 20.4131 , 0
5.15574 , 20.4207 , 0
5.15572 , 20.4282 , 0
5.15571 , 20.4358 , 0
5.15569 , 20.4433 , 0
5.15567 , 20.4509 , 0
5.15566 , 20.4584 , 0
5.15564 , 20.4659 , 0
5.15562 , 20.4735 , 0
5.15561 , 20.481 , 0
5.15559 , 20.4886 , 0
5.15558 , 20.4961 , 0
5.15556 , 20.5037 , 0
5.15554 , 20.5112 , 0
5.15553 , 20.5188 , 0
5.15551 , 20.5263 , 0
5.15549 , 20.5339 , 0
5.15548 , 20.5414 , 0
5.15546 , 20.549 , 0
5.15544 , 20.5565 , 0
5.15543 , 20.5641 , 0
5.15541 , 20.5716 , 0
5.1554 , 20.5791 , 0
5.15538 , 20.5867 , 0
5.15536 , 20.5942 , 0
5.15535 , 20.6018 , 0
5.15533 , 20.6093 , 0
5.15531 , 20.6169 , 0
5.1553 , 20.6244 , 0
5.15528 , 20.632 , 0
5.15526 , 20.6395 , 0
5.15525 , 20.6471 , 0
5.15523 , 20.6546 , 0
5.15522 , 20.6622 , 0
5.1552 , 20.6697 , 0
5.15518 , 20.6772 , 0
5.15517 , 20.6848 , 0
5.15515 , 20.6923 , 0
5.15513 , 20.6999 , 0
5.15512 , 20.7074 , 0
5.1551 , 20.715 , 0
5.15508 , 20.7225 , 0
5.15507 , 20.7301 , 0
5.15505 , 20.7376 , 0
5.15504 , 20.7452 , 0
5.15502 , 20.7527 , 0
5.155 , 20.7603 , 0
5.15499 , 20.7678 , 0
5.15497 , 20.7754 , 0
5.15495 , 20.7829 , 0
5.15494 , 20.7904 , 0
5.15492 , 20.798 , 0
5.1549 , 20.8055 , 0
5.15489 , 20.8131 , 0
5.15487 , 20.8206 , 0
5.15486 , 20.8282 , 0
5.15484 , 20.8357 , 0
5.15482 , 20.8433 , 0
5.15481 , 20.8508 , 0
5.15479 , 20.8584 , 0
5.15477 , 20.8659 , 0
5.15476 , 20.8735 , 0
5.15474 , 20.881 , 0
5.15472 , 20.8885 , 0
5.15471 , 20.8961 , 0
5.15469 , 20.9036 , 0
5.15468 , 20.9112 , 0
5.15466 , 20.9187 , 0
5.15464 , 20.9263 , 0
5.15463 , 20.9338 , 0
5.15461 , 20.9414 , 0
5.15459 , 20.9489 , 0
5.15458 , 20.9565 , 0
5.15456 , 20.964 , 0
5.15455 , 20.9716 , 0
5.15453 , 20.9791 , 0
5.15451 , 20.9867 , 0
5.1545 , 20.9942 , 0
5.15448 , 21.0017 , 0
5.15446 , 21.0093 , 0
5.15445 , 21.0168 , 0
5.15443 , 21.0244 , 0
5.15441 , 21.0319 , 0
5.1544 , 21.0395 , 0
5.15438 , 21.047 , 0
5.15437 , 21.0546 , 0
5.15435 , 21.0621 , 0
5.15433 , 21.0697 , 0
5.15432 , 21.0772 , 0
5.1543 , 21.0848 , 0
5.15428 , 21.0923 , 0
5.15427 , 21.0999 , 0
5.15425 , 21.1074 , 0
5.15423 , 21.1149 , 0
5.15422 , 21.1225 , 0
5.1542 , 21.13 , 0
5.15419 , 21.1376 , 0
5.15417 , 21.1451 , 0
5.15415 , 21.1527 , 0
5.15414 , 21.1602 , 0
5.15412 , 21.1678 , 0
5.1541 , 21.1753 , 0
5.15409 , 21.1829 , 0
5.15407 , 21.1904 , 0
5.15405 , 21.198 , 0
5.15404 , 21.2055 , 0
5.15402 , 21.213 , 0
5.15401 , 21.2206 , 0
5.15399 , 21.2281 , 0
5.15397 , 21.2357 , 0
5.15396 , 21.2432 , 0
5.15394 , 21.2508 , 0
5.15392 , 21.2583 , 0
5.15391 , 21.2659 , 0
5.15389 , 21.2734 , 0
5.15387 , 21.281 , 0
5.15386 , 21.2885 , 0
5.15384 , 21.2961 , 0
5.15383 , 21.3036 , 0
5.15381 , 21.3112 , 0
5.15379 , 21.3187 , 0
5.15378 , 21.3262 , 0
5.15376 , 21.3338 , 0
5.15374 , 21.3413 , 0
5.15373 , 21.3489 , 0
5.15371 , 21.3564 , 0
5.15369 , 21.364 , 0
5.15368 , 21.3715 , 0
5.15366 , 21.3791 , 0
5.15365 , 21.3866 , 0
5.15363 , 21.3942 , 0
5.15361 , 21.4017 , 0
5.1536 , 21.4093 , 0
5.15358 , 21.4168 , 0
5.15356 , 21.4243 , 0
5.15355 , 21.4319 , 0
5.15353 , 21.4394 , 0
5.15351 , 21.447 , 0
5.1535 , 21.4545 , 0
5.15348 , 21.4621 , 0
5.15347 , 21.4696 , 0
5.15345 , 21.4772 , 0
5.15343 , 21.4847 , 0
5.15342 , 21.4923 , 0
5.1534 , 21.4998 , 0
5.15338 , 21.5074 , 0
5.15337 , 21.5149 , 0
5.15335 , 21.5225 , 0
5.15333 , 21.53 , 0
5.15332 , 21.5375 , 0
5.1533 , 21.5451 , 0
5.15329 , 21.5526 , 0
5.15327 , 21.5602 , 0
5.15325 , 21.5677 , 0
5.15324 , 21.5753 , 0
5.15322 , 21.5828 , 0
5.1532 , 21.5904 , 0
5.15319 , 21.5979 , 0
5.15317 , 21.6055 , 0
5.15315 , 21.613 , 0
5.15314 , 21.6206 , 0
5.15312 , 21.6281 , 0
5.15311 , 21.6356 , 0
5.15309 , 21.6432 , 0
5.15307 , 21.6507 , 0
5.15306 , 21.6583 , 0
5.15304 , 21.6658 , 0
5.15302 , 21.6734 , 0
5.15301 , 21.6809 , 0
5.15299 , 21.6885 , 0
5.15297 , 21.696 , 0
5.15296 , 21.7036 , 0
5.15294 , 21.7111 , 0
5.15293 , 21.7187 , 0
5.15291 , 21.7262 , 0
5.15289 , 21.7338 , 0
5.15288 , 21.7413 , 0
5.15286 , 21.7488 , 0
5.15284 , 21.7564 , 0
5.15283 , 21.7639 , 0
5.15281 , 21.7715 , 0
5.15279 , 21.779 , 0
5.15278 , 21.7866 , 0
5.15276 , 21.7941 , 0
5.15275 , 21.8017 , 0
5.15273 , 21.8092 , 0
5.15271 , 21.8168 , 0
5.1527 , 21.8243 , 0
5.15268 , 21.8319 , 0
5.15266 , 21.8394 , 0
5.15265 , 21.8469 , 0
5.15263 , 21.8545 , 0
5.15261 , 21.862 , 0
5.1526 , 21.8696 , 0
5.15258 , 21.8771 , 0
5.15257 , 21.8847 , 0
5.15255 , 21.8922 , 0
5.15253 , 21.8998 , 0
5.15252 , 21.9073 , 0
5.1525 , 21.9149 , 0
5.15248 , 21.9224 , 0
5.15247 , 21.93 , 0
5.15245 , 21.9375 , 0
5.15243 , 21.9451 , 0
5.15242 , 21.9526 , 0
5.1524 , 21.9601 , 0
5.15239 , 21.9677 , 0
5.15237 , 21.9752 , 0
5.15235 , 21.9828 , 0
5.15234 , 21.9903 , 0
5.15232 , 21.9979 , 0
5.1523 , 22.0054 , 0
5.15229 , 22.013 , 0
5.15227 , 22.0205 , 0
5.15225 , 22.0281 , 0
5.15224 , 22.0356 , 0
5.15222 , 22.0432 , 0
5.15221 , 22.0507 , 0
5.15219 , 22.0582 , 0
5.15217 , 22.0658 , 0
5.15216 , 22.0733 , 0
5.15214 , 22.0809 , 0
5.15212 , 22.0884 , 0
5.15211 , 22.096 , 0
5.15209 , 22.1035 , 0
5.15207 , 22.1111 , 0
5.15206 , 22.1186 , 0
5.15204 , 22.1262 , 0
5.15203 , 22.1337 , 0
5.15201 , 22.1413 , 0
5.15199 , 22.1488 , 0
5.15198 , 22.1564 , 0
5.15196 , 22.1639 , 0
5.15194 , 22.1714 , 0
5.15193 , 22.179 , 0
5.15191 , 22.1865 , 0
5.15189 , 22.1941 , 0
5.15188 , 22.2016 , 0
5.15186 , 22.2092 , 0
5.15185 , 22.2167 , 0
5.15183 , 22.2243 , 0
5.15181 , 22.2318 , 0
5.1518 , 22.2394 , 0
5.15178 , 22.2469 , 0
5.15176 , 22.2545 , 0
5.15175 , 22.262 , 0
5.15173 , 22.2695 , 0
5.15171 , 22.2771 , 0
5.1517 , 22.2846 , 0
5.15168 , 22.2922 , 0
5.15167 , 22.2997 , 0
5.15165 , 22.3073 , 0
5.15163 , 22.3148 , 0
5.15162 , 22.3224 , 0
5.1516 , 22.3299 , 0
5.15158 , 22.3375 , 0
5.15157 , 22.345 , 0
5.15155 , 22.3526 , 0
5.15153 , 22.3601 , 0
5.15152 , 22.3677 , 0
5.1515 , 22.3752 , 0
5.15149 , 22.3827 , 0
5.15147 , 22.3903 , 0
5.15145 , 22.3978 , 0
5.15144 , 22.4054 , 0
5.15142 , 22.4129 , 0
5.1514 , 22.4205 , 0
5.15139 , 22.428 , 0
5.15137 , 22.4356 , 0
5.15135 , 22.4431 , 0
5.15134 , 22.4507 , 0
5.15132 , 22.4582 , 0
5.15131 , 22.4658 , 0
5.15129 , 22.4733 , 0
5.15127 , 22.4808 , 0
5.15126 , 22.4884 , 0
5.15124 , 22.4959 , 0
5.15122 , 22.5035 , 0
5.15121 , 22.511 , 0
5.15119 , 22.5186 , 0
5.15117 , 22.5261 , 0
5.15116 , 22.5337 , 0
5.15114 , 22.5412 , 0
5.15113 , 22.5488 , 0
5.15111 , 22.5563 , 0
5.15109 , 22.5639 , 0
5.15108 , 22.5714 , 0
5.15106 , 22.579 , 0
5.15104 , 22.5865 , 0
5.15103 , 22.594 , 0
5.15101 , 22.6016 , 0
5.15099 , 22.6091 , 0
5.15098 , 22.6167 , 0
5.15096 , 22.6242 , 0
5.15095 , 22.6318 , 0
5.15093 , 22.6393 , 0
5.15091 , 22.6469 , 0
5.1509 , 22.6544 , 0
5.15088 , 22.662 , 0
5.15086 , 22.6695 , 0
5.15085 , 22.6771 , 0
5.15083 , 22.6846 , 0
5.15081 , 22.6921 , 0
5.1508 , 22.6997 , 0
5.15078 , 22.7072 , 0
5.15077 , 22.7148 , 0
5.15075 , 22.7223 , 0
5.15073 , 22.7299 , 0
5.15072 , 22.7374 , 0
5.1507 , 22.745 , 0
5.15068 , 22.7525 , 0
5.15067 , 22.7601 , 0
5.15065 , 22.7676 , 0
5.15063 , 22.7752 , 0
5.15062 , 22.7827 , 0
5.1506 , 22.7903 , 0
5.15059 , 22.7978 , 0
5.15057 , 22.8053 , 0
5.15055 , 22.8129 , 0
5.15054 , 22.8204 , 0
5.15052 , 22.828 , 0
5.1505 , 22.8355 , 0
5.15049 , 22.8431 , 0
5.15047 , 22.8506 , 0
5.15045 , 22.8582 , 0
5.15044 , 22.8657 , 0
5.15042 , 22.8733 , 0
5.15041 , 22.8808 , 0
5.15039 , 22.8884 , 0
5.15037 , 22.8959 , 0
5.15036 , 22.9035 , 0
5.15034 , 22.911 , 0
5.15032 , 22.9185 , 0
5.15031 , 22.9261 , 0
5.15029 , 22.9336 , 0
5.15027 , 22.9412 , 0
5.15026 , 22.9487 , 0
5.15024 , 22.9563 , 0
5.15023 , 22.9638 , 0
5.15021 , 22.9714 , 0
5.15019 , 22.9789 , 0
5.15018 , 22.9865 , 0
5.15016 , 22.994 , 0
5.15014 , 23.0016 , 0
5.15013 , 23.0091 , 0
5.15011 , 23.0166 , 0
5.15009 , 23.0242 , 0
5.15008 , 23.0317 , 0
5.15006 , 23.0393 , 0
5.15005 , 23.0468 , 0
5.15003 , 23.0544 , 0
5.15001 , 23.0619 , 0
5.15 , 23.0695 , 0
5.14998 , 23.077 , 0
5.14996 , 23.0846 , 0
5.14995 , 23.0921 , 0
5.14993 , 23.0997 , 0
5.14991 , 23.1072 , 0
5.1499 , 23.1148 , 0
5.14988 , 23.1223 , 0
5.14987 , 23.1298 , 0
5.14985 , 23.1374 , 0
5.14983 , 23.1449 , 0
5.14982 , 23.1525 , 0
5.1498 , 23.16 , 0
5.14978 , 23.1676 , 0
5.14977 , 23.1751 , 0
5.14975 , 23.1827 , 0
5.14973 , 23.1902 , 0
5.14972 , 23.1978 , 0
5.1497 , 23.2053 , 0
5.14969 , 23.2129 , 0
5.14967 , 23.2204 , 0
5.14965 , 23.2279 , 0
5.14964 , 23.2355 , 0
5.14962 , 23.243 , 0
5.1496 , 23.2506 , 0
5.14959 , 23.2581 , 0
5.14957 , 23.2657 , 0
5.14955 , 23.2732 , 0
5.14954 , 23.2808 , 0
5.14952 , 23.2883 , 0
5.14951 , 23.2959 , 0
5.14949 , 23.3034 , 0
5.14947 , 23.311 , 0
5.14946 , 23.3185 , 0
5.14944 , 23.3261 , 0
5.14942 , 23.3336 , 0
5.14941 , 23.3411 , 0
5.14939 , 23.3487 , 0
5.14937 , 23.3562 , 0
5.14936 , 23.3638 , 0
5.14934 , 23.3713 , 0
5.14933 , 23.3789 , 0
5.14931 , 23.3864 , 0
5.14929 , 23.394 , 0
5.14928 , 23.4015 , 0
5.14926 , 23.4091 , 0
5.14924 , 23.4166 , 0
5.14923 , 23.4242 , 0
5.14921 , 23.4317 , 0
5.14919 , 23.4392 , 0
5.14918 , 23.4468 , 0
5.14916 , 23.4543 , 0
5.14915 , 23.4619 , 0
5.14913 , 23.4694 , 0
5.14911 , 23.477 , 0
5.1491 , 23.4845 , 0
5.14908 , 23.4921 , 0
5.14906 , 23.4996 , 0
5.14905 , 23.5072 , 0
5.14903 , 23.5147 , 0
5.14901 , 23.5223 , 0
5.149 , 23.5298 , 0
5.14898 , 23.5374 , 0
5.14897 , 23.5449 , 0
5.14895 , 23.5524 , 0
5.14893 , 23.56 , 0
5.14892 , 23.5675 , 0
5.1489 , 23.5751 , 0
5.14888 , 23.5826 , 0
5.14887 , 23.5902 , 0
5.14885 , 23.5977 , 0
5.14883 , 23.6053 , 0
5.14882 , 23.6128 , 0
5.1488 , 23.6204 , 0
5.14879 , 23.6279 , 0
5.14877 , 23.6355 , 0
5.14875 , 23.643 , 0
5.14874 , 23.6505 , 0
5.14872 , 23.6581 , 0
5.1487 , 23.6656 , 0
5.14869 , 23.6732 , 0
5.14867 , 23.6807 , 0
5.14865 , 23.6883 , 0
5.14864 , 23.6958 , 0
5.14862 , 23.7034 , 0
5.14861 , 23.7109 , 0
5.14859 , 23.7185 , 0
5.14857 , 23.726 , 0
5.14856 , 23.7336 , 0
5.14854 , 23.7411 , 0
5.14852 , 23.7487 , 0
5.14851 , 23.7562 , 0
5.14849 , 23.7637 , 0
5.14847 , 23.7713 , 0
5.14846 , 23.7788 , 0
5.14844 , 23.7864 , 0
5.14843 , 23.7939 , 0
5.14841 , 23.8015 , 0
5.14839 , 23.809 , 0
5.14838 , 23.8166 , 0
5.14836 , 23.8241 , 0
5.14834 , 23.8317 , 0
5.14833 , 23.8392 , 0
5.14831 , 23.8468 , 0
5.14829 , 23.8543 , 0
5.14828 , 23.8618 , 0
5.14826 , 23.8694 , 0
5.14825 , 23.8769 , 0
5.14823 , 23.8845 , 0
5.14821 , 23.892 , 0
5.1482 , 23.8996 , 0
5.14818 , 23.9071 , 0
5.14816 , 23.9147 , 0
5.14815 , 23.9222 , 0
5.14813 , 23.9298 , 0
5.14811 , 23.9373 , 0
5.1481 , 23.9449 , 0
5.14808 , 23.9524 , 0
5.14807 , 23.96 , 0
5.14805 , 23.9675 , 0
5.14803 , 23.975 , 0
5.14802 , 23.9826 , 0
5.148 , 23.9901 , 0
5.14798 , 23.9977 , 0
5.14797 , 24.0052 , 0
5.14795 , 24.0128 , 0
5.14793 , 24.0203 , 0
5.14792 , 24.0279 , 0
5.1479 , 24.0354 , 0
5.14789 , 24.043 , 0
5.14787 , 24.0505 , 0
5.14785 , 24.0581 , 0
5.14784 , 24.0656 , 0
5.14782 , 24.0731 , 0
5.1478 , 24.0807 , 0
5.14779 , 24.0882 , 0
5.14777 , 24.0958 , 0
5.14775 , 24.1033 , 0
5.14774 , 24.1109 , 0
5.14772 , 24.1184 , 0
5.14771 , 24.126 , 0
5.14769 , 24.1335 , 0
5.14767 , 24.1411 , 0
5.14766 , 24.1486 , 0
5.14764 , 24.1562 , 0
5.14762 , 24.1637 , 0
5.14761 , 24.1713 , 0
5.14759 , 24.1788 , 0
5.14757 , 24.1863 , 0
5.14756 , 24.1939 , 0
5.14754 , 24.2014 , 0
5.14753 , 24.209 , 0
5.14751 , 24.2165 , 0
5.14749 , 24.2241 , 0
5.14748 , 24.2316 , 0
5.14746 , 24.2392 , 0
5.14744 , 24.2467 , 0
5.14743 , 24.2543 , 0
5.14741 , 24.2618 , 0
5.14739 , 24.2694 , 0
5.14738 , 24.2769 , 0
5.14736 , 24.2844 , 0
5.14735 , 24.292 , 0
5.14733 , 24.2995 , 0
5.14731 , 24.3071 , 0
5.1473 , 24.3146 , 0
5.14728 , 24.3222 , 0
5.14726 , 24.3297 , 0
5.14725 , 24.3373 , 0
5.14723 , 24.3448 , 0
5.14721 , 24.3524 , 0
5.1472 , 24.3599 , 0
5.14718 , 24.3675 , 0
5.14717 , 24.375 , 0
5.14715 , 24.3826 , 0
5.14713 , 24.3901 , 0
5.14712 , 24.3976 , 0
5.1471 , 24.4052 , 0
5.14708 , 24.4127 , 0
5.14707 , 24.4203 , 0
5.14705 , 24.4278 , 0
5.14704 , 24.4354 , 0
5.14702 , 24.4429 , 0
5.147 , 24.4505 , 0
5.14699 , 24.458 , 0
5.14697 , 24.4656 , 0
5.14695 , 24.4731 , 0
5.14694 , 24.4807 , 0
5.14692 , 24.4882 , 0
5.1469 , 24.4957 , 0
5.14689 , 24.5033 , 0
5.14687 , 24.5108 , 0
5.14686 , 24.5184 , 0
5.14684 , 24.5259 , 0
5.14682 , 24.5335 , 0
5.14681 , 24.541 , 0
5.14679 , 24.5486 , 0
5.14677 , 24.5561 , 0
5.14676 , 24.5637 , 0
5.14674 , 24.5712 , 0
5.14672 , 24.5788 , 0
5.14671 , 24.5863 , 0
5.14669 , 24.5939 , 0
5.14668 , 24.6014 , 0
5.14666 , 24.6089 , 0
5.14664 , 24.6165 , 0
5.14663 , 24.624 , 0
5.14661 , 24.6316 , 0
5.14659 , 24.6391 , 0
5.14658 , 24.6467 , 0
5.14656 , 24.6542 , 0
5.14654 , 24.6618 , 0
5.14653 , 24.6693 , 0
5.14651 , 24.6769 , 0
5.1465 , 24.6844 , 0
5.14648 , 24.692 , 0
5.14646 , 24.6995 , 0
5.14645 , 24.7071 , 0
5.14643 , 24.7146 , 0
5.14641 , 24.7221 , 0
5.1464 , 24.7297 , 0
5.14638 , 24.7372 , 0
5.14636 , 24.7448 , 0
5.14635 , 24.7523 , 0
5.14633 , 24.7599 , 0
5.14632 , 24.7674 , 0
5.1463 , 24.775 , 0
5.14628 , 24.7825 , 0
5.14627 , 24.7901 , 0
5.14625 , 24.7976 , 0
5.14623 , 24.8052 , 0
5.14622 , 24.8127 , 0
5.1462 , 24.8202 , 0
5.14618 , 24.8278 , 0
5.14617 , 24.8353 , 0
5.14615 , 24.8429 , 0
5.14614 , 24.8504 , 0
5.14612 , 24.858 , 0
5.1461 , 24.8655 , 0
5.14609 , 24.8731 , 0
5.14607 , 24.8806 , 0
5.14605 , 24.8882 , 0
5.14604 , 24.8957 , 0
5.14602 , 24.9033 , 0
5.146 , 24.9108 , 0
5.14599 , 24.9184 , 0
5.14597 , 24.9259 , 0
5.14596 , 24.9334 , 0
5.14594 , 24.941 , 0
5.14592 , 24.9485 , 0
5.14591 , 24.9561 , 0
5.14589 , 24.9636 , 0
5.14587 , 24.9712 , 0
5.14586 , 24.9787 , 0
5.14584 , 24.9863 , 0
5.14582 , 24.9938 , 0
5.14581 , 25.0014 , 0
5.14579 , 25.0089 , 0
5.14578 , 25.0165 , 0
5.14576 , 25.024 , 0
5.14574 , 25.0315 , 0
5.14573 , 25.0391 , 0
5.14571 , 25.0466 , 0
5.14569 , 25.0542 , 0
5.14568 , 25.0617 , 0
5.14566 , 25.0693 , 0
5.14564 , 25.0768 , 0
5.14563 , 25.0844 , 0
5.14561 , 25.0919 , 0
5.1456 , 25.0995 , 0
5.14558 , 25.107 , 0
5.14556 , 25.1146 , 0
5.14555 , 25.1221 , 0
5.14553 , 25.1297 , 0
5.14551 , 25.1372 , 0
5.1455 , 25.1447 , 0
5.14548 , 25.1523 , 0
5.14546 , 25.1598 , 0
5.14545 , 25.1674 , 0
5.14543 , 25.1749 , 0
5.14542 , 25.1825 , 0
5.1454 , 25.19 , 0
5.14538 , 25.1976 , 0
5.14537 , 25.2051 , 0
5.14535 , 25.2127 , 0
5.14533 , 25.2202 , 0
5.14532 , 25.2278 , 0
5.1453 , 25.2353 , 0
5.14528 , 25.2428 , 0
5.14527 , 25.2504 , 0
5.14525 , 25.2579 , 0
5.14524 , 25.2655 , 0
5.14522 , 25.273 , 0
5.1452 , 25.2806 , 0
5.14519 , 25.2881 , 0
5.14517 , 25.2957 , 0
5.14515 , 25.3032 , 0
5.14514 , 25.3108 , 0
5.14512 , 25.3183 , 0
5.1451 , 25.3259 , 0
5.14509 , 25.3334 , 0
5.14507 , 25.341 , 0
5.14506 , 25.3485 , 0
5.14504 , 25.356 , 0
5.14502 , 25.3636 , 0
5.14501 , 25.3711 , 0
5.14499 , 25.3787 , 0
5.14497 , 25.3862 , 0
5.14496 , 25.3938 , 0
5.14494 , 25.4013 , 0
5.14492 , 25.4089 , 0
5.14491 , 25.4164 , 0
5.14489 , 25.424 , 0
5.14488 , 25.4315 , 0
5.14486 , 25.4391 , 0
5.14484 , 25.4466 , 0
5.14483 , 25.4541 , 0
5.14481 , 25.4617 , 0
5.14479 , 25.4692 , 0
5.14478 , 25.4768 , 0
5.14476 , 25.4843 , 0
5.14474 , 25.4919 , 0
5.14473 , 25.4994 , 0
5.14471 , 25.507 , 0
5.1447 , 25.5145 , 0
5.14468 , 25.5221 , 0
5.14466 , 25.5296 , 0
5.14465 , 25.5372 , 0
5.14463 , 25.5447 , 0
5.14461 , 25.5523 , 0
5.1446 , 25.5598 , 0
5.14458 , 25.5673 , 0
5.14456 , 25.5749 , 0
5.14455 , 25.5824 , 0
5.14453 , 25.59 , 0
5.14452 , 25.5975 , 0
5.1445 , 25.6051 , 0
5.14448 , 25.6126 , 0
5.14447 , 25.6202 , 0
5.14445 , 25.6277 , 0
5.14443 , 25.6353 , 0
5.14442 , 25.6428 , 0
5.1444 , 25.6504 , 0
5.14438 , 25.6579 , 0
5.14437 , 25.6654 , 0
5.14435 , 25.673 , 0
5.14434 , 25.6805 , 0
5.14432 , 25.6881 , 0
5.1443 , 25.6956 , 0
5.14429 , 25.7032 , 0
5.14427 , 25.7107 , 0
5.14425 , 25.7183 , 0
5.14424 , 25.7258 , 0
5.14422 , 25.7334 , 0
5.1442 , 25.7409 , 0
5.14419 , 25.7485 , 0
5.14417 , 25.756 , 0
5.14416 , 25.7636 , 0
5.14414 , 25.7711 , 0
5.14412 , 25.7786 , 0
5.14411 , 25.7862 , 0
5.14409 , 25.7937 , 0
5.14407 , 25.8013 , 0
5.14406 , 25.8088 , 0
5.14404 , 25.8164 , 0
5.14402 , 25.8239 , 0
5.14401 , 25.8315 , 0
5.14399 , 25.839 , 0
5.14398 , 25.8466 , 0
5.14396 , 25.8541 , 0
5.14394 , 25.8617 , 0
5.14393 , 25.8692 , 0
5.14391 , 25.8767 , 0
5.14389 , 25.8843 , 0
5.14388 , 25.8918 , 0
5.14386 , 25.8994 , 0
5.14384 , 25.9069 , 0
5.14383 , 25.9145 , 0
5.14381 , 25.922 , 0
5.1438 , 25.9296 , 0
5.14378 , 25.9371 , 0
5.14376 , 25.9447 , 0
5.14375 , 25.9522 , 0
5.14373 , 25.9598 , 0
5.14371 , 25.9673 , 0
5.1437 , 25.9749 , 0
5.14368 , 25.9824 , 0
5.14366 , 25.9899 , 0
5.14365 , 25.9975 , 0
5.14363 , 26.005 , 0
5.14362 , 26.0126 , 0
5.1436 , 26.0201 , 0
5.14358 , 26.0277 , 0
5.14357 , 26.0352 , 0
5.14355 , 26.0428 , 0
5.14353 , 26.0503 , 0
5.14352 , 26.0579 , 0
5.1435 , 26.0654 , 0
5.14348 , 26.073 , 0
5.14347 , 26.0805 , 0
5.14345 , 26.088 , 0
5.14344 , 26.0956 , 0
5.14342 , 26.1031 , 0
5.1434 , 26.1107 , 0
5.14339 , 26.1182 , 0
5.14337 , 26.1258 , 0
5.14335 , 26.1333 , 0
5.14334 , 26.1409 , 0
5.14332 , 26.1484 , 0
5.1433 , 26.156 , 0
5.14329 , 26.1635 , 0
5.14327 , 26.1711 , 0
5.14326 , 26.1786 , 0
5.14324 , 26.1862 , 0
5.14322 , 26.1937 , 0
5.14321 , 26.2012 , 0
5.14319 , 26.2088 , 0
5.14317 , 26.2163 , 0
5.14316 , 26.2239 , 0
5.14314 , 26.2314 , 0
5.14312 , 26.239 , 0
5.14311 , 26.2465 , 0
5.14309 , 26.2541 , 0
5.14308 , 26.2616 , 0
5.14306 , 26.2692 , 0
5.14304 , 26.2767 , 0
5.14303 , 26.2843 , 0
5.14301 , 26.2918 , 0
5.14299 , 26.2993 , 0
5.14298 , 26.3069 , 0
5.14296 , 26.3144 , 0
5.14294 , 26.322 , 0
5.14293 , 26.3295 , 0
5.14291 , 26.3371 , 0
5.1429 , 26.3446 , 0
5.14288 , 26.3522 , 0
5.14286 , 26.3597 , 0
5.14285 , 26.3673 , 0
5.14283 , 26.3748 , 0
5.14281 , 26.3824 , 0
5.1428 , 26.3899 , 0
5.14278 , 26.3975 , 0
5.14276 , 26.405 , 0
5.14275 , 26.4125 , 0
5.14273 , 26.4201 , 0
5.14272 , 26.4276 , 0
5.1427 , 26.4352 , 0
5.14268 , 26.4427 , 0
5.14267 , 26.4503 , 0
5.14265 , 26.4578 , 0
5.14263 , 26.4654 , 0
5.14262 , 26.4729 , 0
5.1426 , 26.4805 , 0
5.14258 , 26.488 , 0
5.14257 , 26.4956 , 0
5.14255 , 26.5031 , 0
5.14254 , 26.5107 , 0
5.14252 , 26.5182 , 0
5.1425 , 26.5257 , 0
5.14249 , 26.5333 , 0
5.14247 , 26.5408 , 0
5.14245 , 26.5484 , 0
5.14244 , 26.5559 , 0
5.14242 , 26.5635 , 0
5.1424 , 26.571 , 0
5.14239 , 26.5786 , 0
5.14237 , 26.5861 , 0
5.14236 , 26.5937 , 0
5.14234 , 26.6012 , 0
5.14232 , 26.6088 , 0
5.14231 , 26.6163 , 0
5.14229 , 26.6238 , 0
5.14227 , 26.6314 , 0
5.14226 , 26.6389 , 0
5.14224 , 26.6465 , 0
5.14222 , 26.654 , 0
5.14221 , 26.6616 , 0
5.14219 , 26.6691 , 0
5.14218 , 26.6767 , 0
5.14216 , 26.6842 , 0
5.14214 , 26.6918 , 0
5.14213 , 26.6993 , 0
5.14211 , 26.7069 , 0
5.14209 , 26.7144 , 0
5.14208 , 26.722 , 0
5.14206 , 26.7295 , 0
5.14204 , 26.737 , 0
5.14203 , 26.7446 , 0
5.14201 , 26.7521 , 0
5.142 , 26.7597 , 0
5.14198 , 26.7672 , 0
5.14196 , 26.7748 , 0
5.14195 , 26.7823 , 0
5.14193 , 26.7899 , 0
5.14191 , 26.7974 , 0
5.1419 , 26.805 , 0
5.14188 , 26.8125 , 0
5.14186 , 26.8201 , 0
5.14185 , 26.8276 , 0
5.14183 , 26.8351 , 0
5.14182 , 26.8427 , 0
5.1418 , 26.8502 , 0
5.14178 , 26.8578 , 0
5.14177 , 26.8653 , 0
5.14175 , 26.8729 , 0
5.14173 , 26.8804 , 0
5.14172 , 26.888 , 0
5.1417 , 26.8955 , 0
5.14168 , 26.9031 , 0
5.14167 , 26.9106 , 0
5.14165 , 26.9182 , 0
5.14164 , 26.9257 , 0
5.14162 , 26.9333 , 0
5.1416 , 26.9408 , 0
5.14159 , 26.9483 , 0
5.14157 , 26.9559 , 0
5.14155 , 26.9634 , 0
5.14154 , 26.971 , 0
5.14152 , 26.9785 , 0
5.1415 , 26.9861 , 0
5.14149 , 26.9936 , 0
5.14147 , 27.0012 , 0
5.14146 , 27.0087 , 0
5.14144 , 27.0163 , 0
5.14142 , 27.0238 , 0
5.14141 , 27.0314 , 0
5.14139 , 27.0389 , 0
5.14137 , 27.0464 , 0
5.14136 , 27.054 , 0
5.14134 , 27.0615 , 0
5.14132 , 27.0691 , 0
5.14131 , 27.0766 , 0
5.14129 , 27.0842 , 0
5.14128 , 27.0917 , 0
5.14126 , 27.0993 , 0
5.14124 , 27.1068 , 0
5.14123 , 27.1144 , 0
5.14121 , 27.1219 , 0
5.14119 , 27.1295 , 0
5.14118 , 27.137 , 0
5.14116 , 27.1446 , 0
5.14114 , 27.1521 , 0
5.14113 , 27.1596 , 0
5.14111 , 27.1672 , 0
5.1411 , 27.1747 , 0
5.14108 , 27.1823 , 0
5.14106 , 27.1898 , 0
5.14105 , 27.1974 , 0
5.14103 , 27.2049 , 0
5.14101 , 27.2125 , 0
5.141 , 27.22 , 0
5.14098 , 27.2276 , 0
5.14096 , 27.2351 , 0
5.14095 , 27.2427 , 0
5.14093 , 27.2502 , 0
5.14092 , 27.2577 , 0
5.1409 , 27.2653 , 0
5.14088 , 27.2728 , 0
5.14087 , 27.2804 , 0
5.14085 , 27.2879 , 0
5.14083 , 27.2955 , 0
5.14082 , 27.303 , 0
5.1408 , 27.3106 , 0
5.14078 , 27.3181 , 0
5.14077 , 27.3257 , 0
5.14075 , 27.3332 , 0
5.14074 , 27.3408 , 0
5.14072 , 27.3483 , 0
5.1407 , 27.3559 , 0
5.14069 , 27.3634 , 0
5.14067 , 27.3709 , 0
5.14065 , 27.3785 , 0
5.14064 , 27.386 , 0
5.14062 , 27.3936 , 0
5.1406 , 27.4011 , 0
5.14059 , 27.4087 , 0
5.14057 , 27.4162 , 0
5.14056 , 27.4238 , 0
5.14054 , 27.4313 , 0
5.14052 , 27.4389 , 0
5.14051 , 27.4464 , 0
5.14049 , 27.454 , 0
5.14047 , 27.4615 , 0
5.14046 , 27.469 , 0
5.14044 , 27.4766 , 0
5.14042 , 27.4841 , 0
5.14041 , 27.4917 , 0
5.14039 , 27.4992 , 0
5.14038 , 27.5068 , 0
5.14036 , 27.5143 , 0
5.14034 , 27.5219 , 0
5.14033 , 27.5294 , 0
5.14031 , 27.537 , 0
5.14029 , 27.5445 , 0
5.14028 , 27.5521 , 0
5.14026 , 27.5596 , 0
5.14024 , 27.5672 , 0
5.14023 , 27.5747 , 0
5.14021 , 27.5822 , 0
5.1402 , 27.5898 , 0
5.14018 , 27.5973 , 0
5.14016 , 27.6049 , 0
5.14015 , 27.6124 , 0
