x , y , z
1 , 0 , 0
0.985401 , 0.12083 , 0
0.956099 , 0.239858 , 0
0.912224 , 0.355229 , 0
0.854154 , 0.465072 , 0
0.782528 , 0.567534 , 0
0.698255 , 0.660823 , 0
0.602509 , 0.743254 , 0
0.496721 , 0.813295 , 0
0.382554 , 0.869617 , 0
0.261874 , 0.911132 , 0
0.136707 , 0.937034 , 0
0.00919054 , 0.946825 , 0
-0.118484 , 0.940332 , 0
-0.244125 , 0.917714 , 0
-0.365605 , 0.879449 , 0
-0.480905 , 0.826322 , 0
-0.588171 , 0.759391 , 0
-0.685746 , 0.679948 , 0
-0.772204 , 0.589483 , 0
-0.846365 , 0.489631 , 0
-0.907308 , 0.382133 , 0
-0.954368 , 0.268787 , 0
-0.987132 , 0.151415 , 0
-1.00543 , 0.0318241 , 0
-1.0093 , -0.0882234 , 0
-0.999002 , -0.207032 , 0
-0.974969 , -0.322995 , 0
-0.937798 , -0.434604 , 0
-0.888228 , -0.540468 , 0
-0.82712 , -0.639311 , 0
-0.755441 , -0.729984 , 0
-0.674248 , -0.811463 , 0
-0.584672 , -0.882854 , 0
-0.487907 , -0.943389 , 0
-0.385195 , -0.992427 , 0
-0.277821 , -1.02945 , 0
-0.167102 , -1.05408 , 0
-0.0543746 , -1.06605 , 0
0.0590055 , -1.06523 , 0
0.171677 , -1.05159 , 0
0.282276 , -1.02526 , 0
0.389449 , -0.986489 , 0
0.491856 , -0.93564 , 0
0.588183 , -0.873225 , 0
0.677152 , -0.799886 , 0
0.757533 , -0.716401 , 0
0.828157 , -0.623688 , 0
0.887931 , -0.522803 , 0
0.935855 , -0.41494 , 0
0.971044 , -0.30143 , 0
0.992746 , -0.183733 , 0
1.00036 , -0.0634288 , 0
0.993481 , 0.0577953 , 0
0.971881 , 0.178164 , 0
0.935572 , 0.295836 , 0
0.884806 , 0.408937 , 0
0.820091 , 0.515592 , 0
0.742205 , 0.613966 , 0
0.652195 , 0.70231 , 0
0.55137 , 0.779008 , 0
0.441286 , 0.842624 , 0
0.323716 , 0.891944 , 0
0.200614 , 0.926022 , 0
0.0740695 , 0.944206 , 0
-0.0537473 , 0.946164 , 0
-0.180642 , 0.931893 , 0
-0.304452 , 0.901714 , 0
-0.423105 , 0.856264 , 0
-0.534668 , 0.796465 , 0
-0.637388 , 0.723494 , 0
-0.729726 , 0.63874 , 0
-0.810382 , 0.543761 , 0
-0.878309 , 0.440241 , 0
-0.932713 , 0.329943 , 0
-0.973054 , 0.214672 , 0
-0.999036 , 0.0962322 , 0
-1.01059 , -0.0235966 , 0
-1.00786 , -0.143092 , 0
-0.991183 , -0.260606 , 0
-0.961061 , -0.374585 , 0
-0.918153 , -0.483581 , 0
-0.863249 , -0.586259 , 0
-0.797253 , -0.681403 , 0
-0.721166 , -0.767924 , 0
-0.636073 , -0.844853 , 0
-0.543127 , -0.911354 , 0
-0.443541 , -0.966711 , 0
-0.338573 , -1.01034 , 0
-0.229518 , -1.04177 , 0
-0.117703 , -1.06068 , 0
-0.00447411 , -1.06684 , 0
0.108809 , -1.06017 , 0
0.22078 , -1.04072 , 0
0.330074 , -1.00865 , 0
0.435337 , -0.964259 , 0
0.535233 , -0.907979 , 0
0.628455 , -0.840376 , 0
0.713736 , -0.762156 , 0
0.789865 , -0.674161 , 0
0.855696 , -0.577376 , 0
0.91017 , -0.472927 , 0
0.952329 , -0.362079 , 0
0.981342 , -0.246232 , 0
0.996521 , -0.126914 , 0
0.997349 , -0.00576674 , 0
0.9835 , 0.115466 , 0
0.954864 , 0.234962 , 0
0.911567 , 0.350852 , 0
0.853988 , 0.461246 , 0
0.782773 , 0.564275 , 0
0.698839 , 0.658135 , 0
0.603371 , 0.741135 , 0
0.497811 , 0.811738 , 0
0.383834 , 0.868616 , 0
0.263313 , 0.910687 , 0
0.138281 , 0.937151 , 0
0.0108734 , 0.947521 , 0
-0.11672 , 0.941633 , 0
-0.242319 , 0.919651 , 0
-0.363804 , 0.882061 , 0
-0.479174 , 0.829646 , 0
-0.586589 , 0.763458 , 0
-0.684407 , 0.684781 , 0
-0.771214 , 0.595088 , 0
-0.84584 , 0.495996 , 0
-0.907366 , 0.389223 , 0
-0.955127 , 0.276546 , 0
-0.988705 , 0.159763 , 0
-1.00791 , 0.0406578 , 0
-1.01278 , -0.0790248 , 0
-1.00355 , -0.197606 , 0
-0.980624 , -0.313491 , 0
-0.944576 , -0.425182 , 0
-0.896121 , -0.531286 , 0
-0.836094 , -0.63053 , 0
-0.765437 , -0.721757 , 0
-0.685183 , -0.803935 , 0
-0.596441 , -0.876153 , 0
-0.500386 , -0.937627 , 0
-0.398245 , -0.987698 , 0
-0.291289 , -1.02583 , 0
-0.180827 , -1.05161 , 0
-0.0681916 , -1.06475 , 0
0.0452635 , -1.0651 , 0
0.158173 , -1.0526 , 0
0.269168 , -1.02737 , 0
0.376882 , -0.989608 , 0
0.479963 , -0.939682 , 0
0.577078 , -0.878078 , 0
0.666931 , -0.805422 , 0
0.748268 , -0.722482 , 0
0.819897 , -0.630168 , 0
0.880701 , -0.529533 , 0
0.929656 , -0.421774 , 0
0.965853 , -0.308227 , 0
0.988519 , -0.19036 , 0
0.997037 , -0.0697692 , 0
0.990976 , 0.0518425 , 0
0.970108 , 0.17268 , 0
0.934435 , 0.290883 , 0
0.884208 , 0.404556 , 0
0.819939 , 0.511804 , 0
0.742413 , 0.610779 , 0
0.652687 , 0.699717 , 0
0.552085 , 0.776996 , 0
0.442174 , 0.841176 , 0
0.324741 , 0.891046 , 0
0.201749 , 0.925665 , 0
0.0752936 , 0.944392 , 0
-0.052455 , 0.946905 , 0
-0.179306 , 0.93321 , 0
-0.303106 , 0.903638 , 0
-0.421796 , 0.858829 , 0
-0.533455 , 0.799707 , 0
-0.636347 , 0.727443 , 0
-0.728949 , 0.643415 , 0
-0.809971 , 0.549168 , 0
-0.878375 , 0.446366 , 0
-0.933372 , 0.336751 , 0
-0.97442 , 0.222104 , 0
-1.00122 , 0.10421 , 0
-1.01368 , -0.0151759 , 0
-1.01194 , -0.134348 , 0
-0.996316 , -0.251676 , 0
-0.967285 , -0.365618 , 0
-0.925482 , -0.474731 , 0
-0.871671 , -0.577685 , 0
-0.806731 , -0.673262 , 0
-0.731639 , -0.760367 , 0
-0.647456 , -0.838022 , 0
-0.555313 , -0.905375 , 0
-0.456404 , -0.961695 , 0
-0.35197 , -1.00637 , 0
-0.243296 , -1.03893 , 0
-0.131699 , -1.059 , 0
-0.0185192 , -1.06635 , 0
0.0948831 , -1.06086 , 0
0.207139 , -1.04255 , 0
0.316876 , -1.01157 , 0
0.422729 , -0.968189 , 0
0.523348 , -0.912819 , 0
0.617407 , -0.846009 , 0
0.70362 , -0.768447 , 0
0.78075 , -0.680965 , 0
0.847629 , -0.584542 , 0
0.90317 , -0.480301 , 0
0.946393 , -0.369508 , 0
0.976439 , -0.25357 , 0
0.9926 , -0.134026 , 0
0.994338 , -0.0125344 , 0
0.981312 , 0.109144 , 0
0.953403 , 0.229166 , 0
0.910728 , 0.345641 , 0
0.853668 , 0.456656 , 0
0.782873 , 0.560324 , 0
0.699268 , 0.654824 , 0
0.60405 , 0.738451 , 0
0.498676 , 0.809662 , 0
0.384835 , 0.867126 , 0
0.264412 , 0.909763 , 0
0.139449 , 0.936781 , 0
0.0120894 , 0.9477 , 0
-0.115478 , 0.942367 , 0
-0.241076 , 0.920958 , 0
-0.362595 , 0.883965 , 0
-0.478045 , 0.832175 , 0
-0.5856 , 0.766641 , 0
-0.683632 , 0.68864 , 0
-0.77074 , 0.599636 , 0
-0.845766 , 0.501231 , 0
-0.907797 , 0.395126 , 0
-0.956171 , 0.283076 , 0
-0.990468 , 0.16686 , 0
-1.01049 , 0.0482395 , 0
-1.01627 , -0.0710604 , 0
-1.00802 , -0.189379 , 0
-0.98612 , -0.305134 , 0
-0.951136 , -0.416838 , 0
-0.903752 , -0.523107 , 0
-0.84478 , -0.622669 , 0
-0.775137 , -0.714365 , 0
-0.695833 , -0.797156 , 0
-0.607954 , -0.870123 , 0
-0.512653 , -0.932467 , 0
-0.411141 , -0.983512 , 0
-0.304674 , -1.0227 , 0
-0.194547 , -1.04961 , 0
-0.0820845 , -1.06391 , 0
0.0313638 , -1.06543 , 0
0.144434 , -1.0541 , 0
0.255752 , -1.03 , 0
0.363947 , -0.993317 , 0
0.467653 , -0.944382 , 0
0.565525 , -0.883667 , 0
0.656246 , -0.811778 , 0
0.738544 , -0.72947 , 0
0.811202 , -0.63764 , 0
0.873078 , -0.537335 , 0
0.923123 , -0.429749 , 0
0.960402 , -0.31622 , 0
0.984116 , -0.198224 , 0
0.993628 , -0.0773681 , 0
0.988486 , 0.0446293 , 0
0.968446 , 0.165954 , 0
0.933501 , 0.284725 , 0
0.883893 , 0.399024 , 0
0.820137 , 0.506936 , 0
0.74302 , 0.606591 , 0
0.653611 , 0.69621 , 0
0.553243 , 0.774156 , 0
0.443498 , 0.838983 , 0
0.326177 , 0.889478 , 0
0.203255 , 0.924701 , 0
0.0768355 , 0.944016 , 0
-0.0509046 , 0.947109 , 0
-0.177774 , 0.933997 , 0
-0.301624 , 0.905018 , 0
-0.420403 , 0.860819 , 0
-0.5322 , 0.802326 , 0
-0.635292 , 0.730707 , 0
-0.728167 , 0.647336 , 0
-0.809548 , 0.553746 , 0
-0.878403 , 0.451589 , 0
-0.933949 , 0.342588 , 0
-0.975645 , 0.228507 , 0
-1.00318 , 0.111111 , 0
-1.01648 , -0.00786348 , 0
-1.01565 , -0.126728 , 0
-1.00098 , -0.243867 , 0
-0.97296 , -0.35775 , 0
-0.932184 , -0.466943 , 0
-0.8794 , -0.570122 , 0
-0.815463 , -0.666069 , 0
-0.741327 , -0.753685 , 0
-0.658031 , -0.831987 , 0
-0.566687 , -0.900112 , 0
-0.468467 , -0.957316 , 0
-0.364599 , -1.00298 , 0
-0.256351 , -1.03659 , 0
-0.14503 , -1.05777 , 0
-0.0319693 , -1.06626 , 0
0.0814753 , -1.06192 , 0
0.193935 , -1.04476 , 0
0.304034 , -1.01488 , 0
0.4104 , -0.972535 , 0
0.511671 , -0.918121 , 0
0.606508 , -0.852163 , 0
0.693607 , -0.775333 , 0
0.771711 , -0.688449 , 0
0.839627 , -0.592476 , 0
0.896247 , -0.488533 , 0
0.940562 , -0.377883 , 0
0.971692 , -0.261935 , 0
0.988903 , -0.142235 , 0
0.991635 , -0.0204533 , 0
0.97953 , 0.101635 , 0
0.952449 , 0.222169 , 0
0.910504 , 0.339236 , 0
0.854067 , 0.450904 , 0
0.783788 , 0.555263 , 0
0.700596 , 0.650476 , 0
0.605696 , 0.734818 , 0
0.500556 , 0.806738 , 0
0.386876 , 0.864893 , 0
0.266555 , 0.908203 , 0
0.141644 , 0.935875 , 0
0.0142937 , 0.947435 , 0
-0.113302 , 0.942735 , 0
-0.238966 , 0.921957 , 0
-0.360592 , 0.885599 , 0
-0.476197 , 0.834451 , 0
-0.583963 , 0.769565 , 0
-0.682273 , 0.692217 , 0
-0.769733 , 0.603861 , 0
-0.845193 , 0.50609 , 0
-0.907747 , 0.40059 , 0
-0.956733 , 0.289102 , 0
-0.991729 , 0.173386 , 0
-1.01254 , 0.0551893 , 0
-1.01917 , -0.0637806 , 0
-1.01183 , -0.181876 , 0
-0.990887 , -0.297528 , 0
-0.956886 , -0.409258 , 0
-0.910492 , -0.515687 , 0
-0.852496 , -0.615545 , 0
-0.783795 , -0.707673 , 0
-0.705378 , -0.791027 , 0
-0.61831 , -0.864681 , 0
-0.523727 , -0.927825 , 0
-0.422823 , -0.979768 , 0
-0.31684 , -1.01994 , 0
-0.20706 , -1.04789 , 0
-0.0947995 , -1.06328 , 0
0.0185978 , -1.06592 , 0
0.13177 , -1.05571 , 0
0.243345 , -1.0327 , 0
0.351944 , -0.997063 , 0
0.456196 , -0.949115 , 0
0.554744 , -0.889301 , 0
0.646258 , -0.818212 , 0
0.729447 , -0.736583 , 0
0.803076 , -0.645301 , 0
0.865981 , -0.545403 , 0
0.917091 , -0.438076 , 0
0.955447 , -0.324658 , 0
0.980227 , -0.206626 , 0
0.99077 , -0.0855941 , 0
0.986606 , 0.0367085 , 0
0.967472 , 0.158454 , 0
0.933348 , 0.277744 , 0
0.884466 , 0.392643 , 0
0.821334 , 0.501215 , 0
0.744741 , 0.601572 , 0
0.655755 , 0.69192 , 0
0.555718 , 0.770606 , 0
0.44622 , 0.836173 , 0
0.329069 , 0.887401 , 0
0.206251 , 0.923347 , 0
0.0798775 , 0.943374 , 0
-0.0478708 , 0.94717 , 0
-0.1748 , 0.934754 , 0
-0.298762 , 0.906467 , 0
-0.417707 , 0.862959 , 0
-0.529732 , 0.805153 , 0
-0.633118 , 0.734216 , 0
-0.726361 , 0.651515 , 0
-0.808188 , 0.558575 , 0
-0.877572 , 0.457033 , 0
-0.933729 , 0.348603 , 0
-0.976118 , 0.235031 , 0
-1.00443 , 0.118068 , 0
-1.01856 , -0.000561119 , 0
-1.01862 , -0.119183 , 0
-1.00489 , -0.236193 , 0
-0.977822 , -0.350068 , 0
-0.938014 , -0.459382 , 0
-0.886187 , -0.56281 , 0
-0.823177 , -0.659137 , 0
-0.74992 , -0.747258 , 0
-0.667435 , -0.826185 , 0
-0.576818 , -0.895044 , 0
-0.479226 , -0.953081 , 0
-0.375871 , -0.999656 , 0
-0.268011 , -1.03425 , 0
-0.156943 , -1.05646 , 0
-0.0439957 , -1.06602 , 0
0.0694804 , -1.06276 , 0
0.182116 , -1.04666 , 0
0.292534 , -1.01781 , 0
0.399356 , -0.97645 , 0
0.501211 , -0.92295 , 0
0.596749 , -0.857819 , 0
0.684651 , -0.781713 , 0
0.763645 , -0.695435 , 0
0.83252 , -0.599943 , 0
0.890145 , -0.496346 , 0
0.935495 , -0.385903 , 0
0.967664 , -0.270025 , 0
0.9859 , -0.150258 , 0
0.989623 , -0.0282802 , 0
0.978457 , 0.0941229 , 0
0.952249 , 0.215079 , 0
0.911099 , 0.332659 , 0
0.85537 , 0.444917 , 0
0.785708 , 0.549926 , 0
0.70304 , 0.645833 , 0
0.608575 , 0.730902 , 0
0.503782 , 0.803568 , 0
0.390368 , 0.862481 , 0
0.270236 , 0.906553 , 0
0.145444 , 0.93499 , 0
0.0181447 , 0.947314 , 0
-0.109466 , 0.943377 , 0
-0.235211 , 0.92336 , 0
-0.356986 , 0.88776 , 0
-0.472812 , 0.837365 , 0
-0.580875 , 0.773221 , 0
-0.679563 , 0.696595 , 0
-0.767485 , 0.608935 , 0
-0.843491 , 0.511819 , 0
-0.906675 , 0.406923 , 0
-0.956372 , 0.295973 , 0
-0.992154 , 0.180716 , 0
-1.01381 , 0.0628862 , 0
-1.02135 , -0.0558202 , 0
-1.01495 , -0.173766 , 0
-0.994976 , -0.289388 , 0
-0.961949 , -0.401214 , 0
-0.916517 , -0.507866 , 0
-0.859454 , -0.608074 , 0
-0.791638 , -0.700675 , 0
-0.71404 , -0.784618 , 0
-0.627711 , -0.858968 , 0
-0.533771 , -0.922904 , 0
-0.4334 , -0.975722 , 0
-0.32783 , -1.01684 , 0
-0.218335 , -1.04577 , 0
-0.106226 , -1.06219 , 0
0.00715815 , -1.06586 , 0
0.120456 , -1.05668 , 0
0.232292 , -1.03468 , 0
0.341283 , -1.00001 , 0
0.446051 , -0.952965 , 0
0.545229 , -0.893976 , 0
0.637472 , -0.82362 , 0
0.721478 , -0.742621 , 0
0.795993 , -0.651854 , 0
0.859837 , -0.552349 , 0
0.91192 , -0.445289 , 0
0.951263 , -0.332009 , 0
0.977027 , -0.213991 , 0
0.988535 , -0.09285 , 0
0.985297 , 0.029675 , 0
0.967041 , 0.151747 , 0
0.933732 , 0.271457 , 0
0.885596 , 0.386856 , 0
0.823134 , 0.495996 , 0
0.747132 , 0.596977 , 0
0.658659 , 0.687993 , 0
0.559056 , 0.767383 , 0
0.449916 , 0.833681 , 0
0.33305 , 0.885663 , 0
0.210444 , 0.92238 , 0
0.0842093 , 0.943195 , 0
-0.0434728 , 0.947792 , 0
-0.170412 , 0.936187 , 0
-0.294463 , 0.908718 , 0
-0.413582 , 0.866027 , 0
-0.52587 , 0.809033 , 0
-0.629611 , 0.73889 , 0
-0.723305 , 0.656955 , 0
-0.805678 , 0.564738 , 0
-0.875702 , 0.463864 , 0
-0.932587 , 0.35603 , 0
-0.975784 , 0.242971 , 0
-1.00497 , 0.126422 , 0
-1.02004 , 0.00809678 , 0
-1.02107 , -0.11034 , 0
-1.00835 , -0.22729 , 0
-0.982289 , -0.341236 , 0
-0.943477 , -0.450752 , 0
-0.892616 , -0.554511 , 0
-0.830524 , -0.651294 , 0
-0.758117 , -0.73999 , 0
-0.676402 , -0.819599 , 0
-0.586456 , -0.889238 , 0
-0.489427 , -0.948135 , 0
-0.386514 , -0.995638 , 0
-0.27897 , -1.03121 , 0
-0.168084 , -1.05443 , 0
-0.0551814 , -1.06501 , 0
0.0583855 , -1.06277 , 0
0.171246 , -1.04766 , 0
0.282017 , -1.01976 , 0
0.389312 , -0.979294 , 0
0.49175 , -0.926613 , 0
0.58797 , -0.862213 , 0
0.676637 , -0.786738 , 0
0.756464 , -0.700985 , 0
0.826223 , -0.605902 , 0
0.884766 , -0.502595 , 0
0.931049 , -0.392324 , 0
0.964152 , -0.276499 , 0
0.983305 , -0.156675 , 0
0.987916 , -0.0345341 , 0
0.977595 , 0.0881282 , 0
0.952182 , 0.209429 , 0
0.911768 , 0.327431 , 0
0.856712 , 0.440173 , 0
0.787659 , 0.545724 , 0
0.705537 , 0.642218 , 0
0.611553 , 0.727915 , 0
0.507178 , 0.801244 , 0
0.39412 , 0.860854 , 0
0.274282 , 0.905654 , 0
0.149718 , 0.934849 , 0
0.0225792 , 0.94796 , 0
-0.104947 , 0.944838 , 0
-0.230689 , 0.925659 , 0
-0.352551 , 0.890913 , 0
-0.468561 , 0.841379 , 0
-0.576912 , 0.778091 , 0
-0.675995 , 0.702304 , 0
-0.764422 , 0.615446 , 0
-0.841041 , 0.519081 , 0
-0.90494 , 0.414865 , 0
-0.955447 , 0.30451 , 0
-0.992121 , 0.189746 , 0
-1.01474 , 0.0722939 , 0
-1.02329 , -0.0461611 , 0
-1.01793 , -0.163989 , 0
-0.999019 , -0.279633 , 0
-0.967042 , -0.391621 , 0
-0.922632 , -0.498574 , 0
-0.866543 , -0.599217 , 0
-0.799636 , -0.692379 , 0
-0.722862 , -0.776998 , 0
-0.637258 , -0.852127 , 0
-0.543931 , -0.916929 , 0
-0.44405 , -0.970684 , 0
-0.338837 , -1.01279 , 0
-0.229563 , -1.04275 , 0
-0.117535 , -1.06021 , 0
-0.00409312 , -1.06491 , 0
0.109399 , -1.05674 , 0
0.22156 , -1.0357 , 0
0.330999 , -1.00194 , 0
0.436326 , -0.955725 , 0
0.53616 , -0.897479 , 0
0.629143 , -0.827765 , 0
0.713955 , -0.747299 , 0
0.789325 , -0.65695 , 0
0.854056 , -0.557746 , 0
0.907039 , -0.450869 , 0
0.94728 , -0.337659 , 0
0.973924 , -0.219602 , 0
0.986279 , -0.0983241 , 0
0.983847 , 0.0244281 , 0
0.966347 , 0.146806 , 0
0.933738 , 0.266888 , 0
0.886245 , 0.382715 , 0
0.82437 , 0.49233 , 0
0.748899 , 0.593826 , 0
0.660906 , 0.685391 , 0
0.561734 , 0.765363 , 0
0.452978 , 0.832276 , 0
0.336449 , 0.884906 , 0
0.214131 , 0.922309 , 0
0.0881313 , 0.943849 , 0
-0.0393789 , 0.949212 , 0
-0.166218 , 0.938412 , 0
-0.290254 , 0.911783 , 0
-0.409452 , 0.869959 , 0
-0.521924 , 0.813846 , 0
-0.625964 , 0.744585 , 0
-0.720075 , 0.663514 , 0
-0.802987 , 0.572124 , 0
-0.873667 , 0.472018 , 0
-0.93132 , 0.364874 , 0
-0.975386 , 0.252408 , 0
-1.00553 , 0.136337 , 0
-1.02162 , 0.0183619 , 0
-1.02372 , -0.0998649 , 0
-1.0121 , -0.216752 , 0
-0.987143 , -0.330785 , 0
-0.949416 , -0.440538 , 0
-0.8996 , -0.544682 , 0
-0.838491 , -0.641988 , 0
-0.766986 , -0.731336 , 0
-0.686073 , -0.811713 , 0
-0.596817 , -0.882218 , 0
-0.500348 , -0.942064 , 0
-0.397861 , -0.990578 , 0
-0.290598 , -1.0272 , 0
-0.179847 , -1.0515 , 0
-0.0669328 , -1.06315 , 0
0.0467905 , -1.06196 , 0
0.159946 , -1.04786 , 0
0.27114 , -1.02092 , 0
0.378977 , -0.981328 , 0
0.482061 , -0.92943 , 0
0.579014 , -0.86571 , 0
0.668485 , -0.790801 , 0
