x , y , z
1 , 0 , 0
0.999853 , 0.0429179 , 0
0.999411 , 0.0858232 , 0
0.99897 , 0.128729 , 0
0.998529 , 0.171634 , 0
0.998087 , 0.214539 , 0
0.997646 , 0.257444 , 0
0.997205 , 0.30035 , 0
0.996763 , 0.343255 , 0
0.996322 , 0.38616 , 0
0.995881 , 0.429066 , 0
0.995439 , 0.471971 , 0
0.994998 , 0.514876 , 0
0.994557 , 0.557782 , 0
0.994115 , 0.600687 , 0
0.993674 , 0.643592 , 0
0.993233 , 0.686498 , 0
0.992791 , 0.729403 , 0
0.99235 , 0.772308 , 0
0.991908 , 0.815214 , 0
0.991467 , 0.858119 , 0
0.991026 , 0.901024 , 0
0.990584 , 0.94393 , 0
0.990143 , 0.986835 , 0
0.989702 , 1.02974 , 0
0.98926 , 1.07265 , 0
0.988819 , 1.11555 , 0
0.988378 , 1.15846 , 0
0.987936 , 1.20136 , 0
0.987495 , 1.24427 , 0
0.987054 , 1.28717 , 0
0.986612 , 1.33008 , 0
0.986171 , 1.37298 , 0
0.98573 , 1.41589 , 0
0.985288 , 1.45879 , 0
0.984847 , 1.5017 , 0
0.984406 , 1.5446 , 0
0.983964 , 1.58751 , 0
0.983523 , 1.63041 , 0
0.983082 , 1.67332 , 0
0.98264 , 1.71623 , 0
0.982199 , 1.75913 , 0
0.981758 , 1.80204 , 0
0.981316 , 1.84494 , 0
0.980875 , 1.88785 , 0
0.980434 , 1.93075 , 0
0.979992 , 1.97366 , 0
0.979551 , 2.01656 , 0
0.97911 , 2.05947 , 0
0.978668 , 2.10237 , 0
0.978227 , 2.14528 , 0
0.977786 , 2.18818 , 0
0.977344 , 2.23109 , 0
0.976903 , 2.27399 , 0
0.976462 , 2.3169 , 0
0.97602 , 2.3598 , 0
0.975579 , 2.40271 , 0
0.975138 , 2.44562 , 0
0.974696 , 2.48852 , 0
0.974255 , 2.53143 , 0
0.973813 , 2.57433 , 0
0.973372 , 2.61724 , 0
0.972931 , 2.66014 , 0
0.972489 , 2.70305 , 0
0.972048 , 2.74595 , 0
0.971607 , 2.78886 , 0
0.971165 , 2.83176 , 0
0.970724 , 2.87467 , 0
0.970283 , 2.91757 , 0
0.969841 , 2.96048 , 0
0.9694 , 3.00338 , 0
0.968959 , 3.04629 , 0
0.968517 , 3.0892 , 0
0.968076 , 3.1321 , 0
0.967635 , 3.17501 , 0
0.967193 , 3.21791 , 0
0.966752 , 3.26082 , 0
0.966311 , 3.30372 , 0
0.965869 , 3.34663 , 0
0.965428 , 3.38953 , 0
0.964987 , 3.43244 , 0
0.964545 , 3.47534 , 0
0.964104 , 3.51825 , 0
0.963663 , 3.56115 , 0
0.963221 , 3.60406 , 0
0.96278 , 3.64696 , 0
0.962339 , 3.68987 , 0
0.961897 , 3.73277 , 0
0.961456 , 3.77568 , 0
0.961015 , 3.81859 , 0
0.960573 , 3.86149 , 0
0.960132 , 3.9044 , 0
0.959691 , 3.9473 , 0
0.959249 , 3.99021 , 0
0.958808 , 4.03311 , 0
0.958367 , 4.07602 , 0
0.957925 , 4.11892 , 0
0.957484 , 4.16183 , 0
0.957042 , 4.20473 , 0
0.956601 , 4.24764 , 0
0.95616 , 4.29054 , 0
0.955718 , 4.33345 , 0
0.955277 , 4.37635 , 0
0.954836 , 4.41926 , 0
0.954394 , 4.46217 , 0
0.953953 , 4.50507 , 0
0.953512 , 4.54798 , 0
0.95307 , 4.59088 , 0
0.952629 , 4.63379 , 0
0.952188 , 4.67669 , 0
0.951746 , 4.7196 , 0
0.951305 , 4.7625 , 0
0.950864 , 4.80541 , 0
0.950422 , 4.84831 , 0
0.949981 , 4.89122 , 0
0.94954 , 4.93412 , 0
0.949098 , 4.97703 , 0
0.948657 , 5.01993 , 0
0.948216 , 5.06284 , 0
0.947774 , 5.10574 , 0
0.947333 , 5.14865 , 0
0.946892 , 5.19156 , 0
0.94645 , 5.23446 , 0
0.946009 , 5.27737 , 0
0.945568 , 5.32027 , 0
0.945126 , 5.36318 , 0
0.944685 , 5.40608 , 0
0.944244 , 5.44899 , 0
0.943802 , 5.49189 , 0
0.943361 , 5.5348 , 0
0.94292 , 5.5777 , 0
0.942478 , 5.62061 , 0
0.942037 , 5.66351 , 0
0.941596 , 5.70642 , 0
0.941154 , 5.74932 , 0
0.940713 , 5.79223 , 0
0.940272 , 5.83514 , 0
0.93983 , 5.87804 , 0
0.939389 , 5.92095 , 0
0.938947 , 5.96385 , 0
0.938506 , 6.00676 , 0
0.938065 , 6.04966 , 0
0.937623 , 6.09257 , 0
0.937182 , 6.13547 , 0
0.936741 , 6.17838 , 0
0.936299 , 6.22128 , 0
0.935858 , 6.26419 , 0
0.935417 , 6.30709 , 0
0.934975 , 6.35 , 0
0.934534 , 6.3929 , 0
0.934093 , 6.43581 , 0
0.933651 , 6.47871 , 0
0.93321 , 6.52162 , 0
0.932769 , 6.56453 , 0
0.932327 , 6.60743 , 0
0.931886 , 6.65034 , 0
0.931445 , 6.69324 , 0
0.931003 , 6.73615 , 0
0.930562 , 6.77905 , 0
0.930121 , 6.82196 , 0
0.929679 , 6.86486 , 0
0.929238 , 6.90777 , 0
0.928797 , 6.95067 , 0
0.928355 , 6.99358 , 0
0.927914 , 7.03648 , 0
0.927473 , 7.07939 , 0
0.927031 , 7.12229 , 0
0.92659 , 7.1652 , 0
0.926149 , 7.20811 , 0
0.925707 , 7.25101 , 0
0.925266 , 7.29392 , 0
0.924825 , 7.33682 , 0
0.924383 , 7.37973 , 0
0.923942 , 7.42263 , 0
0.923501 , 7.46554 , 0
0.923059 , 7.50844 , 0
0.922618 , 7.55135 , 0
0.922176 , 7.59425 , 0
0.921735 , 7.63716 , 0
0.921294 , 7.68006 , 0
0.920852 , 7.72297 , 0
0.920411 , 7.76587 , 0
0.91997 , 7.80878 , 0
0.919528 , 7.85168 , 0
0.919087 , 7.89459 , 0
0.918646 , 7.9375 , 0
0.918204 , 7.9804 , 0
0.917763 , 8.02331 , 0
0.917322 , 8.06621 , 0
0.91688 , 8.10912 , 0
0.916439 , 8.15202 , 0
0.915998 , 8.19493 , 0
0.915556 , 8.23783 , 0
0.915115 , 8.28074 , 0
0.914674 , 8.32364 , 0
0.914232 , 8.36655 , 0
0.913791 , 8.40945 , 0
0.91335 , 8.45236 , 0
0.912908 , 8.49526 , 0
0.912467 , 8.53817 , 0
0.912026 , 8.58108 , 0
0.911584 , 8.62398 , 0
0.911143 , 8.66689 , 0
0.910702 , 8.70979 , 0
0.91026 , 8.7527 , 0
0.909819 , 8.7956 , 0
0.909378 , 8.83851 , 0
0.908936 , 8.88141 , 0
0.908495 , 8.92432 , 0
0.908054 , 8.96722 , 0
0.907612 , 9.01013 , 0
0.907171 , 9.05303 , 0
0.90673 , 9.09594 , 0
0.906288 , 9.13884 , 0
0.905847 , 9.18175 , 0
0.905406 , 9.22465 , 0
0.904964 , 9.26756 , 0
0.904523 , 9.31047 , 0
0.904081 , 9.35337 , 0
0.90364 , 9.39628 , 0
0.903199 , 9.43918 , 0
0.902757 , 9.48209 , 0
0.902316 , 9.52499 , 0
0.901875 , 9.5679 , 0
0.901433 , 9.6108 , 0
0.900992 , 9.65371 , 0
0.900551 , 9.69661 , 0
0.900109 , 9.73952 , 0
0.899668 , 9.78242 , 0
0.899227 , 9.82533 , 0
0.898785 , 9.86823 , 0
0.898344 , 9.91114 , 0
0.897903 , 9.95405 , 0
0.897461 , 9.99695 , 0
0.89702 , 10.0399 , 0
0.896579 , 10.0828 , 0
0.896137 , 10.1257 , 0
0.895696 , 10.1686 , 0
0.895255 , 10.2115 , 0
0.894813 , 10.2544 , 0
0.894372 , 10.2973 , 0
0.893931 , 10.3402 , 0
0.893489 , 10.3831 , 0
0.893048 , 10.426 , 0
0.892607 , 10.4689 , 0
0.892165 , 10.5118 , 0
0.891724 , 10.5547 , 0
0.891283 , 10.5976 , 0
0.890841 , 10.6405 , 0
0.8904 , 10.6834 , 0
0.889959 , 10.7263 , 0
0.889517 , 10.7692 , 0
0.889076 , 10.8122 , 0
0.888635 , 10.8551 , 0
0.888193 , 10.898 , 0
0.887752 , 10.9409 , 0
0.88731 , 10.9838 , 0
0.886869 , 11.0267 , 0
0.886428 , 11.0696 , 0
0.885986 , 11.1125 , 0
0.885545 , 11.1554 , 0
0.885104 , 11.1983 , 0
0.884662 , 11.2412 , 0
0.884221 , 11.2841 , 0
0.88378 , 11.327 , 0
0.883338 , 11.3699 , 0
0.882897 , 11.4128 , 0
0.882456 , 11.4557 , 0
0.882014 , 11.4986 , 0
0.881573 , 11.5415 , 0
0.881132 , 11.5844 , 0
0.88069 , 11.6274 , 0
0.880249 , 11.6703 , 0
0.879808 , 11.7132 , 0
0.879366 , 11.7561 , 0
0.878925 , 11.799 , 0
0.878484 , 11.8419 , 0
0.878042 , 11.8848 , 0
0.877601 , 11.9277 , 0
0.87716 , 11.9706 , 0
0.876718 , 12.0135 , 0
0.876277 , 12.0564 , 0
0.875836 , 12.0993 , 0
0.875394 , 12.1422 , 0
0.874953 , 12.1851 , 0
0.874512 , 12.228 , 0
0.87407 , 12.2709 , 0
0.873629 , 12.3138 , 0
0.873188 , 12.3567 , 0
0.872746 , 12.3996 , 0
0.872305 , 12.4426 , 0
0.871864 , 12.4855 , 0
0.871422 , 12.5284 , 0
0.870981 , 12.5713 , 0
0.87054 , 12.6142 , 0
0.870098 , 12.6571 , 0
0.869657 , 12.7 , 0
0.869215 , 12.7429 , 0
0.868774 , 12.7858 , 0
0.868333 , 12.8287 , 0
0.867891 , 12.8716 , 0
0.86745 , 12.9145 , 0
0.867009 , 12.9574 , 0
0.866567 , 13.0003 , 0
0.866126 , 13.0432 , 0
0.865685 , 13.0861 , 0
0.865243 , 13.129 , 0
0.864802 , 13.1719 , 0
0.864361 , 13.2148 , 0
0.863919 , 13.2578 , 0
0.863478 , 13.3007 , 0
0.863037 , 13.3436 , 0
0.862595 , 13.3865 , 0
0.862154 , 13.4294 , 0
0.861713 , 13.4723 , 0
0.861271 , 13.5152 , 0
0.86083 , 13.5581 , 0
0.860389 , 13.601 , 0
0.859947 , 13.6439 , 0
0.859506 , 13.6868 , 0
0.859065 , 13.7297 , 0
0.858623 , 13.7726 , 0
0.858182 , 13.8155 , 0
0.857741 , 13.8584 , 0
0.857299 , 13.9013 , 0
0.856858 , 13.9442 , 0
0.856417 , 13.9871 , 0
0.855975 , 14.0301 , 0
0.855534 , 14.073 , 0
0.855093 , 14.1159 , 0
0.854651 , 14.1588 , 0
0.85421 , 14.2017 , 0
0.853769 , 14.2446 , 0
0.853327 , 14.2875 , 0
0.852886 , 14.3304 , 0
0.852445 , 14.3733 , 0
0.852003 , 14.4162 , 0
0.851562 , 14.4591 , 0
0.85112 , 14.502 , 0
0.850679 , 14.5449 , 0
0.850238 , 14.5878 , 0
0.849796 , 14.6307 , 0
0.849355 , 14.6736 , 0
0.848914 , 14.7165 , 0
0.848472 , 14.7594 , 0
0.848031 , 14.8023 , 0
0.84759 , 14.8453 , 0
0.847148 , 14.8882 , 0
0.846707 , 14.9311 , 0
0.846266 , 14.974 , 0
0.845824 , 15.0169 , 0
0.845383 , 15.0598 , 0
0.844942 , 15.1027 , 0
0.8445 , 15.1456 , 0
0.844059 , 15.1885 , 0
0.843618 , 15.2314 , 0
0.843176 , 15.2743 , 0
0.842735 , 15.3172 , 0
0.842294 , 15.3601 , 0
0.841852 , 15.403 , 0
0.841411 , 15.4459 , 0
0.84097 , 15.4888 , 0
0.840528 , 15.5317 , 0
0.840087 , 15.5746 , 0
0.839646 , 15.6175 , 0
0.839204 , 15.6605 , 0
0.838763 , 15.7034 , 0
0.838322 , 15.7463 , 0
0.83788 , 15.7892 , 0
0.837439 , 15.8321 , 0
0.836998 , 15.875 , 0
0.836556 , 15.9179 , 0
0.836115 , 15.9608 , 0
0.835674 , 16.0037 , 0
0.835232 , 16.0466 , 0
0.834791 , 16.0895 , 0
0.834349 , 16.1324 , 0
0.833908 , 16.1753 , 0
0.833467 , 16.2182 , 0
0.833025 , 16.2611 , 0
0.832584 , 16.304 , 0
0.832143 , 16.3469 , 0
0.831701 , 16.3898 , 0
0.83126 , 16.4327 , 0
0.830819 , 16.4757 , 0
0.830377 , 16.5186 , 0
0.829936 , 16.5615 , 0
0.829495 , 16.6044 , 0
0.829053 , 16.6473 , 0
0.828612 , 16.6902 , 0
0.828171 , 16.7331 , 0
0.827729 , 16.776 , 0
0.827288 , 16.8189 , 0
0.826847 , 16.8618 , 0
0.826405 , 16.9047 , 0
0.825964 , 16.9476 , 0
0.825523 , 16.9905 , 0
0.825081 , 17.0334 , 0
0.82464 , 17.0763 , 0
0.824199 , 17.1192 , 0
0.823757 , 17.1621 , 0
0.823316 , 17.205 , 0
0.822875 , 17.2479 , 0
0.822433 , 17.2909 , 0
0.821992 , 17.3338 , 0
0.821551 , 17.3767 , 0
0.821109 , 17.4196 , 0
0.820668 , 17.4625 , 0
0.820227 , 17.5054 , 0
0.819785 , 17.5483 , 0
0.819344 , 17.5912 , 0
0.818903 , 17.6341 , 0
0.818461 , 17.677 , 0
0.81802 , 17.7199 , 0
0.817579 , 17.7628 , 0
0.817137 , 17.8057 , 0
0.816696 , 17.8486 , 0
0.816254 , 17.8915 , 0
0.815813 , 17.9344 , 0
0.815372 , 17.9773 , 0
0.81493 , 18.0202 , 0
0.814489 , 18.0631 , 0
0.814048 , 18.1061 , 0
0.813606 , 18.149 , 0
0.813165 , 18.1919 , 0
0.812724 , 18.2348 , 0
0.812282 , 18.2777 , 0
0.811841 , 18.3206 , 0
0.8114 , 18.3635 , 0
0.810958 , 18.4064 , 0
0.810517 , 18.4493 , 0
0.810076 , 18.4922 , 0
0.809634 , 18.5351 , 0
0.809193 , 18.578 , 0
0.808752 , 18.6209 , 0
0.80831 , 18.6638 , 0
0.807869 , 18.7067 , 0
0.807428 , 18.7496 , 0
0.806986 , 18.7925 , 0
0.806545 , 18.8354 , 0
0.806104 , 18.8784 , 0
0.805662 , 18.9213 , 0
0.805221 , 18.9642 , 0
0.80478 , 19.0071 , 0
0.804338 , 19.05 , 0
0.803897 , 19.0929 , 0
0.803456 , 19.1358 , 0
0.803014 , 19.1787 , 0
0.802573 , 19.2216 , 0
0.802132 , 19.2645 , 0
0.80169 , 19.3074 , 0
0.801249 , 19.3503 , 0
0.800808 , 19.3932 , 0
0.800366 , 19.4361 , 0
0.799925 , 19.479 , 0
0.799483 , 19.5219 , 0
0.799042 , 19.5648 , 0
0.798601 , 19.6077 , 0
0.798159 , 19.6506 , 0
0.797718 , 19.6936 , 0
0.797277 , 19.7365 , 0
0.796835 , 19.7794 , 0
0.796394 , 19.8223 , 0
0.795953 , 19.8652 , 0
0.795511 , 19.9081 , 0
0.79507 , 19.951 , 0
0.794629 , 19.9939 , 0
0.794187 , 20.0368 , 0
0.793746 , 20.0797 , 0
0.793305 , 20.1226 , 0
0.792863 , 20.1655 , 0
0.792422 , 20.2084 , 0
0.791981 , 20.2513 , 0
0.791539 , 20.2942 , 0
0.791098 , 20.3371 , 0
0.790657 , 20.38 , 0
0.790215 , 20.4229 , 0
0.789774 , 20.4658 , 0
0.789333 , 20.5088 , 0
0.788891 , 20.5517 , 0
0.78845 , 20.5946 , 0
0.788009 , 20.6375 , 0
0.787567 , 20.6804 , 0
0.787126 , 20.7233 , 0
0.786685 , 20.7662 , 0
0.786243 , 20.8091 , 0
0.785802 , 20.852 , 0
0.785361 , 20.8949 , 0
0.784919 , 20.9378 , 0
0.784478 , 20.9807 , 0
0.784037 , 21.0236 , 0
0.783595 , 21.0665 , 0
0.783154 , 21.1094 , 0
0.782713 , 21.1523 , 0
0.782271 , 21.1952 , 0
0.78183 , 21.2381 , 0
0.781388 , 21.281 , 0
0.780947 , 21.324 , 0
0.780506 , 21.3669 , 0
0.780064 , 21.4098 , 0
0.779623 , 21.4527 , 0
0.779182 , 21.4956 , 0
0.77874 , 21.5385 , 0
0.778299 , 21.5814 , 0
0.777858 , 21.6243 , 0
0.777416 , 21.6672 , 0
0.776975 , 21.7101 , 0
0.776534 , 21.753 , 0
0.776092 , 21.7959 , 0
0.775651 , 21.8388 , 0
0.77521 , 21.8817 , 0
0.774768 , 21.9246 , 0
0.774327 , 21.9675 , 0
0.773886 , 22.0104 , 0
0.773444 , 22.0533 , 0
0.773003 , 22.0962 , 0
0.772562 , 22.1392 , 0
0.77212 , 22.1821 , 0
0.771679 , 22.225 , 0
0.771238 , 22.2679 , 0
0.770796 , 22.3108 , 0
0.770355 , 22.3537 , 0
0.769914 , 22.3966 , 0
0.769472 , 22.4395 , 0
0.769031 , 22.4824 , 0
0.76859 , 22.5253 , 0
0.768148 , 22.5682 , 0
0.767707 , 22.6111 , 0
0.767266 , 22.654 , 0
0.766824 , 22.6969 , 0
0.766383 , 22.7398 , 0
0.765942 , 22.7827 , 0
0.7655 , 22.8256 , 0
0.765059 , 22.8685 , 0
0.764617 , 22.9114 , 0
0.764176 , 22.9544 , 0
0.763735 , 22.9973 , 0
0.763293 , 23.0402 , 0
0.762852 , 23.0831 , 0
0.762411 , 23.126 , 0
0.761969 , 23.1689 , 0
0.761528 , 23.2118 , 0
0.761087 , 23.2547 , 0
0.760645 , 23.2976 , 0
0.760204 , 23.3405 , 0
0.759763 , 23.3834 , 0
0.759321 , 23.4263 , 0
0.75888 , 23.4692 , 0
0.758439 , 23.5121 , 0
0.757997 , 23.555 , 0
0.757556 , 23.5979 , 0
0.757115 , 23.6408 , 0
0.756673 , 23.6837 , 0
0.756232 , 23.7267 , 0
0.755791 , 23.7696 , 0
0.755349 , 23.8125 , 0
0.754908 , 23.8554 , 0
0.754467 , 23.8983 , 0
0.754025 , 23.9412 , 0
0.753584 , 23.9841 , 0
0.753143 , 24.027 , 0
0.752701 , 24.0699 , 0
0.75226 , 24.1128 , 0
0.751819 , 24.1557 , 0
0.751377 , 24.1986 , 0
0.750936 , 24.2415 , 0
0.750495 , 24.2844 , 0
0.750053 , 24.3273 , 0
0.749612 , 24.3702 , 0
0.749171 , 24.4131 , 0
0.748729 , 24.456 , 0
0.748288 , 24.4989 , 0
0.747847 , 24.5419 , 0
0.747405 , 24.5848 , 0
0.746964 , 24.6277 , 0
0.746522 , 24.6706 , 0
0.746081 , 24.7135 , 0
0.74564 , 24.7564 , 0
0.745198 , 24.7993 , 0
0.744757 , 24.8422 , 0
0.744316 , 24.8851 , 0
0.743874 , 24.928 , 0
0.743433 , 24.9709 , 0
0.742992 , 25.0138 , 0
0.74255 , 25.0567 , 0
0.742109 , 25.0996 , 0
0.741668 , 25.1425 , 0
0.741226 , 25.1854 , 0
0.740785 , 25.2283 , 0
0.740344 , 25.2712 , 0
0.739902 , 25.3141 , 0
0.739461 , 25.3571 , 0
0.73902 , 25.4 , 0
0.738578 , 25.4429 , 0
0.738137 , 25.4858 , 0
0.737696 , 25.5287 , 0
0.737254 , 25.5716 , 0
0.736813 , 25.6145 , 0
0.736372 , 25.6574 , 0
0.73593 , 25.7003 , 0
0.735489 , 25.7432 , 0
0.735048 , 25.7861 , 0
0.734606 , 25.829 , 0
0.734165 , 25.8719 , 0
0.733724 , 25.9148 , 0
0.733282 , 25.9577 , 0
0.732841 , 26.0006 , 0
0.7324 , 26.0435 , 0
0.731958 , 26.0864 , 0
0.731517 , 26.1293 , 0
0.731076 , 26.1723 , 0
0.730634 , 26.2152 , 0
0.730193 , 26.2581 , 0
0.729751 , 26.301 , 0
0.72931 , 26.3439 , 0
0.728869 , 26.3868 , 0
0.728427 , 26.4297 , 0
0.727986 , 26.4726 , 0
0.727545 , 26.5155 , 0
0.727103 , 26.5584 , 0
0.726662 , 26.6013 , 0
0.726221 , 26.6442 , 0
0.725779 , 26.6871 , 0
0.725338 , 26.73 , 0
0.724897 , 26.7729 , 0
0.724455 , 26.8158 , 0
0.724014 , 26.8587 , 0
0.723573 , 26.9016 , 0
0.723131 , 26.9445 , 0
0.72269 , 26.9875 , 0
0.722249 , 27.0304 , 0
0.721807 , 27.0733 , 0
0.721366 , 27.1162 , 0
0.720925 , 27.1591 , 0
0.720483 , 27.202 , 0
0.720042 , 27.2449 , 0
0.719601 , 27.2878 , 0
0.719159 , 27.3307 , 0
0.718718 , 27.3736 , 0
0.718277 , 27.4165 , 0
0.717835 , 27.4594 , 0
0.717394 , 27.5023 , 0
0.716953 , 27.5452 , 0
0.716511 , 27.5881 , 0
0.71607 , 27.631 , 0
0.715629 , 27.6739 , 0
0.715187 , 27.7168 , 0
0.714746 , 27.7598 , 0
0.714305 , 27.8027 , 0
0.713863 , 27.8456 , 0
0.713422 , 27.8885 , 0
0.712981 , 27.9314 , 0
0.712539 , 27.9743 , 0
0.712098 , 28.0172 , 0
0.711656 , 28.0601 , 0
0.711215 , 28.103 , 0
0.710774 , 28.1459 , 0
0.710332 , 28.1888 , 0
0.709891 , 28.2317 , 0
0.70945 , 28.2746 , 0
0.709008 , 28.3175 , 0
0.708567 , 28.3604 , 0
0.708126 , 28.4033 , 0
0.707684 , 28.4462 , 0
0.707243 , 28.4891 , 0
0.706802 , 28.532 , 0
0.70636 , 28.575 , 0
0.705919 , 28.6179 , 0
0.705478 , 28.6608 , 0
0.705036 , 28.7037 , 0
0.704595 , 28.7466 , 0
0.704154 , 28.7895 , 0
0.703712 , 28.8324 , 0
0.703271 , 28.8753 , 0
0.70283 , 28.9182 , 0
0.702388 , 28.9611 , 0
0.701947 , 29.004 , 0
0.701506 , 29.0469 , 0
0.701064 , 29.0898 , 0
0.700623 , 29.1327 , 0
0.700182 , 29.1756 , 0
0.69974 , 29.2185 , 0
0.699299 , 29.2614 , 0
0.698858 , 29.3043 , 0
0.698416 , 29.3472 , 0
0.697975 , 29.3902 , 0
0.697534 , 29.4331 , 0
0.697092 , 29.476 , 0
0.696651 , 29.5189 , 0
0.69621 , 29.5618 , 0
0.695768 , 29.6047 , 0
0.695327 , 29.6476 , 0
0.694886 , 29.6905 , 0
0.694444 , 29.7334 , 0
0.694003 , 29.7763 , 0
0.693561 , 29.8192 , 0
0.69312 , 29.8621 , 0
0.692679 , 29.905 , 0
0.692237 , 29.9479 , 0
0.691796 , 29.9908 , 0
0.691355 , 30.0337 , 0
0.690913 , 30.0766 , 0
0.690472 , 30.1195 , 0
0.690031 , 30.1624 , 0
0.689589 , 30.2054 , 0
0.689148 , 30.2483 , 0
0.688707 , 30.2912 , 0
0.688265 , 30.3341 , 0
0.687824 , 30.377 , 0
0.687383 , 30.4199 , 0
0.686941 , 30.4628 , 0
0.6865 , 30.5057 , 0
0.686059 , 30.5486 , 0
0.685617 , 30.5915 , 0
0.685176 , 30.6344 , 0
0.684735 , 30.6773 , 0
0.684293 , 30.7202 , 0
0.683852 , 30.7631 , 0
0.683411 , 30.806 , 0
0.682969 , 30.8489 , 0
0.682528 , 30.8918 , 0
0.682087 , 30.9347 , 0
0.681645 , 30.9776 , 0
0.681204 , 31.0206 , 0
0.680763 , 31.0635 , 0
0.680321 , 31.1064 , 0
0.67988 , 31.1493 , 0
0.679439 , 31.1922 , 0
0.678997 , 31.2351 , 0
0.678556 , 31.278 , 0
0.678115 , 31.3209 , 0
0.677673 , 31.3638 , 0
0.677232 , 31.4067 , 0
0.67679 , 31.4496 , 0
0.676349 , 31.4925 , 0
0.675908 , 31.5354 , 0
0.675466 , 31.5783 , 0
0.675025 , 31.6212 , 0
0.674584 , 31.6641 , 0
0.674142 , 31.707 , 0
0.673701 , 31.7499 , 0
0.67326 , 31.7928 , 0
0.672818 , 31.8358 , 0
0.672377 , 31.8787 , 0
0.671936 , 31.9216 , 0
0.671494 , 31.9645 , 0
0.671053 , 32.0074 , 0
0.670612 , 32.0503 , 0
0.67017 , 32.0932 , 0
0.669729 , 32.1361 , 0
0.669288 , 32.179 , 0
0.668846 , 32.2219 , 0
0.668405 , 32.2648 , 0
0.667964 , 32.3077 , 0
0.667522 , 32.3506 , 0
0.667081 , 32.3935 , 0
0.66664 , 32.4364 , 0
0.666198 , 32.4793 , 0
0.665757 , 32.5222 , 0
0.665316 , 32.5651 , 0
0.664874 , 32.6081 , 0
0.664433 , 32.651 , 0
0.663992 , 32.6939 , 0
0.66355 , 32.7368 , 0
0.663109 , 32.7797 , 0
0.662668 , 32.8226 , 0
0.662226 , 32.8655 , 0
0.661785 , 32.9084 , 0
0.661344 , 32.9513 , 0
0.660902 , 32.9942 , 0
0.660461 , 33.0371 , 0
0.66002 , 33.08 , 0
0.659578 , 33.1229 , 0
0.659137 , 33.1658 , 0
0.658695 , 33.2087 , 0
0.658254 , 33.2516 , 0
0.657813 , 33.2945 , 0
0.657371 , 33.3374 , 0
0.65693 , 33.3803 , 0
0.656489 , 33.4233 , 0
0.656047 , 33.4662 , 0
0.655606 , 33.5091 , 0
0.655165 , 33.552 , 0
0.654723 , 33.5949 , 0
0.654282 , 33.6378 , 0
0.653841 , 33.6807 , 0
0.653399 , 33.7236 , 0
0.652958 , 33.7665 , 0
0.652517 , 33.8094 , 0
0.652075 , 33.8523 , 0
0.651634 , 33.8952 , 0
0.651193 , 33.9381 , 0
0.650751 , 33.981 , 0
0.65031 , 34.0239 , 0
0.649869 , 34.0668 , 0
0.649427 , 34.1097 , 0
0.648986 , 34.1526 , 0
0.648545 , 34.1955 , 0
0.648103 , 34.2385 , 0
0.647662 , 34.2814 , 0
0.647221 , 34.3243 , 0
0.646779 , 34.3672 , 0
0.646338 , 34.4101 , 0
0.645897 , 34.453 , 0
0.645455 , 34.4959 , 0
0.645014 , 34.5388 , 0
0.644573 , 34.5817 , 0
0.644131 , 34.6246 , 0
0.64369 , 34.6675 , 0
0.643249 , 34.7104 , 0
0.642807 , 34.7533 , 0
0.642366 , 34.7962 , 0
0.641924 , 34.8391 , 0
0.641483 , 34.882 , 0
0.641042 , 34.9249 , 0
0.6406 , 34.9678 , 0
0.640159 , 35.0107 , 0
0.639718 , 35.0537 , 0
0.639276 , 35.0966 , 0
0.638835 , 35.1395 , 0
0.638394 , 35.1824 , 0
0.637952 , 35.2253 , 0
0.637511 , 35.2682 , 0
0.63707 , 35.3111 , 0
0.636628 , 35.354 , 0
0.636187 , 35.3969 , 0
0.635746 , 35.4398 , 0
0.635304 , 35.4827 , 0
0.634863 , 35.5256 , 0
0.634422 , 35.5685 , 0
0.63398 , 35.6114 , 0
0.633539 , 35.6543 , 0
0.633098 , 35.6972 , 0
0.632656 , 35.7401 , 0
0.632215 , 35.783 , 0
0.631774 , 35.8259 , 0
0.631332 , 35.8689 , 0
0.630891 , 35.9118 , 0
0.63045 , 35.9547 , 0
0.630008 , 35.9976 , 0
0.629567 , 36.0405 , 0
0.629126 , 36.0834 , 0
0.628684 , 36.1263 , 0
0.628243 , 36.1692 , 0
0.627802 , 36.2121 , 0
0.62736 , 36.255 , 0
0.626919 , 36.2979 , 0
0.626478 , 36.3408 , 0
0.626036 , 36.3837 , 0
0.625595 , 36.4266 , 0
0.625154 , 36.4695 , 0
0.624712 , 36.5124 , 0
0.624271 , 36.5553 , 0
0.623829 , 36.5982 , 0
0.623388 , 36.6412 , 0
0.622947 , 36.6841 , 0
0.622505 , 36.727 , 0
0.622064 , 36.7699 , 0
0.621623 , 36.8128 , 0
0.621181 , 36.8557 , 0
0.62074 , 36.8986 , 0
0.620299 , 36.9415 , 0
0.619857 , 36.9844 , 0
0.619416 , 37.0273 , 0
0.618975 , 37.0702 , 0
0.618533 , 37.1131 , 0
0.618092 , 37.156 , 0
0.617651 , 37.1989 , 0
0.617209 , 37.2418 , 0
0.616768 , 37.2847 , 0
0.616327 , 37.3276 , 0
0.615885 , 37.3705 , 0
0.615444 , 37.4134 , 0
0.615003 , 37.4564 , 0
0.614561 , 37.4993 , 0
0.61412 , 37.5422 , 0
0.613679 , 37.5851 , 0
0.613237 , 37.628 , 0
0.612796 , 37.6709 , 0
0.612355 , 37.7138 , 0
0.611913 , 37.7567 , 0
0.611472 , 37.7996 , 0
0.611031 , 37.8425 , 0
0.610589 , 37.8854 , 0
0.610148 , 37.9283 , 0
0.609707 , 37.9712 , 0
0.609265 , 38.0141 , 0
0.608824 , 38.057 , 0
0.608383 , 38.0999 , 0
0.607941 , 38.1428 , 0
0.6075 , 38.1857 , 0
0.607058 , 38.2286 , 0
0.606617 , 38.2716 , 0
0.606176 , 38.3145 , 0
0.605734 , 38.3574 , 0
0.605293 , 38.4003 , 0
0.604852 , 38.4432 , 0
0.60441 , 38.4861 , 0
0.603969 , 38.529 , 0
0.603528 , 38.5719 , 0
0.603086 , 38.6148 , 0
0.602645 , 38.6577 , 0
0.602204 , 38.7006 , 0
0.601762 , 38.7435 , 0
0.601321 , 38.7864 , 0
0.60088 , 38.8293 , 0
0.600438 , 38.8722 , 0
0.599997 , 38.9151 , 0
0.599556 , 38.958 , 0
0.599114 , 39.0009 , 0
0.598673 , 39.0438 , 0
0.598232 , 39.0868 , 0
0.59779 , 39.1297 , 0
0.597349 , 39.1726 , 0
0.596908 , 39.2155 , 0
0.596466 , 39.2584 , 0
0.596025 , 39.3013 , 0
0.595584 , 39.3442 , 0
0.595142 , 39.3871 , 0
0.594701 , 39.43 , 0
0.59426 , 39.4729 , 0
0.593818 , 39.5158 , 0
0.593377 , 39.5587 , 0
0.592936 , 39.6016 , 0
0.592494 , 39.6445 , 0
0.592053 , 39.6874 , 0
0.591612 , 39.7303 , 0
0.59117 , 39.7732 , 0
0.590729 , 39.8161 , 0
0.590288 , 39.859 , 0
0.589846 , 39.902 , 0
0.589405 , 39.9449 , 0
0.588963 , 39.9878 , 0
0.588522 , 40.0307 , 0
0.588081 , 40.0736 , 0
0.587639 , 40.1165 , 0
0.587198 , 40.1594 , 0
0.586757 , 40.2023 , 0
0.586315 , 40.2452 , 0
0.585874 , 40.2881 , 0
0.585433 , 40.331 , 0
0.584991 , 40.3739 , 0
0.58455 , 40.4168 , 0
0.584109 , 40.4597 , 0
0.583667 , 40.5026 , 0
0.583226 , 40.5455 , 0
0.582785 , 40.5884 , 0
0.582343 , 40.6313 , 0
0.581902 , 40.6742 , 0
0.581461 , 40.7172 , 0
0.581019 , 40.7601 , 0
0.580578 , 40.803 , 0
0.580137 , 40.8459 , 0
0.579695 , 40.8888 , 0
0.579254 , 40.9317 , 0
0.578813 , 40.9746 , 0
0.578371 , 41.0175 , 0
0.57793 , 41.0604 , 0
0.577489 , 41.1033 , 0
0.577047 , 41.1462 , 0
0.576606 , 41.1891 , 0
0.576165 , 41.232 , 0
0.575723 , 41.2749 , 0
0.575282 , 41.3178 , 0
0.574841 , 41.3607 , 0
0.574399 , 41.4036 , 0
0.573958 , 41.4465 , 0
0.573517 , 41.4895 , 0
0.573075 , 41.5324 , 0
0.572634 , 41.5753 , 0
0.572192 , 41.6182 , 0
0.571751 , 41.6611 , 0
0.57131 , 41.704 , 0
0.570868 , 41.7469 , 0
0.570427 , 41.7898 , 0
0.569986 , 41.8327 , 0
0.569544 , 41.8756 , 0
0.569103 , 41.9185 , 0
0.568662 , 41.9614 , 0
0.56822 , 42.0043 , 0
0.567779 , 42.0472 , 0
0.567338 , 42.0901 , 0
0.566896 , 42.133 , 0
0.566455 , 42.1759 , 0
0.566014 , 42.2188 , 0
0.565572 , 42.2617 , 0
0.565131 , 42.3047 , 0
0.56469 , 42.3476 , 0
0.564248 , 42.3905 , 0
0.563807 , 42.4334 , 0
0.563366 , 42.4763 , 0
0.562924 , 42.5192 , 0
0.562483 , 42.5621 , 0
0.562042 , 42.605 , 0
0.5616 , 42.6479 , 0
0.561159 , 42.6908 , 0
0.560718 , 42.7337 , 0
0.560276 , 42.7766 , 0
0.559835 , 42.8195 , 0
0.559394 , 42.8624 , 0
0.558952 , 42.9053 , 0
0.558511 , 42.9482 , 0
0.55807 , 42.9911 , 0
0.557628 , 43.034 , 0
0.557187 , 43.0769 , 0
0.556746 , 43.1199 , 0
0.556304 , 43.1628 , 0
0.555863 , 43.2057 , 0
0.555422 , 43.2486 , 0
0.55498 , 43.2915 , 0
0.554539 , 43.3344 , 0
0.554097 , 43.3773 , 0
0.553656 , 43.4202 , 0
0.553215 , 43.4631 , 0
0.552773 , 43.506 , 0
0.552332 , 43.5489 , 0
0.551891 , 43.5918 , 0
0.551449 , 43.6347 , 0
0.551008 , 43.6776 , 0
0.550567 , 43.7205 , 0
0.550125 , 43.7634 , 0
0.549684 , 43.8063 , 0
0.549243 , 43.8492 , 0
0.548801 , 43.8921 , 0
0.54836 , 43.9351 , 0
0.547919 , 43.978 , 0
0.547477 , 44.0209 , 0
0.547036 , 44.0638 , 0
0.546595 , 44.1067 , 0
0.546153 , 44.1496 , 0
0.545712 , 44.1925 , 0
0.545271 , 44.2354 , 0
0.544829 , 44.2783 , 0
0.544388 , 44.3212 , 0
0.543947 , 44.3641 , 0
0.543505 , 44.407 , 0
0.543064 , 44.4499 , 0
0.542623 , 44.4928 , 0
0.542181 , 44.5357 , 0
0.54174 , 44.5786 , 0
0.541299 , 44.6215 , 0
0.540857 , 44.6644 , 0
0.540416 , 44.7073 , 0
0.539975 , 44.7503 , 0
0.539533 , 44.7932 , 0
0.539092 , 44.8361 , 0
0.538651 , 44.879 , 0
0.538209 , 44.9219 , 0
0.537768 , 44.9648 , 0
0.537326 , 45.0077 , 0
0.536885 , 45.0506 , 0
0.536444 , 45.0935 , 0
0.536002 , 45.1364 , 0
0.535561 , 45.1793 , 0
0.53512 , 45.2222 , 0
0.534678 , 45.2651 , 0
0.534237 , 45.308 , 0
0.533796 , 45.3509 , 0
0.533354 , 45.3938 , 0
0.532913 , 45.4367 , 0
0.532472 , 45.4796 , 0
0.53203 , 45.5226 , 0
0.531589 , 45.5655 , 0
0.531148 , 45.6084 , 0
0.530706 , 45.6513 , 0
0.530265 , 45.6942 , 0
0.529824 , 45.7371 , 0
0.529382 , 45.78 , 0
0.528941 , 45.8229 , 0
0.5285 , 45.8658 , 0
0.528058 , 45.9087 , 0
0.527617 , 45.9516 , 0
0.527176 , 45.9945 , 0
0.526734 , 46.0374 , 0
0.526293 , 46.0803 , 0
0.525852 , 46.1232 , 0
0.52541 , 46.1661 , 0
0.524969 , 46.209 , 0
0.524528 , 46.2519 , 0
0.524086 , 46.2948 , 0
0.523645 , 46.3378 , 0
0.523204 , 46.3807 , 0
0.522762 , 46.4236 , 0
0.522321 , 46.4665 , 0
0.52188 , 46.5094 , 0
0.521438 , 46.5523 , 0
0.520997 , 46.5952 , 0
0.520556 , 46.6381 , 0
0.520114 , 46.681 , 0
0.519673 , 46.7239 , 0
0.519231 , 46.7668 , 0
0.51879 , 46.8097 , 0
0.518349 , 46.8526 , 0
0.517907 , 46.8955 , 0
0.517466 , 46.9384 , 0
0.517025 , 46.9813 , 0
0.516583 , 47.0242 , 0
0.516142 , 47.0671 , 0
0.515701 , 47.11 , 0
0.515259 , 47.153 , 0
0.514818 , 47.1959 , 0
0.514377 , 47.2388 , 0
0.513935 , 47.2817 , 0
0.513494 , 47.3246 , 0
0.513053 , 47.3675 , 0
0.512611 , 47.4104 , 0
0.51217 , 47.4533 , 0
0.511729 , 47.4962 , 0
0.511287 , 47.5391 , 0
0.510846 , 47.582 , 0
0.510405 , 47.6249 , 0
0.509963 , 47.6678 , 0
0.509522 , 47.7107 , 0
0.509081 , 47.7536 , 0
0.508639 , 47.7965 , 0
0.508198 , 47.8394 , 0
0.507757 , 47.8823 , 0
0.507315 , 47.9252 , 0
0.506874 , 47.9682 , 0
0.506433 , 48.0111 , 0
0.505991 , 48.054 , 0
0.50555 , 48.0969 , 0
0.505109 , 48.1398 , 0
0.504667 , 48.1827 , 0
0.504226 , 48.2256 , 0
0.503785 , 48.2685 , 0
0.503343 , 48.3114 , 0
0.502902 , 48.3543 , 0
0.502461 , 48.3972 , 0
0.502019 , 48.4401 , 0
0.501578 , 48.483 , 0
0.501136 , 48.5259 , 0
0.500695 , 48.5688 , 0
0.500254 , 48.6117 , 0
0.499812 , 48.6546 , 0
0.499371 , 48.6975 , 0
0.49893 , 48.7404 , 0
0.498488 , 48.7834 , 0
0.498047 , 48.8263 , 0
0.497606 , 48.8692 , 0
0.497164 , 48.9121 , 0
0.496723 , 48.955 , 0
0.496282 , 48.9979 , 0
0.49584 , 49.0408 , 0
0.495399 , 49.0837 , 0
0.494958 , 49.1266 , 0
0.494516 , 49.1695 , 0
0.494075 , 49.2124 , 0
0.493634 , 49.2553 , 0
0.493192 , 49.2982 , 0
0.492751 , 49.3411 , 0
0.49231 , 49.384 , 0
0.491868 , 49.4269 , 0
0.491427 , 49.4698 , 0
0.490986 , 49.5127 , 0
0.490544 , 49.5556 , 0
0.490103 , 49.5986 , 0
0.489662 , 49.6415 , 0
0.48922 , 49.6844 , 0
0.488779 , 49.7273 , 0
0.488338 , 49.7702 , 0
0.487896 , 49.8131 , 0
0.487455 , 49.856 , 0
0.487014 , 49.8989 , 0
0.486572 , 49.9418 , 0
0.486131 , 49.9847 , 0
0.48569 , 50.0276 , 0
0.485248 , 50.0705 , 0
0.484807 , 50.1134 , 0
0.484365 , 50.1563 , 0
0.483924 , 50.1992 , 0
0.483483 , 50.2421 , 0
0.483041 , 50.285 , 0
0.4826 , 50.3279 , 0
0.482159 , 50.3709 , 0
0.481717 , 50.4138 , 0
0.481276 , 50.4567 , 0
0.480835 , 50.4996 , 0
0.480393 , 50.5425 , 0
0.479952 , 50.5854 , 0
0.479511 , 50.6283 , 0
0.479069 , 50.6712 , 0
0.478628 , 50.7141 , 0
0.478187 , 50.757 , 0
0.477745 , 50.7999 , 0
0.477304 , 50.8428 , 0
0.476863 , 50.8857 , 0
0.476421 , 50.9286 , 0
0.47598 , 50.9715 , 0
0.475539 , 51.0144 , 0
0.475097 , 51.0573 , 0
0.474656 , 51.1002 , 0
0.474215 , 51.1431 , 0
0.473773 , 51.1861 , 0
0.473332 , 51.229 , 0
0.472891 , 51.2719 , 0
0.472449 , 51.3148 , 0
0.472008 , 51.3577 , 0
0.471567 , 51.4006 , 0
0.471125 , 51.4435 , 0
0.470684 , 51.4864 , 0
0.470243 , 51.5293 , 0
0.469801 , 51.5722 , 0
0.46936 , 51.6151 , 0
0.468919 , 51.658 , 0
0.468477 , 51.7009 , 0
0.468036 , 51.7438 , 0
0.467595 , 51.7867 , 0
0.467153 , 51.8296 , 0
0.466712 , 51.8725 , 0
0.46627 , 51.9154 , 0
0.465829 , 51.9583 , 0
0.465388 , 52.0013 , 0
0.464946 , 52.0442 , 0
0.464505 , 52.0871 , 0
0.464064 , 52.13 , 0
0.463622 , 52.1729 , 0
0.463181 , 52.2158 , 0
0.46274 , 52.2587 , 0
0.462298 , 52.3016 , 0
0.461857 , 52.3445 , 0
0.461416 , 52.3874 , 0
0.460974 , 52.4303 , 0
0.460533 , 52.4732 , 0
0.460092 , 52.5161 , 0
0.45965 , 52.559 , 0
0.459209 , 52.6019 , 0
0.458768 , 52.6448 , 0
0.458326 , 52.6877 , 0
0.457885 , 52.7306 , 0
0.457444 , 52.7735 , 0
0.457002 , 52.8165 , 0
0.456561 , 52.8594 , 0
0.45612 , 52.9023 , 0
0.455678 , 52.9452 , 0
0.455237 , 52.9881 , 0
0.454796 , 53.031 , 0
0.454354 , 53.0739 , 0
0.453913 , 53.1168 , 0
0.453472 , 53.1597 , 0
0.45303 , 53.2026 , 0
0.452589 , 53.2455 , 0
0.452148 , 53.2884 , 0
0.451706 , 53.3313 , 0
0.451265 , 53.3742 , 0
0.450824 , 53.4171 , 0
0.450382 , 53.46 , 0
0.449941 , 53.5029 , 0
0.449499 , 53.5458 , 0
0.449058 , 53.5887 , 0
0.448617 , 53.6317 , 0
0.448175 , 53.6746 , 0
0.447734 , 53.7175 , 0
0.447293 , 53.7604 , 0
0.446851 , 53.8033 , 0
0.44641 , 53.8462 , 0
0.445969 , 53.8891 , 0
0.445527 , 53.932 , 0
0.445086 , 53.9749 , 0
0.444645 , 54.0178 , 0
0.444203 , 54.0607 , 0
0.443762 , 54.1036 , 0
0.443321 , 54.1465 , 0
0.442879 , 54.1894 , 0
0.442438 , 54.2323 , 0
0.441997 , 54.2752 , 0
0.441555 , 54.3181 , 0
0.441114 , 54.361 , 0
0.440673 , 54.4039 , 0
0.440231 , 54.4469 , 0
0.43979 , 54.4898 , 0
0.439349 , 54.5327 , 0
0.438907 , 54.5756 , 0
0.438466 , 54.6185 , 0
0.438025 , 54.6614 , 0
0.437583 , 54.7043 , 0
0.437142 , 54.7472 , 0
0.436701 , 54.7901 , 0
0.436259 , 54.833 , 0
0.435818 , 54.8759 , 0
0.435377 , 54.9188 , 0
0.434935 , 54.9617 , 0
0.434494 , 55.0046 , 0
0.434053 , 55.0475 , 0
0.433611 , 55.0904 , 0
0.43317 , 55.1333 , 0
0.432729 , 55.1762 , 0
0.432287 , 55.2192 , 0
0.431846 , 55.2621 , 0
0.431404 , 55.305 , 0
0.430963 , 55.3479 , 0
0.430522 , 55.3908 , 0
0.43008 , 55.4337 , 0
0.429639 , 55.4766 , 0
0.429198 , 55.5195 , 0
0.428756 , 55.5624 , 0
0.428315 , 55.6053 , 0
0.427874 , 55.6482 , 0
0.427432 , 55.6911 , 0
0.426991 , 55.734 , 0
0.42655 , 55.7769 , 0
0.426108 , 55.8198 , 0
0.425667 , 55.8627 , 0
0.425226 , 55.9056 , 0
0.424784 , 55.9485 , 0
0.424343 , 55.9914 , 0
0.423902 , 56.0344 , 0
0.42346 , 56.0773 , 0
0.423019 , 56.1202 , 0
0.422578 , 56.1631 , 0
0.422136 , 56.206 , 0
0.421695 , 56.2489 , 0
0.421254 , 56.2918 , 0
0.420812 , 56.3347 , 0
0.420371 , 56.3776 , 0
0.41993 , 56.4205 , 0
0.419488 , 56.4634 , 0
0.419047 , 56.5063 , 0
0.418606 , 56.5492 , 0
0.418164 , 56.5921 , 0
0.417723 , 56.635 , 0
0.417282 , 56.6779 , 0
0.41684 , 56.7208 , 0
0.416399 , 56.7637 , 0
0.415958 , 56.8066 , 0
0.415516 , 56.8496 , 0
0.415075 , 56.8925 , 0
0.414633 , 56.9354 , 0
0.414192 , 56.9783 , 0
0.413751 , 57.0212 , 0
0.413309 , 57.0641 , 0
0.412868 , 57.107 , 0
0.412427 , 57.1499 , 0
0.411985 , 57.1928 , 0
0.411544 , 57.2357 , 0
0.411103 , 57.2786 , 0
0.410661 , 57.3215 , 0
0.41022 , 57.3644 , 0
0.409779 , 57.4073 , 0
0.409337 , 57.4502 , 0
0.408896 , 57.4931 , 0
0.408455 , 57.536 , 0
0.408013 , 57.5789 , 0
0.407572 , 57.6218 , 0
0.407131 , 57.6648 , 0
0.406689 , 57.7077 , 0
0.406248 , 57.7506 , 0
0.405807 , 57.7935 , 0
0.405365 , 57.8364 , 0
0.404924 , 57.8793 , 0
0.404483 , 57.9222 , 0
0.404041 , 57.9651 , 0
0.4036 , 58.008 , 0
0.403159 , 58.0509 , 0
0.402717 , 58.0938 , 0
0.402276 , 58.1367 , 0
0.401835 , 58.1796 , 0
0.401393 , 58.2225 , 0
0.400952 , 58.2654 , 0
0.400511 , 58.3083 , 0
0.400069 , 58.3512 , 0
0.399628 , 58.3941 , 0
0.399187 , 58.437 , 0
0.398745 , 58.48 , 0
0.398304 , 58.5229 , 0
0.397863 , 58.5658 , 0
0.397421 , 58.6087 , 0
0.39698 , 58.6516 , 0
0.396538 , 58.6945 , 0
0.396097 , 58.7374 , 0
0.395656 , 58.7803 , 0
0.395214 , 58.8232 , 0
0.394773 , 58.8661 , 0
0.394332 , 58.909 , 0
0.39389 , 58.9519 , 0
0.393449 , 58.9948 , 0
0.393008 , 59.0377 , 0
0.392566 , 59.0806 , 0
0.392125 , 59.1235 , 0
0.391684 , 59.1664 , 0
0.391242 , 59.2093 , 0
0.390801 , 59.2523 , 0
0.39036 , 59.2952 , 0
0.389918 , 59.3381 , 0
0.389477 , 59.381 , 0
0.389036 , 59.4239 , 0
0.388594 , 59.4668 , 0
0.388153 , 59.5097 , 0
0.387712 , 59.5526 , 0
0.38727 , 59.5955 , 0
0.386829 , 59.6384 , 0
0.386388 , 59.6813 , 0
0.385946 , 59.7242 , 0
0.385505 , 59.7671 , 0
0.385064 , 59.81 , 0
0.384622 , 59.8529 , 0
0.384181 , 59.8958 , 0
0.38374 , 59.9387 , 0
0.383298 , 59.9816 , 0
0.382857 , 60.0245 , 0
0.382416 , 60.0675 , 0
0.381974 , 60.1104 , 0
0.381533 , 60.1533 , 0
0.381092 , 60.1962 , 0
0.38065 , 60.2391 , 0
0.380209 , 60.282 , 0
0.379767 , 60.3249 , 0
0.379326 , 60.3678 , 0
0.378885 , 60.4107 , 0
0.378443 , 60.4536 , 0
0.378002 , 60.4965 , 0
0.377561 , 60.5394 , 0
0.377119 , 60.5823 , 0
0.376678 , 60.6252 , 0
0.376237 , 60.6681 , 0
0.375795 , 60.711 , 0
0.375354 , 60.7539 , 0
0.374913 , 60.7968 , 0
0.374471 , 60.8397 , 0
0.37403 , 60.8827 , 0
0.373589 , 60.9256 , 0
0.373147 , 60.9685 , 0
0.372706 , 61.0114 , 0
0.372265 , 61.0543 , 0
0.371823 , 61.0972 , 0
0.371382 , 61.1401 , 0
0.370941 , 61.183 , 0
0.370499 , 61.2259 , 0
0.370058 , 61.2688 , 0
0.369617 , 61.3117 , 0
0.369175 , 61.3546 , 0
0.368734 , 61.3975 , 0
0.368293 , 61.4404 , 0
0.367851 , 61.4833 , 0
0.36741 , 61.5262 , 0
0.366969 , 61.5691 , 0
0.366527 , 61.612 , 0
0.366086 , 61.6549 , 0
0.365645 , 61.6979 , 0
0.365203 , 61.7408 , 0
0.364762 , 61.7837 , 0
0.364321 , 61.8266 , 0
0.363879 , 61.8695 , 0
0.363438 , 61.9124 , 0
0.362997 , 61.9553 , 0
0.362555 , 61.9982 , 0
0.362114 , 62.0411 , 0
0.361672 , 62.084 , 0
0.361231 , 62.1269 , 0
0.36079 , 62.1698 , 0
0.360348 , 62.2127 , 0
0.359907 , 62.2556 , 0
0.359466 , 62.2985 , 0
0.359024 , 62.3414 , 0
0.358583 , 62.3843 , 0
0.358142 , 62.4272 , 0
0.3577 , 62.4701 , 0
0.357259 , 62.5131 , 0
0.356818 , 62.556 , 0
0.356376 , 62.5989 , 0
0.355935 , 62.6418 , 0
0.355494 , 62.6847 , 0
0.355052 , 62.7276 , 0
0.354611 , 62.7705 , 0
0.35417 , 62.8134 , 0
0.353728 , 62.8563 , 0
0.353287 , 62.8992 , 0
0.352846 , 62.9421 , 0
0.352404 , 62.985 , 0
0.351963 , 63.0279 , 0
0.351522 , 63.0708 , 0
0.35108 , 63.1137 , 0
0.350639 , 63.1566 , 0
0.350198 , 63.1995 , 0
0.349756 , 63.2424 , 0
0.349315 , 63.2853 , 0
0.348874 , 63.3283 , 0
0.348432 , 63.3712 , 0
0.347991 , 63.4141 , 0
0.34755 , 63.457 , 0
0.347108 , 63.4999 , 0
0.346667 , 63.5428 , 0
0.346226 , 63.5857 , 0
0.345784 , 63.6286 , 0
0.345343 , 63.6715 , 0
0.344901 , 63.7144 , 0
0.34446 , 63.7573 , 0
0.344019 , 63.8002 , 0
0.343577 , 63.8431 , 0
0.343136 , 63.886 , 0
0.342695 , 63.9289 , 0
0.342253 , 63.9718 , 0
0.341812 , 64.0147 , 0
0.341371 , 64.0576 , 0
0.340929 , 64.1006 , 0
0.340488 , 64.1435 , 0
0.340047 , 64.1864 , 0
0.339605 , 64.2293 , 0
0.339164 , 64.2722 , 0
0.338723 , 64.3151 , 0
0.338281 , 64.358 , 0
0.33784 , 64.4009 , 0
0.337399 , 64.4438 , 0
0.336957 , 64.4867 , 0
0.336516 , 64.5296 , 0
0.336075 , 64.5725 , 0
0.335633 , 64.6154 , 0
0.335192 , 64.6583 , 0
0.334751 , 64.7012 , 0
0.334309 , 64.7441 , 0
0.333868 , 64.787 , 0
0.333427 , 64.8299 , 0
0.332985 , 64.8728 , 0
0.332544 , 64.9158 , 0
0.332103 , 64.9587 , 0
0.331661 , 65.0016 , 0
0.33122 , 65.0445 , 0
0.330779 , 65.0874 , 0
0.330337 , 65.1303 , 0
0.329896 , 65.1732 , 0
0.329455 , 65.2161 , 0
0.329013 , 65.259 , 0
0.328572 , 65.3019 , 0
0.328131 , 65.3448 , 0
0.327689 , 65.3877 , 0
0.327248 , 65.4306 , 0
0.326806 , 65.4735 , 0
0.326365 , 65.5164 , 0
0.325924 , 65.5593 , 0
0.325482 , 65.6022 , 0
0.325041 , 65.6451 , 0
0.3246 , 65.688 , 0
0.324158 , 65.731 , 0
0.323717 , 65.7739 , 0
0.323276 , 65.8168 , 0
0.322834 , 65.8597 , 0
0.322393 , 65.9026 , 0
0.321952 , 65.9455 , 0
0.32151 , 65.9884 , 0
0.321069 , 66.0313 , 0
0.320628 , 66.0742 , 0
0.320186 , 66.1171 , 0
0.319745 , 66.16 , 0
0.319304 , 66.2029 , 0
0.318862 , 66.2458 , 0
0.318421 , 66.2887 , 0
0.31798 , 66.3316 , 0
0.317538 , 66.3745 , 0
0.317097 , 66.4174 , 0
0.316656 , 66.4603 , 0
0.316214 , 66.5032 , 0
0.315773 , 66.5462 , 0
0.315332 , 66.5891 , 0
0.31489 , 66.632 , 0
0.314449 , 66.6749 , 0
0.314008 , 66.7178 , 0
0.313566 , 66.7607 , 0
0.313125 , 66.8036 , 0
0.312684 , 66.8465 , 0
0.312242 , 66.8894 , 0
0.311801 , 66.9323 , 0
0.31136 , 66.9752 , 0
0.310918 , 67.0181 , 0
0.310477 , 67.061 , 0
0.310036 , 67.1039 , 0
0.309594 , 67.1468 , 0
0.309153 , 67.1897 , 0
0.308711 , 67.2326 , 0
0.30827 , 67.2755 , 0
0.307829 , 67.3184 , 0
0.307387 , 67.3614 , 0
0.306946 , 67.4043 , 0
0.306505 , 67.4472 , 0
0.306063 , 67.4901 , 0
0.305622 , 67.533 , 0
0.305181 , 67.5759 , 0
0.304739 , 67.6188 , 0
0.304298 , 67.6617 , 0
0.303857 , 67.7046 , 0
0.303415 , 67.7475 , 0
0.302974 , 67.7904 , 0
0.302533 , 67.8333 , 0
0.302091 , 67.8762 , 0
0.30165 , 67.9191 , 0
0.301209 , 67.962 , 0
0.300767 , 68.0049 , 0
0.300326 , 68.0478 , 0
0.299885 , 68.0907 , 0
0.299443 , 68.1337 , 0
0.299002 , 68.1766 , 0
0.298561 , 68.2195 , 0
0.298119 , 68.2624 , 0
0.297678 , 68.3053 , 0
0.297237 , 68.3482 , 0
0.296795 , 68.3911 , 0
0.296354 , 68.434 , 0
0.295913 , 68.4769 , 0
0.295471 , 68.5198 , 0
0.29503 , 68.5627 , 0
0.294589 , 68.6056 , 0
0.294147 , 68.6485 , 0
0.293706 , 68.6914 , 0
0.293265 , 68.7343 , 0
0.292823 , 68.7772 , 0
0.292382 , 68.8201 , 0
0.29194 , 68.863 , 0
0.291499 , 68.9059 , 0
0.291058 , 68.9489 , 0
0.290616 , 68.9918 , 0
0.290175 , 69.0347 , 0
0.289734 , 69.0776 , 0
0.289292 , 69.1205 , 0
0.288851 , 69.1634 , 0
0.28841 , 69.2063 , 0
0.287968 , 69.2492 , 0
0.287527 , 69.2921 , 0
0.287086 , 69.335 , 0
0.286644 , 69.3779 , 0
0.286203 , 69.4208 , 0
0.285762 , 69.4637 , 0
0.28532 , 69.5066 , 0
0.284879 , 69.5495 , 0
0.284438 , 69.5924 , 0
0.283996 , 69.6353 , 0
0.283555 , 69.6782 , 0
0.283114 , 69.7211 , 0
0.282672 , 69.7641 , 0
0.282231 , 69.807 , 0
0.28179 , 69.8499 , 0
0.281348 , 69.8928 , 0
0.280907 , 69.9357 , 0
0.280466 , 69.9786 , 0
0.280024 , 70.0215 , 0
0.279583 , 70.0644 , 0
0.279142 , 70.1073 , 0
0.2787 , 70.1502 , 0
0.278259 , 70.1931 , 0
0.277818 , 70.236 , 0
0.277376 , 70.2789 , 0
0.276935 , 70.3218 , 0
0.276494 , 70.3647 , 0
0.276052 , 70.4076 , 0
0.275611 , 70.4505 , 0
0.27517 , 70.4934 , 0
0.274728 , 70.5363 , 0
0.274287 , 70.5793 , 0
0.273845 , 70.6222 , 0
0.273404 , 70.6651 , 0
0.272963 , 70.708 , 0
0.272521 , 70.7509 , 0
0.27208 , 70.7938 , 0
0.271639 , 70.8367 , 0
0.271197 , 70.8796 , 0
0.270756 , 70.9225 , 0
0.270315 , 70.9654 , 0
0.269873 , 71.0083 , 0
0.269432 , 71.0512 , 0
0.268991 , 71.0941 , 0
0.268549 , 71.137 , 0
0.268108 , 71.1799 , 0
0.267667 , 71.2228 , 0
0.267225 , 71.2657 , 0
0.266784 , 71.3086 , 0
0.266343 , 71.3515 , 0
0.265901 , 71.3945 , 0
0.26546 , 71.4374 , 0
0.265019 , 71.4803 , 0
0.264577 , 71.5232 , 0
0.264136 , 71.5661 , 0
0.263695 , 71.609 , 0
0.263253 , 71.6519 , 0
0.262812 , 71.6948 , 0
0.262371 , 71.7377 , 0
0.261929 , 71.7806 , 0
0.261488 , 71.8235 , 0
0.261047 , 71.8664 , 0
0.260605 , 71.9093 , 0
0.260164 , 71.9522 , 0
0.259723 , 71.9951 , 0
0.259281 , 72.038 , 0
0.25884 , 72.0809 , 0
0.258399 , 72.1238 , 0
0.257957 , 72.1667 , 0
0.257516 , 72.2097 , 0
0.257074 , 72.2526 , 0
0.256633 , 72.2955 , 0
0.256192 , 72.3384 , 0
0.25575 , 72.3813 , 0
0.255309 , 72.4242 , 0
0.254868 , 72.4671 , 0
0.254426 , 72.51 , 0
0.253985 , 72.5529 , 0
0.253544 , 72.5958 , 0
0.253102 , 72.6387 , 0
0.252661 , 72.6816 , 0
0.25222 , 72.7245 , 0
0.251778 , 72.7674 , 0
0.251337 , 72.8103 , 0
0.250896 , 72.8532 , 0
0.250454 , 72.8961 , 0
0.250013 , 72.939 , 0
0.249572 , 72.982 , 0
0.24913 , 73.0249 , 0
0.248689 , 73.0678 , 0
0.248248 , 73.1107 , 0
0.247806 , 73.1536 , 0
0.247365 , 73.1965 , 0
0.246924 , 73.2394 , 0
0.246482 , 73.2823 , 0
0.246041 , 73.3252 , 0
0.2456 , 73.3681 , 0
0.245158 , 73.411 , 0
0.244717 , 73.4539 , 0
0.244276 , 73.4968 , 0
0.243834 , 73.5397 , 0
0.243393 , 73.5826 , 0
0.242952 , 73.6255 , 0
0.24251 , 73.6684 , 0
0.242069 , 73.7113 , 0
0.241628 , 73.7542 , 0
0.241186 , 73.7972 , 0
0.240745 , 73.8401 , 0
0.240304 , 73.883 , 0
0.239862 , 73.9259 , 0
0.239421 , 73.9688 , 0
0.238979 , 74.0117 , 0
0.238538 , 74.0546 , 0
0.238097 , 74.0975 , 0
0.237655 , 74.1404 , 0
0.237214 , 74.1833 , 0
0.236773 , 74.2262 , 0
0.236331 , 74.2691 , 0
0.23589 , 74.312 , 0
0.235449 , 74.3549 , 0
0.235007 , 74.3978 , 0
0.234566 , 74.4407 , 0
0.234125 , 74.4836 , 0
0.233683 , 74.5265 , 0
0.233242 , 74.5694 , 0
0.232801 , 74.6124 , 0
0.232359 , 74.6553 , 0
0.231918 , 74.6982 , 0
0.231477 , 74.7411 , 0
0.231035 , 74.784 , 0
0.230594 , 74.8269 , 0
0.230153 , 74.8698 , 0
0.229711 , 74.9127 , 0
0.22927 , 74.9556 , 0
0.228829 , 74.9985 , 0
0.228387 , 75.0414 , 0
0.227946 , 75.0843 , 0
0.227505 , 75.1272 , 0
0.227063 , 75.1701 , 0
0.226622 , 75.213 , 0
0.226181 , 75.2559 , 0
0.225739 , 75.2988 , 0
0.225298 , 75.3417 , 0
0.224857 , 75.3846 , 0
0.224415 , 75.4276 , 0
0.223974 , 75.4705 , 0
0.223533 , 75.5134 , 0
0.223091 , 75.5563 , 0
0.22265 , 75.5992 , 0
0.222208 , 75.6421 , 0
0.221767 , 75.685 , 0
0.221326 , 75.7279 , 0
0.220884 , 75.7708 , 0
0.220443 , 75.8137 , 0
0.220002 , 75.8566 , 0
0.21956 , 75.8995 , 0
0.219119 , 75.9424 , 0
0.218678 , 75.9853 , 0
0.218236 , 76.0282 , 0
0.217795 , 76.0711 , 0
0.217354 , 76.114 , 0
0.216912 , 76.1569 , 0
0.216471 , 76.1998 , 0
0.21603 , 76.2428 , 0
0.215588 , 76.2857 , 0
0.215147 , 76.3286 , 0
0.214706 , 76.3715 , 0
0.214264 , 76.4144 , 0
0.213823 , 76.4573 , 0
0.213382 , 76.5002 , 0
0.21294 , 76.5431 , 0
0.212499 , 76.586 , 0
0.212058 , 76.6289 , 0
0.211616 , 76.6718 , 0
0.211175 , 76.7147 , 0
0.210734 , 76.7576 , 0
0.210292 , 76.8005 , 0
0.209851 , 76.8434 , 0
0.20941 , 76.8863 , 0
0.208968 , 76.9292 , 0
0.208527 , 76.9721 , 0
0.208086 , 77.0151 , 0
0.207644 , 77.058 , 0
0.207203 , 77.1009 , 0
0.206762 , 77.1438 , 0
0.20632 , 77.1867 , 0
0.205879 , 77.2296 , 0
0.205438 , 77.2725 , 0
0.204996 , 77.3154 , 0
0.204555 , 77.3583 , 0
0.204113 , 77.4012 , 0
0.203672 , 77.4441 , 0
0.203231 , 77.487 , 0
0.202789 , 77.5299 , 0
0.202348 , 77.5728 , 0
0.201907 , 77.6157 , 0
0.201465 , 77.6586 , 0
0.201024 , 77.7015 , 0
0.200583 , 77.7444 , 0
0.200141 , 77.7873 , 0
0.1997 , 77.8303 , 0
0.199259 , 77.8732 , 0
0.198817 , 77.9161 , 0
0.198376 , 77.959 , 0
0.197935 , 78.0019 , 0
0.197493 , 78.0448 , 0
0.197052 , 78.0877 , 0
0.196611 , 78.1306 , 0
0.196169 , 78.1735 , 0
0.195728 , 78.2164 , 0
0.195287 , 78.2593 , 0
0.194845 , 78.3022 , 0
0.194404 , 78.3451 , 0
0.193963 , 78.388 , 0
0.193521 , 78.4309 , 0
0.19308 , 78.4738 , 0
0.192639 , 78.5167 , 0
0.192197 , 78.5596 , 0
0.191756 , 78.6025 , 0
0.191315 , 78.6455 , 0
0.190873 , 78.6884 , 0
0.190432 , 78.7313 , 0
0.189991 , 78.7742 , 0
0.189549 , 78.8171 , 0
0.189108 , 78.86 , 0
0.188667 , 78.9029 , 0
0.188225 , 78.9458 , 0
0.187784 , 78.9887 , 0
0.187342 , 79.0316 , 0
0.186901 , 79.0745 , 0
0.18646 , 79.1174 , 0
0.186018 , 79.1603 , 0
0.185577 , 79.2032 , 0
0.185136 , 79.2461 , 0
0.184694 , 79.289 , 0
0.184253 , 79.3319 , 0
0.183812 , 79.3748 , 0
0.18337 , 79.4177 , 0
0.182929 , 79.4607 , 0
0.182488 , 79.5036 , 0
0.182046 , 79.5465 , 0
0.181605 , 79.5894 , 0
0.181164 , 79.6323 , 0
0.180722 , 79.6752 , 0
0.180281 , 79.7181 , 0
0.17984 , 79.761 , 0
0.179398 , 79.8039 , 0
0.178957 , 79.8468 , 0
0.178516 , 79.8897 , 0
0.178074 , 79.9326 , 0
0.177633 , 79.9755 , 0
0.177192 , 80.0184 , 0
0.17675 , 80.0613 , 0
0.176309 , 80.1042 , 0
0.175868 , 80.1471 , 0
0.175426 , 80.19 , 0
0.174985 , 80.2329 , 0
0.174544 , 80.2759 , 0
0.174102 , 80.3188 , 0
0.173661 , 80.3617 , 0
0.17322 , 80.4046 , 0
0.172778 , 80.4475 , 0
0.172337 , 80.4904 , 0
0.171896 , 80.5333 , 0
0.171454 , 80.5762 , 0
0.171013 , 80.6191 , 0
0.170572 , 80.662 , 0
0.17013 , 80.7049 , 0
0.169689 , 80.7478 , 0
0.169247 , 80.7907 , 0
0.168806 , 80.8336 , 0
0.168365 , 80.8765 , 0
0.167923 , 80.9194 , 0
0.167482 , 80.9623 , 0
0.167041 , 81.0052 , 0
0.166599 , 81.0481 , 0
0.166158 , 81.0911 , 0
0.165717 , 81.134 , 0
0.165275 , 81.1769 , 0
0.164834 , 81.2198 , 0
0.164393 , 81.2627 , 0
0.163951 , 81.3056 , 0
0.16351 , 81.3485 , 0
0.163069 , 81.3914 , 0
0.162627 , 81.4343 , 0
0.162186 , 81.4772 , 0
0.161745 , 81.5201 , 0
0.161303 , 81.563 , 0
0.160862 , 81.6059 , 0
0.160421 , 81.6488 , 0
0.159979 , 81.6917 , 0
0.159538 , 81.7346 , 0
0.159097 , 81.7775 , 0
0.158655 , 81.8204 , 0
0.158214 , 81.8634 , 0
0.157773 , 81.9063 , 0
0.157331 , 81.9492 , 0
0.15689 , 81.9921 , 0
0.156449 , 82.035 , 0
0.156007 , 82.0779 , 0
0.155566 , 82.1208 , 0
0.155125 , 82.1637 , 0
0.154683 , 82.2066 , 0
0.154242 , 82.2495 , 0
0.153801 , 82.2924 , 0
0.153359 , 82.3353 , 0
0.152918 , 82.3782 , 0
0.152476 , 82.4211 , 0
0.152035 , 82.464 , 0
0.151594 , 82.5069 , 0
0.151152 , 82.5498 , 0
0.150711 , 82.5927 , 0
0.15027 , 82.6356 , 0
0.149828 , 82.6786 , 0
0.149387 , 82.7215 , 0
0.148946 , 82.7644 , 0
0.148504 , 82.8073 , 0
0.148063 , 82.8502 , 0
0.147622 , 82.8931 , 0
0.14718 , 82.936 , 0
0.146739 , 82.9789 , 0
0.146298 , 83.0218 , 0
0.145856 , 83.0647 , 0
0.145415 , 83.1076 , 0
0.144974 , 83.1505 , 0
0.144532 , 83.1934 , 0
0.144091 , 83.2363 , 0
0.14365 , 83.2792 , 0
0.143208 , 83.3221 , 0
0.142767 , 83.365 , 0
0.142326 , 83.4079 , 0
0.141884 , 83.4508 , 0
0.141443 , 83.4938 , 0
0.141002 , 83.5367 , 0
0.14056 , 83.5796 , 0
0.140119 , 83.6225 , 0
0.139678 , 83.6654 , 0
0.139236 , 83.7083 , 0
0.138795 , 83.7512 , 0
0.138354 , 83.7941 , 0
0.137912 , 83.837 , 0
0.137471 , 83.8799 , 0
0.13703 , 83.9228 , 0
0.136588 , 83.9657 , 0
0.136147 , 84.0086 , 0
0.135706 , 84.0515 , 0
0.135264 , 84.0944 , 0
0.134823 , 84.1373 , 0
0.134381 , 84.1802 , 0
0.13394 , 84.2231 , 0
0.133499 , 84.266 , 0
0.133057 , 84.309 , 0
0.132616 , 84.3519 , 0
0.132175 , 84.3948 , 0
0.131733 , 84.4377 , 0
0.131292 , 84.4806 , 0
0.130851 , 84.5235 , 0
0.130409 , 84.5664 , 0
0.129968 , 84.6093 , 0
0.129527 , 84.6522 , 0
0.129085 , 84.6951 , 0
0.128644 , 84.738 , 0
0.128203 , 84.7809 , 0
0.127761 , 84.8238 , 0
0.12732 , 84.8667 , 0
0.126879 , 84.9096 , 0
0.126437 , 84.9525 , 0
0.125996 , 84.9954 , 0
0.125555 , 85.0383 , 0
0.125113 , 85.0812 , 0
0.124672 , 85.1242 , 0
0.124231 , 85.1671 , 0
0.123789 , 85.21 , 0
0.123348 , 85.2529 , 0
0.122907 , 85.2958 , 0
0.122465 , 85.3387 , 0
0.122024 , 85.3816 , 0
0.121583 , 85.4245 , 0
0.121141 , 85.4674 , 0
0.1207 , 85.5103 , 0
0.120259 , 85.5532 , 0
0.119817 , 85.5961 , 0
0.119376 , 85.639 , 0
0.118935 , 85.6819 , 0
0.118493 , 85.7248 , 0
0.118052 , 85.7677 , 0
0.117611 , 85.8106 , 0
0.117169 , 85.8535 , 0
0.116728 , 85.8965 , 0
0.116286 , 85.9394 , 0
0.115845 , 85.9823 , 0
0.115404 , 86.0252 , 0
0.114962 , 86.0681 , 0
0.114521 , 86.111 , 0
0.11408 , 86.1539 , 0
0.113638 , 86.1968 , 0
0.113197 , 86.2397 , 0
0.112756 , 86.2826 , 0
0.112314 , 86.3255 , 0
0.111873 , 86.3684 , 0
0.111432 , 86.4113 , 0
0.11099 , 86.4542 , 0
0.110549 , 86.4971 , 0
0.110108 , 86.54 , 0
0.109666 , 86.5829 , 0
0.109225 , 86.6258 , 0
0.108784 , 86.6687 , 0
0.108342 , 86.7117 , 0
0.107901 , 86.7546 , 0
0.10746 , 86.7975 , 0
0.107018 , 86.8404 , 0
0.106577 , 86.8833 , 0
0.106136 , 86.9262 , 0
0.105694 , 86.9691 , 0
0.105253 , 87.012 , 0
0.104812 , 87.0549 , 0
0.10437 , 87.0978 , 0
0.103929 , 87.1407 , 0
0.103488 , 87.1836 , 0
0.103046 , 87.2265 , 0
0.102605 , 87.2694 , 0
0.102164 , 87.3123 , 0
0.101722 , 87.3552 , 0
0.101281 , 87.3981 , 0
0.10084 , 87.441 , 0
0.100398 , 87.4839 , 0
0.0999568 , 87.5269 , 0
0.0995155 , 87.5698 , 0
0.0990741 , 87.6127 , 0
0.0986328 , 87.6556 , 0
0.0981915 , 87.6985 , 0
0.0977501 , 87.7414 , 0
0.0973088 , 87.7843 , 0
0.0968674 , 87.8272 , 0
0.0964261 , 87.8701 , 0
0.0959848 , 87.913 , 0
0.0955434 , 87.9559 , 0
0.0951021 , 87.9988 , 0
0.0946607 , 88.0417 , 0
0.0942194 , 88.0846 , 0
0.093778 , 88.1275 , 0
0.0933367 , 88.1704 , 0
0.0928954 , 88.2133 , 0
0.092454 , 88.2562 , 0
0.0920127 , 88.2991 , 0
0.0915713 , 88.3421 , 0
0.09113 , 88.385 , 0
0.0906887 , 88.4279 , 0
0.0902473 , 88.4708 , 0
0.089806 , 88.5137 , 0
0.0893646 , 88.5566 , 0
0.0889233 , 88.5995 , 0
0.0884819 , 88.6424 , 0
0.0880406 , 88.6853 , 0
0.0875993 , 88.7282 , 0
0.0871579 , 88.7711 , 0
0.0867166 , 88.814 , 0
0.0862752 , 88.8569 , 0
0.0858339 , 88.8998 , 0
0.0853926 , 88.9427 , 0
0.0849512 , 88.9856 , 0
0.0845099 , 89.0285 , 0
0.0840685 , 89.0714 , 0
0.0836272 , 89.1143 , 0
0.0831858 , 89.1573 , 0
0.0827445 , 89.2002 , 0
0.0823032 , 89.2431 , 0
0.0818618 , 89.286 , 0
0.0814205 , 89.3289 , 0
0.0809791 , 89.3718 , 0
0.0805378 , 89.4147 , 0
0.0800965 , 89.4576 , 0
0.0796551 , 89.5005 , 0
0.0792138 , 89.5434 , 0
0.0787724 , 89.5863 , 0
0.0783311 , 89.6292 , 0
0.0778897 , 89.6721 , 0
0.0774484 , 89.715 , 0
0.0770071 , 89.7579 , 0
0.0765657 , 89.8008 , 0
0.0761244 , 89.8437 , 0
0.075683 , 89.8866 , 0
0.0752417 , 89.9295 , 0
0.0748004 , 89.9725 , 0
0.074359 , 90.0154 , 0
0.0739177 , 90.0583 , 0
0.0734763 , 90.1012 , 0
0.073035 , 90.1441 , 0
0.0725936 , 90.187 , 0
0.0721523 , 90.2299 , 0
0.071711 , 90.2728 , 0
0.0712696 , 90.3157 , 0
0.0708283 , 90.3586 , 0
0.0703869 , 90.4015 , 0
0.0699456 , 90.4444 , 0
0.0695043 , 90.4873 , 0
0.0690629 , 90.5302 , 0
0.0686216 , 90.5731 , 0
0.0681802 , 90.616 , 0
0.0677389 , 90.6589 , 0
0.0672975 , 90.7018 , 0
0.0668562 , 90.7448 , 0
0.0664149 , 90.7877 , 0
0.0659735 , 90.8306 , 0
0.0655322 , 90.8735 , 0
0.0650908 , 90.9164 , 0
0.0646495 , 90.9593 , 0
0.0642082 , 91.0022 , 0
0.0637668 , 91.0451 , 0
0.0633255 , 91.088 , 0
0.0628841 , 91.1309 , 0
0.0624428 , 91.1738 , 0
0.0620014 , 91.2167 , 0
0.0615601 , 91.2596 , 0
0.0611188 , 91.3025 , 0
0.0606774 , 91.3454 , 0
0.0602361 , 91.3883 , 0
0.0597947 , 91.4312 , 0
0.0593534 , 91.4741 , 0
0.058912 , 91.517 , 0
0.0584707 , 91.56 , 0
0.0580294 , 91.6029 , 0
0.057588 , 91.6458 , 0
0.0571467 , 91.6887 , 0
0.0567053 , 91.7316 , 0
0.056264 , 91.7745 , 0
0.0558227 , 91.8174 , 0
0.0553813 , 91.8603 , 0
0.05494 , 91.9032 , 0
0.0544986 , 91.9461 , 0
0.0540573 , 91.989 , 0
0.0536159 , 92.0319 , 0
0.0531746 , 92.0748 , 0
0.0527333 , 92.1177 , 0
0.0522919 , 92.1606 , 0
0.0518506 , 92.2035 , 0
0.0514092 , 92.2464 , 0
0.0509679 , 92.2893 , 0
0.0505266 , 92.3322 , 0
0.0500852 , 92.3752 , 0
0.0496439 , 92.4181 , 0
0.0492025 , 92.461 , 0
0.0487612 , 92.5039 , 0
0.0483198 , 92.5468 , 0
0.0478785 , 92.5897 , 0
0.0474372 , 92.6326 , 0
0.0469958 , 92.6755 , 0
0.0465545 , 92.7184 , 0
0.0461131 , 92.7613 , 0
0.0456718 , 92.8042 , 0
0.0452305 , 92.8471 , 0
0.0447891 , 92.89 , 0
0.0443478 , 92.9329 , 0
0.0439064 , 92.9758 , 0
0.0434651 , 93.0187 , 0
0.0430237 , 93.0616 , 0
0.0425824 , 93.1045 , 0
0.0421411 , 93.1474 , 0
0.0416997 , 93.1904 , 0
0.0412584 , 93.2333 , 0
0.040817 , 93.2762 , 0
0.0403757 , 93.3191 , 0
0.0399344 , 93.362 , 0
0.039493 , 93.4049 , 0
0.0390517 , 93.4478 , 0
0.0386103 , 93.4907 , 0
0.038169 , 93.5336 , 0
0.0377276 , 93.5765 , 0
0.0372863 , 93.6194 , 0
0.036845 , 93.6623 , 0
0.0364036 , 93.7052 , 0
0.0359623 , 93.7481 , 0
0.0355209 , 93.791 , 0
0.0350796 , 93.8339 , 0
0.0346383 , 93.8768 , 0
0.0341969 , 93.9197 , 0
0.0337556 , 93.9626 , 0
0.0333142 , 94.0056 , 0
0.0328729 , 94.0485 , 0
0.0324315 , 94.0914 , 0
0.0319902 , 94.1343 , 0
0.0315489 , 94.1772 , 0
0.0311075 , 94.2201 , 0
0.0306662 , 94.263 , 0
0.0302248 , 94.3059 , 0
0.0297835 , 94.3488 , 0
0.0293422 , 94.3917 , 0
0.0289008 , 94.4346 , 0
0.0284595 , 94.4775 , 0
0.0280181 , 94.5204 , 0
0.0275768 , 94.5633 , 0
0.0271354 , 94.6062 , 0
0.0266941 , 94.6491 , 0
0.0262528 , 94.692 , 0
0.0258114 , 94.7349 , 0
0.0253701 , 94.7778 , 0
0.0249287 , 94.8208 , 0
0.0244874 , 94.8637 , 0
0.0240461 , 94.9066 , 0
0.0236047 , 94.9495 , 0
0.0231634 , 94.9924 , 0
0.022722 , 95.0353 , 0
0.0222807 , 95.0782 , 0
0.0218393 , 95.1211 , 0
0.021398 , 95.164 , 0
0.0209567 , 95.2069 , 0
0.0205153 , 95.2498 , 0
0.020074 , 95.2927 , 0
0.0196326 , 95.3356 , 0
0.0191913 , 95.3785 , 0
0.01875 , 95.4214 , 0
0.0183086 , 95.4643 , 0
0.0178673 , 95.5072 , 0
0.0174259 , 95.5501 , 0
0.0169846 , 95.5931 , 0
0.0165432 , 95.636 , 0
0.0161019 , 95.6789 , 0
0.0156606 , 95.7218 , 0
0.0152192 , 95.7647 , 0
0.0147779 , 95.8076 , 0
0.0143365 , 95.8505 , 0
0.0138952 , 95.8934 , 0
0.0134539 , 95.9363 , 0
0.0130125 , 95.9792 , 0
0.0125712 , 96.0221 , 0
0.0121298 , 96.065 , 0
0.0116885 , 96.1079 , 0
0.0112471 , 96.1508 , 0
0.0108058 , 96.1937 , 0
0.0103645 , 96.2366 , 0
0.00992312 , 96.2795 , 0
0.00948177 , 96.3224 , 0
0.00904043 , 96.3653 , 0
0.00859909 , 96.4083 , 0
0.00815775 , 96.4512 , 0
0.00771641 , 96.4941 , 0
0.00727507 , 96.537 , 0
0.00683372 , 96.5799 , 0
0.00639238 , 96.6228 , 0
0.00595104 , 96.6657 , 0
0.0055097 , 96.7086 , 0
0.00506836 , 96.7515 , 0
0.00462702 , 96.7944 , 0
0.00418567 , 96.8373 , 0
0.00374433 , 96.8802 , 0
0.00330299 , 96.9231 , 0
0.00286165 , 96.966 , 0
0.00242031 , 97.0089 , 0
0.00197896 , 97.0518 , 0
0.00153762 , 97.0947 , 0
0.00109628 , 97.1376 , 0
0.000654939 , 97.1805 , 0
0.000213598 , 97.2235 , 0
-0.000227744 , 97.2664 , 0
-0.000669086 , 97.3093 , 0
-0.00111043 , 97.3522 , 0
-0.00155177 , 97.3951 , 0
-0.00199311 , 97.438 , 0
-0.00243445 , 97.4809 , 0
-0.00287579 , 97.5238 , 0
-0.00331714 , 97.5667 , 0
-0.00375848 , 97.6096 , 0
-0.00419982 , 97.6525 , 0
-0.00464116 , 97.6954 , 0
-0.0050825 , 97.7383 , 0
-0.00552384 , 97.7812 , 0
-0.00596519 , 97.8241 , 0
-0.00640653 , 97.867 , 0
-0.00684787 , 97.9099 , 0
-0.00728921 , 97.9528 , 0
-0.00773055 , 97.9957 , 0
-0.0081719 , 98.0387 , 0
-0.00861324 , 98.0816 , 0
-0.00905458 , 98.1245 , 0
-0.00949592 , 98.1674 , 0
-0.00993726 , 98.2103 , 0
-0.0103786 , 98.2532 , 0
-0.0108199 , 98.2961 , 0
-0.0112613 , 98.339 , 0
-0.0117026 , 98.3819 , 0
-0.012144 , 98.4248 , 0
-0.0125853 , 98.4677 , 0
-0.0130267 , 98.5106 , 0
-0.013468 , 98.5535 , 0
-0.0139093 , 98.5964 , 0
-0.0143507 , 98.6393 , 0
-0.014792 , 98.6822 , 0
-0.0152334 , 98.7251 , 0
-0.0156747 , 98.768 , 0
-0.016116 , 98.8109 , 0
-0.0165574 , 98.8539 , 0
-0.0169987 , 98.8968 , 0
-0.0174401 , 98.9397 , 0
-0.0178814 , 98.9826 , 0
-0.0183228 , 99.0255 , 0
-0.0187641 , 99.0684 , 0
-0.0192054 , 99.1113 , 0
-0.0196468 , 99.1542 , 0
-0.0200881 , 99.1971 , 0
-0.0205295 , 99.24 , 0
-0.0209708 , 99.2829 , 0
-0.0214121 , 99.3258 , 0
-0.0218535 , 99.3687 , 0
-0.0222948 , 99.4116 , 0
-0.0227362 , 99.4545 , 0
-0.0231775 , 99.4974 , 0
-0.0236189 , 99.5403 , 0
-0.0240602 , 99.5832 , 0
-0.0245015 , 99.6262 , 0
-0.0249429 , 99.6691 , 0
-0.0253842 , 99.712 , 0
-0.0258256 , 99.7549 , 0
-0.0262669 , 99.7978 , 0
-0.0267082 , 99.8407 , 0
-0.0271496 , 99.8836 , 0
-0.0275909 , 99.9265 , 0
-0.0280323 , 99.9694 , 0
-0.0284736 , 100.012 , 0
-0.028915 , 100.055 , 0
-0.0293563 , 100.098 , 0
-0.0297976 , 100.141 , 0
-0.030239 , 100.184 , 0
-0.0306803 , 100.227 , 0
-0.0311217 , 100.27 , 0
-0.031563 , 100.313 , 0
-0.0320043 , 100.356 , 0
-0.0324457 , 100.398 , 0
-0.032887 , 100.441 , 0
-0.0333284 , 100.484 , 0
-0.0337697 , 100.527 , 0
-0.0342111 , 100.57 , 0
-0.0346524 , 100.613 , 0
-0.0350937 , 100.656 , 0
-0.0355351 , 100.699 , 0
-0.0359764 , 100.742 , 0
-0.0364178 , 100.785 , 0
-0.0368591 , 100.827 , 0
-0.0373005 , 100.87 , 0
-0.0377418 , 100.913 , 0
-0.0381831 , 100.956 , 0
-0.0386245 , 100.999 , 0
-0.0390658 , 101.042 , 0
-0.0395072 , 101.085 , 0
-0.0399485 , 101.128 , 0
-0.0403898 , 101.171 , 0
-0.0408312 , 101.214 , 0
-0.0412725 , 101.257 , 0
-0.0417139 , 101.299 , 0
-0.0421552 , 101.342 , 0
-0.0425966 , 101.385 , 0
-0.0430379 , 101.428 , 0
-0.0434792 , 101.471 , 0
-0.0439206 , 101.514 , 0
-0.0443619 , 101.557 , 0
-0.0448033 , 101.6 , 0
-0.0452446 , 101.643 , 0
-0.0456859 , 101.686 , 0
-0.0461273 , 101.729 , 0
-0.0465686 , 101.771 , 0
-0.04701 , 101.814 , 0
-0.0474513 , 101.857 , 0
-0.0478927 , 101.9 , 0
-0.048334 , 101.943 , 0
-0.0487753 , 101.986 , 0
-0.0492167 , 102.029 , 0
-0.049658 , 102.072 , 0
-0.0500994 , 102.115 , 0
-0.0505407 , 102.158 , 0
-0.050982 , 102.2 , 0
-0.0514234 , 102.243 , 0
-0.0518647 , 102.286 , 0
-0.0523061 , 102.329 , 0
-0.0527474 , 102.372 , 0
-0.0531888 , 102.415 , 0
-0.0536301 , 102.458 , 0
-0.0540714 , 102.501 , 0
-0.0545128 , 102.544 , 0
-0.0549541 , 102.587 , 0
-0.0553955 , 102.63 , 0
-0.0558368 , 102.672 , 0
-0.0562781 , 102.715 , 0
-0.0567195 , 102.758 , 0
-0.0571608 , 102.801 , 0
-0.0576022 , 102.844 , 0
-0.0580435 , 102.887 , 0
-0.0584849 , 102.93 , 0
-0.0589262 , 102.973 , 0
-0.0593675 , 103.016 , 0
-0.0598089 , 103.059 , 0
-0.0602502 , 103.101 , 0
-0.0606916 , 103.144 , 0
-0.0611329 , 103.187 , 0
-0.0615742 , 103.23 , 0
-0.0620156 , 103.273 , 0
-0.0624569 , 103.316 , 0
-0.0628983 , 103.359 , 0
-0.0633396 , 103.402 , 0
-0.063781 , 103.445 , 0
-0.0642223 , 103.488 , 0
-0.0646636 , 103.531 , 0
-0.065105 , 103.573 , 0
-0.0655463 , 103.616 , 0
-0.0659877 , 103.659 , 0
-0.066429 , 103.702 , 0
-0.0668703 , 103.745 , 0
-0.0673117 , 103.788 , 0
-0.067753 , 103.831 , 0
-0.0681944 , 103.874 , 0
-0.0686357 , 103.917 , 0
-0.0690771 , 103.96 , 0
-0.0695184 , 104.002 , 0
-0.0699597 , 104.045 , 0
-0.0704011 , 104.088 , 0
-0.0708424 , 104.131 , 0
-0.0712838 , 104.174 , 0
-0.0717251 , 104.217 , 0
-0.0721664 , 104.26 , 0
-0.0726078 , 104.303 , 0
-0.0730491 , 104.346 , 0
-0.0734905 , 104.389 , 0
-0.0739318 , 104.432 , 0
-0.0743732 , 104.474 , 0
-0.0748145 , 104.517 , 0
-0.0752558 , 104.56 , 0
-0.0756972 , 104.603 , 0
-0.0761385 , 104.646 , 0
-0.0765799 , 104.689 , 0
-0.0770212 , 104.732 , 0
-0.0774625 , 104.775 , 0
-0.0779039 , 104.818 , 0
-0.0783452 , 104.861 , 0
-0.0787866 , 104.904 , 0
-0.0792279 , 104.946 , 0
-0.0796693 , 104.989 , 0
-0.0801106 , 105.032 , 0
-0.0805519 , 105.075 , 0
-0.0809933 , 105.118 , 0
-0.0814346 , 105.161 , 0
-0.081876 , 105.204 , 0
-0.0823173 , 105.247 , 0
-0.0827586 , 105.29 , 0
-0.0832 , 105.333 , 0
-0.0836413 , 105.375 , 0
-0.0840827 , 105.418 , 0
-0.084524 , 105.461 , 0
-0.0849654 , 105.504 , 0
-0.0854067 , 105.547 , 0
-0.085848 , 105.59 , 0
-0.0862894 , 105.633 , 0
-0.0867307 , 105.676 , 0
-0.0871721 , 105.719 , 0
-0.0876134 , 105.762 , 0
-0.0880548 , 105.805 , 0
-0.0884961 , 105.847 , 0
-0.0889374 , 105.89 , 0
-0.0893788 , 105.933 , 0
-0.0898201 , 105.976 , 0
-0.0902615 , 106.019 , 0
-0.0907028 , 106.062 , 0
-0.0911441 , 106.105 , 0
-0.0915855 , 106.148 , 0
-0.0920268 , 106.191 , 0
-0.0924682 , 106.234 , 0
-0.0929095 , 106.276 , 0
-0.0933509 , 106.319 , 0
-0.0937922 , 106.362 , 0
-0.0942335 , 106.405 , 0
-0.0946749 , 106.448 , 0
-0.0951162 , 106.491 , 0
-0.0955576 , 106.534 , 0
-0.0959989 , 106.577 , 0
-0.0964402 , 106.62 , 0
-0.0968816 , 106.663 , 0
-0.0973229 , 106.706 , 0
-0.0977643 , 106.748 , 0
-0.0982056 , 106.791 , 0
-0.098647 , 106.834 , 0
-0.0990883 , 106.877 , 0
-0.0995296 , 106.92 , 0
-0.099971 , 106.963 , 0
-0.100412 , 107.006 , 0
-0.100854 , 107.049 , 0
-0.101295 , 107.092 , 0
-0.101736 , 107.135 , 0
-0.102178 , 107.177 , 0
-0.102619 , 107.22 , 0
-0.10306 , 107.263 , 0
-0.103502 , 107.306 , 0
-0.103943 , 107.349 , 0
-0.104384 , 107.392 , 0
-0.104826 , 107.435 , 0
-0.105267 , 107.478 , 0
-0.105708 , 107.521 , 0
-0.10615 , 107.564 , 0
-0.106591 , 107.607 , 0
-0.107032 , 107.649 , 0
-0.107474 , 107.692 , 0
-0.107915 , 107.735 , 0
-0.108356 , 107.778 , 0
-0.108798 , 107.821 , 0
-0.109239 , 107.864 , 0
-0.10968 , 107.907 , 0
-0.110122 , 107.95 , 0
-0.110563 , 107.993 , 0
-0.111005 , 108.036 , 0
-0.111446 , 108.078 , 0
-0.111887 , 108.121 , 0
-0.112329 , 108.164 , 0
-0.11277 , 108.207 , 0
-0.113211 , 108.25 , 0
-0.113653 , 108.293 , 0
-0.114094 , 108.336 , 0
-0.114535 , 108.379 , 0
-0.114977 , 108.422 , 0
-0.115418 , 108.465 , 0
-0.115859 , 108.508 , 0
-0.116301 , 108.55 , 0
-0.116742 , 108.593 , 0
-0.117183 , 108.636 , 0
-0.117625 , 108.679 , 0
-0.118066 , 108.722 , 0
-0.118507 , 108.765 , 0
-0.118949 , 108.808 , 0
-0.11939 , 108.851 , 0
-0.119831 , 108.894 , 0
-0.120273 , 108.937 , 0
-0.120714 , 108.98 , 0
-0.121155 , 109.022 , 0
-0.121597 , 109.065 , 0
-0.122038 , 109.108 , 0
-0.122479 , 109.151 , 0
-0.122921 , 109.194 , 0
-0.123362 , 109.237 , 0
-0.123803 , 109.28 , 0
-0.124245 , 109.323 , 0
-0.124686 , 109.366 , 0
-0.125127 , 109.409 , 0
-0.125569 , 109.451 , 0
-0.12601 , 109.494 , 0
-0.126451 , 109.537 , 0
-0.126893 , 109.58 , 0
-0.127334 , 109.623 , 0
-0.127776 , 109.666 , 0
-0.128217 , 109.709 , 0
-0.128658 , 109.752 , 0
-0.1291 , 109.795 , 0
-0.129541 , 109.838 , 0
-0.129982 , 109.881 , 0
-0.130424 , 109.923 , 0
-0.130865 , 109.966 , 0
-0.131306 , 110.009 , 0
-0.131748 , 110.052 , 0
-0.132189 , 110.095 , 0
-0.13263 , 110.138 , 0
-0.133072 , 110.181 , 0
-0.133513 , 110.224 , 0
-0.133954 , 110.267 , 0
-0.134396 , 110.31 , 0
-0.134837 , 110.352 , 0
-0.135278 , 110.395 , 0
-0.13572 , 110.438 , 0
-0.136161 , 110.481 , 0
-0.136602 , 110.524 , 0
-0.137044 , 110.567 , 0
-0.137485 , 110.61 , 0
-0.137926 , 110.653 , 0
-0.138368 , 110.696 , 0
-0.138809 , 110.739 , 0
-0.13925 , 110.782 , 0
-0.139692 , 110.824 , 0
-0.140133 , 110.867 , 0
-0.140574 , 110.91 , 0
-0.141016 , 110.953 , 0
-0.141457 , 110.996 , 0
-0.141898 , 111.039 , 0
-0.14234 , 111.082 , 0
-0.142781 , 111.125 , 0
-0.143222 , 111.168 , 0
-0.143664 , 111.211 , 0
-0.144105 , 111.253 , 0
-0.144546 , 111.296 , 0
-0.144988 , 111.339 , 0
-0.145429 , 111.382 , 0
-0.145871 , 111.425 , 0
-0.146312 , 111.468 , 0
-0.146753 , 111.511 , 0
-0.147195 , 111.554 , 0
-0.147636 , 111.597 , 0
-0.148077 , 111.64 , 0
-0.148519 , 111.683 , 0
-0.14896 , 111.725 , 0
-0.149401 , 111.768 , 0
-0.149843 , 111.811 , 0
-0.150284 , 111.854 , 0
-0.150725 , 111.897 , 0
-0.151167 , 111.94 , 0
-0.151608 , 111.983 , 0
-0.152049 , 112.026 , 0
-0.152491 , 112.069 , 0
-0.152932 , 112.112 , 0
-0.153373 , 112.155 , 0
-0.153815 , 112.197 , 0
-0.154256 , 112.24 , 0
-0.154697 , 112.283 , 0
-0.155139 , 112.326 , 0
-0.15558 , 112.369 , 0
-0.156021 , 112.412 , 0
-0.156463 , 112.455 , 0
-0.156904 , 112.498 , 0
-0.157345 , 112.541 , 0
-0.157787 , 112.584 , 0
-0.158228 , 112.626 , 0
-0.158669 , 112.669 , 0
-0.159111 , 112.712 , 0
-0.159552 , 112.755 , 0
-0.159993 , 112.798 , 0
-0.160435 , 112.841 , 0
-0.160876 , 112.884 , 0
-0.161317 , 112.927 , 0
-0.161759 , 112.97 , 0
-0.1622 , 113.013 , 0
-0.162642 , 113.056 , 0
-0.163083 , 113.098 , 0
-0.163524 , 113.141 , 0
-0.163966 , 113.184 , 0
-0.164407 , 113.227 , 0
-0.164848 , 113.27 , 0
-0.16529 , 113.313 , 0
-0.165731 , 113.356 , 0
-0.166172 , 113.399 , 0
-0.166614 , 113.442 , 0
-0.167055 , 113.485 , 0
-0.167496 , 113.527 , 0
-0.167938 , 113.57 , 0
-0.168379 , 113.613 , 0
-0.16882 , 113.656 , 0
-0.169262 , 113.699 , 0
-0.169703 , 113.742 , 0
-0.170144 , 113.785 , 0
-0.170586 , 113.828 , 0
-0.171027 , 113.871 , 0
-0.171468 , 113.914 , 0
-0.17191 , 113.957 , 0
-0.172351 , 113.999 , 0
-0.172792 , 114.042 , 0
-0.173234 , 114.085 , 0
-0.173675 , 114.128 , 0
-0.174116 , 114.171 , 0
-0.174558 , 114.214 , 0
-0.174999 , 114.257 , 0
-0.17544 , 114.3 , 0
-0.175882 , 114.343 , 0
-0.176323 , 114.386 , 0
-0.176764 , 114.428 , 0
-0.177206 , 114.471 , 0
-0.177647 , 114.514 , 0
-0.178088 , 114.557 , 0
-0.17853 , 114.6 , 0
-0.178971 , 114.643 , 0
-0.179412 , 114.686 , 0
-0.179854 , 114.729 , 0
-0.180295 , 114.772 , 0
-0.180737 , 114.815 , 0
-0.181178 , 114.858 , 0
-0.181619 , 114.9 , 0
-0.182061 , 114.943 , 0
-0.182502 , 114.986 , 0
-0.182943 , 115.029 , 0
-0.183385 , 115.072 , 0
-0.183826 , 115.115 , 0
-0.184267 , 115.158 , 0
-0.184709 , 115.201 , 0
-0.18515 , 115.244 , 0
-0.185591 , 115.287 , 0
-0.186033 , 115.329 , 0
-0.186474 , 115.372 , 0
-0.186915 , 115.415 , 0
-0.187357 , 115.458 , 0
-0.187798 , 115.501 , 0
-0.188239 , 115.544 , 0
-0.188681 , 115.587 , 0
-0.189122 , 115.63 , 0
-0.189563 , 115.673 , 0
-0.190005 , 115.716 , 0
-0.190446 , 115.759 , 0
-0.190887 , 115.801 , 0
-0.191329 , 115.844 , 0
-0.19177 , 115.887 , 0
-0.192211 , 115.93 , 0
-0.192653 , 115.973 , 0
-0.193094 , 116.016 , 0
-0.193535 , 116.059 , 0
-0.193977 , 116.102 , 0
-0.194418 , 116.145 , 0
-0.194859 , 116.188 , 0
-0.195301 , 116.231 , 0
-0.195742 , 116.273 , 0
-0.196183 , 116.316 , 0
-0.196625 , 116.359 , 0
-0.197066 , 116.402 , 0
-0.197508 , 116.445 , 0
-0.197949 , 116.488 , 0
-0.19839 , 116.531 , 0
-0.198832 , 116.574 , 0
-0.199273 , 116.617 , 0
-0.199714 , 116.66 , 0
-0.200156 , 116.702 , 0
-0.200597 , 116.745 , 0
-0.201038 , 116.788 , 0
-0.20148 , 116.831 , 0
-0.201921 , 116.874 , 0
-0.202362 , 116.917 , 0
-0.202804 , 116.96 , 0
-0.203245 , 117.003 , 0
-0.203686 , 117.046 , 0
-0.204128 , 117.089 , 0
-0.204569 , 117.132 , 0
-0.20501 , 117.174 , 0
-0.205452 , 117.217 , 0
-0.205893 , 117.26 , 0
-0.206334 , 117.303 , 0
-0.206776 , 117.346 , 0
-0.207217 , 117.389 , 0
-0.207658 , 117.432 , 0
-0.2081 , 117.475 , 0
-0.208541 , 117.518 , 0
-0.208982 , 117.561 , 0
-0.209424 , 117.603 , 0
-0.209865 , 117.646 , 0
-0.210306 , 117.689 , 0
-0.210748 , 117.732 , 0
-0.211189 , 117.775 , 0
-0.21163 , 117.818 , 0
-0.212072 , 117.861 , 0
-0.212513 , 117.904 , 0
-0.212954 , 117.947 , 0
-0.213396 , 117.99 , 0
-0.213837 , 118.033 , 0
-0.214278 , 118.075 , 0
-0.21472 , 118.118 , 0
-0.215161 , 118.161 , 0
-0.215603 , 118.204 , 0
-0.216044 , 118.247 , 0
-0.216485 , 118.29 , 0
-0.216927 , 118.333 , 0
-0.217368 , 118.376 , 0
-0.217809 , 118.419 , 0
-0.218251 , 118.462 , 0
-0.218692 , 118.504 , 0
-0.219133 , 118.547 , 0
-0.219575 , 118.59 , 0
-0.220016 , 118.633 , 0
-0.220457 , 118.676 , 0
-0.220899 , 118.719 , 0
-0.22134 , 118.762 , 0
-0.221781 , 118.805 , 0
-0.222223 , 118.848 , 0
-0.222664 , 118.891 , 0
-0.223105 , 118.934 , 0
-0.223547 , 118.976 , 0
-0.223988 , 119.019 , 0
-0.224429 , 119.062 , 0
-0.224871 , 119.105 , 0
-0.225312 , 119.148 , 0
-0.225753 , 119.191 , 0
-0.226195 , 119.234 , 0
-0.226636 , 119.277 , 0
-0.227077 , 119.32 , 0
-0.227519 , 119.363 , 0
-0.22796 , 119.405 , 0
-0.228401 , 119.448 , 0
-0.228843 , 119.491 , 0
-0.229284 , 119.534 , 0
-0.229725 , 119.577 , 0
-0.230167 , 119.62 , 0
-0.230608 , 119.663 , 0
-0.231049 , 119.706 , 0
-0.231491 , 119.749 , 0
-0.231932 , 119.792 , 0
-0.232374 , 119.835 , 0
-0.232815 , 119.877 , 0
-0.233256 , 119.92 , 0
-0.233698 , 119.963 , 0
-0.234139 , 120.006 , 0
-0.23458 , 120.049 , 0
-0.235022 , 120.092 , 0
-0.235463 , 120.135 , 0
-0.235904 , 120.178 , 0
-0.236346 , 120.221 , 0
-0.236787 , 120.264 , 0
-0.237228 , 120.307 , 0
-0.23767 , 120.349 , 0
-0.238111 , 120.392 , 0
-0.238552 , 120.435 , 0
-0.238994 , 120.478 , 0
-0.239435 , 120.521 , 0
-0.239876 , 120.564 , 0
-0.240318 , 120.607 , 0
-0.240759 , 120.65 , 0
-0.2412 , 120.693 , 0
-0.241642 , 120.736 , 0
-0.242083 , 120.778 , 0
-0.242524 , 120.821 , 0
-0.242966 , 120.864 , 0
-0.243407 , 120.907 , 0
-0.243848 , 120.95 , 0
-0.24429 , 120.993 , 0
-0.244731 , 121.036 , 0
-0.245172 , 121.079 , 0
-0.245614 , 121.122 , 0
-0.246055 , 121.165 , 0
-0.246496 , 121.208 , 0
-0.246938 , 121.25 , 0
-0.247379 , 121.293 , 0
-0.24782 , 121.336 , 0
-0.248262 , 121.379 , 0
-0.248703 , 121.422 , 0
-0.249144 , 121.465 , 0
-0.249586 , 121.508 , 0
-0.250027 , 121.551 , 0
-0.250469 , 121.594 , 0
-0.25091 , 121.637 , 0
-0.251351 , 121.679 , 0
-0.251793 , 121.722 , 0
-0.252234 , 121.765 , 0
-0.252675 , 121.808 , 0
-0.253117 , 121.851 , 0
-0.253558 , 121.894 , 0
-0.253999 , 121.937 , 0
-0.254441 , 121.98 , 0
-0.254882 , 122.023 , 0
-0.255323 , 122.066 , 0
-0.255765 , 122.109 , 0
-0.256206 , 122.151 , 0
-0.256647 , 122.194 , 0
-0.257089 , 122.237 , 0
-0.25753 , 122.28 , 0
-0.257971 , 122.323 , 0
-0.258413 , 122.366 , 0
-0.258854 , 122.409 , 0
-0.259295 , 122.452 , 0
-0.259737 , 122.495 , 0
-0.260178 , 122.538 , 0
-0.260619 , 122.58 , 0
-0.261061 , 122.623 , 0
-0.261502 , 122.666 , 0
-0.261943 , 122.709 , 0
-0.262385 , 122.752 , 0
-0.262826 , 122.795 , 0
-0.263267 , 122.838 , 0
-0.263709 , 122.881 , 0
-0.26415 , 122.924 , 0
-0.264591 , 122.967 , 0
-0.265033 , 123.01 , 0
-0.265474 , 123.052 , 0
-0.265915 , 123.095 , 0
-0.266357 , 123.138 , 0
-0.266798 , 123.181 , 0
-0.267239 , 123.224 , 0
-0.267681 , 123.267 , 0
-0.268122 , 123.31 , 0
-0.268564 , 123.353 , 0
-0.269005 , 123.396 , 0
-0.269446 , 123.439 , 0
-0.269888 , 123.482 , 0
-0.270329 , 123.524 , 0
-0.27077 , 123.567 , 0
-0.271212 , 123.61 , 0
-0.271653 , 123.653 , 0
-0.272094 , 123.696 , 0
-0.272536 , 123.739 , 0
-0.272977 , 123.782 , 0
-0.273418 , 123.825 , 0
-0.27386 , 123.868 , 0
-0.274301 , 123.911 , 0
-0.274742 , 123.953 , 0
-0.275184 , 123.996 , 0
-0.275625 , 124.039 , 0
-0.276066 , 124.082 , 0
-0.276508 , 124.125 , 0
-0.276949 , 124.168 , 0
-0.27739 , 124.211 , 0
-0.277832 , 124.254 , 0
-0.278273 , 124.297 , 0
-0.278714 , 124.34 , 0
-0.279156 , 124.383 , 0
-0.279597 , 124.425 , 0
-0.280038 , 124.468 , 0
-0.28048 , 124.511 , 0
-0.280921 , 124.554 , 0
-0.281362 , 124.597 , 0
-0.281804 , 124.64 , 0
-0.282245 , 124.683 , 0
-0.282686 , 124.726 , 0
-0.283128 , 124.769 , 0
-0.283569 , 124.812 , 0
-0.28401 , 124.854 , 0
-0.284452 , 124.897 , 0
-0.284893 , 124.94 , 0
-0.285335 , 124.983 , 0
-0.285776 , 125.026 , 0
-0.286217 , 125.069 , 0
-0.286659 , 125.112 , 0
-0.2871 , 125.155 , 0
-0.287541 , 125.198 , 0
-0.287983 , 125.241 , 0
-0.288424 , 125.284 , 0
-0.288865 , 125.326 , 0
-0.289307 , 125.369 , 0
-0.289748 , 125.412 , 0
-0.290189 , 125.455 , 0
-0.290631 , 125.498 , 0
-0.291072 , 125.541 , 0
-0.291513 , 125.584 , 0
-0.291955 , 125.627 , 0
-0.292396 , 125.67 , 0
-0.292837 , 125.713 , 0
-0.293279 , 125.755 , 0
-0.29372 , 125.798 , 0
-0.294161 , 125.841 , 0
-0.294603 , 125.884 , 0
-0.295044 , 125.927 , 0
-0.295485 , 125.97 , 0
-0.295927 , 126.013 , 0
-0.296368 , 126.056 , 0
-0.296809 , 126.099 , 0
-0.297251 , 126.142 , 0
-0.297692 , 126.185 , 0
-0.298133 , 126.227 , 0
-0.298575 , 126.27 , 0
-0.299016 , 126.313 , 0
-0.299457 , 126.356 , 0
-0.299899 , 126.399 , 0
-0.30034 , 126.442 , 0
-0.300781 , 126.485 , 0
-0.301223 , 126.528 , 0
-0.301664 , 126.571 , 0
-0.302105 , 126.614 , 0
-0.302547 , 126.656 , 0
-0.302988 , 126.699 , 0
-0.30343 , 126.742 , 0
-0.303871 , 126.785 , 0
-0.304312 , 126.828 , 0
-0.304754 , 126.871 , 0
-0.305195 , 126.914 , 0
-0.305636 , 126.957 , 0
-0.306078 , 127 , 0
-0.306519 , 127.043 , 0
-0.30696 , 127.086 , 0
-0.307402 , 127.128 , 0
-0.307843 , 127.171 , 0
-0.308284 , 127.214 , 0
-0.308726 , 127.257 , 0
-0.309167 , 127.3 , 0
-0.309608 , 127.343 , 0
-0.31005 , 127.386 , 0
-0.310491 , 127.429 , 0
-0.310932 , 127.472 , 0
-0.311374 , 127.515 , 0
-0.311815 , 127.558 , 0
-0.312256 , 127.6 , 0
-0.312698 , 127.643 , 0
-0.313139 , 127.686 , 0
-0.31358 , 127.729 , 0
-0.314022 , 127.772 , 0
-0.314463 , 127.815 , 0
-0.314904 , 127.858 , 0
-0.315346 , 127.901 , 0
-0.315787 , 127.944 , 0
-0.316228 , 127.987 , 0
-0.31667 , 128.029 , 0
-0.317111 , 128.072 , 0
-0.317552 , 128.115 , 0
-0.317994 , 128.158 , 0
-0.318435 , 128.201 , 0
-0.318876 , 128.244 , 0
-0.319318 , 128.287 , 0
-0.319759 , 128.33 , 0
-0.320201 , 128.373 , 0
-0.320642 , 128.416 , 0
-0.321083 , 128.459 , 0
-0.321525 , 128.501 , 0
-0.321966 , 128.544 , 0
-0.322407 , 128.587 , 0
-0.322849 , 128.63 , 0
-0.32329 , 128.673 , 0
-0.323731 , 128.716 , 0
-0.324173 , 128.759 , 0
-0.324614 , 128.802 , 0
-0.325055 , 128.845 , 0
-0.325497 , 128.888 , 0
-0.325938 , 128.93 , 0
-0.326379 , 128.973 , 0
-0.326821 , 129.016 , 0
-0.327262 , 129.059 , 0
-0.327703 , 129.102 , 0
-0.328145 , 129.145 , 0
-0.328586 , 129.188 , 0
-0.329027 , 129.231 , 0
-0.329469 , 129.274 , 0
-0.32991 , 129.317 , 0
-0.330351 , 129.36 , 0
-0.330793 , 129.402 , 0
-0.331234 , 129.445 , 0
-0.331675 , 129.488 , 0
-0.332117 , 129.531 , 0
-0.332558 , 129.574 , 0
-0.332999 , 129.617 , 0
-0.333441 , 129.66 , 0
-0.333882 , 129.703 , 0
-0.334323 , 129.746 , 0
-0.334765 , 129.789 , 0
-0.335206 , 129.831 , 0
-0.335647 , 129.874 , 0
-0.336089 , 129.917 , 0
-0.33653 , 129.96 , 0
-0.336971 , 130.003 , 0
-0.337413 , 130.046 , 0
-0.337854 , 130.089 , 0
-0.338296 , 130.132 , 0
-0.338737 , 130.175 , 0
-0.339178 , 130.218 , 0
-0.33962 , 130.261 , 0
-0.340061 , 130.303 , 0
-0.340502 , 130.346 , 0
-0.340944 , 130.389 , 0
-0.341385 , 130.432 , 0
-0.341826 , 130.475 , 0
-0.342268 , 130.518 , 0
-0.342709 , 130.561 , 0
-0.34315 , 130.604 , 0
-0.343592 , 130.647 , 0
-0.344033 , 130.69 , 0
-0.344474 , 130.733 , 0
-0.344916 , 130.775 , 0
-0.345357 , 130.818 , 0
-0.345798 , 130.861 , 0
-0.34624 , 130.904 , 0
-0.346681 , 130.947 , 0
-0.347122 , 130.99 , 0
-0.347564 , 131.033 , 0
-0.348005 , 131.076 , 0
-0.348446 , 131.119 , 0
-0.348888 , 131.162 , 0
-0.349329 , 131.204 , 0
-0.34977 , 131.247 , 0
-0.350212 , 131.29 , 0
-0.350653 , 131.333 , 0
-0.351094 , 131.376 , 0
-0.351536 , 131.419 , 0
-0.351977 , 131.462 , 0
-0.352418 , 131.505 , 0
-0.35286 , 131.548 , 0
-0.353301 , 131.591 , 0
-0.353742 , 131.634 , 0
-0.354184 , 131.676 , 0
-0.354625 , 131.719 , 0
-0.355067 , 131.762 , 0
-0.355508 , 131.805 , 0
-0.355949 , 131.848 , 0
-0.356391 , 131.891 , 0
-0.356832 , 131.934 , 0
-0.357273 , 131.977 , 0
-0.357715 , 132.02 , 0
-0.358156 , 132.063 , 0
-0.358597 , 132.105 , 0
-0.359039 , 132.148 , 0
-0.35948 , 132.191 , 0
-0.359921 , 132.234 , 0
-0.360363 , 132.277 , 0
-0.360804 , 132.32 , 0
-0.361245 , 132.363 , 0
-0.361687 , 132.406 , 0
-0.362128 , 132.449 , 0
-0.362569 , 132.492 , 0
-0.363011 , 132.535 , 0
-0.363452 , 132.577 , 0
-0.363893 , 132.62 , 0
-0.364335 , 132.663 , 0
-0.364776 , 132.706 , 0
-0.365217 , 132.749 , 0
-0.365659 , 132.792 , 0
-0.3661 , 132.835 , 0
-0.366541 , 132.878 , 0
-0.366983 , 132.921 , 0
-0.367424 , 132.964 , 0
-0.367865 , 133.006 , 0
-0.368307 , 133.049 , 0
-0.368748 , 133.092 , 0
-0.369189 , 133.135 , 0
-0.369631 , 133.178 , 0
-0.370072 , 133.221 , 0
-0.370513 , 133.264 , 0
-0.370955 , 133.307 , 0
-0.371396 , 133.35 , 0
-0.371837 , 133.393 , 0
-0.372279 , 133.436 , 0
-0.37272 , 133.478 , 0
-0.373162 , 133.521 , 0
-0.373603 , 133.564 , 0
-0.374044 , 133.607 , 0
-0.374486 , 133.65 , 0
-0.374927 , 133.693 , 0
-0.375368 , 133.736 , 0
-0.37581 , 133.779 , 0
-0.376251 , 133.822 , 0
-0.376692 , 133.865 , 0
-0.377134 , 133.907 , 0
-0.377575 , 133.95 , 0
-0.378016 , 133.993 , 0
-0.378458 , 134.036 , 0
-0.378899 , 134.079 , 0
-0.37934 , 134.122 , 0
-0.379782 , 134.165 , 0
-0.380223 , 134.208 , 0
-0.380664 , 134.251 , 0
-0.381106 , 134.294 , 0
-0.381547 , 134.337 , 0
-0.381988 , 134.379 , 0
-0.38243 , 134.422 , 0
-0.382871 , 134.465 , 0
-0.383312 , 134.508 , 0
-0.383754 , 134.551 , 0
-0.384195 , 134.594 , 0
-0.384636 , 134.637 , 0
-0.385078 , 134.68 , 0
-0.385519 , 134.723 , 0
-0.38596 , 134.766 , 0
-0.386402 , 134.809 , 0
-0.386843 , 134.851 , 0
-0.387284 , 134.894 , 0
-0.387726 , 134.937 , 0
-0.388167 , 134.98 , 0
-0.388608 , 135.023 , 0
-0.38905 , 135.066 , 0
-0.389491 , 135.109 , 0
-0.389933 , 135.152 , 0
-0.390374 , 135.195 , 0
-0.390815 , 135.238 , 0
-0.391257 , 135.28 , 0
-0.391698 , 135.323 , 0
-0.392139 , 135.366 , 0
-0.392581 , 135.409 , 0
-0.393022 , 135.452 , 0
-0.393463 , 135.495 , 0
-0.393905 , 135.538 , 0
-0.394346 , 135.581 , 0
-0.394787 , 135.624 , 0
-0.395229 , 135.667 , 0
-0.39567 , 135.71 , 0
-0.396111 , 135.752 , 0
-0.396553 , 135.795 , 0
-0.396994 , 135.838 , 0
-0.397435 , 135.881 , 0
-0.397877 , 135.924 , 0
-0.398318 , 135.967 , 0
-0.398759 , 136.01 , 0
-0.399201 , 136.053 , 0
-0.399642 , 136.096 , 0
-0.400083 , 136.139 , 0
-0.400525 , 136.181 , 0
-0.400966 , 136.224 , 0
-0.401407 , 136.267 , 0
-0.401849 , 136.31 , 0
-0.40229 , 136.353 , 0
-0.402731 , 136.396 , 0
-0.403173 , 136.439 , 0
-0.403614 , 136.482 , 0
-0.404055 , 136.525 , 0
-0.404497 , 136.568 , 0
-0.404938 , 136.611 , 0
-0.405379 , 136.653 , 0
-0.405821 , 136.696 , 0
-0.406262 , 136.739 , 0
-0.406703 , 136.782 , 0
-0.407145 , 136.825 , 0
-0.407586 , 136.868 , 0
-0.408028 , 136.911 , 0
-0.408469 , 136.954 , 0
-0.40891 , 136.997 , 0
-0.409352 , 137.04 , 0
-0.409793 , 137.082 , 0
-0.410234 , 137.125 , 0
-0.410676 , 137.168 , 0
-0.411117 , 137.211 , 0
-0.411558 , 137.254 , 0
-0.412 , 137.297 , 0
-0.412441 , 137.34 , 0
-0.412882 , 137.383 , 0
-0.413324 , 137.426 , 0
-0.413765 , 137.469 , 0
-0.414206 , 137.512 , 0
-0.414648 , 137.554 , 0
-0.415089 , 137.597 , 0
-0.41553 , 137.64 , 0
-0.415972 , 137.683 , 0
-0.416413 , 137.726 , 0
-0.416854 , 137.769 , 0
-0.417296 , 137.812 , 0
-0.417737 , 137.855 , 0
-0.418178 , 137.898 , 0
-0.41862 , 137.941 , 0
-0.419061 , 137.984 , 0
-0.419502 , 138.026 , 0
-0.419944 , 138.069 , 0
-0.420385 , 138.112 , 0
-0.420826 , 138.155 , 0
-0.421268 , 138.198 , 0
-0.421709 , 138.241 , 0
-0.42215 , 138.284 , 0
-0.422592 , 138.327 , 0
-0.423033 , 138.37 , 0
-0.423474 , 138.413 , 0
-0.423916 , 138.455 , 0
-0.424357 , 138.498 , 0
-0.424799 , 138.541 , 0
-0.42524 , 138.584 , 0
-0.425681 , 138.627 , 0
-0.426123 , 138.67 , 0
-0.426564 , 138.713 , 0
-0.427005 , 138.756 , 0
-0.427447 , 138.799 , 0
-0.427888 , 138.842 , 0
-0.428329 , 138.885 , 0
-0.428771 , 138.927 , 0
-0.429212 , 138.97 , 0
-0.429653 , 139.013 , 0
-0.430095 , 139.056 , 0
-0.430536 , 139.099 , 0
-0.430977 , 139.142 , 0
-0.431419 , 139.185 , 0
-0.43186 , 139.228 , 0
-0.432301 , 139.271 , 0
-0.432743 , 139.314 , 0
-0.433184 , 139.356 , 0
-0.433625 , 139.399 , 0
-0.434067 , 139.442 , 0
-0.434508 , 139.485 , 0
-0.434949 , 139.528 , 0
-0.435391 , 139.571 , 0
-0.435832 , 139.614 , 0
-0.436273 , 139.657 , 0
-0.436715 , 139.7 , 0
-0.437156 , 139.743 , 0
-0.437597 , 139.786 , 0
-0.438039 , 139.828 , 0
-0.43848 , 139.871 , 0
-0.438921 , 139.914 , 0
-0.439363 , 139.957 , 0
-0.439804 , 140 , 0
-0.440245 , 140.043 , 0
-0.440687 , 140.086 , 0
-0.441128 , 140.129 , 0
-0.441569 , 140.172 , 0
-0.442011 , 140.215 , 0
-0.442452 , 140.257 , 0
-0.442894 , 140.3 , 0
-0.443335 , 140.343 , 0
-0.443776 , 140.386 , 0
-0.444218 , 140.429 , 0
-0.444659 , 140.472 , 0
-0.4451 , 140.515 , 0
-0.445542 , 140.558 , 0
-0.445983 , 140.601 , 0
-0.446424 , 140.644 , 0
-0.446866 , 140.687 , 0
-0.447307 , 140.729 , 0
-0.447748 , 140.772 , 0
-0.44819 , 140.815 , 0
-0.448631 , 140.858 , 0
-0.449072 , 140.901 , 0
-0.449514 , 140.944 , 0
-0.449955 , 140.987 , 0
-0.450396 , 141.03 , 0
-0.450838 , 141.073 , 0
-0.451279 , 141.116 , 0
-0.45172 , 141.158 , 0
-0.452162 , 141.201 , 0
-0.452603 , 141.244 , 0
-0.453044 , 141.287 , 0
-0.453486 , 141.33 , 0
-0.453927 , 141.373 , 0
-0.454368 , 141.416 , 0
-0.45481 , 141.459 , 0
-0.455251 , 141.502 , 0
-0.455692 , 141.545 , 0
-0.456134 , 141.588 , 0
-0.456575 , 141.63 , 0
-0.457016 , 141.673 , 0
-0.457458 , 141.716 , 0
-0.457899 , 141.759 , 0
-0.45834 , 141.802 , 0
-0.458782 , 141.845 , 0
-0.459223 , 141.888 , 0
-0.459664 , 141.931 , 0
-0.460106 , 141.974 , 0
-0.460547 , 142.017 , 0
-0.460989 , 142.06 , 0
-0.46143 , 142.102 , 0
-0.461871 , 142.145 , 0
-0.462313 , 142.188 , 0
-0.462754 , 142.231 , 0
-0.463195 , 142.274 , 0
-0.463637 , 142.317 , 0
-0.464078 , 142.36 , 0
-0.464519 , 142.403 , 0
-0.464961 , 142.446 , 0
-0.465402 , 142.489 , 0
-0.465843 , 142.531 , 0
-0.466285 , 142.574 , 0
-0.466726 , 142.617 , 0
-0.467167 , 142.66 , 0
-0.467609 , 142.703 , 0
-0.46805 , 142.746 , 0
-0.468491 , 142.789 , 0
-0.468933 , 142.832 , 0
-0.469374 , 142.875 , 0
-0.469815 , 142.918 , 0
-0.470257 , 142.961 , 0
-0.470698 , 143.003 , 0
-0.471139 , 143.046 , 0
-0.471581 , 143.089 , 0
-0.472022 , 143.132 , 0
-0.472463 , 143.175 , 0
-0.472905 , 143.218 , 0
-0.473346 , 143.261 , 0
-0.473787 , 143.304 , 0
-0.474229 , 143.347 , 0
-0.47467 , 143.39 , 0
-0.475111 , 143.432 , 0
-0.475553 , 143.475 , 0
-0.475994 , 143.518 , 0
-0.476435 , 143.561 , 0
-0.476877 , 143.604 , 0
-0.477318 , 143.647 , 0
-0.47776 , 143.69 , 0
-0.478201 , 143.733 , 0
-0.478642 , 143.776 , 0
-0.479084 , 143.819 , 0
-0.479525 , 143.862 , 0
-0.479966 , 143.904 , 0
-0.480408 , 143.947 , 0
-0.480849 , 143.99 , 0
-0.48129 , 144.033 , 0
-0.481732 , 144.076 , 0
-0.482173 , 144.119 , 0
-0.482614 , 144.162 , 0
-0.483056 , 144.205 , 0
-0.483497 , 144.248 , 0
-0.483938 , 144.291 , 0
-0.48438 , 144.333 , 0
-0.484821 , 144.376 , 0
-0.485262 , 144.419 , 0
-0.485704 , 144.462 , 0
-0.486145 , 144.505 , 0
-0.486586 , 144.548 , 0
-0.487028 , 144.591 , 0
-0.487469 , 144.634 , 0
-0.48791 , 144.677 , 0
-0.488352 , 144.72 , 0
-0.488793 , 144.763 , 0
-0.489234 , 144.805 , 0
-0.489676 , 144.848 , 0
-0.490117 , 144.891 , 0
-0.490558 , 144.934 , 0
-0.491 , 144.977 , 0
-0.491441 , 145.02 , 0
-0.491882 , 145.063 , 0
-0.492324 , 145.106 , 0
-0.492765 , 145.149 , 0
-0.493206 , 145.192 , 0
-0.493648 , 145.234 , 0
-0.494089 , 145.277 , 0
-0.49453 , 145.32 , 0
-0.494972 , 145.363 , 0
-0.495413 , 145.406 , 0
-0.495855 , 145.449 , 0
-0.496296 , 145.492 , 0
-0.496737 , 145.535 , 0
-0.497179 , 145.578 , 0
-0.49762 , 145.621 , 0
-0.498061 , 145.664 , 0
-0.498503 , 145.706 , 0
-0.498944 , 145.749 , 0
-0.499385 , 145.792 , 0
-0.499827 , 145.835 , 0
-0.500268 , 145.878 , 0
-0.500709 , 145.921 , 0
-0.501151 , 145.964 , 0
-0.501592 , 146.007 , 0
-0.502033 , 146.05 , 0
-0.502475 , 146.093 , 0
-0.502916 , 146.136 , 0
-0.503357 , 146.178 , 0
-0.503799 , 146.221 , 0
-0.50424 , 146.264 , 0
-0.504681 , 146.307 , 0
-0.505123 , 146.35 , 0
-0.505564 , 146.393 , 0
-0.506005 , 146.436 , 0
-0.506447 , 146.479 , 0
-0.506888 , 146.522 , 0
-0.507329 , 146.565 , 0
-0.507771 , 146.607 , 0
-0.508212 , 146.65 , 0
-0.508653 , 146.693 , 0
-0.509095 , 146.736 , 0
-0.509536 , 146.779 , 0
-0.509977 , 146.822 , 0
-0.510419 , 146.865 , 0
-0.51086 , 146.908 , 0
-0.511301 , 146.951 , 0
-0.511743 , 146.994 , 0
-0.512184 , 147.037 , 0
-0.512626 , 147.079 , 0
-0.513067 , 147.122 , 0
-0.513508 , 147.165 , 0
-0.51395 , 147.208 , 0
-0.514391 , 147.251 , 0
-0.514832 , 147.294 , 0
-0.515274 , 147.337 , 0
-0.515715 , 147.38 , 0
-0.516156 , 147.423 , 0
-0.516598 , 147.466 , 0
-0.517039 , 147.508 , 0
-0.51748 , 147.551 , 0
-0.517922 , 147.594 , 0
-0.518363 , 147.637 , 0
-0.518804 , 147.68 , 0
-0.519246 , 147.723 , 0
-0.519687 , 147.766 , 0
-0.520128 , 147.809 , 0
-0.52057 , 147.852 , 0
-0.521011 , 147.895 , 0
-0.521452 , 147.938 , 0
-0.521894 , 147.98 , 0
-0.522335 , 148.023 , 0
-0.522776 , 148.066 , 0
-0.523218 , 148.109 , 0
-0.523659 , 148.152 , 0
-0.5241 , 148.195 , 0
-0.524542 , 148.238 , 0
-0.524983 , 148.281 , 0
-0.525424 , 148.324 , 0
-0.525866 , 148.367 , 0
-0.526307 , 148.409 , 0
-0.526748 , 148.452 , 0
-0.52719 , 148.495 , 0
-0.527631 , 148.538 , 0
-0.528072 , 148.581 , 0
-0.528514 , 148.624 , 0
-0.528955 , 148.667 , 0
-0.529396 , 148.71 , 0
-0.529838 , 148.753 , 0
-0.530279 , 148.796 , 0
-0.530721 , 148.839 , 0
-0.531162 , 148.881 , 0
-0.531603 , 148.924 , 0
-0.532045 , 148.967 , 0
-0.532486 , 149.01 , 0
-0.532927 , 149.053 , 0
-0.533369 , 149.096 , 0
-0.53381 , 149.139 , 0
-0.534251 , 149.182 , 0
-0.534693 , 149.225 , 0
-0.535134 , 149.268 , 0
-0.535575 , 149.311 , 0
-0.536017 , 149.353 , 0
-0.536458 , 149.396 , 0
-0.536899 , 149.439 , 0
-0.537341 , 149.482 , 0
-0.537782 , 149.525 , 0
-0.538223 , 149.568 , 0
-0.538665 , 149.611 , 0
-0.539106 , 149.654 , 0
-0.539547 , 149.697 , 0
-0.539989 , 149.74 , 0
-0.54043 , 149.782 , 0
-0.540871 , 149.825 , 0
-0.541313 , 149.868 , 0
-0.541754 , 149.911 , 0
-0.542195 , 149.954 , 0
-0.542637 , 149.997 , 0
-0.543078 , 150.04 , 0
-0.543519 , 150.083 , 0
-0.543961 , 150.126 , 0
-0.544402 , 150.169 , 0
-0.544843 , 150.212 , 0
-0.545285 , 150.254 , 0
-0.545726 , 150.297 , 0
-0.546167 , 150.34 , 0
-0.546609 , 150.383 , 0
-0.54705 , 150.426 , 0
-0.547492 , 150.469 , 0
-0.547933 , 150.512 , 0
-0.548374 , 150.555 , 0
-0.548816 , 150.598 , 0
-0.549257 , 150.641 , 0
-0.549698 , 150.683 , 0
-0.55014 , 150.726 , 0
-0.550581 , 150.769 , 0
-0.551022 , 150.812 , 0
-0.551464 , 150.855 , 0
-0.551905 , 150.898 , 0
-0.552346 , 150.941 , 0
-0.552788 , 150.984 , 0
-0.553229 , 151.027 , 0
-0.55367 , 151.07 , 0
-0.554112 , 151.113 , 0
-0.554553 , 151.155 , 0
-0.554994 , 151.198 , 0
-0.555436 , 151.241 , 0
-0.555877 , 151.284 , 0
-0.556318 , 151.327 , 0
-0.55676 , 151.37 , 0
-0.557201 , 151.413 , 0
-0.557642 , 151.456 , 0
-0.558084 , 151.499 , 0
-0.558525 , 151.542 , 0
-0.558966 , 151.584 , 0
-0.559408 , 151.627 , 0
-0.559849 , 151.67 , 0
-0.56029 , 151.713 , 0
-0.560732 , 151.756 , 0
-0.561173 , 151.799 , 0
-0.561614 , 151.842 , 0
-0.562056 , 151.885 , 0
-0.562497 , 151.928 , 0
-0.562938 , 151.971 , 0
-0.56338 , 152.014 , 0
-0.563821 , 152.056 , 0
-0.564262 , 152.099 , 0
-0.564704 , 152.142 , 0
-0.565145 , 152.185 , 0
-0.565587 , 152.228 , 0
-0.566028 , 152.271 , 0
-0.566469 , 152.314 , 0
-0.566911 , 152.357 , 0
-0.567352 , 152.4 , 0
-0.567793 , 152.443 , 0
-0.568235 , 152.485 , 0
-0.568676 , 152.528 , 0
-0.569117 , 152.571 , 0
-0.569559 , 152.614 , 0
-0.57 , 152.657 , 0
-0.570441 , 152.7 , 0
-0.570883 , 152.743 , 0
-0.571324 , 152.786 , 0
-0.571765 , 152.829 , 0
-0.572207 , 152.872 , 0
-0.572648 , 152.915 , 0
-0.573089 , 152.957 , 0
-0.573531 , 153 , 0
-0.573972 , 153.043 , 0
-0.574413 , 153.086 , 0
-0.574855 , 153.129 , 0
-0.575296 , 153.172 , 0
-0.575737 , 153.215 , 0
-0.576179 , 153.258 , 0
-0.57662 , 153.301 , 0
-0.577061 , 153.344 , 0
-0.577503 , 153.387 , 0
-0.577944 , 153.429 , 0
-0.578385 , 153.472 , 0
-0.578827 , 153.515 , 0
-0.579268 , 153.558 , 0
-0.579709 , 153.601 , 0
-0.580151 , 153.644 , 0
-0.580592 , 153.687 , 0
-0.581033 , 153.73 , 0
-0.581475 , 153.773 , 0
-0.581916 , 153.816 , 0
-0.582358 , 153.858 , 0
-0.582799 , 153.901 , 0
-0.58324 , 153.944 , 0
-0.583682 , 153.987 , 0
-0.584123 , 154.03 , 0
-0.584564 , 154.073 , 0
-0.585006 , 154.116 , 0
-0.585447 , 154.159 , 0
-0.585888 , 154.202 , 0
-0.58633 , 154.245 , 0
-0.586771 , 154.288 , 0
-0.587212 , 154.33 , 0
-0.587654 , 154.373 , 0
-0.588095 , 154.416 , 0
-0.588536 , 154.459 , 0
-0.588978 , 154.502 , 0
-0.589419 , 154.545 , 0
-0.58986 , 154.588 , 0
-0.590302 , 154.631 , 0
-0.590743 , 154.674 , 0
-0.591184 , 154.717 , 0
-0.591626 , 154.759 , 0
-0.592067 , 154.802 , 0
-0.592508 , 154.845 , 0
-0.59295 , 154.888 , 0
-0.593391 , 154.931 , 0
-0.593832 , 154.974 , 0
-0.594274 , 155.017 , 0
-0.594715 , 155.06 , 0
-0.595156 , 155.103 , 0
-0.595598 , 155.146 , 0
-0.596039 , 155.189 , 0
-0.59648 , 155.231 , 0
-0.596922 , 155.274 , 0
-0.597363 , 155.317 , 0
-0.597804 , 155.36 , 0
-0.598246 , 155.403 , 0
-0.598687 , 155.446 , 0
-0.599128 , 155.489 , 0
-0.59957 , 155.532 , 0
-0.600011 , 155.575 , 0
-0.600453 , 155.618 , 0
-0.600894 , 155.66 , 0
-0.601335 , 155.703 , 0
-0.601777 , 155.746 , 0
-0.602218 , 155.789 , 0
-0.602659 , 155.832 , 0
-0.603101 , 155.875 , 0
-0.603542 , 155.918 , 0
-0.603983 , 155.961 , 0
-0.604425 , 156.004 , 0
-0.604866 , 156.047 , 0
-0.605307 , 156.09 , 0
-0.605749 , 156.132 , 0
-0.60619 , 156.175 , 0
-0.606631 , 156.218 , 0
-0.607073 , 156.261 , 0
-0.607514 , 156.304 , 0
-0.607955 , 156.347 , 0
-0.608397 , 156.39 , 0
-0.608838 , 156.433 , 0
-0.609279 , 156.476 , 0
-0.609721 , 156.519 , 0
-0.610162 , 156.562 , 0
-0.610603 , 156.604 , 0
-0.611045 , 156.647 , 0
-0.611486 , 156.69 , 0
-0.611927 , 156.733 , 0
-0.612369 , 156.776 , 0
-0.61281 , 156.819 , 0
-0.613251 , 156.862 , 0
-0.613693 , 156.905 , 0
-0.614134 , 156.948 , 0
-0.614575 , 156.991 , 0
