x , y , z
1 , 0 , 0
0.999853 , 0.0257508 , 0
0.999411 , 0.0514939 , 0
0.998969 , 0.0772371 , 0
0.998527 , 0.10298 , 0
0.998085 , 0.128723 , 0
0.997643 , 0.154467 , 0
0.997201 , 0.18021 , 0
0.99676 , 0.205953 , 0
0.996318 , 0.231696 , 0
0.995876 , 0.257439 , 0
0.995434 , 0.283183 , 0
0.994992 , 0.308926 , 0
0.99455 , 0.334669 , 0
0.994108 , 0.360412 , 0
0.993667 , 0.386155 , 0
0.993225 , 0.411898 , 0
0.992783 , 0.437642 , 0
0.992341 , 0.463385 , 0
0.991899 , 0.489128 , 0
0.991457 , 0.514871 , 0
0.991015 , 0.540614 , 0
0.990574 , 0.566357 , 0
0.990132 , 0.592101 , 0
0.98969 , 0.617844 , 0
0.989248 , 0.643587 , 0
0.988806 , 0.66933 , 0
0.988364 , 0.695073 , 0
0.987922 , 0.720816 , 0
0.987481 , 0.74656 , 0
0.987039 , 0.772303 , 0
0.986597 , 0.798046 , 0
0.986155 , 0.823789 , 0
0.985713 , 0.849532 , 0
0.985271 , 0.875276 , 0
0.984829 , 0.901019 , 0
0.984387 , 0.926762 , 0
0.983946 , 0.952505 , 0
0.983504 , 0.978248 , 0
0.983062 , 1.00399 , 0
0.98262 , 1.02973 , 0
0.982178 , 1.05548 , 0
0.981736 , 1.08122 , 0
0.981294 , 1.10696 , 0
0.980853 , 1.13271 , 0
0.980411 , 1.15845 , 0
0.979969 , 1.18419 , 0
0.979527 , 1.20994 , 0
0.979085 , 1.23568 , 0
0.978643 , 1.26142 , 0
0.978201 , 1.28717 , 0
0.97776 , 1.31291 , 0
0.977318 , 1.33865 , 0
0.976876 , 1.3644 , 0
0.976434 , 1.39014 , 0
0.975992 , 1.41588 , 0
0.97555 , 1.44163 , 0
0.975108 , 1.46737 , 0
0.974667 , 1.49311 , 0
0.974225 , 1.51885 , 0
0.973783 , 1.5446 , 0
0.973341 , 1.57034 , 0
0.972899 , 1.59608 , 0
0.972457 , 1.62183 , 0
0.972015 , 1.64757 , 0
0.971574 , 1.67331 , 0
0.971132 , 1.69906 , 0
0.97069 , 1.7248 , 0
0.970248 , 1.75054 , 0
0.969806 , 1.77629 , 0
0.969364 , 1.80203 , 0
0.968922 , 1.82777 , 0
0.96848 , 1.85352 , 0
0.968039 , 1.87926 , 0
0.967597 , 1.905 , 0
0.967155 , 1.93075 , 0
0.966713 , 1.95649 , 0
0.966271 , 1.98223 , 0
0.965829 , 2.00798 , 0
0.965387 , 2.03372 , 0
0.964946 , 2.05946 , 0
0.964504 , 2.0852 , 0
0.964062 , 2.11095 , 0
0.96362 , 2.13669 , 0
0.963178 , 2.16243 , 0
0.962736 , 2.18818 , 0
0.962294 , 2.21392 , 0
0.961853 , 2.23966 , 0
0.961411 , 2.26541 , 0
0.960969 , 2.29115 , 0
0.960527 , 2.31689 , 0
0.960085 , 2.34264 , 0
0.959643 , 2.36838 , 0
0.959201 , 2.39412 , 0
0.95876 , 2.41987 , 0
0.958318 , 2.44561 , 0
0.957876 , 2.47135 , 0
0.957434 , 2.4971 , 0
0.956992 , 2.52284 , 0
0.95655 , 2.54858 , 0
0.956108 , 2.57433 , 0
0.955666 , 2.60007 , 0
0.955225 , 2.62581 , 0
0.954783 , 2.65155 , 0
0.954341 , 2.6773 , 0
0.953899 , 2.70304 , 0
0.953457 , 2.72878 , 0
0.953015 , 2.75453 , 0
0.952573 , 2.78027 , 0
0.952132 , 2.80601 , 0
0.95169 , 2.83176 , 0
0.951248 , 2.8575 , 0
0.950806 , 2.88324 , 0
0.950364 , 2.90899 , 0
0.949922 , 2.93473 , 0
0.94948 , 2.96047 , 0
0.949039 , 2.98622 , 0
0.948597 , 3.01196 , 0
0.948155 , 3.0377 , 0
0.947713 , 3.06345 , 0
0.947271 , 3.08919 , 0
0.946829 , 3.11493 , 0
0.946387 , 3.14067 , 0
0.945946 , 3.16642 , 0
0.945504 , 3.19216 , 0
0.945062 , 3.2179 , 0
0.94462 , 3.24365 , 0
0.944178 , 3.26939 , 0
0.943736 , 3.29513 , 0
0.943294 , 3.32088 , 0
0.942853 , 3.34662 , 0
0.942411 , 3.37236 , 0
0.941969 , 3.39811 , 0
0.941527 , 3.42385 , 0
0.941085 , 3.44959 , 0
0.940643 , 3.47534 , 0
0.940201 , 3.50108 , 0
0.939759 , 3.52682 , 0
0.939318 , 3.55257 , 0
0.938876 , 3.57831 , 0
0.938434 , 3.60405 , 0
0.937992 , 3.6298 , 0
0.93755 , 3.65554 , 0
0.937108 , 3.68128 , 0
0.936666 , 3.70702 , 0
0.936225 , 3.73277 , 0
0.935783 , 3.75851 , 0
0.935341 , 3.78425 , 0
0.934899 , 3.81 , 0
0.934457 , 3.83574 , 0
0.934015 , 3.86148 , 0
0.933573 , 3.88723 , 0
0.933132 , 3.91297 , 0
0.93269 , 3.93871 , 0
0.932248 , 3.96446 , 0
0.931806 , 3.9902 , 0
0.931364 , 4.01594 , 0
0.930922 , 4.04169 , 0
0.93048 , 4.06743 , 0
0.930039 , 4.09317 , 0
0.929597 , 4.11892 , 0
0.929155 , 4.14466 , 0
0.928713 , 4.1704 , 0
0.928271 , 4.19615 , 0
0.927829 , 4.22189 , 0
0.927387 , 4.24763 , 0
0.926945 , 4.27337 , 0
0.926504 , 4.29912 , 0
0.926062 , 4.32486 , 0
0.92562 , 4.3506 , 0
0.925178 , 4.37635 , 0
0.924736 , 4.40209 , 0
0.924294 , 4.42783 , 0
0.923852 , 4.45358 , 0
0.923411 , 4.47932 , 0
0.922969 , 4.50506 , 0
0.922527 , 4.53081 , 0
0.922085 , 4.55655 , 0
0.921643 , 4.58229 , 0
0.921201 , 4.60804 , 0
0.920759 , 4.63378 , 0
0.920318 , 4.65952 , 0
0.919876 , 4.68527 , 0
0.919434 , 4.71101 , 0
0.918992 , 4.73675 , 0
0.91855 , 4.76249 , 0
0.918108 , 4.78824 , 0
0.917666 , 4.81398 , 0
0.917225 , 4.83972 , 0
0.916783 , 4.86547 , 0
0.916341 , 4.89121 , 0
0.915899 , 4.91695 , 0
0.915457 , 4.9427 , 0
0.915015 , 4.96844 , 0
0.914573 , 4.99418 , 0
0.914132 , 5.01993 , 0
0.91369 , 5.04567 , 0
0.913248 , 5.07141 , 0
0.912806 , 5.09716 , 0
0.912364 , 5.1229 , 0
0.911922 , 5.14864 , 0
0.91148 , 5.17439 , 0
0.911038 , 5.20013 , 0
0.910597 , 5.22587 , 0
0.910155 , 5.25162 , 0
0.909713 , 5.27736 , 0
0.909271 , 5.3031 , 0
0.908829 , 5.32884 , 0
0.908387 , 5.35459 , 0
0.907945 , 5.38033 , 0
0.907504 , 5.40607 , 0
0.907062 , 5.43182 , 0
0.90662 , 5.45756 , 0
0.906178 , 5.4833 , 0
0.905736 , 5.50905 , 0
0.905294 , 5.53479 , 0
0.904852 , 5.56053 , 0
0.904411 , 5.58628 , 0
0.903969 , 5.61202 , 0
0.903527 , 5.63776 , 0
0.903085 , 5.66351 , 0
0.902643 , 5.68925 , 0
0.902201 , 5.71499 , 0
0.901759 , 5.74074 , 0
0.901318 , 5.76648 , 0
0.900876 , 5.79222 , 0
0.900434 , 5.81797 , 0
0.899992 , 5.84371 , 0
0.89955 , 5.86945 , 0
0.899108 , 5.89519 , 0
0.898666 , 5.92094 , 0
0.898224 , 5.94668 , 0
0.897783 , 5.97242 , 0
0.897341 , 5.99817 , 0
0.896899 , 6.02391 , 0
0.896457 , 6.04965 , 0
0.896015 , 6.0754 , 0
0.895573 , 6.10114 , 0
0.895131 , 6.12688 , 0
0.89469 , 6.15263 , 0
0.894248 , 6.17837 , 0
0.893806 , 6.20411 , 0
0.893364 , 6.22986 , 0
0.892922 , 6.2556 , 0
0.89248 , 6.28134 , 0
0.892038 , 6.30709 , 0
0.891597 , 6.33283 , 0
0.891155 , 6.35857 , 0
0.890713 , 6.38431 , 0
0.890271 , 6.41006 , 0
0.889829 , 6.4358 , 0
0.889387 , 6.46154 , 0
0.888945 , 6.48729 , 0
0.888504 , 6.51303 , 0
0.888062 , 6.53877 , 0
0.88762 , 6.56452 , 0
0.887178 , 6.59026 , 0
0.886736 , 6.616 , 0
0.886294 , 6.64175 , 0
0.885852 , 6.66749 , 0
0.885411 , 6.69323 , 0
0.884969 , 6.71898 , 0
0.884527 , 6.74472 , 0
0.884085 , 6.77046 , 0
0.883643 , 6.79621 , 0
0.883201 , 6.82195 , 0
0.882759 , 6.84769 , 0
0.882317 , 6.87344 , 0
0.881876 , 6.89918 , 0
0.881434 , 6.92492 , 0
0.880992 , 6.95066 , 0
0.88055 , 6.97641 , 0
0.880108 , 7.00215 , 0
0.879666 , 7.02789 , 0
0.879224 , 7.05364 , 0
0.878783 , 7.07938 , 0
0.878341 , 7.10512 , 0
0.877899 , 7.13087 , 0
0.877457 , 7.15661 , 0
0.877015 , 7.18235 , 0
0.876573 , 7.2081 , 0
0.876131 , 7.23384 , 0
0.87569 , 7.25958 , 0
0.875248 , 7.28533 , 0
0.874806 , 7.31107 , 0
0.874364 , 7.33681 , 0
0.873922 , 7.36256 , 0
0.87348 , 7.3883 , 0
0.873038 , 7.41404 , 0
0.872597 , 7.43979 , 0
0.872155 , 7.46553 , 0
0.871713 , 7.49127 , 0
0.871271 , 7.51701 , 0
0.870829 , 7.54276 , 0
0.870387 , 7.5685 , 0
0.869945 , 7.59424 , 0
0.869503 , 7.61999 , 0
0.869062 , 7.64573 , 0
0.86862 , 7.67147 , 0
0.868178 , 7.69722 , 0
0.867736 , 7.72296 , 0
0.867294 , 7.7487 , 0
0.866852 , 7.77445 , 0
0.86641 , 7.80019 , 0
0.865969 , 7.82593 , 0
0.865527 , 7.85168 , 0
0.865085 , 7.87742 , 0
0.864643 , 7.90316 , 0
0.864201 , 7.92891 , 0
0.863759 , 7.95465 , 0
0.863317 , 7.98039 , 0
0.862876 , 8.00613 , 0
0.862434 , 8.03188 , 0
0.861992 , 8.05762 , 0
0.86155 , 8.08336 , 0
0.861108 , 8.10911 , 0
0.860666 , 8.13485 , 0
0.860224 , 8.16059 , 0
0.859783 , 8.18634 , 0
0.859341 , 8.21208 , 0
0.858899 , 8.23782 , 0
0.858457 , 8.26357 , 0
0.858015 , 8.28931 , 0
0.857573 , 8.31505 , 0
0.857131 , 8.3408 , 0
0.85669 , 8.36654 , 0
0.856248 , 8.39228 , 0
0.855806 , 8.41803 , 0
0.855364 , 8.44377 , 0
0.854922 , 8.46951 , 0
0.85448 , 8.49526 , 0
0.854038 , 8.521 , 0
0.853596 , 8.54674 , 0
0.853155 , 8.57248 , 0
0.852713 , 8.59823 , 0
0.852271 , 8.62397 , 0
0.851829 , 8.64971 , 0
0.851387 , 8.67546 , 0
0.850945 , 8.7012 , 0
0.850503 , 8.72694 , 0
0.850062 , 8.75269 , 0
0.84962 , 8.77843 , 0
0.849178 , 8.80417 , 0
0.848736 , 8.82992 , 0
0.848294 , 8.85566 , 0
0.847852 , 8.8814 , 0
0.84741 , 8.90715 , 0
0.846969 , 8.93289 , 0
0.846527 , 8.95863 , 0
0.846085 , 8.98438 , 0
0.845643 , 9.01012 , 0
0.845201 , 9.03586 , 0
0.844759 , 9.06161 , 0
0.844317 , 9.08735 , 0
0.843876 , 9.11309 , 0
0.843434 , 9.13883 , 0
0.842992 , 9.16458 , 0
0.84255 , 9.19032 , 0
0.842108 , 9.21606 , 0
0.841666 , 9.24181 , 0
0.841224 , 9.26755 , 0
0.840782 , 9.29329 , 0
0.840341 , 9.31904 , 0
0.839899 , 9.34478 , 0
0.839457 , 9.37052 , 0
0.839015 , 9.39627 , 0
0.838573 , 9.42201 , 0
0.838131 , 9.44775 , 0
0.837689 , 9.4735 , 0
0.837248 , 9.49924 , 0
0.836806 , 9.52498 , 0
0.836364 , 9.55073 , 0
0.835922 , 9.57647 , 0
0.83548 , 9.60221 , 0
0.835038 , 9.62795 , 0
0.834596 , 9.6537 , 0
0.834155 , 9.67944 , 0
0.833713 , 9.70518 , 0
0.833271 , 9.73093 , 0
0.832829 , 9.75667 , 0
0.832387 , 9.78241 , 0
0.831945 , 9.80816 , 0
0.831503 , 9.8339 , 0
0.831062 , 9.85964 , 0
0.83062 , 9.88539 , 0
0.830178 , 9.91113 , 0
0.829736 , 9.93687 , 0
0.829294 , 9.96262 , 0
0.828852 , 9.98836 , 0
0.82841 , 10.0141 , 0
0.827969 , 10.0398 , 0
0.827527 , 10.0656 , 0
0.827085 , 10.0913 , 0
0.826643 , 10.1171 , 0
0.826201 , 10.1428 , 0
0.825759 , 10.1686 , 0
0.825317 , 10.1943 , 0
0.824875 , 10.22 , 0
0.824434 , 10.2458 , 0
0.823992 , 10.2715 , 0
0.82355 , 10.2973 , 0
0.823108 , 10.323 , 0
0.822666 , 10.3488 , 0
0.822224 , 10.3745 , 0
0.821782 , 10.4003 , 0
0.821341 , 10.426 , 0
0.820899 , 10.4517 , 0
0.820457 , 10.4775 , 0
0.820015 , 10.5032 , 0
0.819573 , 10.529 , 0
0.819131 , 10.5547 , 0
0.818689 , 10.5805 , 0
0.818248 , 10.6062 , 0
0.817806 , 10.6319 , 0
0.817364 , 10.6577 , 0
0.816922 , 10.6834 , 0
0.81648 , 10.7092 , 0
0.816038 , 10.7349 , 0
0.815596 , 10.7607 , 0
0.815155 , 10.7864 , 0
0.814713 , 10.8121 , 0
0.814271 , 10.8379 , 0
0.813829 , 10.8636 , 0
0.813387 , 10.8894 , 0
0.812945 , 10.9151 , 0
0.812503 , 10.9409 , 0
0.812061 , 10.9666 , 0
0.81162 , 10.9923 , 0
0.811178 , 11.0181 , 0
0.810736 , 11.0438 , 0
0.810294 , 11.0696 , 0
0.809852 , 11.0953 , 0
0.80941 , 11.1211 , 0
0.808968 , 11.1468 , 0
0.808527 , 11.1725 , 0
0.808085 , 11.1983 , 0
0.807643 , 11.224 , 0
0.807201 , 11.2498 , 0
0.806759 , 11.2755 , 0
0.806317 , 11.3013 , 0
0.805875 , 11.327 , 0
0.805434 , 11.3527 , 0
0.804992 , 11.3785 , 0
0.80455 , 11.4042 , 0
0.804108 , 11.43 , 0
0.803666 , 11.4557 , 0
0.803224 , 11.4815 , 0
0.802782 , 11.5072 , 0
0.802341 , 11.5329 , 0
0.801899 , 11.5587 , 0
0.801457 , 11.5844 , 0
0.801015 , 11.6102 , 0
0.800573 , 11.6359 , 0
0.800131 , 11.6617 , 0
0.799689 , 11.6874 , 0
0.799248 , 11.7132 , 0
0.798806 , 11.7389 , 0
0.798364 , 11.7646 , 0
0.797922 , 11.7904 , 0
0.79748 , 11.8161 , 0
0.797038 , 11.8419 , 0
0.796596 , 11.8676 , 0
0.796154 , 11.8934 , 0
0.795713 , 11.9191 , 0
0.795271 , 11.9448 , 0
0.794829 , 11.9706 , 0
0.794387 , 11.9963 , 0
0.793945 , 12.0221 , 0
0.793503 , 12.0478 , 0
0.793061 , 12.0736 , 0
0.79262 , 12.0993 , 0
0.792178 , 12.125 , 0
0.791736 , 12.1508 , 0
0.791294 , 12.1765 , 0
0.790852 , 12.2023 , 0
0.79041 , 12.228 , 0
0.789968 , 12.2538 , 0
0.789527 , 12.2795 , 0
0.789085 , 12.3052 , 0
0.788643 , 12.331 , 0
0.788201 , 12.3567 , 0
0.787759 , 12.3825 , 0
0.787317 , 12.4082 , 0
0.786875 , 12.434 , 0
0.786434 , 12.4597 , 0
0.785992 , 12.4854 , 0
0.78555 , 12.5112 , 0
0.785108 , 12.5369 , 0
0.784666 , 12.5627 , 0
0.784224 , 12.5884 , 0
0.783782 , 12.6142 , 0
0.78334 , 12.6399 , 0
0.782899 , 12.6656 , 0
0.782457 , 12.6914 , 0
0.782015 , 12.7171 , 0
0.781573 , 12.7429 , 0
0.781131 , 12.7686 , 0
0.780689 , 12.7944 , 0
0.780247 , 12.8201 , 0
0.779806 , 12.8459 , 0
0.779364 , 12.8716 , 0
0.778922 , 12.8973 , 0
0.77848 , 12.9231 , 0
0.778038 , 12.9488 , 0
0.777596 , 12.9746 , 0
0.777154 , 13.0003 , 0
0.776713 , 13.0261 , 0
0.776271 , 13.0518 , 0
0.775829 , 13.0775 , 0
0.775387 , 13.1033 , 0
0.774945 , 13.129 , 0
0.774503 , 13.1548 , 0
0.774061 , 13.1805 , 0
0.77362 , 13.2063 , 0
0.773178 , 13.232 , 0
0.772736 , 13.2577 , 0
0.772294 , 13.2835 , 0
0.771852 , 13.3092 , 0
0.77141 , 13.335 , 0
0.770968 , 13.3607 , 0
0.770526 , 13.3865 , 0
0.770085 , 13.4122 , 0
0.769643 , 13.4379 , 0
0.769201 , 13.4637 , 0
0.768759 , 13.4894 , 0
0.768317 , 13.5152 , 0
0.767875 , 13.5409 , 0
0.767433 , 13.5667 , 0
0.766992 , 13.5924 , 0
0.76655 , 13.6181 , 0
0.766108 , 13.6439 , 0
0.765666 , 13.6696 , 0
0.765224 , 13.6954 , 0
0.764782 , 13.7211 , 0
0.76434 , 13.7469 , 0
0.763899 , 13.7726 , 0
0.763457 , 13.7983 , 0
0.763015 , 13.8241 , 0
0.762573 , 13.8498 , 0
0.762131 , 13.8756 , 0
0.761689 , 13.9013 , 0
0.761247 , 13.9271 , 0
0.760806 , 13.9528 , 0
0.760364 , 13.9786 , 0
0.759922 , 14.0043 , 0
0.75948 , 14.03 , 0
0.759038 , 14.0558 , 0
0.758596 , 14.0815 , 0
0.758154 , 14.1073 , 0
0.757713 , 14.133 , 0
0.757271 , 14.1588 , 0
0.756829 , 14.1845 , 0
0.756387 , 14.2102 , 0
0.755945 , 14.236 , 0
0.755503 , 14.2617 , 0
0.755061 , 14.2875 , 0
0.754619 , 14.3132 , 0
0.754178 , 14.339 , 0
0.753736 , 14.3647 , 0
0.753294 , 14.3904 , 0
0.752852 , 14.4162 , 0
0.75241 , 14.4419 , 0
0.751968 , 14.4677 , 0
0.751526 , 14.4934 , 0
0.751085 , 14.5192 , 0
0.750643 , 14.5449 , 0
0.750201 , 14.5706 , 0
0.749759 , 14.5964 , 0
0.749317 , 14.6221 , 0
0.748875 , 14.6479 , 0
0.748433 , 14.6736 , 0
0.747992 , 14.6994 , 0
0.74755 , 14.7251 , 0
0.747108 , 14.7508 , 0
0.746666 , 14.7766 , 0
0.746224 , 14.8023 , 0
0.745782 , 14.8281 , 0
0.74534 , 14.8538 , 0
0.744899 , 14.8796 , 0
0.744457 , 14.9053 , 0
0.744015 , 14.931 , 0
0.743573 , 14.9568 , 0
0.743131 , 14.9825 , 0
0.742689 , 15.0083 , 0
0.742247 , 15.034 , 0
0.741805 , 15.0598 , 0
0.741364 , 15.0855 , 0
0.740922 , 15.1113 , 0
0.74048 , 15.137 , 0
0.740038 , 15.1627 , 0
0.739596 , 15.1885 , 0
0.739154 , 15.2142 , 0
0.738712 , 15.24 , 0
0.738271 , 15.2657 , 0
0.737829 , 15.2915 , 0
0.737387 , 15.3172 , 0
0.736945 , 15.3429 , 0
0.736503 , 15.3687 , 0
0.736061 , 15.3944 , 0
0.735619 , 15.4202 , 0
0.735178 , 15.4459 , 0
0.734736 , 15.4717 , 0
0.734294 , 15.4974 , 0
0.733852 , 15.5231 , 0
0.73341 , 15.5489 , 0
0.732968 , 15.5746 , 0
0.732526 , 15.6004 , 0
0.732085 , 15.6261 , 0
0.731643 , 15.6519 , 0
0.731201 , 15.6776 , 0
0.730759 , 15.7033 , 0
0.730317 , 15.7291 , 0
0.729875 , 15.7548 , 0
0.729433 , 15.7806 , 0
0.728992 , 15.8063 , 0
0.72855 , 15.8321 , 0
0.728108 , 15.8578 , 0
0.727666 , 15.8835 , 0
0.727224 , 15.9093 , 0
0.726782 , 15.935 , 0
0.72634 , 15.9608 , 0
0.725898 , 15.9865 , 0
0.725457 , 16.0123 , 0
0.725015 , 16.038 , 0
0.724573 , 16.0637 , 0
0.724131 , 16.0895 , 0
0.723689 , 16.1152 , 0
0.723247 , 16.141 , 0
0.722805 , 16.1667 , 0
0.722364 , 16.1925 , 0
0.721922 , 16.2182 , 0
0.72148 , 16.244 , 0
0.721038 , 16.2697 , 0
0.720596 , 16.2954 , 0
0.720154 , 16.3212 , 0
0.719712 , 16.3469 , 0
0.719271 , 16.3727 , 0
0.718829 , 16.3984 , 0
0.718387 , 16.4242 , 0
0.717945 , 16.4499 , 0
0.717503 , 16.4756 , 0
0.717061 , 16.5014 , 0
0.716619 , 16.5271 , 0
0.716178 , 16.5529 , 0
0.715736 , 16.5786 , 0
0.715294 , 16.6044 , 0
0.714852 , 16.6301 , 0
0.71441 , 16.6558 , 0
0.713968 , 16.6816 , 0
0.713526 , 16.7073 , 0
0.713084 , 16.7331 , 0
0.712643 , 16.7588 , 0
0.712201 , 16.7846 , 0
0.711759 , 16.8103 , 0
0.711317 , 16.836 , 0
0.710875 , 16.8618 , 0
0.710433 , 16.8875 , 0
0.709991 , 16.9133 , 0
0.70955 , 16.939 , 0
0.709108 , 16.9648 , 0
0.708666 , 16.9905 , 0
0.708224 , 17.0162 , 0
0.707782 , 17.042 , 0
0.70734 , 17.0677 , 0
0.706898 , 17.0935 , 0
0.706457 , 17.1192 , 0
0.706015 , 17.145 , 0
0.705573 , 17.1707 , 0
0.705131 , 17.1964 , 0
0.704689 , 17.2222 , 0
0.704247 , 17.2479 , 0
0.703805 , 17.2737 , 0
0.703364 , 17.2994 , 0
0.702922 , 17.3252 , 0
0.70248 , 17.3509 , 0
0.702038 , 17.3767 , 0
0.701596 , 17.4024 , 0
0.701154 , 17.4281 , 0
0.700712 , 17.4539 , 0
0.700271 , 17.4796 , 0
0.699829 , 17.5054 , 0
0.699387 , 17.5311 , 0
0.698945 , 17.5569 , 0
0.698503 , 17.5826 , 0
0.698061 , 17.6083 , 0
0.697619 , 17.6341 , 0
0.697177 , 17.6598 , 0
0.696736 , 17.6856 , 0
0.696294 , 17.7113 , 0
0.695852 , 17.7371 , 0
0.69541 , 17.7628 , 0
0.694968 , 17.7885 , 0
0.694526 , 17.8143 , 0
0.694084 , 17.84 , 0
0.693643 , 17.8658 , 0
0.693201 , 17.8915 , 0
0.692759 , 17.9173 , 0
0.692317 , 17.943 , 0
0.691875 , 17.9687 , 0
0.691433 , 17.9945 , 0
0.690991 , 18.0202 , 0
0.69055 , 18.046 , 0
0.690108 , 18.0717 , 0
0.689666 , 18.0975 , 0
0.689224 , 18.1232 , 0
0.688782 , 18.1489 , 0
0.68834 , 18.1747 , 0
0.687898 , 18.2004 , 0
0.687457 , 18.2262 , 0
0.687015 , 18.2519 , 0
0.686573 , 18.2777 , 0
0.686131 , 18.3034 , 0
0.685689 , 18.3291 , 0
0.685247 , 18.3549 , 0
0.684805 , 18.3806 , 0
0.684363 , 18.4064 , 0
0.683922 , 18.4321 , 0
0.68348 , 18.4579 , 0
0.683038 , 18.4836 , 0
0.682596 , 18.5094 , 0
0.682154 , 18.5351 , 0
0.681712 , 18.5608 , 0
0.68127 , 18.5866 , 0
0.680829 , 18.6123 , 0
0.680387 , 18.6381 , 0
0.679945 , 18.6638 , 0
0.679503 , 18.6896 , 0
0.679061 , 18.7153 , 0
0.678619 , 18.741 , 0
0.678177 , 18.7668 , 0
0.677736 , 18.7925 , 0
0.677294 , 18.8183 , 0
0.676852 , 18.844 , 0
0.67641 , 18.8698 , 0
0.675968 , 18.8955 , 0
0.675526 , 18.9212 , 0
0.675084 , 18.947 , 0
0.674643 , 18.9727 , 0
0.674201 , 18.9985 , 0
0.673759 , 19.0242 , 0
0.673317 , 19.05 , 0
0.672875 , 19.0757 , 0
0.672433 , 19.1014 , 0
0.671991 , 19.1272 , 0
0.67155 , 19.1529 , 0
0.671108 , 19.1787 , 0
0.670666 , 19.2044 , 0
0.670224 , 19.2302 , 0
0.669782 , 19.2559 , 0
0.66934 , 19.2816 , 0
0.668898 , 19.3074 , 0
0.668456 , 19.3331 , 0
0.668015 , 19.3589 , 0
0.667573 , 19.3846 , 0
0.667131 , 19.4104 , 0
0.666689 , 19.4361 , 0
0.666247 , 19.4618 , 0
0.665805 , 19.4876 , 0
0.665363 , 19.5133 , 0
0.664922 , 19.5391 , 0
0.66448 , 19.5648 , 0
0.664038 , 19.5906 , 0
0.663596 , 19.6163 , 0
0.663154 , 19.642 , 0
0.662712 , 19.6678 , 0
0.66227 , 19.6935 , 0
0.661829 , 19.7193 , 0
0.661387 , 19.745 , 0
0.660945 , 19.7708 , 0
0.660503 , 19.7965 , 0
0.660061 , 19.8223 , 0
0.659619 , 19.848 , 0
0.659177 , 19.8737 , 0
0.658736 , 19.8995 , 0
0.658294 , 19.9252 , 0
0.657852 , 19.951 , 0
0.65741 , 19.9767 , 0
0.656968 , 20.0025 , 0
0.656526 , 20.0282 , 0
0.656084 , 20.0539 , 0
0.655642 , 20.0797 , 0
0.655201 , 20.1054 , 0
0.654759 , 20.1312 , 0
0.654317 , 20.1569 , 0
0.653875 , 20.1827 , 0
0.653433 , 20.2084 , 0
0.652991 , 20.2341 , 0
0.652549 , 20.2599 , 0
0.652108 , 20.2856 , 0
0.651666 , 20.3114 , 0
0.651224 , 20.3371 , 0
0.650782 , 20.3629 , 0
0.65034 , 20.3886 , 0
0.649898 , 20.4143 , 0
0.649456 , 20.4401 , 0
0.649015 , 20.4658 , 0
0.648573 , 20.4916 , 0
0.648131 , 20.5173 , 0
0.647689 , 20.5431 , 0
0.647247 , 20.5688 , 0
0.646805 , 20.5945 , 0
0.646363 , 20.6203 , 0
0.645922 , 20.646 , 0
0.64548 , 20.6718 , 0
0.645038 , 20.6975 , 0
0.644596 , 20.7233 , 0
0.644154 , 20.749 , 0
0.643712 , 20.7747 , 0
0.64327 , 20.8005 , 0
0.642829 , 20.8262 , 0
0.642387 , 20.852 , 0
0.641945 , 20.8777 , 0
0.641503 , 20.9035 , 0
0.641061 , 20.9292 , 0
0.640619 , 20.955 , 0
0.640177 , 20.9807 , 0
0.639735 , 21.0064 , 0
0.639294 , 21.0322 , 0
0.638852 , 21.0579 , 0
0.63841 , 21.0837 , 0
0.637968 , 21.1094 , 0
0.637526 , 21.1352 , 0
0.637084 , 21.1609 , 0
0.636642 , 21.1866 , 0
0.636201 , 21.2124 , 0
0.635759 , 21.2381 , 0
0.635317 , 21.2639 , 0
0.634875 , 21.2896 , 0
0.634433 , 21.3154 , 0
0.633991 , 21.3411 , 0
0.633549 , 21.3668 , 0
0.633108 , 21.3926 , 0
0.632666 , 21.4183 , 0
0.632224 , 21.4441 , 0
0.631782 , 21.4698 , 0
0.63134 , 21.4956 , 0
0.630898 , 21.5213 , 0
0.630456 , 21.547 , 0
0.630015 , 21.5728 , 0
0.629573 , 21.5985 , 0
0.629131 , 21.6243 , 0
0.628689 , 21.65 , 0
0.628247 , 21.6758 , 0
0.627805 , 21.7015 , 0
0.627363 , 21.7272 , 0
0.626921 , 21.753 , 0
0.62648 , 21.7787 , 0
0.626038 , 21.8045 , 0
0.625596 , 21.8302 , 0
0.625154 , 21.856 , 0
0.624712 , 21.8817 , 0
0.62427 , 21.9074 , 0
0.623828 , 21.9332 , 0
0.623387 , 21.9589 , 0
0.622945 , 21.9847 , 0
0.622503 , 22.0104 , 0
0.622061 , 22.0362 , 0
0.621619 , 22.0619 , 0
0.621177 , 22.0877 , 0
0.620735 , 22.1134 , 0
0.620294 , 22.1391 , 0
0.619852 , 22.1649 , 0
0.61941 , 22.1906 , 0
0.618968 , 22.2164 , 0
0.618526 , 22.2421 , 0
0.618084 , 22.2679 , 0
0.617642 , 22.2936 , 0
0.617201 , 22.3193 , 0
0.616759 , 22.3451 , 0
0.616317 , 22.3708 , 0
0.615875 , 22.3966 , 0
0.615433 , 22.4223 , 0
0.614991 , 22.4481 , 0
0.614549 , 22.4738 , 0
0.614108 , 22.4995 , 0
0.613666 , 22.5253 , 0
0.613224 , 22.551 , 0
0.612782 , 22.5768 , 0
0.61234 , 22.6025 , 0
0.611898 , 22.6283 , 0
0.611456 , 22.654 , 0
0.611014 , 22.6797 , 0
0.610573 , 22.7055 , 0
0.610131 , 22.7312 , 0
0.609689 , 22.757 , 0
0.609247 , 22.7827 , 0
0.608805 , 22.8085 , 0
0.608363 , 22.8342 , 0
0.607921 , 22.8599 , 0
0.60748 , 22.8857 , 0
0.607038 , 22.9114 , 0
0.606596 , 22.9372 , 0
0.606154 , 22.9629 , 0
0.605712 , 22.9887 , 0
0.60527 , 23.0144 , 0
0.604828 , 23.0401 , 0
0.604387 , 23.0659 , 0
0.603945 , 23.0916 , 0
0.603503 , 23.1174 , 0
0.603061 , 23.1431 , 0
0.602619 , 23.1689 , 0
0.602177 , 23.1946 , 0
0.601735 , 23.2204 , 0
0.601294 , 23.2461 , 0
0.600852 , 23.2718 , 0
0.60041 , 23.2976 , 0
0.599968 , 23.3233 , 0
0.599526 , 23.3491 , 0
0.599084 , 23.3748 , 0
0.598642 , 23.4006 , 0
0.5982 , 23.4263 , 0
0.597759 , 23.452 , 0
0.597317 , 23.4778 , 0
0.596875 , 23.5035 , 0
0.596433 , 23.5293 , 0
0.595991 , 23.555 , 0
0.595549 , 23.5808 , 0
0.595107 , 23.6065 , 0
0.594666 , 23.6322 , 0
0.594224 , 23.658 , 0
0.593782 , 23.6837 , 0
0.59334 , 23.7095 , 0
0.592898 , 23.7352 , 0
0.592456 , 23.761 , 0
0.592014 , 23.7867 , 0
0.591573 , 23.8124 , 0
0.591131 , 23.8382 , 0
0.590689 , 23.8639 , 0
0.590247 , 23.8897 , 0
0.589805 , 23.9154 , 0
0.589363 , 23.9412 , 0
0.588921 , 23.9669 , 0
0.58848 , 23.9926 , 0
0.588038 , 24.0184 , 0
0.587596 , 24.0441 , 0
0.587154 , 24.0699 , 0
0.586712 , 24.0956 , 0
0.58627 , 24.1214 , 0
0.585828 , 24.1471 , 0
0.585387 , 24.1728 , 0
0.584945 , 24.1986 , 0
0.584503 , 24.2243 , 0
0.584061 , 24.2501 , 0
0.583619 , 24.2758 , 0
0.583177 , 24.3016 , 0
0.582735 , 24.3273 , 0
0.582293 , 24.3531 , 0
0.581852 , 24.3788 , 0
0.58141 , 24.4045 , 0
0.580968 , 24.4303 , 0
0.580526 , 24.456 , 0
0.580084 , 24.4818 , 0
0.579642 , 24.5075 , 0
0.5792 , 24.5333 , 0
0.578759 , 24.559 , 0
0.578317 , 24.5847 , 0
0.577875 , 24.6105 , 0
0.577433 , 24.6362 , 0
0.576991 , 24.662 , 0
0.576549 , 24.6877 , 0
0.576107 , 24.7135 , 0
0.575666 , 24.7392 , 0
0.575224 , 24.7649 , 0
0.574782 , 24.7907 , 0
0.57434 , 24.8164 , 0
0.573898 , 24.8422 , 0
0.573456 , 24.8679 , 0
0.573014 , 24.8937 , 0
0.572573 , 24.9194 , 0
0.572131 , 24.9451 , 0
0.571689 , 24.9709 , 0
0.571247 , 24.9966 , 0
0.570805 , 25.0224 , 0
0.570363 , 25.0481 , 0
0.569921 , 25.0739 , 0
0.569479 , 25.0996 , 0
0.569038 , 25.1253 , 0
0.568596 , 25.1511 , 0
0.568154 , 25.1768 , 0
0.567712 , 25.2026 , 0
0.56727 , 25.2283 , 0
0.566828 , 25.2541 , 0
0.566386 , 25.2798 , 0
0.565945 , 25.3055 , 0
0.565503 , 25.3313 , 0
0.565061 , 25.357 , 0
0.564619 , 25.3828 , 0
0.564177 , 25.4085 , 0
0.563735 , 25.4343 , 0
0.563293 , 25.46 , 0
0.562852 , 25.4858 , 0
0.56241 , 25.5115 , 0
0.561968 , 25.5372 , 0
0.561526 , 25.563 , 0
0.561084 , 25.5887 , 0
0.560642 , 25.6145 , 0
0.5602 , 25.6402 , 0
0.559759 , 25.666 , 0
0.559317 , 25.6917 , 0
0.558875 , 25.7174 , 0
0.558433 , 25.7432 , 0
0.557991 , 25.7689 , 0
0.557549 , 25.7947 , 0
0.557107 , 25.8204 , 0
0.556666 , 25.8462 , 0
0.556224 , 25.8719 , 0
0.555782 , 25.8976 , 0
0.55534 , 25.9234 , 0
0.554898 , 25.9491 , 0
0.554456 , 25.9749 , 0
0.554014 , 26.0006 , 0
0.553572 , 26.0264 , 0
0.553131 , 26.0521 , 0
0.552689 , 26.0778 , 0
0.552247 , 26.1036 , 0
0.551805 , 26.1293 , 0
0.551363 , 26.1551 , 0
0.550921 , 26.1808 , 0
0.550479 , 26.2066 , 0
0.550038 , 26.2323 , 0
0.549596 , 26.258 , 0
0.549154 , 26.2838 , 0
0.548712 , 26.3095 , 0
0.54827 , 26.3353 , 0
0.547828 , 26.361 , 0
0.547386 , 26.3868 , 0
0.546945 , 26.4125 , 0
0.546503 , 26.4382 , 0
0.546061 , 26.464 , 0
0.545619 , 26.4897 , 0
0.545177 , 26.5155 , 0
0.544735 , 26.5412 , 0
0.544293 , 26.567 , 0
0.543852 , 26.5927 , 0
0.54341 , 26.6185 , 0
0.542968 , 26.6442 , 0
0.542526 , 26.6699 , 0
0.542084 , 26.6957 , 0
0.541642 , 26.7214 , 0
0.5412 , 26.7472 , 0
0.540758 , 26.7729 , 0
0.540317 , 26.7987 , 0
0.539875 , 26.8244 , 0
0.539433 , 26.8501 , 0
0.538991 , 26.8759 , 0
0.538549 , 26.9016 , 0
0.538107 , 26.9274 , 0
0.537665 , 26.9531 , 0
0.537224 , 26.9789 , 0
0.536782 , 27.0046 , 0
0.53634 , 27.0303 , 0
0.535898 , 27.0561 , 0
0.535456 , 27.0818 , 0
0.535014 , 27.1076 , 0
0.534572 , 27.1333 , 0
0.534131 , 27.1591 , 0
0.533689 , 27.1848 , 0
0.533247 , 27.2105 , 0
0.532805 , 27.2363 , 0
0.532363 , 27.262 , 0
0.531921 , 27.2878 , 0
0.531479 , 27.3135 , 0
0.531038 , 27.3393 , 0
0.530596 , 27.365 , 0
0.530154 , 27.3907 , 0
0.529712 , 27.4165 , 0
0.52927 , 27.4422 , 0
0.528828 , 27.468 , 0
0.528386 , 27.4937 , 0
0.527945 , 27.5195 , 0
0.527503 , 27.5452 , 0
0.527061 , 27.5709 , 0
0.526619 , 27.5967 , 0
0.526177 , 27.6224 , 0
0.525735 , 27.6482 , 0
0.525293 , 27.6739 , 0
0.524851 , 27.6997 , 0
0.52441 , 27.7254 , 0
0.523968 , 27.7511 , 0
0.523526 , 27.7769 , 0
0.523084 , 27.8026 , 0
0.522642 , 27.8284 , 0
0.5222 , 27.8541 , 0
0.521758 , 27.8799 , 0
0.521317 , 27.9056 , 0
0.520875 , 27.9314 , 0
0.520433 , 27.9571 , 0
0.519991 , 27.9828 , 0
0.519549 , 28.0086 , 0
0.519107 , 28.0343 , 0
0.518665 , 28.0601 , 0
0.518224 , 28.0858 , 0
0.517782 , 28.1116 , 0
0.51734 , 28.1373 , 0
0.516898 , 28.163 , 0
0.516456 , 28.1888 , 0
0.516014 , 28.2145 , 0
0.515572 , 28.2403 , 0
0.515131 , 28.266 , 0
0.514689 , 28.2918 , 0
0.514247 , 28.3175 , 0
0.513805 , 28.3432 , 0
0.513363 , 28.369 , 0
0.512921 , 28.3947 , 0
0.512479 , 28.4205 , 0
0.512037 , 28.4462 , 0
0.511596 , 28.472 , 0
0.511154 , 28.4977 , 0
0.510712 , 28.5234 , 0
0.51027 , 28.5492 , 0
0.509828 , 28.5749 , 0
0.509386 , 28.6007 , 0
0.508944 , 28.6264 , 0
0.508503 , 28.6522 , 0
0.508061 , 28.6779 , 0
0.507619 , 28.7036 , 0
0.507177 , 28.7294 , 0
0.506735 , 28.7551 , 0
0.506293 , 28.7809 , 0
0.505851 , 28.8066 , 0
0.50541 , 28.8324 , 0
0.504968 , 28.8581 , 0
0.504526 , 28.8838 , 0
0.504084 , 28.9096 , 0
0.503642 , 28.9353 , 0
0.5032 , 28.9611 , 0
0.502758 , 28.9868 , 0
0.502317 , 29.0126 , 0
0.501875 , 29.0383 , 0
0.501433 , 29.0641 , 0
0.500991 , 29.0898 , 0
0.500549 , 29.1155 , 0
0.500107 , 29.1413 , 0
0.499665 , 29.167 , 0
0.499224 , 29.1928 , 0
0.498782 , 29.2185 , 0
0.49834 , 29.2443 , 0
0.497898 , 29.27 , 0
0.497456 , 29.2957 , 0
0.497014 , 29.3215 , 0
0.496572 , 29.3472 , 0
0.49613 , 29.373 , 0
0.495689 , 29.3987 , 0
0.495247 , 29.4245 , 0
0.494805 , 29.4502 , 0
0.494363 , 29.4759 , 0
0.493921 , 29.5017 , 0
0.493479 , 29.5274 , 0
0.493037 , 29.5532 , 0
0.492596 , 29.5789 , 0
0.492154 , 29.6047 , 0
0.491712 , 29.6304 , 0
0.49127 , 29.6561 , 0
0.490828 , 29.6819 , 0
0.490386 , 29.7076 , 0
0.489944 , 29.7334 , 0
0.489503 , 29.7591 , 0
0.489061 , 29.7849 , 0
0.488619 , 29.8106 , 0
0.488177 , 29.8363 , 0
0.487735 , 29.8621 , 0
0.487293 , 29.8878 , 0
0.486851 , 29.9136 , 0
0.48641 , 29.9393 , 0
0.485968 , 29.9651 , 0
0.485526 , 29.9908 , 0
0.485084 , 30.0165 , 0
0.484642 , 30.0423 , 0
0.4842 , 30.068 , 0
0.483758 , 30.0938 , 0
0.483316 , 30.1195 , 0
0.482875 , 30.1453 , 0
0.482433 , 30.171 , 0
0.481991 , 30.1968 , 0
0.481549 , 30.2225 , 0
0.481107 , 30.2482 , 0
0.480665 , 30.274 , 0
0.480223 , 30.2997 , 0
0.479782 , 30.3255 , 0
0.47934 , 30.3512 , 0
0.478898 , 30.377 , 0
0.478456 , 30.4027 , 0
0.478014 , 30.4284 , 0
0.477572 , 30.4542 , 0
0.47713 , 30.4799 , 0
0.476689 , 30.5057 , 0
0.476247 , 30.5314 , 0
0.475805 , 30.5572 , 0
0.475363 , 30.5829 , 0
0.474921 , 30.6086 , 0
0.474479 , 30.6344 , 0
0.474037 , 30.6601 , 0
0.473596 , 30.6859 , 0
0.473154 , 30.7116 , 0
0.472712 , 30.7374 , 0
0.47227 , 30.7631 , 0
0.471828 , 30.7888 , 0
0.471386 , 30.8146 , 0
0.470944 , 30.8403 , 0
0.470503 , 30.8661 , 0
0.470061 , 30.8918 , 0
0.469619 , 30.9176 , 0
0.469177 , 30.9433 , 0
0.468735 , 30.969 , 0
0.468293 , 30.9948 , 0
0.467851 , 31.0205 , 0
0.467409 , 31.0463 , 0
0.466968 , 31.072 , 0
0.466526 , 31.0978 , 0
0.466084 , 31.1235 , 0
0.465642 , 31.1492 , 0
0.4652 , 31.175 , 0
0.464758 , 31.2007 , 0
0.464316 , 31.2265 , 0
0.463875 , 31.2522 , 0
0.463433 , 31.278 , 0
0.462991 , 31.3037 , 0
0.462549 , 31.3295 , 0
0.462107 , 31.3552 , 0
0.461665 , 31.3809 , 0
0.461223 , 31.4067 , 0
0.460782 , 31.4324 , 0
0.46034 , 31.4582 , 0
0.459898 , 31.4839 , 0
0.459456 , 31.5097 , 0
0.459014 , 31.5354 , 0
0.458572 , 31.5611 , 0
0.45813 , 31.5869 , 0
0.457689 , 31.6126 , 0
0.457247 , 31.6384 , 0
0.456805 , 31.6641 , 0
0.456363 , 31.6899 , 0
0.455921 , 31.7156 , 0
0.455479 , 31.7413 , 0
0.455037 , 31.7671 , 0
0.454595 , 31.7928 , 0
0.454154 , 31.8186 , 0
0.453712 , 31.8443 , 0
0.45327 , 31.8701 , 0
0.452828 , 31.8958 , 0
0.452386 , 31.9215 , 0
0.451944 , 31.9473 , 0
0.451502 , 31.973 , 0
0.451061 , 31.9988 , 0
0.450619 , 32.0245 , 0
0.450177 , 32.0503 , 0
0.449735 , 32.076 , 0
0.449293 , 32.1017 , 0
0.448851 , 32.1275 , 0
0.448409 , 32.1532 , 0
0.447968 , 32.179 , 0
0.447526 , 32.2047 , 0
0.447084 , 32.2305 , 0
0.446642 , 32.2562 , 0
0.4462 , 32.2819 , 0
0.445758 , 32.3077 , 0
0.445316 , 32.3334 , 0
0.444875 , 32.3592 , 0
0.444433 , 32.3849 , 0
0.443991 , 32.4107 , 0
0.443549 , 32.4364 , 0
0.443107 , 32.4622 , 0
0.442665 , 32.4879 , 0
0.442223 , 32.5136 , 0
0.441782 , 32.5394 , 0
0.44134 , 32.5651 , 0
0.440898 , 32.5909 , 0
0.440456 , 32.6166 , 0
0.440014 , 32.6424 , 0
0.439572 , 32.6681 , 0
0.43913 , 32.6938 , 0
0.438688 , 32.7196 , 0
0.438247 , 32.7453 , 0
0.437805 , 32.7711 , 0
0.437363 , 32.7968 , 0
0.436921 , 32.8226 , 0
0.436479 , 32.8483 , 0
0.436037 , 32.874 , 0
0.435595 , 32.8998 , 0
0.435154 , 32.9255 , 0
0.434712 , 32.9513 , 0
0.43427 , 32.977 , 0
0.433828 , 33.0028 , 0
0.433386 , 33.0285 , 0
0.432944 , 33.0542 , 0
0.432502 , 33.08 , 0
0.432061 , 33.1057 , 0
0.431619 , 33.1315 , 0
0.431177 , 33.1572 , 0
0.430735 , 33.183 , 0
0.430293 , 33.2087 , 0
0.429851 , 33.2344 , 0
0.429409 , 33.2602 , 0
0.428968 , 33.2859 , 0
0.428526 , 33.3117 , 0
0.428084 , 33.3374 , 0
0.427642 , 33.3632 , 0
0.4272 , 33.3889 , 0
0.426758 , 33.4146 , 0
0.426316 , 33.4404 , 0
0.425874 , 33.4661 , 0
0.425433 , 33.4919 , 0
0.424991 , 33.5176 , 0
0.424549 , 33.5434 , 0
0.424107 , 33.5691 , 0
0.423665 , 33.5949 , 0
0.423223 , 33.6206 , 0
0.422781 , 33.6463 , 0
0.42234 , 33.6721 , 0
0.421898 , 33.6978 , 0
0.421456 , 33.7236 , 0
0.421014 , 33.7493 , 0
0.420572 , 33.7751 , 0
0.42013 , 33.8008 , 0
0.419688 , 33.8265 , 0
0.419247 , 33.8523 , 0
0.418805 , 33.878 , 0
0.418363 , 33.9038 , 0
0.417921 , 33.9295 , 0
0.417479 , 33.9553 , 0
0.417037 , 33.981 , 0
0.416595 , 34.0067 , 0
0.416154 , 34.0325 , 0
0.415712 , 34.0582 , 0
0.41527 , 34.084 , 0
0.414828 , 34.1097 , 0
0.414386 , 34.1355 , 0
0.413944 , 34.1612 , 0
0.413502 , 34.1869 , 0
0.413061 , 34.2127 , 0
0.412619 , 34.2384 , 0
0.412177 , 34.2642 , 0
0.411735 , 34.2899 , 0
0.411293 , 34.3157 , 0
0.410851 , 34.3414 , 0
0.410409 , 34.3671 , 0
0.409967 , 34.3929 , 0
0.409526 , 34.4186 , 0
0.409084 , 34.4444 , 0
0.408642 , 34.4701 , 0
0.4082 , 34.4959 , 0
0.407758 , 34.5216 , 0
0.407316 , 34.5473 , 0
0.406874 , 34.5731 , 0
0.406433 , 34.5988 , 0
0.405991 , 34.6246 , 0
0.405549 , 34.6503 , 0
0.405107 , 34.6761 , 0
0.404665 , 34.7018 , 0
0.404223 , 34.7276 , 0
0.403781 , 34.7533 , 0
0.40334 , 34.779 , 0
0.402898 , 34.8048 , 0
0.402456 , 34.8305 , 0
0.402014 , 34.8563 , 0
0.401572 , 34.882 , 0
0.40113 , 34.9078 , 0
0.400688 , 34.9335 , 0
0.400247 , 34.9592 , 0
0.399805 , 34.985 , 0
0.399363 , 35.0107 , 0
0.398921 , 35.0365 , 0
0.398479 , 35.0622 , 0
0.398037 , 35.088 , 0
0.397595 , 35.1137 , 0
0.397153 , 35.1394 , 0
0.396712 , 35.1652 , 0
0.39627 , 35.1909 , 0
0.395828 , 35.2167 , 0
0.395386 , 35.2424 , 0
0.394944 , 35.2682 , 0
0.394502 , 35.2939 , 0
0.39406 , 35.3196 , 0
0.393619 , 35.3454 , 0
0.393177 , 35.3711 , 0
0.392735 , 35.3969 , 0
0.392293 , 35.4226 , 0
0.391851 , 35.4484 , 0
0.391409 , 35.4741 , 0
0.390967 , 35.4998 , 0
0.390526 , 35.5256 , 0
0.390084 , 35.5513 , 0
0.389642 , 35.5771 , 0
0.3892 , 35.6028 , 0
0.388758 , 35.6286 , 0
0.388316 , 35.6543 , 0
0.387874 , 35.68 , 0
0.387433 , 35.7058 , 0
0.386991 , 35.7315 , 0
0.386549 , 35.7573 , 0
0.386107 , 35.783 , 0
0.385665 , 35.8088 , 0
0.385223 , 35.8345 , 0
0.384781 , 35.8602 , 0
0.38434 , 35.886 , 0
0.383898 , 35.9117 , 0
0.383456 , 35.9375 , 0
0.383014 , 35.9632 , 0
0.382572 , 35.989 , 0
0.38213 , 36.0147 , 0
0.381688 , 36.0405 , 0
0.381246 , 36.0662 , 0
0.380805 , 36.0919 , 0
0.380363 , 36.1177 , 0
0.379921 , 36.1434 , 0
0.379479 , 36.1692 , 0
0.379037 , 36.1949 , 0
0.378595 , 36.2207 , 0
0.378153 , 36.2464 , 0
0.377712 , 36.2721 , 0
0.37727 , 36.2979 , 0
0.376828 , 36.3236 , 0
0.376386 , 36.3494 , 0
0.375944 , 36.3751 , 0
0.375502 , 36.4009 , 0
0.37506 , 36.4266 , 0
0.374619 , 36.4523 , 0
0.374177 , 36.4781 , 0
0.373735 , 36.5038 , 0
0.373293 , 36.5296 , 0
0.372851 , 36.5553 , 0
0.372409 , 36.5811 , 0
0.371967 , 36.6068 , 0
0.371526 , 36.6325 , 0
0.371084 , 36.6583 , 0
0.370642 , 36.684 , 0
0.3702 , 36.7098 , 0
0.369758 , 36.7355 , 0
0.369316 , 36.7613 , 0
0.368874 , 36.787 , 0
0.368432 , 36.8127 , 0
0.367991 , 36.8385 , 0
0.367549 , 36.8642 , 0
0.367107 , 36.89 , 0
0.366665 , 36.9157 , 0
0.366223 , 36.9415 , 0
0.365781 , 36.9672 , 0
0.365339 , 36.9929 , 0
0.364898 , 37.0187 , 0
0.364456 , 37.0444 , 0
0.364014 , 37.0702 , 0
0.363572 , 37.0959 , 0
0.36313 , 37.1217 , 0
0.362688 , 37.1474 , 0
0.362246 , 37.1732 , 0
0.361805 , 37.1989 , 0
0.361363 , 37.2246 , 0
0.360921 , 37.2504 , 0
0.360479 , 37.2761 , 0
0.360037 , 37.3019 , 0
0.359595 , 37.3276 , 0
0.359153 , 37.3534 , 0
0.358712 , 37.3791 , 0
0.35827 , 37.4048 , 0
0.357828 , 37.4306 , 0
0.357386 , 37.4563 , 0
0.356944 , 37.4821 , 0
0.356502 , 37.5078 , 0
0.35606 , 37.5336 , 0
0.355619 , 37.5593 , 0
0.355177 , 37.585 , 0
0.354735 , 37.6108 , 0
0.354293 , 37.6365 , 0
0.353851 , 37.6623 , 0
0.353409 , 37.688 , 0
0.352967 , 37.7138 , 0
0.352525 , 37.7395 , 0
0.352084 , 37.7652 , 0
0.351642 , 37.791 , 0
0.3512 , 37.8167 , 0
0.350758 , 37.8425 , 0
0.350316 , 37.8682 , 0
0.349874 , 37.894 , 0
0.349432 , 37.9197 , 0
0.348991 , 37.9454 , 0
0.348549 , 37.9712 , 0
0.348107 , 37.9969 , 0
0.347665 , 38.0227 , 0
0.347223 , 38.0484 , 0
0.346781 , 38.0742 , 0
0.346339 , 38.0999 , 0
0.345898 , 38.1256 , 0
0.345456 , 38.1514 , 0
0.345014 , 38.1771 , 0
0.344572 , 38.2029 , 0
0.34413 , 38.2286 , 0
0.343688 , 38.2544 , 0
0.343246 , 38.2801 , 0
0.342805 , 38.3059 , 0
0.342363 , 38.3316 , 0
0.341921 , 38.3573 , 0
0.341479 , 38.3831 , 0
0.341037 , 38.4088 , 0
0.340595 , 38.4346 , 0
0.340153 , 38.4603 , 0
0.339711 , 38.4861 , 0
0.33927 , 38.5118 , 0
0.338828 , 38.5375 , 0
0.338386 , 38.5633 , 0
0.337944 , 38.589 , 0
0.337502 , 38.6148 , 0
0.33706 , 38.6405 , 0
0.336618 , 38.6663 , 0
0.336177 , 38.692 , 0
0.335735 , 38.7177 , 0
0.335293 , 38.7435 , 0
0.334851 , 38.7692 , 0
0.334409 , 38.795 , 0
0.333967 , 38.8207 , 0
0.333525 , 38.8465 , 0
0.333084 , 38.8722 , 0
0.332642 , 38.8979 , 0
0.3322 , 38.9237 , 0
0.331758 , 38.9494 , 0
0.331316 , 38.9752 , 0
0.330874 , 39.0009 , 0
0.330432 , 39.0267 , 0
0.329991 , 39.0524 , 0
0.329549 , 39.0781 , 0
0.329107 , 39.1039 , 0
0.328665 , 39.1296 , 0
0.328223 , 39.1554 , 0
0.327781 , 39.1811 , 0
0.327339 , 39.2069 , 0
0.326898 , 39.2326 , 0
0.326456 , 39.2583 , 0
0.326014 , 39.2841 , 0
0.325572 , 39.3098 , 0
0.32513 , 39.3356 , 0
0.324688 , 39.3613 , 0
0.324246 , 39.3871 , 0
0.323804 , 39.4128 , 0
0.323363 , 39.4386 , 0
0.322921 , 39.4643 , 0
0.322479 , 39.49 , 0
0.322037 , 39.5158 , 0
0.321595 , 39.5415 , 0
0.321153 , 39.5673 , 0
0.320711 , 39.593 , 0
0.32027 , 39.6188 , 0
0.319828 , 39.6445 , 0
0.319386 , 39.6702 , 0
0.318944 , 39.696 , 0
0.318502 , 39.7217 , 0
0.31806 , 39.7475 , 0
0.317618 , 39.7732 , 0
0.317177 , 39.799 , 0
0.316735 , 39.8247 , 0
0.316293 , 39.8504 , 0
0.315851 , 39.8762 , 0
0.315409 , 39.9019 , 0
0.314967 , 39.9277 , 0
0.314525 , 39.9534 , 0
0.314084 , 39.9792 , 0
0.313642 , 40.0049 , 0
0.3132 , 40.0306 , 0
0.312758 , 40.0564 , 0
0.312316 , 40.0821 , 0
0.311874 , 40.1079 , 0
0.311432 , 40.1336 , 0
0.31099 , 40.1594 , 0
0.310549 , 40.1851 , 0
0.310107 , 40.2108 , 0
0.309665 , 40.2366 , 0
0.309223 , 40.2623 , 0
0.308781 , 40.2881 , 0
0.308339 , 40.3138 , 0
0.307897 , 40.3396 , 0
0.307456 , 40.3653 , 0
0.307014 , 40.391 , 0
0.306572 , 40.4168 , 0
0.30613 , 40.4425 , 0
0.305688 , 40.4683 , 0
0.305246 , 40.494 , 0
0.304804 , 40.5198 , 0
0.304363 , 40.5455 , 0
0.303921 , 40.5713 , 0
0.303479 , 40.597 , 0
0.303037 , 40.6227 , 0
0.302595 , 40.6485 , 0
0.302153 , 40.6742 , 0
0.301711 , 40.7 , 0
0.30127 , 40.7257 , 0
0.300828 , 40.7515 , 0
0.300386 , 40.7772 , 0
0.299944 , 40.8029 , 0
0.299502 , 40.8287 , 0
0.29906 , 40.8544 , 0
0.298618 , 40.8802 , 0
0.298177 , 40.9059 , 0
0.297735 , 40.9317 , 0
0.297293 , 40.9574 , 0
0.296851 , 40.9831 , 0
0.296409 , 41.0089 , 0
0.295967 , 41.0346 , 0
0.295525 , 41.0604 , 0
0.295083 , 41.0861 , 0
0.294642 , 41.1119 , 0
0.2942 , 41.1376 , 0
0.293758 , 41.1633 , 0
0.293316 , 41.1891 , 0
0.292874 , 41.2148 , 0
0.292432 , 41.2406 , 0
0.29199 , 41.2663 , 0
0.291549 , 41.2921 , 0
0.291107 , 41.3178 , 0
0.290665 , 41.3435 , 0
0.290223 , 41.3693 , 0
0.289781 , 41.395 , 0
0.289339 , 41.4208 , 0
0.288897 , 41.4465 , 0
0.288456 , 41.4723 , 0
0.288014 , 41.498 , 0
0.287572 , 41.5237 , 0
0.28713 , 41.5495 , 0
0.286688 , 41.5752 , 0
0.286246 , 41.601 , 0
0.285804 , 41.6267 , 0
0.285363 , 41.6525 , 0
0.284921 , 41.6782 , 0
0.284479 , 41.704 , 0
0.284037 , 41.7297 , 0
0.283595 , 41.7554 , 0
0.283153 , 41.7812 , 0
0.282711 , 41.8069 , 0
0.282269 , 41.8327 , 0
0.281828 , 41.8584 , 0
0.281386 , 41.8842 , 0
0.280944 , 41.9099 , 0
0.280502 , 41.9356 , 0
0.28006 , 41.9614 , 0
0.279618 , 41.9871 , 0
0.279176 , 42.0129 , 0
0.278735 , 42.0386 , 0
0.278293 , 42.0644 , 0
0.277851 , 42.0901 , 0
0.277409 , 42.1158 , 0
0.276967 , 42.1416 , 0
0.276525 , 42.1673 , 0
0.276083 , 42.1931 , 0
0.275642 , 42.2188 , 0
0.2752 , 42.2446 , 0
0.274758 , 42.2703 , 0
0.274316 , 42.296 , 0
0.273874 , 42.3218 , 0
0.273432 , 42.3475 , 0
0.27299 , 42.3733 , 0
0.272549 , 42.399 , 0
0.272107 , 42.4248 , 0
0.271665 , 42.4505 , 0
0.271223 , 42.4762 , 0
0.270781 , 42.502 , 0
0.270339 , 42.5277 , 0
0.269897 , 42.5535 , 0
0.269456 , 42.5792 , 0
0.269014 , 42.605 , 0
0.268572 , 42.6307 , 0
0.26813 , 42.6564 , 0
0.267688 , 42.6822 , 0
0.267246 , 42.7079 , 0
0.266804 , 42.7337 , 0
0.266362 , 42.7594 , 0
0.265921 , 42.7852 , 0
0.265479 , 42.8109 , 0
0.265037 , 42.8367 , 0
0.264595 , 42.8624 , 0
0.264153 , 42.8881 , 0
0.263711 , 42.9139 , 0
0.263269 , 42.9396 , 0
0.262828 , 42.9654 , 0
0.262386 , 42.9911 , 0
0.261944 , 43.0169 , 0
0.261502 , 43.0426 , 0
0.26106 , 43.0683 , 0
0.260618 , 43.0941 , 0
0.260176 , 43.1198 , 0
0.259735 , 43.1456 , 0
0.259293 , 43.1713 , 0
0.258851 , 43.1971 , 0
0.258409 , 43.2228 , 0
0.257967 , 43.2485 , 0
0.257525 , 43.2743 , 0
0.257083 , 43.3 , 0
0.256642 , 43.3258 , 0
0.2562 , 43.3515 , 0
0.255758 , 43.3773 , 0
0.255316 , 43.403 , 0
0.254874 , 43.4287 , 0
0.254432 , 43.4545 , 0
0.25399 , 43.4802 , 0
0.253548 , 43.506 , 0
0.253107 , 43.5317 , 0
0.252665 , 43.5575 , 0
0.252223 , 43.5832 , 0
0.251781 , 43.6089 , 0
0.251339 , 43.6347 , 0
0.250897 , 43.6604 , 0
0.250455 , 43.6862 , 0
0.250014 , 43.7119 , 0
0.249572 , 43.7377 , 0
0.24913 , 43.7634 , 0
0.248688 , 43.7891 , 0
0.248246 , 43.8149 , 0
0.247804 , 43.8406 , 0
0.247362 , 43.8664 , 0
0.246921 , 43.8921 , 0
0.246479 , 43.9179 , 0
0.246037 , 43.9436 , 0
0.245595 , 43.9693 , 0
0.245153 , 43.9951 , 0
0.244711 , 44.0208 , 0
0.244269 , 44.0466 , 0
0.243828 , 44.0723 , 0
0.243386 , 44.0981 , 0
0.242944 , 44.1238 , 0
0.242502 , 44.1496 , 0
0.24206 , 44.1753 , 0
0.241618 , 44.201 , 0
0.241176 , 44.2268 , 0
0.240735 , 44.2525 , 0
0.240293 , 44.2783 , 0
0.239851 , 44.304 , 0
0.239409 , 44.3298 , 0
0.238967 , 44.3555 , 0
0.238525 , 44.3812 , 0
0.238083 , 44.407 , 0
0.237641 , 44.4327 , 0
0.2372 , 44.4585 , 0
0.236758 , 44.4842 , 0
0.236316 , 44.51 , 0
0.235874 , 44.5357 , 0
0.235432 , 44.5614 , 0
0.23499 , 44.5872 , 0
0.234548 , 44.6129 , 0
0.234107 , 44.6387 , 0
0.233665 , 44.6644 , 0
0.233223 , 44.6902 , 0
0.232781 , 44.7159 , 0
0.232339 , 44.7416 , 0
0.231897 , 44.7674 , 0
0.231455 , 44.7931 , 0
0.231014 , 44.8189 , 0
0.230572 , 44.8446 , 0
0.23013 , 44.8704 , 0
0.229688 , 44.8961 , 0
0.229246 , 44.9218 , 0
0.228804 , 44.9476 , 0
0.228362 , 44.9733 , 0
0.227921 , 44.9991 , 0
0.227479 , 45.0248 , 0
0.227037 , 45.0506 , 0
0.226595 , 45.0763 , 0
0.226153 , 45.102 , 0
0.225711 , 45.1278 , 0
0.225269 , 45.1535 , 0
0.224827 , 45.1793 , 0
0.224386 , 45.205 , 0
0.223944 , 45.2308 , 0
0.223502 , 45.2565 , 0
0.22306 , 45.2823 , 0
0.222618 , 45.308 , 0
0.222176 , 45.3337 , 0
0.221734 , 45.3595 , 0
0.221293 , 45.3852 , 0
0.220851 , 45.411 , 0
0.220409 , 45.4367 , 0
0.219967 , 45.4625 , 0
0.219525 , 45.4882 , 0
0.219083 , 45.5139 , 0
0.218641 , 45.5397 , 0
0.2182 , 45.5654 , 0
0.217758 , 45.5912 , 0
0.217316 , 45.6169 , 0
0.216874 , 45.6427 , 0
0.216432 , 45.6684 , 0
0.21599 , 45.6941 , 0
0.215548 , 45.7199 , 0
0.215107 , 45.7456 , 0
0.214665 , 45.7714 , 0
0.214223 , 45.7971 , 0
0.213781 , 45.8229 , 0
0.213339 , 45.8486 , 0
0.212897 , 45.8743 , 0
0.212455 , 45.9001 , 0
0.212013 , 45.9258 , 0
0.211572 , 45.9516 , 0
0.21113 , 45.9773 , 0
0.210688 , 46.0031 , 0
0.210246 , 46.0288 , 0
0.209804 , 46.0545 , 0
0.209362 , 46.0803 , 0
0.20892 , 46.106 , 0
0.208479 , 46.1318 , 0
0.208037 , 46.1575 , 0
0.207595 , 46.1833 , 0
0.207153 , 46.209 , 0
0.206711 , 46.2347 , 0
0.206269 , 46.2605 , 0
0.205827 , 46.2862 , 0
0.205386 , 46.312 , 0
0.204944 , 46.3377 , 0
0.204502 , 46.3635 , 0
0.20406 , 46.3892 , 0
0.203618 , 46.415 , 0
0.203176 , 46.4407 , 0
0.202734 , 46.4664 , 0
0.202293 , 46.4922 , 0
0.201851 , 46.5179 , 0
0.201409 , 46.5437 , 0
0.200967 , 46.5694 , 0
0.200525 , 46.5952 , 0
0.200083 , 46.6209 , 0
0.199641 , 46.6466 , 0
0.1992 , 46.6724 , 0
0.198758 , 46.6981 , 0
0.198316 , 46.7239 , 0
0.197874 , 46.7496 , 0
0.197432 , 46.7754 , 0
0.19699 , 46.8011 , 0
0.196548 , 46.8268 , 0
0.196106 , 46.8526 , 0
0.195665 , 46.8783 , 0
0.195223 , 46.9041 , 0
0.194781 , 46.9298 , 0
0.194339 , 46.9556 , 0
0.193897 , 46.9813 , 0
0.193455 , 47.007 , 0
0.193013 , 47.0328 , 0
0.192572 , 47.0585 , 0
0.19213 , 47.0843 , 0
0.191688 , 47.11 , 0
0.191246 , 47.1358 , 0
0.190804 , 47.1615 , 0
0.190362 , 47.1872 , 0
0.18992 , 47.213 , 0
0.189479 , 47.2387 , 0
0.189037 , 47.2645 , 0
0.188595 , 47.2902 , 0
0.188153 , 47.316 , 0
0.187711 , 47.3417 , 0
0.187269 , 47.3674 , 0
0.186827 , 47.3932 , 0
0.186386 , 47.4189 , 0
0.185944 , 47.4447 , 0
0.185502 , 47.4704 , 0
0.18506 , 47.4962 , 0
0.184618 , 47.5219 , 0
0.184176 , 47.5477 , 0
0.183734 , 47.5734 , 0
0.183292 , 47.5991 , 0
0.182851 , 47.6249 , 0
0.182409 , 47.6506 , 0
0.181967 , 47.6764 , 0
0.181525 , 47.7021 , 0
0.181083 , 47.7279 , 0
0.180641 , 47.7536 , 0
0.180199 , 47.7793 , 0
0.179758 , 47.8051 , 0
0.179316 , 47.8308 , 0
0.178874 , 47.8566 , 0
0.178432 , 47.8823 , 0
0.17799 , 47.9081 , 0
0.177548 , 47.9338 , 0
0.177106 , 47.9595 , 0
0.176665 , 47.9853 , 0
0.176223 , 48.011 , 0
0.175781 , 48.0368 , 0
0.175339 , 48.0625 , 0
0.174897 , 48.0883 , 0
0.174455 , 48.114 , 0
0.174013 , 48.1397 , 0
0.173572 , 48.1655 , 0
0.17313 , 48.1912 , 0
0.172688 , 48.217 , 0
0.172246 , 48.2427 , 0
0.171804 , 48.2685 , 0
0.171362 , 48.2942 , 0
0.17092 , 48.3199 , 0
0.170479 , 48.3457 , 0
0.170037 , 48.3714 , 0
0.169595 , 48.3972 , 0
0.169153 , 48.4229 , 0
0.168711 , 48.4487 , 0
0.168269 , 48.4744 , 0
0.167827 , 48.5001 , 0
0.167385 , 48.5259 , 0
0.166944 , 48.5516 , 0
0.166502 , 48.5774 , 0
0.16606 , 48.6031 , 0
0.165618 , 48.6289 , 0
0.165176 , 48.6546 , 0
0.164734 , 48.6804 , 0
0.164292 , 48.7061 , 0
0.163851 , 48.7318 , 0
0.163409 , 48.7576 , 0
0.162967 , 48.7833 , 0
0.162525 , 48.8091 , 0
0.162083 , 48.8348 , 0
0.161641 , 48.8606 , 0
0.161199 , 48.8863 , 0
0.160758 , 48.912 , 0
0.160316 , 48.9378 , 0
0.159874 , 48.9635 , 0
0.159432 , 48.9893 , 0
0.15899 , 49.015 , 0
0.158548 , 49.0408 , 0
0.158106 , 49.0665 , 0
0.157665 , 49.0922 , 0
0.157223 , 49.118 , 0
0.156781 , 49.1437 , 0
0.156339 , 49.1695 , 0
0.155897 , 49.1952 , 0
0.155455 , 49.221 , 0
0.155013 , 49.2467 , 0
0.154571 , 49.2724 , 0
0.15413 , 49.2982 , 0
0.153688 , 49.3239 , 0
0.153246 , 49.3497 , 0
0.152804 , 49.3754 , 0
0.152362 , 49.4012 , 0
0.15192 , 49.4269 , 0
0.151478 , 49.4526 , 0
0.151037 , 49.4784 , 0
0.150595 , 49.5041 , 0
0.150153 , 49.5299 , 0
0.149711 , 49.5556 , 0
0.149269 , 49.5814 , 0
0.148827 , 49.6071 , 0
0.148385 , 49.6328 , 0
0.147944 , 49.6586 , 0
0.147502 , 49.6843 , 0
0.14706 , 49.7101 , 0
0.146618 , 49.7358 , 0
0.146176 , 49.7616 , 0
0.145734 , 49.7873 , 0
0.145292 , 49.8131 , 0
0.144851 , 49.8388 , 0
0.144409 , 49.8645 , 0
0.143967 , 49.8903 , 0
0.143525 , 49.916 , 0
0.143083 , 49.9418 , 0
0.142641 , 49.9675 , 0
0.142199 , 49.9933 , 0
0.141758 , 50.019 , 0
0.141316 , 50.0447 , 0
0.140874 , 50.0705 , 0
0.140432 , 50.0962 , 0
0.13999 , 50.122 , 0
0.139548 , 50.1477 , 0
0.139106 , 50.1735 , 0
0.138664 , 50.1992 , 0
0.138223 , 50.2249 , 0
0.137781 , 50.2507 , 0
0.137339 , 50.2764 , 0
0.136897 , 50.3022 , 0
0.136455 , 50.3279 , 0
0.136013 , 50.3537 , 0
0.135571 , 50.3794 , 0
0.13513 , 50.4051 , 0
0.134688 , 50.4309 , 0
0.134246 , 50.4566 , 0
0.133804 , 50.4824 , 0
0.133362 , 50.5081 , 0
0.13292 , 50.5339 , 0
0.132478 , 50.5596 , 0
0.132037 , 50.5853 , 0
0.131595 , 50.6111 , 0
0.131153 , 50.6368 , 0
0.130711 , 50.6626 , 0
0.130269 , 50.6883 , 0
0.129827 , 50.7141 , 0
0.129385 , 50.7398 , 0
0.128944 , 50.7655 , 0
0.128502 , 50.7913 , 0
0.12806 , 50.817 , 0
0.127618 , 50.8428 , 0
0.127176 , 50.8685 , 0
0.126734 , 50.8943 , 0
0.126292 , 50.92 , 0
0.12585 , 50.9458 , 0
0.125409 , 50.9715 , 0
0.124967 , 50.9972 , 0
0.124525 , 51.023 , 0
0.124083 , 51.0487 , 0
0.123641 , 51.0745 , 0
0.123199 , 51.1002 , 0
0.122757 , 51.126 , 0
0.122316 , 51.1517 , 0
0.121874 , 51.1774 , 0
0.121432 , 51.2032 , 0
0.12099 , 51.2289 , 0
0.120548 , 51.2547 , 0
0.120106 , 51.2804 , 0
0.119664 , 51.3062 , 0
0.119223 , 51.3319 , 0
0.118781 , 51.3576 , 0
0.118339 , 51.3834 , 0
0.117897 , 51.4091 , 0
0.117455 , 51.4349 , 0
0.117013 , 51.4606 , 0
0.116571 , 51.4864 , 0
0.11613 , 51.5121 , 0
0.115688 , 51.5378 , 0
0.115246 , 51.5636 , 0
0.114804 , 51.5893 , 0
0.114362 , 51.6151 , 0
0.11392 , 51.6408 , 0
0.113478 , 51.6666 , 0
0.113037 , 51.6923 , 0
0.112595 , 51.718 , 0
0.112153 , 51.7438 , 0
0.111711 , 51.7695 , 0
0.111269 , 51.7953 , 0
0.110827 , 51.821 , 0
0.110385 , 51.8468 , 0
0.109943 , 51.8725 , 0
0.109502 , 51.8982 , 0
0.10906 , 51.924 , 0
0.108618 , 51.9497 , 0
0.108176 , 51.9755 , 0
0.107734 , 52.0012 , 0
0.107292 , 52.027 , 0
0.10685 , 52.0527 , 0
0.106409 , 52.0784 , 0
0.105967 , 52.1042 , 0
0.105525 , 52.1299 , 0
0.105083 , 52.1557 , 0
0.104641 , 52.1814 , 0
0.104199 , 52.2072 , 0
0.103757 , 52.2329 , 0
0.103316 , 52.2587 , 0
0.102874 , 52.2844 , 0
0.102432 , 52.3101 , 0
0.10199 , 52.3359 , 0
0.101548 , 52.3616 , 0
0.101106 , 52.3874 , 0
0.100664 , 52.4131 , 0
0.100223 , 52.4389 , 0
0.0997807 , 52.4646 , 0
0.0993388 , 52.4903 , 0
0.0988969 , 52.5161 , 0
0.0984551 , 52.5418 , 0
0.0980132 , 52.5676 , 0
0.0975714 , 52.5933 , 0
0.0971295 , 52.6191 , 0
0.0966876 , 52.6448 , 0
0.0962458 , 52.6705 , 0
0.0958039 , 52.6963 , 0
0.0953621 , 52.722 , 0
0.0949202 , 52.7478 , 0
0.0944783 , 52.7735 , 0
0.0940365 , 52.7993 , 0
0.0935946 , 52.825 , 0
0.0931527 , 52.8507 , 0
0.0927109 , 52.8765 , 0
0.092269 , 52.9022 , 0
0.0918272 , 52.928 , 0
0.0913853 , 52.9537 , 0
0.0909434 , 52.9795 , 0
0.0905016 , 53.0052 , 0
0.0900597 , 53.0309 , 0
0.0896178 , 53.0567 , 0
0.089176 , 53.0824 , 0
0.0887341 , 53.1082 , 0
0.0882923 , 53.1339 , 0
0.0878504 , 53.1597 , 0
0.0874085 , 53.1854 , 0
0.0869667 , 53.2111 , 0
0.0865248 , 53.2369 , 0
0.086083 , 53.2626 , 0
0.0856411 , 53.2884 , 0
0.0851992 , 53.3141 , 0
0.0847574 , 53.3399 , 0
0.0843155 , 53.3656 , 0
0.0838736 , 53.3914 , 0
0.0834318 , 53.4171 , 0
0.0829899 , 53.4428 , 0
0.0825481 , 53.4686 , 0
0.0821062 , 53.4943 , 0
0.0816643 , 53.5201 , 0
0.0812225 , 53.5458 , 0
0.0807806 , 53.5716 , 0
0.0803388 , 53.5973 , 0
0.0798969 , 53.623 , 0
0.079455 , 53.6488 , 0
0.0790132 , 53.6745 , 0
0.0785713 , 53.7003 , 0
0.0781294 , 53.726 , 0
0.0776876 , 53.7518 , 0
0.0772457 , 53.7775 , 0
0.0768039 , 53.8032 , 0
0.076362 , 53.829 , 0
0.0759201 , 53.8547 , 0
0.0754783 , 53.8805 , 0
0.0750364 , 53.9062 , 0
0.0745946 , 53.932 , 0
0.0741527 , 53.9577 , 0
0.0737108 , 53.9834 , 0
0.073269 , 54.0092 , 0
0.0728271 , 54.0349 , 0
0.0723852 , 54.0607 , 0
0.0719434 , 54.0864 , 0
0.0715015 , 54.1122 , 0
0.0710597 , 54.1379 , 0
0.0706178 , 54.1636 , 0
0.0701759 , 54.1894 , 0
0.0697341 , 54.2151 , 0
0.0692922 , 54.2409 , 0
0.0688504 , 54.2666 , 0
0.0684085 , 54.2924 , 0
0.0679666 , 54.3181 , 0
0.0675248 , 54.3438 , 0
0.0670829 , 54.3696 , 0
0.066641 , 54.3953 , 0
0.0661992 , 54.4211 , 0
0.0657573 , 54.4468 , 0
0.0653155 , 54.4726 , 0
0.0648736 , 54.4983 , 0
0.0644317 , 54.5241 , 0
0.0639899 , 54.5498 , 0
0.063548 , 54.5755 , 0
0.0631062 , 54.6013 , 0
0.0626643 , 54.627 , 0
0.0622224 , 54.6528 , 0
0.0617806 , 54.6785 , 0
0.0613387 , 54.7043 , 0
0.0608968 , 54.73 , 0
0.060455 , 54.7557 , 0
0.0600131 , 54.7815 , 0
0.0595713 , 54.8072 , 0
0.0591294 , 54.833 , 0
0.0586875 , 54.8587 , 0
0.0582457 , 54.8845 , 0
0.0578038 , 54.9102 , 0
0.057362 , 54.9359 , 0
0.0569201 , 54.9617 , 0
0.0564782 , 54.9874 , 0
0.0560364 , 55.0132 , 0
0.0555945 , 55.0389 , 0
0.0551526 , 55.0647 , 0
0.0547108 , 55.0904 , 0
0.0542689 , 55.1161 , 0
0.0538271 , 55.1419 , 0
0.0533852 , 55.1676 , 0
0.0529433 , 55.1934 , 0
0.0525015 , 55.2191 , 0
0.0520596 , 55.2449 , 0
0.0516178 , 55.2706 , 0
0.0511759 , 55.2963 , 0
0.050734 , 55.3221 , 0
0.0502922 , 55.3478 , 0
0.0498503 , 55.3736 , 0
0.0494084 , 55.3993 , 0
0.0489666 , 55.4251 , 0
0.0485247 , 55.4508 , 0
0.0480829 , 55.4765 , 0
0.047641 , 55.5023 , 0
0.0471991 , 55.528 , 0
0.0467573 , 55.5538 , 0
0.0463154 , 55.5795 , 0
0.0458736 , 55.6053 , 0
0.0454317 , 55.631 , 0
0.0449898 , 55.6568 , 0
0.044548 , 55.6825 , 0
0.0441061 , 55.7082 , 0
0.0436642 , 55.734 , 0
0.0432224 , 55.7597 , 0
0.0427805 , 55.7855 , 0
0.0423387 , 55.8112 , 0
0.0418968 , 55.837 , 0
0.0414549 , 55.8627 , 0
0.0410131 , 55.8884 , 0
0.0405712 , 55.9142 , 0
0.0401294 , 55.9399 , 0
0.0396875 , 55.9657 , 0
0.0392456 , 55.9914 , 0
0.0388038 , 56.0172 , 0
0.0383619 , 56.0429 , 0
0.03792 , 56.0686 , 0
0.0374782 , 56.0944 , 0
0.0370363 , 56.1201 , 0
0.0365945 , 56.1459 , 0
0.0361526 , 56.1716 , 0
0.0357107 , 56.1974 , 0
0.0352689 , 56.2231 , 0
0.034827 , 56.2488 , 0
0.0343852 , 56.2746 , 0
0.0339433 , 56.3003 , 0
0.0335014 , 56.3261 , 0
0.0330596 , 56.3518 , 0
0.0326177 , 56.3776 , 0
0.0321758 , 56.4033 , 0
0.031734 , 56.429 , 0
0.0312921 , 56.4548 , 0
0.0308503 , 56.4805 , 0
0.0304084 , 56.5063 , 0
0.0299665 , 56.532 , 0
0.0295247 , 56.5578 , 0
0.0290828 , 56.5835 , 0
0.028641 , 56.6092 , 0
0.0281991 , 56.635 , 0
0.0277572 , 56.6607 , 0
0.0273154 , 56.6865 , 0
0.0268735 , 56.7122 , 0
0.0264316 , 56.738 , 0
0.0259898 , 56.7637 , 0
0.0255479 , 56.7895 , 0
0.0251061 , 56.8152 , 0
0.0246642 , 56.8409 , 0
0.0242223 , 56.8667 , 0
0.0237805 , 56.8924 , 0
0.0233386 , 56.9182 , 0
0.0228968 , 56.9439 , 0
0.0224549 , 56.9697 , 0
0.022013 , 56.9954 , 0
0.0215712 , 57.0211 , 0
0.0211293 , 57.0469 , 0
0.0206874 , 57.0726 , 0
0.0202456 , 57.0984 , 0
0.0198037 , 57.1241 , 0
0.0193619 , 57.1499 , 0
0.01892 , 57.1756 , 0
0.0184781 , 57.2013 , 0
0.0180363 , 57.2271 , 0
0.0175944 , 57.2528 , 0
0.0171526 , 57.2786 , 0
0.0167107 , 57.3043 , 0
0.0162688 , 57.3301 , 0
0.015827 , 57.3558 , 0
0.0153851 , 57.3815 , 0
0.0149432 , 57.4073 , 0
0.0145014 , 57.433 , 0
0.0140595 , 57.4588 , 0
0.0136177 , 57.4845 , 0
0.0131758 , 57.5103 , 0
0.0127339 , 57.536 , 0
0.0122921 , 57.5617 , 0
0.0118502 , 57.5875 , 0
0.0114084 , 57.6132 , 0
0.0109665 , 57.639 , 0
0.0105246 , 57.6647 , 0
0.0100828 , 57.6905 , 0
0.00964091 , 57.7162 , 0
0.00919905 , 57.7419 , 0
0.00875719 , 57.7677 , 0
0.00831532 , 57.7934 , 0
0.00787346 , 57.8192 , 0
0.0074316 , 57.8449 , 0
0.00698974 , 57.8707 , 0
0.00654788 , 57.8964 , 0
0.00610602 , 57.9222 , 0
0.00566416 , 57.9479 , 0
0.00522229 , 57.9736 , 0
0.00478043 , 57.9994 , 0
0.00433857 , 58.0251 , 0
0.00389671 , 58.0509 , 0
0.00345485 , 58.0766 , 0
0.00301299 , 58.1024 , 0
0.00257112 , 58.1281 , 0
0.00212926 , 58.1538 , 0
0.0016874 , 58.1796 , 0
0.00124554 , 58.2053 , 0
0.000803678 , 58.2311 , 0
0.000361817 , 58.2568 , 0
-8.00448e-005 , 58.2826 , 0
-0.000521906 , 58.3083 , 0
-0.000963768 , 58.334 , 0
-0.00140563 , 58.3598 , 0
-0.00184749 , 58.3855 , 0
-0.00228935 , 58.4113 , 0
-0.00273121 , 58.437 , 0
-0.00317308 , 58.4628 , 0
-0.00361494 , 58.4885 , 0
-0.0040568 , 58.5142 , 0
-0.00449866 , 58.54 , 0
-0.00494052 , 58.5657 , 0
-0.00538238 , 58.5915 , 0
-0.00582424 , 58.6172 , 0
-0.00626611 , 58.643 , 0
-0.00670797 , 58.6687 , 0
-0.00714983 , 58.6944 , 0
-0.00759169 , 58.7202 , 0
-0.00803355 , 58.7459 , 0
-0.00847541 , 58.7717 , 0
-0.00891728 , 58.7974 , 0
-0.00935914 , 58.8232 , 0
-0.009801 , 58.8489 , 0
-0.0102429 , 58.8746 , 0
-0.0106847 , 58.9004 , 0
-0.0111266 , 58.9261 , 0
-0.0115684 , 58.9519 , 0
-0.0120103 , 58.9776 , 0
-0.0124522 , 59.0034 , 0
-0.012894 , 59.0291 , 0
-0.0133359 , 59.0549 , 0
-0.0137778 , 59.0806 , 0
-0.0142196 , 59.1063 , 0
-0.0146615 , 59.1321 , 0
-0.0151033 , 59.1578 , 0
-0.0155452 , 59.1836 , 0
-0.0159871 , 59.2093 , 0
-0.0164289 , 59.2351 , 0
-0.0168708 , 59.2608 , 0
-0.0173126 , 59.2865 , 0
-0.0177545 , 59.3123 , 0
-0.0181964 , 59.338 , 0
-0.0186382 , 59.3638 , 0
-0.0190801 , 59.3895 , 0
-0.019522 , 59.4153 , 0
-0.0199638 , 59.441 , 0
-0.0204057 , 59.4667 , 0
-0.0208475 , 59.4925 , 0
-0.0212894 , 59.5182 , 0
-0.0217313 , 59.544 , 0
-0.0221731 , 59.5697 , 0
-0.022615 , 59.5955 , 0
-0.0230568 , 59.6212 , 0
-0.0234987 , 59.6469 , 0
-0.0239406 , 59.6727 , 0
-0.0243824 , 59.6984 , 0
-0.0248243 , 59.7242 , 0
-0.0252662 , 59.7499 , 0
-0.025708 , 59.7757 , 0
-0.0261499 , 59.8014 , 0
-0.0265917 , 59.8271 , 0
-0.0270336 , 59.8529 , 0
-0.0274755 , 59.8786 , 0
-0.0279173 , 59.9044 , 0
-0.0283592 , 59.9301 , 0
-0.028801 , 59.9559 , 0
-0.0292429 , 59.9816 , 0
-0.0296848 , 60.0073 , 0
-0.0301266 , 60.0331 , 0
-0.0305685 , 60.0588 , 0
-0.0310104 , 60.0846 , 0
-0.0314522 , 60.1103 , 0
-0.0318941 , 60.1361 , 0
-0.0323359 , 60.1618 , 0
-0.0327778 , 60.1875 , 0
-0.0332197 , 60.2133 , 0
-0.0336615 , 60.239 , 0
-0.0341034 , 60.2648 , 0
-0.0345452 , 60.2905 , 0
-0.0349871 , 60.3163 , 0
-0.035429 , 60.342 , 0
-0.0358708 , 60.3678 , 0
-0.0363127 , 60.3935 , 0
-0.0367546 , 60.4192 , 0
-0.0371964 , 60.445 , 0
-0.0376383 , 60.4707 , 0
-0.0380801 , 60.4965 , 0
-0.038522 , 60.5222 , 0
-0.0389639 , 60.548 , 0
-0.0394057 , 60.5737 , 0
-0.0398476 , 60.5994 , 0
-0.0402894 , 60.6252 , 0
-0.0407313 , 60.6509 , 0
-0.0411732 , 60.6767 , 0
-0.041615 , 60.7024 , 0
-0.0420569 , 60.7282 , 0
-0.0424988 , 60.7539 , 0
-0.0429406 , 60.7796 , 0
-0.0433825 , 60.8054 , 0
-0.0438243 , 60.8311 , 0
-0.0442662 , 60.8569 , 0
-0.0447081 , 60.8826 , 0
-0.0451499 , 60.9084 , 0
-0.0455918 , 60.9341 , 0
-0.0460336 , 60.9598 , 0
-0.0464755 , 60.9856 , 0
-0.0469174 , 61.0113 , 0
-0.0473592 , 61.0371 , 0
-0.0478011 , 61.0628 , 0
-0.048243 , 61.0886 , 0
-0.0486848 , 61.1143 , 0
-0.0491267 , 61.14 , 0
-0.0495685 , 61.1658 , 0
-0.0500104 , 61.1915 , 0
-0.0504523 , 61.2173 , 0
-0.0508941 , 61.243 , 0
-0.051336 , 61.2688 , 0
-0.0517778 , 61.2945 , 0
-0.0522197 , 61.3202 , 0
-0.0526616 , 61.346 , 0
-0.0531034 , 61.3717 , 0
-0.0535453 , 61.3975 , 0
-0.0539872 , 61.4232 , 0
-0.054429 , 61.449 , 0
-0.0548709 , 61.4747 , 0
-0.0553127 , 61.5005 , 0
-0.0557546 , 61.5262 , 0
-0.0561965 , 61.5519 , 0
-0.0566383 , 61.5777 , 0
-0.0570802 , 61.6034 , 0
-0.057522 , 61.6292 , 0
-0.0579639 , 61.6549 , 0
-0.0584058 , 61.6807 , 0
-0.0588476 , 61.7064 , 0
-0.0592895 , 61.7321 , 0
-0.0597314 , 61.7579 , 0
-0.0601732 , 61.7836 , 0
-0.0606151 , 61.8094 , 0
-0.0610569 , 61.8351 , 0
-0.0614988 , 61.8609 , 0
-0.0619407 , 61.8866 , 0
-0.0623825 , 61.9123 , 0
-0.0628244 , 61.9381 , 0
-0.0632662 , 61.9638 , 0
-0.0637081 , 61.9896 , 0
-0.06415 , 62.0153 , 0
-0.0645918 , 62.0411 , 0
-0.0650337 , 62.0668 , 0
-0.0654756 , 62.0925 , 0
-0.0659174 , 62.1183 , 0
-0.0663593 , 62.144 , 0
-0.0668011 , 62.1698 , 0
-0.067243 , 62.1955 , 0
-0.0676849 , 62.2213 , 0
-0.0681267 , 62.247 , 0
-0.0685686 , 62.2727 , 0
-0.0690104 , 62.2985 , 0
-0.0694523 , 62.3242 , 0
-0.0698942 , 62.35 , 0
-0.070336 , 62.3757 , 0
-0.0707779 , 62.4015 , 0
-0.0712198 , 62.4272 , 0
-0.0716616 , 62.4529 , 0
-0.0721035 , 62.4787 , 0
-0.0725453 , 62.5044 , 0
-0.0729872 , 62.5302 , 0
-0.0734291 , 62.5559 , 0
-0.0738709 , 62.5817 , 0
-0.0743128 , 62.6074 , 0
-0.0747546 , 62.6332 , 0
-0.0751965 , 62.6589 , 0
-0.0756384 , 62.6846 , 0
-0.0760802 , 62.7104 , 0
-0.0765221 , 62.7361 , 0
-0.076964 , 62.7619 , 0
-0.0774058 , 62.7876 , 0
-0.0778477 , 62.8134 , 0
-0.0782895 , 62.8391 , 0
-0.0787314 , 62.8648 , 0
-0.0791733 , 62.8906 , 0
-0.0796151 , 62.9163 , 0
-0.080057 , 62.9421 , 0
-0.0804988 , 62.9678 , 0
-0.0809407 , 62.9936 , 0
-0.0813826 , 63.0193 , 0
-0.0818244 , 63.045 , 0
-0.0822663 , 63.0708 , 0
-0.0827082 , 63.0965 , 0
-0.08315 , 63.1223 , 0
-0.0835919 , 63.148 , 0
-0.0840337 , 63.1738 , 0
-0.0844756 , 63.1995 , 0
-0.0849175 , 63.2252 , 0
-0.0853593 , 63.251 , 0
-0.0858012 , 63.2767 , 0
-0.086243 , 63.3025 , 0
-0.0866849 , 63.3282 , 0
-0.0871268 , 63.354 , 0
-0.0875686 , 63.3797 , 0
-0.0880105 , 63.4054 , 0
-0.0884524 , 63.4312 , 0
-0.0888942 , 63.4569 , 0
-0.0893361 , 63.4827 , 0
-0.0897779 , 63.5084 , 0
-0.0902198 , 63.5342 , 0
-0.0906617 , 63.5599 , 0
-0.0911035 , 63.5856 , 0
-0.0915454 , 63.6114 , 0
-0.0919872 , 63.6371 , 0
-0.0924291 , 63.6629 , 0
-0.092871 , 63.6886 , 0
-0.0933128 , 63.7144 , 0
-0.0937547 , 63.7401 , 0
-0.0941966 , 63.7659 , 0
-0.0946384 , 63.7916 , 0
-0.0950803 , 63.8173 , 0
-0.0955221 , 63.8431 , 0
-0.095964 , 63.8688 , 0
-0.0964059 , 63.8946 , 0
-0.0968477 , 63.9203 , 0
-0.0972896 , 63.9461 , 0
-0.0977314 , 63.9718 , 0
-0.0981733 , 63.9975 , 0
-0.0986152 , 64.0233 , 0
-0.099057 , 64.049 , 0
-0.0994989 , 64.0748 , 0
-0.0999408 , 64.1005 , 0
-0.100383 , 64.1263 , 0
-0.100824 , 64.152 , 0
-0.101266 , 64.1777 , 0
-0.101708 , 64.2035 , 0
-0.10215 , 64.2292 , 0
-0.102592 , 64.255 , 0
-0.103034 , 64.2807 , 0
-0.103476 , 64.3065 , 0
-0.103918 , 64.3322 , 0
-0.104359 , 64.3579 , 0
-0.104801 , 64.3837 , 0
-0.105243 , 64.4094 , 0
-0.105685 , 64.4352 , 0
-0.106127 , 64.4609 , 0
-0.106569 , 64.4867 , 0
-0.107011 , 64.5124 , 0
-0.107452 , 64.5381 , 0
-0.107894 , 64.5639 , 0
-0.108336 , 64.5896 , 0
-0.108778 , 64.6154 , 0
-0.10922 , 64.6411 , 0
-0.109662 , 64.6669 , 0
-0.110104 , 64.6926 , 0
-0.110545 , 64.7183 , 0
-0.110987 , 64.7441 , 0
-0.111429 , 64.7698 , 0
-0.111871 , 64.7956 , 0
-0.112313 , 64.8213 , 0
-0.112755 , 64.8471 , 0
-0.113197 , 64.8728 , 0
-0.113638 , 64.8986 , 0
-0.11408 , 64.9243 , 0
-0.114522 , 64.95 , 0
-0.114964 , 64.9758 , 0
-0.115406 , 65.0015 , 0
-0.115848 , 65.0273 , 0
-0.11629 , 65.053 , 0
-0.116731 , 65.0788 , 0
-0.117173 , 65.1045 , 0
-0.117615 , 65.1302 , 0
-0.118057 , 65.156 , 0
-0.118499 , 65.1817 , 0
-0.118941 , 65.2075 , 0
-0.119383 , 65.2332 , 0
-0.119825 , 65.259 , 0
-0.120266 , 65.2847 , 0
-0.120708 , 65.3104 , 0
-0.12115 , 65.3362 , 0
-0.121592 , 65.3619 , 0
-0.122034 , 65.3877 , 0
-0.122476 , 65.4134 , 0
-0.122918 , 65.4392 , 0
-0.123359 , 65.4649 , 0
-0.123801 , 65.4906 , 0
-0.124243 , 65.5164 , 0
-0.124685 , 65.5421 , 0
-0.125127 , 65.5679 , 0
-0.125569 , 65.5936 , 0
-0.126011 , 65.6194 , 0
-0.126452 , 65.6451 , 0
-0.126894 , 65.6708 , 0
-0.127336 , 65.6966 , 0
-0.127778 , 65.7223 , 0
-0.12822 , 65.7481 , 0
-0.128662 , 65.7738 , 0
-0.129104 , 65.7996 , 0
-0.129545 , 65.8253 , 0
-0.129987 , 65.851 , 0
-0.130429 , 65.8768 , 0
-0.130871 , 65.9025 , 0
-0.131313 , 65.9283 , 0
-0.131755 , 65.954 , 0
-0.132197 , 65.9798 , 0
-0.132639 , 66.0055 , 0
-0.13308 , 66.0313 , 0
-0.133522 , 66.057 , 0
-0.133964 , 66.0827 , 0
-0.134406 , 66.1085 , 0
-0.134848 , 66.1342 , 0
-0.13529 , 66.16 , 0
-0.135732 , 66.1857 , 0
-0.136173 , 66.2115 , 0
-0.136615 , 66.2372 , 0
-0.137057 , 66.2629 , 0
-0.137499 , 66.2887 , 0
-0.137941 , 66.3144 , 0
-0.138383 , 66.3402 , 0
-0.138825 , 66.3659 , 0
-0.139266 , 66.3917 , 0
-0.139708 , 66.4174 , 0
-0.14015 , 66.4431 , 0
-0.140592 , 66.4689 , 0
-0.141034 , 66.4946 , 0
-0.141476 , 66.5204 , 0
-0.141918 , 66.5461 , 0
-0.142359 , 66.5719 , 0
-0.142801 , 66.5976 , 0
-0.143243 , 66.6233 , 0
-0.143685 , 66.6491 , 0
-0.144127 , 66.6748 , 0
-0.144569 , 66.7006 , 0
-0.145011 , 66.7263 , 0
-0.145452 , 66.7521 , 0
-0.145894 , 66.7778 , 0
-0.146336 , 66.8035 , 0
-0.146778 , 66.8293 , 0
-0.14722 , 66.855 , 0
-0.147662 , 66.8808 , 0
-0.148104 , 66.9065 , 0
-0.148546 , 66.9323 , 0
-0.148987 , 66.958 , 0
-0.149429 , 66.9837 , 0
-0.149871 , 67.0095 , 0
-0.150313 , 67.0352 , 0
-0.150755 , 67.061 , 0
-0.151197 , 67.0867 , 0
-0.151639 , 67.1125 , 0
-0.15208 , 67.1382 , 0
-0.152522 , 67.164 , 0
-0.152964 , 67.1897 , 0
-0.153406 , 67.2154 , 0
-0.153848 , 67.2412 , 0
-0.15429 , 67.2669 , 0
-0.154732 , 67.2927 , 0
-0.155173 , 67.3184 , 0
-0.155615 , 67.3442 , 0
-0.156057 , 67.3699 , 0
-0.156499 , 67.3956 , 0
-0.156941 , 67.4214 , 0
-0.157383 , 67.4471 , 0
-0.157825 , 67.4729 , 0
-0.158266 , 67.4986 , 0
-0.158708 , 67.5244 , 0
-0.15915 , 67.5501 , 0
-0.159592 , 67.5758 , 0
-0.160034 , 67.6016 , 0
-0.160476 , 67.6273 , 0
-0.160918 , 67.6531 , 0
-0.16136 , 67.6788 , 0
-0.161801 , 67.7046 , 0
-0.162243 , 67.7303 , 0
-0.162685 , 67.756 , 0
-0.163127 , 67.7818 , 0
-0.163569 , 67.8075 , 0
-0.164011 , 67.8333 , 0
-0.164453 , 67.859 , 0
-0.164894 , 67.8848 , 0
-0.165336 , 67.9105 , 0
-0.165778 , 67.9362 , 0
-0.16622 , 67.962 , 0
-0.166662 , 67.9877 , 0
-0.167104 , 68.0135 , 0
-0.167546 , 68.0392 , 0
-0.167987 , 68.065 , 0
-0.168429 , 68.0907 , 0
-0.168871 , 68.1164 , 0
-0.169313 , 68.1422 , 0
-0.169755 , 68.1679 , 0
-0.170197 , 68.1937 , 0
-0.170639 , 68.2194 , 0
-0.17108 , 68.2452 , 0
-0.171522 , 68.2709 , 0
-0.171964 , 68.2966 , 0
-0.172406 , 68.3224 , 0
-0.172848 , 68.3481 , 0
-0.17329 , 68.3739 , 0
-0.173732 , 68.3996 , 0
-0.174173 , 68.4254 , 0
-0.174615 , 68.4511 , 0
-0.175057 , 68.4769 , 0
-0.175499 , 68.5026 , 0
-0.175941 , 68.5283 , 0
-0.176383 , 68.5541 , 0
-0.176825 , 68.5798 , 0
-0.177267 , 68.6056 , 0
-0.177708 , 68.6313 , 0
-0.17815 , 68.6571 , 0
-0.178592 , 68.6828 , 0
-0.179034 , 68.7085 , 0
-0.179476 , 68.7343 , 0
-0.179918 , 68.76 , 0
-0.18036 , 68.7858 , 0
-0.180801 , 68.8115 , 0
-0.181243 , 68.8373 , 0
-0.181685 , 68.863 , 0
-0.182127 , 68.8887 , 0
-0.182569 , 68.9145 , 0
-0.183011 , 68.9402 , 0
-0.183453 , 68.966 , 0
-0.183894 , 68.9917 , 0
-0.184336 , 69.0175 , 0
-0.184778 , 69.0432 , 0
-0.18522 , 69.0689 , 0
-0.185662 , 69.0947 , 0
-0.186104 , 69.1204 , 0
-0.186546 , 69.1462 , 0
-0.186987 , 69.1719 , 0
-0.187429 , 69.1977 , 0
-0.187871 , 69.2234 , 0
-0.188313 , 69.2491 , 0
-0.188755 , 69.2749 , 0
-0.189197 , 69.3006 , 0
-0.189639 , 69.3264 , 0
-0.190081 , 69.3521 , 0
-0.190522 , 69.3779 , 0
-0.190964 , 69.4036 , 0
-0.191406 , 69.4293 , 0
-0.191848 , 69.4551 , 0
-0.19229 , 69.4808 , 0
-0.192732 , 69.5066 , 0
-0.193174 , 69.5323 , 0
-0.193615 , 69.5581 , 0
-0.194057 , 69.5838 , 0
-0.194499 , 69.6096 , 0
-0.194941 , 69.6353 , 0
-0.195383 , 69.661 , 0
-0.195825 , 69.6868 , 0
-0.196267 , 69.7125 , 0
-0.196708 , 69.7383 , 0
-0.19715 , 69.764 , 0
-0.197592 , 69.7898 , 0
-0.198034 , 69.8155 , 0
-0.198476 , 69.8412 , 0
-0.198918 , 69.867 , 0
-0.19936 , 69.8927 , 0
-0.199801 , 69.9185 , 0
-0.200243 , 69.9442 , 0
-0.200685 , 69.97 , 0
-0.201127 , 69.9957 , 0
-0.201569 , 70.0214 , 0
-0.202011 , 70.0472 , 0
-0.202453 , 70.0729 , 0
-0.202894 , 70.0987 , 0
-0.203336 , 70.1244 , 0
-0.203778 , 70.1502 , 0
-0.20422 , 70.1759 , 0
-0.204662 , 70.2016 , 0
-0.205104 , 70.2274 , 0
-0.205546 , 70.2531 , 0
-0.205988 , 70.2789 , 0
-0.206429 , 70.3046 , 0
-0.206871 , 70.3304 , 0
-0.207313 , 70.3561 , 0
-0.207755 , 70.3818 , 0
-0.208197 , 70.4076 , 0
-0.208639 , 70.4333 , 0
-0.209081 , 70.4591 , 0
-0.209522 , 70.4848 , 0
-0.209964 , 70.5106 , 0
-0.210406 , 70.5363 , 0
-0.210848 , 70.562 , 0
-0.21129 , 70.5878 , 0
-0.211732 , 70.6135 , 0
-0.212174 , 70.6393 , 0
-0.212615 , 70.665 , 0
-0.213057 , 70.6908 , 0
-0.213499 , 70.7165 , 0
-0.213941 , 70.7423 , 0
-0.214383 , 70.768 , 0
-0.214825 , 70.7937 , 0
-0.215267 , 70.8195 , 0
-0.215708 , 70.8452 , 0
-0.21615 , 70.871 , 0
-0.216592 , 70.8967 , 0
-0.217034 , 70.9225 , 0
-0.217476 , 70.9482 , 0
-0.217918 , 70.9739 , 0
-0.21836 , 70.9997 , 0
-0.218802 , 71.0254 , 0
-0.219243 , 71.0512 , 0
-0.219685 , 71.0769 , 0
-0.220127 , 71.1027 , 0
-0.220569 , 71.1284 , 0
-0.221011 , 71.1541 , 0
-0.221453 , 71.1799 , 0
-0.221895 , 71.2056 , 0
-0.222336 , 71.2314 , 0
-0.222778 , 71.2571 , 0
-0.22322 , 71.2829 , 0
-0.223662 , 71.3086 , 0
-0.224104 , 71.3343 , 0
-0.224546 , 71.3601 , 0
-0.224988 , 71.3858 , 0
-0.225429 , 71.4116 , 0
-0.225871 , 71.4373 , 0
-0.226313 , 71.4631 , 0
-0.226755 , 71.4888 , 0
-0.227197 , 71.5145 , 0
-0.227639 , 71.5403 , 0
-0.228081 , 71.566 , 0
-0.228522 , 71.5918 , 0
-0.228964 , 71.6175 , 0
-0.229406 , 71.6433 , 0
-0.229848 , 71.669 , 0
-0.23029 , 71.6947 , 0
-0.230732 , 71.7205 , 0
-0.231174 , 71.7462 , 0
-0.231615 , 71.772 , 0
-0.232057 , 71.7977 , 0
-0.232499 , 71.8235 , 0
-0.232941 , 71.8492 , 0
-0.233383 , 71.875 , 0
-0.233825 , 71.9007 , 0
-0.234267 , 71.9264 , 0
-0.234709 , 71.9522 , 0
-0.23515 , 71.9779 , 0
-0.235592 , 72.0037 , 0
-0.236034 , 72.0294 , 0
-0.236476 , 72.0552 , 0
-0.236918 , 72.0809 , 0
-0.23736 , 72.1066 , 0
-0.237802 , 72.1324 , 0
-0.238243 , 72.1581 , 0
-0.238685 , 72.1839 , 0
-0.239127 , 72.2096 , 0
-0.239569 , 72.2354 , 0
-0.240011 , 72.2611 , 0
-0.240453 , 72.2868 , 0
-0.240895 , 72.3126 , 0
-0.241336 , 72.3383 , 0
-0.241778 , 72.3641 , 0
-0.24222 , 72.3898 , 0
-0.242662 , 72.4156 , 0
-0.243104 , 72.4413 , 0
-0.243546 , 72.467 , 0
-0.243988 , 72.4928 , 0
-0.244429 , 72.5185 , 0
-0.244871 , 72.5443 , 0
-0.245313 , 72.57 , 0
-0.245755 , 72.5958 , 0
-0.246197 , 72.6215 , 0
-0.246639 , 72.6472 , 0
-0.247081 , 72.673 , 0
-0.247523 , 72.6987 , 0
-0.247964 , 72.7245 , 0
-0.248406 , 72.7502 , 0
-0.248848 , 72.776 , 0
-0.24929 , 72.8017 , 0
-0.249732 , 72.8274 , 0
-0.250174 , 72.8532 , 0
-0.250616 , 72.8789 , 0
-0.251057 , 72.9047 , 0
-0.251499 , 72.9304 , 0
-0.251941 , 72.9562 , 0
-0.252383 , 72.9819 , 0
-0.252825 , 73.0077 , 0
-0.253267 , 73.0334 , 0
-0.253709 , 73.0591 , 0
-0.25415 , 73.0849 , 0
-0.254592 , 73.1106 , 0
-0.255034 , 73.1364 , 0
-0.255476 , 73.1621 , 0
-0.255918 , 73.1879 , 0
-0.25636 , 73.2136 , 0
-0.256802 , 73.2393 , 0
-0.257243 , 73.2651 , 0
-0.257685 , 73.2908 , 0
-0.258127 , 73.3166 , 0
-0.258569 , 73.3423 , 0
-0.259011 , 73.3681 , 0
-0.259453 , 73.3938 , 0
-0.259895 , 73.4195 , 0
-0.260336 , 73.4453 , 0
-0.260778 , 73.471 , 0
-0.26122 , 73.4968 , 0
-0.261662 , 73.5225 , 0
-0.262104 , 73.5483 , 0
-0.262546 , 73.574 , 0
-0.262988 , 73.5997 , 0
-0.26343 , 73.6255 , 0
-0.263871 , 73.6512 , 0
-0.264313 , 73.677 , 0
-0.264755 , 73.7027 , 0
-0.265197 , 73.7285 , 0
-0.265639 , 73.7542 , 0
-0.266081 , 73.7799 , 0
-0.266523 , 73.8057 , 0
-0.266964 , 73.8314 , 0
-0.267406 , 73.8572 , 0
-0.267848 , 73.8829 , 0
-0.26829 , 73.9087 , 0
-0.268732 , 73.9344 , 0
-0.269174 , 73.9601 , 0
-0.269616 , 73.9859 , 0
-0.270057 , 74.0116 , 0
-0.270499 , 74.0374 , 0
-0.270941 , 74.0631 , 0
-0.271383 , 74.0889 , 0
-0.271825 , 74.1146 , 0
-0.272267 , 74.1404 , 0
-0.272709 , 74.1661 , 0
-0.27315 , 74.1918 , 0
-0.273592 , 74.2176 , 0
-0.274034 , 74.2433 , 0
-0.274476 , 74.2691 , 0
-0.274918 , 74.2948 , 0
-0.27536 , 74.3206 , 0
-0.275802 , 74.3463 , 0
-0.276244 , 74.372 , 0
-0.276685 , 74.3978 , 0
-0.277127 , 74.4235 , 0
-0.277569 , 74.4493 , 0
-0.278011 , 74.475 , 0
-0.278453 , 74.5008 , 0
-0.278895 , 74.5265 , 0
-0.279337 , 74.5522 , 0
-0.279778 , 74.578 , 0
-0.28022 , 74.6037 , 0
-0.280662 , 74.6295 , 0
-0.281104 , 74.6552 , 0
-0.281546 , 74.681 , 0
-0.281988 , 74.7067 , 0
-0.28243 , 74.7324 , 0
-0.282871 , 74.7582 , 0
-0.283313 , 74.7839 , 0
-0.283755 , 74.8097 , 0
-0.284197 , 74.8354 , 0
-0.284639 , 74.8612 , 0
-0.285081 , 74.8869 , 0
-0.285523 , 74.9126 , 0
-0.285964 , 74.9384 , 0
-0.286406 , 74.9641 , 0
-0.286848 , 74.9899 , 0
-0.28729 , 75.0156 , 0
-0.287732 , 75.0414 , 0
-0.288174 , 75.0671 , 0
-0.288616 , 75.0928 , 0
-0.289057 , 75.1186 , 0
-0.289499 , 75.1443 , 0
-0.289941 , 75.1701 , 0
-0.290383 , 75.1958 , 0
-0.290825 , 75.2216 , 0
-0.291267 , 75.2473 , 0
-0.291709 , 75.2731 , 0
-0.292151 , 75.2988 , 0
-0.292592 , 75.3245 , 0
-0.293034 , 75.3503 , 0
-0.293476 , 75.376 , 0
-0.293918 , 75.4018 , 0
-0.29436 , 75.4275 , 0
-0.294802 , 75.4533 , 0
-0.295244 , 75.479 , 0
-0.295685 , 75.5047 , 0
-0.296127 , 75.5305 , 0
-0.296569 , 75.5562 , 0
-0.297011 , 75.582 , 0
-0.297453 , 75.6077 , 0
-0.297895 , 75.6335 , 0
-0.298337 , 75.6592 , 0
-0.298778 , 75.6849 , 0
-0.29922 , 75.7107 , 0
-0.299662 , 75.7364 , 0
-0.300104 , 75.7622 , 0
-0.300546 , 75.7879 , 0
-0.300988 , 75.8137 , 0
-0.30143 , 75.8394 , 0
-0.301871 , 75.8651 , 0
-0.302313 , 75.8909 , 0
-0.302755 , 75.9166 , 0
-0.303197 , 75.9424 , 0
-0.303639 , 75.9681 , 0
-0.304081 , 75.9939 , 0
-0.304523 , 76.0196 , 0
-0.304965 , 76.0453 , 0
-0.305406 , 76.0711 , 0
-0.305848 , 76.0968 , 0
-0.30629 , 76.1226 , 0
-0.306732 , 76.1483 , 0
-0.307174 , 76.1741 , 0
-0.307616 , 76.1998 , 0
-0.308058 , 76.2255 , 0
-0.308499 , 76.2513 , 0
-0.308941 , 76.277 , 0
-0.309383 , 76.3028 , 0
-0.309825 , 76.3285 , 0
-0.310267 , 76.3543 , 0
-0.310709 , 76.38 , 0
-0.311151 , 76.4057 , 0
-0.311592 , 76.4315 , 0
-0.312034 , 76.4572 , 0
-0.312476 , 76.483 , 0
-0.312918 , 76.5087 , 0
-0.31336 , 76.5345 , 0
-0.313802 , 76.5602 , 0
-0.314244 , 76.586 , 0
-0.314685 , 76.6117 , 0
-0.315127 , 76.6374 , 0
-0.315569 , 76.6632 , 0
-0.316011 , 76.6889 , 0
-0.316453 , 76.7147 , 0
-0.316895 , 76.7404 , 0
-0.317337 , 76.7662 , 0
-0.317778 , 76.7919 , 0
-0.31822 , 76.8176 , 0
-0.318662 , 76.8434 , 0
-0.319104 , 76.8691 , 0
-0.319546 , 76.8949 , 0
-0.319988 , 76.9206 , 0
-0.32043 , 76.9464 , 0
-0.320872 , 76.9721 , 0
-0.321313 , 76.9978 , 0
-0.321755 , 77.0236 , 0
-0.322197 , 77.0493 , 0
-0.322639 , 77.0751 , 0
-0.323081 , 77.1008 , 0
-0.323523 , 77.1266 , 0
-0.323965 , 77.1523 , 0
-0.324406 , 77.178 , 0
-0.324848 , 77.2038 , 0
-0.32529 , 77.2295 , 0
-0.325732 , 77.2553 , 0
-0.326174 , 77.281 , 0
-0.326616 , 77.3068 , 0
-0.327058 , 77.3325 , 0
-0.327499 , 77.3582 , 0
-0.327941 , 77.384 , 0
-0.328383 , 77.4097 , 0
-0.328825 , 77.4355 , 0
-0.329267 , 77.4612 , 0
-0.329709 , 77.487 , 0
-0.330151 , 77.5127 , 0
-0.330592 , 77.5384 , 0
-0.331034 , 77.5642 , 0
-0.331476 , 77.5899 , 0
-0.331918 , 77.6157 , 0
-0.33236 , 77.6414 , 0
-0.332802 , 77.6672 , 0
-0.333244 , 77.6929 , 0
-0.333686 , 77.7187 , 0
-0.334127 , 77.7444 , 0
-0.334569 , 77.7701 , 0
-0.335011 , 77.7959 , 0
-0.335453 , 77.8216 , 0
-0.335895 , 77.8474 , 0
-0.336337 , 77.8731 , 0
-0.336779 , 77.8989 , 0
-0.33722 , 77.9246 , 0
-0.337662 , 77.9503 , 0
-0.338104 , 77.9761 , 0
-0.338546 , 78.0018 , 0
-0.338988 , 78.0276 , 0
-0.33943 , 78.0533 , 0
-0.339872 , 78.0791 , 0
-0.340313 , 78.1048 , 0
-0.340755 , 78.1305 , 0
-0.341197 , 78.1563 , 0
-0.341639 , 78.182 , 0
-0.342081 , 78.2078 , 0
-0.342523 , 78.2335 , 0
-0.342965 , 78.2593 , 0
-0.343406 , 78.285 , 0
-0.343848 , 78.3107 , 0
-0.34429 , 78.3365 , 0
-0.344732 , 78.3622 , 0
-0.345174 , 78.388 , 0
-0.345616 , 78.4137 , 0
-0.346058 , 78.4395 , 0
-0.3465 , 78.4652 , 0
-0.346941 , 78.4909 , 0
-0.347383 , 78.5167 , 0
-0.347825 , 78.5424 , 0
-0.348267 , 78.5682 , 0
-0.348709 , 78.5939 , 0
-0.349151 , 78.6197 , 0
-0.349593 , 78.6454 , 0
-0.350034 , 78.6711 , 0
-0.350476 , 78.6969 , 0
-0.350918 , 78.7226 , 0
-0.35136 , 78.7484 , 0
-0.351802 , 78.7741 , 0
-0.352244 , 78.7999 , 0
-0.352686 , 78.8256 , 0
-0.353127 , 78.8514 , 0
-0.353569 , 78.8771 , 0
-0.354011 , 78.9028 , 0
-0.354453 , 78.9286 , 0
-0.354895 , 78.9543 , 0
-0.355337 , 78.9801 , 0
-0.355779 , 79.0058 , 0
-0.35622 , 79.0316 , 0
-0.356662 , 79.0573 , 0
-0.357104 , 79.083 , 0
-0.357546 , 79.1088 , 0
-0.357988 , 79.1345 , 0
-0.35843 , 79.1603 , 0
-0.358872 , 79.186 , 0
-0.359313 , 79.2118 , 0
-0.359755 , 79.2375 , 0
-0.360197 , 79.2632 , 0
-0.360639 , 79.289 , 0
-0.361081 , 79.3147 , 0
-0.361523 , 79.3405 , 0
-0.361965 , 79.3662 , 0
-0.362407 , 79.392 , 0
-0.362848 , 79.4177 , 0
-0.36329 , 79.4434 , 0
-0.363732 , 79.4692 , 0
-0.364174 , 79.4949 , 0
-0.364616 , 79.5207 , 0
-0.365058 , 79.5464 , 0
-0.3655 , 79.5722 , 0
-0.365941 , 79.5979 , 0
-0.366383 , 79.6236 , 0
-0.366825 , 79.6494 , 0
-0.367267 , 79.6751 , 0
-0.367709 , 79.7009 , 0
-0.368151 , 79.7266 , 0
-0.368593 , 79.7524 , 0
-0.369034 , 79.7781 , 0
-0.369476 , 79.8038 , 0
-0.369918 , 79.8296 , 0
-0.37036 , 79.8553 , 0
-0.370802 , 79.8811 , 0
-0.371244 , 79.9068 , 0
-0.371686 , 79.9326 , 0
-0.372127 , 79.9583 , 0
-0.372569 , 79.9841 , 0
-0.373011 , 80.0098 , 0
-0.373453 , 80.0355 , 0
-0.373895 , 80.0613 , 0
-0.374337 , 80.087 , 0
-0.374779 , 80.1128 , 0
-0.375221 , 80.1385 , 0
-0.375662 , 80.1643 , 0
-0.376104 , 80.19 , 0
-0.376546 , 80.2157 , 0
-0.376988 , 80.2415 , 0
-0.37743 , 80.2672 , 0
-0.377872 , 80.293 , 0
-0.378314 , 80.3187 , 0
-0.378755 , 80.3445 , 0
-0.379197 , 80.3702 , 0
-0.379639 , 80.3959 , 0
-0.380081 , 80.4217 , 0
-0.380523 , 80.4474 , 0
-0.380965 , 80.4732 , 0
-0.381407 , 80.4989 , 0
-0.381848 , 80.5247 , 0
-0.38229 , 80.5504 , 0
-0.382732 , 80.5761 , 0
-0.383174 , 80.6019 , 0
-0.383616 , 80.6276 , 0
-0.384058 , 80.6534 , 0
-0.3845 , 80.6791 , 0
-0.384941 , 80.7049 , 0
-0.385383 , 80.7306 , 0
-0.385825 , 80.7563 , 0
-0.386267 , 80.7821 , 0
-0.386709 , 80.8078 , 0
-0.387151 , 80.8336 , 0
-0.387593 , 80.8593 , 0
-0.388034 , 80.8851 , 0
-0.388476 , 80.9108 , 0
-0.388918 , 80.9365 , 0
-0.38936 , 80.9623 , 0
-0.389802 , 80.988 , 0
-0.390244 , 81.0138 , 0
-0.390686 , 81.0395 , 0
-0.391128 , 81.0653 , 0
-0.391569 , 81.091 , 0
-0.392011 , 81.1168 , 0
-0.392453 , 81.1425 , 0
-0.392895 , 81.1682 , 0
-0.393337 , 81.194 , 0
-0.393779 , 81.2197 , 0
-0.394221 , 81.2455 , 0
-0.394662 , 81.2712 , 0
-0.395104 , 81.297 , 0
-0.395546 , 81.3227 , 0
-0.395988 , 81.3484 , 0
-0.39643 , 81.3742 , 0
-0.396872 , 81.3999 , 0
-0.397314 , 81.4257 , 0
-0.397755 , 81.4514 , 0
-0.398197 , 81.4772 , 0
-0.398639 , 81.5029 , 0
-0.399081 , 81.5286 , 0
-0.399523 , 81.5544 , 0
-0.399965 , 81.5801 , 0
-0.400407 , 81.6059 , 0
-0.400848 , 81.6316 , 0
-0.40129 , 81.6574 , 0
-0.401732 , 81.6831 , 0
-0.402174 , 81.7088 , 0
-0.402616 , 81.7346 , 0
-0.403058 , 81.7603 , 0
-0.4035 , 81.7861 , 0
-0.403942 , 81.8118 , 0
-0.404383 , 81.8376 , 0
-0.404825 , 81.8633 , 0
-0.405267 , 81.889 , 0
-0.405709 , 81.9148 , 0
-0.406151 , 81.9405 , 0
-0.406593 , 81.9663 , 0
-0.407035 , 81.992 , 0
-0.407476 , 82.0178 , 0
-0.407918 , 82.0435 , 0
-0.40836 , 82.0692 , 0
-0.408802 , 82.095 , 0
-0.409244 , 82.1207 , 0
-0.409686 , 82.1465 , 0
-0.410128 , 82.1722 , 0
-0.410569 , 82.198 , 0
-0.411011 , 82.2237 , 0
-0.411453 , 82.2495 , 0
-0.411895 , 82.2752 , 0
-0.412337 , 82.3009 , 0
-0.412779 , 82.3267 , 0
-0.413221 , 82.3524 , 0
-0.413662 , 82.3782 , 0
-0.414104 , 82.4039 , 0
-0.414546 , 82.4297 , 0
-0.414988 , 82.4554 , 0
-0.41543 , 82.4811 , 0
-0.415872 , 82.5069 , 0
-0.416314 , 82.5326 , 0
-0.416755 , 82.5584 , 0
-0.417197 , 82.5841 , 0
-0.417639 , 82.6099 , 0
-0.418081 , 82.6356 , 0
-0.418523 , 82.6613 , 0
-0.418965 , 82.6871 , 0
-0.419407 , 82.7128 , 0
-0.419849 , 82.7386 , 0
-0.42029 , 82.7643 , 0
-0.420732 , 82.7901 , 0
-0.421174 , 82.8158 , 0
-0.421616 , 82.8415 , 0
-0.422058 , 82.8673 , 0
-0.4225 , 82.893 , 0
-0.422942 , 82.9188 , 0
-0.423383 , 82.9445 , 0
-0.423825 , 82.9703 , 0
-0.424267 , 82.996 , 0
-0.424709 , 83.0217 , 0
-0.425151 , 83.0475 , 0
-0.425593 , 83.0732 , 0
-0.426035 , 83.099 , 0
-0.426476 , 83.1247 , 0
-0.426918 , 83.1505 , 0
-0.42736 , 83.1762 , 0
-0.427802 , 83.2019 , 0
-0.428244 , 83.2277 , 0
-0.428686 , 83.2534 , 0
-0.429128 , 83.2792 , 0
-0.429569 , 83.3049 , 0
-0.430011 , 83.3307 , 0
-0.430453 , 83.3564 , 0
-0.430895 , 83.3822 , 0
-0.431337 , 83.4079 , 0
-0.431779 , 83.4336 , 0
-0.432221 , 83.4594 , 0
-0.432663 , 83.4851 , 0
-0.433104 , 83.5109 , 0
-0.433546 , 83.5366 , 0
-0.433988 , 83.5624 , 0
-0.43443 , 83.5881 , 0
-0.434872 , 83.6138 , 0
-0.435314 , 83.6396 , 0
-0.435756 , 83.6653 , 0
-0.436197 , 83.6911 , 0
-0.436639 , 83.7168 , 0
-0.437081 , 83.7426 , 0
-0.437523 , 83.7683 , 0
-0.437965 , 83.794 , 0
-0.438407 , 83.8198 , 0
-0.438849 , 83.8455 , 0
-0.43929 , 83.8713 , 0
-0.439732 , 83.897 , 0
-0.440174 , 83.9228 , 0
-0.440616 , 83.9485 , 0
-0.441058 , 83.9742 , 0
-0.4415 , 84 , 0
-0.441942 , 84.0257 , 0
-0.442383 , 84.0515 , 0
-0.442825 , 84.0772 , 0
-0.443267 , 84.103 , 0
-0.443709 , 84.1287 , 0
-0.444151 , 84.1544 , 0
-0.444593 , 84.1802 , 0
-0.445035 , 84.2059 , 0
-0.445476 , 84.2317 , 0
-0.445918 , 84.2574 , 0
-0.44636 , 84.2832 , 0
-0.446802 , 84.3089 , 0
-0.447244 , 84.3346 , 0
-0.447686 , 84.3604 , 0
-0.448128 , 84.3861 , 0
-0.44857 , 84.4119 , 0
-0.449011 , 84.4376 , 0
-0.449453 , 84.4634 , 0
-0.449895 , 84.4891 , 0
-0.450337 , 84.5148 , 0
-0.450779 , 84.5406 , 0
-0.451221 , 84.5663 , 0
-0.451663 , 84.5921 , 0
-0.452104 , 84.6178 , 0
-0.452546 , 84.6436 , 0
-0.452988 , 84.6693 , 0
-0.45343 , 84.6951 , 0
-0.453872 , 84.7208 , 0
-0.454314 , 84.7465 , 0
-0.454756 , 84.7723 , 0
-0.455197 , 84.798 , 0
-0.455639 , 84.8238 , 0
-0.456081 , 84.8495 , 0
-0.456523 , 84.8753 , 0
-0.456965 , 84.901 , 0
-0.457407 , 84.9267 , 0
-0.457849 , 84.9525 , 0
-0.45829 , 84.9782 , 0
-0.458732 , 85.004 , 0
-0.459174 , 85.0297 , 0
-0.459616 , 85.0555 , 0
-0.460058 , 85.0812 , 0
-0.4605 , 85.1069 , 0
-0.460942 , 85.1327 , 0
-0.461384 , 85.1584 , 0
-0.461825 , 85.1842 , 0
-0.462267 , 85.2099 , 0
-0.462709 , 85.2357 , 0
-0.463151 , 85.2614 , 0
-0.463593 , 85.2871 , 0
-0.464035 , 85.3129 , 0
-0.464477 , 85.3386 , 0
-0.464918 , 85.3644 , 0
-0.46536 , 85.3901 , 0
-0.465802 , 85.4159 , 0
-0.466244 , 85.4416 , 0
-0.466686 , 85.4673 , 0
-0.467128 , 85.4931 , 0
-0.46757 , 85.5188 , 0
-0.468011 , 85.5446 , 0
-0.468453 , 85.5703 , 0
-0.468895 , 85.5961 , 0
-0.469337 , 85.6218 , 0
-0.469779 , 85.6475 , 0
-0.470221 , 85.6733 , 0
-0.470663 , 85.699 , 0
-0.471104 , 85.7248 , 0
-0.471546 , 85.7505 , 0
-0.471988 , 85.7763 , 0
-0.47243 , 85.802 , 0
-0.472872 , 85.8278 , 0
-0.473314 , 85.8535 , 0
-0.473756 , 85.8792 , 0
-0.474197 , 85.905 , 0
-0.474639 , 85.9307 , 0
-0.475081 , 85.9565 , 0
-0.475523 , 85.9822 , 0
-0.475965 , 86.008 , 0
-0.476407 , 86.0337 , 0
-0.476849 , 86.0594 , 0
-0.477291 , 86.0852 , 0
-0.477732 , 86.1109 , 0
-0.478174 , 86.1367 , 0
-0.478616 , 86.1624 , 0
-0.479058 , 86.1882 , 0
-0.4795 , 86.2139 , 0
-0.479942 , 86.2396 , 0
-0.480384 , 86.2654 , 0
-0.480825 , 86.2911 , 0
-0.481267 , 86.3169 , 0
-0.481709 , 86.3426 , 0
-0.482151 , 86.3684 , 0
-0.482593 , 86.3941 , 0
-0.483035 , 86.4198 , 0
-0.483477 , 86.4456 , 0
-0.483918 , 86.4713 , 0
-0.48436 , 86.4971 , 0
-0.484802 , 86.5228 , 0
-0.485244 , 86.5486 , 0
-0.485686 , 86.5743 , 0
-0.486128 , 86.6 , 0
-0.48657 , 86.6258 , 0
-0.487011 , 86.6515 , 0
-0.487453 , 86.6773 , 0
-0.487895 , 86.703 , 0
-0.488337 , 86.7288 , 0
-0.488779 , 86.7545 , 0
-0.489221 , 86.7802 , 0
-0.489663 , 86.806 , 0
-0.490105 , 86.8317 , 0
-0.490546 , 86.8575 , 0
-0.490988 , 86.8832 , 0
-0.49143 , 86.909 , 0
-0.491872 , 86.9347 , 0
-0.492314 , 86.9605 , 0
-0.492756 , 86.9862 , 0
-0.493198 , 87.0119 , 0
-0.493639 , 87.0377 , 0
-0.494081 , 87.0634 , 0
-0.494523 , 87.0892 , 0
-0.494965 , 87.1149 , 0
-0.495407 , 87.1407 , 0
-0.495849 , 87.1664 , 0
-0.496291 , 87.1921 , 0
-0.496732 , 87.2179 , 0
-0.497174 , 87.2436 , 0
-0.497616 , 87.2694 , 0
-0.498058 , 87.2951 , 0
-0.4985 , 87.3209 , 0
-0.498942 , 87.3466 , 0
-0.499384 , 87.3723 , 0
-0.499825 , 87.3981 , 0
-0.500267 , 87.4238 , 0
-0.500709 , 87.4496 , 0
-0.501151 , 87.4753 , 0
-0.501593 , 87.5011 , 0
-0.502035 , 87.5268 , 0
-0.502477 , 87.5525 , 0
-0.502918 , 87.5783 , 0
-0.50336 , 87.604 , 0
-0.503802 , 87.6298 , 0
-0.504244 , 87.6555 , 0
-0.504686 , 87.6813 , 0
-0.505128 , 87.707 , 0
-0.50557 , 87.7327 , 0
-0.506012 , 87.7585 , 0
-0.506453 , 87.7842 , 0
-0.506895 , 87.81 , 0
-0.507337 , 87.8357 , 0
-0.507779 , 87.8615 , 0
-0.508221 , 87.8872 , 0
-0.508663 , 87.9129 , 0
-0.509105 , 87.9387 , 0
-0.509546 , 87.9644 , 0
-0.509988 , 87.9902 , 0
-0.51043 , 88.0159 , 0
-0.510872 , 88.0417 , 0
-0.511314 , 88.0674 , 0
-0.511756 , 88.0932 , 0
-0.512198 , 88.1189 , 0
-0.512639 , 88.1446 , 0
-0.513081 , 88.1704 , 0
-0.513523 , 88.1961 , 0
-0.513965 , 88.2219 , 0
-0.514407 , 88.2476 , 0
-0.514849 , 88.2734 , 0
-0.515291 , 88.2991 , 0
-0.515732 , 88.3248 , 0
-0.516174 , 88.3506 , 0
-0.516616 , 88.3763 , 0
-0.517058 , 88.4021 , 0
-0.5175 , 88.4278 , 0
-0.517942 , 88.4536 , 0
-0.518384 , 88.4793 , 0
-0.518826 , 88.505 , 0
-0.519267 , 88.5308 , 0
-0.519709 , 88.5565 , 0
-0.520151 , 88.5823 , 0
-0.520593 , 88.608 , 0
-0.521035 , 88.6338 , 0
-0.521477 , 88.6595 , 0
-0.521919 , 88.6852 , 0
-0.52236 , 88.711 , 0
-0.522802 , 88.7367 , 0
-0.523244 , 88.7625 , 0
-0.523686 , 88.7882 , 0
-0.524128 , 88.814 , 0
-0.52457 , 88.8397 , 0
-0.525012 , 88.8654 , 0
-0.525453 , 88.8912 , 0
-0.525895 , 88.9169 , 0
-0.526337 , 88.9427 , 0
-0.526779 , 88.9684 , 0
-0.527221 , 88.9942 , 0
-0.527663 , 89.0199 , 0
-0.528105 , 89.0456 , 0
-0.528546 , 89.0714 , 0
-0.528988 , 89.0971 , 0
-0.52943 , 89.1229 , 0
-0.529872 , 89.1486 , 0
-0.530314 , 89.1744 , 0
-0.530756 , 89.2001 , 0
-0.531198 , 89.2259 , 0
-0.531639 , 89.2516 , 0
-0.532081 , 89.2773 , 0
-0.532523 , 89.3031 , 0
-0.532965 , 89.3288 , 0
-0.533407 , 89.3546 , 0
-0.533849 , 89.3803 , 0
-0.534291 , 89.4061 , 0
-0.534733 , 89.4318 , 0
-0.535174 , 89.4575 , 0
-0.535616 , 89.4833 , 0
-0.536058 , 89.509 , 0
-0.5365 , 89.5348 , 0
-0.536942 , 89.5605 , 0
-0.537384 , 89.5863 , 0
-0.537826 , 89.612 , 0
-0.538267 , 89.6377 , 0
-0.538709 , 89.6635 , 0
-0.539151 , 89.6892 , 0
-0.539593 , 89.715 , 0
-0.540035 , 89.7407 , 0
-0.540477 , 89.7665 , 0
-0.540919 , 89.7922 , 0
-0.54136 , 89.8179 , 0
-0.541802 , 89.8437 , 0
-0.542244 , 89.8694 , 0
-0.542686 , 89.8952 , 0
-0.543128 , 89.9209 , 0
-0.54357 , 89.9467 , 0
-0.544012 , 89.9724 , 0
-0.544453 , 89.9981 , 0
-0.544895 , 90.0239 , 0
-0.545337 , 90.0496 , 0
-0.545779 , 90.0754 , 0
-0.546221 , 90.1011 , 0
-0.546663 , 90.1269 , 0
-0.547105 , 90.1526 , 0
-0.547547 , 90.1783 , 0
-0.547988 , 90.2041 , 0
-0.54843 , 90.2298 , 0
-0.548872 , 90.2556 , 0
-0.549314 , 90.2813 , 0
-0.549756 , 90.3071 , 0
-0.550198 , 90.3328 , 0
-0.55064 , 90.3586 , 0
-0.551081 , 90.3843 , 0
-0.551523 , 90.41 , 0
-0.551965 , 90.4358 , 0
-0.552407 , 90.4615 , 0
-0.552849 , 90.4873 , 0
-0.553291 , 90.513 , 0
-0.553733 , 90.5388 , 0
-0.554174 , 90.5645 , 0
-0.554616 , 90.5902 , 0
-0.555058 , 90.616 , 0
-0.5555 , 90.6417 , 0
-0.555942 , 90.6675 , 0
-0.556384 , 90.6932 , 0
-0.556826 , 90.719 , 0
-0.557267 , 90.7447 , 0
-0.557709 , 90.7704 , 0
-0.558151 , 90.7962 , 0
-0.558593 , 90.8219 , 0
-0.559035 , 90.8477 , 0
-0.559477 , 90.8734 , 0
-0.559919 , 90.8992 , 0
-0.56036 , 90.9249 , 0
-0.560802 , 90.9506 , 0
-0.561244 , 90.9764 , 0
-0.561686 , 91.0021 , 0
-0.562128 , 91.0279 , 0
-0.56257 , 91.0536 , 0
-0.563012 , 91.0794 , 0
-0.563454 , 91.1051 , 0
-0.563895 , 91.1308 , 0
-0.564337 , 91.1566 , 0
-0.564779 , 91.1823 , 0
-0.565221 , 91.2081 , 0
-0.565663 , 91.2338 , 0
-0.566105 , 91.2596 , 0
-0.566547 , 91.2853 , 0
-0.566988 , 91.311 , 0
-0.56743 , 91.3368 , 0
-0.567872 , 91.3625 , 0
-0.568314 , 91.3883 , 0
-0.568756 , 91.414 , 0
-0.569198 , 91.4398 , 0
-0.56964 , 91.4655 , 0
-0.570081 , 91.4913 , 0
-0.570523 , 91.517 , 0
-0.570965 , 91.5427 , 0
-0.571407 , 91.5685 , 0
-0.571849 , 91.5942 , 0
-0.572291 , 91.62 , 0
-0.572733 , 91.6457 , 0
-0.573174 , 91.6715 , 0
-0.573616 , 91.6972 , 0
-0.574058 , 91.7229 , 0
-0.5745 , 91.7487 , 0
-0.574942 , 91.7744 , 0
-0.575384 , 91.8002 , 0
-0.575826 , 91.8259 , 0
-0.576268 , 91.8517 , 0
-0.576709 , 91.8774 , 0
-0.577151 , 91.9031 , 0
-0.577593 , 91.9289 , 0
-0.578035 , 91.9546 , 0
-0.578477 , 91.9804 , 0
-0.578919 , 92.0061 , 0
-0.579361 , 92.0319 , 0
-0.579802 , 92.0576 , 0
-0.580244 , 92.0833 , 0
-0.580686 , 92.1091 , 0
-0.581128 , 92.1348 , 0
-0.58157 , 92.1606 , 0
-0.582012 , 92.1863 , 0
-0.582454 , 92.2121 , 0
-0.582895 , 92.2378 , 0
-0.583337 , 92.2635 , 0
-0.583779 , 92.2893 , 0
-0.584221 , 92.315 , 0
-0.584663 , 92.3408 , 0
-0.585105 , 92.3665 , 0
-0.585547 , 92.3923 , 0
-0.585988 , 92.418 , 0
-0.58643 , 92.4437 , 0
-0.586872 , 92.4695 , 0
-0.587314 , 92.4952 , 0
-0.587756 , 92.521 , 0
-0.588198 , 92.5467 , 0
-0.58864 , 92.5725 , 0
-0.589081 , 92.5982 , 0
-0.589523 , 92.6239 , 0
-0.589965 , 92.6497 , 0
-0.590407 , 92.6754 , 0
-0.590849 , 92.7012 , 0
-0.591291 , 92.7269 , 0
-0.591733 , 92.7527 , 0
-0.592175 , 92.7784 , 0
-0.592616 , 92.8042 , 0
-0.593058 , 92.8299 , 0
-0.5935 , 92.8556 , 0
-0.593942 , 92.8814 , 0
-0.594384 , 92.9071 , 0
-0.594826 , 92.9329 , 0
-0.595268 , 92.9586 , 0
-0.595709 , 92.9844 , 0
-0.596151 , 93.0101 , 0
-0.596593 , 93.0358 , 0
-0.597035 , 93.0616 , 0
-0.597477 , 93.0873 , 0
-0.597919 , 93.1131 , 0
-0.598361 , 93.1388 , 0
-0.598802 , 93.1646 , 0
-0.599244 , 93.1903 , 0
-0.599686 , 93.216 , 0
-0.600128 , 93.2418 , 0
-0.60057 , 93.2675 , 0
-0.601012 , 93.2933 , 0
-0.601454 , 93.319 , 0
-0.601895 , 93.3448 , 0
-0.602337 , 93.3705 , 0
-0.602779 , 93.3962 , 0
-0.603221 , 93.422 , 0
-0.603663 , 93.4477 , 0
-0.604105 , 93.4735 , 0
-0.604547 , 93.4992 , 0
-0.604989 , 93.525 , 0
-0.60543 , 93.5507 , 0
-0.605872 , 93.5764 , 0
-0.606314 , 93.6022 , 0
-0.606756 , 93.6279 , 0
-0.607198 , 93.6537 , 0
-0.60764 , 93.6794 , 0
-0.608082 , 93.7052 , 0
-0.608523 , 93.7309 , 0
-0.608965 , 93.7566 , 0
-0.609407 , 93.7824 , 0
-0.609849 , 93.8081 , 0
-0.610291 , 93.8339 , 0
-0.610733 , 93.8596 , 0
-0.611175 , 93.8854 , 0
-0.611616 , 93.9111 , 0
-0.612058 , 93.9369 , 0
-0.6125 , 93.9626 , 0
-0.612942 , 93.9883 , 0
-0.613384 , 94.0141 , 0
-0.613826 , 94.0398 , 0
-0.614268 , 94.0656 , 0
-0.614709 , 94.0913 , 0
-0.615151 , 94.1171 , 0
-0.615593 , 94.1428 , 0
-0.616035 , 94.1685 , 0
-0.616477 , 94.1943 , 0
