x , y , z
1 , 0 , 0
0.999721 , 0.0171672 , 0
0.999163 , 0.0343292 , 0
0.998327 , 0.0514811 , 0
0.997212 , 0.0686177 , 0
0.995818 , 0.0857339 , 0
0.994146 , 0.102825 , 0
0.992197 , 0.119885 , 0
0.989971 , 0.136909 , 0
0.987468 , 0.153893 , 0
0.984689 , 0.170831 , 0
0.981635 , 0.187718 , 0
0.978307 , 0.20455 , 0
0.974706 , 0.22132 , 0
0.970834 , 0.238025 , 0
0.96669 , 0.254659 , 0
0.962277 , 0.271218 , 0
0.957595 , 0.287696 , 0
0.952647 , 0.304088 , 0
0.947433 , 0.32039 , 0
0.941956 , 0.336598 , 0
0.936217 , 0.352705 , 0
0.930218 , 0.368708 , 0
0.92396 , 0.384602 , 0
0.917446 , 0.400382 , 0
0.910678 , 0.416043 , 0
0.903657 , 0.431582 , 0
0.896386 , 0.446993 , 0
0.888868 , 0.462272 , 0
0.881104 , 0.477415 , 0
0.873097 , 0.492417 , 0
0.86485 , 0.507274 , 0
0.856364 , 0.521982 , 0
0.847643 , 0.536536 , 0
0.83869 , 0.550933 , 0
0.829506 , 0.565168 , 0
0.820095 , 0.579238 , 0
0.81046 , 0.593137 , 0
0.800604 , 0.606863 , 0
0.790529 , 0.620412 , 0
0.780239 , 0.633779 , 0
0.769737 , 0.646962 , 0
0.759026 , 0.659956 , 0
0.74811 , 0.672757 , 0
0.736991 , 0.685363 , 0
0.725673 , 0.69777 , 0
0.714159 , 0.709974 , 0
0.702453 , 0.721971 , 0
0.690558 , 0.73376 , 0
0.678478 , 0.745336 , 0
0.666216 , 0.756696 , 0
0.653776 , 0.767838 , 0
0.641162 , 0.778758 , 0
0.628377 , 0.789453 , 0
0.615425 , 0.79992 , 0
0.60231 , 0.810157 , 0
0.589036 , 0.820161 , 0
0.575606 , 0.829929 , 0
0.562025 , 0.839458 , 0
0.548296 , 0.848747 , 0
0.534423 , 0.857791 , 0
0.520411 , 0.86659 , 0
0.506263 , 0.87514 , 0
0.491983 , 0.88344 , 0
0.477575 , 0.891487 , 0
0.463044 , 0.899278 , 0
0.448393 , 0.906813 , 0
0.433628 , 0.914088 , 0
0.418751 , 0.921102 , 0
0.403767 , 0.927853 , 0
0.388681 , 0.934339 , 0
0.373496 , 0.940558 , 0
0.358217 , 0.946509 , 0
0.342848 , 0.95219 , 0
0.327393 , 0.957599 , 0
0.311858 , 0.962734 , 0
0.296245 , 0.967595 , 0
0.28056 , 0.97218 , 0
0.264806 , 0.976487 , 0
0.248989 , 0.980516 , 0
0.233112 , 0.984264 , 0
0.21718 , 0.987732 , 0
0.201198 , 0.990917 , 0
0.18517 , 0.993818 , 0
0.1691 , 0.996436 , 0
0.152993 , 0.998768 , 0
0.136853 , 1.00081 , 0
0.120686 , 1.00257 , 0
0.104494 , 1.00404 , 0
0.0882838 , 1.00523 , 0
0.0720589 , 1.00612 , 0
0.0558241 , 1.00673 , 0
0.0395839 , 1.00704 , 0
0.023343 , 1.00706 , 0
0.00710593 , 1.0068 , 0
-0.00912266 , 1.00624 , 0
-0.0253381 , 1.00539 , 0
-0.0415359 , 1.00424 , 0
-0.0577112 , 1.00281 , 0
-0.0738595 , 1.00108 , 0
-0.0899759 , 0.999065 , 0
-0.106056 , 0.996754 , 0
-0.122095 , 0.994151 , 0
-0.138088 , 0.991256 , 0
-0.15403 , 0.98807 , 0
-0.169917 , 0.984591 , 0
-0.185744 , 0.980822 , 0
-0.201506 , 0.976761 , 0
-0.217199 , 0.97241 , 0
-0.232816 , 0.967769 , 0
-0.248355 , 0.962839 , 0
-0.26381 , 0.957619 , 0
-0.279175 , 0.952112 , 0
-0.294447 , 0.946317 , 0
-0.30962 , 0.940235 , 0
-0.32469 , 0.933867 , 0
-0.339651 , 0.927215 , 0
-0.354498 , 0.920279 , 0
-0.369228 , 0.91306 , 0
-0.383834 , 0.905559 , 0
-0.398313 , 0.897777 , 0
-0.412658 , 0.889717 , 0
-0.426865 , 0.881378 , 0
-0.440929 , 0.872763 , 0
-0.454845 , 0.863873 , 0
-0.468608 , 0.85471 , 0
-0.482213 , 0.845274 , 0
-0.495655 , 0.835569 , 0
-0.508928 , 0.825595 , 0
-0.522028 , 0.815354 , 0
-0.53495 , 0.804849 , 0
-0.547689 , 0.794082 , 0
-0.560238 , 0.783054 , 0
-0.572595 , 0.771768 , 0
-0.584752 , 0.760226 , 0
-0.596705 , 0.74843 , 0
-0.60845 , 0.736383 , 0
-0.619979 , 0.724088 , 0
-0.63129 , 0.711547 , 0
-0.642376 , 0.698762 , 0
-0.653232 , 0.685737 , 0
-0.663853 , 0.672475 , 0
-0.674233 , 0.658979 , 0
-0.684369 , 0.645251 , 0
-0.694253 , 0.631296 , 0
-0.703881 , 0.617116 , 0
-0.713249 , 0.602714 , 0
-0.72235 , 0.588096 , 0
-0.731179 , 0.573264 , 0
-0.739732 , 0.558221 , 0
-0.748002 , 0.542973 , 0
-0.755985 , 0.527523 , 0
-0.763676 , 0.511876 , 0
-0.771069 , 0.496035 , 0
-0.778159 , 0.480005 , 0
-0.784941 , 0.463792 , 0
-0.791409 , 0.447399 , 0
-0.79756 , 0.430831 , 0
-0.803386 , 0.414094 , 0
-0.808884 , 0.397192 , 0
-0.814049 , 0.380132 , 0
-0.818875 , 0.362918 , 0
-0.823357 , 0.345557 , 0
-0.82749 , 0.328054 , 0
-0.83127 , 0.310415 , 0
-0.834691 , 0.292646 , 0
-0.837749 , 0.274753 , 0
-0.84044 , 0.256744 , 0
-0.842757 , 0.238625 , 0
-0.844697 , 0.220402 , 0
-0.846255 , 0.202083 , 0
-0.847427 , 0.183675 , 0
-0.848208 , 0.165186 , 0
-0.848594 , 0.146622 , 0
-0.84858 , 0.127992 , 0
-0.848164 , 0.109304 , 0
-0.84734 , 0.0905666 , 0
-0.846105 , 0.0717872 , 0
-0.844455 , 0.0529749 , 0
-0.842387 , 0.0341384 , 0
-0.839897 , 0.0152868 , 0
-0.836981 , -0.00357067 , 0
-0.833638 , -0.0224246 , 0
-0.829863 , -0.0412654 , 0
-0.825655 , -0.0600831 , 0
-0.82101 , -0.0788678 , 0
-0.815926 , -0.0976092 , 0
-0.810401 , -0.116297 , 0
-0.804434 , -0.13492 , 0
-0.798022 , -0.153468 , 0
-0.791165 , -0.17193 , 0
-0.783861 , -0.190294 , 0
-0.776109 , -0.208549 , 0
-0.767909 , -0.226684 , 0
-0.75926 , -0.244686 , 0
-0.750164 , -0.262544 , 0
-0.740619 , -0.280246 , 0
-0.730628 , -0.297779 , 0
-0.72019 , -0.315132 , 0
-0.709308 , -0.33229 , 0
-0.697984 , -0.349243 , 0
-0.68622 , -0.365976 , 0
-0.674018 , -0.382478 , 0
-0.661382 , -0.398735 , 0
-0.648315 , -0.414735 , 0
-0.634822 , -0.430464 , 0
-0.620906 , -0.445909 , 0
-0.606574 , -0.461057 , 0
-0.591829 , -0.475895 , 0
-0.576679 , -0.490411 , 0
-0.56113 , -0.50459 , 0
-0.545188 , -0.518421 , 0
-0.528862 , -0.53189 , 0
-0.512158 , -0.544984 , 0
-0.495086 , -0.557692 , 0
-0.477655 , -0.57 , 0
-0.459873 , -0.581897 , 0
-0.441752 , -0.59337 , 0
-0.423302 , -0.604408 , 0
-0.404533 , -0.615 , 0
-0.385458 , -0.625134 , 0
-0.366089 , -0.6348 , 0
-0.346437 , -0.643987 , 0
-0.326517 , -0.652686 , 0
-0.306341 , -0.660886 , 0
-0.285924 , -0.668578 , 0
-0.26528 , -0.675755 , 0
-0.244424 , -0.682407 , 0
-0.22337 , -0.688528 , 0
-0.202136 , -0.694111 , 0
-0.180735 , -0.699148 , 0
-0.159185 , -0.703634 , 0
-0.137503 , -0.707564 , 0
-0.115703 , -0.710933 , 0
-0.0938051 , -0.713738 , 0
-0.0718245 , -0.715975 , 0
-0.0497788 , -0.717642 , 0
-0.0276856 , -0.718736 , 0
-0.00556224 , -0.719257 , 0
0.0165738 , -0.719204 , 0
0.0387051 , -0.718578 , 0
0.0608142 , -0.717379 , 0
0.0828836 , -0.715609 , 0
0.104896 , -0.71327 , 0
0.126835 , -0.710367 , 0
0.148682 , -0.706901 , 0
0.170423 , -0.702878 , 0
0.192038 , -0.698303 , 0
0.213514 , -0.693182 , 0
0.234834 , -0.68752 , 0
0.255982 , -0.681325 , 0
0.276943 , -0.674604 , 0
0.297702 , -0.667366 , 0
0.318246 , -0.659619 , 0
0.33856 , -0.651372 , 0
0.358632 , -0.642635 , 0
0.378447 , -0.633417 , 0
0.397993 , -0.623729 , 0
0.41726 , -0.613582 , 0
0.436235 , -0.602987 , 0
0.454907 , -0.591956 , 0
0.473267 , -0.5805 , 0
0.491304 , -0.568631 , 0
0.50901 , -0.556362 , 0
0.526376 , -0.543705 , 0
0.543394 , -0.530672 , 0
0.560056 , -0.517277 , 0
0.576356 , -0.503532 , 0
0.592286 , -0.48945 , 0
0.607843 , -0.475044 , 0
0.623019 , -0.460327 , 0
0.63781 , -0.445312 , 0
0.652213 , -0.430013 , 0
0.666222 , -0.414441 , 0
0.679836 , -0.398611 , 0
0.693051 , -0.382534 , 0
0.705865 , -0.366223 , 0
0.718276 , -0.349692 , 0
0.730283 , -0.332952 , 0
0.741884 , -0.316016 , 0
0.75308 , -0.298896 , 0
0.763869 , -0.281604 , 0
0.774253 , -0.264151 , 0
0.78423 , -0.24655 , 0
0.793804 , -0.228811 , 0
0.802973 , -0.210946 , 0
0.811741 , -0.192966 , 0
0.820109 , -0.174881 , 0
0.828078 , -0.156702 , 0
0.835651 , -0.138438 , 0
0.842831 , -0.120101 , 0
0.849621 , -0.1017 , 0
0.856023 , -0.0832435 , 0
0.86204 , -0.0647418 , 0
0.867677 , -0.0462036 , 0
0.872936 , -0.0276377 , 0
0.877821 , -0.00905248 , 0
0.882336 , 0.0095437 , 0
0.886485 , 0.0281428 , 0
0.890273 , 0.0467372 , 0
0.893703 , 0.0653192 , 0
0.896779 , 0.0838815 , 0
0.899507 , 0.102417 , 0
0.90189 , 0.120919 , 0
0.903934 , 0.139381 , 0
0.905643 , 0.157797 , 0
0.907021 , 0.17616 , 0
0.908073 , 0.194464 , 0
0.908805 , 0.212704 , 0
0.90922 , 0.230873 , 0
0.909325 , 0.248968 , 0
0.909123 , 0.266982 , 0
0.90862 , 0.284911 , 0
0.90782 , 0.30275 , 0
0.906729 , 0.320495 , 0
0.905351 , 0.33814 , 0
0.903691 , 0.355682 , 0
0.901754 , 0.373117 , 0
0.899546 , 0.390441 , 0
0.89707 , 0.40765 , 0
0.894332 , 0.42474 , 0
0.891336 , 0.441709 , 0
0.888088 , 0.458553 , 0
0.884591 , 0.475268 , 0
0.880852 , 0.491852 , 0
0.876874 , 0.508302 , 0
0.872662 , 0.524615 , 0
0.86822 , 0.540789 , 0
0.863554 , 0.556821 , 0
0.858668 , 0.572708 , 0
0.853566 , 0.588449 , 0
0.848253 , 0.604042 , 0
0.842733 , 0.619483 , 0
0.837011 , 0.634772 , 0
0.83109 , 0.649907 , 0
0.824975 , 0.664885 , 0
0.818671 , 0.679706 , 0
0.81218 , 0.694367 , 0
0.805509 , 0.708867 , 0
0.79866 , 0.723204 , 0
0.791637 , 0.737378 , 0
0.784445 , 0.751387 , 0
0.777087 , 0.76523 , 0
0.769567 , 0.778906 , 0
0.761889 , 0.792413 , 0
0.754057 , 0.805752 , 0
0.746074 , 0.81892 , 0
0.737945 , 0.831917 , 0
0.729672 , 0.844742 , 0
0.721259 , 0.857395 , 0
0.712709 , 0.869874 , 0
0.704027 , 0.88218 , 0
0.695215 , 0.894311 , 0
0.686277 , 0.906267 , 0
0.677216 , 0.918047 , 0
0.668035 , 0.929652 , 0
0.658738 , 0.94108 , 0
0.649327 , 0.952332 , 0
0.639806 , 0.963406 , 0
0.630177 , 0.974303 , 0
0.620445 , 0.985022 , 0
0.610611 , 0.995563 , 0
0.600679 , 1.00593 , 0
0.590651 , 1.01611 , 0
0.58053 , 1.02612 , 0
0.57032 , 1.03594 , 0
0.560023 , 1.04559 , 0
0.549641 , 1.05506 , 0
0.539177 , 1.06435 , 0
0.528634 , 1.07347 , 0
0.518015 , 1.0824 , 0
0.507322 , 1.09115 , 0
0.496557 , 1.09973 , 0
0.485723 , 1.10813 , 0
0.474823 , 1.11635 , 0
0.463858 , 1.12438 , 0
0.452832 , 1.13225 , 0
0.441746 , 1.13993 , 0
0.430603 , 1.14743 , 0
0.419406 , 1.15476 , 0
0.408155 , 1.16191 , 0
0.396855 , 1.16888 , 0
0.385506 , 1.17567 , 0
0.374111 , 1.18228 , 0
0.362672 , 1.18872 , 0
0.351191 , 1.19498 , 0
0.339671 , 1.20106 , 0
0.328113 , 1.20697 , 0
0.316519 , 1.2127 , 0
0.304891 , 1.21825 , 0
0.293232 , 1.22363 , 0
0.281543 , 1.22883 , 0
0.269826 , 1.23386 , 0
0.258083 , 1.23871 , 0
0.246316 , 1.24339 , 0
0.234527 , 1.24789 , 0
0.222717 , 1.25221 , 0
0.210889 , 1.25636 , 0
0.199044 , 1.26034 , 0
0.187184 , 1.26415 , 0
0.17531 , 1.26778 , 0
0.163426 , 1.27123 , 0
0.151531 , 1.27452 , 0
0.139628 , 1.27763 , 0
0.127719 , 1.28057 , 0
0.115805 , 1.28334 , 0
0.103888 , 1.28593 , 0
0.09197 , 1.28836 , 0
0.0800519 , 1.29061 , 0
0.0681356 , 1.29269 , 0
0.0562227 , 1.2946 , 0
0.0443149 , 1.29634 , 0
0.0324136 , 1.29791 , 0
0.0205205 , 1.29931 , 0
0.00863712 , 1.30054 , 0
-0.00323498 , 1.3016 , 0
-0.0150943 , 1.30249 , 0
-0.0269392 , 1.30321 , 0
-0.0387683 , 1.30377 , 0
-0.05058 , 1.30415 , 0
-0.0623728 , 1.30437 , 0
-0.0741452 , 1.30442 , 0
-0.0858958 , 1.3043 , 0
-0.097623 , 1.30401 , 0
-0.109325 , 1.30356 , 0
-0.121001 , 1.30294 , 0
-0.13265 , 1.30215 , 0
-0.144269 , 1.3012 , 0
-0.155857 , 1.30008 , 0
-0.167413 , 1.2988 , 0
-0.178936 , 1.29734 , 0
-0.190423 , 1.29573 , 0
-0.201874 , 1.29394 , 0
-0.213286 , 1.292 , 0
-0.22466 , 1.28988 , 0
-0.235992 , 1.2876 , 0
-0.247282 , 1.28516 , 0
-0.258529 , 1.28256 , 0
-0.26973 , 1.27979 , 0
-0.280884 , 1.27685 , 0
-0.29199 , 1.27375 , 0
-0.303046 , 1.27049 , 0
-0.314051 , 1.26706 , 0
-0.325004 , 1.26347 , 0
-0.335902 , 1.25972 , 0
-0.346745 , 1.25581 , 0
-0.357531 , 1.25173 , 0
-0.368258 , 1.24749 , 0
-0.378925 , 1.24308 , 0
-0.389531 , 1.23852 , 0
-0.400073 , 1.23379 , 0
-0.410551 , 1.2289 , 0
-0.420962 , 1.22385 , 0
-0.431306 , 1.21863 , 0
-0.441581 , 1.21326 , 0
-0.451784 , 1.20772 , 0
-0.461915 , 1.20202 , 0
-0.471972 , 1.19616 , 0
-0.481953 , 1.19014 , 0
-0.491857 , 1.18395 , 0
-0.501682 , 1.17761 , 0
-0.511427 , 1.17111 , 0
-0.521089 , 1.16444 , 0
-0.530667 , 1.15761 , 0
-0.540159 , 1.15063 , 0
-0.549564 , 1.14348 , 0
-0.55888 , 1.13617 , 0
-0.568104 , 1.1287 , 0
-0.577236 , 1.12107 , 0
-0.586273 , 1.11328 , 0
-0.595214 , 1.10533 , 0
-0.604056 , 1.09722 , 0
-0.612799 , 1.08895 , 0
-0.621439 , 1.08052 , 0
-0.629975 , 1.07193 , 0
-0.638405 , 1.06318 , 0
-0.646726 , 1.05428 , 0
-0.654938 , 1.04521 , 0
-0.663037 , 1.03598 , 0
-0.671023 , 1.02659 , 0
-0.678891 , 1.01704 , 0
-0.686641 , 1.00734 , 0
-0.69427 , 0.997471 , 0
-0.701776 , 0.987446 , 0
-0.709157 , 0.977262 , 0
-0.71641 , 0.966918 , 0
-0.723533 , 0.956416 , 0
-0.730523 , 0.945755 , 0
-0.737378 , 0.934936 , 0
-0.744095 , 0.923958 , 0
-0.750673 , 0.912821 , 0
-0.757107 , 0.901526 , 0
-0.763396 , 0.890073 , 0
-0.769537 , 0.878462 , 0
-0.775527 , 0.866693 , 0
-0.781363 , 0.854766 , 0
-0.787042 , 0.842682 , 0
-0.792561 , 0.83044 , 0
-0.797917 , 0.818042 , 0
-0.803107 , 0.805486 , 0
-0.808129 , 0.792774 , 0
-0.812977 , 0.779906 , 0
-0.81765 , 0.766882 , 0
-0.822143 , 0.753701 , 0
-0.826454 , 0.740366 , 0
-0.830578 , 0.726876 , 0
-0.834512 , 0.713231 , 0
-0.838252 , 0.699432 , 0
-0.841793 , 0.685479 , 0
-0.845133 , 0.671373 , 0
-0.848267 , 0.657115 , 0
-0.851191 , 0.642705 , 0
-0.8539 , 0.628143 , 0
-0.85639 , 0.613431 , 0
-0.858656 , 0.598569 , 0
-0.860694 , 0.583558 , 0
-0.862498 , 0.568399 , 0
-0.864064 , 0.553093 , 0
-0.865387 , 0.537641 , 0
-0.866461 , 0.522044 , 0
-0.86728 , 0.506304 , 0
-0.86784 , 0.49042 , 0
-0.868134 , 0.474396 , 0
-0.868156 , 0.458233 , 0
-0.8679 , 0.441932 , 0
-0.86736 , 0.425495 , 0
-0.86653 , 0.408923 , 0
-0.865401 , 0.39222 , 0
-0.863968 , 0.375387 , 0
-0.862223 , 0.358427 , 0
-0.860159 , 0.341342 , 0
-0.857768 , 0.324135 , 0
-0.855042 , 0.30681 , 0
-0.851973 , 0.289369 , 0
-0.848552 , 0.271816 , 0
-0.84477 , 0.254155 , 0
-0.840619 , 0.23639 , 0
-0.836089 , 0.218525 , 0
-0.83117 , 0.200566 , 0
-0.825853 , 0.182518 , 0
-0.820126 , 0.164386 , 0
-0.81398 , 0.146177 , 0
-0.807403 , 0.127896 , 0
-0.800383 , 0.109552 , 0
-0.792909 , 0.0911524 , 0
-0.78497 , 0.072705 , 0
-0.776551 , 0.0542192 , 0
-0.767641 , 0.0357049 , 0
-0.758225 , 0.0171729 , 0
-0.748291 , -0.0013653 , 0
-0.737824 , -0.0198971 , 0
-0.72681 , -0.0384087 , 0
-0.715234 , -0.0568855 , 0
-0.703081 , -0.0753114 , 0
-0.690335 , -0.0936689 , 0
-0.676982 , -0.111939 , 0
-0.663005 , -0.130102 , 0
-0.648388 , -0.148134 , 0
-0.633115 , -0.166013 , 0
-0.617171 , -0.183711 , 0
-0.600539 , -0.201201 , 0
-0.583205 , -0.218451 , 0
-0.565153 , -0.235429 , 0
-0.546369 , -0.252099 , 0
-0.52684 , -0.268422 , 0
-0.506554 , -0.284357 , 0
-0.485501 , -0.299857 , 0
-0.463672 , -0.314877 , 0
-0.44106 , -0.329363 , 0
-0.417664 , -0.343261 , 0
-0.393482 , -0.356513 , 0
-0.36852 , -0.369056 , 0
-0.342787 , -0.380827 , 0
-0.316297 , -0.391757 , 0
-0.289071 , -0.401776 , 0
-0.261137 , -0.410812 , 0
-0.23253 , -0.418792 , 0
-0.203293 , -0.425643 , 0
-0.17348 , -0.431291 , 0
-0.143152 , -0.435668 , 0
-0.112382 , -0.438707 , 0
-0.0812486 , -0.440347 , 0
-0.0498432 , -0.440534 , 0
-0.0182635 , -0.439225 , 0
0.0133852 , -0.436385 , 0
0.0449921 , -0.431992 , 0
0.076443 , -0.426038 , 0
0.107622 , -0.418528 , 0
0.138413 , -0.409483 , 0
0.168705 , -0.398935 , 0
0.198391 , -0.386934 , 0
0.227371 , -0.373537 , 0
0.255556 , -0.358816 , 0
0.282866 , -0.34285 , 0
0.309233 , -0.325726 , 0
0.334599 , -0.307533 , 0
0.35892 , -0.288367 , 0
0.382164 , -0.268322 , 0
0.404308 , -0.247491 , 0
0.425339 , -0.225967 , 0
0.445254 , -0.203839 , 0
0.464058 , -0.18119 , 0
0.481762 , -0.1581 , 0
0.498383 , -0.134643 , 0
0.513943 , -0.110889 , 0
0.528467 , -0.0869011 , 0
0.541984 , -0.0627368 , 0
0.554524 , -0.0384491 , 0
0.566119 , -0.0140858 , 0
0.576801 , 0.01031 , 0
0.586605 , 0.0346999 , 0
0.595564 , 0.0590493 , 0
0.603711 , 0.0833275 , 0
0.611078 , 0.107507 , 0
0.617699 , 0.131565 , 0
0.623604 , 0.155479 , 0
0.628824 , 0.179231 , 0
0.633387 , 0.202804 , 0
0.637324 , 0.226185 , 0
0.640661 , 0.249361 , 0
0.643424 , 0.272322 , 0
0.645638 , 0.295058 , 0
0.647328 , 0.317562 , 0
0.648517 , 0.339827 , 0
0.649226 , 0.361849 , 0
0.649477 , 0.383622 , 0
0.64929 , 0.405143 , 0
0.648684 , 0.426409 , 0
0.647677 , 0.447418 , 0
0.646287 , 0.468168 , 0
0.64453 , 0.488658 , 0
0.642422 , 0.508888 , 0
0.639979 , 0.528857 , 0
0.637214 , 0.548565 , 0
0.634142 , 0.568014 , 0
0.630775 , 0.587203 , 0
0.627127 , 0.606134 , 0
0.623208 , 0.624807 , 0
0.619031 , 0.643225 , 0
0.614606 , 0.661388 , 0
0.609944 , 0.679299 , 0
0.605054 , 0.696959 , 0
0.599947 , 0.714371 , 0
0.59463 , 0.731535 , 0
0.589114 , 0.748454 , 0
0.583406 , 0.765131 , 0
0.577514 , 0.781567 , 0
0.571445 , 0.797764 , 0
0.565208 , 0.813726 , 0
0.558809 , 0.829453 , 0
0.552255 , 0.844949 , 0
0.545552 , 0.860216 , 0
0.538706 , 0.875255 , 0
0.531724 , 0.89007 , 0
0.52461 , 0.904662 , 0
0.517372 , 0.919033 , 0
0.510013 , 0.933187 , 0
0.502539 , 0.947125 , 0
0.494954 , 0.96085 , 0
0.487264 , 0.974363 , 0
0.479473 , 0.987667 , 0
0.471585 , 1.00076 , 0
0.463605 , 1.01366 , 0
0.455536 , 1.02635 , 0
0.447382 , 1.03884 , 0
0.439148 , 1.05113 , 0
0.430836 , 1.06322 , 0
0.422451 , 1.07512 , 0
0.413995 , 1.08683 , 0
0.405472 , 1.09834 , 0
0.396885 , 1.10967 , 0
0.388237 , 1.12082 , 0
0.379531 , 1.13177 , 0
0.370769 , 1.14255 , 0
0.361955 , 1.15314 , 0
0.353092 , 1.16355 , 0
0.344181 , 1.17379 , 0
0.335226 , 1.18385 , 0
0.326228 , 1.19374 , 0
0.31719 , 1.20345 , 0
0.308115 , 1.21299 , 0
0.299004 , 1.22237 , 0
0.28986 , 1.23157 , 0
0.280684 , 1.24061 , 0
0.271479 , 1.24949 , 0
0.262247 , 1.2582 , 0
0.25299 , 1.26675 , 0
0.243709 , 1.27515 , 0
0.234406 , 1.28338 , 0
0.225083 , 1.29145 , 0
0.215741 , 1.29937 , 0
0.206383 , 1.30714 , 0
0.19701 , 1.31475 , 0
0.187623 , 1.32221 , 0
0.178224 , 1.32952 , 0
0.168815 , 1.33669 , 0
0.159396 , 1.3437 , 0
0.14997 , 1.35057 , 0
0.140537 , 1.35729 , 0
0.131099 , 1.36386 , 0
0.121657 , 1.3703 , 0
0.112213 , 1.37659 , 0
0.102768 , 1.38274 , 0
0.0933221 , 1.38875 , 0
0.0838776 , 1.39462 , 0
0.0744353 , 1.40036 , 0
0.0649964 , 1.40595 , 0
0.0555619 , 1.41142 , 0
0.0461329 , 1.41674 , 0
0.0367104 , 1.42194 , 0
0.0272955 , 1.427 , 0
0.0178892 , 1.43193 , 0
0.00849238 , 1.43673 , 0
-0.000893958 , 1.4414 , 0
-0.0102689 , 1.44594 , 0
-0.0196315 , 1.45035 , 0
-0.0289808 , 1.45463 , 0
-0.0383161 , 1.45879 , 0
-0.0476364 , 1.46282 , 0
-0.0569409 , 1.46673 , 0
-0.0662288 , 1.47052 , 0
-0.0754993 , 1.47418 , 0
-0.0847515 , 1.47772 , 0
-0.0939847 , 1.48113 , 0
-0.103198 , 1.48443 , 0
-0.112391 , 1.4876 , 0
-0.121563 , 1.49066 , 0
-0.130712 , 1.4936 , 0
-0.139839 , 1.49642 , 0
-0.148943 , 1.49912 , 0
-0.158022 , 1.50171 , 0
-0.167077 , 1.50418 , 0
-0.176106 , 1.50654 , 0
-0.18511 , 1.50878 , 0
-0.194086 , 1.5109 , 0
-0.203035 , 1.51292 , 0
-0.211956 , 1.51482 , 0
-0.220849 , 1.5166 , 0
-0.229712 , 1.51828 , 0
-0.238545 , 1.51984 , 0
-0.247348 , 1.5213 , 0
-0.25612 , 1.52264 , 0
-0.264861 , 1.52388 , 0
-0.273569 , 1.525 , 0
-0.282245 , 1.52602 , 0
-0.290887 , 1.52693 , 0
-0.299495 , 1.52773 , 0
-0.308069 , 1.52843 , 0
-0.316608 , 1.52902 , 0
-0.325112 , 1.5295 , 0
-0.333579 , 1.52987 , 0
-0.34201 , 1.53015 , 0
-0.350405 , 1.53031 , 0
-0.358761 , 1.53037 , 0
-0.367079 , 1.53033 , 0
-0.375359 , 1.53019 , 0
-0.3836 , 1.52994 , 0
-0.391801 , 1.52959 , 0
-0.399962 , 1.52913 , 0
-0.408083 , 1.52858 , 0
-0.416162 , 1.52792 , 0
-0.4242 , 1.52716 , 0
-0.432196 , 1.5263 , 0
-0.440149 , 1.52534 , 0
-0.448059 , 1.52428 , 0
-0.455926 , 1.52311 , 0
-0.463749 , 1.52185 , 0
-0.471527 , 1.52049 , 0
-0.47926 , 1.51903 , 0
-0.486948 , 1.51747 , 0
-0.494591 , 1.51582 , 0
-0.502186 , 1.51406 , 0
-0.509735 , 1.51221 , 0
-0.517237 , 1.51026 , 0
-0.52469 , 1.50821 , 0
-0.532096 , 1.50606 , 0
-0.539453 , 1.50382 , 0
-0.54676 , 1.50148 , 0
-0.554018 , 1.49904 , 0
-0.561226 , 1.4965 , 0
-0.568383 , 1.49387 , 0
-0.575489 , 1.49115 , 0
-0.582543 , 1.48832 , 0
-0.589545 , 1.48541 , 0
-0.596495 , 1.48239 , 0
-0.603392 , 1.47928 , 0
-0.610235 , 1.47608 , 0
-0.617024 , 1.47278 , 0
-0.623758 , 1.46938 , 0
-0.630438 , 1.46589 , 0
-0.637062 , 1.46231 , 0
-0.64363 , 1.45863 , 0
-0.650141 , 1.45485 , 0
-0.656596 , 1.45098 , 0
-0.662992 , 1.44702 , 0
-0.669331 , 1.44296 , 0
-0.675611 , 1.43881 , 0
-0.681832 , 1.43457 , 0
-0.687993 , 1.43023 , 0
-0.694095 , 1.42579 , 0
-0.700135 , 1.42127 , 0
-0.706114 , 1.41664 , 0
-0.712031 , 1.41193 , 0
-0.717886 , 1.40712 , 0
-0.723678 , 1.40221 , 0
-0.729407 , 1.39722 , 0
-0.735071 , 1.39212 , 0
-0.74067 , 1.38694 , 0
-0.746205 , 1.38166 , 0
-0.751673 , 1.37629 , 0
-0.757075 , 1.37082 , 0
-0.76241 , 1.36526 , 0
-0.767677 , 1.3596 , 0
-0.772875 , 1.35385 , 0
-0.778005 , 1.34801 , 0
-0.783065 , 1.34207 , 0
-0.788054 , 1.33604 , 0
-0.792973 , 1.32991 , 0
-0.79782 , 1.32369 , 0
-0.802594 , 1.31737 , 0
-0.807296 , 1.31096 , 0
-0.811923 , 1.30446 , 0
-0.816476 , 1.29786 , 0
-0.820954 , 1.29116 , 0
-0.825356 , 1.28437 , 0
-0.829681 , 1.27749 , 0
-0.833928 , 1.2705 , 0
-0.838097 , 1.26343 , 0
-0.842187 , 1.25625 , 0
-0.846197 , 1.24898 , 0
-0.850125 , 1.24162 , 0
-0.853973 , 1.23416 , 0
-0.857737 , 1.2266 , 0
-0.861418 , 1.21894 , 0
-0.865015 , 1.21119 , 0
-0.868526 , 1.20334 , 0
-0.871951 , 1.19539 , 0
-0.875289 , 1.18734 , 0
-0.878538 , 1.1792 , 0
-0.881699 , 1.17096 , 0
-0.884769 , 1.16261 , 0
-0.887747 , 1.15417 , 0
-0.890633 , 1.14563 , 0
-0.893426 , 1.13699 , 0
-0.896124 , 1.12825 , 0
-0.898726 , 1.11941 , 0
-0.901231 , 1.11047 , 0
-0.903637 , 1.10143 , 0
-0.905944 , 1.09228 , 0
-0.908151 , 1.08304 , 0
-0.910255 , 1.07369 , 0
-0.912256 , 1.06424 , 0
-0.914151 , 1.05468 , 0
-0.915941 , 1.04502 , 0
-0.917623 , 1.03526 , 0
-0.919195 , 1.02539 , 0
-0.920657 , 1.01542 , 0
-0.922006 , 1.00534 , 0
-0.923242 , 0.995158 , 0
-0.924361 , 0.984867 , 0
-0.925364 , 0.974468 , 0
-0.926247 , 0.963961 , 0
-0.927009 , 0.953346 , 0
-0.927648 , 0.942622 , 0
-0.928162 , 0.931788 , 0
-0.928549 , 0.920844 , 0
-0.928808 , 0.909789 , 0
-0.928935 , 0.898622 , 0
-0.928929 , 0.887343 , 0
-0.928788 , 0.875951 , 0
-0.928508 , 0.864445 , 0
-0.928089 , 0.852824 , 0
-0.927526 , 0.841089 , 0
-0.926818 , 0.829237 , 0
-0.925961 , 0.817269 , 0
-0.924954 , 0.805183 , 0
-0.923793 , 0.792978 , 0
-0.922475 , 0.780654 , 0
-0.920997 , 0.76821 , 0
-0.919356 , 0.755645 , 0
-0.917548 , 0.742958 , 0
-0.915569 , 0.730148 , 0
-0.913417 , 0.717214 , 0
-0.911088 , 0.704156 , 0
-0.908577 , 0.690971 , 0
-0.90588 , 0.67766 , 0
-0.902994 , 0.66422 , 0
-0.899913 , 0.650652 , 0
-0.896632 , 0.636954 , 0
-0.893148 , 0.623125 , 0
-0.889455 , 0.609163 , 0
-0.885547 , 0.595068 , 0
-0.881419 , 0.580839 , 0
-0.877065 , 0.566474 , 0
-0.872479 , 0.551972 , 0
-0.867654 , 0.537333 , 0
-0.862584 , 0.522554 , 0
-0.85726 , 0.507635 , 0
-0.851677 , 0.492574 , 0
-0.845825 , 0.477371 , 0
-0.839696 , 0.462025 , 0
-0.833281 , 0.446533 , 0
-0.826571 , 0.430895 , 0
-0.819555 , 0.41511 , 0
-0.812223 , 0.399177 , 0
-0.804564 , 0.383095 , 0
-0.796566 , 0.366864 , 0
-0.788215 , 0.350481 , 0
-0.779498 , 0.333948 , 0
-0.770399 , 0.317262 , 0
-0.760904 , 0.300425 , 0
-0.750995 , 0.283435 , 0
-0.740655 , 0.266293 , 0
-0.729862 , 0.249 , 0
-0.718597 , 0.231557 , 0
-0.706835 , 0.213964 , 0
-0.694552 , 0.196225 , 0
-0.681721 , 0.178341 , 0
-0.668313 , 0.160316 , 0
-0.654293 , 0.142155 , 0
-0.639628 , 0.123864 , 0
-0.624278 , 0.10545 , 0
-0.608199 , 0.086923 , 0
-0.591344 , 0.068295 , 0
-0.573659 , 0.0495809 , 0
-0.555085 , 0.0307995 , 0
-0.535556 , 0.0119746 , 0
-0.514998 , -0.00686399 , 0
-0.493325 , -0.0256786 , 0
-0.470443 , -0.0444211 , 0
-0.446244 , -0.0630304 , 0
-0.420606 , -0.0814276 , 0
-0.393388 , -0.0995104 , 0
-0.364433 , -0.117145 , 0
-0.33356 , -0.134155 , 0
-0.300569 , -0.150305 , 0
-0.265242 , -0.165279 , 0
-0.227351 , -0.178648 , 0
-0.186686 , -0.18983 , 0
-0.143104 , -0.198038 , 0
-0.0966286 , -0.202236 , 0
-0.0476217 , -0.201131 , 0
0.00297651 , -0.193304 , 0
0.0534553 , -0.177583 , 0
0.101466 , -0.153647 , 0
0.144688 , -0.122448 , 0
0.18165 , -0.0859407 , 0
0.212017 , -0.0463019 , 0
0.236272 , -0.00531782 , 0
0.255254 , 0.0357953 , 0
0.269843 , 0.0763029 , 0
0.280828 , 0.115801 , 0
0.288862 , 0.154093 , 0
0.294472 , 0.191102 , 0
0.298077 , 0.22682 , 0
0.300012 , 0.261277 , 0
0.300544 , 0.294523 , 0
0.299889 , 0.326616 , 0
0.298222 , 0.357616 , 0
0.295687 , 0.387584 , 0
0.2924 , 0.416579 , 0
0.288462 , 0.444654 , 0
0.283954 , 0.471862 , 0
0.278947 , 0.49825 , 0
0.273501 , 0.523862 , 0
0.267665 , 0.548738 , 0
0.261485 , 0.572917 , 0
0.254998 , 0.596433 , 0
0.248237 , 0.619318 , 0
0.241232 , 0.641602 , 0
0.234008 , 0.663312 , 0
0.226588 , 0.684474 , 0
0.218992 , 0.705111 , 0
0.211237 , 0.725246 , 0
0.203339 , 0.744899 , 0
0.195314 , 0.764088 , 0
0.187173 , 0.782833 , 0
0.178928 , 0.80115 , 0
0.170591 , 0.819055 , 0
0.162169 , 0.836561 , 0
0.153672 , 0.853684 , 0
0.145108 , 0.870435 , 0
0.136484 , 0.886828 , 0
0.127807 , 0.902875 , 0
0.119082 , 0.918585 , 0
0.110315 , 0.933969 , 0
0.101512 , 0.949038 , 0
0.0926761 , 0.9638 , 0
0.0838127 , 0.978265 , 0
0.0749255 , 0.992441 , 0
0.0660184 , 1.00633 , 0
0.0570947 , 1.01996 , 0
0.0481577 , 1.03331 , 0
0.0392103 , 1.04641 , 0
0.0302554 , 1.05925 , 0
0.0212955 , 1.07184 , 0
0.012333 , 1.0842 , 0
0.00337032 , 1.09632 , 0
-0.00559052 , 1.10821 , 0
-0.0145475 , 1.11988 , 0
-0.0234988 , 1.13133 , 0
-0.0324426 , 1.14257 , 0
-0.0413773 , 1.15359 , 0
-0.0503014 , 1.16442 , 0
-0.0592133 , 1.17504 , 0
-0.0681117 , 1.18547 , 0
-0.0769953 , 1.1957 , 0
-0.0858629 , 1.20575 , 0
-0.0947133 , 1.21561 , 0
-0.103545 , 1.22529 , 0
-0.112358 , 1.2348 , 0
-0.121151 , 1.24413 , 0
-0.129922 , 1.25329 , 0
-0.138671 , 1.26228 , 0
-0.147397 , 1.27111 , 0
-0.1561 , 1.27978 , 0
-0.164777 , 1.28829 , 0
-0.17343 , 1.29664 , 0
-0.182057 , 1.30484 , 0
-0.190657 , 1.31289 , 0
-0.19923 , 1.32079 , 0
-0.207775 , 1.32855 , 0
-0.216292 , 1.33616 , 0
-0.22478 , 1.34363 , 0
-0.233238 , 1.35097 , 0
-0.241667 , 1.35817 , 0
-0.250065 , 1.36523 , 0
-0.258432 , 1.37216 , 0
-0.266768 , 1.37896 , 0
-0.275072 , 1.38563 , 0
-0.283344 , 1.39217 , 0
-0.291584 , 1.39859 , 0
-0.299791 , 1.40489 , 0
-0.307965 , 1.41107 , 0
-0.316105 , 1.41712 , 0
-0.324211 , 1.42306 , 0
-0.332283 , 1.42889 , 0
-0.340321 , 1.43459 , 0
-0.348324 , 1.44019 , 0
-0.356291 , 1.44567 , 0
-0.364224 , 1.45104 , 0
-0.372121 , 1.45631 , 0
-0.379982 , 1.46146 , 0
-0.387807 , 1.46651 , 0
-0.395595 , 1.47146 , 0
-0.403347 , 1.4763 , 0
-0.411063 , 1.48104 , 0
-0.418741 , 1.48568 , 0
-0.426382 , 1.49021 , 0
-0.433986 , 1.49465 , 0
-0.441553 , 1.49899 , 0
-0.449081 , 1.50324 , 0
-0.456572 , 1.50739 , 0
-0.464024 , 1.51144 , 0
-0.471438 , 1.51541 , 0
-0.478814 , 1.51928 , 0
-0.486151 , 1.52305 , 0
-0.493449 , 1.52674 , 0
-0.500709 , 1.53034 , 0
-0.507929 , 1.53385 , 0
-0.51511 , 1.53727 , 0
-0.522252 , 1.54061 , 0
-0.529354 , 1.54386 , 0
-0.536416 , 1.54702 , 0
-0.543439 , 1.5501 , 0
-0.550422 , 1.5531 , 0
-0.557365 , 1.55601 , 0
-0.564267 , 1.55885 , 0
-0.57113 , 1.5616 , 0
-0.577952 , 1.56427 , 0
-0.584733 , 1.56686 , 0
-0.591474 , 1.56938 , 0
-0.598174 , 1.57181 , 0
-0.604833 , 1.57417 , 0
-0.611451 , 1.57645 , 0
-0.618028 , 1.57865 , 0
-0.624564 , 1.58078 , 0
-0.631059 , 1.58284 , 0
-0.637512 , 1.58482 , 0
-0.643923 , 1.58672 , 0
-0.650294 , 1.58856 , 0
-0.656622 , 1.59032 , 0
-0.662908 , 1.59201 , 0
-0.669153 , 1.59363 , 0
-0.675356 , 1.59517 , 0
-0.681516 , 1.59665 , 0
-0.687634 , 1.59806 , 0
-0.69371 , 1.59939 , 0
-0.699744 , 1.60066 , 0
-0.705735 , 1.60186 , 0
-0.711684 , 1.603 , 0
-0.717589 , 1.60406 , 0
-0.723453 , 1.60506 , 0
-0.729273 , 1.606 , 0
-0.73505 , 1.60686 , 0
-0.740784 , 1.60766 , 0
-0.746476 , 1.6084 , 0
-0.752124 , 1.60907 , 0
-0.757728 , 1.60968 , 0
-0.763289 , 1.61022 , 0
-0.768807 , 1.6107 , 0
-0.774281 , 1.61112 , 0
-0.779712 , 1.61148 , 0
-0.785099 , 1.61177 , 0
-0.790442 , 1.612 , 0
-0.79574 , 1.61217 , 0
-0.800995 , 1.61228 , 0
-0.806206 , 1.61232 , 0
-0.811373 , 1.61231 , 0
-0.816495 , 1.61224 , 0
-0.821573 , 1.6121 , 0
-0.826606 , 1.61191 , 0
-0.831595 , 1.61165 , 0
-0.836539 , 1.61134 , 0
-0.841439 , 1.61097 , 0
-0.846293 , 1.61054 , 0
-0.851102 , 1.61005 , 0
-0.855867 , 1.60951 , 0
-0.860586 , 1.60891 , 0
-0.86526 , 1.60825 , 0
-0.869889 , 1.60753 , 0
-0.874472 , 1.60675 , 0
-0.87901 , 1.60592 , 0
-0.883502 , 1.60503 , 0
-0.887948 , 1.60409 , 0
-0.892348 , 1.60309 , 0
-0.896702 , 1.60203 , 0
-0.901011 , 1.60092 , 0
-0.905273 , 1.59975 , 0
-0.909489 , 1.59853 , 0
-0.913658 , 1.59725 , 0
-0.917781 , 1.59592 , 0
-0.921857 , 1.59453 , 0
-0.925887 , 1.59309 , 0
-0.92987 , 1.59159 , 0
-0.933805 , 1.59004 , 0
-0.937694 , 1.58844 , 0
-0.941535 , 1.58678 , 0
-0.94533 , 1.58507 , 0
-0.949076 , 1.5833 , 0
-0.952775 , 1.58148 , 0
-0.956427 , 1.57961 , 0
-0.96003 , 1.57768 , 0
-0.963586 , 1.5757 , 0
-0.967094 , 1.57367 , 0
-0.970553 , 1.57158 , 0
-0.973964 , 1.56944 , 0
-0.977327 , 1.56725 , 0
-0.980641 , 1.565 , 0
-0.983906 , 1.56271 , 0
-0.987122 , 1.56036 , 0
-0.990289 , 1.55796 , 0
-0.993407 , 1.5555 , 0
-0.996476 , 1.55299 , 0
-0.999495 , 1.55043 , 0
-1.00247 , 1.54782 , 0
-1.00538 , 1.54516 , 0
-1.00825 , 1.54244 , 0
-1.01107 , 1.53967 , 0
-1.01384 , 1.53685 , 0
-1.01656 , 1.53398 , 0
-1.01923 , 1.53105 , 0
-1.02185 , 1.52808 , 0
-1.02442 , 1.52505 , 0
-1.02693 , 1.52197 , 0
-1.0294 , 1.51883 , 0
-1.03181 , 1.51565 , 0
-1.03417 , 1.51241 , 0
-1.03648 , 1.50912 , 0
-1.03874 , 1.50578 , 0
-1.04094 , 1.50239 , 0
-1.04309 , 1.49894 , 0
-1.04519 , 1.49544 , 0
-1.04724 , 1.49189 , 0
-1.04923 , 1.48829 , 0
-1.05117 , 1.48463 , 0
-1.05306 , 1.48092 , 0
-1.05489 , 1.47716 , 0
-1.05667 , 1.47335 , 0
-1.0584 , 1.46948 , 0
-1.06007 , 1.46556 , 0
-1.06168 , 1.46159 , 0
-1.06324 , 1.45757 , 0
-1.06475 , 1.45349 , 0
-1.0662 , 1.44936 , 0
-1.06759 , 1.44517 , 0
-1.06893 , 1.44093 , 0
-1.07021 , 1.43664 , 0
-1.07144 , 1.4323 , 0
-1.07261 , 1.4279 , 0
-1.07372 , 1.42344 , 0
-1.07478 , 1.41894 , 0
-1.07577 , 1.41437 , 0
-1.07671 , 1.40976 , 0
-1.07759 , 1.40509 , 0
-1.07842 , 1.40036 , 0
-1.07918 , 1.39558 , 0
-1.07988 , 1.39074 , 0
-1.08053 , 1.38585 , 0
-1.08111 , 1.3809 , 0
-1.08164 , 1.3759 , 0
-1.0821 , 1.37084 , 0
-1.0825 , 1.36572 , 0
-1.08284 , 1.36055 , 0
-1.08312 , 1.35532 , 0
-1.08334 , 1.35003 , 0
-1.0835 , 1.34469 , 0
-1.08359 , 1.33929 , 0
-1.08362 , 1.33383 , 0
-1.08358 , 1.32831 , 0
-1.08348 , 1.32274 , 0
-1.08332 , 1.3171 , 0
-1.08309 , 1.31141 , 0
-1.0828 , 1.30565 , 0
-1.08244 , 1.29984 , 0
-1.08201 , 1.29396 , 0
-1.08151 , 1.28803 , 0
-1.08095 , 1.28204 , 0
-1.08032 , 1.27598 , 0
-1.07963 , 1.26986 , 0
-1.07886 , 1.26368 , 0
-1.07802 , 1.25744 , 0
-1.07711 , 1.25113 , 0
-1.07614 , 1.24476 , 0
-1.07509 , 1.23833 , 0
-1.07397 , 1.23183 , 0
-1.07277 , 1.22527 , 0
-1.07151 , 1.21865 , 0
-1.07016 , 1.21195 , 0
-1.06875 , 1.2052 , 0
-1.06726 , 1.19837 , 0
-1.06569 , 1.19148 , 0
-1.06405 , 1.18452 , 0
-1.06232 , 1.17749 , 0
-1.06052 , 1.17039 , 0
-1.05865 , 1.16323 , 0
-1.05669 , 1.15599 , 0
-1.05465 , 1.14868 , 0
-1.05253 , 1.1413 , 0
-1.05032 , 1.13385 , 0
-1.04803 , 1.12633 , 0
-1.04566 , 1.11873 , 0
-1.04321 , 1.11106 , 0
-1.04066 , 1.10332 , 0
-1.03803 , 1.09549 , 0
-1.03531 , 1.0876 , 0
-1.03251 , 1.07962 , 0
-1.02961 , 1.07157 , 0
-1.02662 , 1.06343 , 0
-1.02353 , 1.05522 , 0
-1.02036 , 1.04693 , 0
-1.01708 , 1.03856 , 0
-1.01371 , 1.0301 , 0
-1.01025 , 1.02156 , 0
-1.00668 , 1.01293 , 0
-1.00301 , 1.00422 , 0
-0.999241 , 0.995425 , 0
-0.995367 , 0.98654 , 0
-0.991388 , 0.977566 , 0
-0.987301 , 0.968501 , 0
-0.983106 , 0.959346 , 0
-0.9788 , 0.950097 , 0
-0.974382 , 0.940755 , 0
-0.96985 , 0.931318 , 0
-0.965202 , 0.921784 , 0
-0.960435 , 0.912151 , 0
-0.955548 , 0.90242 , 0
-0.950539 , 0.892587 , 0
-0.945404 , 0.882651 , 0
-0.940143 , 0.872612 , 0
-0.934752 , 0.862466 , 0
-0.929228 , 0.852212 , 0
-0.92357 , 0.841849 , 0
-0.917774 , 0.831374 , 0
-0.911837 , 0.820786 , 0
-0.905756 , 0.810082 , 0
-0.899529 , 0.79926 , 0
-0.893151 , 0.788319 , 0
-0.886619 , 0.777255 , 0
-0.87993 , 0.766067 , 0
-0.87308 , 0.754751 , 0
-0.866064 , 0.743306 , 0
-0.858879 , 0.731728 , 0
-0.851519 , 0.720015 , 0
-0.843981 , 0.708164 , 0
-0.836259 , 0.696171 , 0
-0.828347 , 0.684034 , 0
-0.820241 , 0.671748 , 0
-0.811934 , 0.65931 , 0
-0.803421 , 0.646717 , 0
-0.794694 , 0.633965 , 0
-0.785746 , 0.621048 , 0
-0.77657 , 0.607964 , 0
-0.767158 , 0.594706 , 0
-0.757501 , 0.581271 , 0
-0.74759 , 0.567653 , 0
-0.737416 , 0.553846 , 0
-0.726966 , 0.539844 , 0
-0.716231 , 0.525642 , 0
-0.705197 , 0.511232 , 0
-0.693851 , 0.496607 , 0
-0.682179 , 0.481759 , 0
-0.670164 , 0.466681 , 0
-0.657789 , 0.451364 , 0
-0.645036 , 0.435797 , 0
-0.631881 , 0.41997 , 0
-0.618304 , 0.403873 , 0
-0.604276 , 0.387493 , 0
-0.58977 , 0.370817 , 0
-0.574753 , 0.353829 , 0
-0.559188 , 0.336515 , 0
-0.543032 , 0.318856 , 0
-0.526239 , 0.300832 , 0
-0.508752 , 0.282423 , 0
-0.490508 , 0.263602 , 0
-0.471429 , 0.244343 , 0
-0.451425 , 0.224615 , 0
-0.430386 , 0.204382 , 0
-0.408177 , 0.183603 , 0
-0.38463 , 0.162231 , 0
-0.359527 , 0.140213 , 0
-0.332584 , 0.117487 , 0
-0.303411 , 0.0939831 , 0
-0.27145 , 0.069625 , 0
-0.235857 , 0.0443449 , 0
-0.195239 , 0.0181295 , 0
-0.146992 , -0.00878452 , 0
-0.0851803 , -0.0348779 , 0
0.00881966 , -0.0477803 , 0
0.0801554 , 0.0620911 , 0
0.128824 , 0.154416 , 0
0.17282 , 0.241155 , 0
0.214861 , 0.325183 , 0
0.255829 , 0.407602 , 0
0.296115 , 0.488954 , 0
0.335929 , 0.569544 , 0
0.375395 , 0.649565 , 0
0.414593 , 0.729143 , 0
0.453578 , 0.808368 , 0
0.492389 , 0.887305 , 0
0.531055 , 0.966003 , 0
0.569597 , 1.0445 , 0
0.608032 , 1.12283 , 0
0.646374 , 1.201 , 0
0.684632 , 1.27905 , 0
0.722816 , 1.35699 , 0
0.760932 , 1.43483 , 0
0.798987 , 1.51258 , 0
0.836986 , 1.59026 , 0
0.874932 , 1.66786 , 0
0.91283 , 1.74541 , 0
0.950681 , 1.8229 , 0
0.98849 , 1.90033 , 0
1.02626 , 1.97773 , 0
1.06399 , 2.05508 , 0
1.10168 , 2.13239 , 0
1.13933 , 2.20967 , 0
1.17695 , 2.28692 , 0
1.21454 , 2.36414 , 0
1.25209 , 2.44133 , 0
1.28961 , 2.51849 , 0
1.32711 , 2.59564 , 0
1.36457 , 2.67276 , 0
1.402 , 2.74986 , 0
1.4394 , 2.82695 , 0
1.47678 , 2.90401 , 0
1.51412 , 2.98106 , 0
1.55144 , 3.0581 , 0
1.58873 , 3.13512 , 0
1.626 , 3.21213 , 0
1.66324 , 3.28912 , 0
1.70045 , 3.3661 , 0
1.73764 , 3.44306 , 0
1.7748 , 3.52002 , 0
1.81194 , 3.59696 , 0
1.84906 , 3.6739 , 0
1.88615 , 3.75082 , 0
1.92322 , 3.82773 , 0
1.96026 , 3.90463 , 0
1.99728 , 3.98151 , 0
2.03428 , 4.05839 , 0
2.07126 , 4.13526 , 0
2.10822 , 4.21212 , 0
2.14515 , 4.28897 , 0
2.18207 , 4.36581 , 0
2.21896 , 4.44263 , 0
2.25584 , 4.51945 , 0
2.2927 , 4.59626 , 0
2.32953 , 4.67306 , 0
2.36635 , 4.74985 , 0
2.40316 , 4.82664 , 0
2.43994 , 4.90341 , 0
2.47671 , 4.98017 , 0
2.51345 , 5.05692 , 0
2.55019 , 5.13367 , 0
2.58691 , 5.2104 , 0
2.62361 , 5.28713 , 0
2.66029 , 5.36385 , 0
2.69696 , 5.44055 , 0
2.73362 , 5.51725 , 0
2.77026 , 5.59394 , 0
2.80689 , 5.67063 , 0
2.84351 , 5.7473 , 0
2.88011 , 5.82397 , 0
2.9167 , 5.90062 , 0
2.95328 , 5.97727 , 0
2.98984 , 6.05391 , 0
3.02639 , 6.13054 , 0
3.06294 , 6.20717 , 0
3.09947 , 6.28379 , 0
3.13598 , 6.36039 , 0
3.17249 , 6.43699 , 0
3.20899 , 6.51359 , 0
3.24548 , 6.59017 , 0
3.28196 , 6.66675 , 0
3.31842 , 6.74332 , 0
3.35488 , 6.81989 , 0
3.39133 , 6.89644 , 0
3.42777 , 6.97299 , 0
3.46421 , 7.04953 , 0
3.50063 , 7.12607 , 0
3.53704 , 7.2026 , 0
3.57345 , 7.27912 , 0
3.60985 , 7.35563 , 0
3.64624 , 7.43214 , 0
3.68262 , 7.50864 , 0
3.719 , 7.58514 , 0
3.75537 , 7.66163 , 0
3.79173 , 7.73811 , 0
3.82809 , 7.81459 , 0
3.86444 , 7.89106 , 0
3.90078 , 7.96753 , 0
3.93711 , 8.04399 , 0
3.97344 , 8.12044 , 0
4.00977 , 8.19689 , 0
4.04608 , 8.27333 , 0
4.0824 , 8.34977 , 0
4.1187 , 8.4262 , 0
4.155 , 8.50262 , 0
4.1913 , 8.57904 , 0
4.22759 , 8.65546 , 0
4.26387 , 8.73187 , 0
4.30015 , 8.80827 , 0
4.33642 , 8.88467 , 0
4.37269 , 8.96107 , 0
4.40896 , 9.03746 , 0
4.44522 , 9.11384 , 0
4.48147 , 9.19022 , 0
4.51772 , 9.2666 , 0
4.55397 , 9.34297 , 0
4.59021 , 9.41934 , 0
4.62645 , 9.4957 , 0
4.66268 , 9.57206 , 0
4.69891 , 9.64841 , 0
4.73514 , 9.72476 , 0
4.77136 , 9.80111 , 0
4.80758 , 9.87745 , 0
4.84379 , 9.95378 , 0
4.88 , 10.0301 , 0
4.91621 , 10.1064 , 0
4.95241 , 10.1828 , 0
4.98861 , 10.2591 , 0
5.0248 , 10.3354 , 0
5.061 , 10.4117 , 0
5.09719 , 10.488 , 0
5.13337 , 10.5643 , 0
5.16956 , 10.6406 , 0
5.20574 , 10.7169 , 0
5.24191 , 10.7932 , 0
5.27809 , 10.8695 , 0
5.31426 , 10.9458 , 0
5.35043 , 11.0221 , 0
5.38659 , 11.0984 , 0
5.42275 , 11.1747 , 0
5.45891 , 11.2509 , 0
5.49507 , 11.3272 , 0
5.53123 , 11.4035 , 0
5.56738 , 11.4797 , 0
5.60353 , 11.556 , 0
5.63967 , 11.6322 , 0
5.67582 , 11.7085 , 0
5.71196 , 11.7848 , 0
5.7481 , 11.861 , 0
5.78423 , 11.9373 , 0
5.82037 , 12.0135 , 0
5.8565 , 12.0897 , 0
5.89263 , 12.166 , 0
5.92876 , 12.2422 , 0
5.96488 , 12.3184 , 0
6.00101 , 12.3947 , 0
6.03713 , 12.4709 , 0
6.07325 , 12.5471 , 0
6.10936 , 12.6233 , 0
6.14548 , 12.6996 , 0
6.18159 , 12.7758 , 0
6.2177 , 12.852 , 0
6.25381 , 12.9282 , 0
6.28992 , 13.0044 , 0
6.32602 , 13.0806 , 0
6.36213 , 13.1568 , 0
6.39823 , 13.233 , 0
6.43433 , 13.3092 , 0
6.47043 , 13.3854 , 0
6.50652 , 13.4616 , 0
6.54262 , 13.5378 , 0
6.57871 , 13.614 , 0
6.6148 , 13.6902 , 0
6.65089 , 13.7664 , 0
6.68698 , 13.8425 , 0
6.72306 , 13.9187 , 0
6.75915 , 13.9949 , 0
6.79523 , 14.0711 , 0
6.83131 , 14.1473 , 0
6.86739 , 14.2234 , 0
6.90347 , 14.2996 , 0
6.93955 , 14.3758 , 0
6.97562 , 14.4519 , 0
7.0117 , 14.5281 , 0
7.04777 , 14.6043 , 0
7.08384 , 14.6804 , 0
7.11991 , 14.7566 , 0
7.15598 , 14.8327 , 0
7.19205 , 14.9089 , 0
7.22811 , 14.985 , 0
7.26418 , 15.0612 , 0
7.30024 , 15.1373 , 0
7.3363 , 15.2135 , 0
7.37236 , 15.2896 , 0
7.40842 , 15.3658 , 0
7.44448 , 15.4419 , 0
7.48053 , 15.5181 , 0
7.51659 , 15.5942 , 0
7.55264 , 15.6703 , 0
7.5887 , 15.7465 , 0
7.62475 , 15.8226 , 0
7.6608 , 15.8987 , 0
7.69685 , 15.9749 , 0
7.73289 , 16.051 , 0
7.76894 , 16.1271 , 0
7.80499 , 16.2032 , 0
7.84103 , 16.2794 , 0
7.87708 , 16.3555 , 0
7.91312 , 16.4316 , 0
7.94916 , 16.5077 , 0
7.9852 , 16.5838 , 0
8.02124 , 16.6599 , 0
8.05728 , 16.7361 , 0
8.09332 , 16.8122 , 0
8.12935 , 16.8883 , 0
8.16539 , 16.9644 , 0
8.20142 , 17.0405 , 0
8.23746 , 17.1166 , 0
8.27349 , 17.1927 , 0
8.30952 , 17.2688 , 0
8.34555 , 17.3449 , 0
8.38158 , 17.421 , 0
8.41761 , 17.4971 , 0
8.45364 , 17.5732 , 0
8.48966 , 17.6493 , 0
8.52569 , 17.7254 , 0
8.56171 , 17.8015 , 0
8.59774 , 17.8776 , 0
8.63376 , 17.9537 , 0
8.66978 , 18.0298 , 0
8.70581 , 18.1059 , 0
8.74183 , 18.1819 , 0
8.77785 , 18.258 , 0
8.81386 , 18.3341 , 0
8.84988 , 18.4102 , 0
8.8859 , 18.4863 , 0
8.92192 , 18.5624 , 0
8.95793 , 18.6384 , 0
8.99395 , 18.7145 , 0
9.02996 , 18.7906 , 0
9.06598 , 18.8667 , 0
9.10199 , 18.9427 , 0
9.138 , 19.0188 , 0
9.17401 , 19.0949 , 0
9.21002 , 19.171 , 0
9.24603 , 19.247 , 0
9.28204 , 19.3231 , 0
9.31805 , 19.3992 , 0
9.35406 , 19.4752 , 0
9.39006 , 19.5513 , 0
9.42607 , 19.6274 , 0
9.46207 , 19.7034 , 0
9.49808 , 19.7795 , 0
9.53408 , 19.8556 , 0
9.57009 , 19.9316 , 0
9.60609 , 20.0077 , 0
9.64209 , 20.0837 , 0
9.67809 , 20.1598 , 0
9.71409 , 20.2359 , 0
9.75009 , 20.3119 , 0
9.78609 , 20.388 , 0
9.82209 , 20.464 , 0
9.85809 , 20.5401 , 0
9.89409 , 20.6161 , 0
9.93008 , 20.6922 , 0
9.96608 , 20.7682 , 0
10.0021 , 20.8443 , 0
10.0381 , 20.9203 , 0
10.0741 , 20.9964 , 0
10.1101 , 21.0724 , 0
10.1461 , 21.1485 , 0
10.182 , 21.2245 , 0
10.218 , 21.3005 , 0
10.254 , 21.3766 , 0
10.29 , 21.4526 , 0
10.326 , 21.5287 , 0
10.362 , 21.6047 , 0
10.398 , 21.6807 , 0
10.434 , 21.7568 , 0
10.47 , 21.8328 , 0
10.506 , 21.9088 , 0
10.5419 , 21.9849 , 0
10.5779 , 22.0609 , 0
10.6139 , 22.1369 , 0
10.6499 , 22.213 , 0
10.6859 , 22.289 , 0
10.7219 , 22.365 , 0
10.7578 , 22.4411 , 0
10.7938 , 22.5171 , 0
10.8298 , 22.5931 , 0
10.8658 , 22.6692 , 0
10.9018 , 22.7452 , 0
10.9378 , 22.8212 , 0
10.9737 , 22.8972 , 0
11.0097 , 22.9733 , 0
11.0457 , 23.0493 , 0
11.0817 , 23.1253 , 0
11.1177 , 23.2013 , 0
11.1536 , 23.2773 , 0
11.1896 , 23.3534 , 0
11.2256 , 23.4294 , 0
11.2616 , 23.5054 , 0
11.2975 , 23.5814 , 0
11.3335 , 23.6574 , 0
11.3695 , 23.7335 , 0
11.4055 , 23.8095 , 0
11.4414 , 23.8855 , 0
11.4774 , 23.9615 , 0
11.5134 , 24.0375 , 0
11.5494 , 24.1135 , 0
11.5853 , 24.1895 , 0
11.6213 , 24.2655 , 0
11.6573 , 24.3416 , 0
11.6933 , 24.4176 , 0
11.7292 , 24.4936 , 0
11.7652 , 24.5696 , 0
11.8012 , 24.6456 , 0
11.8371 , 24.7216 , 0
11.8731 , 24.7976 , 0
11.9091 , 24.8736 , 0
11.945 , 24.9496 , 0
11.981 , 25.0256 , 0
12.017 , 25.1016 , 0
12.0529 , 25.1776 , 0
12.0889 , 25.2536 , 0
12.1249 , 25.3296 , 0
12.1609 , 25.4056 , 0
12.1968 , 25.4816 , 0
12.2328 , 25.5576 , 0
12.2687 , 25.6336 , 0
12.3047 , 25.7096 , 0
12.3407 , 25.7856 , 0
12.3766 , 25.8616 , 0
12.4126 , 25.9376 , 0
12.4486 , 26.0136 , 0
12.4845 , 26.0896 , 0
12.5205 , 26.1656 , 0
12.5565 , 26.2416 , 0
12.5924 , 26.3176 , 0
12.6284 , 26.3936 , 0
12.6643 , 26.4696 , 0
12.7003 , 26.5456 , 0
12.7363 , 26.6216 , 0
12.7722 , 26.6976 , 0
12.8082 , 26.7735 , 0
12.8441 , 26.8495 , 0
12.8801 , 26.9255 , 0
12.9161 , 27.0015 , 0
12.952 , 27.0775 , 0
12.988 , 27.1535 , 0
13.0239 , 27.2295 , 0
13.0599 , 27.3055 , 0
13.0958 , 27.3814 , 0
13.1318 , 27.4574 , 0
13.1678 , 27.5334 , 0
13.2037 , 27.6094 , 0
13.2397 , 27.6854 , 0
13.2756 , 27.7614 , 0
13.3116 , 27.8373 , 0
13.3475 , 27.9133 , 0
13.3835 , 27.9893 , 0
13.4194 , 28.0653 , 0
13.4554 , 28.1413 , 0
13.4914 , 28.2172 , 0
13.5273 , 28.2932 , 0
13.5633 , 28.3692 , 0
13.5992 , 28.4452 , 0
13.6352 , 28.5212 , 0
13.6711 , 28.5971 , 0
13.7071 , 28.6731 , 0
13.743 , 28.7491 , 0
13.779 , 28.8251 , 0
13.8149 , 28.901 , 0
13.8509 , 28.977 , 0
13.8868 , 29.053 , 0
13.9228 , 29.129 , 0
13.9587 , 29.2049 , 0
13.9947 , 29.2809 , 0
14.0306 , 29.3569 , 0
14.0666 , 29.4329 , 0
14.1025 , 29.5088 , 0
14.1385 , 29.5848 , 0
14.1744 , 29.6608 , 0
14.2104 , 29.7367 , 0
14.2463 , 29.8127 , 0
14.2823 , 29.8887 , 0
14.3182 , 29.9646 , 0
14.3542 , 30.0406 , 0
14.3901 , 30.1166 , 0
14.426 , 30.1925 , 0
14.462 , 30.2685 , 0
14.4979 , 30.3445 , 0
14.5339 , 30.4204 , 0
14.5698 , 30.4964 , 0
14.6058 , 30.5724 , 0
14.6417 , 30.6483 , 0
14.6777 , 30.7243 , 0
14.7136 , 30.8003 , 0
14.7496 , 30.8762 , 0
14.7855 , 30.9522 , 0
14.8214 , 31.0282 , 0
14.8574 , 31.1041 , 0
14.8933 , 31.1801 , 0
14.9293 , 31.256 , 0
14.9652 , 31.332 , 0
15.0012 , 31.408 , 0
15.0371 , 31.4839 , 0
15.073 , 31.5599 , 0
15.109 , 31.6358 , 0
15.1449 , 31.7118 , 0
15.1809 , 31.7878 , 0
15.2168 , 31.8637 , 0
15.2527 , 31.9397 , 0
15.2887 , 32.0156 , 0
15.3246 , 32.0916 , 0
15.3606 , 32.1675 , 0
15.3965 , 32.2435 , 0
15.4324 , 32.3194 , 0
15.4684 , 32.3954 , 0
15.5043 , 32.4714 , 0
15.5403 , 32.5473 , 0
15.5762 , 32.6233 , 0
15.6121 , 32.6992 , 0
15.6481 , 32.7752 , 0
15.684 , 32.8511 , 0
15.7199 , 32.9271 , 0
15.7559 , 33.003 , 0
15.7918 , 33.079 , 0
15.8278 , 33.1549 , 0
15.8637 , 33.2309 , 0
15.8996 , 33.3068 , 0
15.9356 , 33.3828 , 0
15.9715 , 33.4587 , 0
16.0074 , 33.5347 , 0
16.0434 , 33.6106 , 0
16.0793 , 33.6866 , 0
16.1152 , 33.7625 , 0
16.1512 , 33.8385 , 0
16.1871 , 33.9144 , 0
16.2231 , 33.9904 , 0
16.259 , 34.0663 , 0
16.2949 , 34.1423 , 0
16.3309 , 34.2182 , 0
16.3668 , 34.2941 , 0
16.4027 , 34.3701 , 0
16.4387 , 34.446 , 0
16.4746 , 34.522 , 0
16.5105 , 34.5979 , 0
16.5465 , 34.6739 , 0
16.5824 , 34.7498 , 0
16.6183 , 34.8258 , 0
16.6543 , 34.9017 , 0
16.6902 , 34.9776 , 0
16.7261 , 35.0536 , 0
16.7621 , 35.1295 , 0
16.798 , 35.2055 , 0
16.8339 , 35.2814 , 0
16.8698 , 35.3573 , 0
16.9058 , 35.4333 , 0
16.9417 , 35.5092 , 0
16.9776 , 35.5852 , 0
17.0136 , 35.6611 , 0
17.0495 , 35.737 , 0
17.0854 , 35.813 , 0
17.1214 , 35.8889 , 0
17.1573 , 35.9649 , 0
17.1932 , 36.0408 , 0
17.2292 , 36.1167 , 0
17.2651 , 36.1927 , 0
17.301 , 36.2686 , 0
17.3369 , 36.3445 , 0
17.3729 , 36.4205 , 0
17.4088 , 36.4964 , 0
17.4447 , 36.5724 , 0
17.4807 , 36.6483 , 0
17.5166 , 36.7242 , 0
17.5525 , 36.8002 , 0
17.5884 , 36.8761 , 0
17.6244 , 36.952 , 0
17.6603 , 37.028 , 0
17.6962 , 37.1039 , 0
17.7321 , 37.1798 , 0
17.7681 , 37.2558 , 0
17.804 , 37.3317 , 0
17.8399 , 37.4076 , 0
17.8759 , 37.4836 , 0
17.9118 , 37.5595 , 0
17.9477 , 37.6354 , 0
17.9836 , 37.7114 , 0
18.0196 , 37.7873 , 0
18.0555 , 37.8632 , 0
18.0914 , 37.9391 , 0
18.1273 , 38.0151 , 0
18.1633 , 38.091 , 0
18.1992 , 38.1669 , 0
18.2351 , 38.2429 , 0
18.271 , 38.3188 , 0
18.307 , 38.3947 , 0
18.3429 , 38.4706 , 0
18.3788 , 38.5466 , 0
18.4147 , 38.6225 , 0
18.4507 , 38.6984 , 0
18.4866 , 38.7744 , 0
18.5225 , 38.8503 , 0
18.5584 , 38.9262 , 0
18.5943 , 39.0021 , 0
18.6303 , 39.0781 , 0
18.6662 , 39.154 , 0
18.7021 , 39.2299 , 0
18.738 , 39.3058 , 0
18.774 , 39.3818 , 0
18.8099 , 39.4577 , 0
18.8458 , 39.5336 , 0
18.8817 , 39.6095 , 0
18.9177 , 39.6855 , 0
18.9536 , 39.7614 , 0
18.9895 , 39.8373 , 0
19.0254 , 39.9132 , 0
19.0613 , 39.9892 , 0
19.0973 , 40.0651 , 0
19.1332 , 40.141 , 0
19.1691 , 40.2169 , 0
19.205 , 40.2928 , 0
19.2409 , 40.3688 , 0
19.2769 , 40.4447 , 0
19.3128 , 40.5206 , 0
19.3487 , 40.5965 , 0
19.3846 , 40.6725 , 0
19.4205 , 40.7484 , 0
19.4565 , 40.8243 , 0
19.4924 , 40.9002 , 0
19.5283 , 40.9761 , 0
19.5642 , 41.0521 , 0
19.6001 , 41.128 , 0
19.6361 , 41.2039 , 0
19.672 , 41.2798 , 0
19.7079 , 41.3557 , 0
19.7438 , 41.4316 , 0
19.7797 , 41.5076 , 0
19.8157 , 41.5835 , 0
19.8516 , 41.6594 , 0
19.8875 , 41.7353 , 0
19.9234 , 41.8112 , 0
19.9593 , 41.8872 , 0
19.9953 , 41.9631 , 0
20.0312 , 42.039 , 0
20.0671 , 42.1149 , 0
20.103 , 42.1908 , 0
20.1389 , 42.2667 , 0
20.1748 , 42.3427 , 0
20.2108 , 42.4186 , 0
20.2467 , 42.4945 , 0
20.2826 , 42.5704 , 0
20.3185 , 42.6463 , 0
20.3544 , 42.7222 , 0
20.3903 , 42.7981 , 0
20.4263 , 42.8741 , 0
20.4622 , 42.95 , 0
20.4981 , 43.0259 , 0
20.534 , 43.1018 , 0
20.5699 , 43.1777 , 0
20.6058 , 43.2536 , 0
20.6418 , 43.3295 , 0
20.6777 , 43.4054 , 0
20.7136 , 43.4814 , 0
20.7495 , 43.5573 , 0
20.7854 , 43.6332 , 0
20.8213 , 43.7091 , 0
20.8572 , 43.785 , 0
20.8932 , 43.8609 , 0
20.9291 , 43.9368 , 0
20.965 , 44.0127 , 0
21.0009 , 44.0886 , 0
21.0368 , 44.1646 , 0
21.0727 , 44.2405 , 0
21.1087 , 44.3164 , 0
21.1446 , 44.3923 , 0
21.1805 , 44.4682 , 0
21.2164 , 44.5441 , 0
21.2523 , 44.62 , 0
21.2882 , 44.6959 , 0
21.3241 , 44.7718 , 0
21.36 , 44.8477 , 0
21.396 , 44.9237 , 0
21.4319 , 44.9996 , 0
21.4678 , 45.0755 , 0
21.5037 , 45.1514 , 0
21.5396 , 45.2273 , 0
21.5755 , 45.3032 , 0
21.6114 , 45.3791 , 0
21.6474 , 45.455 , 0
21.6833 , 45.5309 , 0
21.7192 , 45.6068 , 0
21.7551 , 45.6827 , 0
21.791 , 45.7586 , 0
21.8269 , 45.8345 , 0
21.8628 , 45.9104 , 0
21.8987 , 45.9863 , 0
21.9347 , 46.0623 , 0
21.9706 , 46.1382 , 0
22.0065 , 46.2141 , 0
22.0424 , 46.29 , 0
22.0783 , 46.3659 , 0
22.1142 , 46.4418 , 0
22.1501 , 46.5177 , 0
22.186 , 46.5936 , 0
22.2219 , 46.6695 , 0
22.2579 , 46.7454 , 0
22.2938 , 46.8213 , 0
22.3297 , 46.8972 , 0
22.3656 , 46.9731 , 0
22.4015 , 47.049 , 0
22.4374 , 47.1249 , 0
22.4733 , 47.2008 , 0
22.5092 , 47.2767 , 0
22.5451 , 47.3526 , 0
22.581 , 47.4285 , 0
22.617 , 47.5044 , 0
22.6529 , 47.5803 , 0
22.6888 , 47.6562 , 0
22.7247 , 47.7321 , 0
22.7606 , 47.808 , 0
22.7965 , 47.8839 , 0
22.8324 , 47.9598 , 0
22.8683 , 48.0357 , 0
22.9042 , 48.1116 , 0
22.9401 , 48.1875 , 0
22.9761 , 48.2634 , 0
23.012 , 48.3393 , 0
23.0479 , 48.4152 , 0
23.0838 , 48.4911 , 0
23.1197 , 48.567 , 0
23.1556 , 48.6429 , 0
23.1915 , 48.7188 , 0
23.2274 , 48.7947 , 0
23.2633 , 48.8706 , 0
23.2992 , 48.9465 , 0
23.3351 , 49.0224 , 0
23.371 , 49.0983 , 0
23.407 , 49.1742 , 0
23.4429 , 49.2501 , 0
23.4788 , 49.326 , 0
23.5147 , 49.4019 , 0
23.5506 , 49.4778 , 0
23.5865 , 49.5537 , 0
23.6224 , 49.6296 , 0
23.6583 , 49.7055 , 0
23.6942 , 49.7814 , 0
23.7301 , 49.8573 , 0
23.766 , 49.9332 , 0
23.8019 , 50.0091 , 0
23.8378 , 50.085 , 0
23.8737 , 50.1609 , 0
23.9097 , 50.2368 , 0
23.9456 , 50.3127 , 0
23.9815 , 50.3886 , 0
24.0174 , 50.4645 , 0
24.0533 , 50.5403 , 0
24.0892 , 50.6162 , 0
24.1251 , 50.6921 , 0
24.161 , 50.768 , 0
24.1969 , 50.8439 , 0
24.2328 , 50.9198 , 0
24.2687 , 50.9957 , 0
24.3046 , 51.0716 , 0
24.3405 , 51.1475 , 0
24.3764 , 51.2234 , 0
24.4123 , 51.2993 , 0
24.4482 , 51.3752 , 0
24.4842 , 51.4511 , 0
24.5201 , 51.527 , 0
24.556 , 51.6029 , 0
24.5919 , 51.6788 , 0
24.6278 , 51.7546 , 0
24.6637 , 51.8305 , 0
24.6996 , 51.9064 , 0
24.7355 , 51.9823 , 0
24.7714 , 52.0582 , 0
24.8073 , 52.1341 , 0
24.8432 , 52.21 , 0
24.8791 , 52.2859 , 0
24.915 , 52.3618 , 0
24.9509 , 52.4377 , 0
24.9868 , 52.5136 , 0
25.0227 , 52.5895 , 0
25.0586 , 52.6653 , 0
25.0945 , 52.7412 , 0
25.1304 , 52.8171 , 0
25.1663 , 52.893 , 0
25.2022 , 52.9689 , 0
25.2381 , 53.0448 , 0
25.274 , 53.1207 , 0
25.31 , 53.1966 , 0
25.3459 , 53.2725 , 0
25.3818 , 53.3484 , 0
25.4177 , 53.4242 , 0
25.4536 , 53.5001 , 0
25.4895 , 53.576 , 0
25.5254 , 53.6519 , 0
25.5613 , 53.7278 , 0
25.5972 , 53.8037 , 0
25.6331 , 53.8796 , 0
25.669 , 53.9555 , 0
25.7049 , 54.0314 , 0
25.7408 , 54.1072 , 0
25.7767 , 54.1831 , 0
25.8126 , 54.259 , 0
25.8485 , 54.3349 , 0
25.8844 , 54.4108 , 0
25.9203 , 54.4867 , 0
25.9562 , 54.5626 , 0
25.9921 , 54.6385 , 0
26.028 , 54.7143 , 0
26.0639 , 54.7902 , 0
26.0998 , 54.8661 , 0
26.1357 , 54.942 , 0
26.1716 , 55.0179 , 0
26.2075 , 55.0938 , 0
26.2434 , 55.1697 , 0
26.2793 , 55.2455 , 0
26.3152 , 55.3214 , 0
26.3511 , 55.3973 , 0
26.387 , 55.4732 , 0
26.4229 , 55.5491 , 0
26.4588 , 55.625 , 0
26.4947 , 55.7009 , 0
26.5306 , 55.7767 , 0
26.5665 , 55.8526 , 0
26.6024 , 55.9285 , 0
26.6383 , 56.0044 , 0
26.6742 , 56.0803 , 0
26.7101 , 56.1562 , 0
26.746 , 56.232 , 0
26.7819 , 56.3079 , 0
26.8178 , 56.3838 , 0
26.8537 , 56.4597 , 0
26.8896 , 56.5356 , 0
26.9255 , 56.6115 , 0
26.9614 , 56.6874 , 0
26.9973 , 56.7632 , 0
27.0332 , 56.8391 , 0
27.0691 , 56.915 , 0
27.105 , 56.9909 , 0
27.1409 , 57.0668 , 0
27.1768 , 57.1427 , 0
27.2127 , 57.2185 , 0
27.2486 , 57.2944 , 0
27.2845 , 57.3703 , 0
27.3204 , 57.4462 , 0
27.3563 , 57.5221 , 0
27.3922 , 57.5979 , 0
27.4281 , 57.6738 , 0
27.464 , 57.7497 , 0
27.4999 , 57.8256 , 0
27.5358 , 57.9015 , 0
27.5717 , 57.9774 , 0
27.6076 , 58.0532 , 0
27.6435 , 58.1291 , 0
27.6794 , 58.205 , 0
27.7153 , 58.2809 , 0
27.7512 , 58.3568 , 0
27.7871 , 58.4326 , 0
27.823 , 58.5085 , 0
27.8589 , 58.5844 , 0
27.8948 , 58.6603 , 0
27.9307 , 58.7362 , 0
27.9666 , 58.812 , 0
28.0025 , 58.8879 , 0
28.0384 , 58.9638 , 0
28.0743 , 59.0397 , 0
28.1102 , 59.1156 , 0
28.1461 , 59.1914 , 0
28.182 , 59.2673 , 0
28.2179 , 59.3432 , 0
28.2538 , 59.4191 , 0
28.2897 , 59.495 , 0
28.3256 , 59.5708 , 0
28.3615 , 59.6467 , 0
28.3974 , 59.7226 , 0
28.4333 , 59.7985 , 0
28.4692 , 59.8744 , 0
28.5051 , 59.9502 , 0
28.541 , 60.0261 , 0
28.5769 , 60.102 , 0
28.6128 , 60.1779 , 0
28.6487 , 60.2537 , 0
28.6846 , 60.3296 , 0
28.7205 , 60.4055 , 0
28.7564 , 60.4814 , 0
28.7923 , 60.5573 , 0
28.8282 , 60.6331 , 0
28.8641 , 60.709 , 0
28.9 , 60.7849 , 0
28.9359 , 60.8608 , 0
28.9718 , 60.9366 , 0
29.0077 , 61.0125 , 0
29.0436 , 61.0884 , 0
29.0794 , 61.1643 , 0
29.1153 , 61.2401 , 0
29.1512 , 61.316 , 0
29.1871 , 61.3919 , 0
29.223 , 61.4678 , 0
29.2589 , 61.5436 , 0
29.2948 , 61.6195 , 0
29.3307 , 61.6954 , 0
29.3666 , 61.7713 , 0
29.4025 , 61.8472 , 0
29.4384 , 61.923 , 0
29.4743 , 61.9989 , 0
29.5102 , 62.0748 , 0
29.5461 , 62.1507 , 0
29.582 , 62.2265 , 0
29.6179 , 62.3024 , 0
29.6538 , 62.3783 , 0
29.6897 , 62.4542 , 0
29.7256 , 62.53 , 0
29.7615 , 62.6059 , 0
29.7974 , 62.6818 , 0
29.8333 , 62.7577 , 0
29.8692 , 62.8335 , 0
29.9051 , 62.9094 , 0
29.941 , 62.9853 , 0
29.9769 , 63.0611 , 0
30.0127 , 63.137 , 0
30.0486 , 63.2129 , 0
30.0845 , 63.2888 , 0
30.1204 , 63.3646 , 0
30.1563 , 63.4405 , 0
30.1922 , 63.5164 , 0
30.2281 , 63.5923 , 0
30.264 , 63.6681 , 0
30.2999 , 63.744 , 0
30.3358 , 63.8199 , 0
30.3717 , 63.8958 , 0
30.4076 , 63.9716 , 0
30.4435 , 64.0475 , 0
30.4794 , 64.1234 , 0
30.5153 , 64.1992 , 0
30.5512 , 64.2751 , 0
30.5871 , 64.351 , 0
30.623 , 64.4269 , 0
30.6589 , 64.5027 , 0
30.6947 , 64.5786 , 0
30.7306 , 64.6545 , 0
30.7665 , 64.7304 , 0
30.8024 , 64.8062 , 0
30.8383 , 64.8821 , 0
30.8742 , 64.958 , 0
30.9101 , 65.0338 , 0
30.946 , 65.1097 , 0
30.9819 , 65.1856 , 0
31.0178 , 65.2615 , 0
31.0537 , 65.3373 , 0
31.0896 , 65.4132 , 0
31.1255 , 65.4891 , 0
31.1614 , 65.5649 , 0
31.1973 , 65.6408 , 0
31.2332 , 65.7167 , 0
31.2691 , 65.7925 , 0
31.3049 , 65.8684 , 0
31.3408 , 65.9443 , 0
31.3767 , 66.0202 , 0
31.4126 , 66.096 , 0
31.4485 , 66.1719 , 0
31.4844 , 66.2478 , 0
31.5203 , 66.3236 , 0
31.5562 , 66.3995 , 0
31.5921 , 66.4754 , 0
31.628 , 66.5512 , 0
31.6639 , 66.6271 , 0
31.6998 , 66.703 , 0
31.7357 , 66.7789 , 0
31.7716 , 66.8547 , 0
31.8074 , 66.9306 , 0
31.8433 , 67.0065 , 0
31.8792 , 67.0823 , 0
31.9151 , 67.1582 , 0
31.951 , 67.2341 , 0
31.9869 , 67.3099 , 0
32.0228 , 67.3858 , 0
32.0587 , 67.4617 , 0
32.0946 , 67.5375 , 0
32.1305 , 67.6134 , 0
32.1664 , 67.6893 , 0
32.2023 , 67.7651 , 0
32.2382 , 67.841 , 0
32.2741 , 67.9169 , 0
32.3099 , 67.9928 , 0
32.3458 , 68.0686 , 0
32.3817 , 68.1445 , 0
32.4176 , 68.2204 , 0
32.4535 , 68.2962 , 0
32.4894 , 68.3721 , 0
32.5253 , 68.448 , 0
32.5612 , 68.5238 , 0
32.5971 , 68.5997 , 0
32.633 , 68.6756 , 0
32.6689 , 68.7514 , 0
32.7048 , 68.8273 , 0
32.7406 , 68.9032 , 0
32.7765 , 68.979 , 0
32.8124 , 69.0549 , 0
32.8483 , 69.1308 , 0
32.8842 , 69.2066 , 0
32.9201 , 69.2825 , 0
32.956 , 69.3584 , 0
32.9919 , 69.4342 , 0
33.0278 , 69.5101 , 0
33.0637 , 69.586 , 0
33.0996 , 69.6618 , 0
33.1355 , 69.7377 , 0
33.1713 , 69.8136 , 0
33.2072 , 69.8894 , 0
33.2431 , 69.9653 , 0
33.279 , 70.0412 , 0
33.3149 , 70.117 , 0
33.3508 , 70.1929 , 0
33.3867 , 70.2687 , 0
33.4226 , 70.3446 , 0
33.4585 , 70.4205 , 0
33.4944 , 70.4963 , 0
33.5303 , 70.5722 , 0
33.5661 , 70.6481 , 0
33.602 , 70.7239 , 0
33.6379 , 70.7998 , 0
33.6738 , 70.8757 , 0
33.7097 , 70.9515 , 0
33.7456 , 71.0274 , 0
33.7815 , 71.1033 , 0
33.8174 , 71.1791 , 0
33.8533 , 71.255 , 0
33.8892 , 71.3309 , 0
33.9251 , 71.4067 , 0
33.9609 , 71.4826 , 0
33.9968 , 71.5584 , 0
34.0327 , 71.6343 , 0
34.0686 , 71.7102 , 0
34.1045 , 71.786 , 0
34.1404 , 71.8619 , 0
34.1763 , 71.9378 , 0
34.2122 , 72.0136 , 0
34.2481 , 72.0895 , 0
34.284 , 72.1654 , 0
34.3198 , 72.2412 , 0
34.3557 , 72.3171 , 0
34.3916 , 72.3929 , 0
34.4275 , 72.4688 , 0
34.4634 , 72.5447 , 0
34.4993 , 72.6205 , 0
34.5352 , 72.6964 , 0
34.5711 , 72.7723 , 0
34.607 , 72.8481 , 0
34.6429 , 72.924 , 0
34.6787 , 72.9998 , 0
34.7146 , 73.0757 , 0
34.7505 , 73.1516 , 0
34.7864 , 73.2274 , 0
34.8223 , 73.3033 , 0
34.8582 , 73.3792 , 0
34.8941 , 73.455 , 0
34.93 , 73.5309 , 0
34.9659 , 73.6067 , 0
35.0017 , 73.6826 , 0
35.0376 , 73.7585 , 0
35.0735 , 73.8343 , 0
35.1094 , 73.9102 , 0
35.1453 , 73.9861 , 0
35.1812 , 74.0619 , 0
35.2171 , 74.1378 , 0
35.253 , 74.2136 , 0
35.2889 , 74.2895 , 0
35.3247 , 74.3654 , 0
35.3606 , 74.4412 , 0
35.3965 , 74.5171 , 0
35.4324 , 74.5929 , 0
35.4683 , 74.6688 , 0
35.5042 , 74.7447 , 0
35.5401 , 74.8205 , 0
35.576 , 74.8964 , 0
35.6119 , 74.9722 , 0
35.6477 , 75.0481 , 0
35.6836 , 75.124 , 0
35.7195 , 75.1998 , 0
35.7554 , 75.2757 , 0
35.7913 , 75.3515 , 0
35.8272 , 75.4274 , 0
35.8631 , 75.5033 , 0
35.899 , 75.5791 , 0
35.9349 , 75.655 , 0
35.9707 , 75.7308 , 0
36.0066 , 75.8067 , 0
36.0425 , 75.8826 , 0
36.0784 , 75.9584 , 0
36.1143 , 76.0343 , 0
36.1502 , 76.1101 , 0
36.1861 , 76.186 , 0
36.222 , 76.2619 , 0
36.2578 , 76.3377 , 0
36.2937 , 76.4136 , 0
36.3296 , 76.4894 , 0
36.3655 , 76.5653 , 0
36.4014 , 76.6412 , 0
36.4373 , 76.717 , 0
36.4732 , 76.7929 , 0
36.5091 , 76.8687 , 0
36.5449 , 76.9446 , 0
36.5808 , 77.0205 , 0
36.6167 , 77.0963 , 0
36.6526 , 77.1722 , 0
36.6885 , 77.248 , 0
36.7244 , 77.3239 , 0
36.7603 , 77.3997 , 0
36.7962 , 77.4756 , 0
36.832 , 77.5515 , 0
36.8679 , 77.6273 , 0
36.9038 , 77.7032 , 0
36.9397 , 77.779 , 0
36.9756 , 77.8549 , 0
37.0115 , 77.9308 , 0
37.0474 , 78.0066 , 0
37.0833 , 78.0825 , 0
37.1191 , 78.1583 , 0
37.155 , 78.2342 , 0
37.1909 , 78.31 , 0
37.2268 , 78.3859 , 0
37.2627 , 78.4618 , 0
37.2986 , 78.5376 , 0
37.3345 , 78.6135 , 0
37.3704 , 78.6893 , 0
37.4062 , 78.7652 , 0
37.4421 , 78.841 , 0
37.478 , 78.9169 , 0
37.5139 , 78.9928 , 0
37.5498 , 79.0686 , 0
37.5857 , 79.1445 , 0
37.6216 , 79.2203 , 0
37.6574 , 79.2962 , 0
37.6933 , 79.372 , 0
37.7292 , 79.4479 , 0
37.7651 , 79.5238 , 0
37.801 , 79.5996 , 0
37.8369 , 79.6755 , 0
37.8728 , 79.7513 , 0
37.9087 , 79.8272 , 0
37.9445 , 79.903 , 0
37.9804 , 79.9789 , 0
38.0163 , 80.0547 , 0
38.0522 , 80.1306 , 0
38.0881 , 80.2065 , 0
38.124 , 80.2823 , 0
38.1599 , 80.3582 , 0
38.1957 , 80.434 , 0
38.2316 , 80.5099 , 0
38.2675 , 80.5857 , 0
38.3034 , 80.6616 , 0
38.3393 , 80.7375 , 0
38.3752 , 80.8133 , 0
38.4111 , 80.8892 , 0
38.4469 , 80.965 , 0
38.4828 , 81.0409 , 0
38.5187 , 81.1167 , 0
38.5546 , 81.1926 , 0
38.5905 , 81.2684 , 0
38.6264 , 81.3443 , 0
38.6623 , 81.4201 , 0
38.6981 , 81.496 , 0
38.734 , 81.5719 , 0
38.7699 , 81.6477 , 0
38.8058 , 81.7236 , 0
38.8417 , 81.7994 , 0
38.8776 , 81.8753 , 0
38.9135 , 81.9511 , 0
38.9493 , 82.027 , 0
38.9852 , 82.1028 , 0
39.0211 , 82.1787 , 0
39.057 , 82.2545 , 0
39.0929 , 82.3304 , 0
39.1288 , 82.4063 , 0
39.1647 , 82.4821 , 0
39.2005 , 82.558 , 0
39.2364 , 82.6338 , 0
39.2723 , 82.7097 , 0
39.3082 , 82.7855 , 0
39.3441 , 82.8614 , 0
39.38 , 82.9372 , 0
39.4159 , 83.0131 , 0
39.4517 , 83.0889 , 0
39.4876 , 83.1648 , 0
39.5235 , 83.2406 , 0
39.5594 , 83.3165 , 0
39.5953 , 83.3924 , 0
39.6312 , 83.4682 , 0
39.667 , 83.5441 , 0
39.7029 , 83.6199 , 0
39.7388 , 83.6958 , 0
39.7747 , 83.7716 , 0
39.8106 , 83.8475 , 0
39.8465 , 83.9233 , 0
39.8824 , 83.9992 , 0
39.9182 , 84.075 , 0
39.9541 , 84.1509 , 0
39.99 , 84.2267 , 0
40.0259 , 84.3026 , 0
40.0618 , 84.3784 , 0
40.0977 , 84.4543 , 0
40.1335 , 84.5302 , 0
40.1694 , 84.606 , 0
40.2053 , 84.6819 , 0
40.2412 , 84.7577 , 0
40.2771 , 84.8336 , 0
40.313 , 84.9094 , 0
40.3489 , 84.9853 , 0
40.3847 , 85.0611 , 0
40.4206 , 85.137 , 0
40.4565 , 85.2128 , 0
40.4924 , 85.2887 , 0
40.5283 , 85.3645 , 0
40.5642 , 85.4404 , 0
40.6 , 85.5162 , 0
40.6359 , 85.5921 , 0
40.6718 , 85.6679 , 0
40.7077 , 85.7438 , 0
40.7436 , 85.8196 , 0
40.7795 , 85.8955 , 0
40.8153 , 85.9713 , 0
40.8512 , 86.0472 , 0
40.8871 , 86.123 , 0
40.923 , 86.1989 , 0
40.9589 , 86.2747 , 0
40.9948 , 86.3506 , 0
41.0307 , 86.4264 , 0
41.0665 , 86.5023 , 0
41.1024 , 86.5781 , 0
41.1383 , 86.654 , 0
41.1742 , 86.7298 , 0
41.2101 , 86.8057 , 0
41.246 , 86.8816 , 0
41.2818 , 86.9574 , 0
41.3177 , 87.0333 , 0
41.3536 , 87.1091 , 0
41.3895 , 87.185 , 0
41.4254 , 87.2608 , 0
41.4613 , 87.3367 , 0
41.4971 , 87.4125 , 0
41.533 , 87.4884 , 0
41.5689 , 87.5642 , 0
41.6048 , 87.6401 , 0
41.6407 , 87.7159 , 0
41.6766 , 87.7918 , 0
41.7124 , 87.8676 , 0
41.7483 , 87.9435 , 0
41.7842 , 88.0193 , 0
41.8201 , 88.0952 , 0
41.856 , 88.171 , 0
41.8919 , 88.2469 , 0
41.9277 , 88.3227 , 0
41.9636 , 88.3986 , 0
41.9995 , 88.4744 , 0
42.0354 , 88.5503 , 0
42.0713 , 88.6261 , 0
42.1072 , 88.702 , 0
42.143 , 88.7778 , 0
42.1789 , 88.8537 , 0
42.2148 , 88.9295 , 0
42.2507 , 89.0054 , 0
42.2866 , 89.0812 , 0
42.3225 , 89.1571 , 0
42.3583 , 89.2329 , 0
42.3942 , 89.3088 , 0
42.4301 , 89.3846 , 0
42.466 , 89.4604 , 0
42.5019 , 89.5363 , 0
42.5378 , 89.6121 , 0
42.5736 , 89.688 , 0
42.6095 , 89.7638 , 0
42.6454 , 89.8397 , 0
42.6813 , 89.9155 , 0
42.7172 , 89.9914 , 0
42.753 , 90.0672 , 0
42.7889 , 90.1431 , 0
42.8248 , 90.2189 , 0
42.8607 , 90.2948 , 0
42.8966 , 90.3706 , 0
42.9325 , 90.4465 , 0
42.9683 , 90.5223 , 0
43.0042 , 90.5982 , 0
43.0401 , 90.674 , 0
43.076 , 90.7499 , 0
43.1119 , 90.8257 , 0
43.1478 , 90.9016 , 0
43.1836 , 90.9774 , 0
43.2195 , 91.0533 , 0
43.2554 , 91.1291 , 0
43.2913 , 91.205 , 0
43.3272 , 91.2808 , 0
43.363 , 91.3567 , 0
43.3989 , 91.4325 , 0
43.4348 , 91.5084 , 0
43.4707 , 91.5842 , 0
43.5066 , 91.66 , 0
43.5425 , 91.7359 , 0
43.5783 , 91.8117 , 0
43.6142 , 91.8876 , 0
43.6501 , 91.9634 , 0
43.686 , 92.0393 , 0
43.7219 , 92.1151 , 0
43.7578 , 92.191 , 0
43.7936 , 92.2668 , 0
43.8295 , 92.3427 , 0
43.8654 , 92.4185 , 0
43.9013 , 92.4944 , 0
43.9372 , 92.5702 , 0
43.973 , 92.6461 , 0
44.0089 , 92.7219 , 0
44.0448 , 92.7978 , 0
44.0807 , 92.8736 , 0
44.1166 , 92.9495 , 0
44.1525 , 93.0253 , 0
44.1883 , 93.1011 , 0
44.2242 , 93.177 , 0
44.2601 , 93.2528 , 0
44.296 , 93.3287 , 0
44.3319 , 93.4045 , 0
44.3677 , 93.4804 , 0
44.4036 , 93.5562 , 0
44.4395 , 93.6321 , 0
44.4754 , 93.7079 , 0
44.5113 , 93.7838 , 0
44.5471 , 93.8596 , 0
44.583 , 93.9355 , 0
44.6189 , 94.0113 , 0
44.6548 , 94.0871 , 0
44.6907 , 94.163 , 0
44.7266 , 94.2388 , 0
44.7624 , 94.3147 , 0
44.7983 , 94.3905 , 0
44.8342 , 94.4664 , 0
44.8701 , 94.5422 , 0
44.906 , 94.6181 , 0
44.9418 , 94.6939 , 0
44.9777 , 94.7698 , 0
45.0136 , 94.8456 , 0
45.0495 , 94.9215 , 0
45.0854 , 94.9973 , 0
45.1212 , 95.0731 , 0
45.1571 , 95.149 , 0
45.193 , 95.2248 , 0
45.2289 , 95.3007 , 0
45.2648 , 95.3765 , 0
45.3007 , 95.4524 , 0
45.3365 , 95.5282 , 0
45.3724 , 95.6041 , 0
45.4083 , 95.6799 , 0
45.4442 , 95.7558 , 0
45.4801 , 95.8316 , 0
45.5159 , 95.9074 , 0
45.5518 , 95.9833 , 0
45.5877 , 96.0591 , 0
45.6236 , 96.135 , 0
45.6595 , 96.2108 , 0
45.6953 , 96.2867 , 0
45.7312 , 96.3625 , 0
45.7671 , 96.4384 , 0
45.803 , 96.5142 , 0
45.8389 , 96.59 , 0
45.8747 , 96.6659 , 0
45.9106 , 96.7417 , 0
45.9465 , 96.8176 , 0
45.9824 , 96.8934 , 0
46.0183 , 96.9693 , 0
46.0541 , 97.0451 , 0
46.09 , 97.121 , 0
46.1259 , 97.1968 , 0
46.1618 , 97.2726 , 0
46.1977 , 97.3485 , 0
46.2336 , 97.4243 , 0
46.2694 , 97.5002 , 0
46.3053 , 97.576 , 0
46.3412 , 97.6519 , 0
46.3771 , 97.7277 , 0
46.413 , 97.8036 , 0
46.4488 , 97.8794 , 0
46.4847 , 97.9552 , 0
46.5206 , 98.0311 , 0
46.5565 , 98.1069 , 0
46.5924 , 98.1828 , 0
46.6282 , 98.2586 , 0
46.6641 , 98.3345 , 0
46.7 , 98.4103 , 0
46.7359 , 98.4861 , 0
46.7718 , 98.562 , 0
46.8076 , 98.6378 , 0
46.8435 , 98.7137 , 0
46.8794 , 98.7895 , 0
46.9153 , 98.8654 , 0
46.9512 , 98.9412 , 0
46.987 , 99.0171 , 0
47.0229 , 99.0929 , 0
47.0588 , 99.1687 , 0
47.0947 , 99.2446 , 0
47.1306 , 99.3204 , 0
47.1664 , 99.3963 , 0
47.2023 , 99.4721 , 0
47.2382 , 99.548 , 0
47.2741 , 99.6238 , 0
47.31 , 99.6996 , 0
47.3458 , 99.7755 , 0
47.3817 , 99.8513 , 0
47.4176 , 99.9272 , 0
47.4535 , 100.003 , 0
47.4894 , 100.079 , 0
47.5252 , 100.155 , 0
47.5611 , 100.231 , 0
47.597 , 100.306 , 0
47.6329 , 100.382 , 0
47.6688 , 100.458 , 0
47.7046 , 100.534 , 0
47.7405 , 100.61 , 0
47.7764 , 100.686 , 0
47.8123 , 100.761 , 0
47.8481 , 100.837 , 0
47.884 , 100.913 , 0
47.9199 , 100.989 , 0
47.9558 , 101.065 , 0
47.9917 , 101.141 , 0
48.0275 , 101.216 , 0
48.0634 , 101.292 , 0
48.0993 , 101.368 , 0
48.1352 , 101.444 , 0
48.1711 , 101.52 , 0
48.2069 , 101.596 , 0
48.2428 , 101.672 , 0
48.2787 , 101.747 , 0
48.3146 , 101.823 , 0
48.3505 , 101.899 , 0
48.3863 , 101.975 , 0
48.4222 , 102.051 , 0
48.4581 , 102.127 , 0
48.494 , 102.202 , 0
48.5299 , 102.278 , 0
48.5657 , 102.354 , 0
48.6016 , 102.43 , 0
48.6375 , 102.506 , 0
48.6734 , 102.582 , 0
48.7093 , 102.657 , 0
48.7451 , 102.733 , 0
48.781 , 102.809 , 0
48.8169 , 102.885 , 0
48.8528 , 102.961 , 0
48.8886 , 103.037 , 0
48.9245 , 103.113 , 0
48.9604 , 103.188 , 0
48.9963 , 103.264 , 0
49.0322 , 103.34 , 0
49.068 , 103.416 , 0
49.1039 , 103.492 , 0
49.1398 , 103.568 , 0
49.1757 , 103.643 , 0
49.2116 , 103.719 , 0
49.2474 , 103.795 , 0
49.2833 , 103.871 , 0
49.3192 , 103.947 , 0
49.3551 , 104.023 , 0
49.391 , 104.098 , 0
49.4268 , 104.174 , 0
49.4627 , 104.25 , 0
49.4986 , 104.326 , 0
49.5345 , 104.402 , 0
49.5703 , 104.478 , 0
49.6062 , 104.554 , 0
49.6421 , 104.629 , 0
49.678 , 104.705 , 0
49.7139 , 104.781 , 0
49.7497 , 104.857 , 0
49.7856 , 104.933 , 0
49.8215 , 105.009 , 0
49.8574 , 105.084 , 0
49.8933 , 105.16 , 0
49.9291 , 105.236 , 0
49.965 , 105.312 , 0
50.0009 , 105.388 , 0
50.0368 , 105.464 , 0
50.0726 , 105.539 , 0
50.1085 , 105.615 , 0
50.1444 , 105.691 , 0
50.1803 , 105.767 , 0
50.2162 , 105.843 , 0
50.252 , 105.919 , 0
50.2879 , 105.994 , 0
50.3238 , 106.07 , 0
50.3597 , 106.146 , 0
50.3955 , 106.222 , 0
50.4314 , 106.298 , 0
50.4673 , 106.374 , 0
50.5032 , 106.45 , 0
50.5391 , 106.525 , 0
50.5749 , 106.601 , 0
50.6108 , 106.677 , 0
50.6467 , 106.753 , 0
50.6826 , 106.829 , 0
50.7185 , 106.905 , 0
50.7543 , 106.98 , 0
50.7902 , 107.056 , 0
50.8261 , 107.132 , 0
50.862 , 107.208 , 0
50.8978 , 107.284 , 0
50.9337 , 107.36 , 0
50.9696 , 107.435 , 0
51.0055 , 107.511 , 0
51.0414 , 107.587 , 0
51.0772 , 107.663 , 0
51.1131 , 107.739 , 0
51.149 , 107.815 , 0
51.1849 , 107.89 , 0
51.2207 , 107.966 , 0
51.2566 , 108.042 , 0
51.2925 , 108.118 , 0
51.3284 , 108.194 , 0
51.3643 , 108.27 , 0
51.4001 , 108.345 , 0
51.436 , 108.421 , 0
51.4719 , 108.497 , 0
51.5078 , 108.573 , 0
51.5436 , 108.649 , 0
51.5795 , 108.725 , 0
51.6154 , 108.801 , 0
51.6513 , 108.876 , 0
51.6872 , 108.952 , 0
51.723 , 109.028 , 0
51.7589 , 109.104 , 0
51.7948 , 109.18 , 0
51.8307 , 109.256 , 0
51.8665 , 109.331 , 0
51.9024 , 109.407 , 0
51.9383 , 109.483 , 0
51.9742 , 109.559 , 0
52.01 , 109.635 , 0
52.0459 , 109.711 , 0
52.0818 , 109.786 , 0
52.1177 , 109.862 , 0
52.1536 , 109.938 , 0
52.1894 , 110.014 , 0
52.2253 , 110.09 , 0
52.2612 , 110.166 , 0
52.2971 , 110.241 , 0
52.3329 , 110.317 , 0
52.3688 , 110.393 , 0
52.4047 , 110.469 , 0
52.4406 , 110.545 , 0
52.4765 , 110.621 , 0
52.5123 , 110.696 , 0
52.5482 , 110.772 , 0
52.5841 , 110.848 , 0
52.62 , 110.924 , 0
52.6558 , 111 , 0
52.6917 , 111.076 , 0
52.7276 , 111.151 , 0
52.7635 , 111.227 , 0
52.7993 , 111.303 , 0
52.8352 , 111.379 , 0
52.8711 , 111.455 , 0
52.907 , 111.531 , 0
52.9429 , 111.607 , 0
52.9787 , 111.682 , 0
53.0146 , 111.758 , 0
53.0505 , 111.834 , 0
53.0864 , 111.91 , 0
53.1222 , 111.986 , 0
53.1581 , 112.062 , 0
53.194 , 112.137 , 0
53.2299 , 112.213 , 0
53.2658 , 112.289 , 0
53.3016 , 112.365 , 0
53.3375 , 112.441 , 0
53.3734 , 112.517 , 0
53.4093 , 112.592 , 0
53.4451 , 112.668 , 0
53.481 , 112.744 , 0
53.5169 , 112.82 , 0
53.5528 , 112.896 , 0
53.5886 , 112.972 , 0
53.6245 , 113.047 , 0
53.6604 , 113.123 , 0
53.6963 , 113.199 , 0
53.7321 , 113.275 , 0
53.768 , 113.351 , 0
53.8039 , 113.427 , 0
53.8398 , 113.502 , 0
53.8757 , 113.578 , 0
53.9115 , 113.654 , 0
53.9474 , 113.73 , 0
53.9833 , 113.806 , 0
54.0192 , 113.882 , 0
54.055 , 113.957 , 0
54.0909 , 114.033 , 0
54.1268 , 114.109 , 0
54.1627 , 114.185 , 0
54.1985 , 114.261 , 0
54.2344 , 114.337 , 0
54.2703 , 114.412 , 0
54.3062 , 114.488 , 0
54.3421 , 114.564 , 0
54.3779 , 114.64 , 0
54.4138 , 114.716 , 0
54.4497 , 114.792 , 0
54.4856 , 114.867 , 0
54.5214 , 114.943 , 0
54.5573 , 115.019 , 0
54.5932 , 115.095 , 0
54.6291 , 115.171 , 0
54.6649 , 115.247 , 0
54.7008 , 115.322 , 0
54.7367 , 115.398 , 0
54.7726 , 115.474 , 0
54.8084 , 115.55 , 0
54.8443 , 115.626 , 0
54.8802 , 115.702 , 0
54.9161 , 115.778 , 0
54.9519 , 115.853 , 0
54.9878 , 115.929 , 0
55.0237 , 116.005 , 0
55.0596 , 116.081 , 0
55.0955 , 116.157 , 0
55.1313 , 116.233 , 0
55.1672 , 116.308 , 0
55.2031 , 116.384 , 0
55.239 , 116.46 , 0
55.2748 , 116.536 , 0
55.3107 , 116.612 , 0
55.3466 , 116.688 , 0
55.3825 , 116.763 , 0
55.4183 , 116.839 , 0
55.4542 , 116.915 , 0
55.4901 , 116.991 , 0
55.526 , 117.067 , 0
55.5618 , 117.143 , 0
55.5977 , 117.218 , 0
55.6336 , 117.294 , 0
55.6695 , 117.37 , 0
55.7053 , 117.446 , 0
55.7412 , 117.522 , 0
55.7771 , 117.598 , 0
55.813 , 117.673 , 0
55.8488 , 117.749 , 0
55.8847 , 117.825 , 0
55.9206 , 117.901 , 0
55.9565 , 117.977 , 0
55.9924 , 118.053 , 0
56.0282 , 118.128 , 0
56.0641 , 118.204 , 0
56.1 , 118.28 , 0
56.1359 , 118.356 , 0
56.1717 , 118.432 , 0
56.2076 , 118.508 , 0
56.2435 , 118.583 , 0
56.2794 , 118.659 , 0
56.3152 , 118.735 , 0
56.3511 , 118.811 , 0
56.387 , 118.887 , 0
56.4229 , 118.963 , 0
56.4587 , 119.038 , 0
56.4946 , 119.114 , 0
56.5305 , 119.19 , 0
56.5664 , 119.266 , 0
56.6022 , 119.342 , 0
56.6381 , 119.418 , 0
56.674 , 119.493 , 0
56.7099 , 119.569 , 0
56.7457 , 119.645 , 0
56.7816 , 119.721 , 0
56.8175 , 119.797 , 0
56.8534 , 119.873 , 0
56.8892 , 119.948 , 0
56.9251 , 120.024 , 0
56.961 , 120.1 , 0
56.9969 , 120.176 , 0
57.0327 , 120.252 , 0
57.0686 , 120.328 , 0
57.1045 , 120.403 , 0
57.1404 , 120.479 , 0
57.1762 , 120.555 , 0
57.2121 , 120.631 , 0
57.248 , 120.707 , 0
57.2839 , 120.783 , 0
57.3197 , 120.858 , 0
57.3556 , 120.934 , 0
57.3915 , 121.01 , 0
57.4274 , 121.086 , 0
57.4632 , 121.162 , 0
57.4991 , 121.238 , 0
57.535 , 121.313 , 0
57.5709 , 121.389 , 0
57.6067 , 121.465 , 0
57.6426 , 121.541 , 0
57.6785 , 121.617 , 0
57.7144 , 121.693 , 0
57.7502 , 121.768 , 0
57.7861 , 121.844 , 0
57.822 , 121.92 , 0
57.8579 , 121.996 , 0
57.8937 , 122.072 , 0
57.9296 , 122.148 , 0
57.9655 , 122.223 , 0
58.0014 , 122.299 , 0
58.0372 , 122.375 , 0
58.0731 , 122.451 , 0
58.109 , 122.527 , 0
58.1449 , 122.603 , 0
58.1807 , 122.678 , 0
58.2166 , 122.754 , 0
58.2525 , 122.83 , 0
58.2884 , 122.906 , 0
58.3242 , 122.982 , 0
58.3601 , 123.058 , 0
58.396 , 123.133 , 0
58.4319 , 123.209 , 0
58.4677 , 123.285 , 0
58.5036 , 123.361 , 0
58.5395 , 123.437 , 0
58.5754 , 123.513 , 0
58.6112 , 123.588 , 0
58.6471 , 123.664 , 0
58.683 , 123.74 , 0
58.7189 , 123.816 , 0
58.7547 , 123.892 , 0
58.7906 , 123.968 , 0
58.8265 , 124.043 , 0
58.8624 , 124.119 , 0
58.8982 , 124.195 , 0
58.9341 , 124.271 , 0
58.97 , 124.347 , 0
59.0059 , 124.423 , 0
59.0417 , 124.498 , 0
59.0776 , 124.574 , 0
59.1135 , 124.65 , 0
59.1494 , 124.726 , 0
59.1852 , 124.802 , 0
59.2211 , 124.878 , 0
59.257 , 124.953 , 0
59.2929 , 125.029 , 0
59.3287 , 125.105 , 0
59.3646 , 125.181 , 0
59.4005 , 125.257 , 0
59.4364 , 125.333 , 0
59.4722 , 125.408 , 0
59.5081 , 125.484 , 0
59.544 , 125.56 , 0
59.5799 , 125.636 , 0
59.6157 , 125.712 , 0
59.6516 , 125.788 , 0
59.6875 , 125.863 , 0
59.7234 , 125.939 , 0
59.7592 , 126.015 , 0
59.7951 , 126.091 , 0
59.831 , 126.167 , 0
59.8669 , 126.243 , 0
59.9027 , 126.318 , 0
59.9386 , 126.394 , 0
59.9745 , 126.47 , 0
60.0104 , 126.546 , 0
60.0462 , 126.622 , 0
60.0821 , 126.698 , 0
60.118 , 126.773 , 0
60.1539 , 126.849 , 0
60.1897 , 126.925 , 0
60.2256 , 127.001 , 0
60.2615 , 127.077 , 0
60.2973 , 127.153 , 0
60.3332 , 127.228 , 0
60.3691 , 127.304 , 0
60.405 , 127.38 , 0
60.4408 , 127.456 , 0
60.4767 , 127.532 , 0
60.5126 , 127.607 , 0
60.5485 , 127.683 , 0
60.5843 , 127.759 , 0
60.6202 , 127.835 , 0
60.6561 , 127.911 , 0
60.692 , 127.987 , 0
60.7278 , 128.062 , 0
60.7637 , 128.138 , 0
60.7996 , 128.214 , 0
60.8355 , 128.29 , 0
60.8713 , 128.366 , 0
60.9072 , 128.442 , 0
60.9431 , 128.517 , 0
60.979 , 128.593 , 0
61.0148 , 128.669 , 0
61.0507 , 128.745 , 0
61.0866 , 128.821 , 0
61.1225 , 128.897 , 0
61.1583 , 128.972 , 0
61.1942 , 129.048 , 0
61.2301 , 129.124 , 0
61.2659 , 129.2 , 0
61.3018 , 129.276 , 0
61.3377 , 129.352 , 0
61.3736 , 129.427 , 0
61.4094 , 129.503 , 0
61.4453 , 129.579 , 0
61.4812 , 129.655 , 0
61.5171 , 129.731 , 0
61.5529 , 129.807 , 0
61.5888 , 129.882 , 0
61.6247 , 129.958 , 0
61.6606 , 130.034 , 0
61.6964 , 130.11 , 0
61.7323 , 130.186 , 0
61.7682 , 130.262 , 0
61.8041 , 130.337 , 0
61.8399 , 130.413 , 0
61.8758 , 130.489 , 0
61.9117 , 130.565 , 0
61.9476 , 130.641 , 0
61.9834 , 130.717 , 0
62.0193 , 130.792 , 0
62.0552 , 130.868 , 0
62.091 , 130.944 , 0
62.1269 , 131.02 , 0
62.1628 , 131.096 , 0
62.1987 , 131.172 , 0
62.2345 , 131.247 , 0
62.2704 , 131.323 , 0
62.3063 , 131.399 , 0
62.3422 , 131.475 , 0
62.378 , 131.551 , 0
62.4139 , 131.627 , 0
62.4498 , 131.702 , 0
62.4857 , 131.778 , 0
62.5215 , 131.854 , 0
62.5574 , 131.93 , 0
62.5933 , 132.006 , 0
62.6291 , 132.081 , 0
62.665 , 132.157 , 0
62.7009 , 132.233 , 0
62.7368 , 132.309 , 0
62.7726 , 132.385 , 0
62.8085 , 132.461 , 0
62.8444 , 132.536 , 0
62.8803 , 132.612 , 0
62.9161 , 132.688 , 0
62.952 , 132.764 , 0
62.9879 , 132.84 , 0
63.0238 , 132.916 , 0
63.0596 , 132.991 , 0
63.0955 , 133.067 , 0
63.1314 , 133.143 , 0
63.1673 , 133.219 , 0
63.2031 , 133.295 , 0
63.239 , 133.371 , 0
63.2749 , 133.446 , 0
63.3107 , 133.522 , 0
63.3466 , 133.598 , 0
63.3825 , 133.674 , 0
63.4184 , 133.75 , 0
63.4542 , 133.826 , 0
63.4901 , 133.901 , 0
63.526 , 133.977 , 0
63.5619 , 134.053 , 0
63.5977 , 134.129 , 0
63.6336 , 134.205 , 0
63.6695 , 134.281 , 0
63.7053 , 134.356 , 0
63.7412 , 134.432 , 0
63.7771 , 134.508 , 0
63.813 , 134.584 , 0
63.8488 , 134.66 , 0
63.8847 , 134.736 , 0
63.9206 , 134.811 , 0
63.9565 , 134.887 , 0
63.9923 , 134.963 , 0
64.0282 , 135.039 , 0
64.0641 , 135.115 , 0
64.1 , 135.19 , 0
64.1358 , 135.266 , 0
64.1717 , 135.342 , 0
64.2076 , 135.418 , 0
64.2434 , 135.494 , 0
64.2793 , 135.57 , 0
64.3152 , 135.645 , 0
64.3511 , 135.721 , 0
64.3869 , 135.797 , 0
64.4228 , 135.873 , 0
64.4587 , 135.949 , 0
64.4946 , 136.025 , 0
64.5304 , 136.1 , 0
64.5663 , 136.176 , 0
64.6022 , 136.252 , 0
64.638 , 136.328 , 0
64.6739 , 136.404 , 0
64.7098 , 136.48 , 0
64.7457 , 136.555 , 0
64.7815 , 136.631 , 0
64.8174 , 136.707 , 0
64.8533 , 136.783 , 0
64.8892 , 136.859 , 0
64.925 , 136.935 , 0
64.9609 , 137.01 , 0
64.9968 , 137.086 , 0
65.0326 , 137.162 , 0
65.0685 , 137.238 , 0
65.1044 , 137.314 , 0
65.1403 , 137.39 , 0
65.1761 , 137.465 , 0
65.212 , 137.541 , 0
65.2479 , 137.617 , 0
65.2838 , 137.693 , 0
65.3196 , 137.769 , 0
65.3555 , 137.844 , 0
65.3914 , 137.92 , 0
65.4272 , 137.996 , 0
65.4631 , 138.072 , 0
65.499 , 138.148 , 0
65.5349 , 138.224 , 0
65.5707 , 138.299 , 0
65.6066 , 138.375 , 0
65.6425 , 138.451 , 0
65.6784 , 138.527 , 0
65.7142 , 138.603 , 0
65.7501 , 138.679 , 0
65.786 , 138.754 , 0
65.8218 , 138.83 , 0
65.8577 , 138.906 , 0
65.8936 , 138.982 , 0
65.9295 , 139.058 , 0
65.9653 , 139.134 , 0
66.0012 , 139.209 , 0
66.0371 , 139.285 , 0
66.073 , 139.361 , 0
66.1088 , 139.437 , 0
66.1447 , 139.513 , 0
66.1806 , 139.589 , 0
66.2164 , 139.664 , 0
66.2523 , 139.74 , 0
66.2882 , 139.816 , 0
66.3241 , 139.892 , 0
66.3599 , 139.968 , 0
66.3958 , 140.043 , 0
66.4317 , 140.119 , 0
66.4676 , 140.195 , 0
66.5034 , 140.271 , 0
66.5393 , 140.347 , 0
66.5752 , 140.423 , 0
66.611 , 140.498 , 0
66.6469 , 140.574 , 0
66.6828 , 140.65 , 0
66.7187 , 140.726 , 0
66.7545 , 140.802 , 0
66.7904 , 140.878 , 0
66.8263 , 140.953 , 0
66.8621 , 141.029 , 0
66.898 , 141.105 , 0
66.9339 , 141.181 , 0
66.9698 , 141.257 , 0
67.0056 , 141.333 , 0
67.0415 , 141.408 , 0
67.0774 , 141.484 , 0
67.1133 , 141.56 , 0
67.1491 , 141.636 , 0
67.185 , 141.712 , 0
67.2209 , 141.788 , 0
67.2567 , 141.863 , 0
67.2926 , 141.939 , 0
67.3285 , 142.015 , 0
67.3644 , 142.091 , 0
67.4002 , 142.167 , 0
67.4361 , 142.242 , 0
67.472 , 142.318 , 0
67.5078 , 142.394 , 0
67.5437 , 142.47 , 0
67.5796 , 142.546 , 0
67.6155 , 142.622 , 0
67.6513 , 142.697 , 0
67.6872 , 142.773 , 0
67.7231 , 142.849 , 0
67.7589 , 142.925 , 0
67.7948 , 143.001 , 0
67.8307 , 143.077 , 0
67.8666 , 143.152 , 0
67.9024 , 143.228 , 0
67.9383 , 143.304 , 0
67.9742 , 143.38 , 0
68.0101 , 143.456 , 0
68.0459 , 143.532 , 0
68.0818 , 143.607 , 0
68.1177 , 143.683 , 0
68.1535 , 143.759 , 0
68.1894 , 143.835 , 0
68.2253 , 143.911 , 0
68.2612 , 143.986 , 0
68.297 , 144.062 , 0
68.3329 , 144.138 , 0
68.3688 , 144.214 , 0
68.4046 , 144.29 , 0
68.4405 , 144.366 , 0
68.4764 , 144.441 , 0
68.5123 , 144.517 , 0
68.5481 , 144.593 , 0
68.584 , 144.669 , 0
68.6199 , 144.745 , 0
68.6557 , 144.821 , 0
68.6916 , 144.896 , 0
68.7275 , 144.972 , 0
68.7634 , 145.048 , 0
68.7992 , 145.124 , 0
68.8351 , 145.2 , 0
68.871 , 145.276 , 0
68.9068 , 145.351 , 0
68.9427 , 145.427 , 0
68.9786 , 145.503 , 0
69.0145 , 145.579 , 0
69.0503 , 145.655 , 0
69.0862 , 145.73 , 0
69.1221 , 145.806 , 0
69.158 , 145.882 , 0
69.1938 , 145.958 , 0
69.2297 , 146.034 , 0
69.2656 , 146.11 , 0
69.3014 , 146.185 , 0
69.3373 , 146.261 , 0
69.3732 , 146.337 , 0
69.4091 , 146.413 , 0
69.4449 , 146.489 , 0
69.4808 , 146.565 , 0
69.5167 , 146.64 , 0
69.5525 , 146.716 , 0
69.5884 , 146.792 , 0
69.6243 , 146.868 , 0
69.6602 , 146.944 , 0
69.696 , 147.02 , 0
69.7319 , 147.095 , 0
69.7678 , 147.171 , 0
69.8036 , 147.247 , 0
69.8395 , 147.323 , 0
69.8754 , 147.399 , 0
69.9113 , 147.474 , 0
69.9471 , 147.55 , 0
69.983 , 147.626 , 0
70.0189 , 147.702 , 0
70.0547 , 147.778 , 0
70.0906 , 147.854 , 0
70.1265 , 147.929 , 0
70.1624 , 148.005 , 0
70.1982 , 148.081 , 0
70.2341 , 148.157 , 0
70.27 , 148.233 , 0
70.3058 , 148.309 , 0
70.3417 , 148.384 , 0
70.3776 , 148.46 , 0
70.4135 , 148.536 , 0
70.4493 , 148.612 , 0
70.4852 , 148.688 , 0
70.5211 , 148.763 , 0
70.5569 , 148.839 , 0
70.5928 , 148.915 , 0
70.6287 , 148.991 , 0
70.6646 , 149.067 , 0
70.7004 , 149.143 , 0
70.7363 , 149.218 , 0
70.7722 , 149.294 , 0
70.808 , 149.37 , 0
70.8439 , 149.446 , 0
70.8798 , 149.522 , 0
70.9157 , 149.598 , 0
70.9515 , 149.673 , 0
70.9874 , 149.749 , 0
71.0233 , 149.825 , 0
71.0591 , 149.901 , 0
71.095 , 149.977 , 0
71.1309 , 150.053 , 0
71.1667 , 150.128 , 0
71.2026 , 150.204 , 0
71.2385 , 150.28 , 0
71.2744 , 150.356 , 0
71.3102 , 150.432 , 0
71.3461 , 150.507 , 0
71.382 , 150.583 , 0
71.4178 , 150.659 , 0
71.4537 , 150.735 , 0
71.4896 , 150.811 , 0
71.5255 , 150.887 , 0
71.5613 , 150.962 , 0
71.5972 , 151.038 , 0
71.6331 , 151.114 , 0
71.6689 , 151.19 , 0
71.7048 , 151.266 , 0
71.7407 , 151.342 , 0
71.7766 , 151.417 , 0
71.8124 , 151.493 , 0
71.8483 , 151.569 , 0
71.8842 , 151.645 , 0
71.92 , 151.721 , 0
71.9559 , 151.796 , 0
71.9918 , 151.872 , 0
72.0277 , 151.948 , 0
72.0635 , 152.024 , 0
72.0994 , 152.1 , 0
72.1353 , 152.176 , 0
72.1711 , 152.251 , 0
72.207 , 152.327 , 0
72.2429 , 152.403 , 0
72.2788 , 152.479 , 0
72.3146 , 152.555 , 0
72.3505 , 152.631 , 0
72.3864 , 152.706 , 0
72.4222 , 152.782 , 0
72.4581 , 152.858 , 0
72.494 , 152.934 , 0
72.5298 , 153.01 , 0
72.5657 , 153.085 , 0
72.6016 , 153.161 , 0
72.6375 , 153.237 , 0
72.6733 , 153.313 , 0
72.7092 , 153.389 , 0
72.7451 , 153.465 , 0
72.7809 , 153.54 , 0
72.8168 , 153.616 , 0
72.8527 , 153.692 , 0
72.8886 , 153.768 , 0
72.9244 , 153.844 , 0
72.9603 , 153.92 , 0
72.9962 , 153.995 , 0
73.032 , 154.071 , 0
73.0679 , 154.147 , 0
73.1038 , 154.223 , 0
73.1396 , 154.299 , 0
73.1755 , 154.374 , 0
73.2114 , 154.45 , 0
73.2473 , 154.526 , 0
73.2831 , 154.602 , 0
73.319 , 154.678 , 0
73.3549 , 154.754 , 0
73.3907 , 154.829 , 0
73.4266 , 154.905 , 0
73.4625 , 154.981 , 0
73.4984 , 155.057 , 0
73.5342 , 155.133 , 0
73.5701 , 155.209 , 0
73.606 , 155.284 , 0
73.6418 , 155.36 , 0
73.6777 , 155.436 , 0
73.7136 , 155.512 , 0
73.7495 , 155.588 , 0
73.7853 , 155.664 , 0
73.8212 , 155.739 , 0
73.8571 , 155.815 , 0
73.8929 , 155.891 , 0
73.9288 , 155.967 , 0
73.9647 , 156.043 , 0
74.0005 , 156.118 , 0
74.0364 , 156.194 , 0
74.0723 , 156.27 , 0
74.1082 , 156.346 , 0
74.144 , 156.422 , 0
74.1799 , 156.498 , 0
74.2158 , 156.573 , 0
74.2516 , 156.649 , 0
74.2875 , 156.725 , 0
74.3234 , 156.801 , 0
74.3592 , 156.877 , 0
74.3951 , 156.952 , 0
74.431 , 157.028 , 0
74.4669 , 157.104 , 0
74.5027 , 157.18 , 0
74.5386 , 157.256 , 0
74.5745 , 157.332 , 0
74.6103 , 157.407 , 0
74.6462 , 157.483 , 0
74.6821 , 157.559 , 0
74.718 , 157.635 , 0
74.7538 , 157.711 , 0
74.7897 , 157.787 , 0
74.8256 , 157.862 , 0
74.8614 , 157.938 , 0
74.8973 , 158.014 , 0
74.9332 , 158.09 , 0
74.969 , 158.166 , 0
75.0049 , 158.241 , 0
75.0408 , 158.317 , 0
75.0767 , 158.393 , 0
75.1125 , 158.469 , 0
75.1484 , 158.545 , 0
75.1843 , 158.621 , 0
75.2201 , 158.696 , 0
75.256 , 158.772 , 0
75.2919 , 158.848 , 0
75.3277 , 158.924 , 0
75.3636 , 159 , 0
75.3995 , 159.076 , 0
75.4354 , 159.151 , 0
75.4712 , 159.227 , 0
75.5071 , 159.303 , 0
75.543 , 159.379 , 0
75.5788 , 159.455 , 0
75.6147 , 159.53 , 0
75.6506 , 159.606 , 0
75.6864 , 159.682 , 0
75.7223 , 159.758 , 0
75.7582 , 159.834 , 0
75.7941 , 159.91 , 0
75.8299 , 159.985 , 0
75.8658 , 160.061 , 0
75.9017 , 160.137 , 0
75.9375 , 160.213 , 0
75.9734 , 160.289 , 0
76.0093 , 160.365 , 0
76.0452 , 160.44 , 0
76.081 , 160.516 , 0
76.1169 , 160.592 , 0
76.1528 , 160.668 , 0
76.1886 , 160.744 , 0
76.2245 , 160.819 , 0
76.2604 , 160.895 , 0
76.2962 , 160.971 , 0
76.3321 , 161.047 , 0
76.368 , 161.123 , 0
76.4039 , 161.199 , 0
76.4397 , 161.274 , 0
76.4756 , 161.35 , 0
76.5115 , 161.426 , 0
76.5473 , 161.502 , 0
76.5832 , 161.578 , 0
76.6191 , 161.654 , 0
76.6549 , 161.729 , 0
76.6908 , 161.805 , 0
76.7267 , 161.881 , 0
76.7626 , 161.957 , 0
76.7984 , 162.033 , 0
76.8343 , 162.108 , 0
76.8702 , 162.184 , 0
76.906 , 162.26 , 0
76.9419 , 162.336 , 0
76.9778 , 162.412 , 0
77.0136 , 162.488 , 0
77.0495 , 162.563 , 0
77.0854 , 162.639 , 0
77.1212 , 162.715 , 0
77.1571 , 162.791 , 0
77.193 , 162.867 , 0
77.2289 , 162.942 , 0
77.2647 , 163.018 , 0
77.3006 , 163.094 , 0
77.3365 , 163.17 , 0
77.3723 , 163.246 , 0
77.4082 , 163.322 , 0
77.4441 , 163.397 , 0
77.4799 , 163.473 , 0
77.5158 , 163.549 , 0
77.5517 , 163.625 , 0
77.5876 , 163.701 , 0
77.6234 , 163.777 , 0
77.6593 , 163.852 , 0
77.6952 , 163.928 , 0
77.731 , 164.004 , 0
77.7669 , 164.08 , 0
77.8028 , 164.156 , 0
77.8386 , 164.231 , 0
77.8745 , 164.307 , 0
77.9104 , 164.383 , 0
77.9463 , 164.459 , 0
77.9821 , 164.535 , 0
78.018 , 164.611 , 0
78.0539 , 164.686 , 0
78.0897 , 164.762 , 0
78.1256 , 164.838 , 0
78.1615 , 164.914 , 0
78.1973 , 164.99 , 0
78.2332 , 165.065 , 0
78.2691 , 165.141 , 0
78.3049 , 165.217 , 0
78.3408 , 165.293 , 0
78.3767 , 165.369 , 0
78.4126 , 165.445 , 0
78.4484 , 165.52 , 0
78.4843 , 165.596 , 0
78.5202 , 165.672 , 0
78.556 , 165.748 , 0
78.5919 , 165.824 , 0
78.6278 , 165.9 , 0
78.6636 , 165.975 , 0
78.6995 , 166.051 , 0
78.7354 , 166.127 , 0
78.7713 , 166.203 , 0
78.8071 , 166.279 , 0
78.843 , 166.354 , 0
78.8789 , 166.43 , 0
78.9147 , 166.506 , 0
78.9506 , 166.582 , 0
78.9865 , 166.658 , 0
79.0223 , 166.734 , 0
79.0582 , 166.809 , 0
79.0941 , 166.885 , 0
79.1299 , 166.961 , 0
79.1658 , 167.037 , 0
79.2017 , 167.113 , 0
79.2376 , 167.188 , 0
79.2734 , 167.264 , 0
79.3093 , 167.34 , 0
79.3452 , 167.416 , 0
79.381 , 167.492 , 0
79.4169 , 167.568 , 0
79.4528 , 167.643 , 0
79.4886 , 167.719 , 0
79.5245 , 167.795 , 0
79.5604 , 167.871 , 0
79.5963 , 167.947 , 0
79.6321 , 168.023 , 0
79.668 , 168.098 , 0
79.7039 , 168.174 , 0
79.7397 , 168.25 , 0
79.7756 , 168.326 , 0
79.8115 , 168.402 , 0
79.8473 , 168.477 , 0
79.8832 , 168.553 , 0
79.9191 , 168.629 , 0
79.9549 , 168.705 , 0
79.9908 , 168.781 , 0
80.0267 , 168.857 , 0
80.0626 , 168.932 , 0
80.0984 , 169.008 , 0
80.1343 , 169.084 , 0
80.1702 , 169.16 , 0
80.206 , 169.236 , 0
80.2419 , 169.311 , 0
80.2778 , 169.387 , 0
80.3136 , 169.463 , 0
80.3495 , 169.539 , 0
80.3854 , 169.615 , 0
80.4212 , 169.691 , 0
80.4571 , 169.766 , 0
80.493 , 169.842 , 0
80.5289 , 169.918 , 0
80.5647 , 169.994 , 0
80.6006 , 170.07 , 0
80.6365 , 170.145 , 0
80.6723 , 170.221 , 0
80.7082 , 170.297 , 0
80.7441 , 170.373 , 0
80.7799 , 170.449 , 0
80.8158 , 170.525 , 0
80.8517 , 170.6 , 0
80.8875 , 170.676 , 0
80.9234 , 170.752 , 0
80.9593 , 170.828 , 0
80.9952 , 170.904 , 0
81.031 , 170.98 , 0
81.0669 , 171.055 , 0
81.1028 , 171.131 , 0
81.1386 , 171.207 , 0
81.1745 , 171.283 , 0
81.2104 , 171.359 , 0
81.2462 , 171.434 , 0
81.2821 , 171.51 , 0
81.318 , 171.586 , 0
81.3538 , 171.662 , 0
81.3897 , 171.738 , 0
81.4256 , 171.814 , 0
81.4614 , 171.889 , 0
81.4973 , 171.965 , 0
81.5332 , 172.041 , 0
81.5691 , 172.117 , 0
81.6049 , 172.193 , 0
81.6408 , 172.268 , 0
81.6767 , 172.344 , 0
81.7125 , 172.42 , 0
81.7484 , 172.496 , 0
81.7843 , 172.572 , 0
81.8201 , 172.648 , 0
81.856 , 172.723 , 0
81.8919 , 172.799 , 0
81.9277 , 172.875 , 0
81.9636 , 172.951 , 0
81.9995 , 173.027 , 0
82.0354 , 173.102 , 0
82.0712 , 173.178 , 0
82.1071 , 173.254 , 0
82.143 , 173.33 , 0
82.1788 , 173.406 , 0
82.2147 , 173.482 , 0
82.2506 , 173.557 , 0
82.2864 , 173.633 , 0
82.3223 , 173.709 , 0
82.3582 , 173.785 , 0
82.394 , 173.861 , 0
82.4299 , 173.936 , 0
82.4658 , 174.012 , 0
82.5016 , 174.088 , 0
82.5375 , 174.164 , 0
82.5734 , 174.24 , 0
82.6093 , 174.316 , 0
82.6451 , 174.391 , 0
82.681 , 174.467 , 0
82.7169 , 174.543 , 0
82.7527 , 174.619 , 0
82.7886 , 174.695 , 0
82.8245 , 174.771 , 0
82.8603 , 174.846 , 0
82.8962 , 174.922 , 0
82.9321 , 174.998 , 0
82.9679 , 175.074 , 0
83.0038 , 175.15 , 0
83.0397 , 175.225 , 0
83.0755 , 175.301 , 0
83.1114 , 175.377 , 0
83.1473 , 175.453 , 0
83.1832 , 175.529 , 0
83.219 , 175.605 , 0
83.2549 , 175.68 , 0
83.2908 , 175.756 , 0
83.3266 , 175.832 , 0
83.3625 , 175.908 , 0
83.3984 , 175.984 , 0
83.4342 , 176.059 , 0
83.4701 , 176.135 , 0
83.506 , 176.211 , 0
83.5418 , 176.287 , 0
83.5777 , 176.363 , 0
83.6136 , 176.439 , 0
83.6494 , 176.514 , 0
83.6853 , 176.59 , 0
83.7212 , 176.666 , 0
83.7571 , 176.742 , 0
83.7929 , 176.818 , 0
83.8288 , 176.893 , 0
83.8647 , 176.969 , 0
83.9005 , 177.045 , 0
83.9364 , 177.121 , 0
83.9723 , 177.197 , 0
84.0081 , 177.273 , 0
84.044 , 177.348 , 0
84.0799 , 177.424 , 0
84.1157 , 177.5 , 0
84.1516 , 177.576 , 0
84.1875 , 177.652 , 0
84.2233 , 177.727 , 0
84.2592 , 177.803 , 0
84.2951 , 177.879 , 0
84.3309 , 177.955 , 0
84.3668 , 178.031 , 0
84.4027 , 178.107 , 0
84.4386 , 178.182 , 0
84.4744 , 178.258 , 0
84.5103 , 178.334 , 0
84.5462 , 178.41 , 0
84.582 , 178.486 , 0
84.6179 , 178.561 , 0
84.6538 , 178.637 , 0
84.6896 , 178.713 , 0
84.7255 , 178.789 , 0
84.7614 , 178.865 , 0
84.7972 , 178.941 , 0
84.8331 , 179.016 , 0
84.869 , 179.092 , 0
84.9048 , 179.168 , 0
84.9407 , 179.244 , 0
84.9766 , 179.32 , 0
85.0124 , 179.395 , 0
85.0483 , 179.471 , 0
85.0842 , 179.547 , 0
85.1201 , 179.623 , 0
85.1559 , 179.699 , 0
85.1918 , 179.775 , 0
85.2277 , 179.85 , 0
85.2635 , 179.926 , 0
85.2994 , 180.002 , 0
85.3353 , 180.078 , 0
85.3711 , 180.154 , 0
85.407 , 180.229 , 0
85.4429 , 180.305 , 0
85.4787 , 180.381 , 0
85.5146 , 180.457 , 0
85.5505 , 180.533 , 0
85.5863 , 180.609 , 0
85.6222 , 180.684 , 0
85.6581 , 180.76 , 0
85.6939 , 180.836 , 0
85.7298 , 180.912 , 0
85.7657 , 180.988 , 0
85.8016 , 181.063 , 0
85.8374 , 181.139 , 0
85.8733 , 181.215 , 0
85.9092 , 181.291 , 0
85.945 , 181.367 , 0
85.9809 , 181.443 , 0
86.0168 , 181.518 , 0
86.0526 , 181.594 , 0
86.0885 , 181.67 , 0
86.1244 , 181.746 , 0
86.1602 , 181.822 , 0
86.1961 , 181.897 , 0
86.232 , 181.973 , 0
86.2678 , 182.049 , 0
86.3037 , 182.125 , 0
86.3396 , 182.201 , 0
86.3754 , 182.277 , 0
86.4113 , 182.352 , 0
86.4472 , 182.428 , 0
86.483 , 182.504 , 0
86.5189 , 182.58 , 0
86.5548 , 182.656 , 0
86.5907 , 182.731 , 0
86.6265 , 182.807 , 0
86.6624 , 182.883 , 0
86.6983 , 182.959 , 0
86.7341 , 183.035 , 0
86.77 , 183.111 , 0
86.8059 , 183.186 , 0
86.8417 , 183.262 , 0
86.8776 , 183.338 , 0
86.9135 , 183.414 , 0
86.9493 , 183.49 , 0
86.9852 , 183.565 , 0
87.0211 , 183.641 , 0
87.0569 , 183.717 , 0
87.0928 , 183.793 , 0
87.1287 , 183.869 , 0
87.1645 , 183.945 , 0
87.2004 , 184.02 , 0
87.2363 , 184.096 , 0
87.2721 , 184.172 , 0
87.308 , 184.248 , 0
87.3439 , 184.324 , 0
87.3798 , 184.399 , 0
87.4156 , 184.475 , 0
87.4515 , 184.551 , 0
87.4874 , 184.627 , 0
87.5232 , 184.703 , 0
87.5591 , 184.779 , 0
87.595 , 184.854 , 0
87.6308 , 184.93 , 0
87.6667 , 185.006 , 0
87.7026 , 185.082 , 0
87.7384 , 185.158 , 0
87.7743 , 185.233 , 0
87.8102 , 185.309 , 0
87.846 , 185.385 , 0
87.8819 , 185.461 , 0
87.9178 , 185.537 , 0
87.9536 , 185.613 , 0
87.9895 , 185.688 , 0
88.0254 , 185.764 , 0
88.0612 , 185.84 , 0
88.0971 , 185.916 , 0
88.133 , 185.992 , 0
88.1688 , 186.067 , 0
88.2047 , 186.143 , 0
88.2406 , 186.219 , 0
88.2764 , 186.295 , 0
88.3123 , 186.371 , 0
88.3482 , 186.447 , 0
88.3841 , 186.522 , 0
88.4199 , 186.598 , 0
88.4558 , 186.674 , 0
88.4917 , 186.75 , 0
88.5275 , 186.826 , 0
88.5634 , 186.901 , 0
88.5993 , 186.977 , 0
88.6351 , 187.053 , 0
88.671 , 187.129 , 0
88.7069 , 187.205 , 0
88.7427 , 187.281 , 0
88.7786 , 187.356 , 0
88.8145 , 187.432 , 0
88.8503 , 187.508 , 0
88.8862 , 187.584 , 0
88.9221 , 187.66 , 0
88.9579 , 187.735 , 0
88.9938 , 187.811 , 0
89.0297 , 187.887 , 0
89.0655 , 187.963 , 0
89.1014 , 188.039 , 0
89.1373 , 188.115 , 0
89.1731 , 188.19 , 0
89.209 , 188.266 , 0
89.2449 , 188.342 , 0
89.2807 , 188.418 , 0
89.3166 , 188.494 , 0
89.3525 , 188.569 , 0
89.3883 , 188.645 , 0
89.4242 , 188.721 , 0
89.4601 , 188.797 , 0
89.496 , 188.873 , 0
89.5318 , 188.949 , 0
89.5677 , 189.024 , 0
89.6036 , 189.1 , 0
89.6394 , 189.176 , 0
89.6753 , 189.252 , 0
89.7112 , 189.328 , 0
89.747 , 189.403 , 0
89.7829 , 189.479 , 0
89.8188 , 189.555 , 0
89.8546 , 189.631 , 0
89.8905 , 189.707 , 0
89.9264 , 189.783 , 0
89.9622 , 189.858 , 0
89.9981 , 189.934 , 0
90.034 , 190.01 , 0
90.0698 , 190.086 , 0
90.1057 , 190.162 , 0
90.1416 , 190.237 , 0
90.1774 , 190.313 , 0
90.2133 , 190.389 , 0
90.2492 , 190.465 , 0
90.285 , 190.541 , 0
90.3209 , 190.617 , 0
90.3568 , 190.692 , 0
90.3926 , 190.768 , 0
90.4285 , 190.844 , 0
90.4644 , 190.92 , 0
90.5002 , 190.996 , 0
90.5361 , 191.071 , 0
90.572 , 191.147 , 0
90.6078 , 191.223 , 0
90.6437 , 191.299 , 0
90.6796 , 191.375 , 0
90.7155 , 191.451 , 0
90.7513 , 191.526 , 0
90.7872 , 191.602 , 0
90.8231 , 191.678 , 0
90.8589 , 191.754 , 0
90.8948 , 191.83 , 0
90.9307 , 191.905 , 0
90.9665 , 191.981 , 0
91.0024 , 192.057 , 0
91.0383 , 192.133 , 0
91.0741 , 192.209 , 0
91.11 , 192.284 , 0
91.1459 , 192.36 , 0
91.1817 , 192.436 , 0
91.2176 , 192.512 , 0
91.2535 , 192.588 , 0
91.2893 , 192.664 , 0
91.3252 , 192.739 , 0
91.3611 , 192.815 , 0
91.3969 , 192.891 , 0
91.4328 , 192.967 , 0
91.4687 , 193.043 , 0
91.5045 , 193.118 , 0
91.5404 , 193.194 , 0
91.5763 , 193.27 , 0
91.6121 , 193.346 , 0
91.648 , 193.422 , 0
91.6839 , 193.498 , 0
91.7197 , 193.573 , 0
91.7556 , 193.649 , 0
91.7915 , 193.725 , 0
91.8273 , 193.801 , 0
91.8632 , 193.877 , 0
91.8991 , 193.952 , 0
91.9349 , 194.028 , 0
91.9708 , 194.104 , 0
92.0067 , 194.18 , 0
92.0425 , 194.256 , 0
92.0784 , 194.332 , 0
92.1143 , 194.407 , 0
92.1501 , 194.483 , 0
92.186 , 194.559 , 0
92.2219 , 194.635 , 0
92.2577 , 194.711 , 0
92.2936 , 194.786 , 0
92.3295 , 194.862 , 0
92.3653 , 194.938 , 0
92.4012 , 195.014 , 0
92.4371 , 195.09 , 0
92.473 , 195.166 , 0
92.5088 , 195.241 , 0
92.5447 , 195.317 , 0
92.5806 , 195.393 , 0
92.6164 , 195.469 , 0
92.6523 , 195.545 , 0
92.6882 , 195.62 , 0
92.724 , 195.696 , 0
92.7599 , 195.772 , 0
92.7958 , 195.848 , 0
92.8316 , 195.924 , 0
92.8675 , 195.999 , 0
92.9034 , 196.075 , 0
92.9392 , 196.151 , 0
92.9751 , 196.227 , 0
93.011 , 196.303 , 0
93.0468 , 196.379 , 0
93.0827 , 196.454 , 0
93.1186 , 196.53 , 0
93.1544 , 196.606 , 0
93.1903 , 196.682 , 0
93.2262 , 196.758 , 0
93.262 , 196.833 , 0
93.2979 , 196.909 , 0
93.3338 , 196.985 , 0
93.3696 , 197.061 , 0
93.4055 , 197.137 , 0
93.4414 , 197.213 , 0
93.4772 , 197.288 , 0
93.5131 , 197.364 , 0
93.549 , 197.44 , 0
93.5848 , 197.516 , 0
93.6207 , 197.592 , 0
93.6566 , 197.667 , 0
93.6924 , 197.743 , 0
93.7283 , 197.819 , 0
93.7642 , 197.895 , 0
93.8 , 197.971 , 0
93.8359 , 198.047 , 0
93.8718 , 198.122 , 0
93.9076 , 198.198 , 0
93.9435 , 198.274 , 0
93.9794 , 198.35 , 0
94.0152 , 198.426 , 0
94.0511 , 198.501 , 0
94.087 , 198.577 , 0
94.1228 , 198.653 , 0
94.1587 , 198.729 , 0
94.1946 , 198.805 , 0
94.2304 , 198.88 , 0
94.2663 , 198.956 , 0
94.3022 , 199.032 , 0
94.338 , 199.108 , 0
94.3739 , 199.184 , 0
94.4098 , 199.26 , 0
94.4456 , 199.335 , 0
94.4815 , 199.411 , 0
94.5174 , 199.487 , 0
94.5532 , 199.563 , 0
94.5891 , 199.639 , 0
94.625 , 199.714 , 0
94.6608 , 199.79 , 0
94.6967 , 199.866 , 0
94.7326 , 199.942 , 0
94.7684 , 200.018 , 0
94.8043 , 200.094 , 0
94.8402 , 200.169 , 0
94.876 , 200.245 , 0
94.9119 , 200.321 , 0
94.9478 , 200.397 , 0
94.9836 , 200.473 , 0
95.0195 , 200.548 , 0
95.0554 , 200.624 , 0
95.0912 , 200.7 , 0
95.1271 , 200.776 , 0
95.163 , 200.852 , 0
95.1988 , 200.928 , 0
95.2347 , 201.003 , 0
95.2706 , 201.079 , 0
95.3064 , 201.155 , 0
95.3423 , 201.231 , 0
95.3782 , 201.307 , 0
95.414 , 201.382 , 0
95.4499 , 201.458 , 0
95.4858 , 201.534 , 0
95.5216 , 201.61 , 0
95.5575 , 201.686 , 0
95.5934 , 201.761 , 0
95.6292 , 201.837 , 0
95.6651 , 201.913 , 0
95.701 , 201.989 , 0
95.7368 , 202.065 , 0
95.7727 , 202.141 , 0
95.8086 , 202.216 , 0
95.8444 , 202.292 , 0
95.8803 , 202.368 , 0
95.9162 , 202.444 , 0
95.952 , 202.52 , 0
95.9879 , 202.595 , 0
96.0238 , 202.671 , 0
96.0596 , 202.747 , 0
96.0955 , 202.823 , 0
96.1314 , 202.899 , 0
96.1672 , 202.975 , 0
96.2031 , 203.05 , 0
96.239 , 203.126 , 0
96.2748 , 203.202 , 0
96.3107 , 203.278 , 0
96.3466 , 203.354 , 0
96.3824 , 203.429 , 0
96.4183 , 203.505 , 0
96.4542 , 203.581 , 0
96.49 , 203.657 , 0
96.5259 , 203.733 , 0
96.5618 , 203.808 , 0
96.5976 , 203.884 , 0
96.6335 , 203.96 , 0
96.6694 , 204.036 , 0
96.7052 , 204.112 , 0
96.7411 , 204.188 , 0
96.777 , 204.263 , 0
96.8128 , 204.339 , 0
96.8487 , 204.415 , 0
96.8846 , 204.491 , 0
96.9204 , 204.567 , 0
96.9563 , 204.642 , 0
96.9922 , 204.718 , 0
97.028 , 204.794 , 0
97.0639 , 204.87 , 0
97.0998 , 204.946 , 0
97.1356 , 205.022 , 0
97.1715 , 205.097 , 0
97.2074 , 205.173 , 0
97.2432 , 205.249 , 0
97.2791 , 205.325 , 0
97.315 , 205.401 , 0
97.3508 , 205.476 , 0
97.3867 , 205.552 , 0
97.4226 , 205.628 , 0
97.4584 , 205.704 , 0
97.4943 , 205.78 , 0
97.5302 , 205.856 , 0
97.566 , 205.931 , 0
97.6019 , 206.007 , 0
97.6378 , 206.083 , 0
97.6736 , 206.159 , 0
97.7095 , 206.235 , 0
97.7454 , 206.31 , 0
97.7812 , 206.386 , 0
97.8171 , 206.462 , 0
97.853 , 206.538 , 0
97.8888 , 206.614 , 0
97.9247 , 206.689 , 0
97.9606 , 206.765 , 0
97.9964 , 206.841 , 0
98.0323 , 206.917 , 0
98.0682 , 206.993 , 0
98.104 , 207.069 , 0
98.1399 , 207.144 , 0
98.1758 , 207.22 , 0
98.2116 , 207.296 , 0
98.2475 , 207.372 , 0
98.2834 , 207.448 , 0
98.3192 , 207.523 , 0
98.3551 , 207.599 , 0
98.391 , 207.675 , 0
98.4268 , 207.751 , 0
98.4627 , 207.827 , 0
98.4986 , 207.902 , 0
98.5344 , 207.978 , 0
98.5703 , 208.054 , 0
98.6062 , 208.13 , 0
98.642 , 208.206 , 0
98.6779 , 208.282 , 0
98.7138 , 208.357 , 0
98.7496 , 208.433 , 0
98.7855 , 208.509 , 0
98.8214 , 208.585 , 0
98.8572 , 208.661 , 0
98.8931 , 208.736 , 0
98.929 , 208.812 , 0
98.9648 , 208.888 , 0
99.0007 , 208.964 , 0
99.0366 , 209.04 , 0
99.0724 , 209.116 , 0
99.1083 , 209.191 , 0
99.1442 , 209.267 , 0
99.18 , 209.343 , 0
99.2159 , 209.419 , 0
99.2518 , 209.495 , 0
99.2876 , 209.57 , 0
99.3235 , 209.646 , 0
99.3594 , 209.722 , 0
99.3952 , 209.798 , 0
99.4311 , 209.874 , 0
99.467 , 209.949 , 0
99.5028 , 210.025 , 0
99.5387 , 210.101 , 0
99.5746 , 210.177 , 0
99.6104 , 210.253 , 0
99.6463 , 210.329 , 0
99.6822 , 210.404 , 0
99.718 , 210.48 , 0
99.7539 , 210.556 , 0
99.7898 , 210.632 , 0
99.8256 , 210.708 , 0
99.8615 , 210.783 , 0
99.8974 , 210.859 , 0
99.9332 , 210.935 , 0
99.9691 , 211.011 , 0
100.005 , 211.087 , 0
100.041 , 211.163 , 0
100.077 , 211.238 , 0
100.113 , 211.314 , 0
100.148 , 211.39 , 0
100.184 , 211.466 , 0
100.22 , 211.542 , 0
100.256 , 211.617 , 0
100.292 , 211.693 , 0
100.328 , 211.769 , 0
100.364 , 211.845 , 0
100.399 , 211.921 , 0
100.435 , 211.996 , 0
100.471 , 212.072 , 0
100.507 , 212.148 , 0
100.543 , 212.224 , 0
100.579 , 212.3 , 0
100.615 , 212.376 , 0
100.651 , 212.451 , 0
100.686 , 212.527 , 0
100.722 , 212.603 , 0
100.758 , 212.679 , 0
100.794 , 212.755 , 0
100.83 , 212.83 , 0
100.866 , 212.906 , 0
100.902 , 212.982 , 0
100.937 , 213.058 , 0
100.973 , 213.134 , 0
101.009 , 213.209 , 0
101.045 , 213.285 , 0
101.081 , 213.361 , 0
101.117 , 213.437 , 0
101.153 , 213.513 , 0
101.189 , 213.589 , 0
101.224 , 213.664 , 0
101.26 , 213.74 , 0
101.296 , 213.816 , 0
101.332 , 213.892 , 0
101.368 , 213.968 , 0
101.404 , 214.043 , 0
101.44 , 214.119 , 0
101.475 , 214.195 , 0
101.511 , 214.271 , 0
101.547 , 214.347 , 0
101.583 , 214.423 , 0
101.619 , 214.498 , 0
101.655 , 214.574 , 0
101.691 , 214.65 , 0
101.727 , 214.726 , 0
101.762 , 214.802 , 0
101.798 , 214.877 , 0
101.834 , 214.953 , 0
101.87 , 215.029 , 0
101.906 , 215.105 , 0
101.942 , 215.181 , 0
101.978 , 215.256 , 0
102.013 , 215.332 , 0
102.049 , 215.408 , 0
102.085 , 215.484 , 0
102.121 , 215.56 , 0
102.157 , 215.636 , 0
102.193 , 215.711 , 0
102.229 , 215.787 , 0
102.265 , 215.863 , 0
102.3 , 215.939 , 0
102.336 , 216.015 , 0
102.372 , 216.09 , 0
102.408 , 216.166 , 0
102.444 , 216.242 , 0
102.48 , 216.318 , 0
102.516 , 216.394 , 0
102.551 , 216.469 , 0
102.587 , 216.545 , 0
102.623 , 216.621 , 0
102.659 , 216.697 , 0
102.695 , 216.773 , 0
102.731 , 216.849 , 0
102.767 , 216.924 , 0
102.803 , 217 , 0
102.838 , 217.076 , 0
102.874 , 217.152 , 0
102.91 , 217.228 , 0
102.946 , 217.303 , 0
102.982 , 217.379 , 0
103.018 , 217.455 , 0
103.054 , 217.531 , 0
103.089 , 217.607 , 0
103.125 , 217.682 , 0
103.161 , 217.758 , 0
103.197 , 217.834 , 0
103.233 , 217.91 , 0
103.269 , 217.986 , 0
103.305 , 218.062 , 0
103.341 , 218.137 , 0
103.376 , 218.213 , 0
103.412 , 218.289 , 0
103.448 , 218.365 , 0
103.484 , 218.441 , 0
103.52 , 218.516 , 0
103.556 , 218.592 , 0
103.592 , 218.668 , 0
103.627 , 218.744 , 0
103.663 , 218.82 , 0
103.699 , 218.896 , 0
103.735 , 218.971 , 0
103.771 , 219.047 , 0
103.807 , 219.123 , 0
103.843 , 219.199 , 0
103.878 , 219.275 , 0
103.914 , 219.35 , 0
103.95 , 219.426 , 0
103.986 , 219.502 , 0
104.022 , 219.578 , 0
104.058 , 219.654 , 0
104.094 , 219.729 , 0
104.13 , 219.805 , 0
104.165 , 219.881 , 0
104.201 , 219.957 , 0
104.237 , 220.033 , 0
104.273 , 220.109 , 0
104.309 , 220.184 , 0
104.345 , 220.26 , 0
104.381 , 220.336 , 0
104.416 , 220.412 , 0
104.452 , 220.488 , 0
104.488 , 220.563 , 0
104.524 , 220.639 , 0
104.56 , 220.715 , 0
104.596 , 220.791 , 0
104.632 , 220.867 , 0
104.668 , 220.942 , 0
104.703 , 221.018 , 0
104.739 , 221.094 , 0
104.775 , 221.17 , 0
104.811 , 221.246 , 0
104.847 , 221.322 , 0
104.883 , 221.397 , 0
104.919 , 221.473 , 0
104.954 , 221.549 , 0
104.99 , 221.625 , 0
105.026 , 221.701 , 0
105.062 , 221.776 , 0
105.098 , 221.852 , 0
105.134 , 221.928 , 0
105.17 , 222.004 , 0
105.206 , 222.08 , 0
105.241 , 222.155 , 0
105.277 , 222.231 , 0
105.313 , 222.307 , 0
105.349 , 222.383 , 0
105.385 , 222.459 , 0
105.421 , 222.535 , 0
105.457 , 222.61 , 0
105.492 , 222.686 , 0
105.528 , 222.762 , 0
105.564 , 222.838 , 0
105.6 , 222.914 , 0
105.636 , 222.989 , 0
105.672 , 223.065 , 0
105.708 , 223.141 , 0
105.744 , 223.217 , 0
105.779 , 223.293 , 0
105.815 , 223.368 , 0
105.851 , 223.444 , 0
105.887 , 223.52 , 0
105.923 , 223.596 , 0
105.959 , 223.672 , 0
105.995 , 223.748 , 0
106.03 , 223.823 , 0
106.066 , 223.899 , 0
106.102 , 223.975 , 0
106.138 , 224.051 , 0
106.174 , 224.127 , 0
106.21 , 224.202 , 0
106.246 , 224.278 , 0
106.281 , 224.354 , 0
106.317 , 224.43 , 0
106.353 , 224.506 , 0
106.389 , 224.581 , 0
106.425 , 224.657 , 0
106.461 , 224.733 , 0
106.497 , 224.809 , 0
106.533 , 224.885 , 0
106.568 , 224.961 , 0
106.604 , 225.036 , 0
106.64 , 225.112 , 0
106.676 , 225.188 , 0
106.712 , 225.264 , 0
106.748 , 225.34 , 0
106.784 , 225.415 , 0
106.819 , 225.491 , 0
106.855 , 225.567 , 0
106.891 , 225.643 , 0
106.927 , 225.719 , 0
106.963 , 225.794 , 0
106.999 , 225.87 , 0
107.035 , 225.946 , 0
107.071 , 226.022 , 0
107.106 , 226.098 , 0
107.142 , 226.174 , 0
107.178 , 226.249 , 0
107.214 , 226.325 , 0
107.25 , 226.401 , 0
107.286 , 226.477 , 0
107.322 , 226.553 , 0
107.357 , 226.628 , 0
107.393 , 226.704 , 0
107.429 , 226.78 , 0
107.465 , 226.856 , 0
107.501 , 226.932 , 0
107.537 , 227.007 , 0
107.573 , 227.083 , 0
107.609 , 227.159 , 0
107.644 , 227.235 , 0
107.68 , 227.311 , 0
107.716 , 227.387 , 0
107.752 , 227.462 , 0
107.788 , 227.538 , 0
107.824 , 227.614 , 0
107.86 , 227.69 , 0
107.895 , 227.766 , 0
107.931 , 227.841 , 0
107.967 , 227.917 , 0
108.003 , 227.993 , 0
108.039 , 228.069 , 0
108.075 , 228.145 , 0
108.111 , 228.22 , 0
108.146 , 228.296 , 0
108.182 , 228.372 , 0
108.218 , 228.448 , 0
108.254 , 228.524 , 0
108.29 , 228.6 , 0
108.326 , 228.675 , 0
108.362 , 228.751 , 0
108.398 , 228.827 , 0
108.433 , 228.903 , 0
108.469 , 228.979 , 0
108.505 , 229.054 , 0
108.541 , 229.13 , 0
108.577 , 229.206 , 0
108.613 , 229.282 , 0
108.649 , 229.358 , 0
108.684 , 229.433 , 0
108.72 , 229.509 , 0
108.756 , 229.585 , 0
108.792 , 229.661 , 0
108.828 , 229.737 , 0
108.864 , 229.813 , 0
108.9 , 229.888 , 0
108.936 , 229.964 , 0
108.971 , 230.04 , 0
109.007 , 230.116 , 0
109.043 , 230.192 , 0
109.079 , 230.267 , 0
109.115 , 230.343 , 0
109.151 , 230.419 , 0
109.187 , 230.495 , 0
109.222 , 230.571 , 0
109.258 , 230.646 , 0
109.294 , 230.722 , 0
109.33 , 230.798 , 0
109.366 , 230.874 , 0
109.402 , 230.95 , 0
109.438 , 231.025 , 0
109.474 , 231.101 , 0
109.509 , 231.177 , 0
109.545 , 231.253 , 0
109.581 , 231.329 , 0
109.617 , 231.405 , 0
109.653 , 231.48 , 0
109.689 , 231.556 , 0
109.725 , 231.632 , 0
109.76 , 231.708 , 0
109.796 , 231.784 , 0
109.832 , 231.859 , 0
109.868 , 231.935 , 0
109.904 , 232.011 , 0
109.94 , 232.087 , 0
109.976 , 232.163 , 0
110.011 , 232.238 , 0
110.047 , 232.314 , 0
110.083 , 232.39 , 0
110.119 , 232.466 , 0
110.155 , 232.542 , 0
