x , y , z
1 , 0 , 0
0.999788 , 0.0206006 , 0
0.999151 , 0.0411925 , 0
0.998091 , 0.0617669 , 0
0.996607 , 0.082315 , 0
0.9947 , 0.102828 , 0
0.992371 , 0.123298 , 0
0.98962 , 0.143715 , 0
0.98645 , 0.164071 , 0
0.982861 , 0.184358 , 0
0.978855 , 0.204566 , 0
0.974434 , 0.224688 , 0
0.969599 , 0.244714 , 0
0.964352 , 0.264637 , 0
0.958696 , 0.284447 , 0
0.952634 , 0.304136 , 0
0.946167 , 0.323697 , 0
0.939299 , 0.343119 , 0
0.932032 , 0.362397 , 0
0.924369 , 0.38152 , 0
0.916314 , 0.400482 , 0
0.907871 , 0.419274 , 0
0.899042 , 0.437887 , 0
0.889831 , 0.456315 , 0
0.880243 , 0.47455 , 0
0.870282 , 0.492582 , 0
0.859951 , 0.510406 , 0
0.849255 , 0.528014 , 0
0.838199 , 0.545397 , 0
0.826787 , 0.562549 , 0
0.815024 , 0.579462 , 0
0.802915 , 0.596129 , 0
0.790466 , 0.612543 , 0
0.777681 , 0.628697 , 0
0.764566 , 0.644585 , 0
0.751127 , 0.660198 , 0
0.737369 , 0.675532 , 0
0.723298 , 0.690579 , 0
0.70892 , 0.705333 , 0
0.694242 , 0.719788 , 0
0.679269 , 0.733937 , 0
0.664007 , 0.747775 , 0
0.648464 , 0.761296 , 0
0.632646 , 0.774493 , 0
0.616559 , 0.787362 , 0
0.60021 , 0.799897 , 0
0.583607 , 0.812093 , 0
0.566756 , 0.823943 , 0
0.549665 , 0.835445 , 0
0.532341 , 0.846591 , 0
0.51479 , 0.857379 , 0
0.497022 , 0.867803 , 0
0.479042 , 0.877858 , 0
0.460859 , 0.887541 , 0
0.44248 , 0.896848 , 0
0.423914 , 0.905774 , 0
0.405168 , 0.914315 , 0
0.38625 , 0.922469 , 0
0.367168 , 0.930231 , 0
0.347931 , 0.937599 , 0
0.328545 , 0.944569 , 0
0.309021 , 0.951138 , 0
0.289365 , 0.957303 , 0
0.269587 , 0.963063 , 0
0.249694 , 0.968413 , 0
0.229695 , 0.973353 , 0
0.209599 , 0.97788 , 0
0.189413 , 0.981992 , 0
0.169148 , 0.985688 , 0
0.14881 , 0.988965 , 0
0.12841 , 0.991823 , 0
0.107955 , 0.99426 , 0
0.0874544 , 0.996275 , 0
0.0669165 , 0.997868 , 0
0.0463503 , 0.999037 , 0
0.0257644 , 0.999783 , 0
0.00516764 , 1.0001 , 0
-0.0154314 , 1 , 0
-0.0360238 , 0.999474 , 0
-0.056601 , 0.998523 , 0
-0.0771541 , 0.997148 , 0
-0.0976746 , 0.99535 , 0
-0.118154 , 0.99313 , 0
-0.138582 , 0.990489 , 0
-0.158953 , 0.987428 , 0
-0.179255 , 0.983948 , 0
-0.199482 , 0.98005 , 0
-0.219624 , 0.975737 , 0
-0.239673 , 0.97101 , 0
-0.25962 , 0.965871 , 0
-0.279457 , 0.960322 , 0
-0.299176 , 0.954366 , 0
-0.318767 , 0.948006 , 0
-0.338224 , 0.941243 , 0
-0.357537 , 0.934081 , 0
-0.376698 , 0.926523 , 0
-0.3957 , 0.918571 , 0
-0.414533 , 0.910231 , 0
-0.433191 , 0.901504 , 0
-0.451666 , 0.892395 , 0
-0.469948 , 0.882907 , 0
-0.488032 , 0.873045 , 0
-0.505908 , 0.862812 , 0
-0.52357 , 0.852214 , 0
-0.54101 , 0.841254 , 0
-0.55822 , 0.829938 , 0
-0.575194 , 0.81827 , 0
-0.591923 , 0.806254 , 0
-0.608402 , 0.793897 , 0
-0.624623 , 0.781203 , 0
-0.640579 , 0.768178 , 0
-0.656263 , 0.754827 , 0
-0.671669 , 0.741155 , 0
-0.68679 , 0.72717 , 0
-0.701619 , 0.712876 , 0
-0.716152 , 0.69828 , 0
-0.73038 , 0.683388 , 0
-0.744299 , 0.668206 , 0
-0.757903 , 0.652741 , 0
-0.771185 , 0.636999 , 0
-0.78414 , 0.620987 , 0
-0.796762 , 0.604711 , 0
-0.809047 , 0.588179 , 0
-0.820988 , 0.571398 , 0
-0.832582 , 0.554375 , 0
-0.843822 , 0.537116 , 0
-0.854705 , 0.51963 , 0
-0.865225 , 0.501923 , 0
-0.875379 , 0.484004 , 0
-0.885161 , 0.465879 , 0
-0.894568 , 0.447557 , 0
-0.903596 , 0.429045 , 0
-0.91224 , 0.410351 , 0
-0.920498 , 0.391483 , 0
-0.928366 , 0.372449 , 0
-0.93584 , 0.353258 , 0
-0.942918 , 0.333916 , 0
-0.949595 , 0.314433 , 0
-0.95587 , 0.294817 , 0
-0.96174 , 0.275076 , 0
-0.967202 , 0.255218 , 0
-0.972254 , 0.235252 , 0
-0.976894 , 0.215186 , 0
-0.98112 , 0.195029 , 0
-0.98493 , 0.174789 , 0
-0.988322 , 0.154476 , 0
-0.991295 , 0.134096 , 0
-0.993849 , 0.11366 , 0
-0.99598 , 0.0931758 , 0
-0.99769 , 0.072652 , 0
-0.998977 , 0.0520974 , 0
-0.99984 , 0.0315207 , 0
-1.00028 , 0.0109307 , 0
-1.0003 , -0.00966398 , 0
-0.999887 , -0.0302546 , 0
-0.999054 , -0.0508323 , 0
-0.997799 , -0.0713885 , 0
-0.99612 , -0.0919145 , 0
-0.994019 , -0.112401 , 0
-0.991497 , -0.132841 , 0
-0.988554 , -0.153224 , 0
-0.985192 , -0.173542 , 0
-0.981413 , -0.193787 , 0
-0.977218 , -0.213949 , 0
-0.972609 , -0.234021 , 0
-0.967588 , -0.253993 , 0
-0.962156 , -0.273858 , 0
-0.956317 , -0.293607 , 0
-0.950072 , -0.313231 , 0
-0.943424 , -0.332723 , 0
-0.936377 , -0.352074 , 0
-0.928933 , -0.371275 , 0
-0.921095 , -0.390319 , 0
-0.912867 , -0.409198 , 0
-0.904252 , -0.427903 , 0
-0.895254 , -0.446427 , 0
-0.885876 , -0.464761 , 0
-0.876123 , -0.482899 , 0
-0.865999 , -0.500832 , 0
-0.855507 , -0.518553 , 0
-0.844653 , -0.536054 , 0
-0.833441 , -0.553327 , 0
-0.821876 , -0.570367 , 0
-0.809963 , -0.587164 , 0
-0.797706 , -0.603713 , 0
-0.785111 , -0.620006 , 0
-0.772184 , -0.636036 , 0
-0.758929 , -0.651797 , 0
-0.745352 , -0.667281 , 0
-0.73146 , -0.682483 , 0
-0.717258 , -0.697395 , 0
-0.702752 , -0.712012 , 0
-0.687948 , -0.726327 , 0
-0.672852 , -0.740335 , 0
-0.657472 , -0.754028 , 0
-0.641812 , -0.767402 , 0
-0.625881 , -0.780451 , 0
-0.609685 , -0.793169 , 0
-0.59323 , -0.805551 , 0
-0.576524 , -0.817592 , 0
-0.559573 , -0.829286 , 0
-0.542385 , -0.840629 , 0
-0.524968 , -0.851616 , 0
-0.507328 , -0.862241 , 0
-0.489473 , -0.872501 , 0
-0.47141 , -0.882392 , 0
-0.453148 , -0.891909 , 0
-0.434694 , -0.901047 , 0
-0.416056 , -0.909804 , 0
-0.397241 , -0.918175 , 0
-0.378258 , -0.926158 , 0
-0.359115 , -0.933747 , 0
-0.339819 , -0.940942 , 0
-0.32038 , -0.947737 , 0
-0.300805 , -0.954131 , 0
-0.281102 , -0.96012 , 0
-0.26128 , -0.965703 , 0
-0.241347 , -0.970876 , 0
-0.221313 , -0.975638 , 0
-0.201184 , -0.979986 , 0
-0.18097 , -0.98392 , 0
-0.16068 , -0.987436 , 0
-0.140321 , -0.990534 , 0
-0.119903 , -0.993212 , 0
-0.0994339 , -0.995469 , 0
-0.0789229 , -0.997304 , 0
-0.0583784 , -0.998717 , 0
-0.0378092 , -0.999707 , 0
-0.0172239 , -1.00027 , 0
0.00336862 , -1.00041 , 0
0.0239597 , -1.00013 , 0
0.0445407 , -0.999427 , 0
0.0651028 , -0.998298 , 0
0.0856373 , -0.996745 , 0
0.106136 , -0.994771 , 0
0.126589 , -0.992375 , 0
0.146988 , -0.989558 , 0
0.167326 , -0.986322 , 0
0.187592 , -0.982668 , 0
0.207779 , -0.978597 , 0
0.227878 , -0.974112 , 0
0.24788 , -0.969214 , 0
0.267777 , -0.963905 , 0
0.287561 , -0.958188 , 0
0.307223 , -0.952065 , 0
0.326755 , -0.945538 , 0
0.346148 , -0.93861 , 0
0.365394 , -0.931285 , 0
0.384486 , -0.923565 , 0
0.403415 , -0.915454 , 0
0.422173 , -0.906955 , 0
0.440751 , -0.898071 , 0
0.459144 , -0.888807 , 0
0.477341 , -0.879166 , 0
0.495336 , -0.869153 , 0
0.513122 , -0.858771 , 0
0.530689 , -0.848025 , 0
0.548032 , -0.83692 , 0
0.565143 , -0.82546 , 0
0.582014 , -0.81365 , 0
0.598638 , -0.801496 , 0
0.615009 , -0.789001 , 0
0.631119 , -0.776173 , 0
0.646962 , -0.763015 , 0
0.66253 , -0.749534 , 0
0.677818 , -0.735736 , 0
0.692818 , -0.721625 , 0
0.707525 , -0.707209 , 0
0.721932 , -0.692493 , 0
0.736032 , -0.677483 , 0
0.749821 , -0.662186 , 0
0.763292 , -0.646609 , 0
0.77644 , -0.630757 , 0
0.789258 , -0.614639 , 0
0.801742 , -0.598259 , 0
0.813886 , -0.581626 , 0
0.825685 , -0.564747 , 0
0.837134 , -0.547628 , 0
0.848229 , -0.530277 , 0
0.858963 , -0.512701 , 0
0.869334 , -0.494908 , 0
0.879336 , -0.476905 , 0
0.888965 , -0.4587 , 0
0.898218 , -0.440301 , 0
0.90709 , -0.421715 , 0
0.915577 , -0.40295 , 0
0.923676 , -0.384014 , 0
0.931384 , -0.364916 , 0
0.938697 , -0.345663 , 0
0.945612 , -0.326263 , 0
0.952126 , -0.306725 , 0
0.958236 , -0.287057 , 0
0.96394 , -0.267268 , 0
0.969236 , -0.247365 , 0
0.97412 , -0.227357 , 0
0.978592 , -0.207253 , 0
0.982649 , -0.18706 , 0
0.986289 , -0.166789 , 0
0.989511 , -0.146447 , 0
0.992313 , -0.126043 , 0
0.994695 , -0.105585 , 0
0.996655 , -0.0850826 , 0
0.998193 , -0.0645442 , 0
0.999307 , -0.0439783 , 0
0.999998 , -0.0233938 , 0
1.00026 , -0.00279942 , 0
1.00011 , 0.0177962 , 0
0.999526 , 0.0383842 , 0
0.998521 , 0.058956 , 0
0.997092 , 0.0795028 , 0
0.995241 , 0.100016 , 0
0.992967 , 0.120487 , 0
0.990273 , 0.140906 , 0
0.987159 , 0.161266 , 0
0.983626 , 0.181557 , 0
0.979676 , 0.201772 , 0
0.975311 , 0.221901 , 0
0.970532 , 0.241936 , 0
0.965341 , 0.261868 , 0
0.959741 , 0.281689 , 0
0.953735 , 0.301391 , 0
0.947323 , 0.320965 , 0
0.94051 , 0.340402 , 0
0.933299 , 0.359696 , 0
0.925691 , 0.378837 , 0
0.917691 , 0.397817 , 0
0.909302 , 0.416629 , 0
0.900527 , 0.435263 , 0
0.89137 , 0.453714 , 0
0.881835 , 0.471972 , 0
0.871926 , 0.490029 , 0
0.861648 , 0.507879 , 0
0.851004 , 0.525514 , 0
0.839999 , 0.542925 , 0
0.828638 , 0.560107 , 0
0.816925 , 0.577051 , 0
0.804866 , 0.59375 , 0
0.792465 , 0.610197 , 0
0.779729 , 0.626385 , 0
0.766661 , 0.642308 , 0
0.753269 , 0.657958 , 0
0.739557 , 0.67333 , 0
0.725531 , 0.688415 , 0
0.711198 , 0.703209 , 0
0.696563 , 0.717704 , 0
0.681632 , 0.731895 , 0
0.666413 , 0.745776 , 0
0.650911 , 0.75934 , 0
0.635132 , 0.772582 , 0
0.619084 , 0.785497 , 0
0.602774 , 0.798078 , 0
0.586208 , 0.810321 , 0
0.569393 , 0.82222 , 0
0.552337 , 0.83377 , 0
0.535046 , 0.844966 , 0
0.517528 , 0.855804 , 0
0.499791 , 0.866279 , 0
0.481842 , 0.876387 , 0
0.463689 , 0.886122 , 0
0.445338 , 0.895482 , 0
0.426799 , 0.904462 , 0
0.408079 , 0.913058 , 0
0.389186 , 0.921267 , 0
0.370127 , 0.929085 , 0
0.350912 , 0.936509 , 0
0.331547 , 0.943536 , 0
0.312042 , 0.950162 , 0
0.292405 , 0.956385 , 0
0.272643 , 0.962203 , 0
0.252766 , 0.967612 , 0
0.232782 , 0.97261 , 0
0.212699 , 0.977196 , 0
0.192525 , 0.981368 , 0
0.17227 , 0.985123 , 0
0.151942 , 0.98846 , 0
0.13155 , 0.991378 , 0
0.111101 , 0.993875 , 0
0.0906056 , 0.99595 , 0
0.0700716 , 0.997603 , 0
0.0495079 , 0.998833 , 0
0.0289231 , 0.999638 , 0
0.00832609 , 1.00002 , 0
-0.0122745 , 0.999977 , 0
-0.0328698 , 0.99951 , 0
-0.0534512 , 0.998619 , 0
-0.0740099 , 0.997304 , 0
-0.0945372 , 0.995566 , 0
-0.115024 , 0.993406 , 0
-0.135463 , 0.990824 , 0
-0.155844 , 0.987821 , 0
-0.176159 , 0.9844 , 0
-0.196399 , 0.98056 , 0
-0.216555 , 0.976305 , 0
-0.23662 , 0.971635 , 0
-0.256584 , 0.966554 , 0
-0.27644 , 0.961061 , 0
-0.296178 , 0.955162 , 0
-0.315791 , 0.948856 , 0
-0.335269 , 0.942148 , 0
-0.354606 , 0.935041 , 0
-0.373791 , 0.927536 , 0
-0.392818 , 0.919638 , 0
-0.411679 , 0.91135 , 0
-0.430365 , 0.902675 , 0
-0.448868 , 0.893617 , 0
-0.46718 , 0.884179 , 0
-0.485295 , 0.874367 , 0
-0.503203 , 0.864183 , 0
-0.520898 , 0.853633 , 0
-0.538372 , 0.84272 , 0
-0.555618 , 0.83145 , 0
-0.572627 , 0.819827 , 0
-0.589394 , 0.807856 , 0
-0.60591 , 0.795542 , 0
-0.62217 , 0.782891 , 0
-0.638165 , 0.769907 , 0
-0.653889 , 0.756597 , 0
-0.669336 , 0.742966 , 0
-0.684499 , 0.729019 , 0
-0.699372 , 0.714763 , 0
-0.713947 , 0.700203 , 0
-0.72822 , 0.685347 , 0
-0.742184 , 0.670199 , 0
-0.755832 , 0.654767 , 0
-0.76916 , 0.639058 , 0
-0.782162 , 0.623077 , 0
-0.794831 , 0.606831 , 0
-0.807164 , 0.590329 , 0
-0.819153 , 0.573575 , 0
-0.830795 , 0.556578 , 0
-0.842085 , 0.539345 , 0
-0.853017 , 0.521883 , 0
-0.863587 , 0.5042 , 0
-0.873791 , 0.486302 , 0
-0.883623 , 0.468199 , 0
-0.893081 , 0.449896 , 0
-0.90216 , 0.431403 , 0
-0.910856 , 0.412726 , 0
-0.919165 , 0.393875 , 0
-0.927084 , 0.374856 , 0
-0.93461 , 0.355678 , 0
-0.94174 , 0.336349 , 0
-0.948469 , 0.316878 , 0
-0.954796 , 0.297272 , 0
-0.960718 , 0.27754 , 0
-0.966232 , 0.25769 , 0
-0.971336 , 0.23773 , 0
-0.976028 , 0.21767 , 0
-0.980306 , 0.197517 , 0
-0.984167 , 0.177281 , 0
-0.987611 , 0.156969 , 0
-0.990636 , 0.136591 , 0
-0.993241 , 0.116155 , 0
-0.995424 , 0.0956694 , 0
-0.997184 , 0.0751433 , 0
-0.998522 , 0.0545853 , 0
-0.999435 , 0.0340041 , 0
-0.999925 , 0.0134085 , 0
-0.99999 , -0.00719274 , 0
-0.999631 , -0.027791 , 0
-0.998847 , -0.0483774 , 0
-0.99764 , -0.0689433 , 0
-0.996009 , -0.08948 , 0
-0.993956 , -0.109979 , 0
-0.991481 , -0.130431 , 0
-0.988585 , -0.150827 , 0
-0.98527 , -0.17116 , 0
-0.981537 , -0.19142 , 0
-0.977387 , -0.211599 , 0
-0.972822 , -0.231688 , 0
-0.967845 , -0.251679 , 0
-0.962457 , -0.271562 , 0
-0.95666 , -0.291331 , 0
-0.950458 , -0.310976 , 0
-0.943852 , -0.330489 , 0
-0.936845 , -0.349862 , 0
-0.929442 , -0.369086 , 0
-0.921643 , -0.388154 , 0
-0.913454 , -0.407057 , 0
-0.904877 , -0.425788 , 0
-0.895917 , -0.444337 , 0
-0.886576 , -0.462699 , 0
-0.876858 , -0.480863 , 0
-0.866769 , -0.498824 , 0
-0.856312 , -0.516573 , 0
-0.845492 , -0.534103 , 0
-0.834313 , -0.551407 , 0
-0.82278 , -0.568476 , 0
-0.810898 , -0.585304 , 0
-0.798672 , -0.601884 , 0
-0.786107 , -0.618209 , 0
-0.773208 , -0.634271 , 0
-0.759981 , -0.650064 , 0
-0.746432 , -0.665581 , 0
-0.732567 , -0.680816 , 0
-0.71839 , -0.695762 , 0
-0.703909 , -0.710413 , 0
-0.689129 , -0.724763 , 0
-0.674057 , -0.738805 , 0
-0.658698 , -0.752533 , 0
-0.643061 , -0.765943 , 0
-0.62715 , -0.779027 , 0
-0.610973 , -0.791781 , 0
-0.594538 , -0.804199 , 0
-0.57785 , -0.816276 , 0
-0.560917 , -0.828006 , 0
-0.543745 , -0.839386 , 0
-0.526344 , -0.850409 , 0
-0.508719 , -0.861071 , 0
-0.490878 , -0.871368 , 0
-0.472829 , -0.881296 , 0
-0.454579 , -0.89085 , 0
-0.436136 , -0.900025 , 0
-0.417509 , -0.908819 , 0
-0.398704 , -0.917228 , 0
-0.379731 , -0.925247 , 0
-0.360596 , -0.932874 , 0
-0.341308 , -0.940105 , 0
-0.321876 , -0.946938 , 0
-0.302307 , -0.953369 , 0
-0.282609 , -0.959395 , 0
-0.262792 , -0.965015 , 0
-0.242864 , -0.970225 , 0
-0.222832 , -0.975024 , 0
-0.202706 , -0.979409 , 0
-0.182494 , -0.983379 , 0
-0.162204 , -0.986931 , 0
-0.141846 , -0.990065 , 0
-0.121427 , -0.992779 , 0
-0.100957 , -0.995072 , 0
-0.0804446 , -0.996944 , 0
-0.0598977 , -0.998392 , 0
-0.0393254 , -0.999417 , 0
-0.0187364 , -1.00002 , 0
0.00186055 , -1.00019 , 0
0.0224567 , -0.999947 , 0
0.0430433 , -0.999276 , 0
0.0636117 , -0.998181 , 0
0.0841531 , -0.996662 , 0
0.104659 , -0.994721 , 0
0.12512 , -0.992358 , 0
0.145528 , -0.989574 , 0
0.165875 , -0.986371 , 0
0.186151 , -0.982749 , 0
0.206348 , -0.978711 , 0
0.226458 , -0.974257 , 0
0.246472 , -0.969391 , 0
0.266381 , -0.964113 , 0
0.286177 , -0.958426 , 0
0.305852 , -0.952334 , 0
0.325398 , -0.945837 , 0
0.344805 , -0.938939 , 0
0.364066 , -0.931643 , 0
0.383173 , -0.923952 , 0
0.402117 , -0.91587 , 0
0.42089 , -0.907399 , 0
0.439486 , -0.898543 , 0
0.457895 , -0.889306 , 0
0.476109 , -0.879693 , 0
0.494122 , -0.869706 , 0
0.511926 , -0.85935 , 0
0.529512 , -0.848631 , 0
0.546874 , -0.837551 , 0
0.564004 , -0.826116 , 0
0.580895 , -0.814331 , 0
0.59754 , -0.802201 , 0
0.613931 , -0.789731 , 0
0.630062 , -0.776926 , 0
0.645926 , -0.763791 , 0
0.661516 , -0.750333 , 0
0.676826 , -0.736557 , 0
0.691848 , -0.722468 , 0
0.706578 , -0.708073 , 0
0.721008 , -0.693378 , 0
0.735132 , -0.678389 , 0
0.748944 , -0.663112 , 0
0.762439 , -0.647555 , 0
0.775611 , -0.631723 , 0
0.788454 , -0.615623 , 0
0.800963 , -0.599262 , 0
0.813133 , -0.582647 , 0
0.824957 , -0.565785 , 0
0.836432 , -0.548683 , 0
0.847553 , -0.531349 , 0
0.858314 , -0.513789 , 0
0.868711 , -0.496012 , 0
0.87874 , -0.478024 , 0
0.888397 , -0.459834 , 0
0.897677 , -0.441449 , 0
0.906577 , -0.422876 , 0
0.915092 , -0.404125 , 0
0.92322 , -0.385202 , 0
0.930956 , -0.366116 , 0
0.938297 , -0.346875 , 0
0.945241 , -0.327487 , 0
0.951784 , -0.30796 , 0
0.957924 , -0.288302 , 0
0.963658 , -0.268522 , 0
0.968983 , -0.248629 , 0
0.973898 , -0.22863 , 0
0.9784 , -0.208534 , 0
0.982487 , -0.188349 , 0
0.986158 , -0.168085 , 0
0.989411 , -0.14775 , 0
0.992245 , -0.127352 , 0
0.994658 , -0.1069 , 0
0.996649 , -0.086403 , 0
0.998218 , -0.0658691 , 0
0.999364 , -0.0453074 , 0
1.00009 , -0.0247264 , 0
1.00039 , -0.00413499 , 0
1.00026 , 0.0164582 , 0
0.999711 , 0.0370444 , 0
0.998738 , 0.0576149 , 0
0.997342 , 0.078161 , 0
0.995523 , 0.098674 , 0
0.993283 , 0.119145 , 0
0.990621 , 0.139566 , 0
0.98754 , 0.159927 , 0
0.98404 , 0.180221 , 0
0.980123 , 0.200438 , 0
0.97579 , 0.220571 , 0
0.971045 , 0.24061 , 0
0.965887 , 0.260547 , 0
0.960321 , 0.280373 , 0
0.954347 , 0.300081 , 0
0.947969 , 0.319662 , 0
0.941189 , 0.339107 , 0
0.934011 , 0.358408 , 0
0.926436 , 0.377558 , 0
0.918469 , 0.396547 , 0
0.910113 , 0.415369 , 0
0.901371 , 0.434014 , 0
0.892247 , 0.452476 , 0
0.882745 , 0.470746 , 0
0.872869 , 0.488816 , 0
0.862623 , 0.506679 , 0
0.852012 , 0.524328 , 0
0.84104 , 0.541754 , 0
0.829711 , 0.558951 , 0
0.81803 , 0.575911 , 0
0.806003 , 0.592627 , 0
0.793634 , 0.609091 , 0
0.780929 , 0.625298 , 0
0.767893 , 0.641239 , 0
0.754532 , 0.656909 , 0
0.740851 , 0.672301 , 0
0.726856 , 0.687407 , 0
0.712553 , 0.702223 , 0
0.697948 , 0.716741 , 0
0.683047 , 0.730955 , 0
0.667857 , 0.744859 , 0
0.652384 , 0.758448 , 0
0.636634 , 0.771715 , 0
0.620615 , 0.784655 , 0
0.604333 , 0.797263 , 0
0.587794 , 0.809533 , 0
0.571007 , 0.821459 , 0
0.553977 , 0.833038 , 0
0.536713 , 0.844264 , 0
0.519221 , 0.855132 , 0
0.501509 , 0.865638 , 0
0.483585 , 0.875776 , 0
0.465456 , 0.885544 , 0
0.447129 , 0.894936 , 0
0.428613 , 0.90395 , 0
0.409916 , 0.91258 , 0
0.391045 , 0.920823 , 0
0.372008 , 0.928676 , 0
0.352813 , 0.936136 , 0
0.333469 , 0.943199 , 0
0.313984 , 0.949862 , 0
0.294365 , 0.956122 , 0
0.274622 , 0.961978 , 0
0.254762 , 0.967426 , 0
0.234795 , 0.972464 , 0
0.214727 , 0.977089 , 0
0.194569 , 0.981301 , 0
0.174329 , 0.985097 , 0
0.154014 , 0.988475 , 0
0.133635 , 0.991435 , 0
0.113198 , 0.993974 , 0
0.0927141 , 0.996092 , 0
0.0721906 , 0.997788 , 0
0.0516364 , 0.999061 , 0
0.0310603 , 0.99991 , 0
0.0104711 , 1.00034 , 0
-0.0101226 , 1.00034 , 0
-0.0307119 , 0.999916 , 0
-0.0512883 , 0.99907 , 0
-0.0718429 , 0.997801 , 0
-0.0923671 , 0.996109 , 0
-0.112852 , 0.993995 , 0
-0.133289 , 0.991459 , 0
-0.15367 , 0.988503 , 0
-0.173986 , 0.985129 , 0
-0.194227 , 0.981336 , 0
-0.214387 , 0.977128 , 0
-0.234456 , 0.972506 , 0
-0.254425 , 0.967471 , 0
-0.274286 , 0.962027 , 0
-0.294032 , 0.956174 , 0
-0.313652 , 0.949917 , 0
-0.33314 , 0.943257 , 0
-0.352486 , 0.936197 , 0
-0.371683 , 0.92874 , 0
-0.390723 , 0.920889 , 0
-0.409596 , 0.912649 , 0
-0.428297 , 0.904021 , 0
-0.446815 , 0.89501 , 0
-0.465145 , 0.88562 , 0
-0.483277 , 0.875854 , 0
-0.501204 , 0.865718 , 0
-0.518919 , 0.855214 , 0
-0.536414 , 0.844347 , 0
-0.553681 , 0.833123 , 0
-0.570714 , 0.821546 , 0
-0.587505 , 0.80962 , 0
-0.604047 , 0.797351 , 0
-0.620333 , 0.784744 , 0
-0.636355 , 0.771805 , 0
-0.652108 , 0.758538 , 0
-0.667585 , 0.74495 , 0
-0.682779 , 0.731046 , 0
-0.697683 , 0.716832 , 0
-0.712291 , 0.702314 , 0
-0.726597 , 0.687498 , 0
-0.740596 , 0.672391 , 0
-0.75428 , 0.656999 , 0
-0.767645 , 0.641328 , 0
-0.780684 , 0.625386 , 0
-0.793392 , 0.609178 , 0
-0.805764 , 0.592712 , 0
-0.817794 , 0.575995 , 0
-0.829478 , 0.559033 , 0
-0.840809 , 0.541835 , 0
-0.851785 , 0.524407 , 0
-0.862399 , 0.506756 , 0
-0.872647 , 0.488891 , 0
-0.882526 , 0.470818 , 0
-0.89203 , 0.452546 , 0
-0.901156 , 0.434081 , 0
-0.9099 , 0.415433 , 0
-0.918259 , 0.396609 , 0
-0.926227 , 0.377616 , 0
-0.933804 , 0.358464 , 0
-0.940984 , 0.339159 , 0
-0.947765 , 0.31971 , 0
-0.954144 , 0.300126 , 0
-0.960119 , 0.280415 , 0
-0.965686 , 0.260585 , 0
-0.970844 , 0.240644 , 0
-0.975591 , 0.220601 , 0
-0.979923 , 0.200465 , 0
-0.98384 , 0.180243 , 0
-0.98734 , 0.159946 , 0
-0.990422 , 0.13958 , 0
-0.993083 , 0.119155 , 0
-0.995323 , 0.09868 , 0
-0.997141 , 0.0781628 , 0
-0.998536 , 0.0576125 , 0
-0.999507 , 0.0370377 , 0
-1.00005 , 0.0164472 , 0
-1.00018 , -0.00415021 , 0
-0.999878 , -0.0247459 , 0
-0.999153 , -0.0453311 , 0
-0.998005 , -0.065897 , 0
-0.996433 , -0.0864351 , 0
-0.994439 , -0.106936 , 0
-0.992023 , -0.127392 , 0
-0.989186 , -0.147794 , 0
-0.985929 , -0.168134 , 0
-0.982255 , -0.188402 , 0
-0.978164 , -0.20859 , 0
-0.973657 , -0.228689 , 0
-0.968738 , -0.248692 , 0
-0.963408 , -0.268589 , 0
-0.95767 , -0.288372 , 0
-0.951525 , -0.308033 , 0
-0.944977 , -0.327563 , 0
-0.938027 , -0.346954 , 0
-0.93068 , -0.366199 , 0
-0.922938 , -0.385287 , 0
-0.914805 , -0.404213 , 0
-0.906283 , -0.422966 , 0
-0.897377 , -0.441541 , 0
-0.888091 , -0.459928 , 0
-0.878427 , -0.47812 , 0
-0.868391 , -0.496109 , 0
-0.857987 , -0.513888 , 0
-0.847218 , -0.531449 , 0
-0.836091 , -0.548784 , 0
-0.824608 , -0.565886 , 0
-0.812776 , -0.582749 , 0
-0.800599 , -0.599364 , 0
-0.788082 , -0.615725 , 0
-0.775231 , -0.631825 , 0
-0.762051 , -0.647656 , 0
-0.748548 , -0.663213 , 0
-0.734727 , -0.678489 , 0
-0.720594 , -0.693476 , 0
-0.706156 , -0.70817 , 0
-0.691418 , -0.722563 , 0
-0.676387 , -0.736649 , 0
-0.661068 , -0.750423 , 0
-0.64547 , -0.763878 , 0
-0.629597 , -0.77701 , 0
-0.613458 , -0.789811 , 0
-0.597058 , -0.802278 , 0
-0.580404 , -0.814404 , 0
-0.563505 , -0.826185 , 0
-0.546366 , -0.837615 , 0
-0.528996 , -0.84869 , 0
-0.511401 , -0.859404 , 0
-0.493589 , -0.869754 , 0
-0.475568 , -0.879735 , 0
-0.457344 , -0.889343 , 0
-0.438927 , -0.898573 , 0
-0.420324 , -0.907422 , 0
-0.401542 , -0.915886 , 0
-0.38259 , -0.923961 , 0
-0.363475 , -0.931645 , 0
-0.344207 , -0.938933 , 0
-0.324792 , -0.945822 , 0
-0.305239 , -0.95231 , 0
-0.285557 , -0.958394 , 0
-0.265754 , -0.964072 , 0
-0.245838 , -0.96934 , 0
-0.225817 , -0.974197 , 0
-0.205701 , -0.978641 , 0
-0.185497 , -0.982669 , 0
-0.165215 , -0.98628 , 0
-0.144863 , -0.989473 , 0
-0.124449 , -0.992246 , 0
-0.103982 , -0.994598 , 0
-0.0834716 , -0.996527 , 0
-0.0629254 , -0.998034 , 0
-0.0423525 , -0.999117 , 0
-0.0217617 , -0.999777 , 0
-0.00116159 , -1.00001 , 0
0.019439 , -0.999823 , 0
0.0400313 , -0.999209 , 0
0.0606067 , -0.998171 , 0
0.0811563 , -0.99671 , 0
0.101671 , -0.994826 , 0
0.122144 , -0.99252 , 0
0.142564 , -0.989792 , 0
0.162923 , -0.986644 , 0
0.183214 , -0.983078 , 0
0.203427 , -0.979094 , 0
0.223553 , -0.974695 , 0
0.243585 , -0.969883 , 0
0.263513 , -0.964658 , 0
0.28333 , -0.959025 , 0
0.303026 , -0.952984 , 0
0.322593 , -0.946539 , 0
0.342024 , -0.939692 , 0
0.361309 , -0.932447 , 0
0.380442 , -0.924805 , 0
0.399412 , -0.916772 , 0
0.418214 , -0.908349 , 0
0.436837 , -0.899541 , 0
0.455276 , -0.890351 , 0
0.473521 , -0.880783 , 0
0.491565 , -0.870841 , 0
0.509401 , -0.86053 , 0
0.52702 , -0.849853 , 0
0.544416 , -0.838816 , 0
0.56158 , -0.827423 , 0
0.578507 , -0.815679 , 0
0.595188 , -0.803588 , 0
0.611616 , -0.791157 , 0
0.627785 , -0.77839 , 0
0.643687 , -0.765292 , 0
0.659316 , -0.75187 , 0
0.674665 , -0.738128 , 0
0.689728 , -0.724074 , 0
0.704499 , -0.709712 , 0
0.71897 , -0.695049 , 0
0.733136 , -0.680091 , 0
0.746991 , -0.664844 , 0
0.760529 , -0.649315 , 0
0.773745 , -0.633511 , 0
0.786632 , -0.617438 , 0
0.799185 , -0.601102 , 0
0.811399 , -0.584512 , 0
0.823268 , -0.567674 , 0
0.834789 , -0.550594 , 0
0.845955 , -0.533281 , 0
0.856762 , -0.515742 , 0
0.867205 , -0.497984 , 0
0.877281 , -0.480015 , 0
0.886984 , -0.461841 , 0
0.896311 , -0.443472 , 0
0.905257 , -0.424915 , 0
0.913819 , -0.406177 , 0
0.921994 , -0.387267 , 0
0.929777 , -0.368193 , 0
0.937166 , -0.348963 , 0
0.944157 , -0.329584 , 0
0.950747 , -0.310065 , 0
0.956934 , -0.290415 , 0
0.962715 , -0.270642 , 0
0.968088 , -0.250754 , 0
0.973049 , -0.230759 , 0
0.977598 , -0.210667 , 0
0.981732 , -0.190485 , 0
0.985449 , -0.170222 , 0
0.988748 , -0.149887 , 0
0.991628 , -0.129489 , 0
0.994087 , -0.109035 , 0
0.996124 , -0.0885357 , 0
0.997738 , -0.0679984 , 0
0.998929 , -0.0474323 , 0
0.999696 , -0.026846 , 0
1.00004 , -0.00624835 , 0
0.999958 , 0.014352 , 0
0.999452 , 0.0349462 , 0
0.998523 , 0.0555256 , 0
0.997169 , 0.0760814 , 0
0.995393 , 0.096605 , 0
0.993194 , 0.117088 , 0
0.990574 , 0.13752 , 0
0.987534 , 0.157895 , 0
0.984074 , 0.178203 , 0
0.980197 , 0.198434 , 0
0.975905 , 0.218582 , 0
0.971198 , 0.238637 , 0
0.966079 , 0.258591 , 0
0.96055 , 0.278435 , 0
0.954614 , 0.298161 , 0
0.948273 , 0.31776 , 0
0.941529 , 0.337225 , 0
0.934387 , 0.356547 , 0
0.926847 , 0.375717 , 0
0.918915 , 0.394728 , 0
0.910592 , 0.413571 , 0
0.901884 , 0.432239 , 0
0.892792 , 0.450724 , 0
0.883323 , 0.469018 , 0
0.873478 , 0.487112 , 0
0.863263 , 0.505 , 0
0.852681 , 0.522674 , 0
0.841738 , 0.540126 , 0
0.830438 , 0.557348 , 0
0.818786 , 0.574335 , 0
0.806786 , 0.591078 , 0
0.794444 , 0.60757 , 0
0.781765 , 0.623804 , 0
0.768754 , 0.639774 , 0
0.755418 , 0.655472 , 0
0.741761 , 0.670892 , 0
0.727789 , 0.686028 , 0
0.713508 , 0.700873 , 0
0.698925 , 0.71542 , 0
0.684046 , 0.729664 , 0
0.668876 , 0.743599 , 0
0.653423 , 0.757218 , 0
0.637693 , 0.770516 , 0
0.621692 , 0.783487 , 0
0.605427 , 0.796126 , 0
0.588906 , 0.808428 , 0
0.572135 , 0.820386 , 0
0.555121 , 0.831997 , 0
0.537872 , 0.843254 , 0
0.520395 , 0.854154 , 0
0.502697 , 0.864692 , 0
0.484786 , 0.874863 , 0
0.466669 , 0.884663 , 0
0.448354 , 0.894088 , 0
0.429849 , 0.903134 , 0
0.411162 , 0.911796 , 0
0.392301 , 0.920073 , 0
0.373273 , 0.927958 , 0
0.354087 , 0.935451 , 0
0.334751 , 0.942547 , 0
0.315272 , 0.949243 , 0
0.29566 , 0.955536 , 0
0.275923 , 0.961424 , 0
0.256069 , 0.966905 , 0
0.236106 , 0.971976 , 0
0.216043 , 0.976634 , 0
0.195889 , 0.980878 , 0
0.175651 , 0.984707 , 0
0.155339 , 0.988118 , 0
0.134961 , 0.99111 , 0
0.114526 , 0.993682 , 0
0.0940419 , 0.995832 , 0
0.0735183 , 0.99756 , 0
0.0529634 , 0.998865 , 0
0.0323862 , 0.999747 , 0
0.0117952 , 1.0002 , 0
-0.00880079 , 1.00024 , 0
-0.029393 , 0.999848 , 0
-0.0499728 , 0.999034 , 0
-0.0705315 , 0.997796 , 0
-0.0910602 , 0.996136 , 0
-0.11155 , 0.994053 , 0
-0.131993 , 0.991548 , 0
-0.15238 , 0.988623 , 0
-0.172702 , 0.985279 , 0
-0.192951 , 0.981517 , 0
-0.213118 , 0.97734 , 0
-0.233195 , 0.972747 , 0
-0.253173 , 0.967743 , 0
-0.273044 , 0.962328 , 0
-0.292799 , 0.956505 , 0
-0.31243 , 0.950277 , 0
-0.331928 , 0.943646 , 0
-0.351286 , 0.936615 , 0
-0.370495 , 0.929187 , 0
-0.389546 , 0.921365 , 0
-0.408433 , 0.913153 , 0
-0.427147 , 0.904553 , 0
-0.445679 , 0.89557 , 0
-0.464022 , 0.886207 , 0
-0.482169 , 0.876469 , 0
-0.500112 , 0.866359 , 0
-0.517842 , 0.855882 , 0
-0.535353 , 0.845042 , 0
-0.552637 , 0.833844 , 0
-0.569687 , 0.822293 , 0
-0.586495 , 0.810393 , 0
-0.603055 , 0.79815 , 0
-0.619359 , 0.785568 , 0
-0.635401 , 0.772653 , 0
-0.651173 , 0.759411 , 0
-0.666669 , 0.745847 , 0
-0.681883 , 0.731967 , 0
-0.696808 , 0.717776 , 0
-0.711437 , 0.703282 , 0
-0.725765 , 0.688489 , 0
-0.739785 , 0.673404 , 0
-0.753492 , 0.658034 , 0
-0.766879 , 0.642386 , 0
-0.779942 , 0.626465 , 0
-0.792673 , 0.610278 , 0
-0.805069 , 0.593833 , 0
-0.817124 , 0.577136 , 0
-0.828832 , 0.560194 , 0
-0.840189 , 0.543016 , 0
-0.85119 , 0.525607 , 0
-0.861831 , 0.507975 , 0
-0.872106 , 0.490128 , 0
-0.882011 , 0.472073 , 0
-0.891543 , 0.453818 , 0
-0.900697 , 0.435371 , 0
-0.909469 , 0.416739 , 0
-0.917855 , 0.397931 , 0
-0.925853 , 0.378954 , 0
-0.933459 , 0.359817 , 0
-0.940668 , 0.340527 , 0
-0.94748 , 0.321092 , 0
-0.953889 , 0.301522 , 0
-0.959895 , 0.281824 , 0
-0.965493 , 0.262006 , 0
-0.970683 , 0.242078 , 0
-0.975461 , 0.222046 , 0
-0.979825 , 0.201921 , 0
-0.983775 , 0.18171 , 0
-0.987308 , 0.161422 , 0
-0.990422 , 0.141066 , 0
-0.993116 , 0.12065 , 0
-0.99539 , 0.100183 , 0
-0.997242 , 0.0796733 , 0
-0.998671 , 0.0591299 , 0
-0.999677 , 0.0385614 , 0
-1.00026 , 0.0179766 , 0
-1.00042 , -0.00261578 , 0
-1.00015 , -0.0232071 , 0
-0.999464 , -0.0437885 , 0
-0.998351 , -0.0643515 , 0
-0.996815 , -0.0848871 , 0
-0.994857 , -0.105387 , 0
-0.992478 , -0.125842 , 0
-0.989677 , -0.146243 , 0
-0.986458 , -0.166583 , 0
-0.98282 , -0.186852 , 0
-0.978766 , -0.207042 , 0
-0.974297 , -0.227144 , 0
-0.969415 , -0.24715 , 0
-0.964122 , -0.267052 , 0
-0.958421 , -0.28684 , 0
-0.952314 , -0.306506 , 0
-0.945803 , -0.326043 , 0
-0.938891 , -0.345441 , 0
-0.931582 , -0.364693 , 0
-0.923878 , -0.383791 , 0
-0.915782 , -0.402726 , 0
-0.907298 , -0.42149 , 0
-0.89843 , -0.440076 , 0
-0.889181 , -0.458475 , 0
-0.879555 , -0.47668 , 0
-0.869556 , -0.494682 , 0
-0.859189 , -0.512476 , 0
-0.848458 , -0.530052 , 0
-0.837368 , -0.547403 , 0
-0.825922 , -0.564523 , 0
-0.814127 , -0.581403 , 0
-0.801986 , -0.598037 , 0
-0.789506 , -0.614417 , 0
-0.776691 , -0.630537 , 0
-0.763547 , -0.64639 , 0
-0.750079 , -0.661969 , 0
-0.736293 , -0.677268 , 0
-0.722196 , -0.692279 , 0
-0.707792 , -0.706997 , 0
-0.693089 , -0.721415 , 0
-0.678092 , -0.735528 , 0
-0.662807 , -0.749329 , 0
-0.647241 , -0.762813 , 0
-0.631402 , -0.775973 , 0
-0.615294 , -0.788804 , 0
-0.598926 , -0.801301 , 0
-0.582304 , -0.813459 , 0
-0.565435 , -0.825271 , 0
-0.548327 , -0.836734 , 0
-0.530986 , -0.847843 , 0
-0.51342 , -0.858592 , 0
-0.495637 , -0.868977 , 0
-0.477644 , -0.878994 , 0
-0.459448 , -0.888638 , 0
-0.441057 , -0.897906 , 0
-0.42248 , -0.906793 , 0
-0.403723 , -0.915296 , 0
-0.384795 , -0.923411 , 0
-0.365705 , -0.931134 , 0
-0.346459 , -0.938463 , 0
-0.327066 , -0.945394 , 0
-0.307535 , -0.951925 , 0
-0.287873 , -0.958052 , 0
-0.26809 , -0.963773 , 0
-0.248193 , -0.969085 , 0
-0.22819 , -0.973987 , 0
-0.208091 , -0.978476 , 0
-0.187904 , -0.98255 , 0
-0.167637 , -0.986208 , 0
-0.147299 , -0.989447 , 0
-0.126898 , -0.992268 , 0
-0.106444 , -0.994667 , 0
-0.0859448 , -0.996646 , 0
-0.065409 , -0.998201 , 0
-0.0448455 , -0.999334 , 0
-0.0242629 , -1.00004 , 0
-0.00367014 , -1.00033 , 0
0.0169242 , -1.00019 , 0
0.0375114 , -0.999626 , 0
0.0580827 , -0.998639 , 0
0.0786294 , -0.997229 , 0
0.0991427 , -0.995396 , 0
0.119614 , -0.993142 , 0
0.140035 , -0.990466 , 0
0.160396 , -0.98737 , 0
0.180689 , -0.983856 , 0
0.200906 , -0.979925 , 0
0.221037 , -0.975578 , 0
0.241075 , -0.970818 , 0
0.261011 , -0.965646 , 0
0.280836 , -0.960065 , 0
0.300541 , -0.954077 , 0
0.32012 , -0.947684 , 0
0.339563 , -0.94089 , 0
0.358861 , -0.933697 , 0
0.378008 , -0.926108 , 0
0.396994 , -0.918126 , 0
0.415812 , -0.909755 , 0
0.434454 , -0.900998 , 0
0.452912 , -0.891859 , 0
0.471177 , -0.882342 , 0
0.489243 , -0.872451 , 0
0.507101 , -0.86219 , 0
0.524745 , -0.851564 , 0
0.542165 , -0.840576 , 0
0.559356 , -0.829232 , 0
0.57631 , -0.817537 , 0
0.59302 , -0.805494 , 0
0.609478 , -0.793111 , 0
0.625677 , -0.780391 , 0
0.641611 , -0.76734 , 0
0.657273 , -0.753963 , 0
0.672657 , -0.740267 , 0
0.687755 , -0.726257 , 0
0.702562 , -0.711939 , 0
0.71707 , -0.697319 , 0
0.731275 , -0.682404 , 0
0.745169 , -0.667199 , 0
0.758748 , -0.651711 , 0
0.772005 , -0.635947 , 0
0.784934 , -0.619913 , 0
0.79753 , -0.603616 , 0
0.809789 , -0.587063 , 0
0.821703 , -0.570262 , 0
0.83327 , -0.553218 , 0
0.844483 , -0.53594 , 0
0.855337 , -0.518434 , 0
0.865829 , -0.500709 , 0
0.875954 , -0.482771 , 0
0.885708 , -0.464629 , 0
0.895085 , -0.446289 , 0
0.904083 , -0.427761 , 0
0.912698 , -0.40905 , 0
0.920926 , -0.390167 , 0
0.928762 , -0.371117 , 0
0.936205 , -0.351911 , 0
0.943251 , -0.332555 , 0
0.949897 , -0.313058 , 0
0.95614 , -0.293428 , 0
0.961977 , -0.273674 , 0
0.967407 , -0.253804 , 0
0.972426 , -0.233826 , 0
0.977032 , -0.213749 , 0
0.981224 , -0.193581 , 0
0.985 , -0.173331 , 0
0.988358 , -0.153008 , 0
0.991297 , -0.132619 , 0
0.993815 , -0.112175 , 0
0.995912 , -0.0916826 , 0
0.997586 , -0.0711516 , 0
0.998837 , -0.0505904 , 0
0.999664 , -0.0300077 , 0
1.00007 , -0.00941225 , 0
1.00005 , 0.0111872 , 0
0.999601 , 0.0317818 , 0
0.998732 , 0.052363 , 0
0.997439 , 0.072922 , 0
0.995723 , 0.09345 , 0
0.993584 , 0.113938 , 0
0.991024 , 0.134378 , 0
0.988044 , 0.154761 , 0
0.984644 , 0.175079 , 0
0.980827 , 0.195322 , 0
0.976593 , 0.215482 , 0
0.971945 , 0.235551 , 0
0.966885 , 0.25552 , 0
0.961415 , 0.27538 , 0
0.955536 , 0.295124 , 0
0.949252 , 0.314742 , 0
0.942566 , 0.334227 , 0
0.935479 , 0.35357 , 0
0.927996 , 0.372763 , 0
0.920119 , 0.391798 , 0
0.911852 , 0.410667 , 0
0.903197 , 0.429361 , 0
0.89416 , 0.447874 , 0
0.884743 , 0.466196 , 0
0.87495 , 0.48432 , 0
0.864786 , 0.502239 , 0
0.854256 , 0.519945 , 0
0.843363 , 0.53743 , 0
0.832112 , 0.554687 , 0
0.820508 , 0.571709 , 0
0.808556 , 0.588488 , 0
0.79626 , 0.605018 , 0
0.783627 , 0.62129 , 0
0.770662 , 0.6373 , 0
0.757369 , 0.653038 , 0
0.743755 , 0.6685 , 0
0.729825 , 0.683678 , 0
0.715586 , 0.698566 , 0
0.701043 , 0.713157 , 0
0.686203 , 0.727446 , 0
0.671071 , 0.741426 , 0
0.655654 , 0.755091 , 0
0.63996 , 0.768436 , 0
0.623994 , 0.781455 , 0
0.607763 , 0.794142 , 0
0.591274 , 0.806493 , 0
0.574534 , 0.818501 , 0
0.55755 , 0.830161 , 0
0.54033 , 0.84147 , 0
0.52288 , 0.852421 , 0
0.505209 , 0.863011 , 0
0.487323 , 0.873234 , 0
0.46923 , 0.883087 , 0
0.450939 , 0.892565 , 0
0.432456 , 0.901664 , 0
0.413789 , 0.910381 , 0
0.394947 , 0.918711 , 0
0.375937 , 0.926652 , 0
0.356767 , 0.934199 , 0
0.337447 , 0.941349 , 0
0.317983 , 0.948101 , 0
0.298384 , 0.954449 , 0
0.278658 , 0.960393 , 0
0.258814 , 0.965929 , 0
0.23886 , 0.971056 , 0
0.218805 , 0.97577 , 0
0.198658 , 0.98007 , 0
0.178425 , 0.983954 , 0
0.158117 , 0.987421 , 0
0.137742 , 0.990468 , 0
0.117309 , 0.993096 , 0
0.0968256 , 0.995301 , 0
0.0763012 , 0.997085 , 0
0.0557445 , 0.998445 , 0
0.0351641 , 0.999382 , 0
0.0145687 , 0.999894 , 0
-0.00603278 , 0.999982 , 0
-0.0266317 , 0.999646 , 0
-0.0472194 , 0.998885 , 0
-0.067787 , 0.997701 , 0
-0.0883258 , 0.996093 , 0
-0.108827 , 0.994062 , 0
-0.129282 , 0.99161 , 0
-0.149683 , 0.988736 , 0
-0.170019 , 0.985443 , 0
-0.190284 , 0.981732 , 0
-0.210468 , 0.977605 , 0
-0.230563 , 0.973062 , 0
-0.250559 , 0.968106 , 0
-0.27045 , 0.96274 , 0
-0.290225 , 0.956965 , 0
-0.309878 , 0.950784 , 0
-0.329399 , 0.944199 , 0
-0.34878 , 0.937214 , 0
-0.368013 , 0.929831 , 0
-0.38709 , 0.922054 , 0
-0.406003 , 0.913885 , 0
-0.424743 , 0.905328 , 0
-0.443303 , 0.896387 , 0
-0.461675 , 0.887066 , 0
-0.479851 , 0.877368 , 0
-0.497824 , 0.867298 , 0
-0.515585 , 0.85686 , 0
-0.533127 , 0.846058 , 0
-0.550444 , 0.834898 , 0
-0.567526 , 0.823383 , 0
-0.584368 , 0.811518 , 0
-0.600962 , 0.799309 , 0
-0.617301 , 0.786762 , 0
-0.633378 , 0.77388 , 0
-0.649186 , 0.760669 , 0
-0.664718 , 0.747136 , 0
-0.679969 , 0.733286 , 0
-0.694931 , 0.719125 , 0
-0.709598 , 0.704659 , 0
-0.723964 , 0.689894 , 0
-0.738023 , 0.674835 , 0
-0.751768 , 0.659491 , 0
-0.765195 , 0.643867 , 0
-0.778297 , 0.627969 , 0
-0.791069 , 0.611805 , 0
-0.803505 , 0.595382 , 0
-0.8156 , 0.578706 , 0
-0.827349 , 0.561784 , 0
-0.838747 , 0.544624 , 0
-0.849789 , 0.527233 , 0
-0.860471 , 0.509618 , 0
-0.870787 , 0.491787 , 0
-0.880734 , 0.473747 , 0
-0.890308 , 0.455506 , 0
-0.899503 , 0.437072 , 0
-0.908317 , 0.418452 , 0
-0.916746 , 0.399655 , 0
-0.924785 , 0.380689 , 0
-0.932432 , 0.361561 , 0
-0.939684 , 0.342279 , 0
-0.946537 , 0.322853 , 0
-0.952988 , 0.303289 , 0
-0.959036 , 0.283596 , 0
-0.964676 , 0.263784 , 0
-0.969907 , 0.243859 , 0
-0.974726 , 0.223831 , 0
-0.979132 , 0.203708 , 0
-0.983123 , 0.183499 , 0
-0.986696 , 0.163211 , 0
-0.989851 , 0.142855 , 0
-0.992586 , 0.122438 , 0
-0.9949 , 0.101969 , 0
-0.996792 , 0.0814564 , 0
-0.998261 , 0.0609095 , 0
-0.999306 , 0.0403368 , 0
-0.999928 , 0.019747 , 0
-1.00013 , -0.000851189 , 0
-0.999898 , -0.021449 , 0
-0.999247 , -0.0420378 , 0
-0.998172 , -0.0626087 , 0
-0.996674 , -0.083153 , 0
-0.994753 , -0.103662 , 0
-0.99241 , -0.124127 , 0
-0.989646 , -0.14454 , 0
-0.986462 , -0.164891 , 0
-0.98286 , -0.185172 , 0
-0.978841 , -0.205375 , 0
-0.974407 , -0.22549 , 0
-0.96956 , -0.24551 , 0
-0.964301 , -0.265426 , 0
-0.958633 , -0.285229 , 0
-0.952559 , -0.304911 , 0
-0.94608 , -0.324464 , 0
-0.939201 , -0.34388 , 0
-0.931923 , -0.363149 , 0
-0.92425 , -0.382264 , 0
-0.916184 , -0.401218 , 0
-0.907731 , -0.420001 , 0
-0.898892 , -0.438606 , 0
-0.889672 , -0.457025 , 0
-0.880075 , -0.47525 , 0
-0.870104 , -0.493274 , 0
-0.859765 , -0.511088 , 0
-0.849061 , -0.528686 , 0
-0.837997 , -0.546059 , 0
-0.826577 , -0.563201 , 0
-0.814807 , -0.580104 , 0
-0.802691 , -0.596761 , 0
-0.790235 , -0.613165 , 0
-0.777444 , -0.629309 , 0
-0.764323 , -0.645186 , 0
-0.750879 , -0.66079 , 0
-0.737115 , -0.676113 , 0
-0.723039 , -0.69115 , 0
-0.708657 , -0.705894 , 0
-0.693974 , -0.720338 , 0
-0.678997 , -0.734477 , 0
-0.663732 , -0.748304 , 0
-0.648185 , -0.761814 , 0
-0.632364 , -0.775001 , 0
-0.616274 , -0.78786 , 0
-0.599924 , -0.800384 , 0
-0.583318 , -0.812569 , 0
-0.566466 , -0.82441 , 0
-0.549373 , -0.835901 , 0
-0.532048 , -0.847037 , 0
-0.514497 , -0.857815 , 0
-0.496727 , -0.868228 , 0
-0.478747 , -0.878274 , 0
-0.460565 , -0.887947 , 0
-0.442186 , -0.897244 , 0
-0.423621 , -0.906161 , 0
-0.404876 , -0.914693 , 0
-0.385959 , -0.922837 , 0
-0.366878 , -0.930591 , 0
-0.347642 , -0.93795 , 0
-0.328259 , -0.944911 , 0
-0.308736 , -0.951471 , 0
-0.289083 , -0.957628 , 0
-0.269307 , -0.96338 , 0
-0.249417 , -0.968722 , 0
-0.229421 , -0.973655 , 0
-0.209328 , -0.978174 , 0
-0.189146 , -0.982279 , 0
-0.168884 , -0.985967 , 0
-0.14855 , -0.989238 , 0
-0.128154 , -0.992089 , 0
-0.107703 , -0.994519 , 0
-0.0872064 , -0.996528 , 0
-0.0666729 , -0.998115 , 0
-0.0461111 , -0.999278 , 0
-0.0255297 , -1.00002 , 0
-0.00493757 , -1.00033 , 0
0.0156567 , -1.00023 , 0
0.0362443 , -0.999694 , 0
0.0568166 , -0.998739 , 0
0.0773647 , -0.99736 , 0
0.0978801 , -0.995558 , 0
0.118354 , -0.993334 , 0
0.138778 , -0.99069 , 0
0.159143 , -0.987625 , 0
0.17944 , -0.984142 , 0
0.199662 , -0.980241 , 0
0.219798 , -0.975926 , 0
0.239842 , -0.971196 , 0
0.259784 , -0.966055 , 0
0.279616 , -0.960505 , 0
0.299329 , -0.954547 , 0
0.318916 , -0.948185 , 0
0.338367 , -0.941421 , 0
0.357675 , -0.934258 , 0
0.376831 , -0.926699 , 0
0.395828 , -0.918747 , 0
0.414657 , -0.910406 , 0
0.43331 , -0.901679 , 0
0.451779 , -0.89257 , 0
0.470057 , -0.883083 , 0
0.488136 , -0.873221 , 0
0.506008 , -0.86299 , 0
0.523666 , -0.852392 , 0
0.541101 , -0.841434 , 0
0.558308 , -0.830119 , 0
0.575277 , -0.818452 , 0
0.592003 , -0.806438 , 0
0.608478 , -0.794082 , 0
0.624695 , -0.78139 , 0
0.640648 , -0.768367 , 0
0.656329 , -0.755018 , 0
0.671731 , -0.741349 , 0
0.686849 , -0.727366 , 0
0.701676 , -0.713075 , 0
0.716206 , -0.698481 , 0
0.730432 , -0.683592 , 0
0.744349 , -0.668413 , 0
0.75795 , -0.652951 , 0
0.77123 , -0.637212 , 0
0.784183 , -0.621202 , 0
0.796804 , -0.60493 , 0
0.809088 , -0.588401 , 0
0.821028 , -0.571623 , 0
0.83262 , -0.554603 , 0
0.84386 , -0.537348 , 0
0.854742 , -0.519865 , 0
0.865262 , -0.502162 , 0
0.875415 , -0.484246 , 0
0.885197 , -0.466124 , 0
0.894604 , -0.447806 , 0
0.903632 , -0.429297 , 0
0.912277 , -0.410607 , 0
0.920536 , -0.391742 , 0
0.928404 , -0.372712 , 0
0.935879 , -0.353523 , 0
0.942958 , -0.334185 , 0
0.949636 , -0.314705 , 0
0.955913 , -0.295092 , 0
0.961784 , -0.275354 , 0
0.967248 , -0.255499 , 0
0.972302 , -0.235536 , 0
0.976944 , -0.215473 , 0
0.981172 , -0.195318 , 0
0.984984 , -0.175081 , 0
0.988378 , -0.15477 , 0
0.991354 , -0.134393 , 0
0.99391 , -0.11396 , 0
0.996045 , -0.0934774 , 0
0.997757 , -0.0729557 , 0
0.999047 , -0.0524031 , 0
0.999913 , -0.0318283 , 0
1.00036 , -0.01124 , 0
1.00037 , 0.00935308 , 0
0.999969 , 0.0299422 , 0
0.99914 , 0.0505186 , 0
0.997888 , 0.0710736 , 0
0.996213 , 0.0915985 , 0
0.994115 , 0.112085 , 0
0.991597 , 0.132523 , 0
0.988658 , 0.152906 , 0
0.9853 , 0.173223 , 0
0.981525 , 0.193467 , 0
0.977333 , 0.21363 , 0
0.972728 , 0.233701 , 0
0.96771 , 0.253674 , 0
0.962282 , 0.273539 , 0
0.956447 , 0.293288 , 0
0.950206 , 0.312913 , 0
0.943562 , 0.332406 , 0
0.936518 , 0.351757 , 0
0.929078 , 0.370959 , 0
0.921244 , 0.390005 , 0
0.913019 , 0.408885 , 0
0.904408 , 0.427591 , 0
0.895413 , 0.446117 , 0
0.886039 , 0.464453 , 0
0.876289 , 0.482592 , 0
0.866168 , 0.500527 , 0
0.85568 , 0.51825 , 0
0.844829 , 0.535753 , 0
0.83362 , 0.55303 , 0
0.822057 , 0.570071 , 0
0.810147 , 0.586871 , 0
0.797893 , 0.603423 , 0
0.785301 , 0.619718 , 0
0.772376 , 0.635752 , 0
0.759123 , 0.651515 , 0
0.745549 , 0.667002 , 0
0.731659 , 0.682207 , 0
0.717459 , 0.697123 , 0
0.702954 , 0.711743 , 0
0.688152 , 0.726061 , 0
0.673058 , 0.740072 , 0
0.657679 , 0.753769 , 0
0.642021 , 0.767147 , 0
0.626091 , 0.780199 , 0
0.609895 , 0.792921 , 0
0.593441 , 0.805306 , 0
0.576736 , 0.81735 , 0
0.559786 , 0.829048 , 0
0.542599 , 0.840394 , 0
0.525181 , 0.851384 , 0
0.507541 , 0.862014 , 0
0.489686 , 0.872278 , 0
0.471624 , 0.882172 , 0
0.453361 , 0.891692 , 0
0.434907 , 0.900834 , 0
0.416267 , 0.909594 , 0
0.397452 , 0.917969 , 0
0.378468 , 0.925954 , 0
0.359323 , 0.933547 , 0
0.340027 , 0.940744 , 0
0.320586 , 0.947543 , 0
0.301009 , 0.95394 , 0
0.281304 , 0.959932 , 0
0.261481 , 0.965517 , 0
0.241546 , 0.970693 , 0
0.221509 , 0.975458 , 0
0.201378 , 0.979809 , 0
0.181162 , 0.983745 , 0
0.160869 , 0.987263 , 0
0.140508 , 0.990363 , 0
0.120087 , 0.993043 , 0
0.0996151 , 0.995302 , 0
0.0791011 , 0.997139 , 0
0.0585536 , 0.998554 , 0
0.0379813 , 0.999545 , 0
0.0173928 , 1.00011 , 0
-0.003203 , 1.00025 , 0
-0.0237975 , 0.999974 , 0
-0.0443818 , 0.999269 , 0
-0.0649474 , 0.99814 , 0
-0.0854854 , 0.996588 , 0
-0.105987 , 0.994614 , 0
-0.126444 , 0.992217 , 0
-0.146847 , 0.9894 , 0
-0.167188 , 0.986164 , 0
-0.187458 , 0.982509 , 0
-0.207649 , 0.978438 , 0
-0.227751 , 0.973952 , 0
-0.247757 , 0.969053 , 0
-0.267658 , 0.963742 , 0
-0.287445 , 0.958024 , 0
-0.307111 , 0.951899 , 0
-0.326646 , 0.94537 , 0
-0.346043 , 0.93844 , 0
-0.365293 , 0.931113 , 0
-0.384388 , 0.92339 , 0
-0.40332 , 0.915276 , 0
-0.422081 , 0.906774 , 0
-0.440663 , 0.897887 , 0
-0.459058 , 0.888619 , 0
-0.477258 , 0.878975 , 0
-0.495256 , 0.868958 , 0
-0.513044 , 0.858572 , 0
-0.530615 , 0.847822 , 0
-0.54796 , 0.836712 , 0
-0.565073 , 0.825248 , 0
-0.581946 , 0.813434 , 0
-0.598573 , 0.801274 , 0
-0.614945 , 0.788775 , 0
-0.631057 , 0.775941 , 0
-0.646901 , 0.762778 , 0
-0.662471 , 0.749292 , 0
-0.677759 , 0.735488 , 0
-0.692761 , 0.721372 , 0
-0.707468 , 0.706949 , 0
-0.721875 , 0.692227 , 0
-0.735976 , 0.677212 , 0
-0.749765 , 0.661909 , 0
-0.763236 , 0.646325 , 0
-0.776383 , 0.630467 , 0
-0.789201 , 0.614342 , 0
-0.801684 , 0.597956 , 0
-0.813827 , 0.581316 , 0
-0.825624 , 0.56443 , 0
-0.837072 , 0.547304 , 0
-0.848164 , 0.529947 , 0
-0.858897 , 0.512364 , 0
-0.869265 , 0.494564 , 0
-0.879264 , 0.476554 , 0
-0.888891 , 0.458342 , 0
-0.89814 , 0.439936 , 0
-0.907008 , 0.421343 , 0
-0.915492 , 0.402571 , 0
-0.923587 , 0.383629 , 0
-0.93129 , 0.364523 , 0
-0.938598 , 0.345263 , 0
-0.945508 , 0.325857 , 0
-0.952017 , 0.306312 , 0
-0.958122 , 0.286637 , 0
-0.96382 , 0.266841 , 0
-0.96911 , 0.246932 , 0
-0.973988 , 0.226918 , 0
-0.978453 , 0.206807 , 0
-0.982503 , 0.186609 , 0
-0.986136 , 0.166331 , 0
-0.989351 , 0.145983 , 0
-0.992146 , 0.125573 , 0
-0.99452 , 0.10511 , 0
-0.996472 , 0.0846023 , 0
-0.998001 , 0.0640586 , 0
-0.999107 , 0.0434877 , 0
-0.999788 , 0.0228983 , 0
-1.00005 , 0.00229926 , 0
-0.999879 , -0.0183008 , 0
-0.999288 , -0.0388931 , 0
-0.998273 , -0.0594688 , 0
-0.996834 , -0.0800194 , 0
-0.994973 , -0.100536 , 0
-0.992689 , -0.12101 , 0
-0.989984 , -0.141432 , 0
-0.986859 , -0.161795 , 0
-0.983315 , -0.182089 , 0
-0.979354 , -0.202306 , 0
-0.974977 , -0.222436 , 0
-0.970187 , -0.242473 , 0
-0.964985 , -0.262406 , 0
-0.959373 , -0.282228 , 0
-0.953354 , -0.301931 , 0
-0.946931 , -0.321505 , 0
-0.940106 , -0.340943 , 0
-0.932882 , -0.360236 , 0
-0.925262 , -0.379376 , 0
-0.917249 , -0.398356 , 0
-0.908847 , -0.417166 , 0
-0.90006 , -0.435799 , 0
-0.89089 , -0.454248 , 0
-0.881343 , -0.472503 , 0
-0.871421 , -0.490558 , 0
-0.86113 , -0.508405 , 0
-0.850473 , -0.526036 , 0
-0.839456 , -0.543444 , 0
-0.828082 , -0.560621 , 0
-0.816356 , -0.57756 , 0
-0.804285 , -0.594255 , 0
-0.791871 , -0.610697 , 0
-0.779122 , -0.626879 , 0
-0.766042 , -0.642796 , 0
-0.752638 , -0.65844 , 0
-0.738913 , -0.673805 , 0
-0.724875 , -0.688884 , 0
-0.71053 , -0.70367 , 0
-0.695883 , -0.718158 , 0
-0.68094 , -0.73234 , 0
-0.665709 , -0.746213 , 0
-0.650195 , -0.759768 , 0
-0.634406 , -0.773001 , 0
-0.618347 , -0.785906 , 0
-0.602025 , -0.798477 , 0
-0.585448 , -0.81071 , 0
-0.568623 , -0.822598 , 0
-0.551556 , -0.834138 , 0
-0.534255 , -0.845323 , 0
-0.516728 , -0.85615 , 0
-0.498981 , -0.866613 , 0
-0.481022 , -0.876709 , 0
-0.46286 , -0.886432 , 0
-0.444501 , -0.89578 , 0
-0.425953 , -0.904747 , 0
-0.407224 , -0.91333 , 0
-0.388323 , -0.921526 , 0
-0.369257 , -0.92933 , 0
-0.350034 , -0.93674 , 0
-0.330663 , -0.943753 , 0
-0.311151 , -0.950365 , 0
-0.291507 , -0.956574 , 0
-0.27174 , -0.962376 , 0
-0.251857 , -0.967771 , 0
-0.231867 , -0.972755 , 0
-0.211779 , -0.977325 , 0
-0.191601 , -0.981482 , 0
-0.171342 , -0.985221 , 0
-0.15101 , -0.988543 , 0
-0.130614 , -0.991445 , 0
-0.110162 , -0.993926 , 0
-0.0896642 , -0.995986 , 0
-0.0691279 , -0.997622 , 0
-0.0485623 , -0.998836 , 0
-0.0279761 , -0.999625 , 0
-0.00737797 , -0.999991 , 0
0.0132233 , -0.999932 , 0
0.0338189 , -0.999449 , 0
0.0544001 , -0.998541 , 0
0.0749583 , -0.99721 , 0
0.0954847 , -0.995456 , 0
0.115971 , -0.993279 , 0
0.136407 , -0.990681 , 0
0.156786 , -0.987662 , 0
0.177098 , -0.984225 , 0
0.197335 , -0.980369 , 0
0.217489 , -0.976098 , 0
0.23755 , -0.971412 , 0
0.25751 , -0.966315 , 0
0.277361 , -0.960807 , 0
0.297094 , -0.954891 , 0
0.316701 , -0.948571 , 0
0.336174 , -0.941848 , 0
0.355504 , -0.934725 , 0
0.374684 , -0.927205 , 0
0.393704 , -0.919293 , 0
0.412558 , -0.91099 , 0
0.431236 , -0.9023 , 0
0.449731 , -0.893228 , 0
0.468036 , -0.883777 , 0
0.486141 , -0.87395 , 0
0.504041 , -0.863753 , 0
0.521727 , -0.85319 , 0
0.539191 , -0.842264 , 0
0.556427 , -0.830981 , 0
0.573426 , -0.819346 , 0
0.590183 , -0.807363 , 0
0.606689 , -0.795037 , 0
0.622937 , -0.782374 , 0
0.638921 , -0.769379 , 0
0.654634 , -0.756058 , 0
0.67007 , -0.742416 , 0
0.685221 , -0.728459 , 0
0.700081 , -0.714192 , 0
0.714644 , -0.699623 , 0
0.728905 , -0.684757 , 0
0.742856 , -0.669601 , 0
0.756491 , -0.654161 , 0
0.769806 , -0.638443 , 0
0.782795 , -0.622454 , 0
0.795451 , -0.606201 , 0
0.80777 , -0.589691 , 0
0.819746 , -0.57293 , 0
0.831374 , -0.555927 , 0
0.84265 , -0.538688 , 0
0.853568 , -0.52122 , 0
0.864124 , -0.503532 , 0
0.874314 , -0.485629 , 0
0.884132 , -0.467521 , 0
0.893576 , -0.449214 , 0
0.902641 , -0.430717 , 0
0.911322 , -0.412037 , 0
0.919618 , -0.393183 , 0
0.927523 , -0.374161 , 0
0.935034 , -0.354981 , 0
0.94215 , -0.33565 , 0
0.948865 , -0.316177 , 0
0.955178 , -0.29657 , 0
0.961086 , -0.276837 , 0
0.966586 , -0.256987 , 0
0.971676 , -0.237027 , 0
0.976355 , -0.216967 , 0
0.980619 , -0.196815 , 0
0.984467 , -0.17658 , 0
0.987897 , -0.15627 , 0
0.990909 , -0.135893 , 0
0.9935 , -0.115459 , 0
0.99567 , -0.0949757 , 0
0.997418 , -0.0744522 , 0
0.998743 , -0.0538971 , 0
0.999644 , -0.0333192 , 0
1.00012 , -0.0127272 , 0
1.00017 , 0.00787026 , 0
0.999803 , 0.0284644 , 0
0.999008 , 0.0490464 , 0
0.997789 , 0.0696076 , 0
0.996148 , 0.0901393 , 0
0.994083 , 0.110633 , 0
0.991598 , 0.131079 , 0
0.988691 , 0.15147 , 0
0.985366 , 0.171797 , 0
0.981622 , 0.192051 , 0
0.977463 , 0.212224 , 0
0.972889 , 0.232306 , 0
0.967902 , 0.25229 , 0
0.962505 , 0.272167 , 0
0.9567 , 0.291929 , 0
0.950489 , 0.311566 , 0
0.943875 , 0.331072 , 0
0.936861 , 0.350437 , 0
0.92945 , 0.369654 , 0
0.921644 , 0.388714 , 0
0.913448 , 0.407609 , 0
0.904865 , 0.426332 , 0
0.895898 , 0.444873 , 0
0.886551 , 0.463226 , 0
0.876828 , 0.481383 , 0
0.866733 , 0.499335 , 0
0.856271 , 0.517076 , 0
0.845446 , 0.534598 , 0
0.834263 , 0.551893 , 0
0.822725 , 0.568954 , 0
0.81084 , 0.585773 , 0
0.79861 , 0.602345 , 0
0.786041 , 0.618661 , 0
0.77314 , 0.634715 , 0
0.759911 , 0.650499 , 0
0.746359 , 0.666008 , 0
0.732491 , 0.681235 , 0
0.718313 , 0.696173 , 0
0.70383 , 0.710815 , 0
0.689049 , 0.725157 , 0
0.673976 , 0.739191 , 0
0.658617 , 0.752911 , 0
0.642978 , 0.766313 , 0
0.627068 , 0.779389 , 0
0.610891 , 0.792136 , 0
0.594456 , 0.804546 , 0
0.577768 , 0.816616 , 0
0.560836 , 0.828339 , 0
0.543665 , 0.839711 , 0
0.526265 , 0.850727 , 0
0.508641 , 0.861383 , 0
0.490802 , 0.871673 , 0
0.472755 , 0.881594 , 0
0.454507 , 0.891142 , 0
0.436067 , 0.900311 , 0
0.417442 , 0.909099 , 0
0.398639 , 0.917502 , 0
0.379668 , 0.925516 , 0
0.360536 , 0.933138 , 0
0.341252 , 0.940364 , 0
0.321822 , 0.947191 , 0
0.302256 , 0.953617 , 0
0.282563 , 0.959639 , 0
0.262749 , 0.965254 , 0
0.242824 , 0.97046 , 0
0.222796 , 0.975255 , 0
0.202673 , 0.979636 , 0
0.182465 , 0.983603 , 0
0.16218 , 0.987152 , 0
0.141825 , 0.990283 , 0
0.121411 , 0.992994 , 0
0.100945 , 0.995285 , 0
0.0804363 , 0.997153 , 0
0.0598935 , 0.9986 , 0
0.0393253 , 0.999622 , 0
0.0187405 , 1.00022 , 0
-0.00185223 , 1.0004 , 0
-0.0224442 , 1.00015 , 0
-0.0430267 , 0.999476 , 0
-0.0635909 , 0.99838 , 0
-0.0841282 , 0.996861 , 0
-0.10463 , 0.994919 , 0
-0.125087 , 0.992556 , 0
-0.145491 , 0.989772 , 0
-0.165834 , 0.986569 , 0
-0.186106 , 0.982947 , 0
-0.2063 , 0.978909 , 0
-0.226406 , 0.974456 , 0
-0.246416 , 0.969591 , 0
-0.266322 , 0.964314 , 0
-0.286114 , 0.958629 , 0
-0.305786 , 0.952537 , 0
-0.325328 , 0.946042 , 0
-0.344732 , 0.939146 , 0
-0.36399 , 0.931852 , 0
-0.383094 , 0.924163 , 0
-0.402035 , 0.916083 , 0
-0.420807 , 0.907614 , 0
-0.439399 , 0.89876 , 0
-0.457806 , 0.889526 , 0
-0.476018 , 0.879915 , 0
-0.494029 , 0.869931 , 0
-0.511831 , 0.859578 , 0
-0.529415 , 0.848861 , 0
-0.546776 , 0.837785 , 0
-0.563904 , 0.826353 , 0
-0.580794 , 0.814571 , 0
-0.597437 , 0.802444 , 0
-0.613828 , 0.789977 , 0
-0.629958 , 0.777175 , 0
-0.645821 , 0.764044 , 0
-0.661411 , 0.750589 , 0
-0.67672 , 0.736816 , 0
-0.691743 , 0.722731 , 0
-0.706472 , 0.70834 , 0
-0.720902 , 0.693648 , 0
-0.735027 , 0.678662 , 0
-0.74884 , 0.663389 , 0
-0.762336 , 0.647835 , 0
-0.775508 , 0.632006 , 0
-0.788352 , 0.61591 , 0
-0.800862 , 0.599552 , 0
-0.813033 , 0.58294 , 0
-0.824859 , 0.566082 , 0
-0.836336 , 0.548983 , 0
-0.847458 , 0.531652 , 0
-0.858221 , 0.514095 , 0
-0.86862 , 0.496321 , 0
-0.878652 , 0.478336 , 0
-0.888311 , 0.460149 , 0
-0.897593 , 0.441766 , 0
-0.906495 , 0.423197 , 0
-0.915013 , 0.404448 , 0
-0.923143 , 0.385528 , 0
-0.930882 , 0.366444 , 0
-0.938227 , 0.347205 , 0
-0.945174 , 0.327819 , 0
-0.95172 , 0.308294 , 0
-0.957863 , 0.288638 , 0
-0.963601 , 0.26886 , 0
-0.968929 , 0.248968 , 0
-0.973847 , 0.22897 , 0
-0.978353 , 0.208876 , 0
-0.982444 , 0.188693 , 0
-0.986118 , 0.16843 , 0
-0.989375 , 0.148096 , 0
-0.992212 , 0.127698 , 0
-0.994629 , 0.107247 , 0
-0.996624 , 0.0867505 , 0
-0.998197 , 0.066217 , 0
-0.999347 , 0.0456555 , 0
-1.00007 , 0.0250746 , 0
-1.00038 , 0.00448308 , 0
-1.00025 , -0.0161103 , 0
-0.999709 , -0.0366969 , 0
-0.99874 , -0.0572679 , 0
-0.997348 , -0.0778147 , 0
-0.995532 , -0.0983285 , 0
-0.993295 , -0.118801 , 0
-0.990637 , -0.139222 , 0
-0.98756 , -0.159585 , 0
-0.984063 , -0.17988 , 0
-0.98015 , -0.200099 , 0
-0.975821 , -0.220233 , 0
-0.971078 , -0.240274 , 0
-0.965924 , -0.260213 , 0
-0.960361 , -0.280041 , 0
-0.95439 , -0.299751 , 0
-0.948015 , -0.319334 , 0
-0.941238 , -0.338782 , 0
-0.934062 , -0.358085 , 0
-0.92649 , -0.377237 , 0
-0.918526 , -0.39623 , 0
-0.910172 , -0.415054 , 0
-0.901432 , -0.433702 , 0
-0.89231 , -0.452167 , 0
-0.88281 , -0.47044 , 0
-0.872936 , -0.488513 , 0
-0.862692 , -0.506379 , 0
-0.852082 , -0.524031 , 0
-0.841111 , -0.54146 , 0
-0.829783 , -0.55866 , 0
-0.818104 , -0.575624 , 0
-0.806078 , -0.592343 , 0
-0.79371 , -0.608811 , 0
-0.781005 , -0.625021 , 0
-0.76797 , -0.640966 , 0
-0.754609 , -0.656639 , 0
-0.740928 , -0.672034 , 0
-0.726933 , -0.687144 , 0
-0.712629 , -0.701963 , 0
-0.698024 , -0.716484 , 0
-0.683123 , -0.730701 , 0
-0.667932 , -0.744609 , 0
-0.652458 , -0.758201 , 0
-0.636707 , -0.771471 , 0
-0.620686 , -0.784415 , 0
-0.604402 , -0.797025 , 0
-0.587862 , -0.809298 , 0
-0.571073 , -0.821228 , 0
-0.554042 , -0.83281 , 0
-0.536775 , -0.844038 , 0
-0.519281 , -0.854909 , 0
-0.501567 , -0.865417 , 0
-0.48364 , -0.875558 , 0
-0.465509 , -0.885328 , 0
-0.447179 , -0.894722 , 0
-0.428661 , -0.903738 , 0
-0.40996 , -0.91237 , 0
-0.391086 , -0.920615 , 0
-0.372045 , -0.928469 , 0
-0.352847 , -0.935931 , 0
-0.3335 , -0.942995 , 0
-0.314011 , -0.949659 , 0
-0.294388 , -0.955921 , 0
-0.274641 , -0.961777 , 0
-0.254778 , -0.967225 , 0
-0.234806 , -0.972263 , 0
-0.214735 , -0.976889 , 0
-0.194573 , -0.981101 , 0
-0.174328 , -0.984897 , 0
-0.15401 , -0.988274 , 0
-0.133626 , -0.991233 , 0
-0.113185 , -0.993772 , 0
-0.0926966 , -0.995889 , 0
-0.0721687 , -0.997583 , 0
-0.0516102 , -0.998855 , 0
-0.0310298 , -0.999703 , 0
-0.0104362 , -1.00013 , 0
0.0101618 , -1.00013 , 0
0.0307555 , -0.999702 , 0
0.0513361 , -0.998854 , 0
0.071895 , -0.997582 , 0
0.0924234 , -0.995886 , 0
0.112913 , -0.993769 , 0
0.133354 , -0.99123 , 0
0.153739 , -0.98827 , 0
0.174058 , -0.984892 , 0
0.194304 , -0.981095 , 0
0.214467 , -0.976883 , 0
0.234539 , -0.972256 , 0
0.254512 , -0.967217 , 0
0.274377 , -0.961767 , 0
0.294126 , -0.95591 , 0
0.313749 , -0.949647 , 0
0.33324 , -0.942981 , 0
0.352589 , -0.935915 , 0
0.371789 , -0.928452 , 0
0.390831 , -0.920595 , 0
0.409707 , -0.912348 , 0
0.428409 , -0.903714 , 0
0.44693 , -0.894696 , 0
0.465261 , -0.885299 , 0
0.483395 , -0.875526 , 0
0.501323 , -0.865382 , 0
0.519039 , -0.854871 , 0
0.536535 , -0.843997 , 0
0.553803 , -0.832765 , 0
0.570837 , -0.82118 , 0
0.587628 , -0.809246 , 0
0.604169 , -0.796969 , 0
0.620455 , -0.784354 , 0
0.636477 , -0.771406 , 0
0.652229 , -0.758131 , 0
0.667704 , -0.744534 , 0
0.682897 , -0.730622 , 0
0.697799 , -0.716399 , 0
0.712405 , -0.701872 , 0
0.726709 , -0.687048 , 0
0.740705 , -0.671932 , 0
0.754387 , -0.656531 , 0
0.767748 , -0.640852 , 0
0.780784 , -0.6249 , 0
0.793488 , -0.608684 , 0
0.805856 , -0.592209 , 0
0.817882 , -0.575483 , 0
0.82956 , -0.558513 , 0
0.840887 , -0.541305 , 0
0.851857 , -0.523868 , 0
0.862466 , -0.506209 , 0
0.872708 , -0.488335 , 0
0.882581 , -0.470254 , 0
0.892078 , -0.451973 , 0
0.901198 , -0.433501 , 0
0.909934 , -0.414844 , 0
0.918285 , -0.396012 , 0
0.926246 , -0.377011 , 0
0.933814 , -0.35785 , 0
0.940986 , -0.338538 , 0
0.947758 , -0.319082 , 0
0.954129 , -0.299491 , 0
0.960094 , -0.279772 , 0
0.965652 , -0.259935 , 0
0.9708 , -0.239987 , 0
0.975537 , -0.219938 , 0
0.979859 , -0.199795 , 0
0.983766 , -0.179568 , 0
0.987255 , -0.159264 , 0
0.990325 , -0.138893 , 0
0.992975 , -0.118462 , 0
0.995203 , -0.0979819 , 0
0.997009 , -0.0774598 , 0
0.998392 , -0.0569049 , 0
0.999352 , -0.0363258 , 0
0.999887 , -0.0157313 , 0
0.999998 , 0.00486994 , 0
0.999684 , 0.0254691 , 0
0.998947 , 0.0460574 , 0
0.997785 , 0.0666262 , 0
0.9962 , 0.0871667 , 0
0.994192 , 0.10767 , 0
0.991763 , 0.128128 , 0
0.988912 , 0.148531 , 0
0.985642 , 0.168872 , 0
0.981953 , 0.189141 , 0
0.977848 , 0.209329 , 0
0.973328 , 0.229429 , 0
0.968394 , 0.249431 , 0
0.96305 , 0.269327 , 0
0.957297 , 0.289109 , 0
0.951138 , 0.308769 , 0
0.944575 , 0.328297 , 0
0.937611 , 0.347686 , 0
0.93025 , 0.366928 , 0
0.922493 , 0.386014 , 0
0.914345 , 0.404936 , 0
0.905809 , 0.423686 , 0
0.896889 , 0.442256 , 0
0.887588 , 0.460639 , 0
0.87791 , 0.478826 , 0
0.86786 , 0.49681 , 0
0.857441 , 0.514583 , 0
0.846659 , 0.532138 , 0
0.835517 , 0.549467 , 0
0.824021 , 0.566562 , 0
0.812175 , 0.583418 , 0
0.799984 , 0.600025 , 0
0.787454 , 0.616378 , 0
0.774589 , 0.63247 , 0
0.761396 , 0.648293 , 0
0.74788 , 0.663841 , 0
0.734047 , 0.679107 , 0
0.719901 , 0.694085 , 0
0.705451 , 0.708768 , 0
0.690701 , 0.723151 , 0
0.675658 , 0.737227 , 0
0.660328 , 0.75099 , 0
0.644718 , 0.764434 , 0
0.628834 , 0.777554 , 0
0.612683 , 0.790344 , 0
0.596273 , 0.802798 , 0
0.579609 , 0.814912 , 0
0.5627 , 0.82668 , 0
0.545551 , 0.838097 , 0
0.528172 , 0.849158 , 0
0.510568 , 0.85986 , 0
0.492747 , 0.870196 , 0
0.474717 , 0.880163 , 0
0.456486 , 0.889756 , 0
0.438061 , 0.898972 , 0
0.41945 , 0.907807 , 0
0.400662 , 0.916256 , 0
0.381703 , 0.924316 , 0
0.362582 , 0.931985 , 0
0.343307 , 0.939257 , 0
0.323887 , 0.946131 , 0
0.304329 , 0.952604 , 0
0.284642 , 0.958672 , 0
0.264835 , 0.964334 , 0
0.244915 , 0.969587 , 0
0.224891 , 0.974428 , 0
0.204771 , 0.978855 , 0
0.184565 , 0.982867 , 0
0.164281 , 0.986463 , 0
0.143926 , 0.989639 , 0
0.123511 , 0.992396 , 0
0.103043 , 0.994731 , 0
0.0825316 , 0.996645 , 0
0.0619851 , 0.998136 , 0
0.0414123 , 0.999203 , 0
0.0208219 , 0.999846 , 0
0.000222698 , 1.00007 , 0
-0.0203766 , 0.99986 , 0
-0.0409673 , 0.99923 , 0
-0.0615406 , 0.998177 , 0
-0.0820877 , 0.9967 , 0
-0.1026 , 0.9948 , 0
-0.123069 , 0.992478 , 0
-0.143486 , 0.989735 , 0
-0.163841 , 0.986572 , 0
-0.184127 , 0.98299 , 0
-0.204336 , 0.978992 , 0
-0.224457 , 0.974578 , 0
-0.244483 , 0.96975 , 0
-0.264406 , 0.964512 , 0
-0.284216 , 0.958864 , 0
-0.303906 , 0.952809 , 0
-0.323466 , 0.94635 , 0
-0.34289 , 0.939489 , 0
-0.362168 , 0.93223 , 0
-0.381293 , 0.924576 , 0
-0.400255 , 0.916529 , 0
-0.419048 , 0.908094 , 0
-0.437663 , 0.899273 , 0
-0.456093 , 0.890071 , 0
-0.474329 , 0.880491 , 0
-0.492364 , 0.870538 , 0
-0.51019 , 0.860215 , 0
-0.527799 , 0.849528 , 0
-0.545185 , 0.83848 , 0
-0.562339 , 0.827077 , 0
-0.579255 , 0.815322 , 0
-0.595925 , 0.803222 , 0
-0.612343 , 0.790782 , 0
-0.6285 , 0.778005 , 0
-0.644391 , 0.764899 , 0
-0.660009 , 0.751468 , 0
-0.675347 , 0.737719 , 0
-0.690398 , 0.723657 , 0
-0.705157 , 0.709287 , 0
-0.719616 , 0.694617 , 0
-0.73377 , 0.679653 , 0
-0.747613 , 0.6644 , 0
-0.761139 , 0.648865 , 0
-0.774343 , 0.633055 , 0
-0.787217 , 0.616977 , 0
-0.799758 , 0.600637 , 0
-0.81196 , 0.584042 , 0
-0.823817 , 0.567199 , 0
-0.835325 , 0.550116 , 0
-0.846479 , 0.5328 , 0
-0.857273 , 0.515258 , 0
-0.867705 , 0.497497 , 0
-0.877768 , 0.479525 , 0
-0.887459 , 0.46135 , 0
-0.896773 , 0.442979 , 0
-0.905708 , 0.42442 , 0
-0.914258 , 0.405682 , 0
-0.92242 , 0.386771 , 0
-0.930192 , 0.367697 , 0
-0.937569 , 0.348466 , 0
-0.944548 , 0.329088 , 0
-0.951127 , 0.30957 , 0
-0.957303 , 0.289921 , 0
-0.963072 , 0.270148 , 0
-0.968434 , 0.250262 , 0
-0.973384 , 0.230269 , 0
-0.977922 , 0.210179 , 0
-0.982045 , 0.189999 , 0
-0.985752 , 0.169739 , 0
-0.989041 , 0.149407 , 0
-0.991911 , 0.129012 , 0
-0.99436 , 0.108562 , 0
-0.996387 , 0.0880655 , 0
-0.997992 , 0.067532 , 0
-0.999174 , 0.0469699 , 0
-0.999932 , 0.0263879 , 0
-1.00027 , 0.00579475 , 0
-1.00018 , -0.0148009 , 0
-0.999663 , -0.0353903 , 0
-0.998725 , -0.0559646 , 0
-0.997364 , -0.0765153 , 0
-0.99558 , -0.0970335 , 0
-0.993374 , -0.117511 , 0
-0.990747 , -0.137938 , 0
-0.9877 , -0.158307 , 0
-0.984234 , -0.178608 , 0
-0.980351 , -0.198834 , 0
-0.976052 , -0.218976 , 0
-0.97134 , -0.239025 , 0
-0.966215 , -0.258972 , 0
-0.960682 , -0.27881 , 0
-0.954741 , -0.298529 , 0
-0.948395 , -0.318122 , 0
-0.941647 , -0.33758 , 0
-0.9345 , -0.356896 , 0
-0.926957 , -0.376059 , 0
-0.919021 , -0.395064 , 0
-0.910696 , -0.4139 , 0
-0.901984 , -0.432562 , 0
-0.89289 , -0.45104 , 0
-0.883418 , -0.469327 , 0
-0.873571 , -0.487415 , 0
-0.863354 , -0.505296 , 0
-0.852771 , -0.522963 , 0
-0.841826 , -0.540409 , 0
-0.830525 , -0.557625 , 0
-0.818872 , -0.574605 , 0
-0.806871 , -0.591342 , 0
-0.794529 , -0.607828 , 0
-0.78185 , -0.624056 , 0
-0.768839 , -0.64002 , 0
-0.755503 , -0.655713 , 0
-0.741846 , -0.671127 , 0
-0.727875 , -0.686257 , 0
-0.713595 , -0.701097 , 0
-0.699014 , -0.715639 , 0
-0.684135 , -0.729878 , 0
-0.668967 , -0.743807 , 0
-0.653515 , -0.757422 , 0
-0.637787 , -0.770715 , 0
-0.621788 , -0.783682 , 0
-0.605525 , -0.796316 , 0
-0.589006 , -0.808613 , 0
-0.572238 , -0.820568 , 0
-0.555226 , -0.832174 , 0
-0.53798 , -0.843428 , 0
-0.520505 , -0.854325 , 0
-0.50281 , -0.864859 , 0
-0.484902 , -0.875027 , 0
-0.466788 , -0.884824 , 0
-0.448477 , -0.894246 , 0
-0.429975 , -0.903289 , 0
-0.411291 , -0.91195 , 0
-0.392433 , -0.920224 , 0
-0.373409 , -0.928107 , 0
-0.354226 , -0.935598 , 0
-0.334893 , -0.942692 , 0
-0.315419 , -0.949387 , 0
-0.29581 , -0.955679 , 0
-0.276077 , -0.961566 , 0
-0.256226 , -0.967046 , 0
-0.236267 , -0.972116 , 0
-0.216207 , -0.976774 , 0
-0.196056 , -0.981018 , 0
-0.175822 , -0.984847 , 0
-0.155514 , -0.988258 , 0
-0.135139 , -0.99125 , 0
-0.114707 , -0.993822 , 0
-0.0942268 , -0.995973 , 0
-0.0737065 , -0.997702 , 0
-0.053155 , -0.999009 , 0
-0.0325809 , -0.999892 , 0
-0.011993 , -1.00035 , 0
0.00859994 , -1.00039 , 0
0.0291893 , -0.999997 , 0
0.0497662 , -0.999185 , 0
0.0703221 , -0.997949 , 0
0.0908481 , -0.99629 , 0
0.111336 , -0.99421 , 0
0.131776 , -0.991707 , 0
0.152161 , -0.988785 , 0
0.172481 , -0.985444 , 0
0.192728 , -0.981685 , 0
0.212893 , -0.97751 , 0
0.232968 , -0.97292 , 0
0.252944 , -0.967919 , 0
0.272814 , -0.962507 , 0
0.292567 , -0.956688 , 0
0.312197 , -0.950463 , 0
0.331694 , -0.943835 , 0
0.351051 , -0.936807 , 0
0.370259 , -0.929383 , 0
0.38931 , -0.921564 , 0
0.408196 , -0.913355 , 0
0.426909 , -0.904759 , 0
0.445441 , -0.89578 , 0
0.463785 , -0.886421 , 0
0.481932 , -0.876686 , 0
0.499874 , -0.86658 , 0
0.517605 , -0.856106 , 0
0.535117 , -0.84527 , 0
0.552402 , -0.834076 , 0
0.569452 , -0.822528 , 0
0.586262 , -0.810631 , 0
0.602823 , -0.798391 , 0
0.619128 , -0.785813 , 0
0.635171 , -0.772902 , 0
0.650945 , -0.759663 , 0
0.666443 , -0.746102 , 0
0.681659 , -0.732225 , 0
0.696585 , -0.718038 , 0
0.711217 , -0.703547 , 0
0.725547 , -0.688757 , 0
0.73957 , -0.673675 , 0
0.753279 , -0.658308 , 0
0.766669 , -0.642662 , 0
0.779734 , -0.626744 , 0
0.792469 , -0.61056 , 0
0.804868 , -0.594117 , 0
0.816925 , -0.577422 , 0
0.828637 , -0.560483 , 0
0.839997 , -0.543306 , 0
0.851001 , -0.525899 , 0
0.861645 , -0.508269 , 0
0.871924 , -0.490424 , 0
0.881832 , -0.472371 , 0
0.891368 , -0.454117 , 0
0.900525 , -0.435671 , 0
0.909301 , -0.417041 , 0
0.917691 , -0.398233 , 0
0.925693 , -0.379257 , 0
0.933302 , -0.360121 , 0
0.940515 , -0.340831 , 0
0.94733 , -0.321397 , 0
0.953743 , -0.301827 , 0
0.959753 , -0.282129 , 0
0.965355 , -0.262311 , 0
0.970548 , -0.242383 , 0
0.97533 , -0.222351 , 0
0.979698 , -0.202225 , 0
0.983651 , -0.182014 , 0
0.987187 , -0.161725 , 0
0.990305 , -0.141368 , 0
0.993003 , -0.120951 , 0
0.99528 , -0.100482 , 0
0.997135 , -0.0799712 , 0
0.998568 , -0.0594263 , 0
0.999577 , -0.0388562 , 0
1.00016 , -0.0182697 , 0
1.00032 , 0.00232464 , 0
1.00006 , 0.022918 , 0
0.999375 , 0.0435016 , 0
0.998265 , 0.0640667 , 0
0.996732 , 0.0846047 , 0
0.994776 , 0.105107 , 0
0.992399 , 0.125564 , 0
0.989601 , 0.145969 , 0
0.986383 , 0.166311 , 0
0.982747 , 0.186583 , 0
0.978695 , 0.206776 , 0
0.974227 , 0.226881 , 0
0.969347 , 0.24689 , 0
0.964056 , 0.266795 , 0
0.958356 , 0.286586 , 0
0.952249 , 0.306256 , 0
0.945739 , 0.325796 , 0
0.938828 , 0.345197 , 0
0.931519 , 0.364453 , 0
0.923815 , 0.383554 , 0
0.91572 , 0.402492 , 0
0.907236 , 0.42126 , 0
0.898367 , 0.439849 , 0
0.889118 , 0.458251 , 0
0.879491 , 0.476459 , 0
0.869492 , 0.494466 , 0
0.859124 , 0.512262 , 0
0.848391 , 0.529842 , 0
0.837299 , 0.547196 , 0
0.825852 , 0.564319 , 0
0.814055 , 0.581202 , 0
0.801912 , 0.597839 , 0
0.78943 , 0.614223 , 0
0.776613 , 0.630346 , 0
0.763466 , 0.646201 , 0
0.749996 , 0.661783 , 0
0.736208 , 0.677084 , 0
0.722107 , 0.692098 , 0
0.7077 , 0.706819 , 0
0.692994 , 0.721239 , 0
0.677993 , 0.735354 , 0
0.662705 , 0.749157 , 0
0.647135 , 0.762642 , 0
0.631292 , 0.775804 , 0
0.61518 , 0.788637 , 0
0.598808 , 0.801136 , 0
0.582182 , 0.813294 , 0
0.565308 , 0.825108 , 0
0.548195 , 0.836572 , 0
0.53085 , 0.847681 , 0
0.513279 , 0.85843 , 0
0.495491 , 0.868816 , 0
0.477493 , 0.878833 , 0
0.459292 , 0.888477 , 0
0.440896 , 0.897744 , 0
0.422313 , 0.906631 , 0
0.403551 , 0.915133 , 0
0.384618 , 0.923247 , 0
0.365522 , 0.930969 , 0
0.346271 , 0.938297 , 0
0.326873 , 0.945226 , 0
0.307336 , 0.951755 , 0
0.287669 , 0.957879 , 0
0.26788 , 0.963598 , 0
0.247977 , 0.968908 , 0
0.22797 , 0.973806 , 0
0.207865 , 0.978292 , 0
0.187672 , 0.982363 , 0
0.1674 , 0.986017 , 0
0.147056 , 0.989253 , 0
0.126651 , 0.992069 , 0
0.106191 , 0.994464 , 0
0.0856865 , 0.996437 , 0
0.0651456 , 0.997988 , 0
0.044577 , 0.999115 , 0
0.0239896 , 0.999819 , 0
0.00339193 , 1.0001 , 0
-0.0172071 , 0.999953 , 0
-0.0377989 , 0.999384 , 0
-0.0583747 , 0.998391 , 0
-0.0789256 , 0.996974 , 0
-0.0994431 , 0.995135 , 0
-0.119918 , 0.992873 , 0
-0.140343 , 0.99019 , 0
-0.160708 , 0.987087 , 0
-0.181004 , 0.983565 , 0
-0.201224 , 0.979626 , 0
-0.221359 , 0.975271 , 0
-0.241399 , 0.970502 , 0
-0.261338 , 0.965322 , 0
-0.281165 , 0.959732 , 0
-0.300873 , 0.953735 , 0
-0.320453 , 0.947333 , 0
-0.339898 , 0.940529 , 0
-0.359198 , 0.933326 , 0
-0.378346 , 0.925727 , 0
-0.397333 , 0.917736 , 0
-0.416152 , 0.909355 , 0
-0.434794 , 0.900588 , 0
-0.453251 , 0.891439 , 0
-0.471517 , 0.881912 , 0
-0.489582 , 0.87201 , 0
-0.507439 , 0.861739 , 0
-0.525082 , 0.851102 , 0
-0.542501 , 0.840103 , 0
-0.55969 , 0.828749 , 0
-0.576642 , 0.817042 , 0
-0.593349 , 0.804989 , 0
-0.609804 , 0.792595 , 0
-0.626 , 0.779864 , 0
-0.641931 , 0.766802 , 0
-0.65759 , 0.753415 , 0
-0.672969 , 0.739708 , 0
-0.688063 , 0.725687 , 0
-0.702864 , 0.711358 , 0
-0.717368 , 0.696727 , 0
-0.731567 , 0.681801 , 0
-0.745456 , 0.666585 , 0
-0.759028 , 0.651087 , 0
-0.772278 , 0.635312 , 0
-0.785201 , 0.619267 , 0
-0.79779 , 0.60296 , 0
-0.810041 , 0.586397 , 0
-0.821948 , 0.569585 , 0
-0.833506 , 0.552531 , 0
-0.844711 , 0.535243 , 0
-0.855557 , 0.517728 , 0
-0.86604 , 0.499993 , 0
-0.876155 , 0.482046 , 0
-0.885899 , 0.463894 , 0
-0.895267 , 0.445546 , 0
-0.904254 , 0.427008 , 0
-0.912858 , 0.408289 , 0
-0.921075 , 0.389397 , 0
-0.928901 , 0.370339 , 0
-0.936332 , 0.351125 , 0
-0.943366 , 0.331761 , 0
-0.95 , 0.312257 , 0
-0.956231 , 0.29262 , 0
-0.962056 , 0.272859 , 0
-0.967472 , 0.252982 , 0
-0.972478 , 0.232998 , 0
-0.977071 , 0.212915 , 0
-0.98125 , 0.192741 , 0
-0.985012 , 0.172486 , 0
-0.988356 , 0.152158 , 0
-0.991281 , 0.131765 , 0
-0.993785 , 0.111316 , 0
-0.995867 , 0.0908194 , 0
-0.997527 , 0.0702846 , 0
-0.998763 , 0.0497201 , 0
-0.999576 , 0.0291344 , 0
-0.999964 , 0.00853636 , 0
-0.999928 , -0.0120653 , 0
-0.999468 , -0.0326618 , 0
-0.998583 , -0.0532445 , 0
-0.997274 , -0.0738046 , 0
-0.995543 , -0.0943333 , 0
-0.993389 , -0.114822 , 0
-0.990813 , -0.135262 , 0
-0.987817 , -0.155645 , 0
-0.984401 , -0.175961 , 0
-0.980568 , -0.196203 , 0
-0.976319 , -0.216362 , 0
-0.971655 , -0.236428 , 0
-0.96658 , -0.256395 , 0
-0.961093 , -0.276253 , 0
-0.955199 , -0.295993 , 0
-0.9489 , -0.315608 , 0
-0.942198 , -0.335089 , 0
-0.935096 , -0.354427 , 0
-0.927597 , -0.373616 , 0
-0.919705 , -0.392645 , 0
-0.911422 , -0.411508 , 0
-0.902753 , -0.430197 , 0
-0.8937 , -0.448703 , 0
-0.884269 , -0.467018 , 0
-0.874462 , -0.485135 , 0
-0.864284 , -0.503047 , 0
-0.853739 , -0.520745 , 0
-0.842832 , -0.538222 , 0
-0.831567 , -0.55547 , 0
-0.819949 , -0.572483 , 0
-0.807984 , -0.589253 , 0
-0.795675 , -0.605773 , 0
-0.783029 , -0.622036 , 0
-0.770051 , -0.638035 , 0
-0.756745 , -0.653763 , 0
-0.743119 , -0.669214 , 0
-0.729178 , -0.68438 , 0
-0.714927 , -0.699257 , 0
-0.700372 , -0.713836 , 0
-0.685521 , -0.728113 , 0
-0.670378 , -0.742081 , 0
-0.654951 , -0.755734 , 0
-0.639247 , -0.769066 , 0
-0.623271 , -0.782072 , 0
-0.60703 , -0.794746 , 0
-0.590532 , -0.807083 , 0
-0.573784 , -0.819077 , 0
-0.556791 , -0.830724 , 0
-0.539563 , -0.842019 , 0
-0.522106 , -0.852956 , 0
-0.504427 , -0.863531 , 0
-0.486534 , -0.87374 , 0
-0.468435 , -0.883578 , 0
-0.450137 , -0.893042 , 0
-0.431648 , -0.902126 , 0
-0.412976 , -0.910828 , 0
-0.394129 , -0.919143 , 0
-0.375114 , -0.927068 , 0
-0.355941 , -0.9346 , 0
-0.336616 , -0.941735 , 0
-0.317149 , -0.948471 , 0
-0.297547 , -0.954805 , 0
-0.277818 , -0.960733 , 0
-0.257972 , -0.966254 , 0
-0.238017 , -0.971365 , 0
-0.21796 , -0.976064 , 0
-0.197811 , -0.980348 , 0
-0.177578 , -0.984217 , 0
-0.15727 , -0.987668 , 0
-0.136895 , -0.990701 , 0
-0.116462 , -0.993313 , 0
-0.0959796 , -0.995504 , 0
-0.0754564 , -0.997272 , 0
-0.0549012 , -0.998617 , 0
-0.0343228 , -0.999539 , 0
-0.0137298 , -1.00004 , 0
0.00686908 , -1.00011 , 0
0.027465 , -0.99976 , 0
0.0480493 , -0.998985 , 0
0.0686132 , -0.997786 , 0
0.089148 , -0.996164 , 0
0.109645 , -0.99412 , 0
0.130095 , -0.991654 , 0
0.150491 , -0.988768 , 0
0.170822 , -0.985462 , 0
0.191081 , -0.981738 , 0
0.211259 , -0.977597 , 0
0.231347 , -0.973042 , 0
0.251338 , -0.968074 , 0
0.271221 , -0.962696 , 0
0.29099 , -0.956909 , 0
0.310635 , -0.950717 , 0
0.330149 , -0.944121 , 0
0.349522 , -0.937125 , 0
0.368747 , -0.929732 , 0
0.387816 , -0.921944 , 0
0.40672 , -0.913765 , 0
0.425452 , -0.905198 , 0
0.444003 , -0.896248 , 0
0.462367 , -0.886918 , 0
0.480534 , -0.877211 , 0
0.498497 , -0.867133 , 0
0.516249 , -0.856687 , 0
0.533782 , -0.845877 , 0
0.551088 , -0.834709 , 0
0.568161 , -0.823187 , 0
0.584993 , -0.811315 , 0
0.601577 , -0.7991 , 0
0.617905 , -0.786546 , 0
0.633972 , -0.773658 , 0
0.64977 , -0.760442 , 0
0.665293 , -0.746904 , 0
0.680533 , -0.733049 , 0
0.695485 , -0.718884 , 0
0.710141 , -0.704413 , 0
0.724497 , -0.689644 , 0
0.738546 , -0.674582 , 0
0.752281 , -0.659234 , 0
0.765697 , -0.643607 , 0
0.778789 , -0.627707 , 0
0.791551 , -0.611541 , 0
0.803977 , -0.595115 , 0
0.816062 , -0.578437 , 0
0.827801 , -0.561514 , 0
0.839189 , -0.544353 , 0
0.850221 , -0.526961 , 0
0.860893 , -0.509346 , 0
0.8712 , -0.491515 , 0
0.881137 , -0.473475 , 0
0.890701 , -0.455234 , 0
0.899888 , -0.436801 , 0
0.908692 , -0.418182 , 0
0.917112 , -0.399387 , 0
0.925143 , -0.380421 , 0
0.932781 , -0.361295 , 0
0.940025 , -0.342015 , 0
0.946869 , -0.322591 , 0
0.953313 , -0.303029 , 0
0.959352 , -0.283339 , 0
0.964984 , -0.263529 , 0
0.970208 , -0.243608 , 0
0.97502 , -0.223583 , 0
0.979419 , -0.203463 , 0
0.983402 , -0.183257 , 0
0.986969 , -0.162974 , 0
0.990117 , -0.142621 , 0
0.992846 , -0.122208 , 0
0.995154 , -0.101743 , 0
0.99704 , -0.0812346 , 0
0.998504 , -0.0606921 , 0
0.999544 , -0.0401238 , 0
1.00016 , -0.0195386 , 0
1.00035 , 0.00105498 , 0
1.00012 , 0.0216481 , 0
0.999466 , 0.042232 , 0
0.998387 , 0.062798 , 0
0.996885 , 0.0833374 , 0
0.99496 , 0.103842 , 0
0.992614 , 0.124302 , 0
0.989847 , 0.144709 , 0
0.98666 , 0.165055 , 0
0.983056 , 0.185331 , 0
0.979034 , 0.205529 , 0
0.974598 , 0.225639 , 0
0.969748 , 0.245654 , 0
0.964488 , 0.265565 , 0
0.958819 , 0.285363 , 0
0.952743 , 0.30504 , 0
0.946264 , 0.324588 , 0
0.939383 , 0.343998 , 0
0.932105 , 0.363263 , 0
0.924431 , 0.382373 , 0
0.916366 , 0.401322 , 0
0.907912 , 0.4201 , 0
0.899074 , 0.438701 , 0
0.889854 , 0.457115 , 0
0.880258 , 0.475336 , 0
0.870288 , 0.493356 , 0
0.85995 , 0.511166 , 0
0.849247 , 0.528759 , 0
0.838184 , 0.546129 , 0
0.826766 , 0.563267 , 0
0.814998 , 0.580167 , 0
0.802884 , 0.59682 , 0
0.79043 , 0.613221 , 0
0.777641 , 0.629362 , 0
0.764522 , 0.645236 , 0
0.75108 , 0.660836 , 0
0.737319 , 0.676157 , 0
0.723246 , 0.691191 , 0
0.708866 , 0.705932 , 0
0.694186 , 0.720374 , 0
0.679212 , 0.734511 , 0
0.66395 , 0.748336 , 0
0.648406 , 0.761844 , 0
0.632588 , 0.77503 , 0
0.616501 , 0.787887 , 0
0.600154 , 0.80041 , 0
0.583552 , 0.812594 , 0
0.566703 , 0.824434 , 0
0.549614 , 0.835924 , 0
0.532291 , 0.84706 , 0
0.514743 , 0.857837 , 0
0.496978 , 0.868251 , 0
0.479001 , 0.878297 , 0
0.460822 , 0.88797 , 0
0.442447 , 0.897267 , 0
0.423885 , 0.906184 , 0
0.405143 , 0.914717 , 0
0.386229 , 0.922863 , 0
0.367152 , 0.930617 , 0
0.347919 , 0.937977 , 0
0.328539 , 0.94494 , 0
0.309019 , 0.951502 , 0
0.289369 , 0.95766 , 0
0.269596 , 0.963413 , 0
0.249709 , 0.968758 , 0
0.229715 , 0.973693 , 0
0.209625 , 0.978214 , 0
0.189446 , 0.982321 , 0
0.169186 , 0.986012 , 0
0.148855 , 0.989285 , 0
0.128461 , 0.992139 , 0
0.108012 , 0.994572 , 0
0.0875173 , 0.996584 , 0
0.0669857 , 0.998174 , 0
0.0464257 , 0.999341 , 0
0.025846 , 1.00008 , 0
0.00525542 , 1.0004 , 0
-0.0153374 , 1.0003 , 0
-0.0359238 , 0.99977 , 0
-0.0564949 , 0.998818 , 0
-0.0770421 , 0.997442 , 0
-0.0975567 , 0.995644 , 0
-0.11803 , 0.993424 , 0
-0.138453 , 0.990783 , 0
-0.158818 , 0.987722 , 0
-0.179115 , 0.984243 , 0
-0.199336 , 0.980346 , 0
-0.219473 , 0.976034 , 0
-0.239517 , 0.971308 , 0
-0.259459 , 0.966171 , 0
-0.279291 , 0.960624 , 0
-0.299005 , 0.954671 , 0
-0.318593 , 0.948312 , 0
-0.338045 , 0.941552 , 0
-0.357354 , 0.934392 , 0
-0.376512 , 0.926837 , 0
-0.39551 , 0.918889 , 0
-0.41434 , 0.910551 , 0
-0.432995 , 0.901828 , 0
-0.451466 , 0.892722 , 0
-0.469746 , 0.883238 , 0
-0.487827 , 0.87338 , 0
-0.505701 , 0.863151 , 0
-0.523361 , 0.852557 , 0
-0.540799 , 0.841602 , 0
-0.558007 , 0.830289 , 0
-0.57498 , 0.818625 , 0
-0.591708 , 0.806614 , 0
-0.608186 , 0.794261 , 0
-0.624406 , 0.781571 , 0
-0.640361 , 0.76855 , 0
-0.656045 , 0.755203 , 0
-0.671451 , 0.741537 , 0
-0.686572 , 0.727556 , 0
-0.701403 , 0.713266 , 0
-0.715936 , 0.698674 , 0
-0.730165 , 0.683786 , 0
-0.744085 , 0.668609 , 0
-0.75769 , 0.653147 , 0
-0.770973 , 0.637409 , 0
-0.78393 , 0.621401 , 0
-0.796555 , 0.60513 , 0
-0.808841 , 0.588602 , 0
-0.820785 , 0.571824 , 0
-0.832381 , 0.554804 , 0
-0.843624 , 0.537549 , 0
-0.85451 , 0.520066 , 0
-0.865033 , 0.502363 , 0
-0.87519 , 0.484446 , 0
-0.884976 , 0.466324 , 0
-0.894386 , 0.448005 , 0
-0.903417 , 0.429496 , 0
-0.912066 , 0.410804 , 0
-0.920328 , 0.391938 , 0
-0.928199 , 0.372907 , 0
-0.935677 , 0.353717 , 0
-0.942759 , 0.334377 , 0
-0.94944 , 0.314896 , 0
-0.95572 , 0.295281 , 0
-0.961594 , 0.27554 , 0
-0.96706 , 0.255683 , 0
-0.972117 , 0.235718 , 0
-0.976761 , 0.215653 , 0
-0.980991 , 0.195496 , 0
-0.984805 , 0.175256 , 0
-0.988202 , 0.154942 , 0
-0.99118 , 0.134562 , 0
-0.993737 , 0.114126 , 0
-0.995873 , 0.0936406 , 0
-0.997587 , 0.0731158 , 0
-0.998878 , 0.05256 , 0
-0.999746 , 0.0319819 , 0
-1.00019 , 0.0113902 , 0
-1.00021 , -0.00920627 , 0
-0.999804 , -0.0297989 , 0
-0.998975 , -0.0503788 , 0
-0.997723 , -0.0709374 , 0
-0.996048 , -0.0914659 , 0
-0.99395 , -0.111956 , 0
-0.991431 , -0.132398 , 0
-0.988492 , -0.152784 , 0
-0.985133 , -0.173105 , 0
-0.981357 , -0.193353 , 0
-0.977164 , -0.213519 , 0
-0.972558 , -0.233595 , 0
-0.967538 , -0.253571 , 0
-0.962109 , -0.27344 , 0
-0.956271 , -0.293192 , 0
-0.950028 , -0.312821 , 0
-0.943382 , -0.332317 , 0
-0.936336 , -0.351672 , 0
-0.928892 , -0.370877 , 0
-0.921055 , -0.389926 , 0
-0.912828 , -0.408809 , 0
-0.904213 , -0.427519 , 0
-0.895214 , -0.446047 , 0
-0.885836 , -0.464386 , 0
-0.876082 , -0.482529 , 0
-0.865957 , -0.500466 , 0
-0.855465 , -0.518192 , 0
-0.844609 , -0.535697 , 0
-0.833395 , -0.552976 , 0
-0.821828 , -0.57002 , 0
-0.809913 , -0.586822 , 0
-0.797653 , -0.603375 , 0
-0.785056 , -0.619672 , 0
-0.772125 , -0.635707 , 0
-0.758867 , -0.651471 , 0
-0.745287 , -0.66696 , 0
-0.731391 , -0.682165 , 0
-0.717185 , -0.697081 , 0
-0.702675 , -0.711702 , 0
-0.687866 , -0.726021 , 0
-0.672766 , -0.740031 , 0
-0.65738 , -0.753728 , 0
-0.641715 , -0.767105 , 0
-0.625778 , -0.780156 , 0
-0.609576 , -0.792877 , 0
-0.593115 , -0.805261 , 0
-0.576403 , -0.817304 , 0
-0.559446 , -0.829 , 0
-0.542252 , -0.840344 , 0
-0.524827 , -0.851332 , 0
-0.50718 , -0.861959 , 0
-0.489318 , -0.87222 , 0
-0.471248 , -0.882111 , 0
-0.452979 , -0.891627 , 0
-0.434517 , -0.900766 , 0
-0.415871 , -0.909522 , 0
-0.397048 , -0.917893 , 0
-0.378057 , -0.925874 , 0
-0.358905 , -0.933462 , 0
-0.339602 , -0.940654 , 0
-0.320154 , -0.947447 , 0
-0.30057 , -0.953838 , 0
-0.280859 , -0.959825 , 0
-0.261029 , -0.965404 , 0
-0.241088 , -0.970573 , 0
-0.221044 , -0.975331 , 0
-0.200907 , -0.979675 , 0
-0.180685 , -0.983603 , 0
-0.160386 , -0.987114 , 0
-0.140018 , -0.990206 , 0
-0.119592 , -0.992878 , 0
-0.0991146 , -0.995129 , 0
-0.0785953 , -0.996958 , 0
-0.0580426 , -0.998363 , 0
-0.0374653 , -0.999345 , 0
-0.0168721 , -0.999903 , 0
0.00372828 , -1.00004 , 0
0.0243271 , -0.999745 , 0
0.0449155 , -0.99903 , 0
0.0654849 , -0.997891 , 0
0.0860265 , -0.996329 , 0
0.106532 , -0.994344 , 0
0.126992 , -0.991937 , 0
0.147398 , -0.989109 , 0
0.167741 , -0.985861 , 0
0.188013 , -0.982195 , 0
0.208206 , -0.978112 , 0
0.22831 , -0.973614 , 0
0.248317 , -0.968703 , 0
0.268219 , -0.963381 , 0
0.288007 , -0.95765 , 0
0.307673 , -0.951512 , 0
0.327208 , -0.944971 , 0
0.346605 , -0.938029 , 0
0.365854 , -0.930689 , 0
0.384948 , -0.922954 , 0
0.403879 , -0.914827 , 0
0.422638 , -0.906312 , 0
0.441218 , -0.897412 , 0
0.459611 , -0.888132 , 0
0.477809 , -0.878474 , 0
0.495804 , -0.868444 , 0
0.513588 , -0.858046 , 0
0.531155 , -0.847283 , 0
0.548496 , -0.83616 , 0
0.565605 , -0.824683 , 0
0.582473 , -0.812856 , 0
0.599094 , -0.800684 , 0
0.615461 , -0.788172 , 0
0.631567 , -0.775325 , 0
0.647405 , -0.76215 , 0
0.662968 , -0.748651 , 0
0.678249 , -0.734834 , 0
0.693243 , -0.720706 , 0
0.707943 , -0.706271 , 0
0.722342 , -0.691537 , 0
0.736434 , -0.67651 , 0
0.750215 , -0.661195 , 0
0.763676 , -0.6456 , 0
0.776814 , -0.62973 , 0
0.789622 , -0.613594 , 0
0.802095 , -0.597197 , 0
0.814227 , -0.580547 , 0
0.826014 , -0.56365 , 0
0.83745 , -0.546514 , 0
0.848531 , -0.529146 , 0
0.859252 , -0.511554 , 0
0.869608 , -0.493744 , 0
0.879595 , -0.475725 , 0
0.889209 , -0.457504 , 0
0.898446 , -0.439089 , 0
0.907301 , -0.420488 , 0
0.915771 , -0.401708 , 0
0.923853 , -0.382757 , 0
0.931542 , -0.363645 , 0
0.938836 , -0.344378 , 0
0.945732 , -0.324964 , 0
0.952226 , -0.305413 , 0
0.958317 , -0.285732 , 0
0.964 , -0.26593 , 0
0.969275 , -0.246015 , 0
0.974138 , -0.225996 , 0
0.978588 , -0.205881 , 0
0.982622 , -0.185678 , 0
0.98624 , -0.165397 , 0
0.989439 , -0.145045 , 0
0.992218 , -0.124632 , 0
0.994576 , -0.104166 , 0
0.996512 , -0.0836561 , 0
0.998025 , -0.0631104 , 0
0.999114 , -0.0425379 , 0
0.99978 , -0.0219474 , 0
1.00002 , -0.00134754 , 0
0.999838 , 0.0192529 , 0
0.999231 , 0.0398451 , 0
0.998199 , 0.0604205 , 0
0.996744 , 0.0809702 , 0
0.994866 , 0.101486 , 0
0.992566 , 0.121958 , 0
0.989845 , 0.142378 , 0
0.986704 , 0.162738 , 0
0.983144 , 0.183029 , 0
0.979167 , 0.203243 , 0
0.974774 , 0.22337 , 0
0.969968 , 0.243402 , 0
0.96475 , 0.263331 , 0
0.959123 , 0.283149 , 0
0.953089 , 0.302846 , 0
0.94665 , 0.322415 , 0
0.93981 , 0.341847 , 0
0.932571 , 0.361133 , 0
0.924936 , 0.380267 , 0
0.916909 , 0.399239 , 0
0.908493 , 0.418042 , 0
0.899691 , 0.436668 , 0
0.890508 , 0.455108 , 0
0.880946 , 0.473355 , 0
0.871011 , 0.491401 , 0
0.860707 , 0.509239 , 0
0.850037 , 0.526861 , 0
0.839006 , 0.544259 , 0
0.82762 , 0.561426 , 0
0.815883 , 0.578355 , 0
0.803799 , 0.595039 , 0
0.791374 , 0.61147 , 0
0.778614 , 0.627642 , 0
0.765523 , 0.643548 , 0
0.752107 , 0.65918 , 0
0.738373 , 0.674533 , 0
0.724325 , 0.6896 , 0
0.70997 , 0.704374 , 0
0.695313 , 0.718849 , 0
0.680362 , 0.73302 , 0
0.665122 , 0.746879 , 0
0.6496 , 0.760422 , 0
0.633802 , 0.773642 , 0
0.617736 , 0.786533 , 0
0.601407 , 0.799091 , 0
0.584823 , 0.811311 , 0
0.567991 , 0.823186 , 0
0.550918 , 0.834711 , 0
0.533612 , 0.845883 , 0
0.516079 , 0.856696 , 0
0.498327 , 0.867145 , 0
0.480364 , 0.877227 , 0
0.462197 , 0.886937 , 0
0.443834 , 0.89627 , 0
0.425283 , 0.905223 , 0
0.406552 , 0.913792 , 0
0.387648 , 0.921974 , 0
0.368579 , 0.929764 , 0
0.349354 , 0.937161 , 0
0.329981 , 0.944159 , 0
0.310468 , 0.950757 , 0
0.290824 , 0.956952 , 0
0.271056 , 0.962742 , 0
0.251173 , 0.968122 , 0
0.231183 , 0.973092 , 0
0.211096 , 0.97765 , 0
0.190919 , 0.981793 , 0
0.170661 , 0.985519 , 0
0.150331 , 0.988828 , 0
0.129936 , 0.991717 , 0
0.109487 , 0.994185 , 0
0.0889915 , 0.996232 , 0
0.0684581 , 0.997856 , 0
0.0478956 , 0.999058 , 0
0.0273128 , 0.999835 , 0
0.0067185 , 1.00019 , 0
-0.0138787 , 1.00012 , 0
-0.03447 , 0.999623 , 0
-0.0550467 , 0.998705 , 0
-0.0756001 , 0.997362 , 0
-0.0961213 , 0.995597 , 0
-0.116602 , 0.99341 , 0
-0.137033 , 0.990801 , 0
-0.157406 , 0.987773 , 0
-0.177712 , 0.984325 , 0
-0.197943 , 0.98046 , 0
-0.21809 , 0.97618 , 0
-0.238144 , 0.971485 , 0
-0.258098 , 0.966379 , 0
-0.277942 , 0.960862 , 0
-0.297668 , 0.954939 , 0
-0.317268 , 0.94861 , 0
-0.336734 , 0.941879 , 0
-0.356056 , 0.934749 , 0
-0.375228 , 0.927223 , 0
-0.394241 , 0.919303 , 0
-0.413086 , 0.910994 , 0
-0.431757 , 0.902298 , 0
-0.450244 , 0.89322 , 0
-0.46854 , 0.883763 , 0
-0.486638 , 0.873932 , 0
-0.50453 , 0.86373 , 0
-0.522207 , 0.853162 , 0
-0.539663 , 0.842232 , 0
-0.556891 , 0.830945 , 0
-0.573882 , 0.819306 , 0
-0.59063 , 0.807319 , 0
-0.607128 , 0.79499 , 0
-0.623368 , 0.782324 , 0
-0.639344 , 0.769327 , 0
-0.655049 , 0.756003 , 0
-0.670476 , 0.742359 , 0
-0.685619 , 0.7284 , 0
-0.700471 , 0.714133 , 0
-0.715027 , 0.699562 , 0
-0.729279 , 0.684696 , 0
-0.743222 , 0.669538 , 0
-0.756851 , 0.654098 , 0
-0.770158 , 0.638379 , 0
-0.783139 , 0.622391 , 0
-0.795788 , 0.606138 , 0
-0.808099 , 0.589629 , 0
-0.820068 , 0.572869 , 0
-0.83169 , 0.555867 , 0
-0.842959 , 0.538629 , 0
-0.85387 , 0.521163 , 0
-0.86442 , 0.503476 , 0
-0.874604 , 0.485575 , 0
-0.884416 , 0.467469 , 0
-0.893854 , 0.449164 , 0
-0.902913 , 0.43067 , 0
-0.911589 , 0.411992 , 0
-0.919879 , 0.39314 , 0
-0.927779 , 0.374122 , 0
-0.935285 , 0.354944 , 0
-0.942396 , 0.335617 , 0
-0.949107 , 0.316147 , 0
-0.955415 , 0.296543 , 0
-0.961319 , 0.276814 , 0
-0.966815 , 0.256967 , 0
-0.971902 , 0.237011 , 0
-0.976577 , 0.216955 , 0
-0.980837 , 0.196807 , 0
-0.984682 , 0.176575 , 0
-0.98811 , 0.156269 , 0
-0.991119 , 0.135896 , 0
-0.993708 , 0.115466 , 0
-0.995876 , 0.0949866 , 0
-0.997622 , 0.0744672 , 0
-0.998945 , 0.0539162 , 0
-0.999844 , 0.0333424 , 0
-1.00032 , 0.0127544 , 0
-1.00037 , -0.00783892 , 0
-1 , -0.028429 , 0
-0.999204 , -0.0490069 , 0
-0.997985 , -0.0695642 , 0
-0.996343 , -0.0900919 , 0
-0.994279 , -0.110581 , 0
-0.991793 , -0.131024 , 0
-0.988887 , -0.151411 , 0
-0.985562 , -0.171734 , 0
-0.981819 , -0.191985 , 0
-0.97766 , -0.212153 , 0
-0.973087 , -0.232232 , 0
-0.968102 , -0.252213 , 0
-0.962706 , -0.272087 , 0
-0.956902 , -0.291845 , 0
-0.950693 , -0.31148 , 0
-0.944081 , -0.330982 , 0
-0.937069 , -0.350345 , 0
-0.92966 , -0.369559 , 0
-0.921857 , -0.388616 , 0
-0.913663 , -0.407509 , 0
-0.905082 , -0.426229 , 0
-0.896117 , -0.444768 , 0
-0.886773 , -0.463119 , 0
-0.877053 , -0.481274 , 0
-0.866961 , -0.499225 , 0
-0.856502 , -0.516964 , 0
-0.84568 , -0.534484 , 0
-0.8345 , -0.551778 , 0
-0.822966 , -0.568837 , 0
-0.811083 , -0.585656 , 0
-0.798857 , -0.602227 , 0
-0.786292 , -0.618542 , 0
-0.773393 , -0.634595 , 0
-0.760167 , -0.65038 , 0
-0.746619 , -0.665888 , 0
-0.732755 , -0.681115 , 0
-0.71858 , -0.696053 , 0
-0.704101 , -0.710696 , 0
-0.689323 , -0.725038 , 0
-0.674253 , -0.739072 , 0
-0.658897 , -0.752794 , 0
-0.643263 , -0.766196 , 0
-0.627355 , -0.779274 , 0
-0.611182 , -0.792021 , 0
-0.59475 , -0.804433 , 0
-0.578065 , -0.816504 , 0
-0.561136 , -0.828229 , 0
-0.543969 , -0.839603 , 0
-0.526572 , -0.850621 , 0
-0.508951 , -0.861279 , 0
-0.491114 , -0.871572 , 0
-0.47307 , -0.881495 , 0
-0.454825 , -0.891045 , 0
-0.436387 , -0.900217 , 0
-0.417765 , -0.909008 , 0
-0.398965 , -0.917414 , 0
-0.379996 , -0.925431 , 0
-0.360866 , -0.933055 , 0
-0.341584 , -0.940284 , 0
-0.322156 , -0.947115 , 0
-0.302592 , -0.953544 , 0
-0.2829 , -0.95957 , 0
-0.263088 , -0.965188 , 0
-0.243164 , -0.970398 , 0
-0.223138 , -0.975196 , 0
-0.203016 , -0.979581 , 0
-0.182809 , -0.983551 , 0
-0.162524 , -0.987104 , 0
-0.142171 , -0.990239 , 0
-0.121757 , -0.992954 , 0
-0.101292 , -0.995248 , 0
-0.0807832 , -0.997121 , 0
-0.0602405 , -0.998571 , 0
-0.0396724 , -0.999597 , 0
-0.0190874 , -1.0002 , 0
0.00150566 , -1.00038 , 0
0.0220981 , -1.00013 , 0
0.0426811 , -0.999466 , 0
0.0632461 , -0.998374 , 0
0.0837843 , -0.996858 , 0
0.104287 , -0.99492 , 0
0.124745 , -0.99256 , 0
0.145151 , -0.98978 , 0
0.165495 , -0.98658 , 0
0.185769 , -0.982962 , 0
0.205964 , -0.978928 , 0
0.226072 , -0.974478 , 0
0.246084 , -0.969615 , 0
0.265992 , -0.964342 , 0
0.285787 , -0.958659 , 0
0.305461 , -0.952571 , 0
0.325005 , -0.946078 , 0
0.344412 , -0.939185 , 0
0.363672 , -0.931893 , 0
0.382779 , -0.924207 , 0
0.401723 , -0.916129 , 0
0.420497 , -0.907662 , 0
0.439093 , -0.898811 , 0
0.457502 , -0.889578 , 0
0.475718 , -0.879969 , 0
0.493732 , -0.869986 , 0
0.511537 , -0.859635 , 0
0.529125 , -0.848919 , 0
0.546488 , -0.837844 , 0
0.56362 , -0.826413 , 0
0.580513 , -0.814632 , 0
0.59716 , -0.802505 , 0
0.613554 , -0.790039 , 0
0.629687 , -0.777237 , 0
0.645554 , -0.764106 , 0
0.661147 , -0.750651 , 0
0.67646 , -0.736878 , 0
0.691486 , -0.722793 , 0
0.706218 , -0.7084 , 0
0.720652 , -0.693708 , 0
0.734779 , -0.678722 , 0
0.748596 , -0.663447 , 0
0.762095 , -0.647892 , 0
0.77527 , -0.632062 , 0
0.788118 , -0.615964 , 0
0.80063 , -0.599604 , 0
0.812804 , -0.582991 , 0
0.824633 , -0.56613 , 0
0.836112 , -0.549029 , 0
0.847237 , -0.531695 , 0
0.858002 , -0.514136 , 0
0.868404 , -0.496359 , 0
0.878437 , -0.478372 , 0
0.888098 , -0.460182 , 0
0.897383 , -0.441796 , 0
0.906287 , -0.423223 , 0
0.914806 , -0.404471 , 0
0.922938 , -0.385547 , 0
0.930678 , -0.36646 , 0
0.938024 , -0.347218 , 0
0.944972 , -0.327828 , 0
0.951519 , -0.308299 , 0
0.957663 , -0.288639 , 0
0.9634 , -0.268857 , 0
0.968729 , -0.248961 , 0
0.973648 , -0.228959 , 0
0.978153 , -0.208861 , 0
0.982243 , -0.188673 , 0
0.985917 , -0.168406 , 0
0.989173 , -0.148067 , 0
0.992009 , -0.127666 , 0
0.994425 , -0.10721 , 0
0.996419 , -0.0867089 , 0
0.99799 , -0.066171 , 0
0.999138 , -0.0456051 , 0
0.999862 , -0.0250197 , 0
1.00016 , -0.00442379 , 0
1.00004 , 0.016174 , 0
0.99949 , 0.036765 , 0
0.998518 , 0.0573403 , 0
0.997123 , 0.0778914 , 0
0.995304 , 0.0984094 , 0
0.993063 , 0.118886 , 0
0.990401 , 0.139311 , 0
0.987319 , 0.159678 , 0
0.983819 , 0.179977 , 0
0.9799 , 0.2002 , 0
0.975567 , 0.220338 , 0
0.970819 , 0.240382 , 0
0.96566 , 0.260324 , 0
0.960091 , 0.280156 , 0
0.954115 , 0.299869 , 0
0.947734 , 0.319455 , 0
0.940951 , 0.338905 , 0
0.933768 , 0.358212 , 0
0.92619 , 0.377367 , 0
0.918219 , 0.396361 , 0
0.909858 , 0.415188 , 0
0.901112 , 0.433838 , 0
0.891983 , 0.452304 , 0
0.882475 , 0.470578 , 0
0.872594 , 0.488653 , 0
0.862342 , 0.50652 , 0
0.851724 , 0.524173 , 0
0.840745 , 0.541603 , 0
0.829409 , 0.558803 , 0
0.817721 , 0.575767 , 0
0.805687 , 0.592486 , 0
0.79331 , 0.608953 , 0
0.780597 , 0.625163 , 0
0.767553 , 0.641107 , 0
0.754183 , 0.656779 , 0
0.740494 , 0.672172 , 0
0.72649 , 0.687281 , 0
0.712178 , 0.702097 , 0
0.697563 , 0.716616 , 0
0.682653 , 0.730831 , 0
0.667453 , 0.744735 , 0
0.65197 , 0.758324 , 0
0.63621 , 0.771591 , 0
0.62018 , 0.78453 , 0
0.603887 , 0.797137 , 0
0.587338 , 0.809405 , 0
0.57054 , 0.82133 , 0
0.5535 , 0.832906 , 0
0.536224 , 0.844129 , 0
0.518722 , 0.854994 , 0
0.500999 , 0.865496 , 0
0.483063 , 0.875631 , 0
0.464923 , 0.885394 , 0
0.446585 , 0.894782 , 0
0.428058 , 0.90379 , 0
0.409349 , 0.912414 , 0
0.390466 , 0.920651 , 0
0.371418 , 0.928498 , 0
0.352212 , 0.93595 , 0
0.332857 , 0.943006 , 0
0.31336 , 0.949661 , 0
0.293731 , 0.955913 , 0
0.273977 , 0.96176 , 0
0.254106 , 0.967198 , 0
0.234128 , 0.972226 , 0
0.21405 , 0.976842 , 0
0.193882 , 0.981042 , 0
0.173631 , 0.984827 , 0
0.153307 , 0.988194 , 0
0.132917 , 0.991141 , 0
0.112471 , 0.993668 , 0
0.0919776 , 0.995773 , 0
0.0714449 , 0.997455 , 0
0.050882 , 0.998714 , 0
0.0302974 , 0.99955 , 0
0.00969996 , 0.999961 , 0
-0.0109016 , 0.999948 , 0
-0.0314985 , 0.99951 , 0
-0.052082 , 0.998648 , 0
-0.0726435 , 0.997363 , 0
-0.0931741 , 0.995654 , 0
-0.113665 , 0.993523 , 0
-0.134108 , 0.99097 , 0
-0.154494 , 0.987996 , 0
-0.174814 , 0.984604 , 0
-0.19506 , 0.980793 , 0
-0.215224 , 0.976566 , 0
-0.235296 , 0.971925 , 0
-0.255268 , 0.966871 , 0
-0.275132 , 0.961407 , 0
-0.294879 , 0.955535 , 0
-0.314501 , 0.949257 , 0
-0.33399 , 0.942577 , 0
-0.353336 , 0.935496 , 0
-0.372533 , 0.928019 , 0
-0.391572 , 0.920148 , 0
-0.410444 , 0.911886 , 0
-0.429143 , 0.903237 , 0
-0.447659 , 0.894205 , 0
-0.465985 , 0.884793 , 0
-0.484114 , 0.875006 , 0
-0.502037 , 0.864848 , 0
-0.519747 , 0.854322 , 0
-0.537236 , 0.843434 , 0
-0.554497 , 0.832188 , 0
-0.571524 , 0.820589 , 0
-0.588307 , 0.808642 , 0
-0.604841 , 0.796351 , 0
-0.621118 , 0.783723 , 0
-0.637132 , 0.770762 , 0
-0.652875 , 0.757473 , 0
-0.668341 , 0.743864 , 0
-0.683524 , 0.729938 , 0
-0.698416 , 0.715703 , 0
-0.713012 , 0.701164 , 0
-0.727306 , 0.686328 , 0
-0.741291 , 0.6712 , 0
-0.754961 , 0.655788 , 0
-0.768311 , 0.640097 , 0
-0.781335 , 0.624135 , 0
-0.794027 , 0.607908 , 0
-0.806382 , 0.591422 , 0
-0.818395 , 0.574686 , 0
-0.830061 , 0.557706 , 0
-0.841375 , 0.540489 , 0
-0.852331 , 0.523043 , 0
-0.862926 , 0.505375 , 0
-0.873155 , 0.487493 , 0
-0.883013 , 0.469403 , 0
-0.892496 , 0.451115 , 0
-0.901601 , 0.432635 , 0
-0.910323 , 0.413971 , 0
-0.918659 , 0.395132 , 0
-0.926605 , 0.376125 , 0
-0.934158 , 0.356958 , 0
-0.941314 , 0.33764 , 0
-0.948072 , 0.318179 , 0
-0.954426 , 0.298583 , 0
-0.960376 , 0.27886 , 0
-0.965918 , 0.259019 , 0
-0.971051 , 0.239067 , 0
-0.975771 , 0.219015 , 0
-0.980077 , 0.198869 , 0
-0.983968 , 0.178639 , 0
-0.987441 , 0.158334 , 0
-0.990495 , 0.137961 , 0
-0.993128 , 0.117529 , 0
-0.995341 , 0.0970478 , 0
-0.997131 , 0.0765252 , 0
-0.998497 , 0.0559703 , 0
-0.999441 , 0.0353915 , 0
-0.99996 , 0.0147978 , 0
-1.00005 , -0.00580225 , 0
-0.999726 , -0.0263998 , 0
-0.998972 , -0.0469862 , 0
-0.997795 , -0.0675526 , 0
-0.996194 , -0.0880904 , 0
-0.994171 , -0.108591 , 0
-0.991726 , -0.129045 , 0
-0.98886 , -0.149445 , 0
-0.985574 , -0.169781 , 0
-0.981871 , -0.190045 , 0
-0.977751 , -0.210229 , 0
-0.973216 , -0.230323 , 0
-0.968268 , -0.250319 , 0
-0.96291 , -0.27021 , 0
-0.957143 , -0.289986 , 0
-0.95097 , -0.309638 , 0
-0.944393 , -0.32916 , 0
-0.937416 , -0.348542 , 0
-0.930041 , -0.367776 , 0
-0.922272 , -0.386854 , 0
-0.914111 , -0.405767 , 0
-0.905563 , -0.424509 , 0
-0.896631 , -0.443071 , 0
-0.887318 , -0.461444 , 0
-0.877629 , -0.479622 , 0
-0.867567 , -0.497597 , 0
-0.857138 , -0.51536 , 0
-0.846345 , -0.532905 , 0
-0.835193 , -0.550224 , 0
-0.823686 , -0.567309 , 0
-0.811831 , -0.584154 , 0
-0.799631 , -0.600751 , 0
-0.787091 , -0.617093 , 0
-0.774218 , -0.633173 , 0
-0.761017 , -0.648985 , 0
-0.747493 , -0.664522 , 0
-0.733651 , -0.679776 , 0
-0.719499 , -0.694743 , 0
-0.705042 , -0.709415 , 0
-0.690285 , -0.723785 , 0
-0.675236 , -0.737849 , 0
-0.6599 , -0.7516 , 0
-0.644284 , -0.765033 , 0
-0.628395 , -0.77814 , 0
-0.61224 , -0.790918 , 0
-0.595825 , -0.80336 , 0
-0.579157 , -0.815462 , 0
-0.562244 , -0.827218 , 0
-0.545092 , -0.838623 , 0
-0.52771 , -0.849672 , 0
-0.510103 , -0.860361 , 0
-0.49228 , -0.870685 , 0
-0.474248 , -0.88064 , 0
-0.456015 , -0.890222 , 0
-0.437589 , -0.899426 , 0
-0.418977 , -0.908249 , 0
-0.400188 , -0.916686 , 0
-0.381229 , -0.924735 , 0
-0.362108 , -0.932391 , 0
-0.342833 , -0.939653 , 0
-0.323414 , -0.946515 , 0
-0.303857 , -0.952977 , 0
-0.284171 , -0.959034 , 0
-0.264365 , -0.964685 , 0
-0.244447 , -0.969927 , 0
-0.224425 , -0.974757 , 0
-0.204308 , -0.979175 , 0
-0.184104 , -0.983177 , 0
-0.163822 , -0.986762 , 0
-0.143471 , -0.989928 , 0
-0.123059 , -0.992676 , 0
-0.102595 , -0.995002 , 0
-0.0820868 , -0.996906 , 0
-0.0615443 , -0.998388 , 0
-0.0409757 , -0.999446 , 0
-0.0203897 , -1.00008 , 0
0.00020498 , -1.00029 , 0
0.0207995 , -1.00008 , 0
0.0413853 , -0.999441 , 0
0.0619535 , -0.99838 , 0
0.0824954 , -0.996895 , 0
0.103002 , -0.994988 , 0
0.123466 , -0.99266 , 0
0.143877 , -0.98991 , 0
0.164227 , -0.986741 , 0
0.184507 , -0.983153 , 0
0.204709 , -0.979149 , 0
0.224824 , -0.97473 , 0
0.244844 , -0.969897 , 0
0.264761 , -0.964653 , 0
0.284565 , -0.959001 , 0
0.304248 , -0.952942 , 0
0.323803 , -0.946479 , 0
0.34322 , -0.939614 , 0
0.362491 , -0.932352 , 0
0.381609 , -0.924694 , 0
0.400566 , -0.916644 , 0
0.419352 , -0.908206 , 0
0.437961 , -0.899383 , 0
0.456384 , -0.890178 , 0
0.474614 , -0.880596 , 0
0.492642 , -0.870641 , 0
0.510462 , -0.860317 , 0
0.528065 , -0.849629 , 0
0.545445 , -0.83858 , 0
0.562593 , -0.827176 , 0
0.579503 , -0.815421 , 0
0.596167 , -0.80332 , 0
0.612579 , -0.79088 , 0
0.628731 , -0.778103 , 0
0.644616 , -0.764998 , 0
0.660228 , -0.751567 , 0
0.675561 , -0.737819 , 0
0.690607 , -0.723757 , 0
0.70536 , -0.709389 , 0
0.719815 , -0.694721 , 0
0.733964 , -0.679757 , 0
0.747803 , -0.664506 , 0
0.761324 , -0.648973 , 0
0.774523 , -0.633165 , 0
0.787393 , -0.617089 , 0
0.79993 , -0.600751 , 0
0.812128 , -0.584159 , 0
0.823982 , -0.567319 , 0
0.835486 , -0.550238 , 0
0.846636 , -0.532925 , 0
0.857428 , -0.515385 , 0
0.867856 , -0.497628 , 0
0.877917 , -0.479659 , 0
0.887605 , -0.461487 , 0
0.896917 , -0.443119 , 0
0.905849 , -0.424564 , 0
0.914397 , -0.405829 , 0
0.922558 , -0.386921 , 0
0.930328 , -0.36785 , 0
0.937704 , -0.348623 , 0
0.944682 , -0.329248 , 0
0.95126 , -0.309734 , 0
0.957434 , -0.290088 , 0
0.963203 , -0.27032 , 0
0.968564 , -0.250437 , 0
0.973514 , -0.230447 , 0
0.978052 , -0.210361 , 0
0.982176 , -0.190184 , 0
0.985883 , -0.169928 , 0
0.989172 , -0.149599 , 0
0.992042 , -0.129207 , 0
0.994492 , -0.10876 , 0
0.996521 , -0.0882676 , 0
0.998127 , -0.0677373 , 0
0.99931 , -0.0471783 , 0
