x , y , z
1 , 0 , 0
0.999705 , 0.0429179 , 0
0.999117 , 0.0858232 , 0
0.998236 , 0.128703 , 0
0.997066 , 0.171546 , 0
0.995613 , 0.214341 , 0
0.993883 , 0.257075 , 0
0.991881 , 0.299739 , 0
0.989617 , 0.342324 , 0
0.987098 , 0.384822 , 0
0.984335 , 0.427223 , 0
0.981338 , 0.469523 , 0
0.978115 , 0.511715 , 0
0.974678 , 0.553796 , 0
0.971038 , 0.59576 , 0
0.967204 , 0.637606 , 0
0.963186 , 0.679331 , 0
0.958995 , 0.720933 , 0
0.954641 , 0.762413 , 0
0.950132 , 0.803769 , 0
0.945478 , 0.845002 , 0
0.940687 , 0.886113 , 0
0.935768 , 0.927104 , 0
0.930728 , 0.967974 , 0
0.925575 , 1.00873 , 0
0.920316 , 1.04936 , 0
0.914957 , 1.08989 , 0
0.909504 , 1.1303 , 0
0.903963 , 1.1706 , 0
0.898341 , 1.2108 , 0
0.89264 , 1.25089 , 0
0.886868 , 1.29088 , 0
0.881027 , 1.33077 , 0
0.875123 , 1.37057 , 0
0.869158 , 1.41027 , 0
0.863137 , 1.44988 , 0
0.857064 , 1.4894 , 0
0.85094 , 1.52883 , 0
0.84477 , 1.56818 , 0
0.838555 , 1.60745 , 0
0.832299 , 1.64664 , 0
0.826004 , 1.68575 , 0
0.819673 , 1.72479 , 0
0.813306 , 1.76375 , 0
0.806907 , 1.80264 , 0
0.800477 , 1.84147 , 0
0.794018 , 1.88022 , 0
0.787531 , 1.91891 , 0
0.781018 , 1.95754 , 0
0.774481 , 1.99611 , 0
0.76792 , 2.03461 , 0
0.761338 , 2.07306 , 0
0.754735 , 2.11145 , 0
0.748111 , 2.14979 , 0
0.74147 , 2.18807 , 0
0.73481 , 2.2263 , 0
0.728134 , 2.26448 , 0
0.721442 , 2.30261 , 0
0.714734 , 2.34069 , 0
0.708012 , 2.37873 , 0
0.701277 , 2.41671 , 0
0.694529 , 2.45466 , 0
0.687768 , 2.49256 , 0
0.680995 , 2.53041 , 0
0.674212 , 2.56823 , 0
0.667418 , 2.60601 , 0
0.660613 , 2.64374 , 0
0.653799 , 2.68144 , 0
0.646976 , 2.7191 , 0
0.640144 , 2.75672 , 0
0.633304 , 2.79431 , 0
0.626456 , 2.83186 , 0
0.6196 , 2.86938 , 0
0.612738 , 2.90687 , 0
0.605868 , 2.94432 , 0
0.598991 , 2.98174 , 0
0.592109 , 3.01913 , 0
0.58522 , 3.05649 , 0
0.578326 , 3.09382 , 0
0.571426 , 3.13112 , 0
0.564521 , 3.16839 , 0
0.557611 , 3.20563 , 0
0.550696 , 3.24285 , 0
0.543777 , 3.28003 , 0
0.536853 , 3.3172 , 0
0.529925 , 3.35433 , 0
0.522993 , 3.39144 , 0
0.516058 , 3.42853 , 0
0.509118 , 3.46559 , 0
0.502176 , 3.50263 , 0
0.49523 , 3.53965 , 0
0.48828 , 3.57664 , 0
0.481328 , 3.61361 , 0
0.474372 , 3.65056 , 0
0.467414 , 3.68748 , 0
0.460453 , 3.72439 , 0
0.45349 , 3.76127 , 0
0.446524 , 3.79814 , 0
0.439556 , 3.83498 , 0
0.432586 , 3.8718 , 0
0.425613 , 3.90861 , 0
0.418638 , 3.9454 , 0
0.411662 , 3.98216 , 0
0.404683 , 4.01891 , 0
0.397703 , 4.05564 , 0
0.390721 , 4.09236 , 0
0.383737 , 4.12905 , 0
0.376752 , 4.16573 , 0
0.369765 , 4.20239 , 0
0.362776 , 4.23904 , 0
0.355787 , 4.27567 , 0
0.348796 , 4.31228 , 0
0.341803 , 4.34888 , 0
0.33481 , 4.38546 , 0
0.327815 , 4.42203 , 0
0.320819 , 4.45858 , 0
0.313823 , 4.49512 , 0
0.306825 , 4.53165 , 0
0.299826 , 4.56815 , 0
0.292826 , 4.60465 , 0
0.285826 , 4.64113 , 0
0.278824 , 4.6776 , 0
0.271822 , 4.71405 , 0
0.264819 , 4.75049 , 0
0.257815 , 4.78692 , 0
0.250811 , 4.82334 , 0
0.243806 , 4.85974 , 0
0.2368 , 4.89613 , 0
0.229794 , 4.93251 , 0
0.222787 , 4.96887 , 0
0.21578 , 5.00523 , 0
0.208772 , 5.04157 , 0
0.201763 , 5.0779 , 0
0.194755 , 5.11422 , 0
0.187745 , 5.15053 , 0
0.180736 , 5.18682 , 0
0.173726 , 5.22311 , 0
0.166715 , 5.25938 , 0
0.159705 , 5.29565 , 0
0.152694 , 5.3319 , 0
0.145682 , 5.36815 , 0
0.138671 , 5.40438 , 0
0.131659 , 5.4406 , 0
0.124647 , 5.47682 , 0
0.117634 , 5.51302 , 0
0.110622 , 5.54921 , 0
0.103609 , 5.5854 , 0
0.0965961 , 5.62157 , 0
0.089583 , 5.65774 , 0
0.0825698 , 5.69389 , 0
0.0755565 , 5.73004 , 0
0.068543 , 5.76618 , 0
0.0615294 , 5.80231 , 0
0.0545158 , 5.83843 , 0
0.047502 , 5.87454 , 0
0.0404882 , 5.91065 , 0
0.0334743 , 5.94674 , 0
0.0264604 , 5.98283 , 0
0.0194464 , 6.01891 , 0
0.0124325 , 6.05498 , 0
0.00541847 , 6.09104 , 0
-0.00159553 , 6.12709 , 0
-0.00860954 , 6.16314 , 0
-0.0156235 , 6.19918 , 0
-0.0226375 , 6.23521 , 0
-0.0296514 , 6.27123 , 0
-0.0366654 , 6.30725 , 0
-0.0436792 , 6.34326 , 0
-0.050693 , 6.37926 , 0
-0.0577068 , 6.41525 , 0
-0.0647205 , 6.45124 , 0
-0.0717341 , 6.48722 , 0
-0.0787477 , 6.52319 , 0
-0.0857611 , 6.55916 , 0
-0.0927745 , 6.59512 , 0
-0.0997878 , 6.63107 , 0
-0.106801 , 6.66701 , 0
-0.113814 , 6.70295 , 0
-0.120827 , 6.73889 , 0
-0.12784 , 6.77481 , 0
-0.134853 , 6.81073 , 0
-0.141865 , 6.84664 , 0
-0.148878 , 6.88255 , 0
-0.15589 , 6.91845 , 0
-0.162902 , 6.95435 , 0
-0.169914 , 6.99023 , 0
-0.176926 , 7.02612 , 0
-0.183938 , 7.06199 , 0
-0.190949 , 7.09786 , 0
-0.197961 , 7.13373 , 0
-0.204972 , 7.16959 , 0
-0.211983 , 7.20544 , 0
-0.218994 , 7.24129 , 0
-0.226005 , 7.27713 , 0
-0.233016 , 7.31297 , 0
-0.240026 , 7.3488 , 0
-0.247036 , 7.38462 , 0
-0.254046 , 7.42044 , 0
-0.261056 , 7.45626 , 0
-0.268066 , 7.49207 , 0
-0.275075 , 7.52787 , 0
-0.282085 , 7.56367 , 0
-0.289094 , 7.59946 , 0
-0.296103 , 7.63525 , 0
-0.303112 , 7.67103 , 0
-0.31012 , 7.70681 , 0
-0.317129 , 7.74259 , 0
-0.324137 , 7.77836 , 0
-0.331145 , 7.81412 , 0
-0.338152 , 7.84988 , 0
-0.34516 , 7.88563 , 0
-0.352167 , 7.92138 , 0
-0.359174 , 7.95713 , 0
-0.366181 , 7.99287 , 0
-0.373188 , 8.0286 , 0
-0.380194 , 8.06433 , 0
-0.387201 , 8.10006 , 0
-0.394207 , 8.13578 , 0
-0.401213 , 8.1715 , 0
-0.408218 , 8.20721 , 0
-0.415224 , 8.24292 , 0
-0.422229 , 8.27863 , 0
-0.429234 , 8.31433 , 0
-0.436239 , 8.35002 , 0
-0.443243 , 8.38572 , 0
-0.450248 , 8.4214 , 0
-0.457252 , 8.45709 , 0
-0.464256 , 8.49277 , 0
-0.471259 , 8.52844 , 0
-0.478263 , 8.56411 , 0
-0.485266 , 8.59978 , 0
-0.492269 , 8.63544 , 0
-0.499272 , 8.6711 , 0
-0.506274 , 8.70676 , 0
-0.513276 , 8.74241 , 0
-0.520279 , 8.77806 , 0
-0.52728 , 8.8137 , 0
-0.534282 , 8.84934 , 0
-0.541283 , 8.88498 , 0
-0.548285 , 8.92061 , 0
-0.555286 , 8.95624 , 0
-0.562286 , 8.99187 , 0
-0.569287 , 9.02749 , 0
-0.576287 , 9.06311 , 0
-0.583287 , 9.09872 , 0
-0.590287 , 9.13433 , 0
-0.597287 , 9.16994 , 0
-0.604286 , 9.20554 , 0
-0.611285 , 9.24114 , 0
-0.618284 , 9.27674 , 0
-0.625283 , 9.31234 , 0
-0.632281 , 9.34793 , 0
-0.639279 , 9.38351 , 0
-0.646277 , 9.4191 , 0
-0.653275 , 9.45468 , 0
-0.660273 , 9.49025 , 0
-0.66727 , 9.52583 , 0
-0.674267 , 9.5614 , 0
-0.681264 , 9.59697 , 0
-0.688261 , 9.63253 , 0
-0.695257 , 9.66809 , 0
-0.702253 , 9.70365 , 0
-0.709249 , 9.73921 , 0
-0.716245 , 9.77476 , 0
-0.723241 , 9.81031 , 0
-0.730236 , 9.84585 , 0
-0.737231 , 9.8814 , 0
-0.744226 , 9.91694 , 0
-0.75122 , 9.95247 , 0
-0.758215 , 9.98801 , 0
-0.765209 , 10.0235 , 0
-0.772203 , 10.0591 , 0
-0.779197 , 10.0946 , 0
-0.78619 , 10.1301 , 0
-0.793184 , 10.1656 , 0
-0.800177 , 10.2011 , 0
-0.80717 , 10.2367 , 0
-0.814162 , 10.2722 , 0
-0.821155 , 10.3077 , 0
-0.828147 , 10.3432 , 0
-0.835139 , 10.3787 , 0
-0.842131 , 10.4142 , 0
-0.849122 , 10.4497 , 0
-0.856114 , 10.4852 , 0
-0.863105 , 10.5207 , 0
-0.870096 , 10.5562 , 0
-0.877086 , 10.5917 , 0
-0.884077 , 10.6271 , 0
-0.891067 , 10.6626 , 0
-0.898057 , 10.6981 , 0
-0.905047 , 10.7336 , 0
-0.912036 , 10.769 , 0
-0.919026 , 10.8045 , 0
-0.926015 , 10.84 , 0
-0.933004 , 10.8755 , 0
-0.939993 , 10.9109 , 0
-0.946981 , 10.9464 , 0
-0.95397 , 10.9818 , 0
-0.960958 , 11.0173 , 0
-0.967946 , 11.0527 , 0
-0.974933 , 11.0882 , 0
-0.981921 , 11.1237 , 0
-0.988908 , 11.1591 , 0
-0.995895 , 11.1945 , 0
-1.00288 , 11.23 , 0
-1.00987 , 11.2654 , 0
-1.01686 , 11.3009 , 0
-1.02384 , 11.3363 , 0
-1.03083 , 11.3717 , 0
-1.03781 , 11.4072 , 0
-1.0448 , 11.4426 , 0
-1.05178 , 11.478 , 0
-1.05877 , 11.5134 , 0
-1.06576 , 11.5489 , 0
-1.07274 , 11.5843 , 0
-1.07972 , 11.6197 , 0
-1.08671 , 11.6551 , 0
-1.09369 , 11.6905 , 0
-1.10068 , 11.7259 , 0
-1.10766 , 11.7614 , 0
-1.11464 , 11.7968 , 0
-1.12163 , 11.8322 , 0
-1.12861 , 11.8676 , 0
-1.13559 , 11.903 , 0
-1.14258 , 11.9384 , 0
-1.14956 , 11.9738 , 0
-1.15654 , 12.0092 , 0
-1.16352 , 12.0446 , 0
-1.17051 , 12.0799 , 0
-1.17749 , 12.1153 , 0
-1.18447 , 12.1507 , 0
-1.19145 , 12.1861 , 0
-1.19843 , 12.2215 , 0
-1.20541 , 12.2569 , 0
-1.2124 , 12.2923 , 0
-1.21938 , 12.3276 , 0
-1.22636 , 12.363 , 0
-1.23334 , 12.3984 , 0
-1.24032 , 12.4337 , 0
-1.2473 , 12.4691 , 0
-1.25428 , 12.5045 , 0
-1.26126 , 12.5399 , 0
-1.26824 , 12.5752 , 0
-1.27522 , 12.6106 , 0
-1.28219 , 12.6459 , 0
-1.28917 , 12.6813 , 0
-1.29615 , 12.7167 , 0
-1.30313 , 12.752 , 0
-1.31011 , 12.7874 , 0
-1.31709 , 12.8227 , 0
-1.32407 , 12.8581 , 0
-1.33104 , 12.8934 , 0
-1.33802 , 12.9288 , 0
-1.345 , 12.9641 , 0
-1.35198 , 12.9994 , 0
-1.35895 , 13.0348 , 0
-1.36593 , 13.0701 , 0
-1.37291 , 13.1055 , 0
-1.37988 , 13.1408 , 0
-1.38686 , 13.1761 , 0
-1.39383 , 13.2115 , 0
-1.40081 , 13.2468 , 0
-1.40779 , 13.2821 , 0
-1.41476 , 13.3175 , 0
-1.42174 , 13.3528 , 0
-1.42871 , 13.3881 , 0
-1.43569 , 13.4234 , 0
-1.44266 , 13.4587 , 0
-1.44964 , 13.4941 , 0
-1.45661 , 13.5294 , 0
-1.46359 , 13.5647 , 0
-1.47056 , 13.6 , 0
-1.47754 , 13.6353 , 0
-1.48451 , 13.6706 , 0
-1.49148 , 13.706 , 0
-1.49846 , 13.7413 , 0
-1.50543 , 13.7766 , 0
-1.5124 , 13.8119 , 0
-1.51938 , 13.8472 , 0
-1.52635 , 13.8825 , 0
-1.53332 , 13.9178 , 0
-1.5403 , 13.9531 , 0
-1.54727 , 13.9884 , 0
-1.55424 , 14.0237 , 0
-1.56121 , 14.059 , 0
-1.56818 , 14.0943 , 0
-1.57516 , 14.1296 , 0
-1.58213 , 14.1648 , 0
-1.5891 , 14.2001 , 0
-1.59607 , 14.2354 , 0
-1.60304 , 14.2707 , 0
-1.61001 , 14.306 , 0
-1.61698 , 14.3413 , 0
-1.62395 , 14.3766 , 0
-1.63092 , 14.4118 , 0
-1.6379 , 14.4471 , 0
-1.64487 , 14.4824 , 0
-1.65184 , 14.5177 , 0
-1.65881 , 14.5529 , 0
-1.66578 , 14.5882 , 0
-1.67274 , 14.6235 , 0
-1.67971 , 14.6588 , 0
-1.68668 , 14.694 , 0
-1.69365 , 14.7293 , 0
-1.70062 , 14.7646 , 0
-1.70759 , 14.7998 , 0
-1.71456 , 14.8351 , 0
-1.72153 , 14.8704 , 0
-1.7285 , 14.9056 , 0
-1.73546 , 14.9409 , 0
-1.74243 , 14.9761 , 0
-1.7494 , 15.0114 , 0
-1.75637 , 15.0467 , 0
-1.76334 , 15.0819 , 0
-1.7703 , 15.1172 , 0
-1.77727 , 15.1524 , 0
-1.78424 , 15.1877 , 0
-1.7912 , 15.2229 , 0
-1.79817 , 15.2582 , 0
-1.80514 , 15.2934 , 0
-1.8121 , 15.3287 , 0
-1.81907 , 15.3639 , 0
-1.82604 , 15.3992 , 0
-1.833 , 15.4344 , 0
-1.83997 , 15.4696 , 0
-1.84694 , 15.5049 , 0
-1.8539 , 15.5401 , 0
-1.86087 , 15.5754 , 0
-1.86783 , 15.6106 , 0
-1.8748 , 15.6458 , 0
-1.88176 , 15.6811 , 0
-1.88873 , 15.7163 , 0
-1.89569 , 15.7515 , 0
-1.90266 , 15.7868 , 0
-1.90962 , 15.822 , 0
-1.91659 , 15.8572 , 0
-1.92355 , 15.8925 , 0
-1.93051 , 15.9277 , 0
-1.93748 , 15.9629 , 0
-1.94444 , 15.9981 , 0
-1.95141 , 16.0334 , 0
-1.95837 , 16.0686 , 0
-1.96533 , 16.1038 , 0
-1.9723 , 16.139 , 0
-1.97926 , 16.1742 , 0
-1.98622 , 16.2095 , 0
-1.99319 , 16.2447 , 0
-2.00015 , 16.2799 , 0
-2.00711 , 16.3151 , 0
-2.01407 , 16.3503 , 0
-2.02104 , 16.3855 , 0
-2.028 , 16.4207 , 0
-2.03496 , 16.4559 , 0
-2.04192 , 16.4912 , 0
-2.04889 , 16.5264 , 0
-2.05585 , 16.5616 , 0
-2.06281 , 16.5968 , 0
-2.06977 , 16.632 , 0
-2.07673 , 16.6672 , 0
-2.08369 , 16.7024 , 0
-2.09065 , 16.7376 , 0
-2.09761 , 16.7728 , 0
-2.10458 , 16.808 , 0
-2.11154 , 16.8432 , 0
-2.1185 , 16.8784 , 0
-2.12546 , 16.9136 , 0
-2.13242 , 16.9488 , 0
-2.13938 , 16.984 , 0
-2.14634 , 17.0192 , 0
-2.1533 , 17.0544 , 0
-2.16026 , 17.0895 , 0
-2.16722 , 17.1247 , 0
-2.17418 , 17.1599 , 0
-2.18114 , 17.1951 , 0
-2.1881 , 17.2303 , 0
-2.19506 , 17.2655 , 0
-2.20201 , 17.3007 , 0
-2.20897 , 17.3359 , 0
-2.21593 , 17.371 , 0
-2.22289 , 17.4062 , 0
-2.22985 , 17.4414 , 0
-2.23681 , 17.4766 , 0
-2.24377 , 17.5118 , 0
-2.25072 , 17.5469 , 0
-2.25768 , 17.5821 , 0
-2.26464 , 17.6173 , 0
-2.2716 , 17.6525 , 0
-2.27856 , 17.6877 , 0
-2.28551 , 17.7228 , 0
-2.29247 , 17.758 , 0
-2.29943 , 17.7932 , 0
-2.30639 , 17.8283 , 0
-2.31334 , 17.8635 , 0
-2.3203 , 17.8987 , 0
-2.32726 , 17.9339 , 0
-2.33421 , 17.969 , 0
-2.34117 , 18.0042 , 0
-2.34813 , 18.0394 , 0
-2.35508 , 18.0745 , 0
-2.36204 , 18.1097 , 0
-2.369 , 18.1449 , 0
-2.37595 , 18.18 , 0
-2.38291 , 18.2152 , 0
-2.38987 , 18.2503 , 0
-2.39682 , 18.2855 , 0
-2.40378 , 18.3207 , 0
-2.41073 , 18.3558 , 0
-2.41769 , 18.391 , 0
-2.42464 , 18.4261 , 0
-2.4316 , 18.4613 , 0
-2.43855 , 18.4964 , 0
-2.44551 , 18.5316 , 0
-2.45246 , 18.5667 , 0
-2.45942 , 18.6019 , 0
-2.46637 , 18.6371 , 0
-2.47333 , 18.6722 , 0
-2.48028 , 18.7074 , 0
-2.48724 , 18.7425 , 0
-2.49419 , 18.7777 , 0
-2.50115 , 18.8128 , 0
-2.5081 , 18.8479 , 0
-2.51505 , 18.8831 , 0
-2.52201 , 18.9182 , 0
-2.52896 , 18.9534 , 0
-2.53591 , 18.9885 , 0
-2.54287 , 19.0237 , 0
-2.54982 , 19.0588 , 0
-2.55677 , 19.094 , 0
-2.56373 , 19.1291 , 0
-2.57068 , 19.1642 , 0
-2.57763 , 19.1994 , 0
-2.58459 , 19.2345 , 0
-2.59154 , 19.2696 , 0
-2.59849 , 19.3048 , 0
-2.60544 , 19.3399 , 0
-2.6124 , 19.3751 , 0
-2.61935 , 19.4102 , 0
-2.6263 , 19.4453 , 0
-2.63325 , 19.4805 , 0
-2.64021 , 19.5156 , 0
-2.64716 , 19.5507 , 0
-2.65411 , 19.5858 , 0
-2.66106 , 19.621 , 0
-2.66801 , 19.6561 , 0
-2.67497 , 19.6912 , 0
-2.68192 , 19.7264 , 0
-2.68887 , 19.7615 , 0
-2.69582 , 19.7966 , 0
-2.70277 , 19.8317 , 0
-2.70972 , 19.8669 , 0
-2.71667 , 19.902 , 0
-2.72362 , 19.9371 , 0
-2.73057 , 19.9722 , 0
-2.73752 , 20.0074 , 0
-2.74448 , 20.0425 , 0
-2.75143 , 20.0776 , 0
-2.75838 , 20.1127 , 0
-2.76533 , 20.1478 , 0
-2.77228 , 20.183 , 0
-2.77923 , 20.2181 , 0
-2.78618 , 20.2532 , 0
-2.79313 , 20.2883 , 0
-2.80008 , 20.3234 , 0
-2.80703 , 20.3585 , 0
-2.81398 , 20.3936 , 0
-2.82092 , 20.4288 , 0
-2.82787 , 20.4639 , 0
-2.83482 , 20.499 , 0
-2.84177 , 20.5341 , 0
-2.84872 , 20.5692 , 0
-2.85567 , 20.6043 , 0
-2.86262 , 20.6394 , 0
-2.86957 , 20.6745 , 0
-2.87652 , 20.7096 , 0
-2.88347 , 20.7447 , 0
-2.89041 , 20.7799 , 0
-2.89736 , 20.815 , 0
-2.90431 , 20.8501 , 0
-2.91126 , 20.8852 , 0
-2.91821 , 20.9203 , 0
-2.92516 , 20.9554 , 0
-2.9321 , 20.9905 , 0
-2.93905 , 21.0256 , 0
-2.946 , 21.0607 , 0
-2.95295 , 21.0958 , 0
-2.9599 , 21.1309 , 0
-2.96684 , 21.166 , 0
-2.97379 , 21.2011 , 0
-2.98074 , 21.2362 , 0
-2.98769 , 21.2713 , 0
-2.99463 , 21.3064 , 0
-3.00158 , 21.3415 , 0
-3.00853 , 21.3766 , 0
-3.01547 , 21.4117 , 0
-3.02242 , 21.4468 , 0
-3.02937 , 21.4818 , 0
-3.03631 , 21.5169 , 0
-3.04326 , 21.552 , 0
-3.05021 , 21.5871 , 0
-3.05715 , 21.6222 , 0
-3.0641 , 21.6573 , 0
-3.07105 , 21.6924 , 0
-3.07799 , 21.7275 , 0
-3.08494 , 21.7626 , 0
-3.09188 , 21.7977 , 0
-3.09883 , 21.8328 , 0
-3.10578 , 21.8678 , 0
-3.11272 , 21.9029 , 0
-3.11967 , 21.938 , 0
-3.12661 , 21.9731 , 0
-3.13356 , 22.0082 , 0
-3.1405 , 22.0433 , 0
-3.14745 , 22.0783 , 0
-3.15439 , 22.1134 , 0
-3.16134 , 22.1485 , 0
-3.16828 , 22.1836 , 0
-3.17523 , 22.2187 , 0
-3.18217 , 22.2538 , 0
-3.18912 , 22.2888 , 0
-3.19606 , 22.3239 , 0
-3.20301 , 22.359 , 0
-3.20995 , 22.3941 , 0
-3.2169 , 22.4291 , 0
-3.22384 , 22.4642 , 0
-3.23079 , 22.4993 , 0
-3.23773 , 22.5344 , 0
-3.24467 , 22.5695 , 0
-3.25162 , 22.6045 , 0
-3.25856 , 22.6396 , 0
-3.26551 , 22.6747 , 0
-3.27245 , 22.7098 , 0
-3.27939 , 22.7448 , 0
-3.28634 , 22.7799 , 0
-3.29328 , 22.815 , 0
-3.30023 , 22.85 , 0
-3.30717 , 22.8851 , 0
-3.31411 , 22.9202 , 0
-3.32106 , 22.9552 , 0
-3.328 , 22.9903 , 0
-3.33494 , 23.0254 , 0
-3.34188 , 23.0605 , 0
-3.34883 , 23.0955 , 0
-3.35577 , 23.1306 , 0
-3.36271 , 23.1657 , 0
-3.36966 , 23.2007 , 0
-3.3766 , 23.2358 , 0
-3.38354 , 23.2708 , 0
-3.39048 , 23.3059 , 0
-3.39743 , 23.341 , 0
-3.40437 , 23.376 , 0
-3.41131 , 23.4111 , 0
-3.41825 , 23.4462 , 0
-3.4252 , 23.4812 , 0
-3.43214 , 23.5163 , 0
-3.43908 , 23.5513 , 0
-3.44602 , 23.5864 , 0
-3.45296 , 23.6215 , 0
-3.4599 , 23.6565 , 0
-3.46685 , 23.6916 , 0
-3.47379 , 23.7266 , 0
-3.48073 , 23.7617 , 0
-3.48767 , 23.7967 , 0
-3.49461 , 23.8318 , 0
-3.50155 , 23.8669 , 0
-3.5085 , 23.9019 , 0
-3.51544 , 23.937 , 0
-3.52238 , 23.972 , 0
-3.52932 , 24.0071 , 0
-3.53626 , 24.0421 , 0
-3.5432 , 24.0772 , 0
-3.55014 , 24.1122 , 0
-3.55708 , 24.1473 , 0
-3.56402 , 24.1823 , 0
-3.57096 , 24.2174 , 0
-3.5779 , 24.2524 , 0
-3.58484 , 24.2875 , 0
-3.59178 , 24.3225 , 0
-3.59872 , 24.3576 , 0
-3.60566 , 24.3926 , 0
-3.6126 , 24.4277 , 0
-3.61954 , 24.4627 , 0
-3.62648 , 24.4978 , 0
-3.63342 , 24.5328 , 0
-3.64036 , 24.5679 , 0
-3.6473 , 24.6029 , 0
-3.65424 , 24.638 , 0
-3.66118 , 24.673 , 0
-3.66812 , 24.7081 , 0
-3.67506 , 24.7431 , 0
-3.682 , 24.7781 , 0
-3.68894 , 24.8132 , 0
-3.69588 , 24.8482 , 0
-3.70282 , 24.8833 , 0
-3.70976 , 24.9183 , 0
-3.7167 , 24.9533 , 0
-3.72364 , 24.9884 , 0
-3.73058 , 25.0234 , 0
-3.73752 , 25.0585 , 0
-3.74445 , 25.0935 , 0
-3.75139 , 25.1285 , 0
-3.75833 , 25.1636 , 0
-3.76527 , 25.1986 , 0
-3.77221 , 25.2337 , 0
-3.77915 , 25.2687 , 0
-3.78609 , 25.3037 , 0
-3.79302 , 25.3388 , 0
-3.79996 , 25.3738 , 0
-3.8069 , 25.4088 , 0
-3.81384 , 25.4439 , 0
-3.82078 , 25.4789 , 0
-3.82772 , 25.5139 , 0
-3.83465 , 25.549 , 0
-3.84159 , 25.584 , 0
-3.84853 , 25.619 , 0
-3.85547 , 25.6541 , 0
-3.8624 , 25.6891 , 0
-3.86934 , 25.7241 , 0
-3.87628 , 25.7592 , 0
-3.88322 , 25.7942 , 0
-3.89015 , 25.8292 , 0
-3.89709 , 25.8643 , 0
-3.90403 , 25.8993 , 0
-3.91097 , 25.9343 , 0
-3.9179 , 25.9693 , 0
-3.92484 , 26.0044 , 0
-3.93178 , 26.0394 , 0
-3.93872 , 26.0744 , 0
-3.94565 , 26.1094 , 0
-3.95259 , 26.1445 , 0
-3.95953 , 26.1795 , 0
-3.96646 , 26.2145 , 0
-3.9734 , 26.2495 , 0
-3.98034 , 26.2846 , 0
-3.98727 , 26.3196 , 0
-3.99421 , 26.3546 , 0
-4.00115 , 26.3896 , 0
-4.00808 , 26.4247 , 0
-4.01502 , 26.4597 , 0
-4.02195 , 26.4947 , 0
-4.02889 , 26.5297 , 0
-4.03583 , 26.5647 , 0
-4.04276 , 26.5998 , 0
-4.0497 , 26.6348 , 0
-4.05663 , 26.6698 , 0
-4.06357 , 26.7048 , 0
-4.07051 , 26.7398 , 0
-4.07744 , 26.7749 , 0
-4.08438 , 26.8099 , 0
-4.09131 , 26.8449 , 0
-4.09825 , 26.8799 , 0
-4.10518 , 26.9149 , 0
-4.11212 , 26.95 , 0
-4.11906 , 26.985 , 0
-4.12599 , 27.02 , 0
-4.13293 , 27.055 , 0
-4.13986 , 27.09 , 0
-4.1468 , 27.125 , 0
-4.15373 , 27.16 , 0
-4.16067 , 27.1951 , 0
-4.1676 , 27.2301 , 0
-4.17454 , 27.2651 , 0
-4.18147 , 27.3001 , 0
-4.18841 , 27.3351 , 0
-4.19534 , 27.3701 , 0
-4.20228 , 27.4051 , 0
-4.20921 , 27.4401 , 0
-4.21615 , 27.4752 , 0
-4.22308 , 27.5102 , 0
-4.23001 , 27.5452 , 0
-4.23695 , 27.5802 , 0
-4.24388 , 27.6152 , 0
-4.25082 , 27.6502 , 0
-4.25775 , 27.6852 , 0
-4.26469 , 27.7202 , 0
-4.27162 , 27.7552 , 0
-4.27855 , 27.7902 , 0
-4.28549 , 27.8252 , 0
-4.29242 , 27.8603 , 0
-4.29936 , 27.8953 , 0
-4.30629 , 27.9303 , 0
-4.31322 , 27.9653 , 0
-4.32016 , 28.0003 , 0
-4.32709 , 28.0353 , 0
-4.33402 , 28.0703 , 0
-4.34096 , 28.1053 , 0
-4.34789 , 28.1403 , 0
-4.35482 , 28.1753 , 0
-4.36176 , 28.2103 , 0
-4.36869 , 28.2453 , 0
-4.37562 , 28.2803 , 0
-4.38256 , 28.3153 , 0
-4.38949 , 28.3503 , 0
-4.39642 , 28.3853 , 0
-4.40336 , 28.4203 , 0
-4.41029 , 28.4553 , 0
-4.41722 , 28.4903 , 0
-4.42416 , 28.5253 , 0
-4.43109 , 28.5603 , 0
-4.43802 , 28.5953 , 0
-4.44495 , 28.6303 , 0
-4.45189 , 28.6653 , 0
-4.45882 , 28.7003 , 0
-4.46575 , 28.7353 , 0
-4.47269 , 28.7703 , 0
-4.47962 , 28.8053 , 0
-4.48655 , 28.8403 , 0
-4.49348 , 28.8753 , 0
-4.50041 , 28.9103 , 0
-4.50735 , 28.9453 , 0
-4.51428 , 28.9803 , 0
-4.52121 , 29.0153 , 0
-4.52814 , 29.0503 , 0
-4.53508 , 29.0853 , 0
-4.54201 , 29.1203 , 0
-4.54894 , 29.1553 , 0
-4.55587 , 29.1902 , 0
-4.5628 , 29.2252 , 0
-4.56973 , 29.2602 , 0
-4.57667 , 29.2952 , 0
-4.5836 , 29.3302 , 0
-4.59053 , 29.3652 , 0
-4.59746 , 29.4002 , 0
-4.60439 , 29.4352 , 0
-4.61132 , 29.4702 , 0
-4.61826 , 29.5052 , 0
-4.62519 , 29.5402 , 0
-4.63212 , 29.5752 , 0
-4.63905 , 29.6101 , 0
-4.64598 , 29.6451 , 0
-4.65291 , 29.6801 , 0
-4.65984 , 29.7151 , 0
-4.66677 , 29.7501 , 0
-4.67371 , 29.7851 , 0
-4.68064 , 29.8201 , 0
-4.68757 , 29.8551 , 0
-4.6945 , 29.89 , 0
-4.70143 , 29.925 , 0
-4.70836 , 29.96 , 0
-4.71529 , 29.995 , 0
-4.72222 , 30.03 , 0
-4.72915 , 30.065 , 0
-4.73608 , 30.1 , 0
-4.74301 , 30.1349 , 0
-4.74994 , 30.1699 , 0
-4.75687 , 30.2049 , 0
-4.7638 , 30.2399 , 0
-4.77073 , 30.2749 , 0
-4.77766 , 30.3099 , 0
-4.7846 , 30.3448 , 0
-4.79153 , 30.3798 , 0
-4.79846 , 30.4148 , 0
-4.80539 , 30.4498 , 0
-4.81232 , 30.4848 , 0
-4.81925 , 30.5198 , 0
-4.82618 , 30.5547 , 0
-4.83311 , 30.5897 , 0
-4.84004 , 30.6247 , 0
-4.84696 , 30.6597 , 0
-4.85389 , 30.6947 , 0
-4.86082 , 30.7296 , 0
-4.86775 , 30.7646 , 0
-4.87468 , 30.7996 , 0
-4.88161 , 30.8346 , 0
-4.88854 , 30.8696 , 0
-4.89547 , 30.9045 , 0
-4.9024 , 30.9395 , 0
-4.90933 , 30.9745 , 0
-4.91626 , 31.0095 , 0
-4.92319 , 31.0444 , 0
-4.93012 , 31.0794 , 0
-4.93705 , 31.1144 , 0
-4.94398 , 31.1494 , 0
-4.95091 , 31.1843 , 0
-4.95784 , 31.2193 , 0
-4.96476 , 31.2543 , 0
-4.97169 , 31.2893 , 0
-4.97862 , 31.3242 , 0
-4.98555 , 31.3592 , 0
-4.99248 , 31.3942 , 0
-4.99941 , 31.4292 , 0
-5.00634 , 31.4641 , 0
-5.01327 , 31.4991 , 0
-5.02019 , 31.5341 , 0
-5.02712 , 31.5691 , 0
-5.03405 , 31.604 , 0
-5.04098 , 31.639 , 0
-5.04791 , 31.674 , 0
-5.05484 , 31.7089 , 0
-5.06177 , 31.7439 , 0
-5.06869 , 31.7789 , 0
-5.07562 , 31.8139 , 0
-5.08255 , 31.8488 , 0
-5.08948 , 31.8838 , 0
-5.09641 , 31.9188 , 0
-5.10333 , 31.9537 , 0
-5.11026 , 31.9887 , 0
-5.11719 , 32.0237 , 0
-5.12412 , 32.0586 , 0
-5.13105 , 32.0936 , 0
-5.13797 , 32.1286 , 0
-5.1449 , 32.1635 , 0
-5.15183 , 32.1985 , 0
-5.15876 , 32.2335 , 0
-5.16569 , 32.2684 , 0
-5.17261 , 32.3034 , 0
-5.17954 , 32.3384 , 0
-5.18647 , 32.3733 , 0
-5.1934 , 32.4083 , 0
-5.20032 , 32.4433 , 0
-5.20725 , 32.4782 , 0
-5.21418 , 32.5132 , 0
-5.22111 , 32.5482 , 0
-5.22803 , 32.5831 , 0
-5.23496 , 32.6181 , 0
-5.24189 , 32.6531 , 0
-5.24881 , 32.688 , 0
-5.25574 , 32.723 , 0
-5.26267 , 32.758 , 0
-5.2696 , 32.7929 , 0
-5.27652 , 32.8279 , 0
-5.28345 , 32.8628 , 0
-5.29038 , 32.8978 , 0
-5.2973 , 32.9328 , 0
-5.30423 , 32.9677 , 0
-5.31116 , 33.0027 , 0
-5.31808 , 33.0377 , 0
-5.32501 , 33.0726 , 0
-5.33194 , 33.1076 , 0
-5.33886 , 33.1425 , 0
-5.34579 , 33.1775 , 0
-5.35272 , 33.2125 , 0
-5.35964 , 33.2474 , 0
-5.36657 , 33.2824 , 0
-5.3735 , 33.3173 , 0
-5.38042 , 33.3523 , 0
-5.38735 , 33.3872 , 0
-5.39428 , 33.4222 , 0
-5.4012 , 33.4572 , 0
-5.40813 , 33.4921 , 0
-5.41505 , 33.5271 , 0
-5.42198 , 33.562 , 0
-5.42891 , 33.597 , 0
-5.43583 , 33.6319 , 0
-5.44276 , 33.6669 , 0
-5.44968 , 33.7019 , 0
-5.45661 , 33.7368 , 0
-5.46354 , 33.7718 , 0
-5.47046 , 33.8067 , 0
-5.47739 , 33.8417 , 0
-5.48431 , 33.8766 , 0
-5.49124 , 33.9116 , 0
-5.49816 , 33.9465 , 0
-5.50509 , 33.9815 , 0
-5.51202 , 34.0165 , 0
-5.51894 , 34.0514 , 0
-5.52587 , 34.0864 , 0
-5.53279 , 34.1213 , 0
-5.53972 , 34.1563 , 0
-5.54664 , 34.1912 , 0
-5.55357 , 34.2262 , 0
-5.56049 , 34.2611 , 0
-5.56742 , 34.2961 , 0
-5.57434 , 34.331 , 0
-5.58127 , 34.366 , 0
-5.5882 , 34.4009 , 0
-5.59512 , 34.4359 , 0
-5.60205 , 34.4708 , 0
-5.60897 , 34.5058 , 0
-5.6159 , 34.5407 , 0
-5.62282 , 34.5757 , 0
-5.62975 , 34.6106 , 0
-5.63667 , 34.6456 , 0
-5.6436 , 34.6805 , 0
-5.65052 , 34.7155 , 0
-5.65744 , 34.7504 , 0
-5.66437 , 34.7854 , 0
-5.67129 , 34.8203 , 0
-5.67822 , 34.8553 , 0
-5.68514 , 34.8902 , 0
-5.69207 , 34.9252 , 0
-5.69899 , 34.9601 , 0
-5.70592 , 34.9951 , 0
-5.71284 , 35.03 , 0
-5.71977 , 35.065 , 0
-5.72669 , 35.0999 , 0
-5.73361 , 35.1349 , 0
-5.74054 , 35.1698 , 0
-5.74746 , 35.2047 , 0
-5.75439 , 35.2397 , 0
-5.76131 , 35.2746 , 0
-5.76824 , 35.3096 , 0
-5.77516 , 35.3445 , 0
-5.78208 , 35.3795 , 0
-5.78901 , 35.4144 , 0
-5.79593 , 35.4494 , 0
-5.80286 , 35.4843 , 0
-5.80978 , 35.5193 , 0
-5.8167 , 35.5542 , 0
-5.82363 , 35.5891 , 0
-5.83055 , 35.6241 , 0
-5.83748 , 35.659 , 0
-5.8444 , 35.694 , 0
-5.85132 , 35.7289 , 0
-5.85825 , 35.7639 , 0
-5.86517 , 35.7988 , 0
-5.87209 , 35.8337 , 0
-5.87902 , 35.8687 , 0
-5.88594 , 35.9036 , 0
-5.89287 , 35.9386 , 0
-5.89979 , 35.9735 , 0
-5.90671 , 36.0084 , 0
-5.91364 , 36.0434 , 0
-5.92056 , 36.0783 , 0
-5.92748 , 36.1133 , 0
-5.93441 , 36.1482 , 0
-5.94133 , 36.1831 , 0
-5.94825 , 36.2181 , 0
-5.95518 , 36.253 , 0
-5.9621 , 36.288 , 0
-5.96902 , 36.3229 , 0
-5.97594 , 36.3578 , 0
-5.98287 , 36.3928 , 0
-5.98979 , 36.4277 , 0
-5.99671 , 36.4627 , 0
-6.00364 , 36.4976 , 0
-6.01056 , 36.5325 , 0
-6.01748 , 36.5675 , 0
-6.02441 , 36.6024 , 0
-6.03133 , 36.6373 , 0
-6.03825 , 36.6723 , 0
-6.04517 , 36.7072 , 0
-6.0521 , 36.7421 , 0
-6.05902 , 36.7771 , 0
-6.06594 , 36.812 , 0
-6.07286 , 36.847 , 0
-6.07979 , 36.8819 , 0
-6.08671 , 36.9168 , 0
-6.09363 , 36.9518 , 0
-6.10055 , 36.9867 , 0
-6.10748 , 37.0216 , 0
-6.1144 , 37.0566 , 0
-6.12132 , 37.0915 , 0
-6.12824 , 37.1264 , 0
-6.13517 , 37.1614 , 0
-6.14209 , 37.1963 , 0
-6.14901 , 37.2312 , 0
-6.15593 , 37.2662 , 0
-6.16286 , 37.3011 , 0
-6.16978 , 37.336 , 0
-6.1767 , 37.371 , 0
-6.18362 , 37.4059 , 0
-6.19054 , 37.4408 , 0
-6.19747 , 37.4758 , 0
-6.20439 , 37.5107 , 0
-6.21131 , 37.5456 , 0
-6.21823 , 37.5806 , 0
-6.22515 , 37.6155 , 0
-6.23208 , 37.6504 , 0
-6.239 , 37.6853 , 0
-6.24592 , 37.7203 , 0
-6.25284 , 37.7552 , 0
-6.25976 , 37.7901 , 0
-6.26668 , 37.8251 , 0
-6.27361 , 37.86 , 0
-6.28053 , 37.8949 , 0
-6.28745 , 37.9299 , 0
-6.29437 , 37.9648 , 0
-6.30129 , 37.9997 , 0
-6.30821 , 38.0346 , 0
-6.31513 , 38.0696 , 0
-6.32206 , 38.1045 , 0
-6.32898 , 38.1394 , 0
-6.3359 , 38.1744 , 0
-6.34282 , 38.2093 , 0
-6.34974 , 38.2442 , 0
-6.35666 , 38.2791 , 0
-6.36358 , 38.3141 , 0
-6.37051 , 38.349 , 0
-6.37743 , 38.3839 , 0
-6.38435 , 38.4188 , 0
-6.39127 , 38.4538 , 0
-6.39819 , 38.4887 , 0
-6.40511 , 38.5236 , 0
-6.41203 , 38.5586 , 0
-6.41895 , 38.5935 , 0
-6.42587 , 38.6284 , 0
-6.43279 , 38.6633 , 0
-6.43972 , 38.6983 , 0
-6.44664 , 38.7332 , 0
-6.45356 , 38.7681 , 0
-6.46048 , 38.803 , 0
-6.4674 , 38.838 , 0
-6.47432 , 38.8729 , 0
-6.48124 , 38.9078 , 0
-6.48816 , 38.9427 , 0
-6.49508 , 38.9776 , 0
-6.502 , 39.0126 , 0
-6.50892 , 39.0475 , 0
-6.51584 , 39.0824 , 0
-6.52276 , 39.1173 , 0
-6.52968 , 39.1523 , 0
-6.5366 , 39.1872 , 0
-6.54352 , 39.2221 , 0
-6.55045 , 39.257 , 0
-6.55737 , 39.292 , 0
-6.56429 , 39.3269 , 0
-6.57121 , 39.3618 , 0
-6.57813 , 39.3967 , 0
-6.58505 , 39.4316 , 0
-6.59197 , 39.4666 , 0
-6.59889 , 39.5015 , 0
-6.60581 , 39.5364 , 0
-6.61273 , 39.5713 , 0
-6.61965 , 39.6062 , 0
-6.62657 , 39.6412 , 0
-6.63349 , 39.6761 , 0
-6.64041 , 39.711 , 0
-6.64733 , 39.7459 , 0
-6.65425 , 39.7808 , 0
-6.66117 , 39.8158 , 0
-6.66809 , 39.8507 , 0
-6.67501 , 39.8856 , 0
-6.68193 , 39.9205 , 0
-6.68885 , 39.9554 , 0
-6.69577 , 39.9904 , 0
-6.70269 , 40.0253 , 0
-6.70961 , 40.0602 , 0
-6.71653 , 40.0951 , 0
-6.72344 , 40.13 , 0
-6.73036 , 40.1649 , 0
-6.73728 , 40.1999 , 0
-6.7442 , 40.2348 , 0
-6.75112 , 40.2697 , 0
-6.75804 , 40.3046 , 0
-6.76496 , 40.3395 , 0
-6.77188 , 40.3744 , 0
-6.7788 , 40.4094 , 0
-6.78572 , 40.4443 , 0
-6.79264 , 40.4792 , 0
-6.79956 , 40.5141 , 0
-6.80648 , 40.549 , 0
-6.8134 , 40.5839 , 0
-6.82032 , 40.6189 , 0
-6.82724 , 40.6538 , 0
-6.83415 , 40.6887 , 0
-6.84107 , 40.7236 , 0
-6.84799 , 40.7585 , 0
-6.85491 , 40.7934 , 0
-6.86183 , 40.8283 , 0
-6.86875 , 40.8633 , 0
-6.87567 , 40.8982 , 0
-6.88259 , 40.9331 , 0
-6.88951 , 40.968 , 0
-6.89643 , 41.0029 , 0
-6.90334 , 41.0378 , 0
-6.91026 , 41.0727 , 0
-6.91718 , 41.1076 , 0
-6.9241 , 41.1426 , 0
-6.93102 , 41.1775 , 0
-6.93794 , 41.2124 , 0
-6.94486 , 41.2473 , 0
-6.95178 , 41.2822 , 0
-6.95869 , 41.3171 , 0
-6.96561 , 41.352 , 0
-6.97253 , 41.3869 , 0
-6.97945 , 41.4219 , 0
-6.98637 , 41.4568 , 0
-6.99329 , 41.4917 , 0
-7.00021 , 41.5266 , 0
-7.00712 , 41.5615 , 0
-7.01404 , 41.5964 , 0
-7.02096 , 41.6313 , 0
-7.02788 , 41.6662 , 0
-7.0348 , 41.7011 , 0
-7.04172 , 41.7361 , 0
-7.04863 , 41.771 , 0
-7.05555 , 41.8059 , 0
-7.06247 , 41.8408 , 0
-7.06939 , 41.8757 , 0
-7.07631 , 41.9106 , 0
-7.08323 , 41.9455 , 0
-7.09014 , 41.9804 , 0
-7.09706 , 42.0153 , 0
-7.10398 , 42.0502 , 0
-7.1109 , 42.0851 , 0
-7.11782 , 42.12 , 0
-7.12473 , 42.155 , 0
-7.13165 , 42.1899 , 0
-7.13857 , 42.2248 , 0
-7.14549 , 42.2597 , 0
-7.15241 , 42.2946 , 0
-7.15932 , 42.3295 , 0
-7.16624 , 42.3644 , 0
-7.17316 , 42.3993 , 0
-7.18008 , 42.4342 , 0
-7.18699 , 42.4691 , 0
-7.19391 , 42.504 , 0
-7.20083 , 42.5389 , 0
-7.20775 , 42.5738 , 0
-7.21467 , 42.6087 , 0
-7.22158 , 42.6437 , 0
-7.2285 , 42.6786 , 0
-7.23542 , 42.7135 , 0
-7.24234 , 42.7484 , 0
-7.24925 , 42.7833 , 0
-7.25617 , 42.8182 , 0
-7.26309 , 42.8531 , 0
-7.27001 , 42.888 , 0
-7.27692 , 42.9229 , 0
-7.28384 , 42.9578 , 0
-7.29076 , 42.9927 , 0
-7.29768 , 43.0276 , 0
-7.30459 , 43.0625 , 0
-7.31151 , 43.0974 , 0
-7.31843 , 43.1323 , 0
-7.32534 , 43.1672 , 0
-7.33226 , 43.2021 , 0
-7.33918 , 43.237 , 0
-7.3461 , 43.2719 , 0
-7.35301 , 43.3068 , 0
-7.35993 , 43.3417 , 0
-7.36685 , 43.3766 , 0
-7.37376 , 43.4115 , 0
-7.38068 , 43.4464 , 0
-7.3876 , 43.4813 , 0
-7.39452 , 43.5162 , 0
-7.40143 , 43.5511 , 0
-7.40835 , 43.586 , 0
-7.41527 , 43.621 , 0
-7.42218 , 43.6559 , 0
-7.4291 , 43.6908 , 0
-7.43602 , 43.7257 , 0
-7.44293 , 43.7606 , 0
-7.44985 , 43.7955 , 0
-7.45677 , 43.8304 , 0
-7.46368 , 43.8653 , 0
-7.4706 , 43.9002 , 0
-7.47752 , 43.9351 , 0
-7.48443 , 43.97 , 0
-7.49135 , 44.0049 , 0
-7.49827 , 44.0398 , 0
-7.50518 , 44.0747 , 0
-7.5121 , 44.1096 , 0
-7.51902 , 44.1445 , 0
-7.52593 , 44.1794 , 0
-7.53285 , 44.2143 , 0
-7.53977 , 44.2492 , 0
-7.54668 , 44.2841 , 0
-7.5536 , 44.3189 , 0
-7.56052 , 44.3538 , 0
-7.56743 , 44.3887 , 0
-7.57435 , 44.4236 , 0
-7.58126 , 44.4585 , 0
-7.58818 , 44.4934 , 0
-7.5951 , 44.5283 , 0
-7.60201 , 44.5632 , 0
-7.60893 , 44.5981 , 0
-7.61585 , 44.633 , 0
-7.62276 , 44.6679 , 0
-7.62968 , 44.7028 , 0
-7.63659 , 44.7377 , 0
-7.64351 , 44.7726 , 0
-7.65043 , 44.8075 , 0
-7.65734 , 44.8424 , 0
-7.66426 , 44.8773 , 0
-7.67117 , 44.9122 , 0
-7.67809 , 44.9471 , 0
-7.68501 , 44.982 , 0
-7.69192 , 45.0169 , 0
-7.69884 , 45.0518 , 0
-7.70575 , 45.0867 , 0
-7.71267 , 45.1216 , 0
-7.71959 , 45.1565 , 0
-7.7265 , 45.1914 , 0
-7.73342 , 45.2263 , 0
-7.74033 , 45.2612 , 0
-7.74725 , 45.2961 , 0
-7.75416 , 45.3309 , 0
-7.76108 , 45.3658 , 0
-7.768 , 45.4007 , 0
-7.77491 , 45.4356 , 0
-7.78183 , 45.4705 , 0
-7.78874 , 45.5054 , 0
-7.79566 , 45.5403 , 0
-7.80257 , 45.5752 , 0
-7.80949 , 45.6101 , 0
-7.8164 , 45.645 , 0
-7.82332 , 45.6799 , 0
-7.83024 , 45.7148 , 0
-7.83715 , 45.7497 , 0
-7.84407 , 45.7846 , 0
-7.85098 , 45.8195 , 0
-7.8579 , 45.8543 , 0
-7.86481 , 45.8892 , 0
-7.87173 , 45.9241 , 0
-7.87864 , 45.959 , 0
-7.88556 , 45.9939 , 0
-7.89247 , 46.0288 , 0
-7.89939 , 46.0637 , 0
-7.9063 , 46.0986 , 0
-7.91322 , 46.1335 , 0
-7.92013 , 46.1684 , 0
-7.92705 , 46.2033 , 0
-7.93396 , 46.2382 , 0
-7.94088 , 46.273 , 0
-7.94779 , 46.3079 , 0
-7.95471 , 46.3428 , 0
-7.96162 , 46.3777 , 0
-7.96854 , 46.4126 , 0
-7.97545 , 46.4475 , 0
-7.98237 , 46.4824 , 0
-7.98928 , 46.5173 , 0
-7.9962 , 46.5522 , 0
-8.00311 , 46.5871 , 0
-8.01003 , 46.6219 , 0
-8.01694 , 46.6568 , 0
-8.02386 , 46.6917 , 0
-8.03077 , 46.7266 , 0
-8.03769 , 46.7615 , 0
-8.0446 , 46.7964 , 0
-8.05152 , 46.8313 , 0
-8.05843 , 46.8662 , 0
-8.06535 , 46.9011 , 0
-8.07226 , 46.9359 , 0
-8.07918 , 46.9708 , 0
-8.08609 , 47.0057 , 0
-8.09301 , 47.0406 , 0
-8.09992 , 47.0755 , 0
-8.10683 , 47.1104 , 0
-8.11375 , 47.1453 , 0
-8.12066 , 47.1802 , 0
-8.12758 , 47.215 , 0
-8.13449 , 47.2499 , 0
-8.14141 , 47.2848 , 0
-8.14832 , 47.3197 , 0
-8.15524 , 47.3546 , 0
-8.16215 , 47.3895 , 0
-8.16906 , 47.4244 , 0
-8.17598 , 47.4593 , 0
-8.18289 , 47.4941 , 0
-8.18981 , 47.529 , 0
-8.19672 , 47.5639 , 0
-8.20364 , 47.5988 , 0
-8.21055 , 47.6337 , 0
-8.21746 , 47.6686 , 0
-8.22438 , 47.7035 , 0
-8.23129 , 47.7383 , 0
-8.23821 , 47.7732 , 0
-8.24512 , 47.8081 , 0
-8.25203 , 47.843 , 0
-8.25895 , 47.8779 , 0
-8.26586 , 47.9128 , 0
-8.27278 , 47.9477 , 0
-8.27969 , 47.9825 , 0
-8.2866 , 48.0174 , 0
-8.29352 , 48.0523 , 0
-8.30043 , 48.0872 , 0
-8.30735 , 48.1221 , 0
-8.31426 , 48.157 , 0
-8.32117 , 48.1918 , 0
-8.32809 , 48.2267 , 0
-8.335 , 48.2616 , 0
-8.34192 , 48.2965 , 0
-8.34883 , 48.3314 , 0
-8.35574 , 48.3663 , 0
-8.36266 , 48.4011 , 0
-8.36957 , 48.436 , 0
-8.37648 , 48.4709 , 0
-8.3834 , 48.5058 , 0
-8.39031 , 48.5407 , 0
-8.39723 , 48.5756 , 0
-8.40414 , 48.6104 , 0
-8.41105 , 48.6453 , 0
-8.41797 , 48.6802 , 0
-8.42488 , 48.7151 , 0
-8.43179 , 48.75 , 0
-8.43871 , 48.7849 , 0
-8.44562 , 48.8197 , 0
-8.45253 , 48.8546 , 0
-8.45945 , 48.8895 , 0
-8.46636 , 48.9244 , 0
-8.47327 , 48.9593 , 0
-8.48019 , 48.9941 , 0
-8.4871 , 49.029 , 0
-8.49401 , 49.0639 , 0
-8.50093 , 49.0988 , 0
-8.50784 , 49.1337 , 0
-8.51475 , 49.1685 , 0
-8.52167 , 49.2034 , 0
-8.52858 , 49.2383 , 0
-8.53549 , 49.2732 , 0
-8.54241 , 49.3081 , 0
-8.54932 , 49.3429 , 0
-8.55623 , 49.3778 , 0
-8.56315 , 49.4127 , 0
-8.57006 , 49.4476 , 0
-8.57697 , 49.4825 , 0
-8.58389 , 49.5173 , 0
-8.5908 , 49.5522 , 0
-8.59771 , 49.5871 , 0
-8.60463 , 49.622 , 0
-8.61154 , 49.6569 , 0
-8.61845 , 49.6917 , 0
-8.62537 , 49.7266 , 0
-8.63228 , 49.7615 , 0
-8.63919 , 49.7964 , 0
-8.6461 , 49.8313 , 0
-8.65302 , 49.8661 , 0
-8.65993 , 49.901 , 0
-8.66684 , 49.9359 , 0
-8.67376 , 49.9708 , 0
-8.68067 , 50.0056 , 0
-8.68758 , 50.0405 , 0
-8.69449 , 50.0754 , 0
-8.70141 , 50.1103 , 0
-8.70832 , 50.1452 , 0
-8.71523 , 50.18 , 0
-8.72214 , 50.2149 , 0
-8.72906 , 50.2498 , 0
-8.73597 , 50.2847 , 0
-8.74288 , 50.3195 , 0
-8.7498 , 50.3544 , 0
-8.75671 , 50.3893 , 0
-8.76362 , 50.4242 , 0
-8.77053 , 50.459 , 0
-8.77745 , 50.4939 , 0
-8.78436 , 50.5288 , 0
-8.79127 , 50.5637 , 0
-8.79818 , 50.5985 , 0
-8.8051 , 50.6334 , 0
-8.81201 , 50.6683 , 0
-8.81892 , 50.7032 , 0
-8.82583 , 50.738 , 0
-8.83275 , 50.7729 , 0
-8.83966 , 50.8078 , 0
-8.84657 , 50.8427 , 0
-8.85348 , 50.8776 , 0
-8.86039 , 50.9124 , 0
-8.86731 , 50.9473 , 0
-8.87422 , 50.9822 , 0
-8.88113 , 51.017 , 0
-8.88804 , 51.0519 , 0
-8.89496 , 51.0868 , 0
-8.90187 , 51.1217 , 0
-8.90878 , 51.1565 , 0
-8.91569 , 51.1914 , 0
-8.92261 , 51.2263 , 0
-8.92952 , 51.2612 , 0
-8.93643 , 51.296 , 0
-8.94334 , 51.3309 , 0
-8.95025 , 51.3658 , 0
-8.95717 , 51.4007 , 0
-8.96408 , 51.4355 , 0
-8.97099 , 51.4704 , 0
-8.9779 , 51.5053 , 0
-8.98481 , 51.5402 , 0
-8.99173 , 51.575 , 0
-8.99864 , 51.6099 , 0
-9.00555 , 51.6448 , 0
-9.01246 , 51.6796 , 0
-9.01937 , 51.7145 , 0
-9.02629 , 51.7494 , 0
-9.0332 , 51.7843 , 0
-9.04011 , 51.8191 , 0
-9.04702 , 51.854 , 0
-9.05393 , 51.8889 , 0
-9.06084 , 51.9238 , 0
-9.06776 , 51.9586 , 0
-9.07467 , 51.9935 , 0
-9.08158 , 52.0284 , 0
-9.08849 , 52.0632 , 0
-9.0954 , 52.0981 , 0
-9.10231 , 52.133 , 0
-9.10923 , 52.1679 , 0
-9.11614 , 52.2027 , 0
-9.12305 , 52.2376 , 0
-9.12996 , 52.2725 , 0
-9.13687 , 52.3073 , 0
-9.14378 , 52.3422 , 0
-9.1507 , 52.3771 , 0
-9.15761 , 52.4119 , 0
-9.16452 , 52.4468 , 0
-9.17143 , 52.4817 , 0
-9.17834 , 52.5166 , 0
-9.18525 , 52.5514 , 0
-9.19216 , 52.5863 , 0
-9.19908 , 52.6212 , 0
-9.20599 , 52.656 , 0
-9.2129 , 52.6909 , 0
-9.21981 , 52.7258 , 0
-9.22672 , 52.7606 , 0
-9.23363 , 52.7955 , 0
-9.24054 , 52.8304 , 0
-9.24746 , 52.8653 , 0
-9.25437 , 52.9001 , 0
-9.26128 , 52.935 , 0
-9.26819 , 52.9699 , 0
-9.2751 , 53.0047 , 0
-9.28201 , 53.0396 , 0
-9.28892 , 53.0745 , 0
-9.29583 , 53.1093 , 0
-9.30275 , 53.1442 , 0
-9.30966 , 53.1791 , 0
-9.31657 , 53.2139 , 0
-9.32348 , 53.2488 , 0
-9.33039 , 53.2837 , 0
-9.3373 , 53.3185 , 0
-9.34421 , 53.3534 , 0
-9.35112 , 53.3883 , 0
-9.35803 , 53.4231 , 0
-9.36495 , 53.458 , 0
-9.37186 , 53.4929 , 0
-9.37877 , 53.5277 , 0
-9.38568 , 53.5626 , 0
-9.39259 , 53.5975 , 0
-9.3995 , 53.6323 , 0
-9.40641 , 53.6672 , 0
-9.41332 , 53.7021 , 0
-9.42023 , 53.7369 , 0
-9.42714 , 53.7718 , 0
-9.43405 , 53.8067 , 0
-9.44097 , 53.8415 , 0
-9.44788 , 53.8764 , 0
-9.45479 , 53.9113 , 0
-9.4617 , 53.9461 , 0
-9.46861 , 53.981 , 0
-9.47552 , 54.0159 , 0
-9.48243 , 54.0507 , 0
-9.48934 , 54.0856 , 0
-9.49625 , 54.1205 , 0
-9.50316 , 54.1553 , 0
-9.51007 , 54.1902 , 0
-9.51698 , 54.2251 , 0
-9.52389 , 54.2599 , 0
-9.5308 , 54.2948 , 0
-9.53772 , 54.3297 , 0
-9.54463 , 54.3645 , 0
-9.55154 , 54.3994 , 0
-9.55845 , 54.4343 , 0
-9.56536 , 54.4691 , 0
-9.57227 , 54.504 , 0
-9.57918 , 54.5388 , 0
-9.58609 , 54.5737 , 0
-9.593 , 54.6086 , 0
-9.59991 , 54.6434 , 0
-9.60682 , 54.6783 , 0
-9.61373 , 54.7132 , 0
-9.62064 , 54.748 , 0
-9.62755 , 54.7829 , 0
-9.63446 , 54.8178 , 0
-9.64137 , 54.8526 , 0
-9.64828 , 54.8875 , 0
-9.65519 , 54.9224 , 0
-9.6621 , 54.9572 , 0
-9.66901 , 54.9921 , 0
-9.67592 , 55.0269 , 0
-9.68283 , 55.0618 , 0
-9.68974 , 55.0967 , 0
-9.69665 , 55.1315 , 0
-9.70356 , 55.1664 , 0
-9.71047 , 55.2013 , 0
-9.71738 , 55.2361 , 0
-9.72429 , 55.271 , 0
-9.7312 , 55.3058 , 0
-9.73811 , 55.3407 , 0
-9.74502 , 55.3756 , 0
-9.75193 , 55.4104 , 0
-9.75884 , 55.4453 , 0
-9.76575 , 55.4802 , 0
-9.77266 , 55.515 , 0
-9.77957 , 55.5499 , 0
-9.78648 , 55.5847 , 0
-9.79339 , 55.6196 , 0
-9.8003 , 55.6545 , 0
-9.80721 , 55.6893 , 0
-9.81412 , 55.7242 , 0
-9.82103 , 55.759 , 0
-9.82794 , 55.7939 , 0
-9.83485 , 55.8288 , 0
-9.84176 , 55.8636 , 0
-9.84867 , 55.8985 , 0
-9.85558 , 55.9333 , 0
-9.86249 , 55.9682 , 0
-9.8694 , 56.0031 , 0
-9.87631 , 56.0379 , 0
-9.88322 , 56.0728 , 0
-9.89013 , 56.1076 , 0
-9.89704 , 56.1425 , 0
-9.90395 , 56.1774 , 0
-9.91086 , 56.2122 , 0
-9.91777 , 56.2471 , 0
-9.92468 , 56.2819 , 0
-9.93159 , 56.3168 , 0
-9.9385 , 56.3517 , 0
-9.94541 , 56.3865 , 0
-9.95232 , 56.4214 , 0
-9.95923 , 56.4562 , 0
-9.96614 , 56.4911 , 0
-9.97305 , 56.526 , 0
-9.97996 , 56.5608 , 0
-9.98687 , 56.5957 , 0
-9.99378 , 56.6305 , 0
-10.0007 , 56.6654 , 0
-10.0076 , 56.7003 , 0
-10.0145 , 56.7351 , 0
-10.0214 , 56.77 , 0
-10.0283 , 56.8048 , 0
-10.0352 , 56.8397 , 0
-10.0421 , 56.8746 , 0
-10.0491 , 56.9094 , 0
-10.056 , 56.9443 , 0
-10.0629 , 56.9791 , 0
-10.0698 , 57.014 , 0
-10.0767 , 57.0488 , 0
-10.0836 , 57.0837 , 0
-10.0905 , 57.1186 , 0
-10.0974 , 57.1534 , 0
-10.1043 , 57.1883 , 0
-10.1112 , 57.2231 , 0
-10.1181 , 57.258 , 0
-10.1251 , 57.2928 , 0
-10.132 , 57.3277 , 0
-10.1389 , 57.3626 , 0
-10.1458 , 57.3974 , 0
-10.1527 , 57.4323 , 0
-10.1596 , 57.4671 , 0
-10.1665 , 57.502 , 0
-10.1734 , 57.5368 , 0
-10.1803 , 57.5717 , 0
-10.1872 , 57.6066 , 0
-10.1941 , 57.6414 , 0
-10.2011 , 57.6763 , 0
-10.208 , 57.7111 , 0
-10.2149 , 57.746 , 0
-10.2218 , 57.7808 , 0
-10.2287 , 57.8157 , 0
-10.2356 , 57.8505 , 0
-10.2425 , 57.8854 , 0
-10.2494 , 57.9203 , 0
-10.2563 , 57.9551 , 0
-10.2632 , 57.99 , 0
-10.2701 , 58.0248 , 0
-10.2771 , 58.0597 , 0
-10.284 , 58.0945 , 0
-10.2909 , 58.1294 , 0
-10.2978 , 58.1642 , 0
-10.3047 , 58.1991 , 0
-10.3116 , 58.234 , 0
-10.3185 , 58.2688 , 0
-10.3254 , 58.3037 , 0
-10.3323 , 58.3385 , 0
-10.3392 , 58.3734 , 0
-10.3461 , 58.4082 , 0
-10.3531 , 58.4431 , 0
-10.36 , 58.4779 , 0
-10.3669 , 58.5128 , 0
-10.3738 , 58.5476 , 0
-10.3807 , 58.5825 , 0
-10.3876 , 58.6174 , 0
-10.3945 , 58.6522 , 0
-10.4014 , 58.6871 , 0
-10.4083 , 58.7219 , 0
-10.4152 , 58.7568 , 0
-10.4221 , 58.7916 , 0
-10.429 , 58.8265 , 0
-10.436 , 58.8613 , 0
-10.4429 , 58.8962 , 0
-10.4498 , 58.931 , 0
-10.4567 , 58.9659 , 0
-10.4636 , 59.0007 , 0
-10.4705 , 59.0356 , 0
-10.4774 , 59.0705 , 0
-10.4843 , 59.1053 , 0
-10.4912 , 59.1402 , 0
-10.4981 , 59.175 , 0
-10.505 , 59.2099 , 0
-10.5119 , 59.2447 , 0
-10.5189 , 59.2796 , 0
-10.5258 , 59.3144 , 0
-10.5327 , 59.3493 , 0
-10.5396 , 59.3841 , 0
-10.5465 , 59.419 , 0
-10.5534 , 59.4538 , 0
-10.5603 , 59.4887 , 0
-10.5672 , 59.5235 , 0
-10.5741 , 59.5584 , 0
-10.581 , 59.5932 , 0
-10.5879 , 59.6281 , 0
-10.5948 , 59.6629 , 0
-10.6018 , 59.6978 , 0
-10.6087 , 59.7326 , 0
-10.6156 , 59.7675 , 0
-10.6225 , 59.8023 , 0
-10.6294 , 59.8372 , 0
-10.6363 , 59.872 , 0
-10.6432 , 59.9069 , 0
-10.6501 , 59.9417 , 0
-10.657 , 59.9766 , 0
-10.6639 , 60.0115 , 0
-10.6708 , 60.0463 , 0
-10.6777 , 60.0812 , 0
-10.6847 , 60.116 , 0
-10.6916 , 60.1509 , 0
-10.6985 , 60.1857 , 0
-10.7054 , 60.2206 , 0
-10.7123 , 60.2554 , 0
-10.7192 , 60.2903 , 0
-10.7261 , 60.3251 , 0
-10.733 , 60.36 , 0
-10.7399 , 60.3948 , 0
-10.7468 , 60.4297 , 0
-10.7537 , 60.4645 , 0
-10.7606 , 60.4994 , 0
-10.7675 , 60.5342 , 0
-10.7745 , 60.5691 , 0
-10.7814 , 60.6039 , 0
-10.7883 , 60.6388 , 0
-10.7952 , 60.6736 , 0
-10.8021 , 60.7085 , 0
-10.809 , 60.7433 , 0
-10.8159 , 60.7782 , 0
-10.8228 , 60.813 , 0
-10.8297 , 60.8478 , 0
-10.8366 , 60.8827 , 0
-10.8435 , 60.9175 , 0
-10.8504 , 60.9524 , 0
-10.8574 , 60.9872 , 0
-10.8643 , 61.0221 , 0
-10.8712 , 61.0569 , 0
-10.8781 , 61.0918 , 0
-10.885 , 61.1266 , 0
-10.8919 , 61.1615 , 0
-10.8988 , 61.1963 , 0
-10.9057 , 61.2312 , 0
-10.9126 , 61.266 , 0
-10.9195 , 61.3009 , 0
-10.9264 , 61.3357 , 0
-10.9333 , 61.3706 , 0
-10.9402 , 61.4054 , 0
-10.9471 , 61.4403 , 0
-10.9541 , 61.4751 , 0
-10.961 , 61.51 , 0
-10.9679 , 61.5448 , 0
-10.9748 , 61.5797 , 0
-10.9817 , 61.6145 , 0
-10.9886 , 61.6494 , 0
-10.9955 , 61.6842 , 0
-11.0024 , 61.719 , 0
-11.0093 , 61.7539 , 0
-11.0162 , 61.7887 , 0
-11.0231 , 61.8236 , 0
-11.03 , 61.8584 , 0
-11.0369 , 61.8933 , 0
-11.0439 , 61.9281 , 0
-11.0508 , 61.963 , 0
-11.0577 , 61.9978 , 0
-11.0646 , 62.0327 , 0
-11.0715 , 62.0675 , 0
-11.0784 , 62.1024 , 0
-11.0853 , 62.1372 , 0
-11.0922 , 62.1721 , 0
-11.0991 , 62.2069 , 0
-11.106 , 62.2417 , 0
-11.1129 , 62.2766 , 0
-11.1198 , 62.3114 , 0
-11.1267 , 62.3463 , 0
-11.1336 , 62.3811 , 0
-11.1406 , 62.416 , 0
-11.1475 , 62.4508 , 0
-11.1544 , 62.4857 , 0
-11.1613 , 62.5205 , 0
-11.1682 , 62.5554 , 0
-11.1751 , 62.5902 , 0
-11.182 , 62.625 , 0
-11.1889 , 62.6599 , 0
-11.1958 , 62.6947 , 0
-11.2027 , 62.7296 , 0
-11.2096 , 62.7644 , 0
-11.2165 , 62.7993 , 0
-11.2234 , 62.8341 , 0
-11.2303 , 62.869 , 0
-11.2373 , 62.9038 , 0
-11.2442 , 62.9387 , 0
-11.2511 , 62.9735 , 0
-11.258 , 63.0083 , 0
-11.2649 , 63.0432 , 0
-11.2718 , 63.078 , 0
-11.2787 , 63.1129 , 0
-11.2856 , 63.1477 , 0
-11.2925 , 63.1826 , 0
-11.2994 , 63.2174 , 0
-11.3063 , 63.2522 , 0
-11.3132 , 63.2871 , 0
-11.3201 , 63.3219 , 0
-11.327 , 63.3568 , 0
-11.334 , 63.3916 , 0
-11.3409 , 63.4265 , 0
-11.3478 , 63.4613 , 0
-11.3547 , 63.4962 , 0
-11.3616 , 63.531 , 0
-11.3685 , 63.5658 , 0
-11.3754 , 63.6007 , 0
-11.3823 , 63.6355 , 0
-11.3892 , 63.6704 , 0
-11.3961 , 63.7052 , 0
-11.403 , 63.7401 , 0
-11.4099 , 63.7749 , 0
-11.4168 , 63.8097 , 0
-11.4237 , 63.8446 , 0
-11.4306 , 63.8794 , 0
-11.4376 , 63.9143 , 0
-11.4445 , 63.9491 , 0
-11.4514 , 63.984 , 0
-11.4583 , 64.0188 , 0
-11.4652 , 64.0536 , 0
-11.4721 , 64.0885 , 0
-11.479 , 64.1233 , 0
-11.4859 , 64.1582 , 0
-11.4928 , 64.193 , 0
-11.4997 , 64.2279 , 0
-11.5066 , 64.2627 , 0
-11.5135 , 64.2975 , 0
-11.5204 , 64.3324 , 0
-11.5273 , 64.3672 , 0
-11.5342 , 64.4021 , 0
-11.5412 , 64.4369 , 0
-11.5481 , 64.4717 , 0
-11.555 , 64.5066 , 0
-11.5619 , 64.5414 , 0
-11.5688 , 64.5763 , 0
-11.5757 , 64.6111 , 0
-11.5826 , 64.646 , 0
-11.5895 , 64.6808 , 0
-11.5964 , 64.7156 , 0
-11.6033 , 64.7505 , 0
-11.6102 , 64.7853 , 0
-11.6171 , 64.8202 , 0
-11.624 , 64.855 , 0
-11.6309 , 64.8898 , 0
-11.6378 , 64.9247 , 0
-11.6447 , 64.9595 , 0
-11.6517 , 64.9944 , 0
-11.6586 , 65.0292 , 0
-11.6655 , 65.064 , 0
-11.6724 , 65.0989 , 0
-11.6793 , 65.1337 , 0
-11.6862 , 65.1686 , 0
-11.6931 , 65.2034 , 0
-11.7 , 65.2382 , 0
-11.7069 , 65.2731 , 0
-11.7138 , 65.3079 , 0
-11.7207 , 65.3428 , 0
-11.7276 , 65.3776 , 0
-11.7345 , 65.4124 , 0
-11.7414 , 65.4473 , 0
-11.7483 , 65.4821 , 0
-11.7552 , 65.517 , 0
-11.7622 , 65.5518 , 0
-11.7691 , 65.5866 , 0
-11.776 , 65.6215 , 0
-11.7829 , 65.6563 , 0
-11.7898 , 65.6912 , 0
-11.7967 , 65.726 , 0
-11.8036 , 65.7608 , 0
-11.8105 , 65.7957 , 0
-11.8174 , 65.8305 , 0
-11.8243 , 65.8654 , 0
-11.8312 , 65.9002 , 0
-11.8381 , 65.935 , 0
-11.845 , 65.9699 , 0
-11.8519 , 66.0047 , 0
-11.8588 , 66.0395 , 0
-11.8657 , 66.0744 , 0
-11.8726 , 66.1092 , 0
-11.8796 , 66.1441 , 0
-11.8865 , 66.1789 , 0
-11.8934 , 66.2137 , 0
-11.9003 , 66.2486 , 0
-11.9072 , 66.2834 , 0
-11.9141 , 66.3183 , 0
-11.921 , 66.3531 , 0
-11.9279 , 66.3879 , 0
-11.9348 , 66.4228 , 0
-11.9417 , 66.4576 , 0
-11.9486 , 66.4924 , 0
-11.9555 , 66.5273 , 0
-11.9624 , 66.5621 , 0
-11.9693 , 66.597 , 0
-11.9762 , 66.6318 , 0
-11.9831 , 66.6666 , 0
-11.99 , 66.7015 , 0
-11.9969 , 66.7363 , 0
-12.0039 , 66.7711 , 0
-12.0108 , 66.806 , 0
-12.0177 , 66.8408 , 0
-12.0246 , 66.8757 , 0
-12.0315 , 66.9105 , 0
-12.0384 , 66.9453 , 0
-12.0453 , 66.9802 , 0
-12.0522 , 67.015 , 0
-12.0591 , 67.0498 , 0
-12.066 , 67.0847 , 0
-12.0729 , 67.1195 , 0
-12.0798 , 67.1543 , 0
-12.0867 , 67.1892 , 0
-12.0936 , 67.224 , 0
-12.1005 , 67.2589 , 0
-12.1074 , 67.2937 , 0
-12.1143 , 67.3285 , 0
-12.1212 , 67.3634 , 0
-12.1282 , 67.3982 , 0
-12.1351 , 67.433 , 0
-12.142 , 67.4679 , 0
-12.1489 , 67.5027 , 0
-12.1558 , 67.5375 , 0
-12.1627 , 67.5724 , 0
-12.1696 , 67.6072 , 0
-12.1765 , 67.6421 , 0
-12.1834 , 67.6769 , 0
-12.1903 , 67.7117 , 0
-12.1972 , 67.7466 , 0
-12.2041 , 67.7814 , 0
-12.211 , 67.8162 , 0
-12.2179 , 67.8511 , 0
-12.2248 , 67.8859 , 0
-12.2317 , 67.9207 , 0
-12.2386 , 67.9556 , 0
-12.2455 , 67.9904 , 0
-12.2525 , 68.0252 , 0
-12.2594 , 68.0601 , 0
-12.2663 , 68.0949 , 0
-12.2732 , 68.1297 , 0
-12.2801 , 68.1646 , 0
-12.287 , 68.1994 , 0
-12.2939 , 68.2342 , 0
-12.3008 , 68.2691 , 0
-12.3077 , 68.3039 , 0
-12.3146 , 68.3388 , 0
-12.3215 , 68.3736 , 0
-12.3284 , 68.4084 , 0
-12.3353 , 68.4433 , 0
-12.3422 , 68.4781 , 0
-12.3491 , 68.5129 , 0
-12.356 , 68.5478 , 0
-12.3629 , 68.5826 , 0
-12.3698 , 68.6174 , 0
-12.3767 , 68.6523 , 0
-12.3836 , 68.6871 , 0
-12.3906 , 68.7219 , 0
-12.3975 , 68.7568 , 0
-12.4044 , 68.7916 , 0
-12.4113 , 68.8264 , 0
-12.4182 , 68.8613 , 0
-12.4251 , 68.8961 , 0
-12.432 , 68.9309 , 0
-12.4389 , 68.9658 , 0
-12.4458 , 69.0006 , 0
-12.4527 , 69.0354 , 0
-12.4596 , 69.0703 , 0
-12.4665 , 69.1051 , 0
-12.4734 , 69.1399 , 0
-12.4803 , 69.1748 , 0
-12.4872 , 69.2096 , 0
-12.4941 , 69.2444 , 0
-12.501 , 69.2793 , 0
-12.5079 , 69.3141 , 0
-12.5148 , 69.3489 , 0
-12.5217 , 69.3838 , 0
-12.5287 , 69.4186 , 0
-12.5356 , 69.4534 , 0
-12.5425 , 69.4883 , 0
-12.5494 , 69.5231 , 0
-12.5563 , 69.5579 , 0
-12.5632 , 69.5928 , 0
-12.5701 , 69.6276 , 0
-12.577 , 69.6624 , 0
-12.5839 , 69.6972 , 0
-12.5908 , 69.7321 , 0
-12.5977 , 69.7669 , 0
-12.6046 , 69.8017 , 0
-12.6115 , 69.8366 , 0
-12.6184 , 69.8714 , 0
-12.6253 , 69.9062 , 0
-12.6322 , 69.9411 , 0
-12.6391 , 69.9759 , 0
-12.646 , 70.0107 , 0
-12.6529 , 70.0456 , 0
-12.6598 , 70.0804 , 0
-12.6667 , 70.1152 , 0
-12.6737 , 70.1501 , 0
-12.6806 , 70.1849 , 0
-12.6875 , 70.2197 , 0
-12.6944 , 70.2546 , 0
-12.7013 , 70.2894 , 0
-12.7082 , 70.3242 , 0
-12.7151 , 70.359 , 0
-12.722 , 70.3939 , 0
-12.7289 , 70.4287 , 0
-12.7358 , 70.4635 , 0
-12.7427 , 70.4984 , 0
-12.7496 , 70.5332 , 0
-12.7565 , 70.568 , 0
-12.7634 , 70.6029 , 0
-12.7703 , 70.6377 , 0
-12.7772 , 70.6725 , 0
-12.7841 , 70.7074 , 0
-12.791 , 70.7422 , 0
-12.7979 , 70.777 , 0
-12.8048 , 70.8118 , 0
-12.8117 , 70.8467 , 0
-12.8186 , 70.8815 , 0
-12.8256 , 70.9163 , 0
-12.8325 , 70.9512 , 0
-12.8394 , 70.986 , 0
-12.8463 , 71.0208 , 0
-12.8532 , 71.0557 , 0
-12.8601 , 71.0905 , 0
-12.867 , 71.1253 , 0
-12.8739 , 71.1601 , 0
-12.8808 , 71.195 , 0
-12.8877 , 71.2298 , 0
-12.8946 , 71.2646 , 0
-12.9015 , 71.2995 , 0
-12.9084 , 71.3343 , 0
-12.9153 , 71.3691 , 0
-12.9222 , 71.404 , 0
-12.9291 , 71.4388 , 0
-12.936 , 71.4736 , 0
-12.9429 , 71.5084 , 0
-12.9498 , 71.5433 , 0
-12.9567 , 71.5781 , 0
-12.9636 , 71.6129 , 0
-12.9705 , 71.6478 , 0
-12.9774 , 71.6826 , 0
-12.9843 , 71.7174 , 0
-12.9913 , 71.7522 , 0
-12.9982 , 71.7871 , 0
-13.0051 , 71.8219 , 0
-13.012 , 71.8567 , 0
-13.0189 , 71.8916 , 0
-13.0258 , 71.9264 , 0
-13.0327 , 71.9612 , 0
-13.0396 , 71.996 , 0
-13.0465 , 72.0309 , 0
-13.0534 , 72.0657 , 0
-13.0603 , 72.1005 , 0
-13.0672 , 72.1354 , 0
-13.0741 , 72.1702 , 0
-13.081 , 72.205 , 0
-13.0879 , 72.2398 , 0
-13.0948 , 72.2747 , 0
-13.1017 , 72.3095 , 0
-13.1086 , 72.3443 , 0
-13.1155 , 72.3792 , 0
-13.1224 , 72.414 , 0
-13.1293 , 72.4488 , 0
-13.1362 , 72.4836 , 0
-13.1431 , 72.5185 , 0
-13.15 , 72.5533 , 0
-13.1569 , 72.5881 , 0
-13.1639 , 72.6229 , 0
-13.1708 , 72.6578 , 0
-13.1777 , 72.6926 , 0
-13.1846 , 72.7274 , 0
-13.1915 , 72.7623 , 0
-13.1984 , 72.7971 , 0
-13.2053 , 72.8319 , 0
-13.2122 , 72.8667 , 0
-13.2191 , 72.9016 , 0
-13.226 , 72.9364 , 0
-13.2329 , 72.9712 , 0
-13.2398 , 73.006 , 0
-13.2467 , 73.0409 , 0
-13.2536 , 73.0757 , 0
-13.2605 , 73.1105 , 0
-13.2674 , 73.1454 , 0
-13.2743 , 73.1802 , 0
-13.2812 , 73.215 , 0
-13.2881 , 73.2498 , 0
-13.295 , 73.2847 , 0
-13.3019 , 73.3195 , 0
-13.3088 , 73.3543 , 0
-13.3157 , 73.3891 , 0
-13.3226 , 73.424 , 0
-13.3295 , 73.4588 , 0
-13.3364 , 73.4936 , 0
-13.3434 , 73.5284 , 0
-13.3503 , 73.5633 , 0
-13.3572 , 73.5981 , 0
-13.3641 , 73.6329 , 0
-13.371 , 73.6677 , 0
-13.3779 , 73.7026 , 0
-13.3848 , 73.7374 , 0
-13.3917 , 73.7722 , 0
-13.3986 , 73.8071 , 0
-13.4055 , 73.8419 , 0
-13.4124 , 73.8767 , 0
-13.4193 , 73.9115 , 0
-13.4262 , 73.9464 , 0
-13.4331 , 73.9812 , 0
-13.44 , 74.016 , 0
-13.4469 , 74.0508 , 0
-13.4538 , 74.0857 , 0
-13.4607 , 74.1205 , 0
-13.4676 , 74.1553 , 0
-13.4745 , 74.1901 , 0
-13.4814 , 74.225 , 0
-13.4883 , 74.2598 , 0
-13.4952 , 74.2946 , 0
-13.5021 , 74.3294 , 0
-13.509 , 74.3643 , 0
-13.5159 , 74.3991 , 0
-13.5228 , 74.4339 , 0
-13.5297 , 74.4687 , 0
-13.5367 , 74.5036 , 0
-13.5436 , 74.5384 , 0
-13.5505 , 74.5732 , 0
-13.5574 , 74.608 , 0
-13.5643 , 74.6429 , 0
-13.5712 , 74.6777 , 0
-13.5781 , 74.7125 , 0
-13.585 , 74.7473 , 0
-13.5919 , 74.7822 , 0
-13.5988 , 74.817 , 0
-13.6057 , 74.8518 , 0
-13.6126 , 74.8866 , 0
-13.6195 , 74.9214 , 0
-13.6264 , 74.9563 , 0
-13.6333 , 74.9911 , 0
-13.6402 , 75.0259 , 0
-13.6471 , 75.0607 , 0
-13.654 , 75.0956 , 0
-13.6609 , 75.1304 , 0
-13.6678 , 75.1652 , 0
-13.6747 , 75.2 , 0
-13.6816 , 75.2349 , 0
-13.6885 , 75.2697 , 0
-13.6954 , 75.3045 , 0
-13.7023 , 75.3393 , 0
-13.7092 , 75.3742 , 0
-13.7161 , 75.409 , 0
-13.723 , 75.4438 , 0
-13.7299 , 75.4786 , 0
-13.7368 , 75.5134 , 0
-13.7437 , 75.5483 , 0
-13.7507 , 75.5831 , 0
-13.7576 , 75.6179 , 0
-13.7645 , 75.6527 , 0
-13.7714 , 75.6876 , 0
-13.7783 , 75.7224 , 0
-13.7852 , 75.7572 , 0
-13.7921 , 75.792 , 0
-13.799 , 75.8269 , 0
-13.8059 , 75.8617 , 0
-13.8128 , 75.8965 , 0
-13.8197 , 75.9313 , 0
-13.8266 , 75.9661 , 0
-13.8335 , 76.001 , 0
-13.8404 , 76.0358 , 0
-13.8473 , 76.0706 , 0
-13.8542 , 76.1054 , 0
-13.8611 , 76.1403 , 0
-13.868 , 76.1751 , 0
-13.8749 , 76.2099 , 0
-13.8818 , 76.2447 , 0
-13.8887 , 76.2795 , 0
-13.8956 , 76.3144 , 0
-13.9025 , 76.3492 , 0
-13.9094 , 76.384 , 0
-13.9163 , 76.4188 , 0
-13.9232 , 76.4537 , 0
-13.9301 , 76.4885 , 0
-13.937 , 76.5233 , 0
-13.9439 , 76.5581 , 0
-13.9508 , 76.5929 , 0
-13.9577 , 76.6278 , 0
-13.9646 , 76.6626 , 0
-13.9715 , 76.6974 , 0
-13.9784 , 76.7322 , 0
-13.9854 , 76.7671 , 0
-13.9923 , 76.8019 , 0
-13.9992 , 76.8367 , 0
-14.0061 , 76.8715 , 0
-14.013 , 76.9063 , 0
-14.0199 , 76.9412 , 0
-14.0268 , 76.976 , 0
-14.0337 , 77.0108 , 0
-14.0406 , 77.0456 , 0
-14.0475 , 77.0804 , 0
-14.0544 , 77.1153 , 0
-14.0613 , 77.1501 , 0
-14.0682 , 77.1849 , 0
-14.0751 , 77.2197 , 0
-14.082 , 77.2545 , 0
-14.0889 , 77.2894 , 0
-14.0958 , 77.3242 , 0
-14.1027 , 77.359 , 0
-14.1096 , 77.3938 , 0
-14.1165 , 77.4287 , 0
-14.1234 , 77.4635 , 0
-14.1303 , 77.4983 , 0
-14.1372 , 77.5331 , 0
-14.1441 , 77.5679 , 0
-14.151 , 77.6028 , 0
-14.1579 , 77.6376 , 0
-14.1648 , 77.6724 , 0
-14.1717 , 77.7072 , 0
-14.1786 , 77.742 , 0
-14.1855 , 77.7769 , 0
-14.1924 , 77.8117 , 0
-14.1993 , 77.8465 , 0
-14.2062 , 77.8813 , 0
-14.2131 , 77.9161 , 0
-14.22 , 77.951 , 0
-14.2269 , 77.9858 , 0
-14.2338 , 78.0206 , 0
-14.2408 , 78.0554 , 0
-14.2477 , 78.0902 , 0
-14.2546 , 78.1251 , 0
-14.2615 , 78.1599 , 0
-14.2684 , 78.1947 , 0
-14.2753 , 78.2295 , 0
-14.2822 , 78.2643 , 0
-14.2891 , 78.2992 , 0
-14.296 , 78.334 , 0
-14.3029 , 78.3688 , 0
-14.3098 , 78.4036 , 0
-14.3167 , 78.4384 , 0
-14.3236 , 78.4732 , 0
-14.3305 , 78.5081 , 0
-14.3374 , 78.5429 , 0
-14.3443 , 78.5777 , 0
-14.3512 , 78.6125 , 0
-14.3581 , 78.6473 , 0
-14.365 , 78.6822 , 0
-14.3719 , 78.717 , 0
-14.3788 , 78.7518 , 0
-14.3857 , 78.7866 , 0
-14.3926 , 78.8214 , 0
-14.3995 , 78.8563 , 0
-14.4064 , 78.8911 , 0
-14.4133 , 78.9259 , 0
-14.4202 , 78.9607 , 0
-14.4271 , 78.9955 , 0
-14.434 , 79.0303 , 0
-14.4409 , 79.0652 , 0
-14.4478 , 79.1 , 0
-14.4547 , 79.1348 , 0
-14.4616 , 79.1696 , 0
-14.4685 , 79.2044 , 0
-14.4754 , 79.2393 , 0
-14.4823 , 79.2741 , 0
-14.4892 , 79.3089 , 0
-14.4961 , 79.3437 , 0
-14.503 , 79.3785 , 0
-14.5099 , 79.4134 , 0
-14.5168 , 79.4482 , 0
-14.5237 , 79.483 , 0
-14.5306 , 79.5178 , 0
-14.5375 , 79.5526 , 0
-14.5445 , 79.5874 , 0
-14.5514 , 79.6223 , 0
-14.5583 , 79.6571 , 0
-14.5652 , 79.6919 , 0
-14.5721 , 79.7267 , 0
-14.579 , 79.7615 , 0
-14.5859 , 79.7963 , 0
-14.5928 , 79.8312 , 0
-14.5997 , 79.866 , 0
-14.6066 , 79.9008 , 0
-14.6135 , 79.9356 , 0
-14.6204 , 79.9704 , 0
-14.6273 , 80.0052 , 0
-14.6342 , 80.0401 , 0
-14.6411 , 80.0749 , 0
-14.648 , 80.1097 , 0
-14.6549 , 80.1445 , 0
-14.6618 , 80.1793 , 0
-14.6687 , 80.2142 , 0
-14.6756 , 80.249 , 0
-14.6825 , 80.2838 , 0
-14.6894 , 80.3186 , 0
-14.6963 , 80.3534 , 0
-14.7032 , 80.3882 , 0
-14.7101 , 80.4231 , 0
-14.717 , 80.4579 , 0
-14.7239 , 80.4927 , 0
-14.7308 , 80.5275 , 0
-14.7377 , 80.5623 , 0
-14.7446 , 80.5971 , 0
-14.7515 , 80.632 , 0
-14.7584 , 80.6668 , 0
-14.7653 , 80.7016 , 0
-14.7722 , 80.7364 , 0
-14.7791 , 80.7712 , 0
-14.786 , 80.806 , 0
-14.7929 , 80.8409 , 0
-14.7998 , 80.8757 , 0
-14.8067 , 80.9105 , 0
-14.8136 , 80.9453 , 0
-14.8205 , 80.9801 , 0
-14.8274 , 81.0149 , 0
-14.8343 , 81.0497 , 0
-14.8412 , 81.0846 , 0
-14.8481 , 81.1194 , 0
-14.855 , 81.1542 , 0
-14.8619 , 81.189 , 0
-14.8688 , 81.2238 , 0
-14.8757 , 81.2586 , 0
-14.8826 , 81.2935 , 0
-14.8895 , 81.3283 , 0
-14.8965 , 81.3631 , 0
-14.9034 , 81.3979 , 0
-14.9103 , 81.4327 , 0
-14.9172 , 81.4675 , 0
-14.9241 , 81.5023 , 0
-14.931 , 81.5372 , 0
-14.9379 , 81.572 , 0
-14.9448 , 81.6068 , 0
-14.9517 , 81.6416 , 0
-14.9586 , 81.6764 , 0
-14.9655 , 81.7112 , 0
-14.9724 , 81.7461 , 0
-14.9793 , 81.7809 , 0
-14.9862 , 81.8157 , 0
-14.9931 , 81.8505 , 0
-15 , 81.8853 , 0
-15.0069 , 81.9201 , 0
-15.0138 , 81.9549 , 0
-15.0207 , 81.9898 , 0
-15.0276 , 82.0246 , 0
-15.0345 , 82.0594 , 0
-15.0414 , 82.0942 , 0
-15.0483 , 82.129 , 0
-15.0552 , 82.1638 , 0
-15.0621 , 82.1986 , 0
-15.069 , 82.2335 , 0
-15.0759 , 82.2683 , 0
-15.0828 , 82.3031 , 0
-15.0897 , 82.3379 , 0
-15.0966 , 82.3727 , 0
-15.1035 , 82.4075 , 0
-15.1104 , 82.4423 , 0
-15.1173 , 82.4772 , 0
-15.1242 , 82.512 , 0
-15.1311 , 82.5468 , 0
-15.138 , 82.5816 , 0
-15.1449 , 82.6164 , 0
-15.1518 , 82.6512 , 0
-15.1587 , 82.686 , 0
-15.1656 , 82.7209 , 0
-15.1725 , 82.7557 , 0
-15.1794 , 82.7905 , 0
-15.1863 , 82.8253 , 0
-15.1932 , 82.8601 , 0
-15.2001 , 82.8949 , 0
-15.207 , 82.9297 , 0
-15.2139 , 82.9646 , 0
-15.2208 , 82.9994 , 0
-15.2277 , 83.0342 , 0
-15.2346 , 83.069 , 0
-15.2415 , 83.1038 , 0
-15.2484 , 83.1386 , 0
-15.2553 , 83.1734 , 0
-15.2622 , 83.2083 , 0
-15.2691 , 83.2431 , 0
-15.276 , 83.2779 , 0
-15.2829 , 83.3127 , 0
-15.2898 , 83.3475 , 0
-15.2967 , 83.3823 , 0
-15.3036 , 83.4171 , 0
-15.3105 , 83.4519 , 0
-15.3174 , 83.4868 , 0
-15.3243 , 83.5216 , 0
-15.3312 , 83.5564 , 0
-15.3381 , 83.5912 , 0
-15.345 , 83.626 , 0
-15.3519 , 83.6608 , 0
-15.3588 , 83.6956 , 0
-15.3658 , 83.7304 , 0
-15.3727 , 83.7653 , 0
-15.3796 , 83.8001 , 0
-15.3865 , 83.8349 , 0
-15.3934 , 83.8697 , 0
-15.4003 , 83.9045 , 0
-15.4072 , 83.9393 , 0
-15.4141 , 83.9741 , 0
-15.421 , 84.0089 , 0
-15.4279 , 84.0438 , 0
-15.4348 , 84.0786 , 0
-15.4417 , 84.1134 , 0
-15.4486 , 84.1482 , 0
-15.4555 , 84.183 , 0
-15.4624 , 84.2178 , 0
-15.4693 , 84.2526 , 0
-15.4762 , 84.2874 , 0
-15.4831 , 84.3223 , 0
-15.49 , 84.3571 , 0
-15.4969 , 84.3919 , 0
-15.5038 , 84.4267 , 0
-15.5107 , 84.4615 , 0
-15.5176 , 84.4963 , 0
-15.5245 , 84.5311 , 0
-15.5314 , 84.5659 , 0
-15.5383 , 84.6008 , 0
-15.5452 , 84.6356 , 0
-15.5521 , 84.6704 , 0
-15.559 , 84.7052 , 0
-15.5659 , 84.74 , 0
-15.5728 , 84.7748 , 0
-15.5797 , 84.8096 , 0
-15.5866 , 84.8444 , 0
-15.5935 , 84.8792 , 0
-15.6004 , 84.9141 , 0
-15.6073 , 84.9489 , 0
-15.6142 , 84.9837 , 0
-15.6211 , 85.0185 , 0
-15.628 , 85.0533 , 0
-15.6349 , 85.0881 , 0
-15.6418 , 85.1229 , 0
-15.6487 , 85.1577 , 0
-15.6556 , 85.1925 , 0
-15.6625 , 85.2274 , 0
-15.6694 , 85.2622 , 0
-15.6763 , 85.297 , 0
-15.6832 , 85.3318 , 0
-15.6901 , 85.3666 , 0
-15.697 , 85.4014 , 0
-15.7039 , 85.4362 , 0
-15.7108 , 85.471 , 0
-15.7177 , 85.5058 , 0
-15.7246 , 85.5407 , 0
-15.7315 , 85.5755 , 0
-15.7384 , 85.6103 , 0
-15.7453 , 85.6451 , 0
-15.7522 , 85.6799 , 0
-15.7591 , 85.7147 , 0
-15.766 , 85.7495 , 0
-15.7729 , 85.7843 , 0
-15.7798 , 85.8191 , 0
-15.7867 , 85.854 , 0
-15.7936 , 85.8888 , 0
-15.8005 , 85.9236 , 0
-15.8074 , 85.9584 , 0
-15.8143 , 85.9932 , 0
-15.8212 , 86.028 , 0
-15.8281 , 86.0628 , 0
-15.835 , 86.0976 , 0
-15.8419 , 86.1324 , 0
-15.8488 , 86.1672 , 0
-15.8557 , 86.2021 , 0
-15.8626 , 86.2369 , 0
-15.8695 , 86.2717 , 0
-15.8764 , 86.3065 , 0
-15.8833 , 86.3413 , 0
-15.8902 , 86.3761 , 0
-15.8971 , 86.4109 , 0
-15.904 , 86.4457 , 0
-15.9109 , 86.4805 , 0
-15.9178 , 86.5153 , 0
-15.9247 , 86.5502 , 0
-15.9316 , 86.585 , 0
-15.9385 , 86.6198 , 0
-15.9454 , 86.6546 , 0
-15.9523 , 86.6894 , 0
-15.9592 , 86.7242 , 0
-15.9661 , 86.759 , 0
-15.973 , 86.7938 , 0
-15.9799 , 86.8286 , 0
-15.9868 , 86.8634 , 0
-15.9937 , 86.8982 , 0
-16.0006 , 86.9331 , 0
-16.0075 , 86.9679 , 0
-16.0144 , 87.0027 , 0
-16.0213 , 87.0375 , 0
-16.0282 , 87.0723 , 0
-16.0351 , 87.1071 , 0
-16.042 , 87.1419 , 0
-16.0489 , 87.1767 , 0
-16.0558 , 87.2115 , 0
-16.0627 , 87.2463 , 0
-16.0696 , 87.2811 , 0
-16.0765 , 87.316 , 0
-16.0834 , 87.3508 , 0
-16.0903 , 87.3856 , 0
-16.0972 , 87.4204 , 0
-16.1041 , 87.4552 , 0
-16.111 , 87.49 , 0
-16.1179 , 87.5248 , 0
-16.1248 , 87.5596 , 0
-16.1317 , 87.5944 , 0
-16.1386 , 87.6292 , 0
-16.1455 , 87.664 , 0
-16.1524 , 87.6988 , 0
-16.1593 , 87.7337 , 0
-16.1662 , 87.7685 , 0
-16.1731 , 87.8033 , 0
-16.18 , 87.8381 , 0
-16.1869 , 87.8729 , 0
-16.1938 , 87.9077 , 0
-16.2007 , 87.9425 , 0
-16.2076 , 87.9773 , 0
-16.2145 , 88.0121 , 0
-16.2214 , 88.0469 , 0
-16.2283 , 88.0817 , 0
-16.2352 , 88.1165 , 0
-16.2421 , 88.1514 , 0
-16.249 , 88.1862 , 0
-16.2559 , 88.221 , 0
-16.2628 , 88.2558 , 0
-16.2697 , 88.2906 , 0
-16.2766 , 88.3254 , 0
-16.2835 , 88.3602 , 0
-16.2904 , 88.395 , 0
-16.2973 , 88.4298 , 0
-16.3042 , 88.4646 , 0
-16.3112 , 88.4994 , 0
-16.3181 , 88.5342 , 0
-16.325 , 88.569 , 0
-16.3319 , 88.6039 , 0
-16.3388 , 88.6387 , 0
-16.3457 , 88.6735 , 0
-16.3526 , 88.7083 , 0
-16.3595 , 88.7431 , 0
-16.3664 , 88.7779 , 0
-16.3733 , 88.8127 , 0
-16.3802 , 88.8475 , 0
-16.3871 , 88.8823 , 0
-16.394 , 88.9171 , 0
-16.4009 , 88.9519 , 0
-16.4078 , 88.9867 , 0
-16.4147 , 89.0215 , 0
-16.4216 , 89.0563 , 0
-16.4285 , 89.0912 , 0
-16.4354 , 89.126 , 0
-16.4423 , 89.1608 , 0
-16.4492 , 89.1956 , 0
-16.4561 , 89.2304 , 0
-16.463 , 89.2652 , 0
-16.4699 , 89.3 , 0
-16.4768 , 89.3348 , 0
-16.4837 , 89.3696 , 0
-16.4906 , 89.4044 , 0
-16.4975 , 89.4392 , 0
-16.5044 , 89.474 , 0
-16.5113 , 89.5088 , 0
-16.5182 , 89.5436 , 0
-16.5251 , 89.5785 , 0
-16.532 , 89.6133 , 0
-16.5389 , 89.6481 , 0
-16.5458 , 89.6829 , 0
-16.5527 , 89.7177 , 0
-16.5596 , 89.7525 , 0
-16.5665 , 89.7873 , 0
-16.5734 , 89.8221 , 0
-16.5803 , 89.8569 , 0
-16.5872 , 89.8917 , 0
-16.5941 , 89.9265 , 0
-16.601 , 89.9613 , 0
-16.6079 , 89.9961 , 0
-16.6148 , 90.0309 , 0
-16.6217 , 90.0657 , 0
-16.6286 , 90.1005 , 0
-16.6355 , 90.1353 , 0
-16.6424 , 90.1702 , 0
-16.6493 , 90.205 , 0
-16.6562 , 90.2398 , 0
-16.6631 , 90.2746 , 0
-16.67 , 90.3094 , 0
-16.6769 , 90.3442 , 0
-16.6838 , 90.379 , 0
-16.6907 , 90.4138 , 0
-16.6976 , 90.4486 , 0
-16.7045 , 90.4834 , 0
-16.7114 , 90.5182 , 0
-16.7183 , 90.553 , 0
-16.7252 , 90.5878 , 0
-16.7321 , 90.6226 , 0
-16.739 , 90.6574 , 0
-16.7459 , 90.6922 , 0
-16.7528 , 90.727 , 0
-16.7597 , 90.7618 , 0
-16.7666 , 90.7967 , 0
-16.7735 , 90.8315 , 0
-16.7804 , 90.8663 , 0
-16.7873 , 90.9011 , 0
-16.7942 , 90.9359 , 0
-16.8011 , 90.9707 , 0
-16.808 , 91.0055 , 0
-16.8149 , 91.0403 , 0
-16.8218 , 91.0751 , 0
-16.8287 , 91.1099 , 0
-16.8356 , 91.1447 , 0
-16.8425 , 91.1795 , 0
-16.8494 , 91.2143 , 0
-16.8563 , 91.2491 , 0
-16.8632 , 91.2839 , 0
-16.87 , 91.3187 , 0
-16.8769 , 91.3535 , 0
-16.8838 , 91.3883 , 0
-16.8907 , 91.4231 , 0
-16.8976 , 91.4579 , 0
-16.9045 , 91.4928 , 0
-16.9114 , 91.5276 , 0
-16.9183 , 91.5624 , 0
-16.9252 , 91.5972 , 0
-16.9321 , 91.632 , 0
-16.939 , 91.6668 , 0
-16.9459 , 91.7016 , 0
-16.9528 , 91.7364 , 0
-16.9597 , 91.7712 , 0
-16.9666 , 91.806 , 0
-16.9735 , 91.8408 , 0
-16.9804 , 91.8756 , 0
-16.9873 , 91.9104 , 0
-16.9942 , 91.9452 , 0
-17.0011 , 91.98 , 0
-17.008 , 92.0148 , 0
-17.0149 , 92.0496 , 0
-17.0218 , 92.0844 , 0
-17.0287 , 92.1192 , 0
-17.0356 , 92.154 , 0
-17.0425 , 92.1888 , 0
-17.0494 , 92.2236 , 0
-17.0563 , 92.2584 , 0
-17.0632 , 92.2933 , 0
-17.0701 , 92.3281 , 0
-17.077 , 92.3629 , 0
-17.0839 , 92.3977 , 0
-17.0908 , 92.4325 , 0
-17.0977 , 92.4673 , 0
-17.1046 , 92.5021 , 0
-17.1115 , 92.5369 , 0
-17.1184 , 92.5717 , 0
-17.1253 , 92.6065 , 0
-17.1322 , 92.6413 , 0
-17.1391 , 92.6761 , 0
-17.146 , 92.7109 , 0
-17.1529 , 92.7457 , 0
-17.1598 , 92.7805 , 0
-17.1667 , 92.8153 , 0
-17.1736 , 92.8501 , 0
-17.1805 , 92.8849 , 0
-17.1874 , 92.9197 , 0
-17.1943 , 92.9545 , 0
-17.2012 , 92.9893 , 0
-17.2081 , 93.0241 , 0
-17.215 , 93.0589 , 0
-17.2219 , 93.0937 , 0
-17.2288 , 93.1285 , 0
-17.2357 , 93.1633 , 0
-17.2426 , 93.1981 , 0
-17.2495 , 93.2329 , 0
-17.2564 , 93.2677 , 0
-17.2633 , 93.3025 , 0
-17.2702 , 93.3374 , 0
-17.2771 , 93.3722 , 0
-17.284 , 93.407 , 0
-17.2909 , 93.4418 , 0
-17.2978 , 93.4766 , 0
-17.3047 , 93.5114 , 0
-17.3116 , 93.5462 , 0
-17.3185 , 93.581 , 0
-17.3254 , 93.6158 , 0
-17.3323 , 93.6506 , 0
-17.3392 , 93.6854 , 0
-17.3461 , 93.7202 , 0
-17.353 , 93.755 , 0
-17.3599 , 93.7898 , 0
-17.3668 , 93.8246 , 0
-17.3737 , 93.8594 , 0
-17.3806 , 93.8942 , 0
-17.3875 , 93.929 , 0
-17.3944 , 93.9638 , 0
-17.4013 , 93.9986 , 0
-17.4082 , 94.0334 , 0
-17.4151 , 94.0682 , 0
-17.422 , 94.103 , 0
-17.4289 , 94.1378 , 0
-17.4358 , 94.1726 , 0
-17.4427 , 94.2074 , 0
-17.4496 , 94.2422 , 0
-17.4565 , 94.277 , 0
-17.4634 , 94.3118 , 0
-17.4703 , 94.3466 , 0
-17.4772 , 94.3814 , 0
-17.4841 , 94.4162 , 0
-17.491 , 94.451 , 0
-17.4979 , 94.4858 , 0
-17.5048 , 94.5206 , 0
-17.5117 , 94.5554 , 0
-17.5186 , 94.5902 , 0
-17.5255 , 94.625 , 0
-17.5324 , 94.6598 , 0
-17.5393 , 94.6946 , 0
-17.5462 , 94.7294 , 0
-17.5531 , 94.7642 , 0
-17.56 , 94.799 , 0
-17.5669 , 94.8338 , 0
-17.5738 , 94.8686 , 0
-17.5807 , 94.9034 , 0
-17.5876 , 94.9382 , 0
-17.5945 , 94.973 , 0
-17.6014 , 95.0078 , 0
-17.6083 , 95.0427 , 0
-17.6152 , 95.0775 , 0
-17.6221 , 95.1123 , 0
-17.629 , 95.1471 , 0
-17.6359 , 95.1819 , 0
-17.6428 , 95.2167 , 0
-17.6497 , 95.2515 , 0
-17.6566 , 95.2863 , 0
-17.6635 , 95.3211 , 0
-17.6704 , 95.3559 , 0
-17.6773 , 95.3907 , 0
-17.6842 , 95.4255 , 0
-17.6911 , 95.4603 , 0
-17.698 , 95.4951 , 0
-17.7049 , 95.5299 , 0
-17.7118 , 95.5647 , 0
-17.7187 , 95.5995 , 0
-17.7256 , 95.6343 , 0
-17.7325 , 95.6691 , 0
-17.7394 , 95.7039 , 0
-17.7463 , 95.7387 , 0
-17.7532 , 95.7735 , 0
-17.7601 , 95.8083 , 0
-17.767 , 95.8431 , 0
-17.7739 , 95.8779 , 0
-17.7808 , 95.9127 , 0
-17.7877 , 95.9475 , 0
-17.7946 , 95.9823 , 0
-17.8015 , 96.0171 , 0
-17.8084 , 96.0519 , 0
-17.8153 , 96.0867 , 0
-17.8222 , 96.1215 , 0
-17.8291 , 96.1563 , 0
-17.836 , 96.1911 , 0
-17.8429 , 96.2259 , 0
-17.8498 , 96.2607 , 0
-17.8567 , 96.2955 , 0
-17.8636 , 96.3303 , 0
-17.8704 , 96.3651 , 0
-17.8773 , 96.3999 , 0
-17.8842 , 96.4347 , 0
-17.8911 , 96.4695 , 0
-17.898 , 96.5043 , 0
-17.9049 , 96.5391 , 0
-17.9118 , 96.5739 , 0
-17.9187 , 96.6087 , 0
-17.9256 , 96.6435 , 0
-17.9325 , 96.6783 , 0
-17.9394 , 96.7131 , 0
-17.9463 , 96.7479 , 0
-17.9532 , 96.7827 , 0
-17.9601 , 96.8175 , 0
-17.967 , 96.8523 , 0
-17.9739 , 96.8871 , 0
-17.9808 , 96.9219 , 0
-17.9877 , 96.9567 , 0
-17.9946 , 96.9915 , 0
-18.0015 , 97.0263 , 0
-18.0084 , 97.0611 , 0
-18.0153 , 97.0959 , 0
-18.0222 , 97.1307 , 0
-18.0291 , 97.1655 , 0
-18.036 , 97.2003 , 0
-18.0429 , 97.2351 , 0
-18.0498 , 97.2699 , 0
-18.0567 , 97.3047 , 0
-18.0636 , 97.3395 , 0
-18.0705 , 97.3743 , 0
-18.0774 , 97.4091 , 0
-18.0843 , 97.4439 , 0
-18.0912 , 97.4787 , 0
-18.0981 , 97.5135 , 0
-18.105 , 97.5483 , 0
-18.1119 , 97.5831 , 0
-18.1188 , 97.6179 , 0
-18.1257 , 97.6527 , 0
-18.1326 , 97.6875 , 0
-18.1395 , 97.7223 , 0
-18.1464 , 97.7571 , 0
-18.1533 , 97.7919 , 0
-18.1602 , 97.8267 , 0
-18.1671 , 97.8615 , 0
-18.174 , 97.8963 , 0
-18.1809 , 97.9311 , 0
-18.1878 , 97.9659 , 0
-18.1947 , 98.0007 , 0
-18.2016 , 98.0355 , 0
-18.2085 , 98.0702 , 0
-18.2154 , 98.105 , 0
-18.2223 , 98.1398 , 0
-18.2292 , 98.1746 , 0
-18.2361 , 98.2094 , 0
-18.243 , 98.2442 , 0
-18.2499 , 98.279 , 0
-18.2568 , 98.3138 , 0
-18.2637 , 98.3486 , 0
-18.2706 , 98.3834 , 0
-18.2775 , 98.4182 , 0
-18.2844 , 98.453 , 0
-18.2913 , 98.4878 , 0
-18.2982 , 98.5226 , 0
-18.3051 , 98.5574 , 0
-18.312 , 98.5922 , 0
-18.3189 , 98.627 , 0
-18.3258 , 98.6618 , 0
-18.3327 , 98.6966 , 0
-18.3396 , 98.7314 , 0
-18.3465 , 98.7662 , 0
-18.3534 , 98.801 , 0
-18.3603 , 98.8358 , 0
-18.3672 , 98.8706 , 0
-18.3741 , 98.9054 , 0
-18.381 , 98.9402 , 0
-18.3879 , 98.975 , 0
-18.3947 , 99.0098 , 0
-18.4016 , 99.0446 , 0
-18.4085 , 99.0794 , 0
-18.4154 , 99.1142 , 0
-18.4223 , 99.149 , 0
-18.4292 , 99.1838 , 0
-18.4361 , 99.2186 , 0
-18.443 , 99.2534 , 0
-18.4499 , 99.2882 , 0
-18.4568 , 99.323 , 0
-18.4637 , 99.3578 , 0
-18.4706 , 99.3926 , 0
-18.4775 , 99.4274 , 0
-18.4844 , 99.4622 , 0
-18.4913 , 99.497 , 0
-18.4982 , 99.5318 , 0
-18.5051 , 99.5666 , 0
-18.512 , 99.6014 , 0
-18.5189 , 99.6362 , 0
-18.5258 , 99.671 , 0
-18.5327 , 99.7058 , 0
-18.5396 , 99.7406 , 0
-18.5465 , 99.7753 , 0
-18.5534 , 99.8101 , 0
-18.5603 , 99.8449 , 0
-18.5672 , 99.8797 , 0
-18.5741 , 99.9145 , 0
-18.581 , 99.9493 , 0
-18.5879 , 99.9841 , 0
-18.5948 , 100.019 , 0
-18.6017 , 100.054 , 0
-18.6086 , 100.089 , 0
-18.6155 , 100.123 , 0
-18.6224 , 100.158 , 0
-18.6293 , 100.193 , 0
-18.6362 , 100.228 , 0
-18.6431 , 100.263 , 0
-18.65 , 100.297 , 0
-18.6569 , 100.332 , 0
-18.6638 , 100.367 , 0
-18.6707 , 100.402 , 0
-18.6776 , 100.436 , 0
-18.6845 , 100.471 , 0
-18.6914 , 100.506 , 0
-18.6983 , 100.541 , 0
-18.7052 , 100.576 , 0
-18.7121 , 100.61 , 0
-18.719 , 100.645 , 0
-18.7259 , 100.68 , 0
-18.7328 , 100.715 , 0
-18.7397 , 100.75 , 0
-18.7466 , 100.784 , 0
-18.7535 , 100.819 , 0
-18.7604 , 100.854 , 0
-18.7673 , 100.889 , 0
-18.7742 , 100.924 , 0
-18.7811 , 100.958 , 0
-18.788 , 100.993 , 0
-18.7949 , 101.028 , 0
-18.8018 , 101.063 , 0
-18.8086 , 101.098 , 0
-18.8155 , 101.132 , 0
-18.8224 , 101.167 , 0
-18.8293 , 101.202 , 0
-18.8362 , 101.237 , 0
-18.8431 , 101.272 , 0
-18.85 , 101.306 , 0
-18.8569 , 101.341 , 0
-18.8638 , 101.376 , 0
-18.8707 , 101.411 , 0
-18.8776 , 101.446 , 0
-18.8845 , 101.48 , 0
-18.8914 , 101.515 , 0
-18.8983 , 101.55 , 0
-18.9052 , 101.585 , 0
-18.9121 , 101.62 , 0
-18.919 , 101.654 , 0
-18.9259 , 101.689 , 0
-18.9328 , 101.724 , 0
-18.9397 , 101.759 , 0
-18.9466 , 101.794 , 0
-18.9535 , 101.828 , 0
-18.9604 , 101.863 , 0
-18.9673 , 101.898 , 0
-18.9742 , 101.933 , 0
-18.9811 , 101.968 , 0
-18.988 , 102.002 , 0
-18.9949 , 102.037 , 0
-19.0018 , 102.072 , 0
-19.0087 , 102.107 , 0
-19.0156 , 102.142 , 0
-19.0225 , 102.176 , 0
-19.0294 , 102.211 , 0
-19.0363 , 102.246 , 0
-19.0432 , 102.281 , 0
-19.0501 , 102.315 , 0
-19.057 , 102.35 , 0
-19.0639 , 102.385 , 0
-19.0708 , 102.42 , 0
-19.0777 , 102.455 , 0
-19.0846 , 102.489 , 0
-19.0915 , 102.524 , 0
-19.0984 , 102.559 , 0
-19.1053 , 102.594 , 0
-19.1122 , 102.629 , 0
-19.1191 , 102.663 , 0
-19.126 , 102.698 , 0
-19.1329 , 102.733 , 0
-19.1398 , 102.768 , 0
-19.1467 , 102.803 , 0
-19.1536 , 102.837 , 0
-19.1604 , 102.872 , 0
-19.1673 , 102.907 , 0
-19.1742 , 102.942 , 0
-19.1811 , 102.977 , 0
-19.188 , 103.011 , 0
-19.1949 , 103.046 , 0
-19.2018 , 103.081 , 0
-19.2087 , 103.116 , 0
-19.2156 , 103.151 , 0
-19.2225 , 103.185 , 0
-19.2294 , 103.22 , 0
-19.2363 , 103.255 , 0
-19.2432 , 103.29 , 0
-19.2501 , 103.325 , 0
-19.257 , 103.359 , 0
-19.2639 , 103.394 , 0
-19.2708 , 103.429 , 0
-19.2777 , 103.464 , 0
-19.2846 , 103.499 , 0
-19.2915 , 103.533 , 0
-19.2984 , 103.568 , 0
-19.3053 , 103.603 , 0
-19.3122 , 103.638 , 0
-19.3191 , 103.672 , 0
-19.326 , 103.707 , 0
-19.3329 , 103.742 , 0
-19.3398 , 103.777 , 0
-19.3467 , 103.812 , 0
-19.3536 , 103.846 , 0
-19.3605 , 103.881 , 0
-19.3674 , 103.916 , 0
-19.3743 , 103.951 , 0
-19.3812 , 103.986 , 0
-19.3881 , 104.02 , 0
-19.395 , 104.055 , 0
-19.4019 , 104.09 , 0
-19.4088 , 104.125 , 0
-19.4157 , 104.16 , 0
-19.4226 , 104.194 , 0
-19.4295 , 104.229 , 0
-19.4364 , 104.264 , 0
-19.4433 , 104.299 , 0
-19.4502 , 104.334 , 0
-19.4571 , 104.368 , 0
-19.464 , 104.403 , 0
-19.4708 , 104.438 , 0
-19.4777 , 104.473 , 0
-19.4846 , 104.508 , 0
-19.4915 , 104.542 , 0
-19.4984 , 104.577 , 0
-19.5053 , 104.612 , 0
-19.5122 , 104.647 , 0
-19.5191 , 104.681 , 0
-19.526 , 104.716 , 0
-19.5329 , 104.751 , 0
-19.5398 , 104.786 , 0
-19.5467 , 104.821 , 0
-19.5536 , 104.855 , 0
-19.5605 , 104.89 , 0
-19.5674 , 104.925 , 0
-19.5743 , 104.96 , 0
-19.5812 , 104.995 , 0
-19.5881 , 105.029 , 0
-19.595 , 105.064 , 0
-19.6019 , 105.099 , 0
-19.6088 , 105.134 , 0
-19.6157 , 105.169 , 0
-19.6226 , 105.203 , 0
-19.6295 , 105.238 , 0
-19.6364 , 105.273 , 0
-19.6433 , 105.308 , 0
-19.6502 , 105.343 , 0
-19.6571 , 105.377 , 0
-19.664 , 105.412 , 0
-19.6709 , 105.447 , 0
-19.6778 , 105.482 , 0
-19.6847 , 105.517 , 0
-19.6916 , 105.551 , 0
-19.6985 , 105.586 , 0
-19.7054 , 105.621 , 0
-19.7123 , 105.656 , 0
-19.7192 , 105.69 , 0
-19.7261 , 105.725 , 0
-19.733 , 105.76 , 0
-19.7399 , 105.795 , 0
-19.7468 , 105.83 , 0
-19.7537 , 105.864 , 0
-19.7605 , 105.899 , 0
-19.7674 , 105.934 , 0
-19.7743 , 105.969 , 0
-19.7812 , 106.004 , 0
-19.7881 , 106.038 , 0
-19.795 , 106.073 , 0
-19.8019 , 106.108 , 0
-19.8088 , 106.143 , 0
-19.8157 , 106.178 , 0
-19.8226 , 106.212 , 0
-19.8295 , 106.247 , 0
-19.8364 , 106.282 , 0
-19.8433 , 106.317 , 0
-19.8502 , 106.352 , 0
-19.8571 , 106.386 , 0
-19.864 , 106.421 , 0
-19.8709 , 106.456 , 0
-19.8778 , 106.491 , 0
-19.8847 , 106.526 , 0
-19.8916 , 106.56 , 0
-19.8985 , 106.595 , 0
-19.9054 , 106.63 , 0
-19.9123 , 106.665 , 0
-19.9192 , 106.699 , 0
-19.9261 , 106.734 , 0
-19.933 , 106.769 , 0
-19.9399 , 106.804 , 0
-19.9468 , 106.839 , 0
-19.9537 , 106.873 , 0
-19.9606 , 106.908 , 0
-19.9675 , 106.943 , 0
-19.9744 , 106.978 , 0
-19.9813 , 107.013 , 0
-19.9882 , 107.047 , 0
-19.9951 , 107.082 , 0
-20.002 , 107.117 , 0
-20.0089 , 107.152 , 0
-20.0158 , 107.187 , 0
-20.0226 , 107.221 , 0
-20.0295 , 107.256 , 0
-20.0364 , 107.291 , 0
-20.0433 , 107.326 , 0
-20.0502 , 107.361 , 0
-20.0571 , 107.395 , 0
-20.064 , 107.43 , 0
-20.0709 , 107.465 , 0
-20.0778 , 107.5 , 0
-20.0847 , 107.534 , 0
-20.0916 , 107.569 , 0
-20.0985 , 107.604 , 0
-20.1054 , 107.639 , 0
-20.1123 , 107.674 , 0
-20.1192 , 107.708 , 0
-20.1261 , 107.743 , 0
-20.133 , 107.778 , 0
-20.1399 , 107.813 , 0
-20.1468 , 107.848 , 0
-20.1537 , 107.882 , 0
-20.1606 , 107.917 , 0
-20.1675 , 107.952 , 0
-20.1744 , 107.987 , 0
-20.1813 , 108.022 , 0
-20.1882 , 108.056 , 0
-20.1951 , 108.091 , 0
-20.202 , 108.126 , 0
-20.2089 , 108.161 , 0
-20.2158 , 108.196 , 0
-20.2227 , 108.23 , 0
-20.2296 , 108.265 , 0
-20.2365 , 108.3 , 0
-20.2434 , 108.335 , 0
-20.2503 , 108.369 , 0
-20.2572 , 108.404 , 0
-20.2641 , 108.439 , 0
-20.2709 , 108.474 , 0
-20.2778 , 108.509 , 0
-20.2847 , 108.543 , 0
-20.2916 , 108.578 , 0
-20.2985 , 108.613 , 0
-20.3054 , 108.648 , 0
-20.3123 , 108.683 , 0
-20.3192 , 108.717 , 0
-20.3261 , 108.752 , 0
-20.333 , 108.787 , 0
-20.3399 , 108.822 , 0
-20.3468 , 108.857 , 0
-20.3537 , 108.891 , 0
-20.3606 , 108.926 , 0
-20.3675 , 108.961 , 0
-20.3744 , 108.996 , 0
-20.3813 , 109.03 , 0
-20.3882 , 109.065 , 0
-20.3951 , 109.1 , 0
-20.402 , 109.135 , 0
-20.4089 , 109.17 , 0
-20.4158 , 109.204 , 0
-20.4227 , 109.239 , 0
-20.4296 , 109.274 , 0
-20.4365 , 109.309 , 0
-20.4434 , 109.344 , 0
-20.4503 , 109.378 , 0
-20.4572 , 109.413 , 0
-20.4641 , 109.448 , 0
-20.471 , 109.483 , 0
-20.4779 , 109.518 , 0
-20.4848 , 109.552 , 0
-20.4917 , 109.587 , 0
-20.4986 , 109.622 , 0
-20.5055 , 109.657 , 0
-20.5123 , 109.692 , 0
-20.5192 , 109.726 , 0
-20.5261 , 109.761 , 0
-20.533 , 109.796 , 0
-20.5399 , 109.831 , 0
-20.5468 , 109.865 , 0
-20.5537 , 109.9 , 0
-20.5606 , 109.935 , 0
-20.5675 , 109.97 , 0
-20.5744 , 110.005 , 0
-20.5813 , 110.039 , 0
-20.5882 , 110.074 , 0
-20.5951 , 110.109 , 0
-20.602 , 110.144 , 0
-20.6089 , 110.179 , 0
-20.6158 , 110.213 , 0
-20.6227 , 110.248 , 0
-20.6296 , 110.283 , 0
-20.6365 , 110.318 , 0
-20.6434 , 110.353 , 0
-20.6503 , 110.387 , 0
-20.6572 , 110.422 , 0
-20.6641 , 110.457 , 0
-20.671 , 110.492 , 0
-20.6779 , 110.526 , 0
-20.6848 , 110.561 , 0
-20.6917 , 110.596 , 0
-20.6986 , 110.631 , 0
-20.7055 , 110.666 , 0
-20.7124 , 110.7 , 0
-20.7193 , 110.735 , 0
-20.7262 , 110.77 , 0
-20.733 , 110.805 , 0
-20.7399 , 110.84 , 0
-20.7468 , 110.874 , 0
-20.7537 , 110.909 , 0
-20.7606 , 110.944 , 0
-20.7675 , 110.979 , 0
-20.7744 , 111.014 , 0
-20.7813 , 111.048 , 0
-20.7882 , 111.083 , 0
-20.7951 , 111.118 , 0
-20.802 , 111.153 , 0
-20.8089 , 111.187 , 0
-20.8158 , 111.222 , 0
-20.8227 , 111.257 , 0
-20.8296 , 111.292 , 0
-20.8365 , 111.327 , 0
-20.8434 , 111.361 , 0
-20.8503 , 111.396 , 0
-20.8572 , 111.431 , 0
-20.8641 , 111.466 , 0
-20.871 , 111.501 , 0
-20.8779 , 111.535 , 0
-20.8848 , 111.57 , 0
-20.8917 , 111.605 , 0
-20.8986 , 111.64 , 0
-20.9055 , 111.674 , 0
-20.9124 , 111.709 , 0
-20.9193 , 111.744 , 0
-20.9262 , 111.779 , 0
-20.9331 , 111.814 , 0
-20.94 , 111.848 , 0
-20.9468 , 111.883 , 0
-20.9537 , 111.918 , 0
-20.9606 , 111.953 , 0
-20.9675 , 111.988 , 0
-20.9744 , 112.022 , 0
-20.9813 , 112.057 , 0
-20.9882 , 112.092 , 0
-20.9951 , 112.127 , 0
-21.002 , 112.162 , 0
-21.0089 , 112.196 , 0
-21.0158 , 112.231 , 0
-21.0227 , 112.266 , 0
-21.0296 , 112.301 , 0
-21.0365 , 112.335 , 0
-21.0434 , 112.37 , 0
-21.0503 , 112.405 , 0
-21.0572 , 112.44 , 0
-21.0641 , 112.475 , 0
-21.071 , 112.509 , 0
-21.0779 , 112.544 , 0
-21.0848 , 112.579 , 0
-21.0917 , 112.614 , 0
-21.0986 , 112.649 , 0
-21.1055 , 112.683 , 0
-21.1124 , 112.718 , 0
-21.1193 , 112.753 , 0
-21.1262 , 112.788 , 0
-21.1331 , 112.823 , 0
-21.14 , 112.857 , 0
-21.1469 , 112.892 , 0
-21.1537 , 112.927 , 0
-21.1606 , 112.962 , 0
-21.1675 , 112.996 , 0
-21.1744 , 113.031 , 0
-21.1813 , 113.066 , 0
-21.1882 , 113.101 , 0
-21.1951 , 113.136 , 0
-21.202 , 113.17 , 0
-21.2089 , 113.205 , 0
-21.2158 , 113.24 , 0
-21.2227 , 113.275 , 0
-21.2296 , 113.31 , 0
-21.2365 , 113.344 , 0
-21.2434 , 113.379 , 0
-21.2503 , 113.414 , 0
-21.2572 , 113.449 , 0
-21.2641 , 113.483 , 0
-21.271 , 113.518 , 0
-21.2779 , 113.553 , 0
-21.2848 , 113.588 , 0
-21.2917 , 113.623 , 0
-21.2986 , 113.657 , 0
-21.3055 , 113.692 , 0
-21.3124 , 113.727 , 0
-21.3193 , 113.762 , 0
-21.3262 , 113.797 , 0
-21.3331 , 113.831 , 0
-21.34 , 113.866 , 0
-21.3469 , 113.901 , 0
-21.3537 , 113.936 , 0
-21.3606 , 113.97 , 0
-21.3675 , 114.005 , 0
-21.3744 , 114.04 , 0
-21.3813 , 114.075 , 0
-21.3882 , 114.11 , 0
-21.3951 , 114.144 , 0
-21.402 , 114.179 , 0
-21.4089 , 114.214 , 0
-21.4158 , 114.249 , 0
-21.4227 , 114.284 , 0
-21.4296 , 114.318 , 0
-21.4365 , 114.353 , 0
-21.4434 , 114.388 , 0
-21.4503 , 114.423 , 0
-21.4572 , 114.458 , 0
-21.4641 , 114.492 , 0
-21.471 , 114.527 , 0
-21.4779 , 114.562 , 0
-21.4848 , 114.597 , 0
-21.4917 , 114.631 , 0
-21.4986 , 114.666 , 0
-21.5055 , 114.701 , 0
-21.5124 , 114.736 , 0
-21.5193 , 114.771 , 0
-21.5262 , 114.805 , 0
-21.5331 , 114.84 , 0
-21.54 , 114.875 , 0
-21.5468 , 114.91 , 0
-21.5537 , 114.945 , 0
-21.5606 , 114.979 , 0
-21.5675 , 115.014 , 0
-21.5744 , 115.049 , 0
-21.5813 , 115.084 , 0
-21.5882 , 115.118 , 0
-21.5951 , 115.153 , 0
-21.602 , 115.188 , 0
-21.6089 , 115.223 , 0
-21.6158 , 115.258 , 0
-21.6227 , 115.292 , 0
-21.6296 , 115.327 , 0
-21.6365 , 115.362 , 0
-21.6434 , 115.397 , 0
-21.6503 , 115.432 , 0
-21.6572 , 115.466 , 0
-21.6641 , 115.501 , 0
-21.671 , 115.536 , 0
-21.6779 , 115.571 , 0
-21.6848 , 115.605 , 0
-21.6917 , 115.64 , 0
-21.6986 , 115.675 , 0
-21.7055 , 115.71 , 0
-21.7124 , 115.745 , 0
-21.7193 , 115.779 , 0
-21.7262 , 115.814 , 0
-21.7331 , 115.849 , 0
-21.7399 , 115.884 , 0
-21.7468 , 115.919 , 0
-21.7537 , 115.953 , 0
-21.7606 , 115.988 , 0
-21.7675 , 116.023 , 0
-21.7744 , 116.058 , 0
-21.7813 , 116.092 , 0
-21.7882 , 116.127 , 0
-21.7951 , 116.162 , 0
-21.802 , 116.197 , 0
-21.8089 , 116.232 , 0
-21.8158 , 116.266 , 0
-21.8227 , 116.301 , 0
-21.8296 , 116.336 , 0
-21.8365 , 116.371 , 0
-21.8434 , 116.406 , 0
-21.8503 , 116.44 , 0
-21.8572 , 116.475 , 0
-21.8641 , 116.51 , 0
-21.871 , 116.545 , 0
-21.8779 , 116.579 , 0
-21.8848 , 116.614 , 0
-21.8917 , 116.649 , 0
-21.8986 , 116.684 , 0
-21.9055 , 116.719 , 0
-21.9124 , 116.753 , 0
-21.9192 , 116.788 , 0
-21.9261 , 116.823 , 0
-21.933 , 116.858 , 0
-21.9399 , 116.893 , 0
-21.9468 , 116.927 , 0
-21.9537 , 116.962 , 0
-21.9606 , 116.997 , 0
-21.9675 , 117.032 , 0
-21.9744 , 117.066 , 0
-21.9813 , 117.101 , 0
-21.9882 , 117.136 , 0
-21.9951 , 117.171 , 0
-22.002 , 117.206 , 0
-22.0089 , 117.24 , 0
-22.0158 , 117.275 , 0
-22.0227 , 117.31 , 0
-22.0296 , 117.345 , 0
-22.0365 , 117.38 , 0
-22.0434 , 117.414 , 0
-22.0503 , 117.449 , 0
-22.0572 , 117.484 , 0
-22.0641 , 117.519 , 0
-22.071 , 117.553 , 0
-22.0779 , 117.588 , 0
-22.0848 , 117.623 , 0
-22.0917 , 117.658 , 0
-22.0985 , 117.693 , 0
-22.1054 , 117.727 , 0
-22.1123 , 117.762 , 0
-22.1192 , 117.797 , 0
-22.1261 , 117.832 , 0
-22.133 , 117.867 , 0
-22.1399 , 117.901 , 0
-22.1468 , 117.936 , 0
-22.1537 , 117.971 , 0
-22.1606 , 118.006 , 0
-22.1675 , 118.04 , 0
-22.1744 , 118.075 , 0
-22.1813 , 118.11 , 0
-22.1882 , 118.145 , 0
-22.1951 , 118.18 , 0
-22.202 , 118.214 , 0
-22.2089 , 118.249 , 0
-22.2158 , 118.284 , 0
-22.2227 , 118.319 , 0
-22.2296 , 118.354 , 0
-22.2365 , 118.388 , 0
-22.2434 , 118.423 , 0
-22.2503 , 118.458 , 0
-22.2572 , 118.493 , 0
-22.2641 , 118.527 , 0
-22.2709 , 118.562 , 0
-22.2778 , 118.597 , 0
-22.2847 , 118.632 , 0
-22.2916 , 118.667 , 0
-22.2985 , 118.701 , 0
-22.3054 , 118.736 , 0
-22.3123 , 118.771 , 0
-22.3192 , 118.806 , 0
-22.3261 , 118.841 , 0
-22.333 , 118.875 , 0
-22.3399 , 118.91 , 0
-22.3468 , 118.945 , 0
-22.3537 , 118.98 , 0
-22.3606 , 119.014 , 0
-22.3675 , 119.049 , 0
-22.3744 , 119.084 , 0
-22.3813 , 119.119 , 0
-22.3882 , 119.154 , 0
-22.3951 , 119.188 , 0
-22.402 , 119.223 , 0
-22.4089 , 119.258 , 0
-22.4158 , 119.293 , 0
-22.4227 , 119.327 , 0
-22.4296 , 119.362 , 0
-22.4364 , 119.397 , 0
-22.4433 , 119.432 , 0
-22.4502 , 119.467 , 0
-22.4571 , 119.501 , 0
-22.464 , 119.536 , 0
-22.4709 , 119.571 , 0
-22.4778 , 119.606 , 0
-22.4847 , 119.641 , 0
-22.4916 , 119.675 , 0
-22.4985 , 119.71 , 0
-22.5054 , 119.745 , 0
-22.5123 , 119.78 , 0
-22.5192 , 119.814 , 0
-22.5261 , 119.849 , 0
-22.533 , 119.884 , 0
-22.5399 , 119.919 , 0
-22.5468 , 119.954 , 0
-22.5537 , 119.988 , 0
-22.5606 , 120.023 , 0
-22.5675 , 120.058 , 0
-22.5744 , 120.093 , 0
-22.5813 , 120.128 , 0
-22.5882 , 120.162 , 0
-22.5951 , 120.197 , 0
-22.6019 , 120.232 , 0
-22.6088 , 120.267 , 0
-22.6157 , 120.301 , 0
-22.6226 , 120.336 , 0
-22.6295 , 120.371 , 0
-22.6364 , 120.406 , 0
-22.6433 , 120.441 , 0
-22.6502 , 120.475 , 0
-22.6571 , 120.51 , 0
-22.664 , 120.545 , 0
-22.6709 , 120.58 , 0
-22.6778 , 120.614 , 0
-22.6847 , 120.649 , 0
-22.6916 , 120.684 , 0
-22.6985 , 120.719 , 0
-22.7054 , 120.754 , 0
-22.7123 , 120.788 , 0
-22.7192 , 120.823 , 0
-22.7261 , 120.858 , 0
-22.733 , 120.893 , 0
-22.7399 , 120.928 , 0
-22.7468 , 120.962 , 0
-22.7537 , 120.997 , 0
-22.7606 , 121.032 , 0
-22.7674 , 121.067 , 0
-22.7743 , 121.101 , 0
-22.7812 , 121.136 , 0
-22.7881 , 121.171 , 0
-22.795 , 121.206 , 0
-22.8019 , 121.241 , 0
-22.8088 , 121.275 , 0
-22.8157 , 121.31 , 0
-22.8226 , 121.345 , 0
-22.8295 , 121.38 , 0
-22.8364 , 121.414 , 0
-22.8433 , 121.449 , 0
-22.8502 , 121.484 , 0
-22.8571 , 121.519 , 0
-22.864 , 121.554 , 0
-22.8709 , 121.588 , 0
-22.8778 , 121.623 , 0
-22.8847 , 121.658 , 0
-22.8916 , 121.693 , 0
-22.8985 , 121.728 , 0
-22.9054 , 121.762 , 0
-22.9123 , 121.797 , 0
-22.9192 , 121.832 , 0
-22.926 , 121.867 , 0
-22.9329 , 121.901 , 0
-22.9398 , 121.936 , 0
-22.9467 , 121.971 , 0
-22.9536 , 122.006 , 0
-22.9605 , 122.041 , 0
-22.9674 , 122.075 , 0
-22.9743 , 122.11 , 0
-22.9812 , 122.145 , 0
-22.9881 , 122.18 , 0
-22.995 , 122.214 , 0
-23.0019 , 122.249 , 0
-23.0088 , 122.284 , 0
-23.0157 , 122.319 , 0
-23.0226 , 122.354 , 0
-23.0295 , 122.388 , 0
-23.0364 , 122.423 , 0
-23.0433 , 122.458 , 0
-23.0502 , 122.493 , 0
-23.0571 , 122.528 , 0
-23.064 , 122.562 , 0
-23.0709 , 122.597 , 0
-23.0778 , 122.632 , 0
-23.0846 , 122.667 , 0
-23.0915 , 122.701 , 0
-23.0984 , 122.736 , 0
-23.1053 , 122.771 , 0
-23.1122 , 122.806 , 0
-23.1191 , 122.841 , 0
-23.126 , 122.875 , 0
-23.1329 , 122.91 , 0
-23.1398 , 122.945 , 0
-23.1467 , 122.98 , 0
-23.1536 , 123.014 , 0
-23.1605 , 123.049 , 0
-23.1674 , 123.084 , 0
-23.1743 , 123.119 , 0
-23.1812 , 123.154 , 0
-23.1881 , 123.188 , 0
-23.195 , 123.223 , 0
-23.2019 , 123.258 , 0
-23.2088 , 123.293 , 0
-23.2157 , 123.328 , 0
-23.2226 , 123.362 , 0
-23.2295 , 123.397 , 0
-23.2363 , 123.432 , 0
-23.2432 , 123.467 , 0
-23.2501 , 123.501 , 0
-23.257 , 123.536 , 0
-23.2639 , 123.571 , 0
-23.2708 , 123.606 , 0
-23.2777 , 123.641 , 0
-23.2846 , 123.675 , 0
-23.2915 , 123.71 , 0
-23.2984 , 123.745 , 0
-23.3053 , 123.78 , 0
-23.3122 , 123.814 , 0
-23.3191 , 123.849 , 0
-23.326 , 123.884 , 0
-23.3329 , 123.919 , 0
-23.3398 , 123.954 , 0
-23.3467 , 123.988 , 0
-23.3536 , 124.023 , 0
-23.3605 , 124.058 , 0
-23.3674 , 124.093 , 0
-23.3743 , 124.128 , 0
-23.3812 , 124.162 , 0
-23.388 , 124.197 , 0
-23.3949 , 124.232 , 0
-23.4018 , 124.267 , 0
-23.4087 , 124.301 , 0
-23.4156 , 124.336 , 0
-23.4225 , 124.371 , 0
-23.4294 , 124.406 , 0
-23.4363 , 124.441 , 0
-23.4432 , 124.475 , 0
-23.4501 , 124.51 , 0
-23.457 , 124.545 , 0
-23.4639 , 124.58 , 0
-23.4708 , 124.614 , 0
-23.4777 , 124.649 , 0
-23.4846 , 124.684 , 0
-23.4915 , 124.719 , 0
-23.4984 , 124.754 , 0
-23.5053 , 124.788 , 0
-23.5122 , 124.823 , 0
-23.5191 , 124.858 , 0
-23.526 , 124.893 , 0
-23.5328 , 124.927 , 0
-23.5397 , 124.962 , 0
-23.5466 , 124.997 , 0
-23.5535 , 125.032 , 0
-23.5604 , 125.067 , 0
-23.5673 , 125.101 , 0
-23.5742 , 125.136 , 0
-23.5811 , 125.171 , 0
-23.588 , 125.206 , 0
-23.5949 , 125.241 , 0
-23.6018 , 125.275 , 0
-23.6087 , 125.31 , 0
-23.6156 , 125.345 , 0
-23.6225 , 125.38 , 0
-23.6294 , 125.414 , 0
-23.6363 , 125.449 , 0
-23.6432 , 125.484 , 0
-23.6501 , 125.519 , 0
-23.657 , 125.554 , 0
-23.6639 , 125.588 , 0
-23.6708 , 125.623 , 0
-23.6777 , 125.658 , 0
-23.6845 , 125.693 , 0
-23.6914 , 125.727 , 0
-23.6983 , 125.762 , 0
-23.7052 , 125.797 , 0
-23.7121 , 125.832 , 0
-23.719 , 125.867 , 0
-23.7259 , 125.901 , 0
-23.7328 , 125.936 , 0
-23.7397 , 125.971 , 0
-23.7466 , 126.006 , 0
-23.7535 , 126.04 , 0
-23.7604 , 126.075 , 0
-23.7673 , 126.11 , 0
-23.7742 , 126.145 , 0
-23.7811 , 126.18 , 0
-23.788 , 126.214 , 0
-23.7949 , 126.249 , 0
-23.8018 , 126.284 , 0
-23.8087 , 126.319 , 0
-23.8156 , 126.353 , 0
-23.8225 , 126.388 , 0
-23.8293 , 126.423 , 0
-23.8362 , 126.458 , 0
-23.8431 , 126.493 , 0
-23.85 , 126.527 , 0
-23.8569 , 126.562 , 0
-23.8638 , 126.597 , 0
-23.8707 , 126.632 , 0
-23.8776 , 126.667 , 0
-23.8845 , 126.701 , 0
-23.8914 , 126.736 , 0
-23.8983 , 126.771 , 0
-23.9052 , 126.806 , 0
-23.9121 , 126.84 , 0
-23.919 , 126.875 , 0
-23.9259 , 126.91 , 0
-23.9328 , 126.945 , 0
-23.9397 , 126.98 , 0
-23.9466 , 127.014 , 0
-23.9535 , 127.049 , 0
-23.9604 , 127.084 , 0
-23.9672 , 127.119 , 0
-23.9741 , 127.153 , 0
-23.981 , 127.188 , 0
-23.9879 , 127.223 , 0
-23.9948 , 127.258 , 0
-24.0017 , 127.293 , 0
-24.0086 , 127.327 , 0
-24.0155 , 127.362 , 0
-24.0224 , 127.397 , 0
-24.0293 , 127.432 , 0
-24.0362 , 127.466 , 0
-24.0431 , 127.501 , 0
-24.05 , 127.536 , 0
-24.0569 , 127.571 , 0
-24.0638 , 127.606 , 0
-24.0707 , 127.64 , 0
-24.0776 , 127.675 , 0
-24.0845 , 127.71 , 0
-24.0914 , 127.745 , 0
-24.0983 , 127.779 , 0
-24.1051 , 127.814 , 0
-24.112 , 127.849 , 0
-24.1189 , 127.884 , 0
-24.1258 , 127.919 , 0
-24.1327 , 127.953 , 0
-24.1396 , 127.988 , 0
-24.1465 , 128.023 , 0
-24.1534 , 128.058 , 0
-24.1603 , 128.092 , 0
-24.1672 , 128.127 , 0
-24.1741 , 128.162 , 0
-24.181 , 128.197 , 0
-24.1879 , 128.232 , 0
-24.1948 , 128.266 , 0
