x , y , z
1 , 0 , 0
0.999705 , 0.0257508 , 0
0.999116 , 0.0514939 , 0
0.998233 , 0.0772219 , 0
0.997056 , 0.102927 , 0
0.995588 , 0.128603 , 0
0.99383 , 0.15424 , 0
0.991783 , 0.179833 , 0
0.989452 , 0.205375 , 0
0.986837 , 0.230857 , 0
0.983944 , 0.256275 , 0
0.980774 , 0.28162 , 0
0.977333 , 0.306887 , 0
0.973623 , 0.332071 , 0
0.96965 , 0.357164 , 0
0.965418 , 0.382162 , 0
0.960932 , 0.407059 , 0
0.956197 , 0.431851 , 0
0.951217 , 0.456532 , 0
0.945999 , 0.481099 , 0
0.940548 , 0.505548 , 0
0.934869 , 0.529874 , 0
0.928968 , 0.554074 , 0
0.922851 , 0.578145 , 0
0.916523 , 0.602084 , 0
0.90999 , 0.625889 , 0
0.903258 , 0.649557 , 0
0.896333 , 0.673085 , 0
0.88922 , 0.696473 , 0
0.881926 , 0.719719 , 0
0.874455 , 0.74282 , 0
0.866814 , 0.765777 , 0
0.859007 , 0.788588 , 0
0.851041 , 0.811252 , 0
0.842921 , 0.833769 , 0
0.834651 , 0.856139 , 0
0.826238 , 0.878361 , 0
0.817686 , 0.900436 , 0
0.808999 , 0.922363 , 0
0.800184 , 0.944142 , 0
0.791244 , 0.965775 , 0
0.782185 , 0.987262 , 0
0.77301 , 1.0086 , 0
0.763724 , 1.0298 , 0
0.754332 , 1.05085 , 0
0.744836 , 1.07176 , 0
0.735242 , 1.09253 , 0
0.725553 , 1.11315 , 0
0.715773 , 1.13364 , 0
0.705905 , 1.15399 , 0
0.695953 , 1.1742 , 0
0.685921 , 1.19427 , 0
0.675811 , 1.21421 , 0
0.665627 , 1.23402 , 0
0.655372 , 1.25369 , 0
0.645049 , 1.27324 , 0
0.63466 , 1.29265 , 0
0.624209 , 1.31194 , 0
0.613697 , 1.3311 , 0
0.603128 , 1.35014 , 0
0.592505 , 1.36905 , 0
0.581828 , 1.38784 , 0
0.571102 , 1.40651 , 0
0.560327 , 1.42507 , 0
0.549506 , 1.4435 , 0
0.538641 , 1.46182 , 0
0.527735 , 1.48003 , 0
0.516788 , 1.49813 , 0
0.505803 , 1.51611 , 0
0.494781 , 1.53398 , 0
0.483725 , 1.55175 , 0
0.472635 , 1.56941 , 0
0.461514 , 1.58696 , 0
0.450362 , 1.60441 , 0
0.439182 , 1.62176 , 0
0.427975 , 1.63901 , 0
0.416742 , 1.65616 , 0
0.405484 , 1.67321 , 0
0.394202 , 1.69017 , 0
0.382899 , 1.70702 , 0
0.371574 , 1.72379 , 0
0.360229 , 1.74046 , 0
0.348866 , 1.75704 , 0
0.337484 , 1.77353 , 0
0.326086 , 1.78994 , 0
0.314672 , 1.80625 , 0
0.303242 , 1.82248 , 0
0.291799 , 1.83862 , 0
0.280342 , 1.85468 , 0
0.268873 , 1.87066 , 0
0.257391 , 1.88655 , 0
0.245899 , 1.90236 , 0
0.234397 , 1.9181 , 0
0.222885 , 1.93375 , 0
0.211364 , 1.94933 , 0
0.199835 , 1.96483 , 0
0.188298 , 1.98026 , 0
0.176754 , 1.99562 , 0
0.165204 , 2.0109 , 0
0.153648 , 2.0261 , 0
0.142086 , 2.04124 , 0
0.13052 , 2.05631 , 0
0.118949 , 2.0713 , 0
0.107374 , 2.08623 , 0
0.0957958 , 2.10109 , 0
0.0842145 , 2.11589 , 0
0.0726306 , 2.13062 , 0
0.0610444 , 2.14528 , 0
0.0494564 , 2.15988 , 0
0.037867 , 2.17442 , 0
0.0262765 , 2.1889 , 0
0.0146853 , 2.20331 , 0
0.00309365 , 2.21766 , 0
-0.00849808 , 2.23195 , 0
-0.0200896 , 2.24619 , 0
-0.0316806 , 2.26036 , 0
-0.0432707 , 2.27448 , 0
-0.0548598 , 2.28854 , 0
-0.0664476 , 2.30255 , 0
-0.0780337 , 2.3165 , 0
-0.089618 , 2.33039 , 0
-0.1012 , 2.34423 , 0
-0.11278 , 2.35802 , 0
-0.124357 , 2.37175 , 0
-0.135932 , 2.38543 , 0
-0.147504 , 2.39906 , 0
-0.159072 , 2.41264 , 0
-0.170638 , 2.42617 , 0
-0.182199 , 2.43965 , 0
-0.193757 , 2.45308 , 0
-0.205312 , 2.46646 , 0
-0.216862 , 2.47979 , 0
-0.228408 , 2.49308 , 0
-0.23995 , 2.50632 , 0
-0.251487 , 2.51951 , 0
-0.26302 , 2.53266 , 0
-0.274548 , 2.54576 , 0
-0.286072 , 2.55882 , 0
-0.29759 , 2.57183 , 0
-0.309103 , 2.5848 , 0
-0.320612 , 2.59773 , 0
-0.332114 , 2.61061 , 0
-0.343612 , 2.62345 , 0
-0.355104 , 2.63625 , 0
-0.36659 , 2.64901 , 0
-0.378071 , 2.66173 , 0
-0.389546 , 2.67441 , 0
-0.401016 , 2.68704 , 0
-0.412479 , 2.69964 , 0
-0.423937 , 2.7122 , 0
-0.435388 , 2.72472 , 0
-0.446833 , 2.7372 , 0
-0.458272 , 2.74965 , 0
-0.469705 , 2.76205 , 0
-0.481132 , 2.77442 , 0
-0.492552 , 2.78676 , 0
-0.503966 , 2.79905 , 0
-0.515373 , 2.81131 , 0
-0.526774 , 2.82354 , 0
-0.538168 , 2.83573 , 0
-0.549556 , 2.84788 , 0
-0.560937 , 2.86001 , 0
-0.572312 , 2.87209 , 0
-0.583679 , 2.88415 , 0
-0.59504 , 2.89617 , 0
-0.606394 , 2.90815 , 0
-0.617742 , 2.92011 , 0
-0.629082 , 2.93203 , 0
-0.640416 , 2.94392 , 0
-0.651743 , 2.95578 , 0
-0.663062 , 2.96761 , 0
-0.674375 , 2.9794 , 0
-0.685681 , 2.99117 , 0
-0.69698 , 3.0029 , 0
-0.708272 , 3.0146 , 0
-0.719557 , 3.02628 , 0
-0.730834 , 3.03792 , 0
-0.742105 , 3.04954 , 0
-0.753369 , 3.06112 , 0
-0.764625 , 3.07268 , 0
-0.775875 , 3.08421 , 0
-0.787117 , 3.09571 , 0
-0.798352 , 3.10718 , 0
-0.80958 , 3.11863 , 0
-0.820801 , 3.13005 , 0
-0.832015 , 3.14144 , 0
-0.843222 , 3.1528 , 0
-0.854422 , 3.16414 , 0
-0.865614 , 3.17545 , 0
-0.876799 , 3.18673 , 0
-0.887977 , 3.19799 , 0
-0.899148 , 3.20922 , 0
-0.910312 , 3.22043 , 0
-0.921469 , 3.23161 , 0
-0.932618 , 3.24276 , 0
-0.94376 , 3.25389 , 0
-0.954895 , 3.265 , 0
-0.966023 , 3.27608 , 0
-0.977144 , 3.28714 , 0
-0.988258 , 3.29817 , 0
-0.999365 , 3.30918 , 0
-1.01046 , 3.32017 , 0
-1.02156 , 3.33113 , 0
-1.03264 , 3.34207 , 0
-1.04372 , 3.35299 , 0
-1.05479 , 3.36388 , 0
-1.06585 , 3.37476 , 0
-1.07691 , 3.3856 , 0
-1.08796 , 3.39643 , 0
-1.099 , 3.40724 , 0
-1.11004 , 3.41802 , 0
-1.12107 , 3.42878 , 0
-1.13209 , 3.43952 , 0
-1.1431 , 3.45024 , 0
-1.15411 , 3.46093 , 0
-1.16511 , 3.47161 , 0
-1.17611 , 3.48226 , 0
-1.18709 , 3.4929 , 0
-1.19807 , 3.50351 , 0
-1.20904 , 3.51411 , 0
-1.22001 , 3.52468 , 0
-1.23097 , 3.53523 , 0
-1.24192 , 3.54577 , 0
-1.25286 , 3.55628 , 0
-1.2638 , 3.56677 , 0
-1.27473 , 3.57725 , 0
-1.28566 , 3.5877 , 0
-1.29658 , 3.59814 , 0
-1.30749 , 3.60856 , 0
-1.31839 , 3.61896 , 0
-1.32929 , 3.62934 , 0
-1.34018 , 3.6397 , 0
-1.35106 , 3.65004 , 0
-1.36194 , 3.66037 , 0
-1.37281 , 3.67067 , 0
-1.38367 , 3.68096 , 0
-1.39453 , 3.69123 , 0
-1.40538 , 3.70149 , 0
-1.41622 , 3.71172 , 0
-1.42706 , 3.72194 , 0
-1.43789 , 3.73214 , 0
-1.44871 , 3.74233 , 0
-1.45953 , 3.75249 , 0
-1.47034 , 3.76264 , 0
-1.48114 , 3.77277 , 0
-1.49194 , 3.78289 , 0
-1.50273 , 3.79299 , 0
-1.51351 , 3.80307 , 0
-1.52429 , 3.81314 , 0
-1.53506 , 3.82319 , 0
-1.54582 , 3.83323 , 0
-1.55658 , 3.84324 , 0
-1.56733 , 3.85325 , 0
-1.57808 , 3.86323 , 0
-1.58882 , 3.8732 , 0
-1.59955 , 3.88316 , 0
-1.61027 , 3.8931 , 0
-1.62099 , 3.90302 , 0
-1.63171 , 3.91293 , 0
-1.64241 , 3.92283 , 0
-1.65311 , 3.93271 , 0
-1.66381 , 3.94257 , 0
-1.6745 , 3.95242 , 0
-1.68518 , 3.96226 , 0
-1.69585 , 3.97208 , 0
-1.70652 , 3.98188 , 0
-1.71719 , 3.99167 , 0
-1.72784 , 4.00145 , 0
-1.7385 , 4.01121 , 0
-1.74914 , 4.02096 , 0
-1.75978 , 4.0307 , 0
-1.77041 , 4.04042 , 0
-1.78104 , 4.05012 , 0
-1.79166 , 4.05982 , 0
-1.80227 , 4.0695 , 0
-1.81288 , 4.07916 , 0
-1.82348 , 4.08881 , 0
-1.83408 , 4.09845 , 0
-1.84467 , 4.10808 , 0
-1.85525 , 4.11769 , 0
-1.86583 , 4.12729 , 0
-1.87641 , 4.13688 , 0
-1.88697 , 4.14645 , 0
-1.89753 , 4.15601 , 0
-1.90809 , 4.16555 , 0
-1.91864 , 4.17509 , 0
-1.92918 , 4.18461 , 0
-1.93972 , 4.19412 , 0
-1.95025 , 4.20362 , 0
-1.96078 , 4.2131 , 0
-1.9713 , 4.22257 , 0
-1.98181 , 4.23203 , 0
-1.99232 , 4.24148 , 0
-2.00282 , 4.25091 , 0
-2.01332 , 4.26034 , 0
-2.02381 , 4.26975 , 0
-2.0343 , 4.27915 , 0
-2.04478 , 4.28853 , 0
-2.05525 , 4.29791 , 0
-2.06572 , 4.30727 , 0
-2.07618 , 4.31662 , 0
-2.08664 , 4.32596 , 0
-2.09709 , 4.33529 , 0
-2.10754 , 4.34461 , 0
-2.11798 , 4.35392 , 0
-2.12842 , 4.36321 , 0
-2.13885 , 4.37249 , 0
-2.14927 , 4.38177 , 0
-2.15969 , 4.39103 , 0
-2.17011 , 4.40028 , 0
-2.18052 , 4.40952 , 0
-2.19092 , 4.41875 , 0
-2.20132 , 4.42796 , 0
-2.21171 , 4.43717 , 0
-2.2221 , 4.44637 , 0
-2.23248 , 4.45555 , 0
-2.24286 , 4.46473 , 0
-2.25323 , 4.47389 , 0
-2.26359 , 4.48304 , 0
-2.27395 , 4.49219 , 0
-2.28431 , 4.50132 , 0
-2.29466 , 4.51044 , 0
-2.305 , 4.51955 , 0
-2.31534 , 4.52866 , 0
-2.32568 , 4.53775 , 0
-2.33601 , 4.54683 , 0
-2.34633 , 4.5559 , 0
-2.35665 , 4.56496 , 0
-2.36696 , 4.57402 , 0
-2.37727 , 4.58306 , 0
-2.38758 , 4.59209 , 0
-2.39788 , 4.60111 , 0
-2.40817 , 4.61012 , 0
-2.41846 , 4.61913 , 0
-2.42874 , 4.62812 , 0
-2.43902 , 4.63711 , 0
-2.44929 , 4.64608 , 0
-2.45956 , 4.65504 , 0
-2.46983 , 4.664 , 0
-2.48008 , 4.67295 , 0
-2.49034 , 4.68188 , 0
-2.50059 , 4.69081 , 0
-2.51083 , 4.69973 , 0
-2.52107 , 4.70864 , 0
-2.5313 , 4.71754 , 0
-2.54153 , 4.72643 , 0
-2.55176 , 4.73531 , 0
-2.56198 , 4.74418 , 0
-2.57219 , 4.75305 , 0
-2.5824 , 4.7619 , 0
-2.59261 , 4.77075 , 0
-2.60281 , 4.77959 , 0
-2.613 , 4.78842 , 0
-2.62319 , 4.79724 , 0
-2.63338 , 4.80605 , 0
-2.64356 , 4.81485 , 0
-2.65374 , 4.82365 , 0
-2.66391 , 4.83243 , 0
-2.67408 , 4.84121 , 0
-2.68424 , 4.84998 , 0
-2.6944 , 4.85874 , 0
-2.70455 , 4.86749 , 0
-2.7147 , 4.87624 , 0
-2.72484 , 4.88497 , 0
-2.73498 , 4.8937 , 0
-2.74512 , 4.90242 , 0
-2.75525 , 4.91113 , 0
-2.76538 , 4.91983 , 0
-2.7755 , 4.92853 , 0
-2.78561 , 4.93722 , 0
-2.79573 , 4.94589 , 0
-2.80583 , 4.95457 , 0
-2.81594 , 4.96323 , 0
-2.82604 , 4.97188 , 0
-2.83613 , 4.98053 , 0
-2.84622 , 4.98917 , 0
-2.85631 , 4.9978 , 0
-2.86639 , 5.00643 , 0
-2.87646 , 5.01504 , 0
-2.88654 , 5.02365 , 0
-2.8966 , 5.03225 , 0
-2.90667 , 5.04085 , 0
-2.91673 , 5.04943 , 0
-2.92678 , 5.05801 , 0
-2.93683 , 5.06658 , 0
-2.94688 , 5.07515 , 0
-2.95692 , 5.0837 , 0
-2.96696 , 5.09225 , 0
-2.97699 , 5.10079 , 0
-2.98702 , 5.10933 , 0
-2.99705 , 5.11785 , 0
-3.00707 , 5.12637 , 0
-3.01709 , 5.13489 , 0
-3.0271 , 5.14339 , 0
-3.03711 , 5.15189 , 0
-3.04711 , 5.16038 , 0
-3.05711 , 5.16887 , 0
-3.06711 , 5.17734 , 0
-3.0771 , 5.18581 , 0
-3.08708 , 5.19428 , 0
-3.09707 , 5.20273 , 0
-3.10705 , 5.21118 , 0
-3.11702 , 5.21962 , 0
-3.12699 , 5.22806 , 0
-3.13696 , 5.23649 , 0
-3.14692 , 5.24491 , 0
-3.15688 , 5.25333 , 0
-3.16684 , 5.26173 , 0
-3.17679 , 5.27014 , 0
-3.18673 , 5.27853 , 0
-3.19668 , 5.28692 , 0
-3.20661 , 5.2953 , 0
-3.21655 , 5.30368 , 0
-3.22648 , 5.31205 , 0
-3.23641 , 5.32041 , 0
-3.24633 , 5.32876 , 0
-3.25625 , 5.33711 , 0
-3.26616 , 5.34546 , 0
-3.27607 , 5.35379 , 0
-3.28598 , 5.36212 , 0
-3.29588 , 5.37045 , 0
-3.30578 , 5.37876 , 0
-3.31568 , 5.38707 , 0
-3.32557 , 5.39538 , 0
-3.33546 , 5.40368 , 0
-3.34534 , 5.41197 , 0
-3.35522 , 5.42026 , 0
-3.3651 , 5.42854 , 0
-3.37497 , 5.43681 , 0
-3.38484 , 5.44508 , 0
-3.3947 , 5.45334 , 0
-3.40457 , 5.46159 , 0
-3.41442 , 5.46984 , 0
-3.42428 , 5.47809 , 0
-3.43413 , 5.48633 , 0
-3.44397 , 5.49456 , 0
-3.45381 , 5.50278 , 0
-3.46365 , 5.511 , 0
-3.47349 , 5.51922 , 0
-3.48332 , 5.52742 , 0
-3.49315 , 5.53563 , 0
-3.50297 , 5.54382 , 0
-3.51279 , 5.55201 , 0
-3.52261 , 5.5602 , 0
-3.53242 , 5.56838 , 0
-3.54223 , 5.57655 , 0
-3.55204 , 5.58472 , 0
-3.56184 , 5.59288 , 0
-3.57164 , 5.60104 , 0
-3.58143 , 5.60919 , 0
-3.59122 , 5.61733 , 0
-3.60101 , 5.62547 , 0
-3.61079 , 5.6336 , 0
-3.62058 , 5.64173 , 0
-3.63035 , 5.64986 , 0
-3.64013 , 5.65797 , 0
-3.6499 , 5.66608 , 0
-3.65966 , 5.67419 , 0
-3.66943 , 5.68229 , 0
-3.67919 , 5.69039 , 0
-3.68894 , 5.69848 , 0
-3.69869 , 5.70656 , 0
-3.70844 , 5.71464 , 0
-3.71819 , 5.72272 , 0
-3.72793 , 5.73078 , 0
-3.73767 , 5.73885 , 0
-3.7474 , 5.74691 , 0
-3.75714 , 5.75496 , 0
-3.76687 , 5.76301 , 0
-3.77659 , 5.77105 , 0
-3.78631 , 5.77909 , 0
-3.79603 , 5.78712 , 0
-3.80575 , 5.79515 , 0
-3.81546 , 5.80317 , 0
-3.82517 , 5.81118 , 0
-3.83487 , 5.8192 , 0
-3.84457 , 5.8272 , 0
-3.85427 , 5.8352 , 0
-3.86396 , 5.8432 , 0
-3.87366 , 5.85119 , 0
-3.88334 , 5.85918 , 0
-3.89303 , 5.86716 , 0
-3.90271 , 5.87514 , 0
-3.91239 , 5.88311 , 0
-3.92206 , 5.89108 , 0
-3.93174 , 5.89904 , 0
-3.94141 , 5.907 , 0
-3.95107 , 5.91495 , 0
-3.96073 , 5.92289 , 0
-3.97039 , 5.93084 , 0
-3.98005 , 5.93878 , 0
-3.9897 , 5.94671 , 0
-3.99935 , 5.95464 , 0
-4.009 , 5.96256 , 0
-4.01864 , 5.97048 , 0
-4.02828 , 5.97839 , 0
-4.03791 , 5.9863 , 0
-4.04755 , 5.99421 , 0
-4.05718 , 6.00211 , 0
-4.06681 , 6.01 , 0
-4.07643 , 6.01789 , 0
-4.08605 , 6.02578 , 0
-4.09567 , 6.03366 , 0
-4.10528 , 6.04154 , 0
-4.11489 , 6.04941 , 0
-4.1245 , 6.05728 , 0
-4.13411 , 6.06514 , 0
-4.14371 , 6.073 , 0
-4.15331 , 6.08085 , 0
-4.16291 , 6.0887 , 0
-4.1725 , 6.09655 , 0
-4.18209 , 6.10439 , 0
-4.19168 , 6.11222 , 0
-4.20126 , 6.12005 , 0
-4.21084 , 6.12788 , 0
-4.22042 , 6.13571 , 0
-4.22999 , 6.14352 , 0
-4.23957 , 6.15134 , 0
-4.24913 , 6.15915 , 0
-4.2587 , 6.16695 , 0
-4.26826 , 6.17475 , 0
-4.27782 , 6.18255 , 0
-4.28738 , 6.19034 , 0
-4.29693 , 6.19813 , 0
-4.30648 , 6.20592 , 0
-4.31603 , 6.2137 , 0
-4.32558 , 6.22147 , 0
-4.33512 , 6.22924 , 0
-4.34466 , 6.23701 , 0
-4.3542 , 6.24477 , 0
-4.36373 , 6.25253 , 0
-4.37326 , 6.26029 , 0
-4.38279 , 6.26804 , 0
-4.39231 , 6.27579 , 0
-4.40183 , 6.28353 , 0
-4.41135 , 6.29127 , 0
-4.42087 , 6.299 , 0
-4.43038 , 6.30673 , 0
-4.43989 , 6.31446 , 0
-4.4494 , 6.32218 , 0
-4.45891 , 6.3299 , 0
-4.46841 , 6.33761 , 0
-4.47791 , 6.34532 , 0
-4.4874 , 6.35303 , 0
-4.4969 , 6.36073 , 0
-4.50639 , 6.36843 , 0
-4.51588 , 6.37612 , 0
-4.52536 , 6.38381 , 0
-4.53484 , 6.3915 , 0
-4.54432 , 6.39918 , 0
-4.5538 , 6.40686 , 0
-4.56327 , 6.41453 , 0
-4.57274 , 6.4222 , 0
-4.58221 , 6.42987 , 0
-4.59168 , 6.43753 , 0
-4.60114 , 6.44519 , 0
-4.6106 , 6.45285 , 0
-4.62006 , 6.4605 , 0
-4.62951 , 6.46815 , 0
-4.63897 , 6.47579 , 0
-4.64842 , 6.48343 , 0
-4.65786 , 6.49107 , 0
-4.66731 , 6.4987 , 0
-4.67675 , 6.50633 , 0
-4.68619 , 6.51395 , 0
-4.69562 , 6.52157 , 0
-4.70506 , 6.52919 , 0
-4.71449 , 6.5368 , 0
-4.72392 , 6.54442 , 0
-4.73334 , 6.55202 , 0
-4.74276 , 6.55962 , 0
-4.75218 , 6.56722 , 0
-4.7616 , 6.57482 , 0
-4.77102 , 6.58241 , 0
-4.78043 , 6.59 , 0
-4.78984 , 6.59758 , 0
-4.79924 , 6.60517 , 0
-4.80865 , 6.61274 , 0
-4.81805 , 6.62032 , 0
-4.82745 , 6.62789 , 0
-4.83685 , 6.63546 , 0
-4.84624 , 6.64302 , 0
-4.85563 , 6.65058 , 0
-4.86502 , 6.65814 , 0
-4.87441 , 6.66569 , 0
-4.88379 , 6.67324 , 0
-4.89317 , 6.68078 , 0
-4.90255 , 6.68833 , 0
-4.91193 , 6.69587 , 0
-4.9213 , 6.7034 , 0
-4.93067 , 6.71093 , 0
-4.94004 , 6.71846 , 0
-4.94941 , 6.72599 , 0
-4.95877 , 6.73351 , 0
-4.96813 , 6.74103 , 0
-4.97749 , 6.74854 , 0
-4.98685 , 6.75606 , 0
-4.9962 , 6.76356 , 0
-5.00555 , 6.77107 , 0
-5.0149 , 6.77857 , 0
-5.02425 , 6.78607 , 0
-5.03359 , 6.79356 , 0
-5.04293 , 6.80106 , 0
-5.05227 , 6.80854 , 0
-5.06161 , 6.81603 , 0
-5.07094 , 6.82351 , 0
-5.08027 , 6.83099 , 0
-5.0896 , 6.83847 , 0
-5.09893 , 6.84594 , 0
-5.10825 , 6.85341 , 0
-5.11758 , 6.86087 , 0
-5.1269 , 6.86833 , 0
-5.13621 , 6.87579 , 0
-5.14553 , 6.88325 , 0
-5.15484 , 6.8907 , 0
-5.16415 , 6.89815 , 0
-5.17346 , 6.9056 , 0
-5.18276 , 6.91304 , 0
-5.19207 , 6.92048 , 0
-5.20137 , 6.92792 , 0
-5.21066 , 6.93535 , 0
-5.21996 , 6.94278 , 0
-5.22925 , 6.95021 , 0
-5.23854 , 6.95763 , 0
-5.24783 , 6.96506 , 0
-5.25712 , 6.97247 , 0
-5.2664 , 6.97989 , 0
-5.27569 , 6.9873 , 0
-5.28496 , 6.99471 , 0
-5.29424 , 7.00212 , 0
-5.30352 , 7.00952 , 0
-5.31279 , 7.01692 , 0
-5.32206 , 7.02432 , 0
-5.33133 , 7.03171 , 0
-5.34059 , 7.0391 , 0
-5.34986 , 7.04649 , 0
-5.35912 , 7.05387 , 0
-5.36838 , 7.06126 , 0
-5.37763 , 7.06863 , 0
-5.38689 , 7.07601 , 0
-5.39614 , 7.08338 , 0
-5.40539 , 7.09075 , 0
-5.41464 , 7.09812 , 0
-5.42388 , 7.10548 , 0
-5.43312 , 7.11284 , 0
-5.44237 , 7.1202 , 0
-5.4516 , 7.12756 , 0
-5.46084 , 7.13491 , 0
-5.47007 , 7.14226 , 0
-5.47931 , 7.14961 , 0
-5.48854 , 7.15695 , 0
-5.49776 , 7.16429 , 0
-5.50699 , 7.17163 , 0
-5.51621 , 7.17896 , 0
-5.52543 , 7.1863 , 0
-5.53465 , 7.19363 , 0
-5.54387 , 7.20095 , 0
-5.55308 , 7.20828 , 0
-5.5623 , 7.2156 , 0
-5.57151 , 7.22291 , 0
-5.58071 , 7.23023 , 0
-5.58992 , 7.23754 , 0
-5.59912 , 7.24485 , 0
-5.60832 , 7.25216 , 0
-5.61752 , 7.25946 , 0
-5.62672 , 7.26676 , 0
-5.63592 , 7.27406 , 0
-5.64511 , 7.28136 , 0
-5.6543 , 7.28865 , 0
-5.66349 , 7.29594 , 0
-5.67267 , 7.30323 , 0
-5.68186 , 7.31052 , 0
-5.69104 , 7.3178 , 0
-5.70022 , 7.32508 , 0
-5.7094 , 7.33235 , 0
-5.71858 , 7.33963 , 0
-5.72775 , 7.3469 , 0
-5.73692 , 7.35417 , 0
-5.74609 , 7.36143 , 0
-5.75526 , 7.3687 , 0
-5.76442 , 7.37596 , 0
-5.77359 , 7.38322 , 0
-5.78275 , 7.39047 , 0
-5.79191 , 7.39772 , 0
-5.80107 , 7.40497 , 0
-5.81022 , 7.41222 , 0
-5.81937 , 7.41947 , 0
-5.82852 , 7.42671 , 0
-5.83767 , 7.43395 , 0
-5.84682 , 7.44119 , 0
-5.85597 , 7.44842 , 0
-5.86511 , 7.45565 , 0
-5.87425 , 7.46288 , 0
-5.88339 , 7.47011 , 0
-5.89253 , 7.47733 , 0
-5.90166 , 7.48456 , 0
-5.91079 , 7.49177 , 0
-5.91992 , 7.49899 , 0
-5.92905 , 7.50621 , 0
-5.93818 , 7.51342 , 0
-5.94731 , 7.52063 , 0
-5.95643 , 7.52783 , 0
-5.96555 , 7.53504 , 0
-5.97467 , 7.54224 , 0
-5.98379 , 7.54944 , 0
-5.9929 , 7.55663 , 0
-6.00201 , 7.56383 , 0
-6.01112 , 7.57102 , 0
-6.02023 , 7.57821 , 0
-6.02934 , 7.5854 , 0
-6.03845 , 7.59258 , 0
-6.04755 , 7.59976 , 0
-6.05665 , 7.60694 , 0
-6.06575 , 7.61412 , 0
-6.07485 , 7.62129 , 0
-6.08394 , 7.62846 , 0
-6.09304 , 7.63563 , 0
-6.10213 , 7.6428 , 0
-6.11122 , 7.64997 , 0
-6.12031 , 7.65713 , 0
-6.12939 , 7.66429 , 0
-6.13848 , 7.67145 , 0
-6.14756 , 7.6786 , 0
-6.15664 , 7.68575 , 0
-6.16572 , 7.6929 , 0
-6.17479 , 7.70005 , 0
-6.18387 , 7.7072 , 0
-6.19294 , 7.71434 , 0
-6.20201 , 7.72148 , 0
-6.21108 , 7.72862 , 0
-6.22015 , 7.73576 , 0
-6.22921 , 7.74289 , 0
-6.23827 , 7.75002 , 0
-6.24734 , 7.75715 , 0
-6.2564 , 7.76428 , 0
-6.26545 , 7.7714 , 0
-6.27451 , 7.77853 , 0
-6.28356 , 7.78565 , 0
-6.29261 , 7.79276 , 0
-6.30166 , 7.79988 , 0
-6.31071 , 7.80699 , 0
-6.31976 , 7.8141 , 0
-6.3288 , 7.82121 , 0
-6.33785 , 7.82832 , 0
-6.34689 , 7.83542 , 0
-6.35593 , 7.84253 , 0
-6.36497 , 7.84963 , 0
-6.374 , 7.85672 , 0
-6.38303 , 7.86382 , 0
-6.39207 , 7.87091 , 0
-6.4011 , 7.878 , 0
-6.41012 , 7.88509 , 0
-6.41915 , 7.89218 , 0
-6.42818 , 7.89926 , 0
-6.4372 , 7.90634 , 0
-6.44622 , 7.91342 , 0
-6.45524 , 7.9205 , 0
-6.46426 , 7.92758 , 0
-6.47327 , 7.93465 , 0
-6.48229 , 7.94172 , 0
-6.4913 , 7.94879 , 0
-6.50031 , 7.95586 , 0
-6.50932 , 7.96292 , 0
-6.51833 , 7.96998 , 0
-6.52733 , 7.97704 , 0
-6.53633 , 7.9841 , 0
-6.54534 , 7.99116 , 0
-6.55434 , 7.99821 , 0
-6.56333 , 8.00526 , 0
-6.57233 , 8.01231 , 0
-6.58133 , 8.01936 , 0
-6.59032 , 8.0264 , 0
-6.59931 , 8.03345 , 0
-6.6083 , 8.04049 , 0
-6.61729 , 8.04753 , 0
-6.62627 , 8.05456 , 0
-6.63526 , 8.0616 , 0
-6.64424 , 8.06863 , 0
-6.65322 , 8.07566 , 0
-6.6622 , 8.08269 , 0
-6.67118 , 8.08972 , 0
-6.68015 , 8.09674 , 0
-6.68913 , 8.10376 , 0
-6.6981 , 8.11078 , 0
-6.70707 , 8.1178 , 0
-6.71604 , 8.12482 , 0
-6.72501 , 8.13183 , 0
-6.73397 , 8.13885 , 0
-6.74294 , 8.14586 , 0
-6.7519 , 8.15286 , 0
-6.76086 , 8.15987 , 0
-6.76982 , 8.16687 , 0
-6.77878 , 8.17387 , 0
-6.78773 , 8.18087 , 0
-6.79668 , 8.18787 , 0
-6.80564 , 8.19487 , 0
-6.81459 , 8.20186 , 0
-6.82354 , 8.20885 , 0
-6.83248 , 8.21584 , 0
-6.84143 , 8.22283 , 0
-6.85037 , 8.22982 , 0
-6.85932 , 8.2368 , 0
-6.86826 , 8.24378 , 0
-6.8772 , 8.25076 , 0
-6.88613 , 8.25774 , 0
-6.89507 , 8.26472 , 0
-6.904 , 8.27169 , 0
-6.91293 , 8.27867 , 0
-6.92187 , 8.28564 , 0
-6.9308 , 8.2926 , 0
-6.93972 , 8.29957 , 0
-6.94865 , 8.30653 , 0
-6.95757 , 8.3135 , 0
-6.9665 , 8.32046 , 0
-6.97542 , 8.32742 , 0
-6.98434 , 8.33437 , 0
-6.99325 , 8.34133 , 0
-7.00217 , 8.34828 , 0
-7.01109 , 8.35523 , 0
-7.02 , 8.36218 , 0
-7.02891 , 8.36913 , 0
-7.03782 , 8.37607 , 0
-7.04673 , 8.38302 , 0
-7.05564 , 8.38996 , 0
-7.06454 , 8.3969 , 0
-7.07345 , 8.40384 , 0
-7.08235 , 8.41077 , 0
-7.09125 , 8.41771 , 0
-7.10015 , 8.42464 , 0
-7.10904 , 8.43157 , 0
-7.11794 , 8.4385 , 0
-7.12683 , 8.44543 , 0
-7.13573 , 8.45235 , 0
-7.14462 , 8.45927 , 0
-7.15351 , 8.46619 , 0
-7.1624 , 8.47311 , 0
-7.17128 , 8.48003 , 0
-7.18017 , 8.48695 , 0
-7.18905 , 8.49386 , 0
-7.19793 , 8.50077 , 0
-7.20681 , 8.50768 , 0
-7.21569 , 8.51459 , 0
-7.22457 , 8.5215 , 0
-7.23345 , 8.5284 , 0
-7.24232 , 8.53531 , 0
-7.25119 , 8.54221 , 0
-7.26006 , 8.54911 , 0
-7.26893 , 8.55601 , 0
-7.2778 , 8.5629 , 0
-7.28667 , 8.5698 , 0
-7.29553 , 8.57669 , 0
-7.3044 , 8.58358 , 0
-7.31326 , 8.59047 , 0
-7.32212 , 8.59735 , 0
-7.33098 , 8.60424 , 0
-7.33984 , 8.61112 , 0
-7.34869 , 8.618 , 0
-7.35755 , 8.62488 , 0
-7.3664 , 8.63176 , 0
-7.37525 , 8.63864 , 0
-7.3841 , 8.64551 , 0
-7.39295 , 8.65239 , 0
-7.4018 , 8.65926 , 0
-7.41065 , 8.66613 , 0
-7.41949 , 8.673 , 0
-7.42833 , 8.67986 , 0
-7.43717 , 8.68673 , 0
-7.44601 , 8.69359 , 0
-7.45485 , 8.70045 , 0
-7.46369 , 8.70731 , 0
-7.47253 , 8.71417 , 0
-7.48136 , 8.72102 , 0
-7.49019 , 8.72788 , 0
-7.49902 , 8.73473 , 0
-7.50785 , 8.74158 , 0
-7.51668 , 8.74843 , 0
-7.52551 , 8.75528 , 0
-7.53433 , 8.76212 , 0
-7.54316 , 8.76897 , 0
-7.55198 , 8.77581 , 0
-7.5608 , 8.78265 , 0
-7.56962 , 8.78949 , 0
-7.57844 , 8.79633 , 0
-7.58726 , 8.80316 , 0
-7.59607 , 8.81 , 0
-7.60489 , 8.81683 , 0
-7.6137 , 8.82366 , 0
-7.62251 , 8.83049 , 0
-7.63132 , 8.83732 , 0
-7.64013 , 8.84414 , 0
-7.64893 , 8.85097 , 0
-7.65774 , 8.85779 , 0
-7.66654 , 8.86461 , 0
-7.67535 , 8.87143 , 0
-7.68415 , 8.87825 , 0
-7.69295 , 8.88507 , 0
-7.70175 , 8.89188 , 0
-7.71054 , 8.89869 , 0
-7.71934 , 8.90551 , 0
-7.72813 , 8.91232 , 0
-7.73693 , 8.91912 , 0
-7.74572 , 8.92593 , 0
-7.75451 , 8.93274 , 0
-7.7633 , 8.93954 , 0
-7.77208 , 8.94634 , 0
-7.78087 , 8.95314 , 0
-7.78966 , 8.95994 , 0
-7.79844 , 8.96674 , 0
-7.80722 , 8.97353 , 0
-7.816 , 8.98033 , 0
-7.82478 , 8.98712 , 0
-7.83356 , 8.99391 , 0
-7.84233 , 9.0007 , 0
-7.85111 , 9.00749 , 0
-7.85988 , 9.01427 , 0
-7.86866 , 9.02106 , 0
-7.87743 , 9.02784 , 0
-7.8862 , 9.03462 , 0
-7.89496 , 9.0414 , 0
-7.90373 , 9.04818 , 0
-7.9125 , 9.05496 , 0
-7.92126 , 9.06173 , 0
-7.93002 , 9.06851 , 0
-7.93879 , 9.07528 , 0
-7.94755 , 9.08205 , 0
-7.95631 , 9.08882 , 0
-7.96506 , 9.09559 , 0
-7.97382 , 9.10235 , 0
-7.98257 , 9.10912 , 0
-7.99133 , 9.11588 , 0
-8.00008 , 9.12264 , 0
-8.00883 , 9.1294 , 0
-8.01758 , 9.13616 , 0
-8.02633 , 9.14292 , 0
-8.03508 , 9.14967 , 0
-8.04382 , 9.15643 , 0
-8.05257 , 9.16318 , 0
-8.06131 , 9.16993 , 0
-8.07005 , 9.17668 , 0
-8.07879 , 9.18343 , 0
-8.08753 , 9.19018 , 0
-8.09627 , 9.19692 , 0
-8.10501 , 9.20366 , 0
-8.11374 , 9.21041 , 0
-8.12248 , 9.21715 , 0
-8.13121 , 9.22389 , 0
-8.13994 , 9.23063 , 0
-8.14867 , 9.23736 , 0
-8.1574 , 9.2441 , 0
-8.16613 , 9.25083 , 0
-8.17485 , 9.25756 , 0
-8.18358 , 9.26429 , 0
-8.1923 , 9.27102 , 0
-8.20102 , 9.27775 , 0
-8.20975 , 9.28448 , 0
-8.21847 , 9.2912 , 0
-8.22718 , 9.29792 , 0
-8.2359 , 9.30465 , 0
-8.24462 , 9.31137 , 0
-8.25333 , 9.31809 , 0
-8.26205 , 9.3248 , 0
-8.27076 , 9.33152 , 0
-8.27947 , 9.33824 , 0
-8.28818 , 9.34495 , 0
-8.29689 , 9.35166 , 0
-8.3056 , 9.35837 , 0
-8.3143 , 9.36508 , 0
-8.32301 , 9.37179 , 0
-8.33171 , 9.3785 , 0
-8.34041 , 9.3852 , 0
-8.34911 , 9.3919 , 0
-8.35781 , 9.39861 , 0
-8.36651 , 9.40531 , 0
-8.37521 , 9.41201 , 0
-8.38391 , 9.4187 , 0
-8.3926 , 9.4254 , 0
-8.40129 , 9.4321 , 0
-8.40999 , 9.43879 , 0
-8.41868 , 9.44548 , 0
-8.42737 , 9.45217 , 0
-8.43606 , 9.45886 , 0
-8.44474 , 9.46555 , 0
-8.45343 , 9.47224 , 0
-8.46212 , 9.47893 , 0
-8.4708 , 9.48561 , 0
-8.47948 , 9.49229 , 0
-8.48816 , 9.49897 , 0
-8.49684 , 9.50565 , 0
-8.50552 , 9.51233 , 0
-8.5142 , 9.51901 , 0
-8.52288 , 9.52569 , 0
-8.53155 , 9.53236 , 0
-8.54023 , 9.53904 , 0
-8.5489 , 9.54571 , 0
-8.55757 , 9.55238 , 0
-8.56624 , 9.55905 , 0
-8.57491 , 9.56572 , 0
-8.58358 , 9.57238 , 0
-8.59225 , 9.57905 , 0
-8.60091 , 9.58571 , 0
-8.60958 , 9.59238 , 0
-8.61824 , 9.59904 , 0
-8.6269 , 9.6057 , 0
-8.63557 , 9.61236 , 0
-8.64423 , 9.61901 , 0
-8.65288 , 9.62567 , 0
-8.66154 , 9.63233 , 0
-8.6702 , 9.63898 , 0
-8.67885 , 9.64563 , 0
-8.68751 , 9.65228 , 0
-8.69616 , 9.65893 , 0
-8.70481 , 9.66558 , 0
-8.71346 , 9.67223 , 0
-8.72211 , 9.67887 , 0
-8.73076 , 9.68552 , 0
-8.73941 , 9.69216 , 0
-8.74805 , 9.6988 , 0
-8.7567 , 9.70545 , 0
-8.76534 , 9.71208 , 0
-8.77399 , 9.71872 , 0
-8.78263 , 9.72536 , 0
-8.79127 , 9.732 , 0
-8.79991 , 9.73863 , 0
-8.80854 , 9.74526 , 0
-8.81718 , 9.75189 , 0
-8.82582 , 9.75853 , 0
-8.83445 , 9.76515 , 0
-8.84308 , 9.77178 , 0
-8.85172 , 9.77841 , 0
-8.86035 , 9.78504 , 0
-8.86898 , 9.79166 , 0
-8.87761 , 9.79828 , 0
-8.88623 , 9.8049 , 0
-8.89486 , 9.81153 , 0
-8.90349 , 9.81814 , 0
-8.91211 , 9.82476 , 0
-8.92073 , 9.83138 , 0
-8.92936 , 9.83799 , 0
-8.93798 , 9.84461 , 0
-8.9466 , 9.85122 , 0
-8.95522 , 9.85783 , 0
-8.96383 , 9.86444 , 0
-8.97245 , 9.87105 , 0
-8.98106 , 9.87766 , 0
-8.98968 , 9.88427 , 0
-8.99829 , 9.89088 , 0
-9.0069 , 9.89748 , 0
-9.01551 , 9.90408 , 0
-9.02412 , 9.91069 , 0
-9.03273 , 9.91729 , 0
-9.04134 , 9.92389 , 0
-9.04995 , 9.93048 , 0
-9.05855 , 9.93708 , 0
-9.06716 , 9.94368 , 0
-9.07576 , 9.95027 , 0
-9.08436 , 9.95687 , 0
-9.09296 , 9.96346 , 0
-9.10156 , 9.97005 , 0
-9.11016 , 9.97664 , 0
-9.11876 , 9.98323 , 0
-9.12736 , 9.98982 , 0
-9.13595 , 9.9964 , 0
-9.14455 , 10.003 , 0
-9.15314 , 10.0096 , 0
-9.16173 , 10.0162 , 0
-9.17032 , 10.0227 , 0
-9.17891 , 10.0293 , 0
-9.1875 , 10.0359 , 0
-9.19609 , 10.0425 , 0
-9.20468 , 10.0491 , 0
-9.21326 , 10.0556 , 0
-9.22185 , 10.0622 , 0
-9.23043 , 10.0688 , 0
-9.23901 , 10.0753 , 0
-9.2476 , 10.0819 , 0
-9.25618 , 10.0885 , 0
-9.26476 , 10.0951 , 0
-9.27333 , 10.1016 , 0
-9.28191 , 10.1082 , 0
-9.29049 , 10.1148 , 0
-9.29906 , 10.1213 , 0
-9.30764 , 10.1279 , 0
-9.31621 , 10.1344 , 0
-9.32478 , 10.141 , 0
-9.33335 , 10.1476 , 0
-9.34192 , 10.1541 , 0
-9.35049 , 10.1607 , 0
-9.35906 , 10.1672 , 0
-9.36763 , 10.1738 , 0
-9.37619 , 10.1804 , 0
-9.38476 , 10.1869 , 0
-9.39332 , 10.1935 , 0
-9.40188 , 10.2 , 0
-9.41045 , 10.2066 , 0
-9.41901 , 10.2131 , 0
-9.42757 , 10.2197 , 0
-9.43612 , 10.2262 , 0
-9.44468 , 10.2327 , 0
-9.45324 , 10.2393 , 0
-9.46179 , 10.2458 , 0
-9.47035 , 10.2524 , 0
-9.4789 , 10.2589 , 0
-9.48745 , 10.2655 , 0
-9.496 , 10.272 , 0
-9.50455 , 10.2785 , 0
-9.5131 , 10.2851 , 0
-9.52165 , 10.2916 , 0
-9.5302 , 10.2981 , 0
-9.53875 , 10.3047 , 0
-9.54729 , 10.3112 , 0
-9.55584 , 10.3177 , 0
-9.56438 , 10.3243 , 0
-9.57292 , 10.3308 , 0
-9.58146 , 10.3373 , 0
-9.59 , 10.3438 , 0
-9.59854 , 10.3504 , 0
-9.60708 , 10.3569 , 0
-9.61562 , 10.3634 , 0
-9.62415 , 10.3699 , 0
-9.63269 , 10.3765 , 0
-9.64122 , 10.383 , 0
-9.64975 , 10.3895 , 0
-9.65829 , 10.396 , 0
-9.66682 , 10.4025 , 0
-9.67535 , 10.409 , 0
-9.68388 , 10.4156 , 0
-9.69241 , 10.4221 , 0
-9.70093 , 10.4286 , 0
-9.70946 , 10.4351 , 0
-9.71798 , 10.4416 , 0
-9.72651 , 10.4481 , 0
-9.73503 , 10.4546 , 0
-9.74355 , 10.4611 , 0
-9.75207 , 10.4676 , 0
-9.76059 , 10.4741 , 0
-9.76911 , 10.4806 , 0
-9.77763 , 10.4871 , 0
-9.78615 , 10.4936 , 0
-9.79467 , 10.5001 , 0
-9.80318 , 10.5066 , 0
-9.8117 , 10.5131 , 0
-9.82021 , 10.5196 , 0
-9.82872 , 10.5261 , 0
-9.83723 , 10.5326 , 0
-9.84574 , 10.5391 , 0
-9.85425 , 10.5456 , 0
-9.86276 , 10.5521 , 0
-9.87127 , 10.5586 , 0
-9.87978 , 10.5651 , 0
-9.88828 , 10.5716 , 0
-9.89679 , 10.5781 , 0
-9.90529 , 10.5846 , 0
-9.91379 , 10.591 , 0
-9.92229 , 10.5975 , 0
-9.9308 , 10.604 , 0
-9.9393 , 10.6105 , 0
-9.94779 , 10.617 , 0
-9.95629 , 10.6235 , 0
-9.96479 , 10.6299 , 0
-9.97329 , 10.6364 , 0
-9.98178 , 10.6429 , 0
-9.99028 , 10.6494 , 0
-9.99877 , 10.6559 , 0
-10.0073 , 10.6623 , 0
-10.0158 , 10.6688 , 0
-10.0242 , 10.6753 , 0
-10.0327 , 10.6817 , 0
-10.0412 , 10.6882 , 0
-10.0497 , 10.6947 , 0
-10.0582 , 10.7012 , 0
-10.0667 , 10.7076 , 0
-10.0752 , 10.7141 , 0
-10.0836 , 10.7206 , 0
-10.0921 , 10.727 , 0
-10.1006 , 10.7335 , 0
-10.1091 , 10.74 , 0
-10.1176 , 10.7464 , 0
-10.1261 , 10.7529 , 0
-10.1345 , 10.7593 , 0
-10.143 , 10.7658 , 0
-10.1515 , 10.7723 , 0
-10.16 , 10.7787 , 0
-10.1684 , 10.7852 , 0
-10.1769 , 10.7916 , 0
-10.1854 , 10.7981 , 0
-10.1939 , 10.8045 , 0
-10.2023 , 10.811 , 0
-10.2108 , 10.8174 , 0
-10.2193 , 10.8239 , 0
-10.2277 , 10.8303 , 0
-10.2362 , 10.8368 , 0
-10.2447 , 10.8432 , 0
-10.2531 , 10.8497 , 0
-10.2616 , 10.8561 , 0
-10.2701 , 10.8626 , 0
-10.2785 , 10.869 , 0
-10.287 , 10.8755 , 0
-10.2954 , 10.8819 , 0
-10.3039 , 10.8883 , 0
-10.3124 , 10.8948 , 0
-10.3208 , 10.9012 , 0
-10.3293 , 10.9077 , 0
-10.3377 , 10.9141 , 0
-10.3462 , 10.9205 , 0
-10.3546 , 10.927 , 0
-10.3631 , 10.9334 , 0
-10.3716 , 10.9398 , 0
-10.38 , 10.9463 , 0
-10.3885 , 10.9527 , 0
-10.3969 , 10.9591 , 0
-10.4054 , 10.9656 , 0
-10.4138 , 10.972 , 0
-10.4223 , 10.9784 , 0
-10.4307 , 10.9848 , 0
-10.4391 , 10.9913 , 0
-10.4476 , 10.9977 , 0
-10.456 , 11.0041 , 0
-10.4645 , 11.0105 , 0
-10.4729 , 11.017 , 0
-10.4814 , 11.0234 , 0
-10.4898 , 11.0298 , 0
-10.4982 , 11.0362 , 0
-10.5067 , 11.0426 , 0
-10.5151 , 11.049 , 0
-10.5236 , 11.0555 , 0
-10.532 , 11.0619 , 0
-10.5404 , 11.0683 , 0
-10.5489 , 11.0747 , 0
-10.5573 , 11.0811 , 0
-10.5657 , 11.0875 , 0
-10.5742 , 11.0939 , 0
-10.5826 , 11.1004 , 0
-10.591 , 11.1068 , 0
-10.5994 , 11.1132 , 0
-10.6079 , 11.1196 , 0
-10.6163 , 11.126 , 0
-10.6247 , 11.1324 , 0
-10.6332 , 11.1388 , 0
-10.6416 , 11.1452 , 0
-10.65 , 11.1516 , 0
-10.6584 , 11.158 , 0
-10.6669 , 11.1644 , 0
-10.6753 , 11.1708 , 0
-10.6837 , 11.1772 , 0
-10.6921 , 11.1836 , 0
-10.7005 , 11.19 , 0
-10.709 , 11.1964 , 0
-10.7174 , 11.2028 , 0
-10.7258 , 11.2092 , 0
-10.7342 , 11.2156 , 0
-10.7426 , 11.222 , 0
-10.751 , 11.2284 , 0
-10.7594 , 11.2348 , 0
-10.7679 , 11.2411 , 0
-10.7763 , 11.2475 , 0
-10.7847 , 11.2539 , 0
-10.7931 , 11.2603 , 0
-10.8015 , 11.2667 , 0
-10.8099 , 11.2731 , 0
-10.8183 , 11.2795 , 0
-10.8267 , 11.2859 , 0
-10.8351 , 11.2922 , 0
-10.8435 , 11.2986 , 0
-10.8519 , 11.305 , 0
-10.8603 , 11.3114 , 0
-10.8687 , 11.3178 , 0
-10.8771 , 11.3241 , 0
-10.8855 , 11.3305 , 0
-10.8939 , 11.3369 , 0
-10.9023 , 11.3433 , 0
-10.9107 , 11.3497 , 0
-10.9191 , 11.356 , 0
-10.9275 , 11.3624 , 0
-10.9359 , 11.3688 , 0
-10.9443 , 11.3751 , 0
-10.9527 , 11.3815 , 0
-10.9611 , 11.3879 , 0
-10.9695 , 11.3943 , 0
-10.9779 , 11.4006 , 0
-10.9863 , 11.407 , 0
-10.9947 , 11.4134 , 0
-11.0031 , 11.4197 , 0
-11.0114 , 11.4261 , 0
-11.0198 , 11.4325 , 0
-11.0282 , 11.4388 , 0
-11.0366 , 11.4452 , 0
-11.045 , 11.4515 , 0
-11.0534 , 11.4579 , 0
-11.0618 , 11.4643 , 0
-11.0701 , 11.4706 , 0
-11.0785 , 11.477 , 0
-11.0869 , 11.4833 , 0
-11.0953 , 11.4897 , 0
-11.1037 , 11.4961 , 0
-11.112 , 11.5024 , 0
-11.1204 , 11.5088 , 0
-11.1288 , 11.5151 , 0
-11.1372 , 11.5215 , 0
-11.1455 , 11.5278 , 0
-11.1539 , 11.5342 , 0
-11.1623 , 11.5405 , 0
-11.1707 , 11.5469 , 0
-11.179 , 11.5532 , 0
-11.1874 , 11.5596 , 0
-11.1958 , 11.5659 , 0
-11.2041 , 11.5723 , 0
-11.2125 , 11.5786 , 0
-11.2209 , 11.585 , 0
-11.2293 , 11.5913 , 0
-11.2376 , 11.5976 , 0
-11.246 , 11.604 , 0
-11.2544 , 11.6103 , 0
-11.2627 , 11.6167 , 0
-11.2711 , 11.623 , 0
-11.2794 , 11.6294 , 0
-11.2878 , 11.6357 , 0
-11.2962 , 11.642 , 0
-11.3045 , 11.6484 , 0
-11.3129 , 11.6547 , 0
-11.3212 , 11.661 , 0
-11.3296 , 11.6674 , 0
-11.338 , 11.6737 , 0
-11.3463 , 11.68 , 0
-11.3547 , 11.6864 , 0
-11.363 , 11.6927 , 0
-11.3714 , 11.699 , 0
-11.3797 , 11.7054 , 0
-11.3881 , 11.7117 , 0
-11.3964 , 11.718 , 0
-11.4048 , 11.7243 , 0
-11.4131 , 11.7307 , 0
-11.4215 , 11.737 , 0
-11.4298 , 11.7433 , 0
-11.4382 , 11.7496 , 0
-11.4465 , 11.756 , 0
-11.4549 , 11.7623 , 0
-11.4632 , 11.7686 , 0
-11.4716 , 11.7749 , 0
-11.4799 , 11.7813 , 0
-11.4883 , 11.7876 , 0
-11.4966 , 11.7939 , 0
-11.5049 , 11.8002 , 0
-11.5133 , 11.8065 , 0
-11.5216 , 11.8128 , 0
-11.53 , 11.8192 , 0
-11.5383 , 11.8255 , 0
-11.5466 , 11.8318 , 0
-11.555 , 11.8381 , 0
-11.5633 , 11.8444 , 0
-11.5716 , 11.8507 , 0
-11.58 , 11.857 , 0
-11.5883 , 11.8633 , 0
-11.5966 , 11.8697 , 0
-11.605 , 11.876 , 0
-11.6133 , 11.8823 , 0
-11.6216 , 11.8886 , 0
-11.63 , 11.8949 , 0
-11.6383 , 11.9012 , 0
-11.6466 , 11.9075 , 0
-11.655 , 11.9138 , 0
-11.6633 , 11.9201 , 0
-11.6716 , 11.9264 , 0
-11.6799 , 11.9327 , 0
-11.6883 , 11.939 , 0
-11.6966 , 11.9453 , 0
-11.7049 , 11.9516 , 0
-11.7132 , 11.9579 , 0
-11.7216 , 11.9642 , 0
-11.7299 , 11.9705 , 0
-11.7382 , 11.9768 , 0
-11.7465 , 11.9831 , 0
-11.7548 , 11.9894 , 0
-11.7632 , 11.9957 , 0
-11.7715 , 12.002 , 0
-11.7798 , 12.0083 , 0
-11.7881 , 12.0146 , 0
-11.7964 , 12.0208 , 0
-11.8047 , 12.0271 , 0
-11.8131 , 12.0334 , 0
-11.8214 , 12.0397 , 0
-11.8297 , 12.046 , 0
-11.838 , 12.0523 , 0
-11.8463 , 12.0586 , 0
-11.8546 , 12.0649 , 0
-11.8629 , 12.0711 , 0
-11.8712 , 12.0774 , 0
-11.8796 , 12.0837 , 0
-11.8879 , 12.09 , 0
-11.8962 , 12.0963 , 0
-11.9045 , 12.1026 , 0
-11.9128 , 12.1088 , 0
-11.9211 , 12.1151 , 0
-11.9294 , 12.1214 , 0
-11.9377 , 12.1277 , 0
-11.946 , 12.134 , 0
-11.9543 , 12.1402 , 0
-11.9626 , 12.1465 , 0
-11.9709 , 12.1528 , 0
-11.9792 , 12.1591 , 0
-11.9875 , 12.1653 , 0
-11.9958 , 12.1716 , 0
-12.0041 , 12.1779 , 0
-12.0124 , 12.1842 , 0
-12.0207 , 12.1904 , 0
-12.029 , 12.1967 , 0
-12.0373 , 12.203 , 0
-12.0456 , 12.2092 , 0
-12.0539 , 12.2155 , 0
-12.0622 , 12.2218 , 0
-12.0705 , 12.228 , 0
-12.0787 , 12.2343 , 0
-12.087 , 12.2406 , 0
-12.0953 , 12.2468 , 0
-12.1036 , 12.2531 , 0
-12.1119 , 12.2594 , 0
-12.1202 , 12.2656 , 0
-12.1285 , 12.2719 , 0
-12.1368 , 12.2782 , 0
-12.1451 , 12.2844 , 0
-12.1533 , 12.2907 , 0
-12.1616 , 12.2969 , 0
-12.1699 , 12.3032 , 0
-12.1782 , 12.3095 , 0
-12.1865 , 12.3157 , 0
-12.1948 , 12.322 , 0
-12.203 , 12.3282 , 0
-12.2113 , 12.3345 , 0
-12.2196 , 12.3407 , 0
-12.2279 , 12.347 , 0
-12.2362 , 12.3532 , 0
-12.2444 , 12.3595 , 0
-12.2527 , 12.3657 , 0
-12.261 , 12.372 , 0
-12.2693 , 12.3782 , 0
-12.2775 , 12.3845 , 0
-12.2858 , 12.3907 , 0
-12.2941 , 12.397 , 0
-12.3024 , 12.4032 , 0
-12.3106 , 12.4095 , 0
-12.3189 , 12.4157 , 0
-12.3272 , 12.422 , 0
-12.3354 , 12.4282 , 0
-12.3437 , 12.4345 , 0
-12.352 , 12.4407 , 0
-12.3602 , 12.447 , 0
-12.3685 , 12.4532 , 0
-12.3768 , 12.4594 , 0
-12.385 , 12.4657 , 0
-12.3933 , 12.4719 , 0
-12.4016 , 12.4782 , 0
-12.4098 , 12.4844 , 0
-12.4181 , 12.4906 , 0
-12.4264 , 12.4969 , 0
-12.4346 , 12.5031 , 0
-12.4429 , 12.5093 , 0
-12.4511 , 12.5156 , 0
-12.4594 , 12.5218 , 0
-12.4677 , 12.528 , 0
-12.4759 , 12.5343 , 0
-12.4842 , 12.5405 , 0
-12.4924 , 12.5467 , 0
-12.5007 , 12.553 , 0
-12.509 , 12.5592 , 0
-12.5172 , 12.5654 , 0
-12.5255 , 12.5717 , 0
-12.5337 , 12.5779 , 0
-12.542 , 12.5841 , 0
-12.5502 , 12.5903 , 0
-12.5585 , 12.5966 , 0
-12.5667 , 12.6028 , 0
-12.575 , 12.609 , 0
-12.5832 , 12.6153 , 0
-12.5915 , 12.6215 , 0
-12.5997 , 12.6277 , 0
-12.608 , 12.6339 , 0
-12.6162 , 12.6401 , 0
-12.6245 , 12.6464 , 0
-12.6327 , 12.6526 , 0
-12.641 , 12.6588 , 0
-12.6492 , 12.665 , 0
-12.6575 , 12.6712 , 0
-12.6657 , 12.6775 , 0
-12.6739 , 12.6837 , 0
-12.6822 , 12.6899 , 0
-12.6904 , 12.6961 , 0
-12.6987 , 12.7023 , 0
-12.7069 , 12.7085 , 0
-12.7151 , 12.7148 , 0
-12.7234 , 12.721 , 0
-12.7316 , 12.7272 , 0
-12.7399 , 12.7334 , 0
-12.7481 , 12.7396 , 0
-12.7563 , 12.7458 , 0
-12.7646 , 12.752 , 0
-12.7728 , 12.7582 , 0
-12.781 , 12.7645 , 0
-12.7893 , 12.7707 , 0
-12.7975 , 12.7769 , 0
-12.8057 , 12.7831 , 0
-12.814 , 12.7893 , 0
-12.8222 , 12.7955 , 0
-12.8304 , 12.8017 , 0
-12.8387 , 12.8079 , 0
-12.8469 , 12.8141 , 0
-12.8551 , 12.8203 , 0
-12.8634 , 12.8265 , 0
-12.8716 , 12.8327 , 0
-12.8798 , 12.8389 , 0
-12.888 , 12.8451 , 0
-12.8963 , 12.8513 , 0
-12.9045 , 12.8575 , 0
-12.9127 , 12.8637 , 0
-12.9209 , 12.8699 , 0
-12.9292 , 12.8761 , 0
-12.9374 , 12.8823 , 0
-12.9456 , 12.8885 , 0
-12.9538 , 12.8947 , 0
-12.962 , 12.9009 , 0
-12.9703 , 12.9071 , 0
-12.9785 , 12.9133 , 0
-12.9867 , 12.9195 , 0
-12.9949 , 12.9257 , 0
-13.0031 , 12.9319 , 0
-13.0114 , 12.9381 , 0
-13.0196 , 12.9442 , 0
-13.0278 , 12.9504 , 0
-13.036 , 12.9566 , 0
-13.0442 , 12.9628 , 0
-13.0524 , 12.969 , 0
-13.0606 , 12.9752 , 0
-13.0689 , 12.9814 , 0
-13.0771 , 12.9876 , 0
-13.0853 , 12.9938 , 0
-13.0935 , 12.9999 , 0
-13.1017 , 13.0061 , 0
-13.1099 , 13.0123 , 0
-13.1181 , 13.0185 , 0
-13.1263 , 13.0247 , 0
-13.1345 , 13.0309 , 0
-13.1427 , 13.037 , 0
-13.1509 , 13.0432 , 0
-13.1592 , 13.0494 , 0
-13.1674 , 13.0556 , 0
-13.1756 , 13.0618 , 0
-13.1838 , 13.0679 , 0
-13.192 , 13.0741 , 0
-13.2002 , 13.0803 , 0
-13.2084 , 13.0865 , 0
-13.2166 , 13.0926 , 0
-13.2248 , 13.0988 , 0
-13.233 , 13.105 , 0
-13.2412 , 13.1112 , 0
-13.2494 , 13.1173 , 0
-13.2576 , 13.1235 , 0
-13.2658 , 13.1297 , 0
-13.274 , 13.1359 , 0
-13.2822 , 13.142 , 0
-13.2904 , 13.1482 , 0
-13.2986 , 13.1544 , 0
-13.3068 , 13.1605 , 0
-13.315 , 13.1667 , 0
-13.3231 , 13.1729 , 0
-13.3313 , 13.1791 , 0
-13.3395 , 13.1852 , 0
-13.3477 , 13.1914 , 0
-13.3559 , 13.1976 , 0
-13.3641 , 13.2037 , 0
-13.3723 , 13.2099 , 0
-13.3805 , 13.216 , 0
-13.3887 , 13.2222 , 0
-13.3969 , 13.2284 , 0
-13.4051 , 13.2345 , 0
-13.4132 , 13.2407 , 0
-13.4214 , 13.2469 , 0
-13.4296 , 13.253 , 0
-13.4378 , 13.2592 , 0
-13.446 , 13.2653 , 0
-13.4542 , 13.2715 , 0
-13.4624 , 13.2777 , 0
-13.4705 , 13.2838 , 0
-13.4787 , 13.29 , 0
-13.4869 , 13.2961 , 0
-13.4951 , 13.3023 , 0
-13.5033 , 13.3084 , 0
-13.5114 , 13.3146 , 0
-13.5196 , 13.3208 , 0
-13.5278 , 13.3269 , 0
-13.536 , 13.3331 , 0
-13.5442 , 13.3392 , 0
-13.5523 , 13.3454 , 0
-13.5605 , 13.3515 , 0
-13.5687 , 13.3577 , 0
-13.5769 , 13.3638 , 0
-13.585 , 13.37 , 0
-13.5932 , 13.3761 , 0
-13.6014 , 13.3823 , 0
-13.6096 , 13.3884 , 0
-13.6177 , 13.3946 , 0
-13.6259 , 13.4007 , 0
-13.6341 , 13.4069 , 0
-13.6422 , 13.413 , 0
-13.6504 , 13.4192 , 0
-13.6586 , 13.4253 , 0
-13.6668 , 13.4314 , 0
-13.6749 , 13.4376 , 0
-13.6831 , 13.4437 , 0
-13.6913 , 13.4499 , 0
-13.6994 , 13.456 , 0
-13.7076 , 13.4622 , 0
-13.7158 , 13.4683 , 0
-13.7239 , 13.4744 , 0
-13.7321 , 13.4806 , 0
-13.7403 , 13.4867 , 0
-13.7484 , 13.4929 , 0
-13.7566 , 13.499 , 0
-13.7647 , 13.5051 , 0
-13.7729 , 13.5113 , 0
-13.7811 , 13.5174 , 0
-13.7892 , 13.5235 , 0
-13.7974 , 13.5297 , 0
-13.8055 , 13.5358 , 0
-13.8137 , 13.5419 , 0
-13.8219 , 13.5481 , 0
-13.83 , 13.5542 , 0
-13.8382 , 13.5603 , 0
-13.8463 , 13.5665 , 0
-13.8545 , 13.5726 , 0
-13.8626 , 13.5787 , 0
-13.8708 , 13.5849 , 0
-13.879 , 13.591 , 0
-13.8871 , 13.5971 , 0
-13.8953 , 13.6033 , 0
-13.9034 , 13.6094 , 0
-13.9116 , 13.6155 , 0
-13.9197 , 13.6216 , 0
-13.9279 , 13.6278 , 0
-13.936 , 13.6339 , 0
-13.9442 , 13.64 , 0
-13.9523 , 13.6462 , 0
-13.9605 , 13.6523 , 0
-13.9686 , 13.6584 , 0
-13.9768 , 13.6645 , 0
-13.9849 , 13.6706 , 0
-13.9931 , 13.6768 , 0
-14.0012 , 13.6829 , 0
-14.0094 , 13.689 , 0
-14.0175 , 13.6951 , 0
-14.0256 , 13.7013 , 0
-14.0338 , 13.7074 , 0
-14.0419 , 13.7135 , 0
-14.0501 , 13.7196 , 0
-14.0582 , 13.7257 , 0
-14.0664 , 13.7318 , 0
-14.0745 , 13.738 , 0
-14.0826 , 13.7441 , 0
-14.0908 , 13.7502 , 0
-14.0989 , 13.7563 , 0
-14.1071 , 13.7624 , 0
-14.1152 , 13.7685 , 0
-14.1233 , 13.7747 , 0
-14.1315 , 13.7808 , 0
-14.1396 , 13.7869 , 0
-14.1478 , 13.793 , 0
-14.1559 , 13.7991 , 0
-14.164 , 13.8052 , 0
-14.1722 , 13.8113 , 0
-14.1803 , 13.8174 , 0
-14.1884 , 13.8235 , 0
-14.1966 , 13.8297 , 0
-14.2047 , 13.8358 , 0
-14.2128 , 13.8419 , 0
-14.221 , 13.848 , 0
-14.2291 , 13.8541 , 0
-14.2372 , 13.8602 , 0
-14.2453 , 13.8663 , 0
-14.2535 , 13.8724 , 0
-14.2616 , 13.8785 , 0
-14.2697 , 13.8846 , 0
-14.2779 , 13.8907 , 0
-14.286 , 13.8968 , 0
-14.2941 , 13.9029 , 0
-14.3022 , 13.909 , 0
-14.3104 , 13.9151 , 0
-14.3185 , 13.9212 , 0
-14.3266 , 13.9273 , 0
-14.3347 , 13.9334 , 0
-14.3429 , 13.9395 , 0
-14.351 , 13.9456 , 0
-14.3591 , 13.9517 , 0
-14.3672 , 13.9578 , 0
-14.3754 , 13.9639 , 0
-14.3835 , 13.97 , 0
-14.3916 , 13.9761 , 0
-14.3997 , 13.9822 , 0
-14.4078 , 13.9883 , 0
-14.416 , 13.9944 , 0
-14.4241 , 14.0005 , 0
-14.4322 , 14.0066 , 0
-14.4403 , 14.0127 , 0
-14.4484 , 14.0188 , 0
-14.4565 , 14.0249 , 0
-14.4647 , 14.031 , 0
-14.4728 , 14.0371 , 0
-14.4809 , 14.0432 , 0
-14.489 , 14.0492 , 0
-14.4971 , 14.0553 , 0
-14.5052 , 14.0614 , 0
-14.5133 , 14.0675 , 0
-14.5215 , 14.0736 , 0
-14.5296 , 14.0797 , 0
-14.5377 , 14.0858 , 0
-14.5458 , 14.0919 , 0
-14.5539 , 14.0979 , 0
-14.562 , 14.104 , 0
-14.5701 , 14.1101 , 0
-14.5782 , 14.1162 , 0
-14.5863 , 14.1223 , 0
-14.5944 , 14.1284 , 0
-14.6025 , 14.1345 , 0
-14.6107 , 14.1405 , 0
-14.6188 , 14.1466 , 0
-14.6269 , 14.1527 , 0
-14.635 , 14.1588 , 0
-14.6431 , 14.1649 , 0
-14.6512 , 14.1709 , 0
-14.6593 , 14.177 , 0
-14.6674 , 14.1831 , 0
-14.6755 , 14.1892 , 0
-14.6836 , 14.1953 , 0
-14.6917 , 14.2013 , 0
-14.6998 , 14.2074 , 0
-14.7079 , 14.2135 , 0
-14.716 , 14.2196 , 0
-14.7241 , 14.2257 , 0
-14.7322 , 14.2317 , 0
-14.7403 , 14.2378 , 0
-14.7484 , 14.2439 , 0
-14.7565 , 14.25 , 0
-14.7646 , 14.256 , 0
-14.7727 , 14.2621 , 0
-14.7808 , 14.2682 , 0
-14.7889 , 14.2742 , 0
-14.797 , 14.2803 , 0
-14.8051 , 14.2864 , 0
-14.8131 , 14.2925 , 0
-14.8212 , 14.2985 , 0
-14.8293 , 14.3046 , 0
-14.8374 , 14.3107 , 0
-14.8455 , 14.3167 , 0
-14.8536 , 14.3228 , 0
-14.8617 , 14.3289 , 0
-14.8698 , 14.3349 , 0
-14.8779 , 14.341 , 0
-14.886 , 14.3471 , 0
-14.8941 , 14.3531 , 0
-14.9021 , 14.3592 , 0
-14.9102 , 14.3653 , 0
-14.9183 , 14.3713 , 0
-14.9264 , 14.3774 , 0
-14.9345 , 14.3835 , 0
-14.9426 , 14.3895 , 0
-14.9507 , 14.3956 , 0
-14.9588 , 14.4017 , 0
-14.9668 , 14.4077 , 0
-14.9749 , 14.4138 , 0
-14.983 , 14.4198 , 0
-14.9911 , 14.4259 , 0
-14.9992 , 14.432 , 0
-15.0072 , 14.438 , 0
-15.0153 , 14.4441 , 0
-15.0234 , 14.4501 , 0
-15.0315 , 14.4562 , 0
-15.0396 , 14.4623 , 0
-15.0477 , 14.4683 , 0
-15.0557 , 14.4744 , 0
-15.0638 , 14.4804 , 0
-15.0719 , 14.4865 , 0
-15.08 , 14.4925 , 0
-15.088 , 14.4986 , 0
-15.0961 , 14.5046 , 0
-15.1042 , 14.5107 , 0
-15.1123 , 14.5167 , 0
-15.1203 , 14.5228 , 0
-15.1284 , 14.5289 , 0
-15.1365 , 14.5349 , 0
-15.1446 , 14.541 , 0
-15.1526 , 14.547 , 0
-15.1607 , 14.5531 , 0
-15.1688 , 14.5591 , 0
-15.1769 , 14.5652 , 0
-15.1849 , 14.5712 , 0
-15.193 , 14.5773 , 0
-15.2011 , 14.5833 , 0
-15.2091 , 14.5894 , 0
-15.2172 , 14.5954 , 0
-15.2253 , 14.6014 , 0
-15.2333 , 14.6075 , 0
-15.2414 , 14.6135 , 0
-15.2495 , 14.6196 , 0
-15.2575 , 14.6256 , 0
-15.2656 , 14.6317 , 0
-15.2737 , 14.6377 , 0
-15.2817 , 14.6438 , 0
-15.2898 , 14.6498 , 0
-15.2979 , 14.6559 , 0
-15.3059 , 14.6619 , 0
-15.314 , 14.6679 , 0
-15.3221 , 14.674 , 0
-15.3301 , 14.68 , 0
-15.3382 , 14.6861 , 0
-15.3463 , 14.6921 , 0
-15.3543 , 14.6981 , 0
-15.3624 , 14.7042 , 0
-15.3704 , 14.7102 , 0
-15.3785 , 14.7163 , 0
-15.3866 , 14.7223 , 0
-15.3946 , 14.7283 , 0
-15.4027 , 14.7344 , 0
-15.4107 , 14.7404 , 0
-15.4188 , 14.7464 , 0
-15.4268 , 14.7525 , 0
-15.4349 , 14.7585 , 0
-15.443 , 14.7645 , 0
-15.451 , 14.7706 , 0
-15.4591 , 14.7766 , 0
-15.4671 , 14.7826 , 0
-15.4752 , 14.7887 , 0
-15.4832 , 14.7947 , 0
-15.4913 , 14.8007 , 0
-15.4993 , 14.8068 , 0
-15.5074 , 14.8128 , 0
-15.5154 , 14.8188 , 0
-15.5235 , 14.8249 , 0
-15.5315 , 14.8309 , 0
-15.5396 , 14.8369 , 0
-15.5476 , 14.843 , 0
-15.5557 , 14.849 , 0
-15.5637 , 14.855 , 0
-15.5718 , 14.861 , 0
-15.5798 , 14.8671 , 0
-15.5879 , 14.8731 , 0
-15.5959 , 14.8791 , 0
-15.604 , 14.8851 , 0
-15.612 , 14.8912 , 0
-15.6201 , 14.8972 , 0
-15.6281 , 14.9032 , 0
-15.6362 , 14.9092 , 0
-15.6442 , 14.9153 , 0
-15.6523 , 14.9213 , 0
-15.6603 , 14.9273 , 0
-15.6683 , 14.9333 , 0
-15.6764 , 14.9394 , 0
-15.6844 , 14.9454 , 0
-15.6925 , 14.9514 , 0
-15.7005 , 14.9574 , 0
-15.7085 , 14.9634 , 0
-15.7166 , 14.9695 , 0
-15.7246 , 14.9755 , 0
-15.7327 , 14.9815 , 0
-15.7407 , 14.9875 , 0
-15.7487 , 14.9935 , 0
-15.7568 , 14.9996 , 0
-15.7648 , 15.0056 , 0
-15.7729 , 15.0116 , 0
-15.7809 , 15.0176 , 0
-15.7889 , 15.0236 , 0
-15.797 , 15.0296 , 0
-15.805 , 15.0357 , 0
-15.813 , 15.0417 , 0
-15.8211 , 15.0477 , 0
-15.8291 , 15.0537 , 0
-15.8371 , 15.0597 , 0
-15.8452 , 15.0657 , 0
-15.8532 , 15.0717 , 0
-15.8612 , 15.0777 , 0
-15.8693 , 15.0838 , 0
-15.8773 , 15.0898 , 0
-15.8853 , 15.0958 , 0
-15.8934 , 15.1018 , 0
-15.9014 , 15.1078 , 0
-15.9094 , 15.1138 , 0
-15.9175 , 15.1198 , 0
-15.9255 , 15.1258 , 0
-15.9335 , 15.1318 , 0
-15.9415 , 15.1378 , 0
-15.9496 , 15.1438 , 0
-15.9576 , 15.1499 , 0
-15.9656 , 15.1559 , 0
-15.9736 , 15.1619 , 0
-15.9817 , 15.1679 , 0
-15.9897 , 15.1739 , 0
-15.9977 , 15.1799 , 0
-16.0057 , 15.1859 , 0
-16.0138 , 15.1919 , 0
-16.0218 , 15.1979 , 0
-16.0298 , 15.2039 , 0
-16.0378 , 15.2099 , 0
-16.0459 , 15.2159 , 0
-16.0539 , 15.2219 , 0
-16.0619 , 15.2279 , 0
-16.0699 , 15.2339 , 0
-16.0779 , 15.2399 , 0
-16.086 , 15.2459 , 0
-16.094 , 15.2519 , 0
-16.102 , 15.2579 , 0
-16.11 , 15.2639 , 0
-16.118 , 15.2699 , 0
-16.1261 , 15.2759 , 0
-16.1341 , 15.2819 , 0
-16.1421 , 15.2879 , 0
-16.1501 , 15.2939 , 0
-16.1581 , 15.2999 , 0
-16.1661 , 15.3059 , 0
-16.1742 , 15.3119 , 0
-16.1822 , 15.3179 , 0
-16.1902 , 15.3239 , 0
-16.1982 , 15.3299 , 0
-16.2062 , 15.3359 , 0
-16.2142 , 15.3419 , 0
-16.2222 , 15.3479 , 0
-16.2303 , 15.3538 , 0
-16.2383 , 15.3598 , 0
-16.2463 , 15.3658 , 0
-16.2543 , 15.3718 , 0
-16.2623 , 15.3778 , 0
-16.2703 , 15.3838 , 0
-16.2783 , 15.3898 , 0
-16.2863 , 15.3958 , 0
-16.2943 , 15.4018 , 0
-16.3023 , 15.4078 , 0
-16.3103 , 15.4138 , 0
-16.3184 , 15.4197 , 0
-16.3264 , 15.4257 , 0
-16.3344 , 15.4317 , 0
-16.3424 , 15.4377 , 0
-16.3504 , 15.4437 , 0
-16.3584 , 15.4497 , 0
-16.3664 , 15.4557 , 0
-16.3744 , 15.4617 , 0
-16.3824 , 15.4676 , 0
-16.3904 , 15.4736 , 0
-16.3984 , 15.4796 , 0
-16.4064 , 15.4856 , 0
-16.4144 , 15.4916 , 0
-16.4224 , 15.4976 , 0
-16.4304 , 15.5035 , 0
-16.4384 , 15.5095 , 0
-16.4464 , 15.5155 , 0
-16.4544 , 15.5215 , 0
-16.4624 , 15.5275 , 0
-16.4704 , 15.5335 , 0
-16.4784 , 15.5394 , 0
-16.4864 , 15.5454 , 0
-16.4944 , 15.5514 , 0
-16.5024 , 15.5574 , 0
-16.5104 , 15.5633 , 0
-16.5184 , 15.5693 , 0
-16.5264 , 15.5753 , 0
-16.5344 , 15.5813 , 0
-16.5424 , 15.5873 , 0
-16.5504 , 15.5932 , 0
-16.5584 , 15.5992 , 0
-16.5664 , 15.6052 , 0
-16.5744 , 15.6112 , 0
-16.5824 , 15.6171 , 0
-16.5904 , 15.6231 , 0
-16.5984 , 15.6291 , 0
-16.6063 , 15.6351 , 0
-16.6143 , 15.641 , 0
-16.6223 , 15.647 , 0
-16.6303 , 15.653 , 0
-16.6383 , 15.659 , 0
-16.6463 , 15.6649 , 0
-16.6543 , 15.6709 , 0
-16.6623 , 15.6769 , 0
-16.6703 , 15.6828 , 0
-16.6783 , 15.6888 , 0
-16.6862 , 15.6948 , 0
-16.6942 , 15.7008 , 0
-16.7022 , 15.7067 , 0
-16.7102 , 15.7127 , 0
-16.7182 , 15.7187 , 0
-16.7262 , 15.7246 , 0
-16.7342 , 15.7306 , 0
-16.7422 , 15.7366 , 0
-16.7501 , 15.7425 , 0
-16.7581 , 15.7485 , 0
-16.7661 , 15.7545 , 0
-16.7741 , 15.7604 , 0
-16.7821 , 15.7664 , 0
-16.7901 , 15.7724 , 0
-16.798 , 15.7783 , 0
-16.806 , 15.7843 , 0
-16.814 , 15.7903 , 0
-16.822 , 15.7962 , 0
-16.83 , 15.8022 , 0
-16.8379 , 15.8082 , 0
-16.8459 , 15.8141 , 0
-16.8539 , 15.8201 , 0
-16.8619 , 15.826 , 0
-16.8699 , 15.832 , 0
-16.8778 , 15.838 , 0
-16.8858 , 15.8439 , 0
-16.8938 , 15.8499 , 0
-16.9018 , 15.8558 , 0
-16.9098 , 15.8618 , 0
-16.9177 , 15.8678 , 0
-16.9257 , 15.8737 , 0
-16.9337 , 15.8797 , 0
-16.9417 , 15.8856 , 0
-16.9496 , 15.8916 , 0
-16.9576 , 15.8976 , 0
-16.9656 , 15.9035 , 0
-16.9736 , 15.9095 , 0
-16.9815 , 15.9154 , 0
-16.9895 , 15.9214 , 0
-16.9975 , 15.9273 , 0
-17.0054 , 15.9333 , 0
-17.0134 , 15.9393 , 0
-17.0214 , 15.9452 , 0
-17.0294 , 15.9512 , 0
-17.0373 , 15.9571 , 0
-17.0453 , 15.9631 , 0
-17.0533 , 15.969 , 0
-17.0612 , 15.975 , 0
-17.0692 , 15.9809 , 0
-17.0772 , 15.9869 , 0
-17.0851 , 15.9928 , 0
-17.0931 , 15.9988 , 0
-17.1011 , 16.0047 , 0
-17.1091 , 16.0107 , 0
-17.117 , 16.0166 , 0
-17.125 , 16.0226 , 0
-17.133 , 16.0285 , 0
-17.1409 , 16.0345 , 0
-17.1489 , 16.0404 , 0
-17.1568 , 16.0464 , 0
-17.1648 , 16.0523 , 0
-17.1728 , 16.0583 , 0
-17.1807 , 16.0642 , 0
-17.1887 , 16.0702 , 0
-17.1967 , 16.0761 , 0
-17.2046 , 16.0821 , 0
-17.2126 , 16.088 , 0
-17.2206 , 16.094 , 0
-17.2285 , 16.0999 , 0
-17.2365 , 16.1058 , 0
-17.2444 , 16.1118 , 0
-17.2524 , 16.1177 , 0
-17.2604 , 16.1237 , 0
-17.2683 , 16.1296 , 0
-17.2763 , 16.1356 , 0
-17.2842 , 16.1415 , 0
-17.2922 , 16.1474 , 0
-17.3001 , 16.1534 , 0
-17.3081 , 16.1593 , 0
-17.3161 , 16.1653 , 0
-17.324 , 16.1712 , 0
-17.332 , 16.1771 , 0
-17.3399 , 16.1831 , 0
-17.3479 , 16.189 , 0
-17.3558 , 16.195 , 0
-17.3638 , 16.2009 , 0
-17.3717 , 16.2068 , 0
-17.3797 , 16.2128 , 0
-17.3877 , 16.2187 , 0
-17.3956 , 16.2247 , 0
-17.4036 , 16.2306 , 0
-17.4115 , 16.2365 , 0
-17.4195 , 16.2425 , 0
-17.4274 , 16.2484 , 0
-17.4354 , 16.2543 , 0
-17.4433 , 16.2603 , 0
-17.4513 , 16.2662 , 0
-17.4592 , 16.2721 , 0
-17.4672 , 16.2781 , 0
-17.4751 , 16.284 , 0
-17.4831 , 16.2899 , 0
-17.491 , 16.2959 , 0
-17.499 , 16.3018 , 0
-17.5069 , 16.3077 , 0
-17.5149 , 16.3137 , 0
-17.5228 , 16.3196 , 0
-17.5308 , 16.3255 , 0
-17.5387 , 16.3315 , 0
-17.5466 , 16.3374 , 0
-17.5546 , 16.3433 , 0
-17.5625 , 16.3493 , 0
-17.5705 , 16.3552 , 0
-17.5784 , 16.3611 , 0
-17.5864 , 16.3671 , 0
-17.5943 , 16.373 , 0
-17.6023 , 16.3789 , 0
-17.6102 , 16.3848 , 0
-17.6181 , 16.3908 , 0
-17.6261 , 16.3967 , 0
-17.634 , 16.4026 , 0
-17.642 , 16.4085 , 0
-17.6499 , 16.4145 , 0
-17.6579 , 16.4204 , 0
-17.6658 , 16.4263 , 0
-17.6737 , 16.4323 , 0
-17.6817 , 16.4382 , 0
-17.6896 , 16.4441 , 0
-17.6976 , 16.45 , 0
-17.7055 , 16.4559 , 0
-17.7134 , 16.4619 , 0
-17.7214 , 16.4678 , 0
-17.7293 , 16.4737 , 0
-17.7372 , 16.4796 , 0
-17.7452 , 16.4856 , 0
-17.7531 , 16.4915 , 0
-17.761 , 16.4974 , 0
-17.769 , 16.5033 , 0
-17.7769 , 16.5092 , 0
-17.7849 , 16.5152 , 0
-17.7928 , 16.5211 , 0
-17.8007 , 16.527 , 0
-17.8087 , 16.5329 , 0
-17.8166 , 16.5388 , 0
-17.8245 , 16.5448 , 0
-17.8325 , 16.5507 , 0
-17.8404 , 16.5566 , 0
-17.8483 , 16.5625 , 0
-17.8563 , 16.5684 , 0
-17.8642 , 16.5744 , 0
-17.8721 , 16.5803 , 0
-17.88 , 16.5862 , 0
-17.888 , 16.5921 , 0
-17.8959 , 16.598 , 0
-17.9038 , 16.6039 , 0
-17.9118 , 16.6099 , 0
-17.9197 , 16.6158 , 0
-17.9276 , 16.6217 , 0
-17.9355 , 16.6276 , 0
-17.9435 , 16.6335 , 0
-17.9514 , 16.6394 , 0
-17.9593 , 16.6453 , 0
-17.9673 , 16.6512 , 0
-17.9752 , 16.6572 , 0
-17.9831 , 16.6631 , 0
-17.991 , 16.669 , 0
-17.999 , 16.6749 , 0
-18.0069 , 16.6808 , 0
-18.0148 , 16.6867 , 0
-18.0227 , 16.6926 , 0
-18.0307 , 16.6985 , 0
-18.0386 , 16.7044 , 0
-18.0465 , 16.7104 , 0
-18.0544 , 16.7163 , 0
-18.0623 , 16.7222 , 0
-18.0703 , 16.7281 , 0
-18.0782 , 16.734 , 0
-18.0861 , 16.7399 , 0
-18.094 , 16.7458 , 0
-18.102 , 16.7517 , 0
-18.1099 , 16.7576 , 0
-18.1178 , 16.7635 , 0
-18.1257 , 16.7694 , 0
-18.1336 , 16.7753 , 0
-18.1415 , 16.7812 , 0
-18.1495 , 16.7871 , 0
-18.1574 , 16.7931 , 0
-18.1653 , 16.799 , 0
-18.1732 , 16.8049 , 0
-18.1811 , 16.8108 , 0
-18.1891 , 16.8167 , 0
-18.197 , 16.8226 , 0
-18.2049 , 16.8285 , 0
-18.2128 , 16.8344 , 0
-18.2207 , 16.8403 , 0
-18.2286 , 16.8462 , 0
-18.2365 , 16.8521 , 0
-18.2445 , 16.858 , 0
-18.2524 , 16.8639 , 0
-18.2603 , 16.8698 , 0
-18.2682 , 16.8757 , 0
-18.2761 , 16.8816 , 0
-18.284 , 16.8875 , 0
-18.2919 , 16.8934 , 0
-18.2998 , 16.8993 , 0
-18.3078 , 16.9052 , 0
-18.3157 , 16.9111 , 0
-18.3236 , 16.917 , 0
-18.3315 , 16.9229 , 0
-18.3394 , 16.9288 , 0
-18.3473 , 16.9347 , 0
-18.3552 , 16.9406 , 0
-18.3631 , 16.9465 , 0
-18.371 , 16.9524 , 0
-18.3789 , 16.9583 , 0
-18.3869 , 16.9642 , 0
-18.3948 , 16.97 , 0
-18.4027 , 16.9759 , 0
-18.4106 , 16.9818 , 0
-18.4185 , 16.9877 , 0
-18.4264 , 16.9936 , 0
-18.4343 , 16.9995 , 0
-18.4422 , 17.0054 , 0
-18.4501 , 17.0113 , 0
-18.458 , 17.0172 , 0
-18.4659 , 17.0231 , 0
-18.4738 , 17.029 , 0
-18.4817 , 17.0349 , 0
-18.4896 , 17.0408 , 0
-18.4975 , 17.0467 , 0
-18.5054 , 17.0525 , 0
-18.5133 , 17.0584 , 0
-18.5212 , 17.0643 , 0
-18.5291 , 17.0702 , 0
-18.537 , 17.0761 , 0
-18.5449 , 17.082 , 0
-18.5528 , 17.0879 , 0
-18.5607 , 17.0938 , 0
-18.5686 , 17.0997 , 0
-18.5765 , 17.1055 , 0
-18.5844 , 17.1114 , 0
-18.5923 , 17.1173 , 0
-18.6002 , 17.1232 , 0
-18.6081 , 17.1291 , 0
-18.616 , 17.135 , 0
-18.6239 , 17.1409 , 0
-18.6318 , 17.1468 , 0
-18.6397 , 17.1526 , 0
-18.6476 , 17.1585 , 0
-18.6555 , 17.1644 , 0
-18.6634 , 17.1703 , 0
-18.6713 , 17.1762 , 0
-18.6792 , 17.1821 , 0
-18.6871 , 17.1879 , 0
-18.695 , 17.1938 , 0
-18.7029 , 17.1997 , 0
-18.7108 , 17.2056 , 0
-18.7187 , 17.2115 , 0
-18.7266 , 17.2174 , 0
-18.7345 , 17.2232 , 0
-18.7423 , 17.2291 , 0
-18.7502 , 17.235 , 0
-18.7581 , 17.2409 , 0
-18.766 , 17.2468 , 0
-18.7739 , 17.2526 , 0
-18.7818 , 17.2585 , 0
-18.7897 , 17.2644 , 0
-18.7976 , 17.2703 , 0
-18.8055 , 17.2762 , 0
-18.8134 , 17.282 , 0
-18.8213 , 17.2879 , 0
-18.8291 , 17.2938 , 0
-18.837 , 17.2997 , 0
-18.8449 , 17.3055 , 0
-18.8528 , 17.3114 , 0
-18.8607 , 17.3173 , 0
-18.8686 , 17.3232 , 0
-18.8765 , 17.3291 , 0
-18.8844 , 17.3349 , 0
-18.8922 , 17.3408 , 0
-18.9001 , 17.3467 , 0
-18.908 , 17.3526 , 0
-18.9159 , 17.3584 , 0
-18.9238 , 17.3643 , 0
-18.9317 , 17.3702 , 0
-18.9396 , 17.3761 , 0
-18.9474 , 17.3819 , 0
-18.9553 , 17.3878 , 0
-18.9632 , 17.3937 , 0
-18.9711 , 17.3995 , 0
-18.979 , 17.4054 , 0
-18.9868 , 17.4113 , 0
-18.9947 , 17.4172 , 0
-19.0026 , 17.423 , 0
-19.0105 , 17.4289 , 0
-19.0184 , 17.4348 , 0
-19.0263 , 17.4406 , 0
-19.0341 , 17.4465 , 0
-19.042 , 17.4524 , 0
-19.0499 , 17.4583 , 0
-19.0578 , 17.4641 , 0
-19.0657 , 17.47 , 0
-19.0735 , 17.4759 , 0
-19.0814 , 17.4817 , 0
-19.0893 , 17.4876 , 0
-19.0972 , 17.4935 , 0
-19.105 , 17.4993 , 0
-19.1129 , 17.5052 , 0
-19.1208 , 17.5111 , 0
-19.1287 , 17.5169 , 0
-19.1365 , 17.5228 , 0
-19.1444 , 17.5287 , 0
-19.1523 , 17.5345 , 0
-19.1602 , 17.5404 , 0
-19.168 , 17.5463 , 0
-19.1759 , 17.5521 , 0
-19.1838 , 17.558 , 0
-19.1917 , 17.5639 , 0
-19.1995 , 17.5697 , 0
-19.2074 , 17.5756 , 0
-19.2153 , 17.5814 , 0
-19.2232 , 17.5873 , 0
-19.231 , 17.5932 , 0
-19.2389 , 17.599 , 0
-19.2468 , 17.6049 , 0
-19.2547 , 17.6108 , 0
-19.2625 , 17.6166 , 0
-19.2704 , 17.6225 , 0
-19.2783 , 17.6283 , 0
-19.2861 , 17.6342 , 0
-19.294 , 17.6401 , 0
-19.3019 , 17.6459 , 0
-19.3097 , 17.6518 , 0
-19.3176 , 17.6576 , 0
-19.3255 , 17.6635 , 0
-19.3333 , 17.6694 , 0
-19.3412 , 17.6752 , 0
-19.3491 , 17.6811 , 0
-19.3569 , 17.6869 , 0
-19.3648 , 17.6928 , 0
-19.3727 , 17.6986 , 0
-19.3805 , 17.7045 , 0
-19.3884 , 17.7104 , 0
-19.3963 , 17.7162 , 0
-19.4041 , 17.7221 , 0
-19.412 , 17.7279 , 0
-19.4199 , 17.7338 , 0
-19.4277 , 17.7396 , 0
-19.4356 , 17.7455 , 0
-19.4435 , 17.7514 , 0
-19.4513 , 17.7572 , 0
-19.4592 , 17.7631 , 0
-19.4671 , 17.7689 , 0
-19.4749 , 17.7748 , 0
-19.4828 , 17.7806 , 0
-19.4906 , 17.7865 , 0
-19.4985 , 17.7923 , 0
-19.5064 , 17.7982 , 0
-19.5142 , 17.804 , 0
-19.5221 , 17.8099 , 0
-19.5299 , 17.8157 , 0
-19.5378 , 17.8216 , 0
-19.5457 , 17.8274 , 0
-19.5535 , 17.8333 , 0
-19.5614 , 17.8391 , 0
-19.5692 , 17.845 , 0
-19.5771 , 17.8508 , 0
-19.585 , 17.8567 , 0
-19.5928 , 17.8625 , 0
-19.6007 , 17.8684 , 0
-19.6085 , 17.8742 , 0
-19.6164 , 17.8801 , 0
-19.6242 , 17.8859 , 0
-19.6321 , 17.8918 , 0
-19.64 , 17.8976 , 0
-19.6478 , 17.9035 , 0
-19.6557 , 17.9093 , 0
-19.6635 , 17.9152 , 0
-19.6714 , 17.921 , 0
-19.6792 , 17.9269 , 0
-19.6871 , 17.9327 , 0
-19.6949 , 17.9386 , 0
-19.7028 , 17.9444 , 0
-19.7106 , 17.9502 , 0
-19.7185 , 17.9561 , 0
-19.7263 , 17.9619 , 0
-19.7342 , 17.9678 , 0
-19.742 , 17.9736 , 0
-19.7499 , 17.9795 , 0
-19.7578 , 17.9853 , 0
-19.7656 , 17.9912 , 0
-19.7735 , 17.997 , 0
-19.7813 , 18.0028 , 0
-19.7892 , 18.0087 , 0
-19.797 , 18.0145 , 0
-19.8049 , 18.0204 , 0
-19.8127 , 18.0262 , 0
-19.8206 , 18.0321 , 0
-19.8284 , 18.0379 , 0
-19.8362 , 18.0437 , 0
-19.8441 , 18.0496 , 0
-19.8519 , 18.0554 , 0
-19.8598 , 18.0613 , 0
-19.8676 , 18.0671 , 0
-19.8755 , 18.0729 , 0
-19.8833 , 18.0788 , 0
-19.8912 , 18.0846 , 0
-19.899 , 18.0905 , 0
-19.9069 , 18.0963 , 0
-19.9147 , 18.1021 , 0
-19.9226 , 18.108 , 0
-19.9304 , 18.1138 , 0
-19.9382 , 18.1196 , 0
-19.9461 , 18.1255 , 0
-19.9539 , 18.1313 , 0
-19.9618 , 18.1371 , 0
-19.9696 , 18.143 , 0
-19.9775 , 18.1488 , 0
-19.9853 , 18.1547 , 0
-19.9931 , 18.1605 , 0
-20.001 , 18.1663 , 0
-20.0088 , 18.1722 , 0
-20.0167 , 18.178 , 0
-20.0245 , 18.1838 , 0
-20.0324 , 18.1897 , 0
-20.0402 , 18.1955 , 0
-20.048 , 18.2013 , 0
-20.0559 , 18.2072 , 0
-20.0637 , 18.213 , 0
-20.0716 , 18.2188 , 0
-20.0794 , 18.2247 , 0
-20.0872 , 18.2305 , 0
-20.0951 , 18.2363 , 0
-20.1029 , 18.2422 , 0
-20.1107 , 18.248 , 0
-20.1186 , 18.2538 , 0
-20.1264 , 18.2597 , 0
-20.1343 , 18.2655 , 0
-20.1421 , 18.2713 , 0
-20.1499 , 18.2771 , 0
-20.1578 , 18.283 , 0
-20.1656 , 18.2888 , 0
-20.1734 , 18.2946 , 0
-20.1813 , 18.3005 , 0
-20.1891 , 18.3063 , 0
-20.1969 , 18.3121 , 0
-20.2048 , 18.3179 , 0
-20.2126 , 18.3238 , 0
-20.2204 , 18.3296 , 0
-20.2283 , 18.3354 , 0
-20.2361 , 18.3413 , 0
-20.2439 , 18.3471 , 0
-20.2518 , 18.3529 , 0
-20.2596 , 18.3587 , 0
-20.2674 , 18.3646 , 0
-20.2753 , 18.3704 , 0
-20.2831 , 18.3762 , 0
-20.2909 , 18.382 , 0
-20.2988 , 18.3879 , 0
-20.3066 , 18.3937 , 0
-20.3144 , 18.3995 , 0
-20.3222 , 18.4053 , 0
-20.3301 , 18.4112 , 0
-20.3379 , 18.417 , 0
-20.3457 , 18.4228 , 0
-20.3536 , 18.4286 , 0
-20.3614 , 18.4345 , 0
-20.3692 , 18.4403 , 0
-20.377 , 18.4461 , 0
-20.3849 , 18.4519 , 0
-20.3927 , 18.4577 , 0
-20.4005 , 18.4636 , 0
-20.4084 , 18.4694 , 0
-20.4162 , 18.4752 , 0
-20.424 , 18.481 , 0
-20.4318 , 18.4868 , 0
-20.4397 , 18.4927 , 0
-20.4475 , 18.4985 , 0
-20.4553 , 18.5043 , 0
-20.4631 , 18.5101 , 0
-20.471 , 18.5159 , 0
-20.4788 , 18.5218 , 0
-20.4866 , 18.5276 , 0
-20.4944 , 18.5334 , 0
-20.5023 , 18.5392 , 0
-20.5101 , 18.545 , 0
-20.5179 , 18.5509 , 0
-20.5257 , 18.5567 , 0
-20.5335 , 18.5625 , 0
-20.5414 , 18.5683 , 0
-20.5492 , 18.5741 , 0
-20.557 , 18.5799 , 0
-20.5648 , 18.5858 , 0
-20.5726 , 18.5916 , 0
-20.5805 , 18.5974 , 0
-20.5883 , 18.6032 , 0
-20.5961 , 18.609 , 0
-20.6039 , 18.6148 , 0
-20.6117 , 18.6206 , 0
-20.6196 , 18.6265 , 0
-20.6274 , 18.6323 , 0
-20.6352 , 18.6381 , 0
-20.643 , 18.6439 , 0
-20.6508 , 18.6497 , 0
-20.6587 , 18.6555 , 0
-20.6665 , 18.6613 , 0
-20.6743 , 18.6671 , 0
-20.6821 , 18.673 , 0
-20.6899 , 18.6788 , 0
-20.6977 , 18.6846 , 0
-20.7056 , 18.6904 , 0
-20.7134 , 18.6962 , 0
-20.7212 , 18.702 , 0
-20.729 , 18.7078 , 0
-20.7368 , 18.7136 , 0
-20.7446 , 18.7194 , 0
-20.7524 , 18.7253 , 0
-20.7603 , 18.7311 , 0
-20.7681 , 18.7369 , 0
-20.7759 , 18.7427 , 0
-20.7837 , 18.7485 , 0
-20.7915 , 18.7543 , 0
-20.7993 , 18.7601 , 0
-20.8071 , 18.7659 , 0
-20.8149 , 18.7717 , 0
-20.8228 , 18.7775 , 0
-20.8306 , 18.7833 , 0
-20.8384 , 18.7892 , 0
-20.8462 , 18.795 , 0
-20.854 , 18.8008 , 0
-20.8618 , 18.8066 , 0
-20.8696 , 18.8124 , 0
-20.8774 , 18.8182 , 0
-20.8852 , 18.824 , 0
-20.893 , 18.8298 , 0
-20.9009 , 18.8356 , 0
-20.9087 , 18.8414 , 0
-20.9165 , 18.8472 , 0
-20.9243 , 18.853 , 0
-20.9321 , 18.8588 , 0
-20.9399 , 18.8646 , 0
-20.9477 , 18.8704 , 0
-20.9555 , 18.8762 , 0
-20.9633 , 18.882 , 0
-20.9711 , 18.8878 , 0
-20.9789 , 18.8936 , 0
-20.9867 , 18.8994 , 0
-20.9945 , 18.9052 , 0
-21.0023 , 18.911 , 0
-21.0102 , 18.9168 , 0
-21.018 , 18.9226 , 0
-21.0258 , 18.9284 , 0
-21.0336 , 18.9342 , 0
-21.0414 , 18.94 , 0
-21.0492 , 18.9459 , 0
-21.057 , 18.9517 , 0
-21.0648 , 18.9575 , 0
-21.0726 , 18.9632 , 0
-21.0804 , 18.969 , 0
-21.0882 , 18.9748 , 0
-21.096 , 18.9806 , 0
-21.1038 , 18.9864 , 0
-21.1116 , 18.9922 , 0
-21.1194 , 18.998 , 0
-21.1272 , 19.0038 , 0
-21.135 , 19.0096 , 0
-21.1428 , 19.0154 , 0
-21.1506 , 19.0212 , 0
-21.1584 , 19.027 , 0
-21.1662 , 19.0328 , 0
-21.174 , 19.0386 , 0
-21.1818 , 19.0444 , 0
-21.1896 , 19.0502 , 0
-21.1974 , 19.056 , 0
-21.2052 , 19.0618 , 0
-21.213 , 19.0676 , 0
-21.2208 , 19.0734 , 0
-21.2286 , 19.0792 , 0
-21.2364 , 19.085 , 0
-21.2442 , 19.0908 , 0
-21.252 , 19.0966 , 0
-21.2598 , 19.1024 , 0
-21.2676 , 19.1082 , 0
-21.2754 , 19.114 , 0
-21.2832 , 19.1197 , 0
-21.2909 , 19.1255 , 0
-21.2987 , 19.1313 , 0
-21.3065 , 19.1371 , 0
-21.3143 , 19.1429 , 0
-21.3221 , 19.1487 , 0
-21.3299 , 19.1545 , 0
-21.3377 , 19.1603 , 0
-21.3455 , 19.1661 , 0
-21.3533 , 19.1719 , 0
-21.3611 , 19.1777 , 0
-21.3689 , 19.1835 , 0
-21.3767 , 19.1892 , 0
-21.3845 , 19.195 , 0
-21.3923 , 19.2008 , 0
-21.4001 , 19.2066 , 0
-21.4078 , 19.2124 , 0
-21.4156 , 19.2182 , 0
-21.4234 , 19.224 , 0
-21.4312 , 19.2298 , 0
-21.439 , 19.2356 , 0
-21.4468 , 19.2413 , 0
-21.4546 , 19.2471 , 0
-21.4624 , 19.2529 , 0
-21.4702 , 19.2587 , 0
-21.478 , 19.2645 , 0
-21.4857 , 19.2703 , 0
-21.4935 , 19.2761 , 0
-21.5013 , 19.2819 , 0
-21.5091 , 19.2876 , 0
-21.5169 , 19.2934 , 0
-21.5247 , 19.2992 , 0
-21.5325 , 19.305 , 0
-21.5403 , 19.3108 , 0
-21.548 , 19.3166 , 0
-21.5558 , 19.3224 , 0
-21.5636 , 19.3281 , 0
-21.5714 , 19.3339 , 0
-21.5792 , 19.3397 , 0
-21.587 , 19.3455 , 0
-21.5948 , 19.3513 , 0
-21.6025 , 19.3571 , 0
-21.6103 , 19.3628 , 0
-21.6181 , 19.3686 , 0
-21.6259 , 19.3744 , 0
-21.6337 , 19.3802 , 0
-21.6415 , 19.386 , 0
-21.6492 , 19.3918 , 0
-21.657 , 19.3975 , 0
-21.6648 , 19.4033 , 0
-21.6726 , 19.4091 , 0
-21.6804 , 19.4149 , 0
-21.6881 , 19.4207 , 0
-21.6959 , 19.4264 , 0
-21.7037 , 19.4322 , 0
-21.7115 , 19.438 , 0
-21.7193 , 19.4438 , 0
-21.7271 , 19.4496 , 0
-21.7348 , 19.4553 , 0
-21.7426 , 19.4611 , 0
-21.7504 , 19.4669 , 0
-21.7582 , 19.4727 , 0
-21.766 , 19.4785 , 0
-21.7737 , 19.4842 , 0
-21.7815 , 19.49 , 0
-21.7893 , 19.4958 , 0
-21.7971 , 19.5016 , 0
-21.8048 , 19.5073 , 0
-21.8126 , 19.5131 , 0
-21.8204 , 19.5189 , 0
-21.8282 , 19.5247 , 0
-21.836 , 19.5305 , 0
-21.8437 , 19.5362 , 0
-21.8515 , 19.542 , 0
-21.8593 , 19.5478 , 0
-21.8671 , 19.5536 , 0
-21.8748 , 19.5593 , 0
-21.8826 , 19.5651 , 0
-21.8904 , 19.5709 , 0
-21.8982 , 19.5767 , 0
-21.9059 , 19.5824 , 0
-21.9137 , 19.5882 , 0
-21.9215 , 19.594 , 0
-21.9293 , 19.5998 , 0
-21.937 , 19.6055 , 0
-21.9448 , 19.6113 , 0
-21.9526 , 19.6171 , 0
-21.9603 , 19.6228 , 0
-21.9681 , 19.6286 , 0
-21.9759 , 19.6344 , 0
-21.9837 , 19.6402 , 0
-21.9914 , 19.6459 , 0
-21.9992 , 19.6517 , 0
-22.007 , 19.6575 , 0
-22.0148 , 19.6633 , 0
-22.0225 , 19.669 , 0
-22.0303 , 19.6748 , 0
-22.0381 , 19.6806 , 0
-22.0458 , 19.6863 , 0
-22.0536 , 19.6921 , 0
-22.0614 , 19.6979 , 0
-22.0691 , 19.7036 , 0
-22.0769 , 19.7094 , 0
-22.0847 , 19.7152 , 0
-22.0924 , 19.721 , 0
-22.1002 , 19.7267 , 0
-22.108 , 19.7325 , 0
-22.1158 , 19.7383 , 0
-22.1235 , 19.744 , 0
-22.1313 , 19.7498 , 0
-22.1391 , 19.7556 , 0
-22.1468 , 19.7613 , 0
-22.1546 , 19.7671 , 0
-22.1624 , 19.7729 , 0
-22.1701 , 19.7786 , 0
-22.1779 , 19.7844 , 0
-22.1856 , 19.7902 , 0
-22.1934 , 19.7959 , 0
-22.2012 , 19.8017 , 0
-22.2089 , 19.8075 , 0
-22.2167 , 19.8132 , 0
-22.2245 , 19.819 , 0
-22.2322 , 19.8248 , 0
-22.24 , 19.8305 , 0
-22.2478 , 19.8363 , 0
-22.2555 , 19.842 , 0
-22.2633 , 19.8478 , 0
-22.2711 , 19.8536 , 0
-22.2788 , 19.8593 , 0
-22.2866 , 19.8651 , 0
-22.2943 , 19.8709 , 0
-22.3021 , 19.8766 , 0
-22.3099 , 19.8824 , 0
-22.3176 , 19.8882 , 0
-22.3254 , 19.8939 , 0
-22.3331 , 19.8997 , 0
-22.3409 , 19.9054 , 0
-22.3487 , 19.9112 , 0
-22.3564 , 19.917 , 0
-22.3642 , 19.9227 , 0
-22.3719 , 19.9285 , 0
-22.3797 , 19.9342 , 0
-22.3875 , 19.94 , 0
-22.3952 , 19.9458 , 0
-22.403 , 19.9515 , 0
-22.4107 , 19.9573 , 0
-22.4185 , 19.9631 , 0
-22.4263 , 19.9688 , 0
-22.434 , 19.9746 , 0
-22.4418 , 19.9803 , 0
-22.4495 , 19.9861 , 0
-22.4573 , 19.9918 , 0
-22.465 , 19.9976 , 0
-22.4728 , 20.0034 , 0
-22.4806 , 20.0091 , 0
-22.4883 , 20.0149 , 0
-22.4961 , 20.0206 , 0
-22.5038 , 20.0264 , 0
-22.5116 , 20.0321 , 0
-22.5193 , 20.0379 , 0
-22.5271 , 20.0437 , 0
-22.5348 , 20.0494 , 0
-22.5426 , 20.0552 , 0
-22.5503 , 20.0609 , 0
-22.5581 , 20.0667 , 0
-22.5659 , 20.0724 , 0
-22.5736 , 20.0782 , 0
-22.5814 , 20.084 , 0
-22.5891 , 20.0897 , 0
-22.5969 , 20.0955 , 0
-22.6046 , 20.1012 , 0
-22.6124 , 20.107 , 0
-22.6201 , 20.1127 , 0
-22.6279 , 20.1185 , 0
-22.6356 , 20.1242 , 0
-22.6434 , 20.13 , 0
-22.6511 , 20.1357 , 0
-22.6589 , 20.1415 , 0
-22.6666 , 20.1472 , 0
-22.6744 , 20.153 , 0
-22.6821 , 20.1588 , 0
-22.6899 , 20.1645 , 0
-22.6976 , 20.1703 , 0
-22.7054 , 20.176 , 0
-22.7131 , 20.1818 , 0
-22.7209 , 20.1875 , 0
-22.7286 , 20.1933 , 0
-22.7364 , 20.199 , 0
-22.7441 , 20.2048 , 0
-22.7519 , 20.2105 , 0
-22.7596 , 20.2163 , 0
-22.7674 , 20.222 , 0
-22.7751 , 20.2278 , 0
-22.7829 , 20.2335 , 0
-22.7906 , 20.2393 , 0
-22.7983 , 20.245 , 0
-22.8061 , 20.2508 , 0
-22.8138 , 20.2565 , 0
-22.8216 , 20.2623 , 0
-22.8293 , 20.268 , 0
-22.8371 , 20.2738 , 0
-22.8448 , 20.2795 , 0
-22.8526 , 20.2853 , 0
-22.8603 , 20.291 , 0
-22.8681 , 20.2967 , 0
-22.8758 , 20.3025 , 0
-22.8835 , 20.3082 , 0
-22.8913 , 20.314 , 0
-22.899 , 20.3197 , 0
-22.9068 , 20.3255 , 0
-22.9145 , 20.3312 , 0
-22.9223 , 20.337 , 0
-22.93 , 20.3427 , 0
-22.9377 , 20.3485 , 0
-22.9455 , 20.3542 , 0
-22.9532 , 20.36 , 0
-22.961 , 20.3657 , 0
-22.9687 , 20.3714 , 0
-22.9764 , 20.3772 , 0
-22.9842 , 20.3829 , 0
-22.9919 , 20.3887 , 0
-22.9997 , 20.3944 , 0
-23.0074 , 20.4002 , 0
-23.0151 , 20.4059 , 0
-23.0229 , 20.4116 , 0
-23.0306 , 20.4174 , 0
-23.0384 , 20.4231 , 0
-23.0461 , 20.4289 , 0
-23.0538 , 20.4346 , 0
-23.0616 , 20.4404 , 0
-23.0693 , 20.4461 , 0
-23.0771 , 20.4518 , 0
-23.0848 , 20.4576 , 0
-23.0925 , 20.4633 , 0
-23.1003 , 20.4691 , 0
-23.108 , 20.4748 , 0
-23.1157 , 20.4806 , 0
-23.1235 , 20.4863 , 0
-23.1312 , 20.492 , 0
-23.139 , 20.4978 , 0
-23.1467 , 20.5035 , 0
-23.1544 , 20.5093 , 0
-23.1622 , 20.515 , 0
-23.1699 , 20.5207 , 0
-23.1776 , 20.5265 , 0
-23.1854 , 20.5322 , 0
-23.1931 , 20.5379 , 0
-23.2008 , 20.5437 , 0
-23.2086 , 20.5494 , 0
-23.2163 , 20.5552 , 0
-23.224 , 20.5609 , 0
-23.2318 , 20.5666 , 0
-23.2395 , 20.5724 , 0
-23.2472 , 20.5781 , 0
-23.255 , 20.5838 , 0
-23.2627 , 20.5896 , 0
-23.2704 , 20.5953 , 0
-23.2782 , 20.6011 , 0
-23.2859 , 20.6068 , 0
-23.2936 , 20.6125 , 0
-23.3014 , 20.6183 , 0
-23.3091 , 20.624 , 0
-23.3168 , 20.6297 , 0
-23.3245 , 20.6355 , 0
-23.3323 , 20.6412 , 0
-23.34 , 20.6469 , 0
-23.3477 , 20.6527 , 0
-23.3555 , 20.6584 , 0
-23.3632 , 20.6641 , 0
-23.3709 , 20.6699 , 0
-23.3787 , 20.6756 , 0
-23.3864 , 20.6813 , 0
-23.3941 , 20.6871 , 0
-23.4018 , 20.6928 , 0
-23.4096 , 20.6985 , 0
-23.4173 , 20.7043 , 0
-23.425 , 20.71 , 0
-23.4327 , 20.7157 , 0
-23.4405 , 20.7215 , 0
-23.4482 , 20.7272 , 0
-23.4559 , 20.7329 , 0
-23.4637 , 20.7387 , 0
-23.4714 , 20.7444 , 0
-23.4791 , 20.7501 , 0
-23.4868 , 20.7559 , 0
-23.4946 , 20.7616 , 0
-23.5023 , 20.7673 , 0
-23.51 , 20.7731 , 0
-23.5177 , 20.7788 , 0
-23.5255 , 20.7845 , 0
-23.5332 , 20.7902 , 0
-23.5409 , 20.796 , 0
-23.5486 , 20.8017 , 0
-23.5564 , 20.8074 , 0
-23.5641 , 20.8132 , 0
-23.5718 , 20.8189 , 0
-23.5795 , 20.8246 , 0
-23.5872 , 20.8304 , 0
-23.595 , 20.8361 , 0
-23.6027 , 20.8418 , 0
-23.6104 , 20.8475 , 0
-23.6181 , 20.8533 , 0
-23.6259 , 20.859 , 0
-23.6336 , 20.8647 , 0
-23.6413 , 20.8704 , 0
-23.649 , 20.8762 , 0
-23.6567 , 20.8819 , 0
-23.6645 , 20.8876 , 0
-23.6722 , 20.8934 , 0
-23.6799 , 20.8991 , 0
-23.6876 , 20.9048 , 0
-23.6953 , 20.9105 , 0
-23.7031 , 20.9163 , 0
-23.7108 , 20.922 , 0
-23.7185 , 20.9277 , 0
-23.7262 , 20.9334 , 0
-23.7339 , 20.9392 , 0
-23.7417 , 20.9449 , 0
-23.7494 , 20.9506 , 0
-23.7571 , 20.9563 , 0
-23.7648 , 20.9621 , 0
-23.7725 , 20.9678 , 0
-23.7802 , 20.9735 , 0
-23.788 , 20.9792 , 0
-23.7957 , 20.9849 , 0
-23.8034 , 20.9907 , 0
-23.8111 , 20.9964 , 0
-23.8188 , 21.0021 , 0
-23.8265 , 21.0078 , 0
-23.8343 , 21.0136 , 0
-23.842 , 21.0193 , 0
-23.8497 , 21.025 , 0
-23.8574 , 21.0307 , 0
-23.8651 , 21.0364 , 0
-23.8728 , 21.0422 , 0
-23.8806 , 21.0479 , 0
-23.8883 , 21.0536 , 0
-23.896 , 21.0593 , 0
-23.9037 , 21.0651 , 0
-23.9114 , 21.0708 , 0
-23.9191 , 21.0765 , 0
-23.9268 , 21.0822 , 0
-23.9345 , 21.0879 , 0
-23.9423 , 21.0937 , 0
-23.95 , 21.0994 , 0
-23.9577 , 21.1051 , 0
-23.9654 , 21.1108 , 0
-23.9731 , 21.1165 , 0
-23.9808 , 21.1222 , 0
-23.9885 , 21.128 , 0
-23.9962 , 21.1337 , 0
-24.004 , 21.1394 , 0
-24.0117 , 21.1451 , 0
-24.0194 , 21.1508 , 0
-24.0271 , 21.1566 , 0
-24.0348 , 21.1623 , 0
-24.0425 , 21.168 , 0
-24.0502 , 21.1737 , 0
-24.0579 , 21.1794 , 0
-24.0656 , 21.1851 , 0
-24.0733 , 21.1909 , 0
-24.081 , 21.1966 , 0
-24.0888 , 21.2023 , 0
-24.0965 , 21.208 , 0
-24.1042 , 21.2137 , 0
-24.1119 , 21.2194 , 0
-24.1196 , 21.2251 , 0
-24.1273 , 21.2309 , 0
-24.135 , 21.2366 , 0
-24.1427 , 21.2423 , 0
-24.1504 , 21.248 , 0
-24.1581 , 21.2537 , 0
-24.1658 , 21.2594 , 0
-24.1735 , 21.2651 , 0
-24.1812 , 21.2709 , 0
-24.189 , 21.2766 , 0
-24.1967 , 21.2823 , 0
-24.2044 , 21.288 , 0
-24.2121 , 21.2937 , 0
-24.2198 , 21.2994 , 0
-24.2275 , 21.3051 , 0
-24.2352 , 21.3109 , 0
-24.2429 , 21.3166 , 0
-24.2506 , 21.3223 , 0
-24.2583 , 21.328 , 0
-24.266 , 21.3337 , 0
-24.2737 , 21.3394 , 0
-24.2814 , 21.3451 , 0
-24.2891 , 21.3508 , 0
-24.2968 , 21.3565 , 0
-24.3045 , 21.3623 , 0
-24.3122 , 21.368 , 0
-24.3199 , 21.3737 , 0
-24.3276 , 21.3794 , 0
-24.3353 , 21.3851 , 0
-24.343 , 21.3908 , 0
-24.3507 , 21.3965 , 0
-24.3584 , 21.4022 , 0
-24.3661 , 21.4079 , 0
-24.3738 , 21.4136 , 0
-24.3815 , 21.4194 , 0
-24.3892 , 21.4251 , 0
-24.3969 , 21.4308 , 0
-24.4046 , 21.4365 , 0
-24.4123 , 21.4422 , 0
-24.42 , 21.4479 , 0
-24.4277 , 21.4536 , 0
-24.4354 , 21.4593 , 0
-24.4431 , 21.465 , 0
-24.4508 , 21.4707 , 0
-24.4585 , 21.4764 , 0
-24.4662 , 21.4821 , 0
-24.4739 , 21.4878 , 0
-24.4816 , 21.4935 , 0
-24.4893 , 21.4993 , 0
-24.497 , 21.505 , 0
-24.5047 , 21.5107 , 0
-24.5124 , 21.5164 , 0
-24.5201 , 21.5221 , 0
-24.5278 , 21.5278 , 0
-24.5355 , 21.5335 , 0
-24.5432 , 21.5392 , 0
-24.5509 , 21.5449 , 0
-24.5586 , 21.5506 , 0
-24.5663 , 21.5563 , 0
-24.574 , 21.562 , 0
-24.5817 , 21.5677 , 0
-24.5894 , 21.5734 , 0
-24.5971 , 21.5791 , 0
-24.6047 , 21.5848 , 0
-24.6124 , 21.5905 , 0
-24.6201 , 21.5962 , 0
-24.6278 , 21.6019 , 0
-24.6355 , 21.6076 , 0
-24.6432 , 21.6133 , 0
-24.6509 , 21.619 , 0
-24.6586 , 21.6247 , 0
-24.6663 , 21.6304 , 0
-24.674 , 21.6362 , 0
-24.6817 , 21.6419 , 0
-24.6894 , 21.6476 , 0
-24.6971 , 21.6533 , 0
-24.7048 , 21.659 , 0
-24.7125 , 21.6647 , 0
-24.7201 , 21.6704 , 0
-24.7278 , 21.6761 , 0
-24.7355 , 21.6818 , 0
-24.7432 , 21.6875 , 0
-24.7509 , 21.6932 , 0
-24.7586 , 21.6989 , 0
-24.7663 , 21.7046 , 0
-24.774 , 21.7103 , 0
-24.7817 , 21.716 , 0
-24.7894 , 21.7217 , 0
-24.797 , 21.7274 , 0
-24.8047 , 21.7331 , 0
-24.8124 , 21.7388 , 0
-24.8201 , 21.7445 , 0
-24.8278 , 21.7501 , 0
-24.8355 , 21.7558 , 0
-24.8432 , 21.7615 , 0
-24.8509 , 21.7672 , 0
-24.8586 , 21.7729 , 0
-24.8662 , 21.7786 , 0
-24.8739 , 21.7843 , 0
-24.8816 , 21.79 , 0
-24.8893 , 21.7957 , 0
-24.897 , 21.8014 , 0
-24.9047 , 21.8071 , 0
-24.9124 , 21.8128 , 0
-24.92 , 21.8185 , 0
-24.9277 , 21.8242 , 0
-24.9354 , 21.8299 , 0
-24.9431 , 21.8356 , 0
-24.9508 , 21.8413 , 0
-24.9585 , 21.847 , 0
-24.9662 , 21.8527 , 0
-24.9738 , 21.8584 , 0
-24.9815 , 21.8641 , 0
-24.9892 , 21.8698 , 0
-24.9969 , 21.8755 , 0
-25.0046 , 21.8812 , 0
-25.0123 , 21.8869 , 0
-25.0199 , 21.8925 , 0
-25.0276 , 21.8982 , 0
-25.0353 , 21.9039 , 0
-25.043 , 21.9096 , 0
-25.0507 , 21.9153 , 0
-25.0584 , 21.921 , 0
-25.066 , 21.9267 , 0
-25.0737 , 21.9324 , 0
-25.0814 , 21.9381 , 0
-25.0891 , 21.9438 , 0
-25.0968 , 21.9495 , 0
-25.1045 , 21.9552 , 0
-25.1121 , 21.9609 , 0
-25.1198 , 21.9666 , 0
-25.1275 , 21.9722 , 0
-25.1352 , 21.9779 , 0
-25.1429 , 21.9836 , 0
-25.1505 , 21.9893 , 0
-25.1582 , 21.995 , 0
-25.1659 , 22.0007 , 0
-25.1736 , 22.0064 , 0
-25.1813 , 22.0121 , 0
-25.1889 , 22.0178 , 0
-25.1966 , 22.0235 , 0
-25.2043 , 22.0291 , 0
-25.212 , 22.0348 , 0
-25.2196 , 22.0405 , 0
-25.2273 , 22.0462 , 0
-25.235 , 22.0519 , 0
-25.2427 , 22.0576 , 0
-25.2504 , 22.0633 , 0
-25.258 , 22.069 , 0
-25.2657 , 22.0747 , 0
-25.2734 , 22.0803 , 0
-25.2811 , 22.086 , 0
-25.2887 , 22.0917 , 0
-25.2964 , 22.0974 , 0
-25.3041 , 22.1031 , 0
-25.3118 , 22.1088 , 0
-25.3194 , 22.1145 , 0
-25.3271 , 22.1202 , 0
-25.3348 , 22.1258 , 0
-25.3425 , 22.1315 , 0
-25.3501 , 22.1372 , 0
-25.3578 , 22.1429 , 0
-25.3655 , 22.1486 , 0
-25.3732 , 22.1543 , 0
-25.3808 , 22.16 , 0
-25.3885 , 22.1656 , 0
-25.3962 , 22.1713 , 0
-25.4039 , 22.177 , 0
-25.4115 , 22.1827 , 0
-25.4192 , 22.1884 , 0
-25.4269 , 22.1941 , 0
-25.4346 , 22.1998 , 0
-25.4422 , 22.2054 , 0
-25.4499 , 22.2111 , 0
-25.4576 , 22.2168 , 0
-25.4652 , 22.2225 , 0
-25.4729 , 22.2282 , 0
-25.4806 , 22.2339 , 0
-25.4883 , 22.2395 , 0
-25.4959 , 22.2452 , 0
-25.5036 , 22.2509 , 0
-25.5113 , 22.2566 , 0
-25.5189 , 22.2623 , 0
-25.5266 , 22.268 , 0
-25.5343 , 22.2736 , 0
-25.542 , 22.2793 , 0
-25.5496 , 22.285 , 0
-25.5573 , 22.2907 , 0
-25.565 , 22.2964 , 0
-25.5726 , 22.3021 , 0
-25.5803 , 22.3077 , 0
-25.588 , 22.3134 , 0
-25.5956 , 22.3191 , 0
-25.6033 , 22.3248 , 0
-25.611 , 22.3305 , 0
-25.6186 , 22.3361 , 0
-25.6263 , 22.3418 , 0
-25.634 , 22.3475 , 0
-25.6416 , 22.3532 , 0
-25.6493 , 22.3589 , 0
-25.657 , 22.3645 , 0
-25.6647 , 22.3702 , 0
-25.6723 , 22.3759 , 0
-25.68 , 22.3816 , 0
-25.6877 , 22.3873 , 0
-25.6953 , 22.3929 , 0
-25.703 , 22.3986 , 0
-25.7106 , 22.4043 , 0
-25.7183 , 22.41 , 0
-25.726 , 22.4156 , 0
-25.7336 , 22.4213 , 0
-25.7413 , 22.427 , 0
-25.749 , 22.4327 , 0
-25.7566 , 22.4384 , 0
-25.7643 , 22.444 , 0
-25.772 , 22.4497 , 0
-25.7796 , 22.4554 , 0
-25.7873 , 22.4611 , 0
-25.795 , 22.4667 , 0
-25.8026 , 22.4724 , 0
-25.8103 , 22.4781 , 0
-25.818 , 22.4838 , 0
-25.8256 , 22.4894 , 0
-25.8333 , 22.4951 , 0
-25.8409 , 22.5008 , 0
-25.8486 , 22.5065 , 0
-25.8563 , 22.5121 , 0
-25.8639 , 22.5178 , 0
-25.8716 , 22.5235 , 0
-25.8792 , 22.5292 , 0
-25.8869 , 22.5348 , 0
-25.8946 , 22.5405 , 0
-25.9022 , 22.5462 , 0
-25.9099 , 22.5519 , 0
-25.9176 , 22.5575 , 0
-25.9252 , 22.5632 , 0
-25.9329 , 22.5689 , 0
-25.9405 , 22.5746 , 0
-25.9482 , 22.5802 , 0
-25.9559 , 22.5859 , 0
-25.9635 , 22.5916 , 0
-25.9712 , 22.5973 , 0
-25.9788 , 22.6029 , 0
-25.9865 , 22.6086 , 0
-25.9942 , 22.6143 , 0
-26.0018 , 22.6199 , 0
-26.0095 , 22.6256 , 0
-26.0171 , 22.6313 , 0
-26.0248 , 22.637 , 0
-26.0324 , 22.6426 , 0
-26.0401 , 22.6483 , 0
-26.0478 , 22.654 , 0
-26.0554 , 22.6596 , 0
-26.0631 , 22.6653 , 0
-26.0707 , 22.671 , 0
-26.0784 , 22.6767 , 0
-26.086 , 22.6823 , 0
-26.0937 , 22.688 , 0
-26.1014 , 22.6937 , 0
-26.109 , 22.6993 , 0
-26.1167 , 22.705 , 0
-26.1243 , 22.7107 , 0
-26.132 , 22.7164 , 0
-26.1396 , 22.722 , 0
-26.1473 , 22.7277 , 0
-26.1549 , 22.7334 , 0
-26.1626 , 22.739 , 0
-26.1703 , 22.7447 , 0
-26.1779 , 22.7504 , 0
-26.1856 , 22.756 , 0
-26.1932 , 22.7617 , 0
-26.2009 , 22.7674 , 0
-26.2085 , 22.773 , 0
-26.2162 , 22.7787 , 0
-26.2238 , 22.7844 , 0
-26.2315 , 22.79 , 0
-26.2391 , 22.7957 , 0
-26.2468 , 22.8014 , 0
-26.2544 , 22.807 , 0
-26.2621 , 22.8127 , 0
-26.2697 , 22.8184 , 0
-26.2774 , 22.824 , 0
-26.285 , 22.8297 , 0
-26.2927 , 22.8354 , 0
-26.3004 , 22.841 , 0
-26.308 , 22.8467 , 0
-26.3157 , 22.8524 , 0
-26.3233 , 22.858 , 0
-26.331 , 22.8637 , 0
-26.3386 , 22.8694 , 0
-26.3463 , 22.875 , 0
-26.3539 , 22.8807 , 0
-26.3616 , 22.8864 , 0
-26.3692 , 22.892 , 0
-26.3769 , 22.8977 , 0
-26.3845 , 22.9034 , 0
-26.3922 , 22.909 , 0
-26.3998 , 22.9147 , 0
-26.4075 , 22.9203 , 0
-26.4151 , 22.926 , 0
-26.4227 , 22.9317 , 0
-26.4304 , 22.9373 , 0
-26.438 , 22.943 , 0
-26.4457 , 22.9487 , 0
-26.4533 , 22.9543 , 0
-26.461 , 22.96 , 0
-26.4686 , 22.9656 , 0
-26.4763 , 22.9713 , 0
-26.4839 , 22.977 , 0
-26.4916 , 22.9826 , 0
-26.4992 , 22.9883 , 0
-26.5069 , 22.994 , 0
-26.5145 , 22.9996 , 0
-26.5222 , 23.0053 , 0
-26.5298 , 23.0109 , 0
-26.5375 , 23.0166 , 0
-26.5451 , 23.0223 , 0
-26.5527 , 23.0279 , 0
-26.5604 , 23.0336 , 0
-26.568 , 23.0392 , 0
-26.5757 , 23.0449 , 0
-26.5833 , 23.0506 , 0
-26.591 , 23.0562 , 0
-26.5986 , 23.0619 , 0
-26.6063 , 23.0675 , 0
-26.6139 , 23.0732 , 0
-26.6215 , 23.0789 , 0
-26.6292 , 23.0845 , 0
-26.6368 , 23.0902 , 0
-26.6445 , 23.0958 , 0
-26.6521 , 23.1015 , 0
-26.6598 , 23.1072 , 0
-26.6674 , 23.1128 , 0
-26.675 , 23.1185 , 0
-26.6827 , 23.1241 , 0
-26.6903 , 23.1298 , 0
-26.698 , 23.1354 , 0
-26.7056 , 23.1411 , 0
-26.7133 , 23.1468 , 0
-26.7209 , 23.1524 , 0
-26.7285 , 23.1581 , 0
-26.7362 , 23.1637 , 0
-26.7438 , 23.1694 , 0
-26.7515 , 23.175 , 0
-26.7591 , 23.1807 , 0
-26.7667 , 23.1864 , 0
-26.7744 , 23.192 , 0
-26.782 , 23.1977 , 0
-26.7897 , 23.2033 , 0
-26.7973 , 23.209 , 0
-26.8049 , 23.2146 , 0
-26.8126 , 23.2203 , 0
-26.8202 , 23.226 , 0
-26.8279 , 23.2316 , 0
-26.8355 , 23.2373 , 0
-26.8431 , 23.2429 , 0
-26.8508 , 23.2486 , 0
-26.8584 , 23.2542 , 0
-26.8661 , 23.2599 , 0
-26.8737 , 23.2655 , 0
-26.8813 , 23.2712 , 0
-26.889 , 23.2768 , 0
-26.8966 , 23.2825 , 0
-26.9042 , 23.2882 , 0
-26.9119 , 23.2938 , 0
-26.9195 , 23.2995 , 0
-26.9272 , 23.3051 , 0
-26.9348 , 23.3108 , 0
-26.9424 , 23.3164 , 0
-26.9501 , 23.3221 , 0
-26.9577 , 23.3277 , 0
-26.9653 , 23.3334 , 0
-26.973 , 23.339 , 0
-26.9806 , 23.3447 , 0
-26.9882 , 23.3503 , 0
-26.9959 , 23.356 , 0
-27.0035 , 23.3616 , 0
-27.0111 , 23.3673 , 0
-27.0188 , 23.3729 , 0
-27.0264 , 23.3786 , 0
-27.034 , 23.3842 , 0
-27.0417 , 23.3899 , 0
-27.0493 , 23.3955 , 0
-27.0569 , 23.4012 , 0
-27.0646 , 23.4068 , 0
-27.0722 , 23.4125 , 0
-27.0798 , 23.4181 , 0
-27.0875 , 23.4238 , 0
-27.0951 , 23.4294 , 0
-27.1027 , 23.4351 , 0
-27.1104 , 23.4407 , 0
-27.118 , 23.4464 , 0
-27.1256 , 23.452 , 0
-27.1333 , 23.4577 , 0
-27.1409 , 23.4633 , 0
-27.1485 , 23.469 , 0
-27.1562 , 23.4746 , 0
-27.1638 , 23.4803 , 0
-27.1714 , 23.4859 , 0
-27.1791 , 23.4916 , 0
-27.1867 , 23.4972 , 0
-27.1943 , 23.5029 , 0
-27.202 , 23.5085 , 0
-27.2096 , 23.5142 , 0
-27.2172 , 23.5198 , 0
-27.2248 , 23.5255 , 0
-27.2325 , 23.5311 , 0
-27.2401 , 23.5368 , 0
-27.2477 , 23.5424 , 0
-27.2554 , 23.5481 , 0
-27.263 , 23.5537 , 0
-27.2706 , 23.5593 , 0
-27.2783 , 23.565 , 0
-27.2859 , 23.5706 , 0
-27.2935 , 23.5763 , 0
-27.3011 , 23.5819 , 0
-27.3088 , 23.5876 , 0
-27.3164 , 23.5932 , 0
-27.324 , 23.5989 , 0
-27.3316 , 23.6045 , 0
-27.3393 , 23.6102 , 0
-27.3469 , 23.6158 , 0
-27.3545 , 23.6214 , 0
-27.3622 , 23.6271 , 0
-27.3698 , 23.6327 , 0
-27.3774 , 23.6384 , 0
-27.385 , 23.644 , 0
-27.3927 , 23.6497 , 0
-27.4003 , 23.6553 , 0
-27.4079 , 23.661 , 0
-27.4155 , 23.6666 , 0
-27.4232 , 23.6722 , 0
-27.4308 , 23.6779 , 0
-27.4384 , 23.6835 , 0
-27.446 , 23.6892 , 0
-27.4537 , 23.6948 , 0
-27.4613 , 23.7005 , 0
-27.4689 , 23.7061 , 0
-27.4765 , 23.7117 , 0
-27.4842 , 23.7174 , 0
-27.4918 , 23.723 , 0
-27.4994 , 23.7287 , 0
-27.507 , 23.7343 , 0
-27.5147 , 23.74 , 0
-27.5223 , 23.7456 , 0
-27.5299 , 23.7512 , 0
-27.5375 , 23.7569 , 0
-27.5451 , 23.7625 , 0
-27.5528 , 23.7682 , 0
-27.5604 , 23.7738 , 0
-27.568 , 23.7794 , 0
-27.5756 , 23.7851 , 0
-27.5833 , 23.7907 , 0
-27.5909 , 23.7964 , 0
-27.5985 , 23.802 , 0
-27.6061 , 23.8076 , 0
-27.6137 , 23.8133 , 0
-27.6214 , 23.8189 , 0
-27.629 , 23.8246 , 0
-27.6366 , 23.8302 , 0
-27.6442 , 23.8358 , 0
-27.6518 , 23.8415 , 0
-27.6595 , 23.8471 , 0
-27.6671 , 23.8528 , 0
-27.6747 , 23.8584 , 0
-27.6823 , 23.864 , 0
-27.6899 , 23.8697 , 0
-27.6976 , 23.8753 , 0
-27.7052 , 23.8809 , 0
-27.7128 , 23.8866 , 0
-27.7204 , 23.8922 , 0
-27.728 , 23.8979 , 0
-27.7357 , 23.9035 , 0
-27.7433 , 23.9091 , 0
-27.7509 , 23.9148 , 0
-27.7585 , 23.9204 , 0
-27.7661 , 23.926 , 0
-27.7738 , 23.9317 , 0
-27.7814 , 23.9373 , 0
-27.789 , 23.943 , 0
-27.7966 , 23.9486 , 0
-27.8042 , 23.9542 , 0
-27.8118 , 23.9599 , 0
-27.8195 , 23.9655 , 0
-27.8271 , 23.9711 , 0
-27.8347 , 23.9768 , 0
-27.8423 , 23.9824 , 0
-27.8499 , 23.988 , 0
-27.8575 , 23.9937 , 0
-27.8652 , 23.9993 , 0
-27.8728 , 24.0049 , 0
-27.8804 , 24.0106 , 0
-27.888 , 24.0162 , 0
-27.8956 , 24.0219 , 0
-27.9032 , 24.0275 , 0
-27.9108 , 24.0331 , 0
-27.9185 , 24.0388 , 0
-27.9261 , 24.0444 , 0
-27.9337 , 24.05 , 0
-27.9413 , 24.0557 , 0
-27.9489 , 24.0613 , 0
-27.9565 , 24.0669 , 0
-27.9641 , 24.0726 , 0
-27.9718 , 24.0782 , 0
-27.9794 , 24.0838 , 0
-27.987 , 24.0895 , 0
-27.9946 , 24.0951 , 0
-28.0022 , 24.1007 , 0
-28.0098 , 24.1064 , 0
-28.0174 , 24.112 , 0
-28.025 , 24.1176 , 0
-28.0327 , 24.1232 , 0
-28.0403 , 24.1289 , 0
-28.0479 , 24.1345 , 0
-28.0555 , 24.1401 , 0
-28.0631 , 24.1458 , 0
-28.0707 , 24.1514 , 0
-28.0783 , 24.157 , 0
-28.0859 , 24.1627 , 0
-28.0935 , 24.1683 , 0
-28.1012 , 24.1739 , 0
-28.1088 , 24.1796 , 0
-28.1164 , 24.1852 , 0
-28.124 , 24.1908 , 0
-28.1316 , 24.1965 , 0
-28.1392 , 24.2021 , 0
-28.1468 , 24.2077 , 0
-28.1544 , 24.2133 , 0
-28.162 , 24.219 , 0
-28.1696 , 24.2246 , 0
-28.1773 , 24.2302 , 0
-28.1849 , 24.2359 , 0
-28.1925 , 24.2415 , 0
-28.2001 , 24.2471 , 0
-28.2077 , 24.2527 , 0
-28.2153 , 24.2584 , 0
-28.2229 , 24.264 , 0
-28.2305 , 24.2696 , 0
-28.2381 , 24.2753 , 0
-28.2457 , 24.2809 , 0
-28.2533 , 24.2865 , 0
-28.2609 , 24.2921 , 0
-28.2686 , 24.2978 , 0
-28.2762 , 24.3034 , 0
-28.2838 , 24.309 , 0
-28.2914 , 24.3147 , 0
-28.299 , 24.3203 , 0
-28.3066 , 24.3259 , 0
-28.3142 , 24.3315 , 0
-28.3218 , 24.3372 , 0
-28.3294 , 24.3428 , 0
-28.337 , 24.3484 , 0
-28.3446 , 24.354 , 0
-28.3522 , 24.3597 , 0
-28.3598 , 24.3653 , 0
-28.3674 , 24.3709 , 0
-28.375 , 24.3765 , 0
-28.3826 , 24.3822 , 0
-28.3902 , 24.3878 , 0
-28.3978 , 24.3934 , 0
-28.4055 , 24.399 , 0
-28.4131 , 24.4047 , 0
-28.4207 , 24.4103 , 0
-28.4283 , 24.4159 , 0
-28.4359 , 24.4215 , 0
-28.4435 , 24.4272 , 0
-28.4511 , 24.4328 , 0
-28.4587 , 24.4384 , 0
-28.4663 , 24.444 , 0
-28.4739 , 24.4497 , 0
-28.4815 , 24.4553 , 0
-28.4891 , 24.4609 , 0
-28.4967 , 24.4665 , 0
-28.5043 , 24.4722 , 0
-28.5119 , 24.4778 , 0
-28.5195 , 24.4834 , 0
-28.5271 , 24.489 , 0
-28.5347 , 24.4947 , 0
-28.5423 , 24.5003 , 0
-28.5499 , 24.5059 , 0
-28.5575 , 24.5115 , 0
-28.5651 , 24.5171 , 0
-28.5727 , 24.5228 , 0
-28.5803 , 24.5284 , 0
-28.5879 , 24.534 , 0
-28.5955 , 24.5396 , 0
-28.6031 , 24.5453 , 0
-28.6107 , 24.5509 , 0
-28.6183 , 24.5565 , 0
-28.6259 , 24.5621 , 0
-28.6335 , 24.5677 , 0
-28.6411 , 24.5734 , 0
-28.6487 , 24.579 , 0
-28.6563 , 24.5846 , 0
-28.6639 , 24.5902 , 0
-28.6715 , 24.5958 , 0
-28.6791 , 24.6015 , 0
-28.6867 , 24.6071 , 0
-28.6943 , 24.6127 , 0
-28.7019 , 24.6183 , 0
-28.7095 , 24.6239 , 0
-28.7171 , 24.6296 , 0
-28.7247 , 24.6352 , 0
-28.7323 , 24.6408 , 0
-28.7399 , 24.6464 , 0
-28.7475 , 24.652 , 0
-28.7551 , 24.6577 , 0
-28.7627 , 24.6633 , 0
-28.7703 , 24.6689 , 0
-28.7779 , 24.6745 , 0
-28.7855 , 24.6801 , 0
-28.7931 , 24.6857 , 0
-28.8007 , 24.6914 , 0
-28.8082 , 24.697 , 0
-28.8158 , 24.7026 , 0
-28.8234 , 24.7082 , 0
-28.831 , 24.7138 , 0
-28.8386 , 24.7195 , 0
-28.8462 , 24.7251 , 0
-28.8538 , 24.7307 , 0
-28.8614 , 24.7363 , 0
-28.869 , 24.7419 , 0
-28.8766 , 24.7475 , 0
-28.8842 , 24.7532 , 0
-28.8918 , 24.7588 , 0
-28.8994 , 24.7644 , 0
-28.907 , 24.77 , 0
-28.9146 , 24.7756 , 0
-28.9222 , 24.7812 , 0
-28.9298 , 24.7869 , 0
-28.9374 , 24.7925 , 0
-28.9449 , 24.7981 , 0
-28.9525 , 24.8037 , 0
-28.9601 , 24.8093 , 0
-28.9677 , 24.8149 , 0
-28.9753 , 24.8205 , 0
-28.9829 , 24.8262 , 0
-28.9905 , 24.8318 , 0
-28.9981 , 24.8374 , 0
-29.0057 , 24.843 , 0
-29.0133 , 24.8486 , 0
-29.0209 , 24.8542 , 0
-29.0285 , 24.8598 , 0
-29.0361 , 24.8655 , 0
-29.0436 , 24.8711 , 0
-29.0512 , 24.8767 , 0
-29.0588 , 24.8823 , 0
-29.0664 , 24.8879 , 0
-29.074 , 24.8935 , 0
-29.0816 , 24.8991 , 0
-29.0892 , 24.9048 , 0
-29.0968 , 24.9104 , 0
-29.1044 , 24.916 , 0
-29.112 , 24.9216 , 0
-29.1195 , 24.9272 , 0
-29.1271 , 24.9328 , 0
-29.1347 , 24.9384 , 0
-29.1423 , 24.944 , 0
-29.1499 , 24.9497 , 0
-29.1575 , 24.9553 , 0
-29.1651 , 24.9609 , 0
-29.1727 , 24.9665 , 0
-29.1803 , 24.9721 , 0
-29.1878 , 24.9777 , 0
-29.1954 , 24.9833 , 0
-29.203 , 24.9889 , 0
-29.2106 , 24.9945 , 0
-29.2182 , 25.0002 , 0
-29.2258 , 25.0058 , 0
-29.2334 , 25.0114 , 0
-29.241 , 25.017 , 0
-29.2485 , 25.0226 , 0
-29.2561 , 25.0282 , 0
-29.2637 , 25.0338 , 0
-29.2713 , 25.0394 , 0
-29.2789 , 25.045 , 0
-29.2865 , 25.0507 , 0
-29.2941 , 25.0563 , 0
-29.3017 , 25.0619 , 0
-29.3092 , 25.0675 , 0
-29.3168 , 25.0731 , 0
-29.3244 , 25.0787 , 0
-29.332 , 25.0843 , 0
-29.3396 , 25.0899 , 0
-29.3472 , 25.0955 , 0
-29.3547 , 25.1011 , 0
-29.3623 , 25.1067 , 0
-29.3699 , 25.1123 , 0
-29.3775 , 25.118 , 0
-29.3851 , 25.1236 , 0
-29.3927 , 25.1292 , 0
-29.4003 , 25.1348 , 0
-29.4078 , 25.1404 , 0
-29.4154 , 25.146 , 0
-29.423 , 25.1516 , 0
-29.4306 , 25.1572 , 0
-29.4382 , 25.1628 , 0
-29.4458 , 25.1684 , 0
-29.4533 , 25.174 , 0
-29.4609 , 25.1796 , 0
-29.4685 , 25.1852 , 0
-29.4761 , 25.1909 , 0
-29.4837 , 25.1965 , 0
-29.4912 , 25.2021 , 0
-29.4988 , 25.2077 , 0
-29.5064 , 25.2133 , 0
-29.514 , 25.2189 , 0
-29.5216 , 25.2245 , 0
-29.5292 , 25.2301 , 0
-29.5367 , 25.2357 , 0
-29.5443 , 25.2413 , 0
-29.5519 , 25.2469 , 0
-29.5595 , 25.2525 , 0
-29.5671 , 25.2581 , 0
-29.5746 , 25.2637 , 0
-29.5822 , 25.2693 , 0
-29.5898 , 25.2749 , 0
-29.5974 , 25.2805 , 0
-29.605 , 25.2861 , 0
-29.6125 , 25.2917 , 0
-29.6201 , 25.2974 , 0
-29.6277 , 25.303 , 0
-29.6353 , 25.3086 , 0
-29.6429 , 25.3142 , 0
-29.6504 , 25.3198 , 0
-29.658 , 25.3254 , 0
-29.6656 , 25.331 , 0
-29.6732 , 25.3366 , 0
-29.6808 , 25.3422 , 0
-29.6883 , 25.3478 , 0
-29.6959 , 25.3534 , 0
-29.7035 , 25.359 , 0
-29.7111 , 25.3646 , 0
-29.7186 , 25.3702 , 0
