x , y , z
1 , 0 , 0
0.999576 , 0.0206006 , 0
0.998727 , 0.0411925 , 0
0.997453 , 0.0617668 , 0
0.995755 , 0.0823149 , 0
0.993634 , 0.102828 , 0
0.991088 , 0.123297 , 0
0.98812 , 0.143714 , 0
0.984731 , 0.164069 , 0
0.98092 , 0.184354 , 0
0.97669 , 0.204561 , 0
0.972043 , 0.224679 , 0
0.966979 , 0.244702 , 0
0.9615 , 0.26462 , 0
0.955609 , 0.284424 , 0
0.949308 , 0.304106 , 0
0.942599 , 0.323657 , 0
0.935484 , 0.34307 , 0
0.927967 , 0.362334 , 0
0.920051 , 0.381443 , 0
0.911737 , 0.400387 , 0
0.90303 , 0.419158 , 0
0.893934 , 0.437749 , 0
0.884451 , 0.45615 , 0
0.874585 , 0.474354 , 0
0.864341 , 0.492352 , 0
0.853722 , 0.510137 , 0
0.842734 , 0.527702 , 0
0.831379 , 0.545037 , 0
0.819664 , 0.562135 , 0
0.807592 , 0.578989 , 0
0.795169 , 0.595591 , 0
0.7824 , 0.611934 , 0
0.76929 , 0.628011 , 0
0.755845 , 0.643813 , 0
0.742069 , 0.659335 , 0
0.72797 , 0.674568 , 0
0.713552 , 0.689507 , 0
0.698823 , 0.704144 , 0
0.683787 , 0.718473 , 0
0.668452 , 0.732487 , 0
0.652823 , 0.74618 , 0
0.636908 , 0.759545 , 0
0.620714 , 0.772577 , 0
0.604246 , 0.78527 , 0
0.587513 , 0.797616 , 0
0.570521 , 0.809612 , 0
0.553278 , 0.821251 , 0
0.535791 , 0.832528 , 0
0.518067 , 0.843437 , 0
0.500115 , 0.853974 , 0
0.481941 , 0.864134 , 0
0.463555 , 0.873911 , 0
0.444963 , 0.883301 , 0
0.426174 , 0.892301 , 0
0.407196 , 0.900904 , 0
0.388037 , 0.909108 , 0
0.368706 , 0.916908 , 0
0.349212 , 0.924301 , 0
0.329562 , 0.931282 , 0
0.309765 , 0.937849 , 0
0.28983 , 0.943999 , 0
0.269766 , 0.949728 , 0
0.249582 , 0.955032 , 0
0.229287 , 0.959911 , 0
0.208888 , 0.964361 , 0
0.188397 , 0.96838 , 0
0.167821 , 0.971965 , 0
0.14717 , 0.975115 , 0
0.126453 , 0.977828 , 0
0.10568 , 0.980103 , 0
0.084859 , 0.981938 , 0
0.0639999 , 0.983332 , 0
0.043112 , 0.984284 , 0
0.0222048 , 0.984793 , 0
0.00128759 , 0.984859 , 0
-0.0196302 , 0.984482 , 0
-0.0405392 , 0.98366 , 0
-0.0614299 , 0.982395 , 0
-0.0822928 , 0.980687 , 0
-0.103119 , 0.978536 , 0
-0.123898 , 0.975942 , 0
-0.144621 , 0.972907 , 0
-0.165279 , 0.969432 , 0
-0.185861 , 0.965517 , 0
-0.20636 , 0.961165 , 0
-0.226765 , 0.956376 , 0
-0.247067 , 0.951154 , 0
-0.267257 , 0.9455 , 0
-0.287325 , 0.939415 , 0
-0.307262 , 0.932904 , 0
-0.32706 , 0.925968 , 0
-0.346709 , 0.91861 , 0
-0.3662 , 0.910833 , 0
-0.385523 , 0.902641 , 0
-0.404671 , 0.894037 , 0
-0.423634 , 0.885025 , 0
-0.442403 , 0.875608 , 0
-0.46097 , 0.86579 , 0
-0.479326 , 0.855577 , 0
-0.497463 , 0.844972 , 0
-0.515372 , 0.833979 , 0
-0.533044 , 0.822605 , 0
-0.550472 , 0.810853 , 0
-0.567647 , 0.798728 , 0
-0.584561 , 0.786237 , 0
-0.601207 , 0.773384 , 0
-0.617576 , 0.760176 , 0
-0.633661 , 0.746618 , 0
-0.649454 , 0.732715 , 0
-0.664948 , 0.718476 , 0
-0.680135 , 0.703905 , 0
-0.695009 , 0.689009 , 0
-0.709561 , 0.673795 , 0
-0.723786 , 0.65827 , 0
-0.737676 , 0.642441 , 0
-0.751225 , 0.626314 , 0
-0.764427 , 0.609898 , 0
-0.777275 , 0.593199 , 0
-0.789762 , 0.576226 , 0
-0.801884 , 0.558985 , 0
-0.813633 , 0.541486 , 0
-0.825005 , 0.523735 , 0
-0.835994 , 0.50574 , 0
-0.846594 , 0.487511 , 0
-0.856801 , 0.469055 , 0
-0.86661 , 0.450381 , 0
-0.876015 , 0.431498 , 0
-0.885013 , 0.412413 , 0
-0.893598 , 0.393137 , 0
-0.901766 , 0.373677 , 0
-0.909514 , 0.354043 , 0
-0.916838 , 0.334244 , 0
-0.923734 , 0.314289 , 0
-0.930198 , 0.294187 , 0
-0.936228 , 0.273947 , 0
-0.94182 , 0.253579 , 0
-0.946971 , 0.233093 , 0
-0.95168 , 0.212498 , 0
-0.955942 , 0.191803 , 0
-0.959757 , 0.171019 , 0
-0.963122 , 0.150154 , 0
-0.966036 , 0.129219 , 0
-0.968496 , 0.108223 , 0
-0.970502 , 0.0871762 , 0
-0.972052 , 0.0660887 , 0
-0.973145 , 0.0449701 , 0
-0.973781 , 0.0238304 , 0
-0.97396 , 0.00267953 , 0
-0.97368 , -0.0184726 , 0
-0.972942 , -0.0396161 , 0
-0.971746 , -0.0607409 , 0
-0.970092 , -0.0818372 , 0
-0.967981 , -0.102895 , 0
-0.965414 , -0.123904 , 0
-0.962392 , -0.144855 , 0
-0.958915 , -0.165737 , 0
-0.954986 , -0.186541 , 0
-0.950607 , -0.207257 , 0
-0.945778 , -0.227876 , 0
-0.940502 , -0.248386 , 0
-0.934782 , -0.268779 , 0
-0.92862 , -0.289045 , 0
-0.922018 , -0.309175 , 0
-0.91498 , -0.329158 , 0
-0.907509 , -0.348985 , 0
-0.899609 , -0.368647 , 0
-0.891282 , -0.388134 , 0
-0.882533 , -0.407438 , 0
-0.873366 , -0.426548 , 0
-0.863784 , -0.445456 , 0
-0.853793 , -0.464153 , 0
-0.843397 , -0.482629 , 0
-0.8326 , -0.500877 , 0
-0.821408 , -0.518886 , 0
-0.809826 , -0.53665 , 0
-0.797859 , -0.554158 , 0
-0.785514 , -0.571403 , 0
-0.772794 , -0.588376 , 0
-0.759708 , -0.60507 , 0
-0.74626 , -0.621476 , 0
-0.732457 , -0.637586 , 0
-0.718306 , -0.653393 , 0
-0.703812 , -0.668889 , 0
-0.688984 , -0.684066 , 0
-0.673827 , -0.698918 , 0
-0.65835 , -0.713437 , 0
-0.642559 , -0.727616 , 0
-0.626462 , -0.741448 , 0
-0.610066 , -0.754927 , 0
-0.593379 , -0.768045 , 0
-0.576409 , -0.780798 , 0
-0.559165 , -0.793178 , 0
-0.541654 , -0.80518 , 0
-0.523884 , -0.816798 , 0
-0.505864 , -0.828026 , 0
-0.487603 , -0.838859 , 0
-0.469109 , -0.849291 , 0
-0.450391 , -0.859318 , 0
-0.431458 , -0.868934 , 0
-0.412319 , -0.878135 , 0
-0.392983 , -0.886917 , 0
-0.373459 , -0.895276 , 0
-0.353757 , -0.903206 , 0
-0.333886 , -0.910705 , 0
-0.313855 , -0.917768 , 0
-0.293674 , -0.924393 , 0
-0.273353 , -0.930576 , 0
-0.252901 , -0.936314 , 0
-0.232328 , -0.941604 , 0
-0.211644 , -0.946444 , 0
-0.190859 , -0.950831 , 0
-0.169982 , -0.954764 , 0
-0.149024 , -0.95824 , 0
-0.127995 , -0.961257 , 0
-0.106905 , -0.963815 , 0
-0.0857633 , -0.965911 , 0
-0.0645807 , -0.967545 , 0
-0.0433673 , -0.968717 , 0
-0.0221331 , -0.969424 , 0
-0.000888301 , -0.969668 , 0
0.0203569 , -0.969448 , 0
0.0415924 , -0.968764 , 0
0.0628079 , -0.967616 , 0
0.0839935 , -0.966005 , 0
0.105139 , -0.963932 , 0
0.126234 , -0.961397 , 0
0.147268 , -0.958403 , 0
0.168232 , -0.954949 , 0
0.189116 , -0.951039 , 0
0.209909 , -0.946674 , 0
0.230602 , -0.941855 , 0
0.251184 , -0.936586 , 0
0.271646 , -0.930868 , 0
0.291978 , -0.924706 , 0
0.312171 , -0.9181 , 0
0.332214 , -0.911056 , 0
0.352098 , -0.903575 , 0
0.371813 , -0.895663 , 0
0.391351 , -0.887322 , 0
0.410702 , -0.878556 , 0
0.429856 , -0.86937 , 0
0.448804 , -0.859769 , 0
0.467538 , -0.849756 , 0
0.486049 , -0.839337 , 0
0.504327 , -0.828517 , 0
0.522364 , -0.817301 , 0
0.540151 , -0.805694 , 0
0.55768 , -0.793702 , 0
0.574943 , -0.781331 , 0
0.591931 , -0.768586 , 0
0.608636 , -0.755475 , 0
0.625051 , -0.742002 , 0
0.641167 , -0.728175 , 0
0.656977 , -0.714001 , 0
0.672473 , -0.699485 , 0
0.687648 , -0.684636 , 0
0.702495 , -0.66946 , 0
0.717007 , -0.653965 , 0
0.731177 , -0.638157 , 0
0.744998 , -0.622045 , 0
0.758464 , -0.605637 , 0
0.771568 , -0.58894 , 0
0.784305 , -0.571962 , 0
0.796667 , -0.554711 , 0
0.80865 , -0.537197 , 0
0.820248 , -0.519426 , 0
0.831456 , -0.501408 , 0
0.842267 , -0.483151 , 0
0.852677 , -0.464664 , 0
0.862682 , -0.445957 , 0
0.872277 , -0.427037 , 0
0.881456 , -0.407913 , 0
0.890216 , -0.388596 , 0
0.898553 , -0.369095 , 0
0.906464 , -0.349417 , 0
0.913943 , -0.329574 , 0
0.920989 , -0.309574 , 0
0.927597 , -0.289428 , 0
0.933765 , -0.269144 , 0
0.939489 , -0.248732 , 0
0.944768 , -0.228202 , 0
0.9496 , -0.207564 , 0
0.95398 , -0.186828 , 0
0.957909 , -0.166003 , 0
0.961384 , -0.145099 , 0
0.964404 , -0.124127 , 0
0.966967 , -0.103096 , 0
0.969073 , -0.0820159 , 0
0.97072 , -0.0608972 , 0
0.971908 , -0.0397498 , 0
0.972637 , -0.0185835 , 0
0.972906 , 0.0025915 , 0
0.972715 , 0.0237653 , 0
0.972066 , 0.0449279 , 0
0.970957 , 0.0660693 , 0
0.96939 , 0.0871795 , 0
0.967366 , 0.108249 , 0
0.964886 , 0.129267 , 0
0.961952 , 0.150224 , 0
0.958564 , 0.17111 , 0
0.954725 , 0.191916 , 0
0.950436 , 0.212631 , 0
0.945701 , 0.233247 , 0
0.94052 , 0.253753 , 0
0.934898 , 0.274139 , 0
0.928837 , 0.294397 , 0
0.922339 , 0.314516 , 0
0.915408 , 0.334488 , 0
0.908048 , 0.354303 , 0
0.900262 , 0.373952 , 0
0.892054 , 0.393425 , 0
0.883428 , 0.412714 , 0
0.874389 , 0.43181 , 0
0.86494 , 0.450704 , 0
0.855086 , 0.469387 , 0
0.844833 , 0.48785 , 0
0.834185 , 0.506086 , 0
0.823147 , 0.524085 , 0
0.811725 , 0.541839 , 0
0.799924 , 0.559341 , 0
0.78775 , 0.576581 , 0
0.775209 , 0.593553 , 0
0.762307 , 0.610249 , 0
0.749049 , 0.62666 , 0
0.735443 , 0.642779 , 0
0.721495 , 0.6586 , 0
0.707212 , 0.674114 , 0
0.6926 , 0.689315 , 0
0.677666 , 0.704196 , 0
0.662418 , 0.71875 , 0
0.646862 , 0.732971 , 0
0.631007 , 0.746852 , 0
0.614859 , 0.760387 , 0
0.598426 , 0.773569 , 0
0.581717 , 0.786394 , 0
0.564738 , 0.798855 , 0
0.547499 , 0.810947 , 0
0.530006 , 0.822664 , 0
0.512269 , 0.834001 , 0
0.494295 , 0.844953 , 0
0.476093 , 0.855516 , 0
0.457672 , 0.865684 , 0
0.439041 , 0.875454 , 0
0.420207 , 0.884821 , 0
0.401179 , 0.89378 , 0
0.381968 , 0.902329 , 0
0.36258 , 0.910463 , 0
0.343027 , 0.918179 , 0
0.323316 , 0.925474 , 0
0.303456 , 0.932344 , 0
0.283458 , 0.938788 , 0
0.26333 , 0.944801 , 0
0.243081 , 0.950381 , 0
0.222721 , 0.955527 , 0
0.202259 , 0.960236 , 0
0.181705 , 0.964507 , 0
0.161068 , 0.968337 , 0
0.140357 , 0.971726 , 0
0.119583 , 0.974671 , 0
0.0987537 , 0.977173 , 0
0.0778797 , 0.979229 , 0
0.0569702 , 0.980841 , 0
0.0360349 , 0.982006 , 0
0.0150832 , 0.982725 , 0
-0.00587536 , 0.982998 , 0
-0.0268312 , 0.982825 , 0
-0.047775 , 0.982206 , 0
-0.0686971 , 0.981142 , 0
-0.089588 , 0.979634 , 0
-0.110438 , 0.977683 , 0
-0.131239 , 0.97529 , 0
-0.15198 , 0.972456 , 0
-0.172653 , 0.969183 , 0
-0.193248 , 0.965473 , 0
-0.213755 , 0.961327 , 0
-0.234166 , 0.956749 , 0
-0.254472 , 0.95174 , 0
-0.274664 , 0.946302 , 0
-0.294732 , 0.94044 , 0
-0.314667 , 0.934155 , 0
-0.334461 , 0.92745 , 0
-0.354106 , 0.92033 , 0
-0.373591 , 0.912797 , 0
-0.39291 , 0.904855 , 0
-0.412052 , 0.896508 , 0
-0.43101 , 0.887761 , 0
-0.449776 , 0.878617 , 0
-0.468341 , 0.86908 , 0
-0.486696 , 0.859156 , 0
-0.504835 , 0.848848 , 0
-0.522749 , 0.838163 , 0
-0.54043 , 0.827104 , 0
-0.557871 , 0.815678 , 0
-0.575064 , 0.803888 , 0
-0.592001 , 0.791742 , 0
-0.608676 , 0.779245 , 0
-0.625081 , 0.766402 , 0
-0.641208 , 0.753219 , 0
-0.657052 , 0.739703 , 0
-0.672605 , 0.725859 , 0
-0.687861 , 0.711695 , 0
-0.702813 , 0.697216 , 0
-0.717455 , 0.682429 , 0
-0.73178 , 0.667342 , 0
-0.745783 , 0.65196 , 0
-0.759457 , 0.636292 , 0
-0.772798 , 0.620343 , 0
-0.785798 , 0.604122 , 0
-0.798453 , 0.587635 , 0
-0.810758 , 0.57089 , 0
-0.822708 , 0.553895 , 0
-0.834296 , 0.536657 , 0
-0.84552 , 0.519184 , 0
-0.856373 , 0.501484 , 0
-0.866852 , 0.483565 , 0
-0.876952 , 0.465435 , 0
-0.88667 , 0.447101 , 0
-0.896 , 0.428572 , 0
-0.904941 , 0.409857 , 0
-0.913487 , 0.390963 , 0
-0.921636 , 0.371899 , 0
-0.929384 , 0.352673 , 0
-0.936729 , 0.333294 , 0
-0.943666 , 0.313771 , 0
-0.950195 , 0.294111 , 0
-0.956312 , 0.274324 , 0
-0.962015 , 0.254418 , 0
-0.967301 , 0.234403 , 0
-0.97217 , 0.214285 , 0
-0.976619 , 0.194076 , 0
-0.980646 , 0.173782 , 0
-0.98425 , 0.153414 , 0
-0.987431 , 0.132979 , 0
-0.990186 , 0.112487 , 0
-0.992515 , 0.0919472 , 0
-0.994418 , 0.0713675 , 0
-0.995894 , 0.0507571 , 0
-0.996942 , 0.030125 , 0
-0.997563 , 0.00947997 , 0
-0.997757 , -0.0111691 , 0
-0.997523 , -0.0318134 , 0
-0.996863 , -0.0524442 , 0
-0.995777 , -0.0730525 , 0
-0.994266 , -0.0936296 , 0
-0.992331 , -0.114167 , 0
-0.989973 , -0.134655 , 0
-0.987193 , -0.155086 , 0
-0.983993 , -0.175452 , 0
-0.980374 , -0.195742 , 0
-0.97634 , -0.215949 , 0
-0.97189 , -0.236065 , 0
-0.967029 , -0.256081 , 0
-0.961757 , -0.275988 , 0
-0.956079 , -0.295778 , 0
-0.949996 , -0.315443 , 0
-0.943511 , -0.334975 , 0
-0.936628 , -0.354365 , 0
-0.929349 , -0.373606 , 0
-0.921679 , -0.392689 , 0
-0.91362 , -0.411607 , 0
-0.905177 , -0.430351 , 0
-0.896353 , -0.448914 , 0
-0.887152 , -0.467289 , 0
-0.877578 , -0.485468 , 0
-0.867637 , -0.503442 , 0
-0.857331 , -0.521206 , 0
-0.846667 , -0.538751 , 0
-0.835648 , -0.556071 , 0
-0.824279 , -0.573158 , 0
-0.812566 , -0.590006 , 0
-0.800514 , -0.606608 , 0
-0.788128 , -0.622956 , 0
-0.775413 , -0.639044 , 0
-0.762375 , -0.654867 , 0
-0.74902 , -0.670417 , 0
-0.735354 , -0.685688 , 0
-0.721382 , -0.700674 , 0
-0.70711 , -0.71537 , 0
-0.692546 , -0.729768 , 0
-0.677694 , -0.743864 , 0
-0.662561 , -0.757652 , 0
-0.647155 , -0.771127 , 0
-0.63148 , -0.784282 , 0
-0.615545 , -0.797114 , 0
-0.599356 , -0.809617 , 0
-0.582919 , -0.821785 , 0
-0.566243 , -0.833615 , 0
-0.549333 , -0.845102 , 0
-0.532197 , -0.856241 , 0
-0.514842 , -0.867028 , 0
-0.497276 , -0.877459 , 0
-0.479505 , -0.887529 , 0
-0.461538 , -0.897236 , 0
-0.443382 , -0.906574 , 0
-0.425044 , -0.915542 , 0
-0.406533 , -0.924135 , 0
-0.387855 , -0.93235 , 0
-0.369018 , -0.940184 , 0
-0.350031 , -0.947634 , 0
-0.330901 , -0.954698 , 0
-0.311637 , -0.961373 , 0
-0.292245 , -0.967656 , 0
-0.272735 , -0.973545 , 0
-0.253113 , -0.979039 , 0
-0.233389 , -0.984135 , 0
-0.21357 , -0.988831 , 0
-0.193664 , -0.993126 , 0
-0.17368 , -0.997018 , 0
-0.153626 , -1.00051 , 0
-0.133509 , -1.00359 , 0
-0.113339 , -1.00627 , 0
-0.093122 , -1.00854 , 0
-0.072868 , -1.0104 , 0
-0.0525845 , -1.01186 , 0
-0.0322799 , -1.01291 , 0
-0.0119622 , -1.01355 , 0
0.00836031 , -1.01378 , 0
0.0286794 , -1.01361 , 0
0.048987 , -1.01302 , 0
0.0692749 , -1.01203 , 0
0.0895351 , -1.01064 , 0
0.109759 , -1.00883 , 0
0.129939 , -1.00663 , 0
0.150068 , -1.00402 , 0
0.170136 , -1.00101 , 0
0.190136 , -0.997598 , 0
0.21006 , -0.993789 , 0
0.2299 , -0.989582 , 0
0.249649 , -0.984981 , 0
0.269298 , -0.979987 , 0
0.288839 , -0.974602 , 0
0.308266 , -0.96883 , 0
0.32757 , -0.962672 , 0
0.346744 , -0.956131 , 0
0.36578 , -0.949211 , 0
0.384671 , -0.941913 , 0
0.403409 , -0.934242 , 0
0.421987 , -0.926201 , 0
0.440398 , -0.917792 , 0
0.458635 , -0.909021 , 0
0.47669 , -0.899889 , 0
0.494557 , -0.890402 , 0
0.512229 , -0.880563 , 0
0.529698 , -0.870377 , 0
0.546958 , -0.859847 , 0
0.564003 , -0.848978 , 0
0.580825 , -0.837775 , 0
0.597419 , -0.826242 , 0
0.613778 , -0.814383 , 0
0.629895 , -0.802205 , 0
0.645765 , -0.789711 , 0
0.661382 , -0.776908 , 0
0.676738 , -0.763799 , 0
0.69183 , -0.750391 , 0
0.70665 , -0.736689 , 0
0.721194 , -0.722698 , 0
0.735455 , -0.708425 , 0
0.749429 , -0.693874 , 0
0.76311 , -0.679052 , 0
0.776492 , -0.663965 , 0
0.789572 , -0.648619 , 0
0.802344 , -0.63302 , 0
0.814802 , -0.617174 , 0
0.826944 , -0.601087 , 0
0.838763 , -0.584767 , 0
0.850256 , -0.568219 , 0
0.861418 , -0.55145 , 0
0.872246 , -0.534466 , 0
0.882734 , -0.517275 , 0
0.89288 , -0.499883 , 0
0.90268 , -0.482298 , 0
0.91213 , -0.464525 , 0
0.921226 , -0.446572 , 0
0.929965 , -0.428447 , 0
0.938345 , -0.410155 , 0
0.946362 , -0.391705 , 0
0.954012 , -0.373104 , 0
0.961295 , -0.354358 , 0
0.968206 , -0.335476 , 0
0.974743 , -0.316464 , 0
0.980905 , -0.29733 , 0
0.986688 , -0.278081 , 0
0.992091 , -0.258725 , 0
0.997113 , -0.23927 , 0
1.00175 , -0.219723 , 0
1.006 , -0.200091 , 0
1.00987 , -0.180382 , 0
1.01335 , -0.160604 , 0
1.01643 , -0.140764 , 0
1.01913 , -0.12087 , 0
1.02144 , -0.10093 , 0
1.02336 , -0.0809511 , 0
1.02488 , -0.0609412 , 0
1.02601 , -0.040908 , 0
1.02675 , -0.0208591 , 0
1.0271 , -0.000802263 , 0
1.02705 , 0.0192549 , 0
1.02661 , 0.0393047 , 0
1.02578 , 0.0593395 , 0
1.02456 , 0.0793516 , 0
1.02294 , 0.0993335 , 0
1.02094 , 0.119277 , 0
1.01854 , 0.139176 , 0
1.01576 , 0.159021 , 0
1.0126 , 0.178806 , 0
1.00904 , 0.198523 , 0
1.0051 , 0.218164 , 0
1.00078 , 0.237723 , 0
0.996083 , 0.257191 , 0
0.991004 , 0.276561 , 0
0.985549 , 0.295826 , 0
0.97972 , 0.314979 , 0
0.973518 , 0.334012 , 0
0.966948 , 0.352919 , 0
0.960011 , 0.371692 , 0
0.95271 , 0.390324 , 0
0.945048 , 0.408808 , 0
0.937029 , 0.427137 , 0
0.928654 , 0.445305 , 0
0.919929 , 0.463304 , 0
0.910856 , 0.481128 , 0
0.901438 , 0.498771 , 0
0.891679 , 0.516224 , 0
0.881584 , 0.533483 , 0
0.871156 , 0.55054 , 0
0.8604 , 0.56739 , 0
0.849318 , 0.584025 , 0
0.837917 , 0.600441 , 0
0.826199 , 0.616629 , 0
0.81417 , 0.632586 , 0
0.801835 , 0.648304 , 0
0.789197 , 0.663778 , 0
0.776263 , 0.679003 , 0
0.763036 , 0.693971 , 0
0.749522 , 0.708679 , 0
0.735727 , 0.72312 , 0
0.721655 , 0.73729 , 0
0.707311 , 0.751182 , 0
0.692702 , 0.764792 , 0
0.677833 , 0.778115 , 0
0.66271 , 0.791146 , 0
0.647338 , 0.80388 , 0
0.631722 , 0.816312 , 0
0.61587 , 0.828439 , 0
0.599788 , 0.840254 , 0
0.58348 , 0.851755 , 0
0.566953 , 0.862936 , 0
0.550215 , 0.873795 , 0
0.53327 , 0.884326 , 0
0.516126 , 0.894526 , 0
0.498788 , 0.904391 , 0
0.481264 , 0.913918 , 0
0.46356 , 0.923103 , 0
0.445682 , 0.931943 , 0
0.427638 , 0.940434 , 0
0.409434 , 0.948574 , 0
0.391077 , 0.956359 , 0
0.372573 , 0.963787 , 0
0.353931 , 0.970855 , 0
0.335157 , 0.977561 , 0
0.316257 , 0.983901 , 0
0.297239 , 0.989875 , 0
0.278111 , 0.995479 , 0
0.258878 , 1.00071 , 0
0.23955 , 1.00557 , 0
0.220131 , 1.01006 , 0
0.200631 , 1.01416 , 0
0.181056 , 1.01789 , 0
0.161414 , 1.02124 , 0
0.141711 , 1.02421 , 0
0.121955 , 1.0268 , 0
0.102154 , 1.02901 , 0
0.0823155 , 1.03083 , 0
0.0624459 , 1.03227 , 0
0.0425531 , 1.03332 , 0
0.0226444 , 1.03399 , 0
0.00272727 , 1.03428 , 0
-0.0171909 , 1.03418 , 0
-0.0371026 , 1.03369 , 0
-0.0570005 , 1.03282 , 0
-0.0768772 , 1.03157 , 0
-0.0967254 , 1.02993 , 0
-0.116538 , 1.02791 , 0
-0.136306 , 1.02551 , 0
-0.156025 , 1.02273 , 0
-0.175685 , 1.01957 , 0
-0.19528 , 1.01602 , 0
-0.214802 , 1.0121 , 0
-0.234244 , 1.00781 , 0
-0.2536 , 1.00314 , 0
-0.272861 , 0.998094 , 0
-0.292021 , 0.99268 , 0
-0.311072 , 0.986897 , 0
-0.330008 , 0.980748 , 0
-0.348821 , 0.974234 , 0
-0.367505 , 0.967359 , 0
-0.386052 , 0.960124 , 0
-0.404456 , 0.952533 , 0
-0.42271 , 0.944588 , 0
-0.440807 , 0.936292 , 0
-0.45874 , 0.927649 , 0
-0.476503 , 0.918661 , 0
-0.494088 , 0.909333 , 0
-0.511491 , 0.899666 , 0
-0.528703 , 0.889666 , 0
-0.54572 , 0.879336 , 0
-0.562533 , 0.868679 , 0
-0.579138 , 0.857699 , 0
-0.595528 , 0.846401 , 0
-0.611697 , 0.834789 , 0
-0.627639 , 0.822867 , 0
-0.643348 , 0.81064 , 0
-0.658817 , 0.798112 , 0
-0.674043 , 0.785287 , 0
-0.689018 , 0.772171 , 0
-0.703737 , 0.758768 , 0
-0.718195 , 0.745084 , 0
-0.732387 , 0.731122 , 0
-0.746306 , 0.71689 , 0
-0.759948 , 0.702391 , 0
-0.773308 , 0.687631 , 0
-0.786381 , 0.672616 , 0
-0.799162 , 0.657351 , 0
-0.811646 , 0.641842 , 0
-0.823829 , 0.626095 , 0
-0.835706 , 0.610115 , 0
-0.847272 , 0.593908 , 0
-0.858523 , 0.577481 , 0
-0.869455 , 0.560839 , 0
-0.880065 , 0.543989 , 0
-0.890347 , 0.526937 , 0
-0.900298 , 0.509689 , 0
-0.909915 , 0.492251 , 0
-0.919193 , 0.47463 , 0
-0.92813 , 0.456833 , 0
-0.936721 , 0.438866 , 0
-0.944964 , 0.420736 , 0
-0.952856 , 0.402449 , 0
-0.960393 , 0.384012 , 0
-0.967573 , 0.365433 , 0
-0.974393 , 0.346718 , 0
-0.98085 , 0.327874 , 0
-0.986942 , 0.308907 , 0
-0.992667 , 0.289826 , 0
-0.998022 , 0.270636 , 0
-1.00301 , 0.251346 , 0
-1.00761 , 0.231963 , 0
-1.01185 , 0.212493 , 0
-1.01571 , 0.192943 , 0
-1.01919 , 0.173322 , 0
-1.02228 , 0.153636 , 0
-1.025 , 0.133893 , 0
-1.02734 , 0.1141 , 0
-1.02929 , 0.0942645 , 0
-1.03086 , 0.0743937 , 0
-1.03204 , 0.0544952 , 0
-1.03284 , 0.0345763 , 0
-1.03325 , 0.0146446 , 0
-1.03328 , -0.00529265 , 0
-1.03292 , -0.0252279 , 0
-1.03218 , -0.0451537 , 0
-1.03105 , -0.0650627 , 0
-1.02953 , -0.0849473 , 0
-1.02763 , -0.1048 , 0
-1.02534 , -0.124614 , 0
-1.02268 , -0.144381 , 0
-1.01963 , -0.164094 , 0
-1.01619 , -0.183746 , 0
-1.01238 , -0.203328 , 0
-1.00819 , -0.222835 , 0
-1.00362 , -0.242258 , 0
-0.99867 , -0.261591 , 0
-0.99335 , -0.280825 , 0
-0.987657 , -0.299954 , 0
-0.981594 , -0.318971 , 0
-0.975162 , -0.337868 , 0
-0.968365 , -0.356638 , 0
-0.961204 , -0.375274 , 0
-0.953682 , -0.39377 , 0
-0.945802 , -0.412117 , 0
-0.937566 , -0.43031 , 0
-0.928978 , -0.448341 , 0
-0.920041 , -0.466203 , 0
-0.910757 , -0.48389 , 0
-0.901131 , -0.501395 , 0
-0.891166 , -0.518711 , 0
-0.880865 , -0.535831 , 0
-0.870232 , -0.55275 , 0
-0.859272 , -0.569461 , 0
-0.847987 , -0.585957 , 0
-0.836383 , -0.602232 , 0
-0.824463 , -0.618279 , 0
-0.812232 , -0.634094 , 0
-0.799694 , -0.649669 , 0
-0.786854 , -0.664999 , 0
-0.773717 , -0.680077 , 0
-0.760288 , -0.694898 , 0
-0.74657 , -0.709457 , 0
-0.732571 , -0.723747 , 0
-0.718294 , -0.737763 , 0
-0.703745 , -0.7515 , 0
-0.68893 , -0.764952 , 0
-0.673854 , -0.778114 , 0
-0.658522 , -0.790981 , 0
-0.64294 , -0.803549 , 0
-0.627115 , -0.815811 , 0
-0.611051 , -0.827764 , 0
-0.594755 , -0.839402 , 0
-0.578233 , -0.850721 , 0
-0.561492 , -0.861717 , 0
-0.544537 , -0.872385 , 0
-0.527374 , -0.882722 , 0
-0.510011 , -0.892722 , 0
-0.492454 , -0.902382 , 0
-0.474709 , -0.911698 , 0
-0.456783 , -0.920667 , 0
-0.438683 , -0.929285 , 0
-0.420415 , -0.937548 , 0
-0.401987 , -0.945453 , 0
-0.383406 , -0.952997 , 0
-0.364678 , -0.960177 , 0
-0.34581 , -0.966989 , 0
-0.32681 , -0.973432 , 0
-0.307685 , -0.979502 , 0
-0.288443 , -0.985197 , 0
-0.269089 , -0.990515 , 0
-0.249633 , -0.995452 , 0
-0.230081 , -1.00001 , 0
-0.21044 , -1.00418 , 0
-0.190719 , -1.00797 , 0
-0.170924 , -1.01137 , 0
-0.151064 , -1.01438 , 0
-0.131146 , -1.017 , 0
-0.111177 , -1.01923 , 0
-0.0911652 , -1.02106 , 0
-0.0711185 , -1.02251 , 0
-0.0510443 , -1.02356 , 0
-0.0309504 , -1.02421 , 0
-0.0108446 , -1.02447 , 0
0.00926535 , -1.02433 , 0
0.0293718 , -1.0238 , 0
0.0494668 , -1.02287 , 0
0.0695427 , -1.02155 , 0
0.0895917 , -1.01983 , 0
0.109606 , -1.01772 , 0
0.129578 , -1.01521 , 0
0.149499 , -1.01231 , 0
0.169363 , -1.00901 , 0
0.189161 , -1.00533 , 0
0.208885 , -1.00125 , 0
0.228529 , -0.996786 , 0
0.248083 , -0.991933 , 0
0.267541 , -0.986694 , 0
0.286894 , -0.98107 , 0
0.306136 , -0.975064 , 0
0.325259 , -0.968678 , 0
0.344254 , -0.961915 , 0
0.363115 , -0.954775 , 0
0.381835 , -0.947263 , 0
0.400405 , -0.939381 , 0
0.418818 , -0.931131 , 0
0.437068 , -0.922517 , 0
0.455147 , -0.913541 , 0
0.473047 , -0.904207 , 0
0.490761 , -0.894519 , 0
0.508283 , -0.88448 , 0
0.525606 , -0.874094 , 0
0.542722 , -0.863364 , 0
0.559624 , -0.852295 , 0
0.576307 , -0.84089 , 0
0.592762 , -0.829154 , 0
0.608984 , -0.817092 , 0
0.624966 , -0.804707 , 0
0.640701 , -0.792005 , 0
0.656184 , -0.778991 , 0
0.671407 , -0.765668 , 0
0.686364 , -0.752043 , 0
0.70105 , -0.738121 , 0
0.715459 , -0.723906 , 0
0.729584 , -0.709404 , 0
0.74342 , -0.694621 , 0
0.756961 , -0.679563 , 0
0.770202 , -0.664235 , 0
0.783136 , -0.648643 , 0
0.795759 , -0.632793 , 0
0.808066 , -0.616691 , 0
0.820051 , -0.600344 , 0
0.831709 , -0.583757 , 0
0.843035 , -0.566938 , 0
0.854026 , -0.549893 , 0
0.864675 , -0.532628 , 0
0.874978 , -0.51515 , 0
0.884932 , -0.497466 , 0
0.894531 , -0.479583 , 0
0.903773 , -0.461508 , 0
0.912652 , -0.443248 , 0
0.921165 , -0.424811 , 0
0.929308 , -0.406202 , 0
0.937078 , -0.387431 , 0
0.944472 , -0.368504 , 0
0.951485 , -0.349429 , 0
0.958116 , -0.330213 , 0
0.96436 , -0.310864 , 0
0.970216 , -0.291389 , 0
0.97568 , -0.271797 , 0
0.98075 , -0.252096 , 0
0.985424 , -0.232292 , 0
0.989699 , -0.212394 , 0
0.993574 , -0.192411 , 0
0.997046 , -0.17235 , 0
1.00011 , -0.152218 , 0
1.00278 , -0.132025 , 0
1.00503 , -0.111779 , 0
1.00688 , -0.0914866 , 0
1.00832 , -0.0711573 , 0
1.00934 , -0.0507991 , 0
1.00996 , -0.0304202 , 0
1.01016 , -0.010029 , 0
1.00996 , 0.0103664 , 0
1.00934 , 0.0307576 , 0
1.00831 , 0.0511361 , 0
1.00686 , 0.0714938 , 0
1.005 , 0.0918222 , 0
1.00274 , 0.112113 , 0
1.00006 , 0.132358 , 0
0.996969 , 0.152548 , 0
0.99347 , 0.172676 , 0
0.989564 , 0.192733 , 0
0.985251 , 0.212711 , 0
0.980532 , 0.232601 , 0
0.975409 , 0.252396 , 0
0.969885 , 0.272086 , 0
0.96396 , 0.291665 , 0
0.957638 , 0.311122 , 0
0.95092 , 0.330452 , 0
0.943808 , 0.349644 , 0
0.936306 , 0.368692 , 0
0.928417 , 0.387588 , 0
0.920142 , 0.406322 , 0
0.911486 , 0.424888 , 0
0.902451 , 0.443278 , 0
0.893042 , 0.461483 , 0
0.883261 , 0.479497 , 0
0.873113 , 0.497311 , 0
0.8626 , 0.514918 , 0
0.851729 , 0.53231 , 0
0.840502 , 0.54948 , 0
0.828924 , 0.566421 , 0
0.816999 , 0.583125 , 0
0.804733 , 0.599585 , 0
0.79213 , 0.615794 , 0
0.779195 , 0.631746 , 0
0.765934 , 0.647432 , 0
0.752351 , 0.662847 , 0
0.738452 , 0.677983 , 0
0.724243 , 0.692834 , 0
0.709729 , 0.707394 , 0
0.694917 , 0.721656 , 0
0.679811 , 0.735615 , 0
0.664419 , 0.749262 , 0
0.648747 , 0.762594 , 0
0.6328 , 0.775604 , 0
0.616586 , 0.788285 , 0
0.600111 , 0.800633 , 0
0.583382 , 0.812642 , 0
0.566406 , 0.824307 , 0
0.54919 , 0.835622 , 0
0.53174 , 0.846583 , 0
0.514064 , 0.857183 , 0
0.49617 , 0.86742 , 0
0.478065 , 0.877287 , 0
0.459756 , 0.88678 , 0
0.441252 , 0.895896 , 0
0.422558 , 0.904629 , 0
0.403685 , 0.912976 , 0
0.384639 , 0.920933 , 0
0.365429 , 0.928496 , 0
0.346062 , 0.935662 , 0
0.326547 , 0.942427 , 0
0.306892 , 0.948788 , 0
0.287105 , 0.954742 , 0
0.267195 , 0.960285 , 0
0.24717 , 0.965416 , 0
0.227039 , 0.970132 , 0
0.20681 , 0.97443 , 0
0.186492 , 0.978309 , 0
0.166093 , 0.981765 , 0
0.145623 , 0.984798 , 0
0.12509 , 0.987406 , 0
0.104503 , 0.989586 , 0
0.0838706 , 0.991339 , 0
0.063202 , 0.992662 , 0
0.042506 , 0.993555 , 0
0.0217915 , 0.994018 , 0
0.0010676 , 0.994049 , 0
-0.0196568 , 0.993648 , 0
-0.0403726 , 0.992815 , 0
-0.0610709 , 0.99155 , 0
-0.0817425 , 0.989853 , 0
-0.102379 , 0.987726 , 0
-0.12297 , 0.985167 , 0
-0.143508 , 0.982178 , 0
-0.163983 , 0.97876 , 0
-0.184386 , 0.974914 , 0
-0.204709 , 0.970642 , 0
-0.224942 , 0.965945 , 0
-0.245076 , 0.960824 , 0
-0.265103 , 0.955282 , 0
-0.285014 , 0.949321 , 0
-0.304799 , 0.942942 , 0
-0.32445 , 0.936149 , 0
-0.343959 , 0.928944 , 0
-0.363316 , 0.92133 , 0
-0.382513 , 0.91331 , 0
-0.401542 , 0.904887 , 0
-0.420393 , 0.896065 , 0
-0.439058 , 0.886847 , 0
-0.457529 , 0.877237 , 0
-0.475798 , 0.867239 , 0
-0.493856 , 0.856857 , 0
-0.511696 , 0.846095 , 0
-0.529308 , 0.834958 , 0
-0.546686 , 0.82345 , 0
-0.563821 , 0.811577 , 0
-0.580705 , 0.799343 , 0
-0.597331 , 0.786753 , 0
-0.61369 , 0.773813 , 0
-0.629777 , 0.760528 , 0
-0.645583 , 0.746905 , 0
-0.6611 , 0.732948 , 0
-0.676323 , 0.718664 , 0
-0.691243 , 0.704058 , 0
-0.705854 , 0.689138 , 0
-0.72015 , 0.673909 , 0
-0.734122 , 0.658379 , 0
-0.747766 , 0.642553 , 0
-0.761074 , 0.62644 , 0
-0.774041 , 0.610045 , 0
-0.78666 , 0.593376 , 0
-0.798925 , 0.57644 , 0
-0.810832 , 0.559245 , 0
-0.822373 , 0.541798 , 0
-0.833543 , 0.524108 , 0
-0.844338 , 0.50618 , 0
-0.854752 , 0.488025 , 0
-0.86478 , 0.469649 , 0
-0.874417 , 0.451061 , 0
-0.883659 , 0.432269 , 0
-0.892501 , 0.413282 , 0
-0.900939 , 0.394107 , 0
-0.908969 , 0.374754 , 0
-0.916586 , 0.355231 , 0
-0.923788 , 0.335547 , 0
-0.93057 , 0.31571 , 0
-0.93693 , 0.29573 , 0
-0.942864 , 0.275616 , 0
-0.948368 , 0.255376 , 0
-0.953441 , 0.23502 , 0
-0.95808 , 0.214557 , 0
-0.962282 , 0.193996 , 0
-0.966045 , 0.173346 , 0
-0.969366 , 0.152618 , 0
-0.972245 , 0.131819 , 0
-0.97468 , 0.110961 , 0
-0.976669 , 0.0900512 , 0
-0.978211 , 0.0691006 , 0
-0.979304 , 0.0481184 , 0
-0.979949 , 0.0271141 , 0
-0.980145 , 0.00609744 , 0
-0.979891 , -0.0149221 , 0
-0.979187 , -0.0359347 , 0
-0.978033 , -0.0569309 , 0
-0.976429 , -0.0779008 , 0
-0.974376 , -0.0988349 , 0
-0.971875 , -0.119724 , 0
-0.968926 , -0.140557 , 0
-0.96553 , -0.161326 , 0
-0.961689 , -0.18202 , 0
-0.957405 , -0.20263 , 0
-0.952678 , -0.223147 , 0
-0.947511 , -0.243561 , 0
-0.941906 , -0.263862 , 0
-0.935866 , -0.284041 , 0
-0.929392 , -0.304089 , 0
-0.922488 , -0.323995 , 0
-0.915157 , -0.343752 , 0
-0.907401 , -0.363349 , 0
-0.899225 , -0.382778 , 0
-0.890631 , -0.402029 , 0
-0.881623 , -0.421093 , 0
-0.872206 , -0.439962 , 0
-0.862383 , -0.458626 , 0
-0.852159 , -0.477077 , 0
-0.841539 , -0.495306 , 0
-0.830526 , -0.513304 , 0
-0.819127 , -0.531063 , 0
-0.807346 , -0.548574 , 0
-0.795188 , -0.56583 , 0
-0.78266 , -0.582821 , 0
-0.769765 , -0.599541 , 0
-0.756512 , -0.61598 , 0
-0.742904 , -0.632132 , 0
-0.72895 , -0.647988 , 0
-0.714654 , -0.66354 , 0
-0.700024 , -0.678783 , 0
-0.685066 , -0.693707 , 0
-0.669787 , -0.708306 , 0
-0.654194 , -0.722574 , 0
-0.638294 , -0.736502 , 0
-0.622095 , -0.750085 , 0
-0.605604 , -0.763316 , 0
-0.588829 , -0.776188 , 0
-0.571776 , -0.788696 , 0
-0.554455 , -0.800833 , 0
-0.536874 , -0.812593 , 0
-0.51904 , -0.823972 , 0
-0.500961 , -0.834962 , 0
-0.482647 , -0.845559 , 0
-0.464105 , -0.855758 , 0
-0.445345 , -0.865554 , 0
-0.426374 , -0.874942 , 0
-0.407203 , -0.883917 , 0
-0.387839 , -0.892475 , 0
-0.368293 , -0.900611 , 0
-0.348572 , -0.908323 , 0
-0.328687 , -0.915605 , 0
-0.308646 , -0.922455 , 0
-0.28846 , -0.928869 , 0
-0.268137 , -0.934843 , 0
-0.247688 , -0.940375 , 0
-0.227121 , -0.945462 , 0
-0.206446 , -0.950102 , 0
-0.185674 , -0.954292 , 0
-0.164814 , -0.958029 , 0
-0.143876 , -0.961313 , 0
-0.122869 , -0.964141 , 0
-0.101805 , -0.966511 , 0
-0.0806917 , -0.968423 , 0
-0.0595404 , -0.969876 , 0
-0.0383609 , -0.970868 , 0
-0.0171631 , -0.971399 , 0
0.00404281 , -0.971469 , 0
0.0252468 , -0.971078 , 0
0.0464388 , -0.970225 , 0
0.0676087 , -0.96891 , 0
0.0887465 , -0.967135 , 0
0.109842 , -0.9649 , 0
0.130885 , -0.962206 , 0
0.151866 , -0.959054 , 0
0.172775 , -0.955446 , 0
0.193602 , -0.951383 , 0
0.214336 , -0.946866 , 0
0.234968 , -0.941899 , 0
0.255488 , -0.936483 , 0
0.275887 , -0.93062 , 0
0.296154 , -0.924314 , 0
0.316279 , -0.917567 , 0
0.336254 , -0.910383 , 0
0.356069 , -0.902765 , 0
0.375714 , -0.894716 , 0
0.395179 , -0.886239 , 0
0.414456 , -0.87734 , 0
0.433535 , -0.868023 , 0
0.452407 , -0.85829 , 0
0.471063 , -0.848148 , 0
0.489494 , -0.837601 , 0
0.507691 , -0.826654 , 0
0.525646 , -0.815312 , 0
0.54335 , -0.803581 , 0
0.560794 , -0.791465 , 0
0.57797 , -0.778971 , 0
0.594869 , -0.766105 , 0
0.611485 , -0.752873 , 0
0.627808 , -0.73928 , 0
0.64383 , -0.725335 , 0
0.659545 , -0.711042 , 0
0.674945 , -0.696409 , 0
0.690022 , -0.681444 , 0
0.704768 , -0.666152 , 0
0.719178 , -0.650542 , 0
0.733243 , -0.63462 , 0
0.746958 , -0.618395 , 0
0.760315 , -0.601874 , 0
0.773309 , -0.585065 , 0
0.785932 , -0.567976 , 0
0.79818 , -0.550615 , 0
0.810045 , -0.532991 , 0
0.821523 , -0.515112 , 0
0.832608 , -0.496986 , 0
0.843294 , -0.478622 , 0
0.853576 , -0.460029 , 0
0.86345 , -0.441217 , 0
0.872911 , -0.422193 , 0
0.881954 , -0.402966 , 0
0.890575 , -0.383547 , 0
0.89877 , -0.363945 , 0
0.906535 , -0.344168 , 0
0.913866 , -0.324227 , 0
0.920759 , -0.30413 , 0
0.927212 , -0.283888 , 0
0.933221 , -0.26351 , 0
0.938784 , -0.243006 , 0
0.943897 , -0.222386 , 0
0.948559 , -0.201659 , 0
0.952768 , -0.180836 , 0
0.95652 , -0.159927 , 0
0.959815 , -0.13894 , 0
0.962651 , -0.117888 , 0
0.965027 , -0.0967789 , 0
0.966941 , -0.0756236 , 0
0.968393 , -0.0544322 , 0
0.969381 , -0.0332148 , 0
0.969907 , -0.0119815 , 0
0.969969 , 0.00925747 , 0
0.969567 , 0.0304921 , 0
0.968702 , 0.0517121 , 0
0.967374 , 0.0729074 , 0
0.965585 , 0.0940679 , 0
0.963334 , 0.115183 , 0
0.960623 , 0.136244 , 0
0.957453 , 0.15724 , 0
0.953826 , 0.17816 , 0
0.949744 , 0.198995 , 0
0.945209 , 0.219736 , 0
0.940223 , 0.240371 , 0
0.934788 , 0.260892 , 0
0.928907 , 0.281289 , 0
0.922584 , 0.301551 , 0
0.915821 , 0.32167 , 0
0.908621 , 0.341635 , 0
0.900988 , 0.361438 , 0
0.892926 , 0.381068 , 0
0.884439 , 0.400517 , 0
0.87553 , 0.419775 , 0
0.866205 , 0.438833 , 0
0.856467 , 0.457683 , 0
0.846322 , 0.476314 , 0
0.835774 , 0.494719 , 0
0.824829 , 0.512889 , 0
0.813491 , 0.530815 , 0
0.801767 , 0.548488 , 0
0.789662 , 0.565901 , 0
0.777182 , 0.583045 , 0
0.764333 , 0.599913 , 0
0.751121 , 0.616495 , 0
0.737552 , 0.632785 , 0
0.723634 , 0.648774 , 0
0.709372 , 0.664456 , 0
0.694774 , 0.679823 , 0
0.679846 , 0.694868 , 0
0.664597 , 0.709583 , 0
0.649032 , 0.723962 , 0
0.63316 , 0.737998 , 0
0.616989 , 0.751685 , 0
0.600525 , 0.765017 , 0
0.583778 , 0.777986 , 0
0.566754 , 0.790588 , 0
0.549463 , 0.802816 , 0
0.531912 , 0.814664 , 0
0.51411 , 0.826128 , 0
0.496065 , 0.837202 , 0
0.477785 , 0.84788 , 0
0.459281 , 0.858159 , 0
0.44056 , 0.868033 , 0
0.421631 , 0.877498 , 0
0.402504 , 0.886549 , 0
0.383187 , 0.895183 , 0
0.363689 , 0.903395 , 0
0.344021 , 0.911183 , 0
0.32419 , 0.918541 , 0
0.304208 , 0.925468 , 0
0.284082 , 0.93196 , 0
0.263823 , 0.938014 , 0
0.24344 , 0.943628 , 0
0.222942 , 0.948799 , 0
0.20234 , 0.953524 , 0
0.181644 , 0.957803 , 0
0.160862 , 0.961633 , 0
0.140005 , 0.965012 , 0
0.119082 , 0.967939 , 0
0.0981032 , 0.970414 , 0
0.0770788 , 0.972434 , 0
0.0560183 , 0.974 , 0
0.0349317 , 0.975111 , 0
0.0138287 , 0.975766 , 0
-0.00728069 , 0.975966 , 0
-0.0283867 , 0.975711 , 0
-0.0494795 , 0.975 , 0
-0.0705492 , 0.973835 , 0
-0.091586 , 0.972216 , 0
-0.11258 , 0.970145 , 0
-0.133522 , 0.967622 , 0
-0.154402 , 0.96465 , 0
-0.17521 , 0.961229 , 0
-0.195936 , 0.957361 , 0
-0.216572 , 0.953049 , 0
-0.237107 , 0.948294 , 0
-0.257532 , 0.9431 , 0
-0.277838 , 0.937468 , 0
-0.298015 , 0.931403 , 0
-0.318054 , 0.924906 , 0
-0.337946 , 0.917981 , 0
-0.357681 , 0.910631 , 0
-0.377251 , 0.902861 , 0
-0.396647 , 0.894673 , 0
-0.41586 , 0.886073 , 0
-0.434881 , 0.877064 , 0
-0.453702 , 0.86765 , 0
-0.472313 , 0.857837 , 0
-0.490707 , 0.847628 , 0
-0.508875 , 0.83703 , 0
-0.526809 , 0.826046 , 0
-0.544501 , 0.814683 , 0
-0.561943 , 0.802945 , 0
-0.579127 , 0.790839 , 0
-0.596045 , 0.77837 , 0
-0.61269 , 0.765544 , 0
-0.629054 , 0.752367 , 0
-0.64513 , 0.738846 , 0
-0.660911 , 0.724987 , 0
-0.676389 , 0.710796 , 0
-0.691559 , 0.696281 , 0
-0.706412 , 0.681447 , 0
-0.720944 , 0.666302 , 0
-0.735146 , 0.650854 , 0
-0.749013 , 0.635109 , 0
-0.762539 , 0.619074 , 0
-0.775718 , 0.602758 , 0
-0.788545 , 0.586167 , 0
-0.801012 , 0.569311 , 0
-0.813116 , 0.552195 , 0
-0.824851 , 0.534829 , 0
-0.836212 , 0.51722 , 0
-0.847193 , 0.499377 , 0
-0.857791 , 0.481308 , 0
-0.868001 , 0.46302 , 0
-0.877818 , 0.444524 , 0
-0.887238 , 0.425826 , 0
-0.896257 , 0.406936 , 0
-0.904872 , 0.387862 , 0
-0.913079 , 0.368614 , 0
-0.920874 , 0.349199 , 0
-0.928254 , 0.329627 , 0
-0.935217 , 0.309906 , 0
-0.941759 , 0.290047 , 0
-0.947878 , 0.270056 , 0
-0.953571 , 0.249945 , 0
-0.958836 , 0.229721 , 0
-0.963671 , 0.209395 , 0
-0.968074 , 0.188974 , 0
-0.972044 , 0.168469 , 0
-0.975579 , 0.147889 , 0
-0.978678 , 0.127242 , 0
-0.981339 , 0.106539 , 0
-0.983563 , 0.0857881 , 0
-0.985348 , 0.0649989 , 0
-0.986693 , 0.0441807 , 0
-0.987599 , 0.0233428 , 0
-0.988066 , 0.00249457 , 0
-0.988093 , -0.0183548 , 0
-0.987681 , -0.039196 , 0
-0.98683 , -0.0600198 , 0
-0.985542 , -0.080817 , 0
-0.983816 , -0.101578 , 0
-0.981655 , -0.122295 , 0
-0.979059 , -0.142957 , 0
-0.976031 , -0.163556 , 0
-0.97257 , -0.184083 , 0
-0.968681 , -0.204528 , 0
-0.964363 , -0.224883 , 0
-0.959621 , -0.245139 , 0
-0.954456 , -0.265287 , 0
-0.94887 , -0.285318 , 0
-0.942868 , -0.305224 , 0
-0.93645 , -0.324995 , 0
-0.929622 , -0.344624 , 0
-0.922385 , -0.364102 , 0
-0.914744 , -0.383419 , 0
-0.906703 , -0.402569 , 0
-0.898264 , -0.421543 , 0
-0.889432 , -0.440332 , 0
-0.880212 , -0.458929 , 0
-0.870607 , -0.477325 , 0
-0.860622 , -0.495513 , 0
-0.850262 , -0.513485 , 0
-0.839532 , -0.531234 , 0
-0.828436 , -0.548751 , 0
-0.816979 , -0.566029 , 0
-0.805168 , -0.583061 , 0
-0.793007 , -0.59984 , 0
-0.780502 , -0.616359 , 0
-0.767658 , -0.632611 , 0
-0.754482 , -0.648588 , 0
-0.740979 , -0.664285 , 0
-0.727156 , -0.679694 , 0
-0.713019 , -0.69481 , 0
-0.698574 , -0.709626 , 0
-0.683827 , -0.724135 , 0
-0.668785 , -0.738333 , 0
-0.653456 , -0.752212 , 0
-0.637845 , -0.765767 , 0
-0.62196 , -0.778994 , 0
-0.605808 , -0.791885 , 0
-0.589395 , -0.804437 , 0
-0.57273 , -0.816643 , 0
-0.555819 , -0.8285 , 0
-0.53867 , -0.840002 , 0
-0.521291 , -0.851144 , 0
-0.503689 , -0.861922 , 0
-0.485872 , -0.872332 , 0
-0.467847 , -0.88237 , 0
-0.449623 , -0.892031 , 0
-0.431207 , -0.901313 , 0
-0.412607 , -0.91021 , 0
-0.393832 , -0.91872 , 0
-0.37489 , -0.92684 , 0
-0.355788 , -0.934566 , 0
-0.336536 , -0.941896 , 0
-0.31714 , -0.948826 , 0
-0.29761 , -0.955354 , 0
-0.277955 , -0.961477 , 0
-0.258181 , -0.967194 , 0
-0.238299 , -0.972503 , 0
-0.218316 , -0.9774 , 0
-0.198241 , -0.981885 , 0
-0.178082 , -0.985956 , 0
-0.157848 , -0.989612 , 0
-0.137548 , -0.992851 , 0
-0.11719 , -0.995673 , 0
-0.096783 , -0.998077 , 0
-0.0763352 , -1.00006 , 0
-0.0558553 , -1.00163 , 0
-0.0353519 , -1.00277 , 0
-0.0148338 , -1.0035 , 0
0.00569053 , -1.0038 , 0
0.0262125 , -1.00369 , 0
0.0467235 , -1.00315 , 0
0.067215 , -1.0022 , 0
0.0876785 , -1.00083 , 0
0.108105 , -0.999041 , 0
0.128487 , -0.996837 , 0
0.148816 , -0.994218 , 0
0.169082 , -0.991186 , 0
0.189279 , -0.987743 , 0
0.209396 , -0.983889 , 0
0.229427 , -0.979627 , 0
0.249363 , -0.97496 , 0
0.269196 , -0.969888 , 0
0.288917 , -0.964416 , 0
0.308519 , -0.958545 , 0
0.327993 , -0.952277 , 0
0.347332 , -0.945617 , 0
0.366528 , -0.938567 , 0
0.385573 , -0.93113 , 0
0.404459 , -0.92331 , 0
0.423179 , -0.91511 , 0
0.441724 , -0.906534 , 0
0.460089 , -0.897585 , 0
0.478264 , -0.888268 , 0
0.496243 , -0.878587 , 0
0.514019 , -0.868546 , 0
0.531585 , -0.858149 , 0
0.548933 , -0.847402 , 0
0.566057 , -0.836307 , 0
0.582949 , -0.824872 , 0
0.599604 , -0.813099 , 0
0.616014 , -0.800995 , 0
0.632173 , -0.788565 , 0
0.648075 , -0.775814 , 0
0.663713 , -0.762746 , 0
0.679081 , -0.749369 , 0
0.694173 , -0.735688 , 0
0.708984 , -0.721708 , 0
0.723507 , -0.707435 , 0
0.737736 , -0.692875 , 0
0.751668 , -0.678035 , 0
0.765294 , -0.662921 , 0
0.778612 , -0.647538 , 0
0.791615 , -0.631894 , 0
0.804298 , -0.615995 , 0
0.816657 , -0.599847 , 0
0.828687 , -0.583457 , 0
0.840383 , -0.566833 , 0
0.85174 , -0.54998 , 0
0.862755 , -0.532906 , 0
0.873424 , -0.515618 , 0
0.883741 , -0.498123 , 0
0.893704 , -0.480428 , 0
0.903309 , -0.46254 , 0
0.912552 , -0.444467 , 0
0.921429 , -0.426216 , 0
0.929938 , -0.407795 , 0
0.938075 , -0.389211 , 0
0.945837 , -0.370471 , 0
0.953221 , -0.351583 , 0
0.960226 , -0.332555 , 0
0.966847 , -0.313394 , 0
0.973084 , -0.294108 , 0
0.978933 , -0.274706 , 0
0.984392 , -0.255194 , 0
0.989461 , -0.235581 , 0
0.994136 , -0.215874 , 0
0.998417 , -0.196081 , 0
1.0023 , -0.176211 , 0
1.00579 , -0.156271 , 0
1.00888 , -0.136268 , 0
1.01157 , -0.116212 , 0
1.01386 , -0.0961104 , 0
1.01575 , -0.0759705 , 0
1.01723 , -0.0558005 , 0
1.01832 , -0.0356085 , 0
1.019 , -0.0154024 , 0
1.01929 , 0.00480968 , 0
1.01917 , 0.0250199 , 0
1.01865 , 0.0452203 , 0
1.01773 , 0.0654029 , 0
1.01641 , 0.0855597 , 0
1.01469 , 0.105683 , 0
1.01257 , 0.125765 , 0
1.01006 , 0.145797 , 0
1.00714 , 0.165773 , 0
1.00384 , 0.185683 , 0
1.00014 , 0.20552 , 0
0.996048 , 0.225278 , 0
0.991569 , 0.244947 , 0
0.986701 , 0.26452 , 0
0.981449 , 0.28399 , 0
0.975813 , 0.30335 , 0
0.969796 , 0.32259 , 0
0.963402 , 0.341706 , 0
0.956632 , 0.360688 , 0
0.94949 , 0.379529 , 0
0.941979 , 0.398223 , 0
0.934101 , 0.416763 , 0
0.92586 , 0.43514 , 0
0.91726 , 0.453348 , 0
0.908304 , 0.47138 , 0
0.898995 , 0.48923 , 0
0.889338 , 0.50689 , 0
0.879337 , 0.524353 , 0
0.868994 , 0.541613 , 0
0.858316 , 0.558664 , 0
0.847306 , 0.575499 , 0
0.835968 , 0.592111 , 0
0.824307 , 0.608495 , 0
0.812329 , 0.624644 , 0
0.800036 , 0.640552 , 0
0.787436 , 0.656212 , 0
0.774531 , 0.67162 , 0
0.761329 , 0.686769 , 0
0.747833 , 0.701654 , 0
0.73405 , 0.716269 , 0
0.719984 , 0.730608 , 0
0.705642 , 0.744667 , 0
0.691028 , 0.758439 , 0
0.676149 , 0.771921 , 0
0.661011 , 0.785106 , 0
0.64562 , 0.79799 , 0
0.629981 , 0.810568 , 0
0.6141 , 0.822836 , 0
0.597985 , 0.834789 , 0
0.58164 , 0.846422 , 0
0.565073 , 0.857731 , 0
0.54829 , 0.868713 , 0
0.531298 , 0.879362 , 0
0.514102 , 0.889676 , 0
0.496711 , 0.89965 , 0
0.47913 , 0.909281 , 0
0.461366 , 0.918565 , 0
0.443426 , 0.927499 , 0
0.425318 , 0.93608 , 0
0.407047 , 0.944304 , 0
0.388621 , 0.952169 , 0
0.370048 , 0.959671 , 0
0.351334 , 0.966809 , 0
0.332486 , 0.973579 , 0
0.313512 , 0.979979 , 0
0.294419 , 0.986007 , 0
0.275215 , 0.991661 , 0
0.255905 , 0.996938 , 0
0.236499 , 1.00184 , 0
0.217003 , 1.00636 , 0
0.197425 , 1.0105 , 0
0.177772 , 1.01425 , 0
0.158052 , 1.01762 , 0
0.138272 , 1.02061 , 0
0.11844 , 1.02321 , 0
0.0985628 , 1.02542 , 0
0.0786484 , 1.02725 , 0
0.0587044 , 1.02869 , 0
0.0387382 , 1.02974 , 0
0.0187573 , 1.0304 , 0
-0.00123062 , 1.03067 , 0
-0.0212181 , 1.03055 , 0
-0.0411975 , 1.03005 , 0
-0.0611615 , 1.02915 , 0
-0.0811024 , 1.02787 , 0
-0.101013 , 1.0262 , 0
-0.120885 , 1.02415 , 0
-0.140712 , 1.02171 , 0
-0.160486 , 1.01888 , 0
-0.180199 , 1.01567 , 0
-0.199845 , 1.01208 , 0
-0.219416 , 1.00811 , 0
-0.238904 , 1.00376 , 0
-0.258302 , 0.999038 , 0
-0.277604 , 0.993936 , 0
-0.296801 , 0.988462 , 0
-0.315887 , 0.982617 , 0
-0.334854 , 0.976403 , 0
-0.353696 , 0.969822 , 0
-0.372405 , 0.962879 , 0
-0.390975 , 0.955574 , 0
-0.409398 , 0.947911 , 0
-0.427668 , 0.939894 , 0
-0.445778 , 0.931524 , 0
-0.46372 , 0.922806 , 0
-0.48149 , 0.913742 , 0
-0.499079 , 0.904336 , 0
-0.516481 , 0.894593 , 0
-0.533691 , 0.884514 , 0
-0.5507 , 0.874105 , 0
-0.567504 , 0.86337 , 0
-0.584096 , 0.852311 , 0
-0.60047 , 0.840935 , 0
-0.61662 , 0.829244 , 0
-0.632539 , 0.817243 , 0
-0.648222 , 0.804938 , 0
-0.663663 , 0.792332 , 0
-0.678857 , 0.779431 , 0
-0.693797 , 0.766238 , 0
-0.708479 , 0.75276 , 0
-0.722896 , 0.739002 , 0
-0.737044 , 0.724967 , 0
-0.750917 , 0.710663 , 0
-0.76451 , 0.696094 , 0
-0.777819 , 0.681265 , 0
-0.790838 , 0.666182 , 0
-0.803562 , 0.650852 , 0
-0.815987 , 0.635279 , 0
-0.828108 , 0.619469 , 0
-0.839921 , 0.603429 , 0
-0.851421 , 0.587165 , 0
-0.862604 , 0.570681 , 0
-0.873466 , 0.553986 , 0
-0.884004 , 0.537084 , 0
-0.894212 , 0.519983 , 0
-0.904088 , 0.502688 , 0
-0.913628 , 0.485206 , 0
-0.922828 , 0.467544 , 0
-0.931685 , 0.449708 , 0
-0.940196 , 0.431705 , 0
-0.948357 , 0.413541 , 0
-0.956166 , 0.395224 , 0
-0.963619 , 0.376759 , 0
-0.970714 , 0.358155 , 0
-0.977449 , 0.339418 , 0
-0.98382 , 0.320555 , 0
-0.989826 , 0.301572 , 0
-0.995465 , 0.282478 , 0
-1.00073 , 0.263278 , 0
-1.00563 , 0.243981 , 0
-1.01015 , 0.224593 , 0
-1.0143 , 0.205122 , 0
-1.01807 , 0.185574 , 0
-1.02147 , 0.165958 , 0
-1.02448 , 0.14628 , 0
-1.02712 , 0.126548 , 0
-1.02937 , 0.106769 , 0
-1.03124 , 0.0869499 , 0
-1.03273 , 0.0670988 , 0
-1.03383 , 0.0472228 , 0
-1.03455 , 0.0273292 , 0
-1.03489 , 0.00742547 , 0
-1.03484 , -0.012481 , 0
-1.03441 , -0.0323828 , 0
-1.03359 , -0.0522727 , 0
-1.03239 , -0.0721431 , 0
-1.03081 , -0.0919867 , 0
-1.02884 , -0.111796 , 0
-1.0265 , -0.131564 , 0
-1.02377 , -0.151283 , 0
-1.02066 , -0.170946 , 0
-1.01717 , -0.190546 , 0
-1.01331 , -0.210075 , 0
-1.00907 , -0.229525 , 0
-1.00445 , -0.248891 , 0
-0.99946 , -0.268164 , 0
-0.9941 , -0.287337 , 0
-0.98837 , -0.306404 , 0
-0.982274 , -0.325357 , 0
-0.975812 , -0.344189 , 0
-0.968988 , -0.362894 , 0
-0.961804 , -0.381463 , 0
-0.954263 , -0.399891 , 0
-0.946367 , -0.41817 , 0
-0.93812 , -0.436294 , 0
-0.929524 , -0.454255 , 0
-0.920582 , -0.472048 , 0
-0.911298 , -0.489665 , 0
-0.901675 , -0.507101 , 0
-0.891717 , -0.524347 , 0
-0.881428 , -0.541399 , 0
-0.87081 , -0.55825 , 0
-0.859869 , -0.574892 , 0
-0.848608 , -0.591321 , 0
-0.837031 , -0.60753 , 0
-0.825143 , -0.623513 , 0
-0.812947 , -0.639263 , 0
-0.800449 , -0.654776 , 0
-0.787653 , -0.670045 , 0
-0.774564 , -0.685065 , 0
-0.761186 , -0.699829 , 0
-0.747525 , -0.714333 , 0
-0.733585 , -0.72857 , 0
-0.719371 , -0.742536 , 0
-0.70489 , -0.756225 , 0
-0.690146 , -0.769633 , 0
-0.675144 , -0.782753 , 0
-0.659891 , -0.795582 , 0
-0.644392 , -0.808113 , 0
-0.628652 , -0.820344 , 0
-0.612678 , -0.832268 , 0
-0.596475 , -0.843881 , 0
-0.580049 , -0.855179 , 0
-0.563406 , -0.866158 , 0
-0.546553 , -0.876814 , 0
-0.529496 , -0.887142 , 0
-0.512242 , -0.897138 , 0
-0.494795 , -0.906799 , 0
-0.477164 , -0.916121 , 0
-0.459354 , -0.925101 , 0
-0.441372 , -0.933734 , 0
-0.423225 , -0.942018 , 0
-0.40492 , -0.949949 , 0
-0.386463 , -0.957525 , 0
-0.367862 , -0.964742 , 0
-0.349122 , -0.971597 , 0
-0.330252 , -0.978089 , 0
-0.311258 , -0.984213 , 0
-0.292147 , -0.989969 , 0
-0.272927 , -0.995354 , 0
-0.253604 , -1.00036 , 0
-0.234186 , -1.005 , 0
-0.21468 , -1.00926 , 0
-0.195094 , -1.01314 , 0
-0.175434 , -1.01664 , 0
-0.155708 , -1.01975 , 0
-0.135924 , -1.02249 , 0
-0.116089 , -1.02483 , 0
-0.0962097 , -1.0268 , 0
-0.0762944 , -1.02837 , 0
-0.0563505 , -1.02956 , 0
-0.0363853 , -1.03037 , 0
-0.0164065 , -1.03078 , 0
0.00357858 , -1.03081 , 0
0.0235623 , -1.03044 , 0
0.0435371 , -1.02969 , 0
0.0634955 , -1.02855 , 0
0.0834299 , -1.02702 , 0
0.103333 , -1.0251 , 0
0.123197 , -1.0228 , 0
0.143014 , -1.02011 , 0
0.162777 , -1.01703 , 0
0.182479 , -1.01357 , 0
0.202112 , -1.00973 , 0
0.221668 , -1.0055 , 0
0.24114 , -1.0009 , 0
0.260521 , -0.995909 , 0
0.279803 , -0.990545 , 0
0.298979 , -0.984806 , 0
0.318042 , -0.978693 , 0
0.336984 , -0.972209 , 0
0.355797 , -0.965355 , 0
0.374476 , -0.958135 , 0
0.393013 , -0.950551 , 0
0.4114 , -0.942605 , 0
0.42963 , -0.934301 , 0
0.447698 , -0.925641 , 0
0.465594 , -0.916629 , 0
0.483314 , -0.907268 , 0
0.500849 , -0.897561 , 0
0.518193 , -0.887511 , 0
0.535339 , -0.877123 , 0
0.552281 , -0.866401 , 0
0.569013 , -0.855347 , 0
0.585527 , -0.843967 , 0
0.601817 , -0.832264 , 0
0.617877 , -0.820243 , 0
0.6337 , -0.807908 , 0
0.649281 , -0.795264 , 0
0.664613 , -0.782315 , 0
0.679691 , -0.769067 , 0
0.694508 , -0.755523 , 0
0.709058 , -0.74169 , 0
0.723337 , -0.727572 , 0
0.737337 , -0.713175 , 0
0.751055 , -0.698503 , 0
0.764483 , -0.683563 , 0
0.777618 , -0.66836 , 0
0.790453 , -0.6529 , 0
0.802984 , -0.637189 , 0
0.815205 , -0.621232 , 0
0.827112 , -0.605035 , 0
0.838701 , -0.588605 , 0
0.849965 , -0.571948 , 0
0.860901 , -0.55507 , 0
0.871505 , -0.537978 , 0
0.881771 , -0.520677 , 0
0.891697 , -0.503175 , 0
0.901277 , -0.485479 , 0
0.910508 , -0.467594 , 0
0.919386 , -0.449528 , 0
0.927908 , -0.431288 , 0
0.93607 , -0.41288 , 0
0.943868 , -0.394312 , 0
0.9513 , -0.375591 , 0
0.958362 , -0.356724 , 0
0.965051 , -0.337718 , 0
0.971364 , -0.318581 , 0
0.9773 , -0.29932 , 0
0.982854 , -0.279942 , 0
0.988025 , -0.260455 , 0
0.992811 , -0.240866 , 0
0.997209 , -0.221183 , 0
1.00122 , -0.201414 , 0
1.00483 , -0.181566 , 0
1.00806 , -0.161647 , 0
1.01089 , -0.141665 , 0
1.01332 , -0.121627 , 0
1.01536 , -0.101542 , 0
1.01699 , -0.0814164 , 0
1.01823 , -0.0612592 , 0
1.01907 , -0.0410779 , 0
1.01951 , -0.0208805 , 0
1.01955 , -0.000674934 , 0
1.01918 , 0.0195309 , 0
1.01842 , 0.0397291 , 0
1.01725 , 0.0599116 , 0
1.01569 , 0.0800705 , 0
1.01372 , 0.100198 , 0
1.01135 , 0.120286 , 0
1.00858 , 0.140326 , 0
1.00541 , 0.160311 , 0
1.00185 , 0.180232 , 0
0.997887 , 0.200082 , 0
0.99353 , 0.219852 , 0
0.988779 , 0.239536 , 0
0.983635 , 0.259124 , 0
0.978102 , 0.27861 , 0
0.972179 , 0.297985 , 0
0.96587 , 0.317241 , 0
0.959176 , 0.336371 , 0
0.952101 , 0.355367 , 0
0.944646 , 0.374222 , 0
0.936814 , 0.392927 , 0
0.928609 , 0.411475 , 0
0.920033 , 0.429859 , 0
0.911088 , 0.448072 , 0
0.90178 , 0.466105 , 0
0.892111 , 0.483951 , 0
0.882084 , 0.501604 , 0
0.871703 , 0.519056 , 0
0.860973 , 0.536299 , 0
0.849898 , 0.553327 , 0
0.83848 , 0.570133 , 0
0.826726 , 0.586709 , 0
0.814639 , 0.60305 , 0
0.802224 , 0.619147 , 0
0.789486 , 0.634996 , 0
0.77643 , 0.650588 , 0
0.76306 , 0.665917 , 0
0.749381 , 0.680978 , 0
0.7354 , 0.695763 , 0
0.721122 , 0.710267 , 0
0.706551 , 0.724483 , 0
0.691695 , 0.738406 , 0
0.676558 , 0.752029 , 0
0.661146 , 0.765348 , 0
0.645466 , 0.778355 , 0
0.629523 , 0.791046 , 0
0.613325 , 0.803416 , 0
0.596877 , 0.815458 , 0
0.580185 , 0.827168 , 0
0.563257 , 0.838541 , 0
0.5461 , 0.849572 , 0
0.528719 , 0.860256 , 0
0.511123 , 0.870589 , 0
0.493317 , 0.880565 , 0
0.475309 , 0.890181 , 0
0.457107 , 0.899433 , 0
0.438718 , 0.908316 , 0
0.420148 , 0.916826 , 0
0.401406 , 0.924959 , 0
0.382499 , 0.932713 , 0
0.363434 , 0.940083 , 0
0.34422 , 0.947066 , 0
0.324865 , 0.953659 , 0
0.305375 , 0.959859 , 0
0.285759 , 0.965663 , 0
0.266026 , 0.971068 , 0
0.246182 , 0.976071 , 0
0.226237 , 0.980672 , 0
0.206198 , 0.984866 , 0
0.186073 , 0.988652 , 0
0.165871 , 0.992028 , 0
0.145601 , 0.994993 , 0
0.12527 , 0.997545 , 0
0.104887 , 0.999682 , 0
0.0844606 , 1.0014 , 0
0.0639989 , 1.00271 , 0
0.0435105 , 1.00359 , 0
0.023004 , 1.00406 , 0
0.00248781 , 1.00411 , 0
-0.0180294 , 1.00374 , 0
-0.038539 , 1.00295 , 0
-0.0590325 , 1.00174 , 0
-0.0795013 , 1.00011 , 0
-0.0999368 , 0.998065 , 0
-0.12033 , 0.995599 , 0
-0.140673 , 0.992715 , 0
-0.160957 , 0.989413 , 0
-0.181174 , 0.985696 , 0
-0.201314 , 0.981564 , 0
-0.221369 , 0.977019 , 0
-0.241331 , 0.972062 , 0
-0.261191 , 0.966695 , 0
-0.280941 , 0.96092 , 0
-0.300573 , 0.954739 , 0
-0.320077 , 0.948154 , 0
-0.339446 , 0.941168 , 0
-0.358671 , 0.933784 , 0
-0.377744 , 0.926003 , 0
-0.396656 , 0.91783 , 0
-0.4154 , 0.909267 , 0
-0.433968 , 0.900317 , 0
-0.452351 , 0.890985 , 0
-0.470542 , 0.881273 , 0
-0.488532 , 0.871186 , 0
-0.506314 , 0.860728 , 0
-0.52388 , 0.849902 , 0
-0.541222 , 0.838714 , 0
-0.558333 , 0.827166 , 0
-0.575205 , 0.815265 , 0
-0.59183 , 0.803015 , 0
-0.608202 , 0.790421 , 0
-0.624314 , 0.777488 , 0
-0.640157 , 0.764222 , 0
-0.655725 , 0.750627 , 0
-0.671012 , 0.736709 , 0
-0.68601 , 0.722474 , 0
-0.700712 , 0.707929 , 0
-0.715113 , 0.693078 , 0
-0.729205 , 0.677928 , 0
-0.742982 , 0.662486 , 0
-0.756438 , 0.646757 , 0
-0.769567 , 0.630749 , 0
-0.782364 , 0.614468 , 0
-0.794821 , 0.597921 , 0
-0.806934 , 0.581114 , 0
-0.818697 , 0.564056 , 0
-0.830104 , 0.546753 , 0
-0.841151 , 0.529212 , 0
-0.851832 , 0.511441 , 0
-0.862142 , 0.493447 , 0
-0.872077 , 0.475239 , 0
-0.881632 , 0.456823 , 0
-0.890802 , 0.438208 , 0
-0.899583 , 0.419402 , 0
-0.907971 , 0.400412 , 0
-0.915962 , 0.381248 , 0
-0.923552 , 0.361916 , 0
-0.930738 , 0.342426 , 0
-0.937515 , 0.322786 , 0
-0.943881 , 0.303005 , 0
-0.949833 , 0.28309 , 0
-0.955368 , 0.263051 , 0
-0.960482 , 0.242896 , 0
-0.965174 , 0.222634 , 0
-0.969441 , 0.202274 , 0
-0.97328 , 0.181825 , 0
-0.97669 , 0.161296 , 0
-0.979669 , 0.140696 , 0
-0.982214 , 0.120033 , 0
-0.984326 , 0.0993178 , 0
-0.986002 , 0.0785583 , 0
-0.987241 , 0.057764 , 0
-0.988043 , 0.036944 , 0
-0.988406 , 0.0161077 , 0
-0.988331 , -0.00473575 , 0
-0.987817 , -0.0255771 , 0
-0.986863 , -0.0464071 , 0
-0.985471 , -0.0672165 , 0
-0.983639 , -0.0879959 , 0
-0.981369 , -0.108736 , 0
-0.978662 , -0.129428 , 0
-0.975518 , -0.150062 , 0
-0.971938 , -0.170629 , 0
-0.967924 , -0.191119 , 0
-0.963477 , -0.211525 , 0
-0.958598 , -0.231835 , 0
-0.953291 , -0.252042 , 0
-0.947555 , -0.272135 , 0
-0.941395 , -0.292107 , 0
-0.934812 , -0.311947 , 0
-0.927809 , -0.331648 , 0
-0.920389 , -0.351199 , 0
-0.912555 , -0.370592 , 0
-0.90431 , -0.389818 , 0
-0.895657 , -0.408869 , 0
-0.886601 , -0.427735 , 0
-0.877145 , -0.446408 , 0
-0.867292 , -0.46488 , 0
-0.857047 , -0.483142 , 0
-0.846415 , -0.501185 , 0
-0.8354 , -0.519001 , 0
-0.824007 , -0.536582 , 0
-0.81224 , -0.553921 , 0
-0.800105 , -0.571007 , 0
-0.787606 , -0.587835 , 0
-0.774751 , -0.604396 , 0
-0.761543 , -0.620682 , 0
-0.747988 , -0.636686 , 0
-0.734094 , -0.652401 , 0
-0.719865 , -0.667818 , 0
-0.705308 , -0.682931 , 0
-0.690429 , -0.697732 , 0
-0.675235 , -0.712215 , 0
-0.659734 , -0.726373 , 0
-0.64393 , -0.740199 , 0
-0.627833 , -0.753687 , 0
-0.611448 , -0.766829 , 0
-0.594783 , -0.779621 , 0
-0.577845 , -0.792056 , 0
-0.560643 , -0.804128 , 0
-0.543184 , -0.81583 , 0
-0.525475 , -0.827159 , 0
-0.507525 , -0.838107 , 0
-0.489342 , -0.84867 , 0
-0.470934 , -0.858843 , 0
-0.452309 , -0.868621 , 0
-0.433476 , -0.877999 , 0
-0.414443 , -0.886973 , 0
-0.395219 , -0.895538 , 0
-0.375813 , -0.903689 , 0
-0.356234 , -0.911424 , 0
-0.336489 , -0.918737 , 0
-0.31659 , -0.925626 , 0
-0.296544 , -0.932087 , 0
-0.276361 , -0.938117 , 0
-0.25605 , -0.943713 , 0
-0.23562 , -0.948872 , 0
-0.215081 , -0.95359 , 0
-0.194442 , -0.957867 , 0
-0.173714 , -0.961699 , 0
-0.152904 , -0.965085 , 0
-0.132024 , -0.968023 , 0
-0.111082 , -0.970511 , 0
-0.0900883 , -0.972547 , 0
-0.0690529 , -0.974131 , 0
-0.0479854 , -0.975262 , 0
-0.0268955 , -0.975938 , 0
-0.00579309 , -0.976159 , 0
0.015312 , -0.975926 , 0
0.03641 , -0.975237 , 0
0.057491 , -0.974093 , 0
0.0785451 , -0.972494 , 0
0.0995626 , -0.970441 , 0
0.120533 , -0.967934 , 0
0.141448 , -0.964975 , 0
0.162296 , -0.961564 , 0
0.183069 , -0.957703 , 0
0.203755 , -0.953393 , 0
0.224347 , -0.948637 , 0
0.244833 , -0.943436 , 0
0.265204 , -0.937792 , 0
0.28545 , -0.931709 , 0
0.305563 , -0.925188 , 0
0.325532 , -0.918232 , 0
0.345349 , -0.910846 , 0
0.365003 , -0.90303 , 0
0.384485 , -0.894791 , 0
0.403786 , -0.88613 , 0
0.422897 , -0.877052 , 0
0.44181 , -0.867561 , 0
0.460514 , -0.857661 , 0
0.479001 , -0.847358 , 0
0.497262 , -0.836654 , 0
0.515288 , -0.825556 , 0
0.533072 , -0.814069 , 0
0.550603 , -0.802197 , 0
0.567875 , -0.789946 , 0
0.584879 , -0.777323 , 0
0.601606 , -0.764331 , 0
0.618048 , -0.750979 , 0
0.634199 , -0.737271 , 0
0.650049 , -0.723215 , 0
0.665592 , -0.708816 , 0
0.680819 , -0.694081 , 0
0.695724 , -0.679018 , 0
0.7103 , -0.663633 , 0
0.724539 , -0.647934 , 0
0.738434 , -0.631928 , 0
0.751979 , -0.615621 , 0
0.765167 , -0.599023 , 0
0.777993 , -0.58214 , 0
0.790449 , -0.564982 , 0
0.802529 , -0.547554 , 0
0.814229 , -0.529867 , 0
0.825541 , -0.511928 , 0
0.836461 , -0.493746 , 0
0.846984 , -0.475329 , 0
0.857104 , -0.456686 , 0
0.866816 , -0.437825 , 0
0.876115 , -0.418757 , 0
0.884998 , -0.399489 , 0
0.893459 , -0.380031 , 0
0.901495 , -0.360392 , 0
0.909102 , -0.340581 , 0
0.916276 , -0.320608 , 0
0.923013 , -0.300482 , 0
0.92931 , -0.280213 , 0
0.935164 , -0.259811 , 0
0.940572 , -0.239285 , 0
0.945532 , -0.218644 , 0
0.950041 , -0.197899 , 0
0.954096 , -0.17706 , 0
0.957696 , -0.156137 , 0
0.960839 , -0.135139 , 0
0.963524 , -0.114076 , 0
0.965748 , -0.0929587 , 0
0.967511 , -0.0717972 , 0
0.968813 , -0.0506014 , 0
0.969651 , -0.0293814 , 0
0.970026 , -0.00814741 , 0
0.969938 , 0.0130905 , 0
0.969386 , 0.0343221 , 0
0.968371 , 0.0555374 , 0
0.966893 , 0.0767261 , 0
0.964953 , 0.0978781 , 0
0.962552 , 0.118983 , 0
0.95969 , 0.140032 , 0
0.956369 , 0.161013 , 0
0.952591 , 0.181917 , 0
0.948358 , 0.202735 , 0
0.94367 , 0.223455 , 0
0.938532 , 0.244069 , 0
0.932944 , 0.264565 , 0
0.92691 , 0.284936 , 0
0.920432 , 0.305169 , 0
0.913515 , 0.325257 , 0
0.906159 , 0.345189 , 0
0.898371 , 0.364956 , 0
0.890152 , 0.384549 , 0
0.881508 , 0.403957 , 0
0.872441 , 0.423172 , 0
0.862957 , 0.442184 , 0
0.85306 , 0.460985 , 0
0.842755 , 0.479565 , 0
0.832046 , 0.497916 , 0
0.82094 , 0.516029 , 0
0.80944 , 0.533894 , 0
0.797553 , 0.551504 , 0
0.785284 , 0.56885 , 0
0.77264 , 0.585924 , 0
0.759625 , 0.602717 , 0
0.746248 , 0.619222 , 0
0.732513 , 0.635431 , 0
0.718428 , 0.651335 , 0
0.703999 , 0.666929 , 0
0.689233 , 0.682203 , 0
0.674137 , 0.69715 , 0
0.658719 , 0.711764 , 0
0.642986 , 0.726038 , 0
0.626946 , 0.739965 , 0
0.610605 , 0.753537 , 0
0.593973 , 0.76675 , 0
0.577057 , 0.779595 , 0
0.559864 , 0.792069 , 0
0.542405 , 0.804163 , 0
0.524686 , 0.815873 , 0
0.506716 , 0.827193 , 0
0.488504 , 0.838118 , 0
0.470059 , 0.848643 , 0
0.451389 , 0.858762 , 0
0.432504 , 0.868471 , 0
0.413412 , 0.877766 , 0
0.394123 , 0.886641 , 0
0.374645 , 0.895093 , 0
0.354989 , 0.903118 , 0
0.335164 , 0.910712 , 0
0.315178 , 0.917872 , 0
0.295042 , 0.924593 , 0
0.274766 , 0.930874 , 0
0.254358 , 0.936711 , 0
0.233829 , 0.942101 , 0
0.213189 , 0.947042 , 0
0.192447 , 0.951532 , 0
0.171614 , 0.955569 , 0
0.150699 , 0.959151 , 0
0.129712 , 0.962276 , 0
0.108663 , 0.964942 , 0
0.0875624 , 0.96715 , 0
0.0664203 , 0.968898 , 0
0.0452466 , 0.970184 , 0
0.0240514 , 0.971009 , 0
0.00284473 , 0.971373 , 0
-0.0183633 , 0.971275 , 0
-0.0395626 , 0.970715 , 0
-0.0607431 , 0.969695 , 0
-0.0818947 , 0.968213 , 0
-0.103007 , 0.966273 , 0
-0.124071 , 0.963873 , 0
-0.145076 , 0.961017 , 0
-0.166013 , 0.957704 , 0
-0.18687 , 0.953938 , 0
-0.207639 , 0.949719 , 0
-0.22831 , 0.945051 , 0
-0.248872 , 0.939934 , 0
-0.269317 , 0.934373 , 0
-0.289634 , 0.92837 , 0
-0.309814 , 0.921927 , 0
-0.329847 , 0.915048 , 0
-0.349725 , 0.907737 , 0
-0.369437 , 0.899996 , 0
-0.388975 , 0.891831 , 0
-0.408329 , 0.883244 , 0
-0.42749 , 0.87424 , 0
-0.44645 , 0.864824 , 0
-0.465199 , 0.855 , 0
-0.483729 , 0.844772 , 0
-0.50203 , 0.834147 , 0
-0.520096 , 0.823128 , 0
-0.537916 , 0.811722 , 0
-0.555483 , 0.799934 , 0
-0.572788 , 0.78777 , 0
-0.589825 , 0.775234 , 0
-0.606584 , 0.762335 , 0
-0.623058 , 0.749077 , 0
-0.639239 , 0.735468 , 0
-0.65512 , 0.721513 , 0
-0.670694 , 0.707219 , 0
-0.685953 , 0.692594 , 0
-0.700891 , 0.677644 , 0
-0.7155 , 0.662377 , 0
-0.729774 , 0.646799 , 0
-0.743707 , 0.630919 , 0
-0.757291 , 0.614743 , 0
-0.770521 , 0.59828 , 0
-0.783391 , 0.581537 , 0
-0.795895 , 0.564523 , 0
-0.808028 , 0.547245 , 0
-0.819783 , 0.529711 , 0
-0.831156 , 0.51193 , 0
-0.842141 , 0.493911 , 0
-0.852734 , 0.475662 , 0
-0.86293 , 0.45719 , 0
-0.872724 , 0.438507 , 0
-0.882112 , 0.419619 , 0
-0.891089 , 0.400536 , 0
-0.899653 , 0.381266 , 0
-0.907799 , 0.36182 , 0
-0.915523 , 0.342206 , 0
-0.922822 , 0.322433 , 0
-0.929694 , 0.30251 , 0
-0.936135 , 0.282447 , 0
-0.942142 , 0.262254 , 0
-0.947713 , 0.241939 , 0
-0.952845 , 0.221512 , 0
-0.957537 , 0.200983 , 0
-0.961787 , 0.18036 , 0
-0.965592 , 0.159655 , 0
-0.968951 , 0.138876 , 0
-0.971864 , 0.118032 , 0
-0.974329 , 0.0971347 , 0
-0.976344 , 0.0761923 , 0
-0.977911 , 0.0552147 , 0
-0.979027 , 0.0342118 , 0
-0.979693 , 0.0131932 , 0
-0.979908 , -0.00783155 , 0
-0.979674 , -0.0288527 , 0
-0.97899 , -0.0498605 , 0
-0.977857 , -0.0708456 , 0
-0.976276 , -0.0917981 , 0
-0.974247 , -0.112709 , 0
-0.971773 , -0.133567 , 0
-0.968853 , -0.154365 , 0
-0.965491 , -0.175092 , 0
-0.961688 , -0.19574 , 0
-0.957445 , -0.216297 , 0
-0.952766 , -0.236756 , 0
-0.947652 , -0.257108 , 0
-0.942107 , -0.277342 , 0
-0.936132 , -0.297449 , 0
-0.929731 , -0.317422 , 0
-0.922908 , -0.33725 , 0
-0.915665 , -0.356924 , 0
-0.908006 , -0.376437 , 0
-0.899935 , -0.395779 , 0
-0.891456 , -0.414941 , 0
-0.882573 , -0.433915 , 0
-0.87329 , -0.452693 , 0
-0.863612 , -0.471266 , 0
-0.853544 , -0.489625 , 0
-0.84309 , -0.507764 , 0
-0.832255 , -0.525673 , 0
-0.821044 , -0.543345 , 0
-0.809463 , -0.560772 , 0
-0.797518 , -0.577946 , 0
-0.785213 , -0.59486 , 0
-0.772555 , -0.611506 , 0
-0.75955 , -0.627877 , 0
-0.746203 , -0.643966 , 0
-0.732521 , -0.659766 , 0
-0.718511 , -0.67527 , 0
-0.704178 , -0.690472 , 0
-0.68953 , -0.705364 , 0
-0.674574 , -0.71994 , 0
-0.659315 , -0.734194 , 0
-0.643762 , -0.74812 , 0
-0.627921 , -0.761712 , 0
-0.6118 , -0.774964 , 0
-0.595407 , -0.78787 , 0
-0.578748 , -0.800425 , 0
-0.561831 , -0.812624 , 0
-0.544664 , -0.824461 , 0
-0.527255 , -0.835931 , 0
-0.509612 , -0.84703 , 0
-0.491742 , -0.857753 , 0
-0.473655 , -0.868096 , 0
-0.455357 , -0.878054 , 0
-0.436858 , -0.887623 , 0
-0.418165 , -0.896799 , 0
-0.399288 , -0.905578 , 0
-0.380234 , -0.913958 , 0
-0.361012 , -0.921934 , 0
-0.341631 , -0.929503 , 0
-0.322099 , -0.936662 , 0
-0.302426 , -0.943409 , 0
-0.282619 , -0.94974 , 0
-0.262688 , -0.955654 , 0
-0.242642 , -0.961148 , 0
-0.222489 , -0.96622 , 0
-0.202238 , -0.970868 , 0
-0.181899 , -0.97509 , 0
-0.16148 , -0.978885 , 0
-0.14099 , -0.982252 , 0
-0.120439 , -0.985189 , 0
-0.0998352 , -0.987696 , 0
-0.0791877 , -0.989771 , 0
-0.0585057 , -0.991414 , 0
-0.0377982 , -0.992626 , 0
-0.0170742 , -0.993405 , 0
0.00365723 , -0.993751 , 0
0.0243871 , -0.993666 , 0
0.0451063 , -0.993148 , 0
0.0658059 , -0.9922 , 0
0.086477 , -0.990821 , 0
0.107111 , -0.989013 , 0
0.127698 , -0.986776 , 0
0.14823 , -0.984112 , 0
0.168698 , -0.981023 , 0
0.189093 , -0.977509 , 0
0.209406 , -0.973574 , 0
0.229629 , -0.969219 , 0
0.249753 , -0.964446 , 0
0.26977 , -0.959258 , 0
0.28967 , -0.953657 , 0
0.309446 , -0.947646 , 0
0.329089 , -0.941228 , 0
0.348591 , -0.934406 , 0
0.367943 , -0.927183 , 0
0.387137 , -0.919563 , 0
0.406166 , -0.91155 , 0
0.425021 , -0.903146 , 0
0.443695 , -0.894356 , 0
0.462178 , -0.885184 , 0
0.480465 , -0.875635 , 0
0.498547 , -0.865712 , 0
0.516416 , -0.85542 , 0
0.534066 , -0.844765 , 0
0.551488 , -0.833749 , 0
0.568676 , -0.82238 , 0
0.585623 , -0.810661 , 0
0.602321 , -0.798599 , 0
0.618763 , -0.786198 , 0
0.634944 , -0.773463 , 0
0.650856 , -0.760402 , 0
0.666492 , -0.747019 , 0
0.681848 , -0.73332 , 0
0.696915 , -0.719312 , 0
0.711688 , -0.705 , 0
0.726161 , -0.690391 , 0
0.740329 , -0.675491 , 0
0.754184 , -0.660307 , 0
0.767723 , -0.644846 , 0
0.78094 , -0.629113 , 0
0.793828 , -0.613117 , 0
0.806384 , -0.596863 , 0
0.818601 , -0.58036 , 0
0.830476 , -0.563613 , 0
0.842004 , -0.54663 , 0
0.853179 , -0.529419 , 0
0.863998 , -0.511987 , 0
0.874457 , -0.494341 , 0
0.884551 , -0.476489 , 0
0.894276 , -0.458439 , 0
0.903629 , -0.440197 , 0
0.912606 , -0.421773 , 0
0.921204 , -0.403173 , 0
0.929419 , -0.384406 , 0
0.937249 , -0.365479 , 0
0.94469 , -0.346401 , 0
0.951739 , -0.327179 , 0
0.958395 , -0.307822 , 0
0.964654 , -0.288337 , 0
0.970515 , -0.268734 , 0
0.975975 , -0.249019 , 0
0.981032 , -0.229202 , 0
0.985684 , -0.20929 , 0
0.989931 , -0.189292 , 0
0.99377 , -0.169216 , 0
0.997201 , -0.14907 , 0
1.00022 , -0.128863 , 0
1.00283 , -0.108603 , 0
1.00503 , -0.0882988 , 0
1.00682 , -0.0679583 , 0
1.00819 , -0.0475899 , 0
1.00915 , -0.027202 , 0
1.0097 , -0.00680298 , 0
1.00984 , 0.0135988 , 0
1.00956 , 0.033995 , 0
1.00887 , 0.0543774 , 0
1.00777 , 0.0747376 , 0
1.00626 , 0.0950673 , 0
1.00434 , 0.115358 , 0
1.00201 , 0.135603 , 0
0.999277 , 0.155792 , 0
0.996136 , 0.175917 , 0
0.99259 , 0.195972 , 0
0.988642 , 0.215947 , 0
0.984294 , 0.235834 , 0
0.979546 , 0.255626 , 0
0.974403 , 0.275314 , 0
0.968866 , 0.294892 , 0
0.962937 , 0.31435 , 0
0.95662 , 0.333681 , 0
0.949917 , 0.352878 , 0
0.942831 , 0.371932 , 0
0.935365 , 0.390837 , 0
0.927523 , 0.409584 , 0
0.919308 , 0.428167 , 0
0.910724 , 0.446577 , 0
0.901774 , 0.464809 , 0
0.892462 , 0.482854 , 0
0.882792 , 0.500705 , 0
0.872769 , 0.518356 , 0
0.862396 , 0.535799 , 0
0.851679 , 0.553028 , 0
0.840621 , 0.570036 , 0
0.829227 , 0.586816 , 0
0.817502 , 0.603362 , 0
0.805452 , 0.619667 , 0
0.79308 , 0.635726 , 0
0.780392 , 0.651531 , 0
0.767394 , 0.667077 , 0
0.754091 , 0.682357 , 0
0.740488 , 0.697367 , 0
0.726591 , 0.712099 , 0
0.712405 , 0.726549 , 0
0.697937 , 0.740711 , 0
0.683193 , 0.754579 , 0
0.668178 , 0.768149 , 0
0.652898 , 0.781414 , 0
0.637361 , 0.794371 , 0
0.621571 , 0.807013 , 0
0.605536 , 0.819337 , 0
0.589262 , 0.831338 , 0
0.572756 , 0.843011 , 0
0.556024 , 0.854351 , 0
0.539073 , 0.865355 , 0
0.52191 , 0.876019 , 0
0.504542 , 0.886338 , 0
0.486975 , 0.896308 , 0
0.469217 , 0.905927 , 0
0.451275 , 0.91519 , 0
0.433156 , 0.924094 , 0
0.414867 , 0.932636 , 0
0.396415 , 0.940812 , 0
0.377809 , 0.94862 , 0
0.359054 , 0.956057 , 0
0.340159 , 0.96312 , 0
0.321132 , 0.969807 , 0
0.301979 , 0.976116 , 0
0.282708 , 0.982043 , 0
0.263327 , 0.987588 , 0
0.243843 , 0.992747 , 0
0.224264 , 0.99752 , 0
0.204598 , 1.0019 , 0
0.184852 , 1.0059 , 0
0.165035 , 1.0095 , 0
0.145153 , 1.01272 , 0
0.125215 , 1.01553 , 0
0.105229 , 1.01796 , 0
0.0852012 , 1.01999 , 0
0.0651408 , 1.02162 , 0
0.0450551 , 1.02286 , 0
0.0249521 , 1.0237 , 0
0.00483933 , 1.02415 , 0
-0.0152753 , 1.0242 , 0
-0.035384 , 1.02386 , 0
-0.055479 , 1.02311 , 0
-0.0755526 , 1.02198 , 0
-0.0955971 , 1.02045 , 0
-0.115605 , 1.01853 , 0
-0.135568 , 1.01621 , 0
-0.155479 , 1.0135 , 0
-0.17533 , 1.01041 , 0
-0.195113 , 1.00692 , 0
-0.214822 , 1.00305 , 0
-0.234448 , 0.998789 , 0
-0.253984 , 0.994147 , 0
-0.273422 , 0.989124 , 0
-0.292756 , 0.983721 , 0
-0.311977 , 0.97794 , 0
-0.331079 , 0.971785 , 0
-0.350054 , 0.965258 , 0
-0.368895 , 0.958362 , 0
-0.387595 , 0.951098 , 0
-0.406146 , 0.943471 , 0
-0.424543 , 0.935483 , 0
-0.442777 , 0.927138 , 0
-0.460842 , 0.918439 , 0
-0.478731 , 0.909389 , 0
-0.496437 , 0.899992 , 0
-0.513955 , 0.890252 , 0
-0.531276 , 0.880173 , 0
-0.548395 , 0.869759 , 0
-0.565305 , 0.859013 , 0
-0.582 , 0.84794 , 0
-0.598474 , 0.836545 , 0
-0.61472 , 0.824832 , 0
-0.630732 , 0.812805 , 0
-0.646505 , 0.80047 , 0
-0.662033 , 0.787831 , 0
-0.677309 , 0.774892 , 0
-0.692328 , 0.76166 , 0
-0.707085 , 0.748139 , 0
-0.721573 , 0.734334 , 0
-0.735789 , 0.720251 , 0
-0.749725 , 0.705896 , 0
-0.763378 , 0.691273 , 0
-0.776742 , 0.676389 , 0
-0.789812 , 0.661248 , 0
-0.802584 , 0.645858 , 0
-0.815052 , 0.630224 , 0
-0.827213 , 0.614351 , 0
-0.839061 , 0.598247 , 0
-0.850592 , 0.581917 , 0
-0.861802 , 0.565367 , 0
-0.872688 , 0.548604 , 0
-0.883244 , 0.531634 , 0
-0.893467 , 0.514464 , 0
-0.903354 , 0.4971 , 0
-0.912901 , 0.479549 , 0
-0.922104 , 0.461817 , 0
-0.930959 , 0.443911 , 0
-0.939465 , 0.425839 , 0
-0.947617 , 0.407606 , 0
-0.955413 , 0.38922 , 0
-0.96285 , 0.370688 , 0
-0.969926 , 0.352016 , 0
-0.976637 , 0.333212 , 0
-0.982981 , 0.314283 , 0
-0.988956 , 0.295237 , 0
-0.994561 , 0.276079 , 0
-0.999792 , 0.256818 , 0
-1.00465 , 0.23746 , 0
-1.00913 , 0.218014 , 0
-1.01323 , 0.198486 , 0
-1.01695 , 0.178883 , 0
-1.02029 , 0.159214 , 0
-1.02325 , 0.139485 , 0
-1.02583 , 0.119703 , 0
-1.02802 , 0.0998773 , 0
-1.02983 , 0.0800138 , 0
-1.03125 , 0.0601204 , 0
-1.03229 , 0.0402045 , 0
-1.03294 , 0.0202735 , 0
-1.0332 , 0.000335047 , 0
-1.03308 , -0.0196036 , 0
-1.03258 , -0.0395349 , 0
-1.03168 , -0.0594514 , 0
-1.0304 , -0.0793458 , 0
-1.02874 , -0.0992105 , 0
-1.0267 , -0.119038 , 0
-1.02427 , -0.138821 , 0
-1.02146 , -0.158553 , 0
-1.01826 , -0.178225 , 0
-1.01469 , -0.197831 , 0
-1.01074 , -0.217363 , 0
-1.00641 , -0.236815 , 0
-1.00171 , -0.256177 , 0
-0.996636 , -0.275445 , 0
-0.99119 , -0.29461 , 0
-0.985374 , -0.313665 , 0
-0.979191 , -0.332603 , 0
-0.972644 , -0.351418 , 0
-0.965735 , -0.370101 , 0
-0.958466 , -0.388647 , 0
-0.950841 , -0.407049 , 0
-0.942862 , -0.425299 , 0
-0.934532 , -0.44339 , 0
-0.925855 , -0.461317 , 0
-0.916833 , -0.479072 , 0
-0.90747 , -0.496649 , 0
-0.89777 , -0.514041 , 0
-0.887736 , -0.531243 , 0
-0.877372 , -0.548246 , 0
-0.866682 , -0.565046 , 0
-0.85567 , -0.581636 , 0
-0.844339 , -0.59801 , 0
-0.832696 , -0.614162 , 0
-0.820742 , -0.630085 , 0
-0.808484 , -0.645774 , 0
-0.795926 , -0.661224 , 0
-0.783071 , -0.676428 , 0
-0.769926 , -0.69138 , 0
-0.756495 , -0.706076 , 0
-0.742784 , -0.72051 , 0
-0.728796 , -0.734676 , 0
-0.714537 , -0.748569 , 0
-0.700014 , -0.762184 , 0
-0.68523 , -0.775517 , 0
-0.670192 , -0.788561 , 0
-0.654905 , -0.801313 , 0
-0.639376 , -0.813767 , 0
-0.623608 , -0.825919 , 0
-0.607609 , -0.837764 , 0
-0.591385 , -0.849299 , 0
-0.574941 , -0.860518 , 0
-0.558284 , -0.871418 , 0
-0.541419 , -0.881994 , 0
-0.524354 , -0.892243 , 0
-0.507094 , -0.90216 , 0
-0.489645 , -0.911743 , 0
-0.472015 , -0.920987 , 0
-0.454209 , -0.929889 , 0
-0.436235 , -0.938446 , 0
-0.418099 , -0.946655 , 0
-0.399808 , -0.954512 , 0
-0.381368 , -0.962015 , 0
-0.362787 , -0.969161 , 0
-0.344071 , -0.975946 , 0
-0.325227 , -0.982369 , 0
-0.306263 , -0.988428 , 0
-0.287184 , -0.994119 , 0
-0.267999 , -0.999441 , 0
-0.248715 , -1.00439 , 0
-0.229338 , -1.00897 , 0
-0.209876 , -1.01317 , 0
-0.190335 , -1.017 , 0
-0.170725 , -1.02045 , 0
-0.15105 , -1.02352 , 0
-0.13132 , -1.02621 , 0
-0.111541 , -1.02851 , 0
-0.0917198 , -1.03044 , 0
-0.071865 , -1.03198 , 0
-0.0519835 , -1.03314 , 0
-0.0320826 , -1.03391 , 0
-0.0121698 , -1.0343 , 0
0.0077475 , -1.03431 , 0
0.0276619 , -1.03393 , 0
0.0475661 , -1.03316 , 0
0.0674525 , -1.03201 , 0
0.0873139 , -1.03048 , 0
0.107143 , -1.02856 , 0
0.126932 , -1.02626 , 0
0.146673 , -1.02358 , 0
0.16636 , -1.02052 , 0
0.185985 , -1.01708 , 0
0.205541 , -1.01325 , 0
0.22502 , -1.00905 , 0
0.244416 , -1.00448 , 0
0.26372 , -0.999527 , 0
0.282926 , -0.994204 , 0
0.302026 , -0.98851 , 0
0.321014 , -0.982447 , 0
0.339882 , -0.976018 , 0
0.358623 , -0.969224 , 0
0.37723 , -0.962069 , 0
0.395696 , -0.954554 , 0
0.414015 , -0.946683 , 0
0.432179 , -0.938459 , 0
0.450181 , -0.929883 , 0
0.468015 , -0.92096 , 0
0.485675 , -0.911693 , 0
0.503152 , -0.902085 , 0
0.520442 , -0.89214 , 0
0.537536 , -0.881861 , 0
0.55443 , -0.871251 , 0
0.571116 , -0.860316 , 0
0.587588 , -0.849058 , 0
0.60384 , -0.837483 , 0
0.619866 , -0.825594 , 0
0.63566 , -0.813395 , 0
0.651215 , -0.800891 , 0
0.666526 , -0.788087 , 0
0.681587 , -0.774988 , 0
0.696392 , -0.761597 , 0
0.710936 , -0.747921 , 0
0.725213 , -0.733964 , 0
0.739217 , -0.719731 , 0
0.752944 , -0.705228 , 0
0.766388 , -0.69046 , 0
0.779544 , -0.675432 , 0
0.792406 , -0.66015 , 0
0.804971 , -0.64462 , 0
0.817232 , -0.628847 , 0
0.829186 , -0.612838 , 0
0.840827 , -0.596597 , 0
0.852152 , -0.580132 , 0
0.863155 , -0.563448 , 0
0.873833 , -0.546552 , 0
0.884182 , -0.52945 , 0
0.894196 , -0.512147 , 0
0.903873 , -0.494652 , 0
0.913209 , -0.476969 , 0
0.9222 , -0.459107 , 0
0.930842 , -0.441071 , 0
0.939133 , -0.422868 , 0
0.947068 , -0.404505 , 0
0.954644 , -0.385989 , 0
0.96186 , -0.367327 , 0
0.968711 , -0.348526 , 0
0.975195 , -0.329593 , 0
0.981309 , -0.310535 , 0
0.987051 , -0.291359 , 0
0.992419 , -0.272072 , 0
0.99741 , -0.252683 , 0
1.00202 , -0.233197 , 0
1.00625 , -0.213623 , 0
1.0101 , -0.193967 , 0
1.01357 , -0.174238 , 0
1.01665 , -0.154443 , 0
1.01934 , -0.134589 , 0
1.02164 , -0.114683 , 0
1.02356 , -0.0947339 , 0
1.02508 , -0.0747486 , 0
1.02622 , -0.0547348 , 0
1.02696 , -0.0347001 , 0
1.02731 , -0.0146522 , 0
1.02727 , 0.00540129 , 0
1.02684 , 0.0254527 , 0
1.02601 , 0.0454945 , 0
1.02479 , 0.0655188 , 0
1.02318 , 0.085518 , 0
1.02118 , 0.105485 , 0
1.01878 , 0.125411 , 0
1.016 , 0.145289 , 0
1.01282 , 0.165111 , 0
1.00926 , 0.18487 , 0
1.00531 , 0.204558 , 0
1.00097 , 0.224167 , 0
0.996251 , 0.243691 , 0
0.991147 , 0.26312 , 0
0.985662 , 0.282449 , 0
0.979797 , 0.301668 , 0
0.973554 , 0.320772 , 0
0.966937 , 0.339751 , 0
0.959946 , 0.3586 , 0
0.952586 , 0.377311 , 0
0.944857 , 0.395876 , 0
0.936764 , 0.414288 , 0
0.928308 , 0.432539 , 0
0.919494 , 0.450624 , 0
0.910324 , 0.468534 , 0
0.900801 , 0.486263 , 0
0.89093 , 0.503803 , 0
0.880713 , 0.521148 , 0
0.870154 , 0.538291 , 0
0.859258 , 0.555226 , 0
0.848028 , 0.571944 , 0
0.836469 , 0.58844 , 0
0.824584 , 0.604708 , 0
0.812379 , 0.62074 , 0
0.799857 , 0.636531 , 0
0.787024 , 0.652073 , 0
0.773884 , 0.667362 , 0
0.760442 , 0.68239 , 0
0.746704 , 0.697152 , 0
0.732674 , 0.711642 , 0
0.718357 , 0.725853 , 0
0.70376 , 0.739781 , 0
0.688887 , 0.753419 , 0
0.673745 , 0.766763 , 0
0.658339 , 0.779806 , 0
0.642674 , 0.792543 , 0
0.626758 , 0.804969 , 0
0.610595 , 0.81708 , 0
0.594193 , 0.828869 , 0
0.577557 , 0.840333 , 0
0.560694 , 0.851466 , 0
0.54361 , 0.862264 , 0
0.526312 , 0.872722 , 0
0.508807 , 0.882836 , 0
0.491101 , 0.892602 , 0
0.473201 , 0.902016 , 0
0.455114 , 0.911074 , 0
0.436848 , 0.919771 , 0
0.418408 , 0.928105 , 0
0.399803 , 0.936071 , 0
0.38104 , 0.943667 , 0
0.362125 , 0.950889 , 0
0.343067 , 0.957733 , 0
0.323873 , 0.964198 , 0
0.304551 , 0.970279 , 0
0.285107 , 0.975975 , 0
0.26555 , 0.981283 , 0
0.245887 , 0.9862 , 0
0.226126 , 0.990724 , 0
0.206275 , 0.994854 , 0
0.186342 , 0.998586 , 0
0.166334 , 1.00192 , 0
0.14626 , 1.00485 , 0
0.126127 , 1.00739 , 0
0.105944 , 1.00951 , 0
0.0857189 , 1.01124 , 0
0.0654591 , 1.01256 , 0
0.0451731 , 1.01347 , 0
0.024869 , 1.01398 , 0
0.00455484 , 1.01408 , 0
-0.0157611 , 1.01377 , 0
-0.0360707 , 1.01306 , 0
-0.0563658 , 1.01193 , 0
-0.0766382 , 1.0104 , 0
-0.0968798 , 1.00847 , 0
-0.117082 , 1.00612 , 0
-0.137237 , 1.00337 , 0
-0.157337 , 1.00021 , 0
-0.177373 , 0.996654 , 0
-0.197338 , 0.99269 , 0
-0.217222 , 0.988324 , 0
-0.237018 , 0.983558 , 0
-0.256719 , 0.978393 , 0
-0.276315 , 0.972831 , 0
-0.295799 , 0.966873 , 0
-0.315162 , 0.960523 , 0
-0.334398 , 0.953782 , 0
-0.353497 , 0.946653 , 0
-0.372452 , 0.939138 , 0
-0.391256 , 0.931239 , 0
-0.409899 , 0.922961 , 0
-0.428376 , 0.914306 , 0
-0.446677 , 0.905278 , 0
-0.464795 , 0.895879 , 0
-0.482724 , 0.886113 , 0
-0.500454 , 0.875984 , 0
-0.517979 , 0.865496 , 0
-0.535292 , 0.854653 , 0
-0.552385 , 0.843459 , 0
-0.569251 , 0.831918 , 0
-0.585883 , 0.820035 , 0
-0.602273 , 0.807814 , 0
-0.618415 , 0.795261 , 0
-0.634303 , 0.78238 , 0
-0.649928 , 0.769175 , 0
-0.665285 , 0.755653 , 0
-0.680368 , 0.741819 , 0
-0.695168 , 0.727678 , 0
-0.709681 , 0.713236 , 0
-0.7239 , 0.698498 , 0
-0.737819 , 0.68347 , 0
-0.751431 , 0.668159 , 0
-0.764732 , 0.65257 , 0
-0.777714 , 0.63671 , 0
-0.790373 , 0.620585 , 0
-0.802703 , 0.604202 , 0
-0.814698 , 0.587567 , 0
-0.826353 , 0.570687 , 0
-0.837664 , 0.553568 , 0
-0.848625 , 0.536219 , 0
-0.859231 , 0.518645 , 0
-0.869477 , 0.500854 , 0
-0.879359 , 0.482854 , 0
-0.888873 , 0.464651 , 0
-0.898014 , 0.446253 , 0
-0.906777 , 0.427668 , 0
-0.91516 , 0.408903 , 0
-0.923158 , 0.389966 , 0
-0.930768 , 0.370865 , 0
-0.937985 , 0.351608 , 0
-0.944807 , 0.332203 , 0
-0.95123 , 0.312657 , 0
-0.957252 , 0.29298 , 0
-0.962869 , 0.273178 , 0
-0.968079 , 0.253262 , 0
-0.97288 , 0.233237 , 0
-0.977268 , 0.213115 , 0
-0.981241 , 0.192901 , 0
-0.984799 , 0.172606 , 0
-0.987938 , 0.152238 , 0
-0.990657 , 0.131805 , 0
-0.992955 , 0.111315 , 0
-0.99483 , 0.0907789 , 0
-0.996281 , 0.0702036 , 0
-0.997307 , 0.0495984 , 0
-0.997907 , 0.028972 , 0
-0.998081 , 0.00833328 , 0
-0.997829 , -0.012309 , 0
-0.99715 , -0.0329461 , 0
-0.996043 , -0.053569 , 0
-0.99451 , -0.074169 , 0
-0.99255 , -0.0947372 , 0
-0.990164 , -0.115265 , 0
-0.987353 , -0.135743 , 0
-0.984117 , -0.156162 , 0
-0.980457 , -0.176515 , 0
-0.976376 , -0.196791 , 0
-0.971873 , -0.216983 , 0
-0.966951 , -0.237081 , 0
-0.961612 , -0.257076 , 0
-0.955857 , -0.276961 , 0
-0.949689 , -0.296725 , 0
-0.94311 , -0.316362 , 0
-0.936122 , -0.335861 , 0
-0.928728 , -0.355215 , 0
-0.920932 , -0.374414 , 0
-0.912735 , -0.393451 , 0
-0.904142 , -0.412317 , 0
-0.895155 , -0.431004 , 0
-0.885779 , -0.449503 , 0
-0.876017 , -0.467806 , 0
-0.865873 , -0.485905 , 0
-0.855352 , -0.503792 , 0
-0.844456 , -0.521459 , 0
-0.833192 , -0.538899 , 0
-0.821563 , -0.556102 , 0
-0.809575 , -0.573062 , 0
-0.797232 , -0.589771 , 0
-0.784539 , -0.606222 , 0
-0.771502 , -0.622406 , 0
-0.758126 , -0.638317 , 0
-0.744417 , -0.653948 , 0
-0.730381 , -0.669291 , 0
-0.716023 , -0.684339 , 0
-0.70135 , -0.699086 , 0
-0.686367 , -0.713524 , 0
-0.671082 , -0.727648 , 0
-0.6555 , -0.741451 , 0
-0.639628 , -0.754925 , 0
-0.623474 , -0.768066 , 0
-0.607044 , -0.780867 , 0
-0.590344 , -0.793322 , 0
-0.573383 , -0.805425 , 0
-0.556168 , -0.817171 , 0
-0.538706 , -0.828554 , 0
-0.521004 , -0.839569 , 0
-0.503071 , -0.850211 , 0
-0.484913 , -0.860474 , 0
-0.46654 , -0.870354 , 0
-0.447959 , -0.879846 , 0
-0.429178 , -0.888946 , 0
-0.410206 , -0.897649 , 0
-0.39105 , -0.905951 , 0
-0.371719 , -0.913847 , 0
-0.352222 , -0.921335 , 0
-0.332568 , -0.928411 , 0
-0.312764 , -0.93507 , 0
-0.29282 , -0.941311 , 0
-0.272745 , -0.947128 , 0
-0.252547 , -0.952521 , 0
-0.232236 , -0.957485 , 0
-0.211821 , -0.962019 , 0
-0.19131 , -0.96612 , 0
-0.170713 , -0.969786 , 0
-0.150039 , -0.973015 , 0
-0.129297 , -0.975805 , 0
-0.108497 , -0.978154 , 0
-0.0876476 , -0.980062 , 0
-0.0667589 , -0.981527 , 0
-0.04584 , -0.982548 , 0
-0.0249003 , -0.983124 , 0
-0.00394942 , -0.983254 , 0
0.0170033 , -0.982939 , 0
0.0379483 , -0.982179 , 0
0.0588761 , -0.980972 , 0
0.0797771 , -0.97932 , 0
0.100642 , -0.977223 , 0
0.121461 , -0.974681 , 0
0.142225 , -0.971696 , 0
0.162924 , -0.968268 , 0
0.183548 , -0.964398 , 0
0.204089 , -0.960089 , 0
0.224537 , -0.955342 , 0
0.244882 , -0.950159 , 0
0.265116 , -0.944541 , 0
0.285228 , -0.938492 , 0
0.30521 , -0.932013 , 0
0.325052 , -0.925107 , 0
0.344745 , -0.917777 , 0
0.364279 , -0.910027 , 0
0.383647 , -0.901859 , 0
0.402839 , -0.893277 , 0
0.421846 , -0.884285 , 0
0.440658 , -0.874886 , 0
0.459268 , -0.865085 , 0
0.477667 , -0.854886 , 0
0.495846 , -0.844293 , 0
0.513796 , -0.833312 , 0
0.53151 , -0.821946 , 0
0.548978 , -0.810201 , 0
0.566193 , -0.798081 , 0
0.583146 , -0.785594 , 0
0.59983 , -0.772743 , 0
0.616236 , -0.759535 , 0
0.632358 , -0.745975 , 0
0.648186 , -0.73207 , 0
0.663714 , -0.717826 , 0
0.678935 , -0.703249 , 0
0.693841 , -0.688346 , 0
0.708424 , -0.673124 , 0
0.722679 , -0.657589 , 0
0.736599 , -0.641748 , 0
0.750175 , -0.62561 , 0
0.763403 , -0.60918 , 0
0.776276 , -0.592467 , 0
0.788787 , -0.575478 , 0
0.800931 , -0.558221 , 0
0.812702 , -0.540704 , 0
0.824093 , -0.522935 , 0
0.8351 , -0.504921 , 0
0.845718 , -0.486672 , 0
0.85594 , -0.468196 , 0
0.865762 , -0.449501 , 0
0.87518 , -0.430596 , 0
0.884188 , -0.41149 , 0
0.892783 , -0.39219 , 0
0.90096 , -0.372708 , 0
0.908714 , -0.35305 , 0
0.916043 , -0.333228 , 0
0.922942 , -0.313249 , 0
0.929408 , -0.293123 , 0
0.935438 , -0.272859 , 0
0.941029 , -0.252468 , 0
0.946178 , -0.231957 , 0
0.950882 , -0.211338 , 0
0.95514 , -0.19062 , 0
0.958947 , -0.169812 , 0
0.962304 , -0.148923 , 0
0.965208 , -0.127965 , 0
0.967657 , -0.106947 , 0
0.96965 , -0.0858778 , 0
0.971186 , -0.0647685 , 0
0.972264 , -0.0436286 , 0
0.972884 , -0.0224681 , 0
0.973044 , -0.00129702 , 0
0.972745 , 0.0198747 , 0
0.971987 , 0.041037 , 0
0.970769 , 0.0621799 , 0
0.969093 , 0.0832934 , 0
0.966958 , 0.104368 , 0
0.964366 , 0.125392 , 0
0.961318 , 0.146358 , 0
0.957814 , 0.167254 , 0
0.953857 , 0.188071 , 0
0.949449 , 0.208799 , 0
0.94459 , 0.229428 , 0
0.939284 , 0.249948 , 0
0.933532 , 0.27035 , 0
0.927337 , 0.290623 , 0
0.920703 , 0.310759 , 0
0.913632 , 0.330747 , 0
0.906126 , 0.350578 , 0
0.898191 , 0.370243 , 0
0.889829 , 0.389731 , 0
0.881044 , 0.409035 , 0
0.87184 , 0.428144 , 0
0.862222 , 0.447049 , 0
0.852194 , 0.465742 , 0
0.84176 , 0.484214 , 0
0.830926 , 0.502455 , 0
0.819696 , 0.520457 , 0
0.808076 , 0.538211 , 0
0.796072 , 0.555709 , 0
0.783688 , 0.572942 , 0
0.770931 , 0.589902 , 0
0.757806 , 0.606581 , 0
0.74432 , 0.622971 , 0
0.73048 , 0.639064 , 0
0.716291 , 0.654852 , 0
0.70176 , 0.670328 , 0
0.686895 , 0.685484 , 0
0.671702 , 0.700314 , 0
0.656189 , 0.714809 , 0
0.640362 , 0.728962 , 0
0.62423 , 0.742768 , 0
0.607799 , 0.756219 , 0
0.591079 , 0.769309 , 0
0.574076 , 0.782032 , 0
0.556798 , 0.794381 , 0
0.539255 , 0.806351 , 0
0.521454 , 0.817935 , 0
0.503404 , 0.829128 , 0
0.485114 , 0.839925 , 0
0.466591 , 0.850321 , 0
0.447845 , 0.86031 , 0
0.428886 , 0.869888 , 0
0.409721 , 0.87905 , 0
0.39036 , 0.887791 , 0
0.370813 , 0.896108 , 0
0.351088 , 0.903996 , 0
0.331195 , 0.911452 , 0
0.311144 , 0.918472 , 0
0.290944 , 0.925052 , 0
0.270605 , 0.93119 , 0
0.250136 , 0.936883 , 0
0.229548 , 0.942127 , 0
0.20885 , 0.94692 , 0
0.188051 , 0.95126 , 0
0.167163 , 0.955145 , 0
0.146195 , 0.958572 , 0
0.125157 , 0.961541 , 0
0.104059 , 0.96405 , 0
0.0829112 , 0.966098 , 0
0.0617237 , 0.967683 , 0
0.0405066 , 0.968805 , 0
0.0192702 , 0.969463 , 0
-0.00197542 , 0.969657 , 0
-0.0232201 , 0.969387 , 0
-0.0444537 , 0.968654 , 0
-0.065666 , 0.967457 , 0
-0.0868469 , 0.965796 , 0
-0.107986 , 0.963674 , 0
-0.129074 , 0.961091 , 0
-0.1501 , 0.958048 , 0
-0.171054 , 0.954546 , 0
-0.191926 , 0.950588 , 0
-0.212707 , 0.946175 , 0
-0.233385 , 0.941309 , 0
-0.253952 , 0.935994 , 0
-0.274398 , 0.93023 , 0
-0.294713 , 0.924022 , 0
-0.314886 , 0.917372 , 0
-0.334909 , 0.910284 , 0
-0.354772 , 0.90276 , 0
-0.374465 , 0.894805 , 0
-0.39398 , 0.886422 , 0
-0.413306 , 0.877615 , 0
-0.432434 , 0.86839 , 0
-0.451356 , 0.858749 , 0
-0.470063 , 0.848698 , 0
-0.488545 , 0.838242 , 0
-0.506793 , 0.827386 , 0
-0.5248 , 0.816135 , 0
-0.542556 , 0.804494 , 0
-0.560054 , 0.792469 , 0
-0.577284 , 0.780066 , 0
-0.594238 , 0.767291 , 0
-0.610909 , 0.75415 , 0
-0.627289 , 0.740649 , 0
-0.64337 , 0.726795 , 0
-0.659144 , 0.712595 , 0
-0.674604 , 0.698055 , 0
-0.689743 , 0.683182 , 0
-0.704553 , 0.667984 , 0
-0.719027 , 0.652468 , 0
-0.73316 , 0.636642 , 0
-0.746943 , 0.620512 , 0
-0.76037 , 0.604087 , 0
-0.773436 , 0.587374 , 0
-0.786134 , 0.570383 , 0
-0.798459 , 0.55312 , 0
-0.810403 , 0.535594 , 0
-0.821963 , 0.517813 , 0
-0.833132 , 0.499787 , 0
-0.843905 , 0.481523 , 0
-0.854278 , 0.46303 , 0
-0.864245 , 0.444318 , 0
-0.873802 , 0.425395 , 0
-0.882945 , 0.40627 , 0
-0.891669 , 0.386952 , 0
-0.89997 , 0.367451 , 0
-0.907844 , 0.347776 , 0
-0.915289 , 0.327936 , 0
-0.9223 , 0.307941 , 0
-0.928874 , 0.2878 , 0
-0.935009 , 0.267523 , 0
-0.940701 , 0.247119 , 0
-0.945949 , 0.226598 , 0
-0.950749 , 0.20597 , 0
-0.9551 , 0.185245 , 0
-0.959 , 0.164432 , 0
-0.962447 , 0.143542 , 0
-0.96544 , 0.122584 , 0
-0.967977 , 0.101568 , 0
-0.970058 , 0.0805044 , 0
-0.971682 , 0.0594027 , 0
-0.972847 , 0.0382729 , 0
-0.973554 , 0.0171252 , 0
-0.973803 , -0.00403066 , 0
-0.973594 , -0.0251846 , 0
-0.972926 , -0.0463267 , 0
-0.971801 , -0.067447 , 0
-0.970219 , -0.0885356 , 0
-0.968181 , -0.109583 , 0
-0.965689 , -0.130578 , 0
-0.962743 , -0.151512 , 0
-0.959346 , -0.172375 , 0
-0.955498 , -0.193158 , 0
-0.951203 , -0.21385 , 0
-0.946462 , -0.234441 , 0
-0.941278 , -0.254923 , 0
-0.935653 , -0.275285 , 0
-0.929591 , -0.295519 , 0
-0.923094 , -0.315615 , 0
-0.916165 , -0.335563 , 0
-0.908809 , -0.355354 , 0
-0.901028 , -0.374979 , 0
-0.892826 , -0.394429 , 0
-0.884209 , -0.413696 , 0
-0.875179 , -0.432769 , 0
-0.865741 , -0.451641 , 0
-0.8559 , -0.470302 , 0
-0.845661 , -0.488745 , 0
-0.835028 , -0.50696 , 0
-0.824007 , -0.52494 , 0
-0.812603 , -0.542675 , 0
-0.800822 , -0.560159 , 0
-0.788669 , -0.577383 , 0
-0.77615 , -0.594338 , 0
-0.763271 , -0.611019 , 0
-0.750039 , -0.627416 , 0
-0.736459 , -0.643522 , 0
-0.722539 , -0.659331 , 0
-0.708284 , -0.674834 , 0
-0.693702 , -0.690026 , 0
-0.678799 , -0.704899 , 0
-0.663583 , -0.719446 , 0
-0.64806 , -0.733662 , 0
-0.632239 , -0.747539 , 0
-0.616127 , -0.761071 , 0
-0.59973 , -0.774253 , 0
-0.583057 , -0.787079 , 0
-0.566117 , -0.799542 , 0
-0.548916 , -0.811638 , 0
-0.531462 , -0.82336 , 0
-0.513765 , -0.834705 , 0
-0.495832 , -0.845667 , 0
-0.477671 , -0.856241 , 0
-0.459292 , -0.866422 , 0
-0.440702 , -0.876207 , 0
-0.42191 , -0.88559 , 0
-0.402926 , -0.894569 , 0
-0.383757 , -0.903138 , 0
-0.364413 , -0.911295 , 0
-0.344903 , -0.919036 , 0
-0.325235 , -0.926357 , 0
-0.305419 , -0.933257 , 0
-0.285464 , -0.939731 , 0
-0.265378 , -0.945777 , 0
-0.245173 , -0.951393 , 0
-0.224855 , -0.956576 , 0
-0.204436 , -0.961325 , 0
-0.183923 , -0.965637 , 0
-0.163327 , -0.969511 , 0
-0.142657 , -0.972945 , 0
-0.121923 , -0.975939 , 0
-0.101133 , -0.97849 , 0
-0.0802977 , -0.980599 , 0
-0.0594259 , -0.982265 , 0
-0.0385273 , -0.983486 , 0
-0.0176112 , -0.984264 , 0
0.00331275 , -0.984598 , 0
0.0242352 , -0.984487 , 0
0.0451468 , -0.983934 , 0
0.0660381 , -0.982937 , 0
0.0868996 , -0.981498 , 0
0.107722 , -0.979617 , 0
0.128496 , -0.977297 , 0
0.149213 , -0.974538 , 0
0.169862 , -0.971342 , 0
0.190435 , -0.96771 , 0
0.210923 , -0.963645 , 0
0.231317 , -0.959149 , 0
0.251607 , -0.954224 , 0
0.271785 , -0.948872 , 0
0.291841 , -0.943097 , 0
0.311768 , -0.9369 , 0
0.331555 , -0.930286 , 0
0.351194 , -0.923258 , 0
0.370677 , -0.915818 , 0
0.389995 , -0.907971 , 0
0.40914 , -0.899721 , 0
0.428103 , -0.891071 , 0
0.446876 , -0.882025 , 0
0.465451 , -0.872588 , 0
0.48382 , -0.862765 , 0
0.501974 , -0.852559 , 0
0.519907 , -0.841976 , 0
0.537609 , -0.831021 , 0
0.555074 , -0.819699 , 0
0.572294 , -0.808015 , 0
0.589261 , -0.795975 , 0
0.605969 , -0.783584 , 0
0.62241 , -0.770848 , 0
0.638577 , -0.757772 , 0
0.654463 , -0.744363 , 0
0.670062 , -0.730628 , 0
0.685366 , -0.716571 , 0
0.70037 , -0.702201 , 0
0.715067 , -0.687522 , 0
0.729451 , -0.672542 , 0
0.743516 , -0.657269 , 0
0.757255 , -0.641707 , 0
0.770664 , -0.625866 , 0
0.783736 , -0.609751 , 0
0.796467 , -0.59337 , 0
0.80885 , -0.576731 , 0
0.820881 , -0.55984 , 0
0.832555 , -0.542706 , 0
0.843867 , -0.525336 , 0
0.854812 , -0.507738 , 0
0.865386 , -0.489919 , 0
0.875585 , -0.471888 , 0
0.885405 , -0.453652 , 0
0.894841 , -0.43522 , 0
0.90389 , -0.416599 , 0
0.912548 , -0.397799 , 0
0.920812 , -0.378827 , 0
0.928679 , -0.359691 , 0
0.936145 , -0.3404 , 0
0.943208 , -0.320962 , 0
0.949865 , -0.301386 , 0
0.956113 , -0.281681 , 0
0.96195 , -0.261854 , 0
0.967374 , -0.241915 , 0
0.972383 , -0.221873 , 0
0.976975 , -0.201735 , 0
0.981148 , -0.18151 , 0
0.984902 , -0.161208 , 0
0.988234 , -0.140837 , 0
0.991144 , -0.120406 , 0
0.99363 , -0.0999235 , 0
0.995693 , -0.0793982 , 0
0.997332 , -0.0588392 , 0
0.998545 , -0.038255 , 0
0.999334 , -0.0176546 , 0
0.999697 , 0.00295329 , 0
0.999636 , 0.02356 , 0
0.999151 , 0.0441566 , 0
0.998241 , 0.0647345 , 0
0.996909 , 0.085285 , 0
0.995154 , 0.105799 , 0
0.992979 , 0.126269 , 0
0.990383 , 0.146685 , 0
0.987369 , 0.16704 , 0
0.983939 , 0.187323 , 0
0.980093 , 0.207528 , 0
0.975835 , 0.227645 , 0
0.971166 , 0.247667 , 0
0.966088 , 0.267584 , 0
0.960604 , 0.287389 , 0
0.954716 , 0.307073 , 0
0.948428 , 0.326628 , 0
0.941742 , 0.346047 , 0
0.934662 , 0.36532 , 0
0.92719 , 0.38444 , 0
0.919331 , 0.4034 , 0
0.911087 , 0.422191 , 0
0.902463 , 0.440806 , 0
0.893463 , 0.459236 , 0
0.88409 , 0.477476 , 0
0.874348 , 0.495516 , 0
0.864243 , 0.51335 , 0
0.853779 , 0.530971 , 0
0.842959 , 0.548371 , 0
0.83179 , 0.565543 , 0
0.820275 , 0.582481 , 0
0.808421 , 0.599177 , 0
0.796231 , 0.615626 , 0
0.783712 , 0.631819 , 0
0.77087 , 0.647751 , 0
0.757708 , 0.663416 , 0
0.744234 , 0.678806 , 0
0.730453 , 0.693917 , 0
0.71637 , 0.708741 , 0
0.701993 , 0.723274 , 0
0.687327 , 0.737509 , 0
0.672378 , 0.751441 , 0
0.657153 , 0.765064 , 0
0.641658 , 0.778373 , 0
0.6259 , 0.791362 , 0
0.609885 , 0.804028 , 0
0.59362 , 0.816364 , 0
0.577113 , 0.828366 , 0
0.56037 , 0.840029 , 0
0.543398 , 0.851349 , 0
0.526203 , 0.862322 , 0
0.508795 , 0.872942 , 0
0.491178 , 0.883207 , 0
0.473362 , 0.893112 , 0
0.455353 , 0.902654 , 0
0.437159 , 0.911829 , 0
0.418788 , 0.920633 , 0
0.400246 , 0.929063 , 0
0.381542 , 0.937116 , 0
0.362683 , 0.94479 , 0
0.343678 , 0.952081 , 0
0.324533 , 0.958986 , 0
0.305257 , 0.965504 , 0
0.285857 , 0.971631 , 0
0.266343 , 0.977366 , 0
0.24672 , 0.982707 , 0
0.226998 , 0.987651 , 0
0.207185 , 0.992197 , 0
0.187289 , 0.996344 , 0
0.167316 , 1.00009 , 0
0.147277 , 1.00343 , 0
0.127179 , 1.00638 , 0
0.107029 , 1.00891 , 0
0.0868369 , 1.01104 , 0
0.0666096 , 1.01277 , 0
0.0463557 , 1.01409 , 0
0.0260833 , 1.01501 , 0
0.00580041 , 1.01552 , 0
-0.0144848 , 1.01562 , 0
-0.0347642 , 1.01532 , 0
-0.0550298 , 1.01461 , 0
-0.0752734 , 1.0135 , 0
-0.095487 , 1.01199 , 0
-0.115663 , 1.01007 , 0
-0.135792 , 1.00775 , 0
-0.155868 , 1.00503 , 0
-0.175881 , 1.00191 , 0
-0.195825 , 0.998391 , 0
-0.215691 , 0.994477 , 0
-0.235472 , 0.990169 , 0
-0.255159 , 0.985468 , 0
-0.274746 , 0.980377 , 0
-0.294223 , 0.974899 , 0
-0.313584 , 0.969035 , 0
-0.332822 , 0.962788 , 0
-0.351928 , 0.956161 , 0
-0.370895 , 0.949157 , 0
-0.389716 , 0.941778 , 0
-0.408383 , 0.934029 , 0
-0.42689 , 0.925911 , 0
-0.445228 , 0.91743 , 0
-0.463392 , 0.908587 , 0
-0.481373 , 0.899388 , 0
-0.499165 , 0.889835 , 0
-0.516762 , 0.879934 , 0
-0.534156 , 0.869687 , 0
-0.55134 , 0.859099 , 0
-0.568309 , 0.848175 , 0
-0.585055 , 0.836919 , 0
-0.601572 , 0.825335 , 0
-0.617855 , 0.813429 , 0
-0.633895 , 0.801205 , 0
-0.649689 , 0.788669 , 0
-0.665229 , 0.775825 , 0
-0.680509 , 0.762678 , 0
-0.695524 , 0.749234 , 0
-0.710269 , 0.735498 , 0
-0.724737 , 0.721476 , 0
-0.738923 , 0.707174 , 0
-0.752822 , 0.692596 , 0
-0.766429 , 0.67775 , 0
-0.779738 , 0.66264 , 0
-0.792745 , 0.647274 , 0
-0.805444 , 0.631656 , 0
-0.817831 , 0.615794 , 0
-0.829901 , 0.599693 , 0
-0.84165 , 0.58336 , 0
-0.853074 , 0.566802 , 0
-0.864168 , 0.550024 , 0
-0.874928 , 0.533034 , 0
-0.88535 , 0.515838 , 0
-0.89543 , 0.498443 , 0
-0.905165 , 0.480855 , 0
-0.914551 , 0.463082 , 0
-0.923585 , 0.445131 , 0
-0.932263 , 0.427009 , 0
-0.940583 , 0.408722 , 0
-0.94854 , 0.390278 , 0
-0.956133 , 0.371684 , 0
-0.963359 , 0.352947 , 0
-0.970215 , 0.334075 , 0
-0.976698 , 0.315074 , 0
-0.982807 , 0.295953 , 0
-0.988539 , 0.276718 , 0
-0.993892 , 0.257377 , 0
-0.998865 , 0.237937 , 0
-1.00345 , 0.218406 , 0
-1.00766 , 0.198792 , 0
-1.01148 , 0.179102 , 0
-1.01492 , 0.159344 , 0
-1.01796 , 0.139524 , 0
-1.02062 , 0.119651 , 0
-1.02289 , 0.0997328 , 0
-1.02477 , 0.0797764 , 0
-1.02626 , 0.0597895 , 0
-1.02735 , 0.0397798 , 0
-1.02806 , 0.019755 , 0
-1.02837 , -0.000277362 , 0
-1.02829 , -0.0203096 , 0
-1.02783 , -0.0403341 , 0
-1.02697 , -0.0603433 , 0
-1.02572 , -0.0803295 , 0
-1.02408 , -0.100285 , 0
-1.02205 , -0.120203 , 0
-1.01964 , -0.140075 , 0
-1.01683 , -0.159894 , 0
-1.01364 , -0.179652 , 0
-1.01007 , -0.199342 , 0
-1.00612 , -0.218957 , 0
-1.00178 , -0.238489 , 0
-0.997067 , -0.25793 , 0
-0.991975 , -0.277274 , 0
-0.986508 , -0.296513 , 0
-0.980668 , -0.31564 , 0
-0.974457 , -0.334648 , 0
-0.967879 , -0.353529 , 0
-0.960934 , -0.372277 , 0
-0.953628 , -0.390885 , 0
-0.945961 , -0.409344 , 0
-0.937937 , -0.42765 , 0
-0.92956 , -0.445794 , 0
-0.920833 , -0.46377 , 0
-0.911759 , -0.481572 , 0
-0.902341 , -0.499192 , 0
-0.892584 , -0.516625 , 0
-0.882491 , -0.533862 , 0
-0.872066 , -0.550899 , 0
-0.861313 , -0.567729 , 0
-0.850236 , -0.584346 , 0
-0.83884 , -0.600743 , 0
-0.827128 , -0.616914 , 0
-0.815106 , -0.632854 , 0
-0.802778 , -0.648556 , 0
-0.790149 , -0.664014 , 0
-0.777223 , -0.679224 , 0
-0.764006 , -0.694178 , 0
-0.750503 , -0.708873 , 0
-0.736718 , -0.723301 , 0
-0.722657 , -0.737459 , 0
-0.708325 , -0.751341 , 0
-0.693728 , -0.764941 , 0
-0.678871 , -0.778254 , 0
-0.66376 , -0.791277 , 0
-0.648401 , -0.804003 , 0
-0.632799 , -0.816429 , 0
-0.616961 , -0.828549 , 0
-0.600892 , -0.840359 , 0
-0.584598 , -0.851856 , 0
-0.568086 , -0.863034 , 0
-0.551362 , -0.873889 , 0
-0.534431 , -0.884419 , 0
-0.517301 , -0.894617 , 0
-0.499978 , -0.904482 , 0
-0.482469 , -0.91401 , 0
-0.464779 , -0.923196 , 0
-0.446916 , -0.932038 , 0
-0.428886 , -0.940532 , 0
-0.410697 , -0.948676 , 0
-0.392354 , -0.956465 , 0
-0.373865 , -0.963899 , 0
-0.355236 , -0.970973 , 0
-0.336476 , -0.977685 , 0
-0.317589 , -0.984033 , 0
-0.298585 , -0.990014 , 0
-0.279469 , -0.995627 , 0
-0.26025 , -1.00087 , 0
-0.240933 , -1.00574 , 0
-0.221527 , -1.01023 , 0
-0.202038 , -1.01435 , 0
-0.182474 , -1.01809 , 0
-0.162842 , -1.02146 , 0
-0.14315 , -1.02444 , 0
-0.123404 , -1.02704 , 0
-0.103613 , -1.02926 , 0
-0.083783 , -1.0311 , 0
-0.0639218 , -1.03255 , 0
-0.0440369 , -1.03362 , 0
-0.0241356 , -1.03431 , 0
-0.00422527 , -1.03461 , 0
0.0156866 , -1.03452 , 0
0.0355926 , -1.03406 , 0
0.0554854 , -1.0332 , 0
0.0753576 , -1.03197 , 0
0.0952018 , -1.03035 , 0
0.115011 , -1.02835 , 0
0.134777 , -1.02596 , 0
0.154493 , -1.0232 , 0
0.174151 , -1.02005 , 0
0.193745 , -1.01653 , 0
0.213267 , -1.01263 , 0
0.23271 , -1.00835 , 0
0.252067 , -1.0037 , 0
0.27133 , -0.998676 , 0
0.290492 , -0.993281 , 0
0.309546 , -0.987517 , 0
0.328485 , -0.981386 , 0
0.347303 , -0.974891 , 0
0.365991 , -0.968035 , 0
0.384544 , -0.960818 , 0
0.402954 , -0.953246 , 0
0.421214 , -0.945319 , 0
0.439318 , -0.937041 , 0
0.457259 , -0.928416 , 0
0.47503 , -0.919446 , 0
0.492625 , -0.910135 , 0
0.510036 , -0.900485 , 0
0.527259 , -0.890502 , 0
0.544286 , -0.880188 , 0
0.56111 , -0.869547 , 0
0.577727 , -0.858583 , 0
0.594129 , -0.8473 , 0
0.61031 , -0.835703 , 0
0.626265 , -0.823795 , 0
0.641987 , -0.811582 , 0
0.65747 , -0.799067 , 0
0.67271 , -0.786255 , 0
0.687699 , -0.773152 , 0
0.702433 , -0.759761 , 0
0.716906 , -0.746088 , 0
0.731113 , -0.732137 , 0
0.745048 , -0.717915 , 0
0.758707 , -0.703426 , 0
0.772083 , -0.688675 , 0
0.785173 , -0.673669 , 0
0.79797 , -0.658412 , 0
0.810471 , -0.64291 , 0
0.82267 , -0.62717 , 0
0.834564 , -0.611196 , 0
0.846147 , -0.594994 , 0
0.857416 , -0.578572 , 0
0.868366 , -0.561934 , 0
0.878992 , -0.545087 , 0
0.889292 , -0.528038 , 0
0.89926 , -0.510792 , 0
0.908894 , -0.493355 , 0
0.918189 , -0.475735 , 0
0.927143 , -0.457938 , 0
0.935751 , -0.439971 , 0
0.944011 , -0.421839 , 0
0.951919 , -0.403551 , 0
0.959472 , -0.385112 , 0
0.966668 , -0.366529 , 0
0.973504 , -0.34781 , 0
0.979976 , -0.328961 , 0
0.986083 , -0.30999 , 0
0.991823 , -0.290902 , 0
0.997192 , -0.271707 , 0
1.00219 , -0.25241 , 0
1.00681 , -0.233019 , 0
1.01106 , -0.21354 , 0
1.01493 , -0.193982 , 0
