x , y , z
1 , 0 , 0
0.999576 , 0.0206006 , 0
0.998727 , 0.0411925 , 0
0.997453 , 0.0617668 , 0
0.995756 , 0.0823149 , 0
0.993634 , 0.102828 , 0
0.991089 , 0.123297 , 0
0.988122 , 0.143714 , 0
0.984733 , 0.164069 , 0
0.980923 , 0.184354 , 0
0.976695 , 0.204561 , 0
0.972049 , 0.22468 , 0
0.966986 , 0.244703 , 0
0.96151 , 0.264621 , 0
0.955621 , 0.284426 , 0
0.949323 , 0.304108 , 0
0.942617 , 0.323661 , 0
0.935506 , 0.343074 , 0
0.927993 , 0.362339 , 0
0.920081 , 0.381449 , 0
0.911773 , 0.400395 , 0
0.903072 , 0.419168 , 0
0.893981 , 0.43776 , 0
0.884505 , 0.456163 , 0
0.874647 , 0.47437 , 0
0.864411 , 0.492371 , 0
0.853801 , 0.51016 , 0
0.842822 , 0.527727 , 0
0.831478 , 0.545067 , 0
0.819773 , 0.56217 , 0
0.807713 , 0.579029 , 0
0.795302 , 0.595637 , 0
0.782546 , 0.611986 , 0
0.76945 , 0.62807 , 0
0.756019 , 0.64388 , 0
0.74226 , 0.65941 , 0
0.728177 , 0.674653 , 0
0.713776 , 0.689602 , 0
0.699065 , 0.70425 , 0
0.684048 , 0.718591 , 0
0.668733 , 0.732618 , 0
0.653126 , 0.746325 , 0
0.637233 , 0.759705 , 0
0.621061 , 0.772754 , 0
0.604617 , 0.785464 , 0
0.587908 , 0.79783 , 0
0.570942 , 0.809846 , 0
0.553725 , 0.821507 , 0
0.536266 , 0.832807 , 0
0.51857 , 0.843742 , 0
0.500647 , 0.854306 , 0
0.482504 , 0.864494 , 0
0.464148 , 0.874302 , 0
0.445588 , 0.883724 , 0
0.426832 , 0.892758 , 0
0.407888 , 0.901398 , 0
0.388764 , 0.909641 , 0
0.369468 , 0.917482 , 0
0.350009 , 0.924919 , 0
0.330396 , 0.931946 , 0
0.310636 , 0.938562 , 0
0.290739 , 0.944763 , 0
0.270714 , 0.950545 , 0
0.250568 , 0.955907 , 0
0.230312 , 0.960846 , 0
0.209954 , 0.965359 , 0
0.189502 , 0.969443 , 0
0.168967 , 0.973098 , 0
0.148356 , 0.976321 , 0
0.12768 , 0.97911 , 0
0.106947 , 0.981465 , 0
0.0861661 , 0.983383 , 0
0.0653472 , 0.984864 , 0
0.0444992 , 0.985907 , 0
0.0236314 , 0.986511 , 0
0.00275304 , 0.986676 , 0
-0.0181265 , 0.986402 , 0
-0.038998 , 0.985688 , 0
-0.0598521 , 0.984535 , 0
-0.0806795 , 0.982943 , 0
-0.101471 , 0.980912 , 0
-0.122217 , 0.978444 , 0
-0.142909 , 0.975539 , 0
-0.163536 , 0.972198 , 0
-0.184091 , 0.968423 , 0
-0.204564 , 0.964215 , 0
-0.224945 , 0.959576 , 0
-0.245225 , 0.954508 , 0
-0.265396 , 0.949013 , 0
-0.285448 , 0.943093 , 0
-0.305372 , 0.936752 , 0
-0.325159 , 0.929991 , 0
-0.344801 , 0.922814 , 0
-0.364289 , 0.915223 , 0
-0.383613 , 0.907222 , 0
-0.402765 , 0.898815 , 0
-0.421737 , 0.890004 , 0
-0.44052 , 0.880795 , 0
-0.459105 , 0.871191 , 0
-0.477485 , 0.861196 , 0
-0.49565 , 0.850815 , 0
-0.513592 , 0.840052 , 0
-0.531305 , 0.828912 , 0
-0.548778 , 0.8174 , 0
-0.566006 , 0.805521 , 0
-0.582979 , 0.793281 , 0
-0.599691 , 0.780684 , 0
-0.616133 , 0.767737 , 0
-0.632299 , 0.754444 , 0
-0.64818 , 0.740813 , 0
-0.663771 , 0.72685 , 0
-0.679063 , 0.71256 , 0
-0.69405 , 0.697949 , 0
-0.708726 , 0.683025 , 0
-0.723083 , 0.667795 , 0
-0.737115 , 0.652264 , 0
-0.750816 , 0.63644 , 0
-0.764179 , 0.62033 , 0
-0.777199 , 0.603941 , 0
-0.78987 , 0.587281 , 0
-0.802186 , 0.570358 , 0
-0.814142 , 0.553178 , 0
-0.825732 , 0.535749 , 0
-0.836951 , 0.51808 , 0
-0.847794 , 0.500178 , 0
-0.858256 , 0.482051 , 0
-0.868332 , 0.463708 , 0
-0.878019 , 0.445156 , 0
-0.887311 , 0.426405 , 0
-0.896205 , 0.407462 , 0
-0.904697 , 0.388336 , 0
-0.912782 , 0.369036 , 0
-0.920458 , 0.34957 , 0
-0.927721 , 0.329948 , 0
-0.934567 , 0.310177 , 0
-0.940994 , 0.290267 , 0
-0.946999 , 0.270227 , 0
-0.95258 , 0.250066 , 0
-0.957733 , 0.229793 , 0
-0.962457 , 0.209417 , 0
-0.96675 , 0.188946 , 0
-0.970609 , 0.168392 , 0
-0.974034 , 0.147761 , 0
-0.977023 , 0.127065 , 0
-0.979574 , 0.106312 , 0
-0.981687 , 0.0855109 , 0
-0.98336 , 0.0646717 , 0
-0.984594 , 0.0438037 , 0
-0.985387 , 0.022916 , 0
-0.98574 , 0.00201809 , 0
-0.985652 , -0.0188807 , 0
-0.985124 , -0.0397711 , 0
-0.984156 , -0.0606437 , 0
-0.982748 , -0.0814892 , 0
-0.980902 , -0.102298 , 0
-0.978619 , -0.123062 , 0
-0.975899 , -0.143771 , 0
-0.972744 , -0.164415 , 0
-0.969155 , -0.184986 , 0
-0.965135 , -0.205475 , 0
-0.960685 , -0.225873 , 0
-0.955808 , -0.24617 , 0
-0.950505 , -0.266357 , 0
-0.94478 , -0.286426 , 0
-0.938634 , -0.306368 , 0
-0.932072 , -0.326173 , 0
-0.925096 , -0.345834 , 0
-0.917709 , -0.365341 , 0
-0.909916 , -0.384686 , 0
-0.901718 , -0.403861 , 0
-0.893121 , -0.422856 , 0
-0.884129 , -0.441665 , 0
-0.874745 , -0.460277 , 0
-0.864974 , -0.478686 , 0
-0.85482 , -0.496884 , 0
-0.844289 , -0.514861 , 0
-0.833384 , -0.532611 , 0
-0.822112 , -0.550127 , 0
-0.810476 , -0.567399 , 0
-0.798484 , -0.584421 , 0
-0.786139 , -0.601185 , 0
-0.773448 , -0.617685 , 0
-0.760416 , -0.633912 , 0
-0.74705 , -0.649861 , 0
-0.733355 , -0.665524 , 0
-0.719338 , -0.680894 , 0
-0.705005 , -0.695965 , 0
-0.690362 , -0.710731 , 0
-0.675417 , -0.725185 , 0
-0.660175 , -0.739321 , 0
-0.644645 , -0.753133 , 0
-0.628832 , -0.766615 , 0
-0.612743 , -0.779762 , 0
-0.596387 , -0.792568 , 0
-0.57977 , -0.805027 , 0
-0.562901 , -0.817135 , 0
-0.545785 , -0.828886 , 0
-0.528431 , -0.840276 , 0
-0.510847 , -0.8513 , 0
-0.493041 , -0.861953 , 0
-0.475019 , -0.87223 , 0
-0.456792 , -0.882128 , 0
-0.438365 , -0.891643 , 0
-0.419749 , -0.900771 , 0
-0.40095 , -0.909507 , 0
-0.381977 , -0.917849 , 0
-0.362839 , -0.925793 , 0
-0.343543 , -0.933337 , 0
-0.324099 , -0.940476 , 0
-0.304515 , -0.947208 , 0
-0.284799 , -0.953532 , 0
-0.26496 , -0.959443 , 0
-0.245007 , -0.96494 , 0
-0.224948 , -0.970021 , 0
-0.204792 , -0.974685 , 0
-0.184548 , -0.978928 , 0
-0.164224 , -0.98275 , 0
-0.14383 , -0.98615 , 0
-0.123374 , -0.989126 , 0
-0.102866 , -0.991677 , 0
-0.0823125 , -0.993803 , 0
-0.0617243 , -0.995503 , 0
-0.0411096 , -0.996777 , 0
-0.0204773 , -0.997623 , 0
0.000163789 , -0.998044 , 0
0.0208048 , -0.998037 , 0
0.0414369 , -0.997605 , 0
0.0620513 , -0.996746 , 0
0.0826393 , -0.995463 , 0
0.103192 , -0.993755 , 0
0.123701 , -0.991624 , 0
0.144157 , -0.989072 , 0
0.164552 , -0.986099 , 0
0.184877 , -0.982707 , 0
0.205123 , -0.978898 , 0
0.225283 , -0.974674 , 0
0.245347 , -0.970036 , 0
0.265307 , -0.964988 , 0
0.285155 , -0.959532 , 0
0.304882 , -0.95367 , 0
0.324481 , -0.947405 , 0
0.343942 , -0.940739 , 0
0.363259 , -0.933677 , 0
0.382422 , -0.926222 , 0
0.401424 , -0.918376 , 0
0.420257 , -0.910143 , 0
0.438914 , -0.901528 , 0
0.457386 , -0.892534 , 0
0.475665 , -0.883165 , 0
0.493746 , -0.873426 , 0
0.511619 , -0.86332 , 0
0.529278 , -0.852852 , 0
0.546715 , -0.842027 , 0
0.563923 , -0.83085 , 0
0.580896 , -0.819326 , 0
0.597626 , -0.807459 , 0
0.614106 , -0.795255 , 0
0.63033 , -0.78272 , 0
0.646292 , -0.769858 , 0
0.661984 , -0.756675 , 0
0.677401 , -0.743178 , 0
0.692536 , -0.729371 , 0
0.707383 , -0.715261 , 0
0.721936 , -0.700854 , 0
0.73619 , -0.686156 , 0
0.750138 , -0.671174 , 0
0.763775 , -0.655913 , 0
0.777096 , -0.640381 , 0
0.790095 , -0.624583 , 0
0.802768 , -0.608527 , 0
0.815108 , -0.59222 , 0
0.827112 , -0.575668 , 0
0.838775 , -0.558878 , 0
0.850091 , -0.541858 , 0
0.861057 , -0.524615 , 0
0.871668 , -0.507155 , 0
0.881921 , -0.489487 , 0
0.89181 , -0.471617 , 0
0.901333 , -0.453553 , 0
0.910486 , -0.435303 , 0
0.919265 , -0.416874 , 0
0.927666 , -0.398274 , 0
0.935687 , -0.379511 , 0
0.943325 , -0.360592 , 0
0.950576 , -0.341526 , 0
0.957438 , -0.322319 , 0
0.963908 , -0.302981 , 0
0.969984 , -0.283519 , 0
0.975664 , -0.263941 , 0
0.980945 , -0.244255 , 0
0.985826 , -0.22447 , 0
0.990305 , -0.204593 , 0
0.994381 , -0.184633 , 0
0.998051 , -0.164597 , 0
1.00131 , -0.144494 , 0
1.00417 , -0.124333 , 0
1.00662 , -0.104121 , 0
1.00866 , -0.0838667 , 0
1.01028 , -0.0635783 , 0
1.0115 , -0.043264 , 0
1.01231 , -0.0229322 , 0
1.01271 , -0.00259114 , 0
1.01269 , 0.017751 , 0
1.01227 , 0.038086 , 0
1.01143 , 0.0584055 , 0
1.01019 , 0.0787014 , 0
1.00854 , 0.0989654 , 0
1.00648 , 0.119189 , 0
1.00401 , 0.139365 , 0
1.00114 , 0.159485 , 0
0.997857 , 0.17954 , 0
0.994176 , 0.199522 , 0
0.990094 , 0.219424 , 0
0.985612 , 0.239238 , 0
0.980732 , 0.258955 , 0
0.975458 , 0.278567 , 0
0.96979 , 0.298067 , 0
0.963731 , 0.317448 , 0
0.957284 , 0.3367 , 0
0.950452 , 0.355817 , 0
0.943237 , 0.37479 , 0
0.935643 , 0.393613 , 0
0.927673 , 0.412278 , 0
0.91933 , 0.430777 , 0
0.910617 , 0.449102 , 0
0.901538 , 0.467248 , 0
0.892098 , 0.485205 , 0
0.882299 , 0.502968 , 0
0.872146 , 0.520529 , 0
0.861643 , 0.537881 , 0
0.850794 , 0.555017 , 0
0.839604 , 0.571931 , 0
0.828078 , 0.588615 , 0
0.81622 , 0.605064 , 0
0.804034 , 0.62127 , 0
0.791526 , 0.637227 , 0
0.778701 , 0.652928 , 0
0.765565 , 0.668368 , 0
0.752121 , 0.683541 , 0
0.738377 , 0.69844 , 0
0.724337 , 0.713059 , 0
0.710007 , 0.727393 , 0
0.695394 , 0.741436 , 0
0.680501 , 0.755182 , 0
0.665337 , 0.768626 , 0
0.649907 , 0.781763 , 0
0.634216 , 0.794587 , 0
0.618272 , 0.807094 , 0
0.602081 , 0.819277 , 0
0.585649 , 0.831133 , 0
0.568983 , 0.842657 , 0
0.55209 , 0.853844 , 0
0.534976 , 0.86469 , 0
0.517648 , 0.87519 , 0
0.500113 , 0.88534 , 0
0.482378 , 0.895137 , 0
0.464451 , 0.904576 , 0
0.446338 , 0.913653 , 0
0.428046 , 0.922365 , 0
0.409584 , 0.930709 , 0
0.390957 , 0.938681 , 0
0.372175 , 0.946277 , 0
0.353244 , 0.953496 , 0
0.334172 , 0.960333 , 0
0.314966 , 0.966787 , 0
0.295634 , 0.972854 , 0
0.276184 , 0.978532 , 0
0.256624 , 0.983819 , 0
0.236961 , 0.988713 , 0
0.217203 , 0.993212 , 0
0.197359 , 0.997313 , 0
0.177436 , 1.00102 , 0
0.157441 , 1.00432 , 0
0.137384 , 1.00722 , 0
0.117272 , 1.00972 , 0
0.0971123 , 1.01181 , 0
0.0769142 , 1.0135 , 0
0.0566854 , 1.01478 , 0
0.0364338 , 1.01566 , 0
0.0161677 , 1.01613 , 0
-0.00410491 , 1.01619 , 0
-0.0243759 , 1.01585 , 0
-0.0446371 , 1.0151 , 0
-0.0648804 , 1.01394 , 0
-0.0850977 , 1.01238 , 0
-0.105281 , 1.01041 , 0
-0.125422 , 1.00803 , 0
-0.145513 , 1.00525 , 0
-0.165545 , 1.00207 , 0
-0.185511 , 0.998487 , 0
-0.205402 , 0.994501 , 0
-0.225211 , 0.990117 , 0
-0.244929 , 0.985334 , 0
-0.26455 , 0.980156 , 0
-0.284063 , 0.974584 , 0
-0.303463 , 0.96862 , 0
-0.32274 , 0.962266 , 0
-0.341888 , 0.955526 , 0
-0.360898 , 0.948401 , 0
-0.379763 , 0.940893 , 0
-0.398474 , 0.933007 , 0
-0.417026 , 0.924746 , 0
-0.435409 , 0.916111 , 0
-0.453616 , 0.907107 , 0
-0.471641 , 0.897737 , 0
-0.489475 , 0.888005 , 0
-0.507112 , 0.877914 , 0
-0.524544 , 0.867469 , 0
-0.541764 , 0.856673 , 0
-0.558765 , 0.845531 , 0
-0.57554 , 0.834047 , 0
-0.592082 , 0.822226 , 0
-0.608384 , 0.810071 , 0
-0.62444 , 0.797589 , 0
-0.640243 , 0.784784 , 0
-0.655787 , 0.77166 , 0
-0.671065 , 0.758223 , 0
-0.68607 , 0.744479 , 0
-0.700796 , 0.730433 , 0
-0.715239 , 0.71609 , 0
-0.72939 , 0.701455 , 0
-0.743245 , 0.686536 , 0
-0.756797 , 0.671337 , 0
-0.770042 , 0.655865 , 0
-0.782972 , 0.640126 , 0
-0.795584 , 0.624126 , 0
-0.807871 , 0.607872 , 0
-0.819829 , 0.591369 , 0
-0.831452 , 0.574625 , 0
-0.842736 , 0.557647 , 0
-0.853675 , 0.540441 , 0
-0.864265 , 0.523013 , 0
-0.874501 , 0.505372 , 0
-0.884379 , 0.487523 , 0
-0.893895 , 0.469475 , 0
-0.903045 , 0.451235 , 0
-0.911824 , 0.432809 , 0
-0.920229 , 0.414206 , 0
-0.928256 , 0.395433 , 0
-0.935902 , 0.376497 , 0
-0.943162 , 0.357406 , 0
-0.950035 , 0.338168 , 0
-0.956517 , 0.318791 , 0
-0.962604 , 0.299283 , 0
-0.968294 , 0.279651 , 0
-0.973585 , 0.259904 , 0
-0.978474 , 0.24005 , 0
-0.982959 , 0.220096 , 0
-0.987037 , 0.200052 , 0
-0.990707 , 0.179925 , 0
-0.993967 , 0.159723 , 0
-0.996815 , 0.139455 , 0
-0.99925 , 0.119129 , 0
-1.00127 , 0.0987538 , 0
-1.00287 , 0.0783375 , 0
-1.00406 , 0.0578888 , 0
-1.00483 , 0.037416 , 0
-1.00519 , 0.0169276 , 0
-1.00512 , -0.00356786 , 0
-1.00464 , -0.0240618 , 0
-1.00373 , -0.0445457 , 0
-1.00241 , -0.0650111 , 0
-1.00067 , -0.0854492 , 0
-0.998509 , -0.105852 , 0
-0.995932 , -0.12621 , 0
-0.992939 , -0.146515 , 0
-0.989529 , -0.166759 , 0
-0.985705 , -0.186934 , 0
-0.981468 , -0.207029 , 0
-0.976818 , -0.227038 , 0
-0.971758 , -0.246952 , 0
-0.96629 , -0.266761 , 0
-0.960415 , -0.286459 , 0
-0.954136 , -0.306036 , 0
-0.947455 , -0.325483 , 0
-0.940375 , -0.344794 , 0
-0.932897 , -0.363959 , 0
-0.925026 , -0.382971 , 0
-0.916764 , -0.40182 , 0
-0.908114 , -0.4205 , 0
-0.899079 , -0.439002 , 0
-0.889664 , -0.457318 , 0
-0.879872 , -0.47544 , 0
-0.869706 , -0.49336 , 0
-0.859171 , -0.511071 , 0
-0.848272 , -0.528564 , 0
-0.837011 , -0.545833 , 0
-0.825394 , -0.56287 , 0
-0.813426 , -0.579667 , 0
-0.801112 , -0.596217 , 0
-0.788455 , -0.612512 , 0
-0.775462 , -0.628546 , 0
-0.762138 , -0.644312 , 0
-0.748488 , -0.659802 , 0
-0.734518 , -0.675011 , 0
-0.720233 , -0.68993 , 0
-0.70564 , -0.704553 , 0
-0.690744 , -0.718874 , 0
-0.675552 , -0.732887 , 0
-0.66007 , -0.746586 , 0
-0.644304 , -0.759963 , 0
-0.628261 , -0.773014 , 0
-0.611948 , -0.785732 , 0
-0.595371 , -0.798111 , 0
-0.578537 , -0.810147 , 0
-0.561454 , -0.821833 , 0
-0.544129 , -0.833164 , 0
-0.526568 , -0.844136 , 0
-0.50878 , -0.854742 , 0
-0.490772 , -0.864979 , 0
-0.472552 , -0.874842 , 0
-0.454126 , -0.884325 , 0
-0.435504 , -0.893425 , 0
-0.416693 , -0.902138 , 0
-0.397701 , -0.910459 , 0
-0.378537 , -0.918384 , 0
-0.359207 , -0.92591 , 0
-0.339722 , -0.933034 , 0
-0.320089 , -0.939751 , 0
-0.300316 , -0.946059 , 0
-0.280412 , -0.951954 , 0
-0.260386 , -0.957434 , 0
-0.240246 , -0.962496 , 0
-0.220001 , -0.967138 , 0
-0.199661 , -0.971357 , 0
-0.179232 , -0.975152 , 0
-0.158726 , -0.978519 , 0
-0.13815 , -0.981458 , 0
-0.117513 , -0.983967 , 0
-0.0968249 , -0.986044 , 0
-0.0760942 , -0.987689 , 0
-0.0553301 , -0.9889 , 0
-0.0345418 , -0.989677 , 0
-0.0137382 , -0.990019 , 0
0.00707139 , -0.989925 , 0
0.0278779 , -0.989396 , 0
0.0486721 , -0.98843 , 0
0.0694449 , -0.98703 , 0
0.090187 , -0.985194 , 0
0.110889 , -0.982924 , 0
0.131543 , -0.980219 , 0
0.152138 , -0.977082 , 0
0.172666 , -0.973513 , 0
0.193118 , -0.969514 , 0
0.213484 , -0.965086 , 0
0.233756 , -0.960231 , 0
0.253925 , -0.954951 , 0
0.27398 , -0.949247 , 0
0.293915 , -0.943123 , 0
0.313719 , -0.936581 , 0
0.333384 , -0.929623 , 0
0.352901 , -0.922252 , 0
0.372261 , -0.914472 , 0
0.391456 , -0.906285 , 0
0.410477 , -0.897696 , 0
0.429315 , -0.888708 , 0
0.447962 , -0.879324 , 0
0.46641 , -0.869548 , 0
0.48465 , -0.859386 , 0
0.502674 , -0.848841 , 0
0.520475 , -0.837917 , 0
0.538043 , -0.82662 , 0
0.555371 , -0.814954 , 0
0.572452 , -0.802925 , 0
0.589277 , -0.790537 , 0
0.605839 , -0.777796 , 0
0.62213 , -0.764708 , 0
0.638143 , -0.751278 , 0
0.653871 , -0.737512 , 0
0.669307 , -0.723417 , 0
0.684444 , -0.708998 , 0
0.699274 , -0.694262 , 0
0.713791 , -0.679216 , 0
0.727989 , -0.663865 , 0
0.741861 , -0.648217 , 0
0.755401 , -0.632279 , 0
0.768602 , -0.616057 , 0
0.781459 , -0.59956 , 0
0.793966 , -0.582794 , 0
0.806116 , -0.565766 , 0
0.817906 , -0.548485 , 0
0.829328 , -0.530958 , 0
0.840379 , -0.513193 , 0
0.851052 , -0.495197 , 0
0.861344 , -0.476979 , 0
0.871249 , -0.458548 , 0
0.880763 , -0.43991 , 0
0.889881 , -0.421075 , 0
0.8986 , -0.402051 , 0
0.906916 , -0.382846 , 0
0.914824 , -0.363469 , 0
0.922322 , -0.34393 , 0
0.929405 , -0.324235 , 0
0.936071 , -0.304395 , 0
0.942316 , -0.284419 , 0
0.948138 , -0.264314 , 0
0.953533 , -0.244091 , 0
0.958501 , -0.223758 , 0
0.963038 , -0.203325 , 0
0.967142 , -0.1828 , 0
0.970811 , -0.162193 , 0
0.974044 , -0.141513 , 0
0.97684 , -0.12077 , 0
0.979197 , -0.0999719 , 0
0.981113 , -0.0791293 , 0
0.982589 , -0.0582512 , 0
0.983624 , -0.0373469 , 0
0.984217 , -0.0164258 , 0
0.984367 , 0.00450264 , 0
0.984076 , 0.0254291 , 0
0.983343 , 0.0463441 , 0
0.982168 , 0.0672383 , 0
0.980552 , 0.0881023 , 0
0.978496 , 0.108927 , 0
0.976 , 0.129702 , 0
0.973067 , 0.15042 , 0
0.969697 , 0.17107 , 0
0.965892 , 0.191643 , 0
0.961653 , 0.21213 , 0
0.956984 , 0.232522 , 0
0.951885 , 0.252809 , 0
0.946359 , 0.272984 , 0
0.94041 , 0.293036 , 0
0.934039 , 0.312957 , 0
0.927249 , 0.332737 , 0
0.920044 , 0.352369 , 0
0.912428 , 0.371842 , 0
0.904402 , 0.39115 , 0
0.895972 , 0.410282 , 0
0.887142 , 0.429231 , 0
0.877914 , 0.447987 , 0
0.868294 , 0.466544 , 0
0.858286 , 0.484892 , 0
0.847894 , 0.503023 , 0
0.837123 , 0.520929 , 0
0.825979 , 0.538603 , 0
0.814466 , 0.556037 , 0
0.80259 , 0.573222 , 0
0.790355 , 0.590152 , 0
0.777769 , 0.606818 , 0
0.764835 , 0.623214 , 0
0.751561 , 0.639333 , 0
0.737952 , 0.655167 , 0
0.724015 , 0.670709 , 0
0.709755 , 0.685952 , 0
0.69518 , 0.700891 , 0
0.680296 , 0.715518 , 0
0.66511 , 0.729827 , 0
0.649628 , 0.743812 , 0
0.633857 , 0.757467 , 0
0.617806 , 0.770785 , 0
0.60148 , 0.783762 , 0
0.584888 , 0.796391 , 0
0.568037 , 0.808667 , 0
0.550934 , 0.820586 , 0
0.533587 , 0.832141 , 0
0.516004 , 0.843328 , 0
0.498193 , 0.854142 , 0
0.480162 , 0.864578 , 0
0.461918 , 0.874633 , 0
0.443471 , 0.884302 , 0
0.424828 , 0.89358 , 0
0.405998 , 0.902464 , 0
0.386989 , 0.910951 , 0
0.36781 , 0.919037 , 0
0.348468 , 0.926718 , 0
0.328974 , 0.933991 , 0
0.309334 , 0.940854 , 0
0.289559 , 0.947303 , 0
0.269657 , 0.953336 , 0
0.249636 , 0.958951 , 0
0.229506 , 0.964146 , 0
0.209275 , 0.968917 , 0
0.188952 , 0.973265 , 0
0.168547 , 0.977186 , 0
0.148068 , 0.98068 , 0
0.127525 , 0.983745 , 0
0.106925 , 0.986381 , 0
0.0862792 , 0.988586 , 0
0.0655955 , 0.990359 , 0
0.0448832 , 0.991701 , 0
0.0241514 , 0.992611 , 0
0.00340905 , 0.993088 , 0
-0.0173348 , 0.993133 , 0
-0.0380711 , 0.992747 , 0
-0.0587908 , 0.991929 , 0
-0.0794851 , 0.99068 , 0
-0.100145 , 0.989002 , 0
-0.120761 , 0.986895 , 0
-0.141325 , 0.98436 , 0
-0.161828 , 0.981399 , 0
-0.182261 , 0.978013 , 0
-0.202615 , 0.974205 , 0
-0.222881 , 0.969976 , 0
-0.243051 , 0.965328 , 0
-0.263117 , 0.960263 , 0
-0.283069 , 0.954785 , 0
-0.302899 , 0.948895 , 0
-0.322598 , 0.942597 , 0
-0.342159 , 0.935893 , 0
-0.361573 , 0.928787 , 0
-0.380832 , 0.921282 , 0
-0.399927 , 0.913382 , 0
-0.41885 , 0.90509 , 0
-0.437594 , 0.89641 , 0
-0.456151 , 0.887347 , 0
-0.474513 , 0.877903 , 0
-0.492671 , 0.868085 , 0
-0.510619 , 0.857895 , 0
-0.52835 , 0.84734 , 0
-0.545854 , 0.836422 , 0
-0.563127 , 0.825149 , 0
-0.580159 , 0.813523 , 0
-0.596944 , 0.801552 , 0
-0.613476 , 0.78924 , 0
-0.629746 , 0.776592 , 0
-0.64575 , 0.763614 , 0
-0.661479 , 0.750313 , 0
-0.676928 , 0.736693 , 0
-0.69209 , 0.722762 , 0
-0.706959 , 0.708524 , 0
-0.721529 , 0.693987 , 0
-0.735795 , 0.679156 , 0
-0.749749 , 0.664038 , 0
-0.763387 , 0.64864 , 0
-0.776703 , 0.632969 , 0
-0.789691 , 0.617031 , 0
-0.802347 , 0.600833 , 0
-0.814666 , 0.584382 , 0
-0.826642 , 0.567686 , 0
-0.838271 , 0.550751 , 0
-0.849547 , 0.533584 , 0
-0.860468 , 0.516194 , 0
-0.871027 , 0.498588 , 0
-0.881222 , 0.480773 , 0
-0.891048 , 0.462756 , 0
-0.900501 , 0.444546 , 0
-0.909578 , 0.42615 , 0
-0.918275 , 0.407576 , 0
-0.926589 , 0.388832 , 0
-0.934516 , 0.369926 , 0
-0.942054 , 0.350866 , 0
-0.9492 , 0.33166 , 0
-0.955951 , 0.312315 , 0
-0.962304 , 0.292841 , 0
-0.968257 , 0.273245 , 0
-0.973808 , 0.253536 , 0
-0.978955 , 0.233721 , 0
-0.983697 , 0.213809 , 0
-0.98803 , 0.193809 , 0
-0.991955 , 0.173729 , 0
-0.995469 , 0.153577 , 0
-0.998571 , 0.133361 , 0
-1.00126 , 0.11309 , 0
-1.00354 , 0.0927725 , 0
-1.0054 , 0.0724167 , 0
-1.00685 , 0.052031 , 0
-1.00788 , 0.0316238 , 0
-1.0085 , 0.0112037 , 0
-1.0087 , -0.0092211 , 0
-1.00849 , -0.0296421 , 0
-1.00786 , -0.0500509 , 0
-1.00682 , -0.0704391 , 0
-1.00537 , -0.0907985 , 0
-1.0035 , -0.111121 , 0
-1.00122 , -0.131397 , 0
-0.998533 , -0.15162 , 0
-0.995436 , -0.17178 , 0
-0.991932 , -0.191871 , 0
-0.988022 , -0.211882 , 0
-0.983708 , -0.231808 , 0
-0.978992 , -0.251638 , 0
-0.973876 , -0.271366 , 0
-0.968363 , -0.290983 , 0
-0.962455 , -0.310481 , 0
-0.956155 , -0.329853 , 0
-0.949466 , -0.349091 , 0
-0.94239 , -0.368186 , 0
-0.93493 , -0.387132 , 0
-0.92709 , -0.40592 , 0
-0.918874 , -0.424543 , 0
-0.910284 , -0.442994 , 0
-0.901325 , -0.461265 , 0
-0.891999 , -0.479348 , 0
-0.882312 , -0.497237 , 0
-0.872267 , -0.514925 , 0
-0.861869 , -0.532404 , 0
-0.851122 , -0.549667 , 0
-0.84003 , -0.566708 , 0
-0.828598 , -0.583519 , 0
-0.816831 , -0.600095 , 0
-0.804734 , -0.616428 , 0
-0.792312 , -0.632511 , 0
-0.779569 , -0.648339 , 0
-0.766512 , -0.663906 , 0
-0.753146 , -0.679204 , 0
-0.739475 , -0.694229 , 0
-0.725507 , -0.708973 , 0
-0.711246 , -0.723432 , 0
-0.696698 , -0.7376 , 0
-0.68187 , -0.75147 , 0
-0.666767 , -0.765037 , 0
-0.651396 , -0.778297 , 0
-0.635763 , -0.791244 , 0
-0.619874 , -0.803872 , 0
-0.603736 , -0.816177 , 0
-0.587355 , -0.828154 , 0
-0.570738 , -0.839798 , 0
-0.553892 , -0.851105 , 0
-0.536823 , -0.86207 , 0
-0.519539 , -0.872689 , 0
-0.502047 , -0.882958 , 0
-0.484353 , -0.892873 , 0
-0.466464 , -0.902429 , 0
-0.448389 , -0.911623 , 0
-0.430134 , -0.920452 , 0
-0.411706 , -0.928912 , 0
-0.393114 , -0.937 , 0
-0.374364 , -0.944713 , 0
-0.355464 , -0.952047 , 0
-0.336422 , -0.959 , 0
-0.317245 , -0.965568 , 0
-0.297941 , -0.971751 , 0
-0.278518 , -0.977544 , 0
-0.258983 , -0.982946 , 0
-0.239345 , -0.987955 , 0
-0.21961 , -0.992568 , 0
-0.199789 , -0.996785 , 0
-0.179887 , -1.0006 , 0
-0.159913 , -1.00402 , 0
-0.139875 , -1.00704 , 0
-0.119782 , -1.00965 , 0
-0.0996401 , -1.01186 , 0
-0.0794588 , -1.01367 , 0
-0.0592457 , -1.01507 , 0
-0.0390089 , -1.01606 , 0
-0.0187566 , -1.01665 , 0
0.0015033 , -1.01683 , 0
0.0217626 , -1.01661 , 0
0.0420131 , -1.01598 , 0
0.0622469 , -1.01494 , 0
0.0824558 , -1.0135 , 0
0.102632 , -1.01165 , 0
0.122767 , -1.0094 , 0
0.142853 , -1.00675 , 0
0.162881 , -1.00369 , 0
0.182845 , -1.00023 , 0
0.202736 , -0.996374 , 0
0.222545 , -0.992118 , 0
0.242266 , -0.987465 , 0
0.26189 , -0.982418 , 0
0.281409 , -0.976978 , 0
0.300815 , -0.971147 , 0
0.320102 , -0.964928 , 0
0.33926 , -0.958323 , 0
0.358282 , -0.951335 , 0
0.377162 , -0.943966 , 0
0.39589 , -0.93622 , 0
0.41446 , -0.928099 , 0
0.432864 , -0.919606 , 0
0.451095 , -0.910746 , 0
0.469145 , -0.90152 , 0
0.487008 , -0.891934 , 0
0.504675 , -0.881991 , 0
0.52214 , -0.871694 , 0
0.539396 , -0.861049 , 0
0.556436 , -0.850058 , 0
0.573253 , -0.838726 , 0
0.58984 , -0.827058 , 0
0.60619 , -0.815058 , 0
0.622298 , -0.802732 , 0
0.638155 , -0.790083 , 0
0.653757 , -0.777117 , 0
0.669096 , -0.763839 , 0
0.684166 , -0.750255 , 0
0.698961 , -0.736369 , 0
0.713476 , -0.722187 , 0
0.727703 , -0.707715 , 0
0.741639 , -0.692958 , 0
0.755275 , -0.677923 , 0
0.768608 , -0.662615 , 0
0.781632 , -0.64704 , 0
0.794341 , -0.631204 , 0
0.806729 , -0.615114 , 0
0.818793 , -0.598777 , 0
0.830527 , -0.582198 , 0
0.841925 , -0.565384 , 0
0.852984 , -0.548342 , 0
0.863699 , -0.531079 , 0
0.874065 , -0.513601 , 0
0.884078 , -0.495916 , 0
0.893734 , -0.47803 , 0
0.903028 , -0.459951 , 0
0.911957 , -0.441687 , 0
0.920517 , -0.423243 , 0
0.928704 , -0.404628 , 0
0.936515 , -0.385849 , 0
0.943946 , -0.366914 , 0
0.950995 , -0.34783 , 0
0.957658 , -0.328604 , 0
0.963932 , -0.309246 , 0
0.969815 , -0.289762 , 0
0.975304 , -0.27016 , 0
0.980396 , -0.250448 , 0
0.98509 , -0.230635 , 0
0.989382 , -0.210727 , 0
0.993272 , -0.190734 , 0
0.996757 , -0.170663 , 0
0.999836 , -0.150523 , 0
1.00251 , -0.130321 , 0
1.00477 , -0.110066 , 0
1.00662 , -0.089766 , 0
1.00806 , -0.0694293 , 0
1.00909 , -0.0490643 , 0
1.00971 , -0.0286792 , 0
1.00991 , -0.00828238 , 0
1.0097 , 0.0121178 , 0
1.00907 , 0.0325131 , 0
1.00803 , 0.052895 , 0
1.00658 , 0.0732552 , 0
1.00472 , 0.0935854 , 0
1.00244 , 0.113877 , 0
0.999747 , 0.134122 , 0
0.996645 , 0.154312 , 0
0.993134 , 0.174438 , 0
0.989213 , 0.194492 , 0
0.984884 , 0.214466 , 0
0.980149 , 0.234352 , 0
0.97501 , 0.254141 , 0
0.969468 , 0.273825 , 0
0.963525 , 0.293396 , 0
0.957184 , 0.312846 , 0
0.950446 , 0.332166 , 0
0.943316 , 0.351348 , 0
0.935794 , 0.370385 , 0
0.927884 , 0.389269 , 0
0.919589 , 0.40799 , 0
0.910912 , 0.426543 , 0
0.901856 , 0.444918 , 0
0.892426 , 0.463108 , 0
0.882624 , 0.481105 , 0
0.872454 , 0.498902 , 0
0.861921 , 0.516491 , 0
0.851028 , 0.533864 , 0
0.839781 , 0.551015 , 0
0.828182 , 0.567936 , 0
0.816237 , 0.584619 , 0
0.803951 , 0.601057 , 0
0.791328 , 0.617244 , 0
0.778373 , 0.633173 , 0
0.765092 , 0.648836 , 0
0.751491 , 0.664226 , 0
0.737573 , 0.679338 , 0
0.723346 , 0.694164 , 0
0.708815 , 0.708699 , 0
0.693985 , 0.722935 , 0
0.678863 , 0.736867 , 0
0.663455 , 0.750488 , 0
0.647767 , 0.763792 , 0
0.631805 , 0.776774 , 0
0.615577 , 0.789428 , 0
0.599088 , 0.801749 , 0
0.582346 , 0.81373 , 0
0.565358 , 0.825366 , 0
0.54813 , 0.836653 , 0
0.530669 , 0.847585 , 0
0.512983 , 0.858157 , 0
0.49508 , 0.868365 , 0
0.476965 , 0.878204 , 0
0.458649 , 0.887669 , 0
0.440136 , 0.896756 , 0
0.421437 , 0.905462 , 0
0.402557 , 0.913781 , 0
0.383506 , 0.92171 , 0
0.364291 , 0.929246 , 0
0.344921 , 0.936385 , 0
0.325403 , 0.943124 , 0
0.305745 , 0.949458 , 0
0.285957 , 0.955387 , 0
0.266046 , 0.960905 , 0
0.246022 , 0.966012 , 0
0.225891 , 0.970704 , 0
0.205664 , 0.974979 , 0
0.185348 , 0.978835 , 0
0.164952 , 0.982269 , 0
0.144485 , 0.985281 , 0
0.123956 , 0.987869 , 0
0.103374 , 0.99003 , 0
0.082747 , 0.991764 , 0
0.0620843 , 0.99307 , 0
0.0413948 , 0.993947 , 0
0.0206873 , 0.994395 , 0
-2.90557e-005 , 0.994411 , 0
-0.0207454 , 0.993998 , 0
-0.0414528 , 0.993153 , 0
-0.0621422 , 0.991878 , 0
-0.0828047 , 0.990172 , 0
-0.103431 , 0.988037 , 0
-0.124013 , 0.985472 , 0
-0.14454 , 0.982478 , 0
-0.165005 , 0.979057 , 0
-0.185398 , 0.97521 , 0
-0.20571 , 0.970937 , 0
-0.225932 , 0.966242 , 0
-0.246056 , 0.961124 , 0
-0.266072 , 0.955587 , 0
-0.285972 , 0.949632 , 0
-0.305747 , 0.943263 , 0
-0.325389 , 0.93648 , 0
-0.344888 , 0.929288 , 0
-0.364235 , 0.921688 , 0
-0.383423 , 0.913685 , 0
-0.402443 , 0.90528 , 0
-0.421287 , 0.896479 , 0
-0.439945 , 0.887283 , 0
-0.45841 , 0.877698 , 0
-0.476673 , 0.867727 , 0
-0.494727 , 0.857374 , 0
-0.512563 , 0.846643 , 0
-0.530173 , 0.83554 , 0
-0.547549 , 0.824068 , 0
-0.564684 , 0.812233 , 0
-0.58157 , 0.80004 , 0
-0.598199 , 0.787493 , 0
-0.614564 , 0.774599 , 0
-0.630657 , 0.761362 , 0
-0.646471 , 0.747789 , 0
-0.661999 , 0.733884 , 0
-0.677234 , 0.719655 , 0
-0.69217 , 0.705107 , 0
-0.706798 , 0.690247 , 0
-0.721113 , 0.67508 , 0
-0.735109 , 0.659614 , 0
-0.748778 , 0.643856 , 0
-0.762114 , 0.627811 , 0
-0.775112 , 0.611488 , 0
-0.787766 , 0.594893 , 0
-0.800069 , 0.578033 , 0
-0.812017 , 0.560916 , 0
-0.823603 , 0.54355 , 0
-0.834822 , 0.525942 , 0
-0.84567 , 0.508099 , 0
-0.856141 , 0.49003 , 0
-0.86623 , 0.471743 , 0
-0.875933 , 0.453245 , 0
-0.885246 , 0.434545 , 0
-0.894163 , 0.415652 , 0
-0.902681 , 0.396572 , 0
-0.910796 , 0.377316 , 0
-0.918504 , 0.357891 , 0
-0.925802 , 0.338306 , 0
-0.932686 , 0.31857 , 0
-0.939153 , 0.298691 , 0
-0.9452 , 0.278679 , 0
-0.950823 , 0.258542 , 0
-0.956022 , 0.23829 , 0
-0.960792 , 0.21793 , 0
-0.965132 , 0.197473 , 0
-0.96904 , 0.176928 , 0
-0.972514 , 0.156304 , 0
-0.975552 , 0.135609 , 0
-0.978152 , 0.114854 , 0
-0.980314 , 0.0940468 , 0
-0.982037 , 0.0731977 , 0
-0.983319 , 0.0523159 , 0
-0.98416 , 0.0314105 , 0
-0.984559 , 0.0104911 , 0
-0.984516 , -0.0104331 , 0
-0.984032 , -0.0313525 , 0
-0.983106 , -0.0522579 , 0
-0.981739 , -0.0731398 , 0
-0.97993 , -0.0939889 , 0
-0.977682 , -0.114796 , 0
-0.974995 , -0.135551 , 0
-0.97187 , -0.156246 , 0
-0.968308 , -0.17687 , 0
-0.964311 , -0.197415 , 0
-0.959881 , -0.217871 , 0
-0.95502 , -0.238229 , 0
-0.94973 , -0.25848 , 0
-0.944013 , -0.278615 , 0
-0.937871 , -0.298625 , 0
-0.931309 , -0.318501 , 0
-0.924328 , -0.338233 , 0
-0.916931 , -0.357814 , 0
-0.909123 , -0.377234 , 0
-0.900906 , -0.396484 , 0
-0.892285 , -0.415557 , 0
-0.883262 , -0.434442 , 0
-0.873843 , -0.453132 , 0
-0.864031 , -0.471619 , 0
-0.853831 , -0.489894 , 0
-0.843248 , -0.507949 , 0
-0.832286 , -0.525776 , 0
-0.820951 , -0.543367 , 0
-0.809246 , -0.560714 , 0
-0.797179 , -0.577809 , 0
-0.784753 , -0.594645 , 0
-0.771976 , -0.611214 , 0
-0.758852 , -0.627508 , 0
-0.745388 , -0.643522 , 0
-0.731589 , -0.659246 , 0
-0.717462 , -0.674675 , 0
-0.703014 , -0.689801 , 0
-0.688251 , -0.704619 , 0
-0.673179 , -0.71912 , 0
-0.657805 , -0.733299 , 0
-0.642137 , -0.74715 , 0
-0.626181 , -0.760666 , 0
-0.609945 , -0.773842 , 0
-0.593436 , -0.786671 , 0
-0.576661 , -0.799148 , 0
-0.559628 , -0.811268 , 0
-0.542345 , -0.823025 , 0
-0.52482 , -0.834414 , 0
-0.50706 , -0.84543 , 0
-0.489074 , -0.856069 , 0
-0.470869 , -0.866325 , 0
-0.452454 , -0.876194 , 0
-0.433837 , -0.885672 , 0
-0.415026 , -0.894756 , 0
-0.39603 , -0.90344 , 0
-0.376858 , -0.911721 , 0
-0.357518 , -0.919596 , 0
-0.338019 , -0.927062 , 0
-0.318369 , -0.934115 , 0
-0.298577 , -0.940752 , 0
-0.278653 , -0.94697 , 0
-0.258605 , -0.952768 , 0
-0.238442 , -0.958142 , 0
-0.218172 , -0.96309 , 0
-0.197806 , -0.967611 , 0
-0.177353 , -0.971702 , 0
-0.15682 , -0.975362 , 0
-0.136218 , -0.97859 , 0
-0.115556 , -0.981384 , 0
-0.094842 , -0.983743 , 0
-0.0740864 , -0.985666 , 0
-0.053298 , -0.987154 , 0
-0.032486 , -0.988205 , 0
-0.0116597 , -0.988819 , 0
0.00917174 , -0.988996 , 0
0.0299992 , -0.988736 , 0
0.0508133 , -0.988041 , 0
0.0716051 , -0.986909 , 0
0.0923653 , -0.985342 , 0
0.113085 , -0.983341 , 0
0.133754 , -0.980908 , 0
0.154365 , -0.978042 , 0
0.174908 , -0.974747 , 0
0.195374 , -0.971023 , 0
0.215755 , -0.966872 , 0
0.23604 , -0.962297 , 0
0.256222 , -0.9573 , 0
0.276292 , -0.951883 , 0
0.296241 , -0.946049 , 0
0.316059 , -0.939801 , 0
0.33574 , -0.933142 , 0
0.355274 , -0.926074 , 0
0.374652 , -0.918602 , 0
0.393867 , -0.910729 , 0
0.41291 , -0.902458 , 0
0.431773 , -0.893794 , 0
0.450448 , -0.88474 , 0
0.468926 , -0.8753 , 0
0.487201 , -0.86548 , 0
0.505263 , -0.855283 , 0
0.523106 , -0.844715 , 0
0.540722 , -0.833779 , 0
0.558103 , -0.822482 , 0
0.575242 , -0.810828 , 0
0.592131 , -0.798822 , 0
0.608764 , -0.786471 , 0
0.625134 , -0.773779 , 0
0.641233 , -0.760752 , 0
0.657055 , -0.747397 , 0
0.672594 , -0.733719 , 0
0.687842 , -0.719724 , 0
0.702793 , -0.705419 , 0
0.717442 , -0.69081 , 0
0.731781 , -0.675903 , 0
0.745806 , -0.660705 , 0
0.75951 , -0.645224 , 0
0.772888 , -0.629465 , 0
0.785934 , -0.613436 , 0
0.798643 , -0.597144 , 0
0.811009 , -0.580596 , 0
0.823028 , -0.563799 , 0
0.834695 , -0.54676 , 0
0.846004 , -0.529488 , 0
0.856952 , -0.51199 , 0
0.867535 , -0.494273 , 0
0.877746 , -0.476345 , 0
0.887584 , -0.458214 , 0
0.897044 , -0.439888 , 0
0.906121 , -0.421374 , 0
0.914813 , -0.402681 , 0
0.923116 , -0.383817 , 0
0.931027 , -0.36479 , 0
0.938543 , -0.345608 , 0
0.94566 , -0.326279 , 0
0.952377 , -0.306812 , 0
0.958691 , -0.287216 , 0
0.964599 , -0.267497 , 0
0.970098 , -0.247666 , 0
0.975188 , -0.22773 , 0
0.979867 , -0.207697 , 0
0.984132 , -0.187578 , 0
0.987982 , -0.167379 , 0
0.991415 , -0.147109 , 0
0.994432 , -0.126778 , 0
0.99703 , -0.106393 , 0
0.999209 , -0.0859636 , 0
1.00097 , -0.065498 , 0
1.00231 , -0.045005 , 0
1.00323 , -0.0244931 , 0
1.00373 , -0.00397094 , 0
1.0038 , 0.0165529 , 0
1.00346 , 0.0370698 , 0
1.0027 , 0.0575712 , 0
1.00152 , 0.0780485 , 0
0.999924 , 0.0984933 , 0
0.997908 , 0.118897 , 0
0.995477 , 0.139251 , 0
0.992631 , 0.159547 , 0
0.989372 , 0.179777 , 0
0.985701 , 0.199932 , 0
0.98162 , 0.220003 , 0
0.977132 , 0.239984 , 0
0.972238 , 0.259865 , 0
0.966941 , 0.279638 , 0
0.961243 , 0.299295 , 0
0.955147 , 0.318828 , 0
0.948655 , 0.338229 , 0
0.941771 , 0.35749 , 0
0.934498 , 0.376604 , 0
0.926839 , 0.395562 , 0
0.918797 , 0.414356 , 0
0.910376 , 0.43298 , 0
0.90158 , 0.451425 , 0
0.892412 , 0.469684 , 0
0.882878 , 0.48775 , 0
0.872979 , 0.505615 , 0
0.862722 , 0.523273 , 0
0.852111 , 0.540715 , 0
0.841149 , 0.557935 , 0
0.829842 , 0.574926 , 0
0.818195 , 0.591682 , 0
0.806213 , 0.608195 , 0
0.7939 , 0.624459 , 0
0.781262 , 0.640467 , 0
0.768305 , 0.656213 , 0
0.755034 , 0.671691 , 0
0.741454 , 0.686894 , 0
0.727571 , 0.701817 , 0
0.713391 , 0.716454 , 0
0.698921 , 0.730798 , 0
0.684165 , 0.744844 , 0
0.669131 , 0.758587 , 0
0.653824 , 0.772021 , 0
0.638251 , 0.78514 , 0
0.622418 , 0.797941 , 0
0.606332 , 0.810416 , 0
0.59 , 0.822563 , 0
0.573429 , 0.834375 , 0
0.556624 , 0.845849 , 0
0.539594 , 0.85698 , 0
0.522345 , 0.867763 , 0
0.504884 , 0.878194 , 0
0.487219 , 0.88827 , 0
0.469356 , 0.897985 , 0
0.451303 , 0.907338 , 0
0.433068 , 0.916323 , 0
0.414658 , 0.924938 , 0
0.39608 , 0.933179 , 0
0.377342 , 0.941043 , 0
0.358451 , 0.948526 , 0
0.339416 , 0.955627 , 0
0.320244 , 0.962343 , 0
0.300943 , 0.96867 , 0
0.281521 , 0.974607 , 0
0.261985 , 0.98015 , 0
0.242343 , 0.9853 , 0
0.222604 , 0.990052 , 0
0.202775 , 0.994405 , 0
0.182865 , 0.998359 , 0
0.162881 , 1.00191 , 0
0.142832 , 1.00506 , 0
0.122725 , 1.0078 , 0
0.102569 , 1.01014 , 0
0.0823713 , 1.01208 , 0
0.0621409 , 1.01361 , 0
0.0418855 , 1.01473 , 0
0.0216133 , 1.01544 , 0
0.00133245 , 1.01575 , 0
-0.0189489 , 1.01564 , 0
-0.0392227 , 1.01513 , 0
-0.0594808 , 1.01422 , 0
-0.079715 , 1.0129 , 0
-0.0999173 , 1.01117 , 0
-0.12008 , 1.00903 , 0
-0.140194 , 1.0065 , 0
-0.160252 , 1.00355 , 0
-0.180246 , 1.00021 , 0
-0.200167 , 0.996469 , 0
-0.220009 , 0.992326 , 0
-0.239762 , 0.987787 , 0
-0.25942 , 0.982852 , 0
-0.278974 , 0.977525 , 0
-0.298416 , 0.971806 , 0
-0.317738 , 0.965698 , 0
-0.336934 , 0.959204 , 0
-0.355995 , 0.952327 , 0
-0.374914 , 0.945069 , 0
-0.393683 , 0.937433 , 0
-0.412294 , 0.929422 , 0
-0.430741 , 0.92104 , 0
-0.449015 , 0.912289 , 0
-0.46711 , 0.903174 , 0
-0.485018 , 0.893699 , 0
-0.502733 , 0.883865 , 0
-0.520246 , 0.873679 , 0
-0.537552 , 0.863144 , 0
-0.554643 , 0.852263 , 0
-0.571512 , 0.841042 , 0
-0.588153 , 0.829485 , 0
-0.604558 , 0.817597 , 0
-0.620723 , 0.805381 , 0
-0.636639 , 0.792844 , 0
-0.6523 , 0.77999 , 0
-0.667701 , 0.766824 , 0
-0.682835 , 0.753352 , 0
-0.697696 , 0.739579 , 0
-0.712279 , 0.72551 , 0
-0.726576 , 0.711151 , 0
-0.740583 , 0.696507 , 0
-0.754294 , 0.681585 , 0
-0.767703 , 0.666391 , 0
-0.780805 , 0.650929 , 0
-0.793594 , 0.635208 , 0
-0.806067 , 0.619232 , 0
-0.818216 , 0.603009 , 0
-0.830038 , 0.586544 , 0
-0.841528 , 0.569844 , 0
-0.852681 , 0.552917 , 0
-0.863493 , 0.535768 , 0
-0.873958 , 0.518404 , 0
-0.884074 , 0.500832 , 0
-0.893835 , 0.48306 , 0
-0.903238 , 0.465095 , 0
-0.912279 , 0.446942 , 0
-0.920954 , 0.428611 , 0
-0.92926 , 0.410108 , 0
-0.937193 , 0.39144 , 0
-0.944749 , 0.372615 , 0
-0.951927 , 0.353641 , 0
-0.958722 , 0.334524 , 0
-0.965133 , 0.315273 , 0
-0.971155 , 0.295896 , 0
-0.976787 , 0.276399 , 0
-0.982027 , 0.256792 , 0
-0.986871 , 0.237081 , 0
-0.991319 , 0.217275 , 0
-0.995367 , 0.197381 , 0
-0.999015 , 0.177408 , 0
-1.00226 , 0.157363 , 0
-1.0051 , 0.137255 , 0
-1.00754 , 0.117092 , 0
-1.00957 , 0.0968815 , 0
-1.01119 , 0.0766319 , 0
-1.01241 , 0.0563514 , 0
-1.01321 , 0.0360482 , 0
-1.01361 , 0.0157303 , 0
-1.0136 , -0.00459383 , 0
-1.01318 , -0.0249161 , 0
-1.01234 , -0.0452284 , 0
-1.0111 , -0.0655223 , 0
-1.00945 , -0.0857897 , 0
-1.00739 , -0.106022 , 0
-1.00492 , -0.126212 , 0
-1.00205 , -0.146351 , 0
-0.998768 , -0.16643 , 0
-0.995082 , -0.186442 , 0
-0.990991 , -0.206378 , 0
-0.986498 , -0.22623 , 0
-0.981603 , -0.24599 , 0
-0.97631 , -0.26565 , 0
-0.97062 , -0.285202 , 0
-0.964534 , -0.304638 , 0
-0.958056 , -0.32395 , 0
-0.951187 , -0.34313 , 0
-0.94393 , -0.36217 , 0
-0.936289 , -0.381063 , 0
-0.928265 , -0.399799 , 0
-0.919862 , -0.418373 , 0
-0.911083 , -0.436775 , 0
-0.901931 , -0.454999 , 0
-0.892411 , -0.473037 , 0
-0.882525 , -0.490881 , 0
-0.872277 , -0.508524 , 0
-0.861672 , -0.525958 , 0
-0.850714 , -0.543177 , 0
-0.839406 , -0.560173 , 0
-0.827754 , -0.576939 , 0
-0.815762 , -0.593467 , 0
-0.803434 , -0.609752 , 0
-0.790775 , -0.625786 , 0
-0.777791 , -0.641562 , 0
-0.764486 , -0.657074 , 0
-0.750867 , -0.672314 , 0
-0.736937 , -0.687278 , 0
-0.722703 , -0.701958 , 0
-0.708171 , -0.716347 , 0
-0.693346 , -0.730441 , 0
-0.678234 , -0.744232 , 0
-0.662841 , -0.757715 , 0
-0.647174 , -0.770885 , 0
-0.631238 , -0.783735 , 0
-0.615041 , -0.796259 , 0
-0.598588 , -0.808453 , 0
-0.581886 , -0.820312 , 0
-0.564943 , -0.831829 , 0
-0.547764 , -0.843 , 0
-0.530358 , -0.85382 , 0
-0.51273 , -0.864285 , 0
-0.494889 , -0.874389 , 0
-0.476841 , -0.884128 , 0
-0.458594 , -0.893498 , 0
-0.440156 , -0.902495 , 0
-0.421533 , -0.911114 , 0
-0.402734 , -0.919352 , 0
-0.383767 , -0.927205 , 0
-0.364638 , -0.93467 , 0
-0.345357 , -0.941742 , 0
-0.32593 , -0.948419 , 0
-0.306367 , -0.954698 , 0
-0.286675 , -0.960575 , 0
-0.266863 , -0.966049 , 0
-0.246938 , -0.971115 , 0
-0.226909 , -0.975773 , 0
-0.206784 , -0.980019 , 0
-0.186572 , -0.983852 , 0
-0.166281 , -0.987269 , 0
-0.14592 , -0.990269 , 0
-0.125497 , -0.99285 , 0
-0.105022 , -0.995011 , 0
-0.0845013 , -0.99675 , 0
-0.0639452 , -0.998067 , 0
-0.0433619 , -0.998961 , 0
-0.0227603 , -0.99943 , 0
-0.00214892 , -0.999475 , 0
0.0184633 , -0.999095 , 0
0.0390677 , -0.998289 , 0
0.0596555 , -0.997059 , 0
0.0802178 , -0.995404 , 0
0.100746 , -0.993324 , 0
0.121231 , -0.99082 , 0
0.141664 , -0.987893 , 0
0.162037 , -0.984544 , 0
0.182341 , -0.980774 , 0
0.202566 , -0.976583 , 0
0.222705 , -0.971975 , 0
0.242748 , -0.966949 , 0
0.262687 , -0.961509 , 0
0.282513 , -0.955656 , 0
0.302218 , -0.949392 , 0
0.321793 , -0.94272 , 0
0.341229 , -0.935642 , 0
0.360518 , -0.928161 , 0
0.379652 , -0.920281 , 0
0.398623 , -0.912003 , 0
0.417421 , -0.903331 , 0
0.436039 , -0.89427 , 0
0.454468 , -0.884822 , 0
0.472701 , -0.874991 , 0
0.490729 , -0.864781 , 0
0.508545 , -0.854197 , 0
0.52614 , -0.843243 , 0
0.543507 , -0.831923 , 0
0.560638 , -0.820241 , 0
0.577525 , -0.808203 , 0
0.594162 , -0.795814 , 0
0.61054 , -0.783079 , 0
0.626652 , -0.770003 , 0
0.642491 , -0.756591 , 0
0.65805 , -0.74285 , 0
0.673322 , -0.728784 , 0
0.6883 , -0.714401 , 0
0.702978 , -0.699705 , 0
0.717348 , -0.684704 , 0
0.731405 , -0.669403 , 0
0.745141 , -0.653809 , 0
0.758551 , -0.637929 , 0
0.771629 , -0.621769 , 0
0.784368 , -0.605337 , 0
0.796764 , -0.588639 , 0
0.808809 , -0.571683 , 0
0.820499 , -0.554475 , 0
0.831828 , -0.537024 , 0
0.842792 , -0.519337 , 0
0.853385 , -0.501421 , 0
0.863602 , -0.483284 , 0
0.873438 , -0.464934 , 0
0.882889 , -0.446379 , 0
0.891951 , -0.427628 , 0
0.900619 , -0.408687 , 0
0.90889 , -0.389567 , 0
0.916759 , -0.370274 , 0
0.924222 , -0.350817 , 0
0.931277 , -0.331205 , 0
0.937919 , -0.311447 , 0
0.944147 , -0.29155 , 0
0.949956 , -0.271525 , 0
0.955344 , -0.251379 , 0
0.960308 , -0.231122 , 0
0.964846 , -0.210762 , 0
0.968956 , -0.190309 , 0
0.972636 , -0.169771 , 0
0.975884 , -0.149157 , 0
0.978697 , -0.128478 , 0
0.981076 , -0.107741 , 0
0.983018 , -0.0869563 , 0
0.984522 , -0.0661329 , 0
0.985588 , -0.04528 , 0
0.986216 , -0.024407 , 0
0.986403 , -0.00352307 , 0
0.986151 , 0.0173624 , 0
0.985459 , 0.0382401 , 0
0.984327 , 0.0591008 , 0
0.982756 , 0.0799351 , 0
0.980747 , 0.100734 , 0
0.978299 , 0.121487 , 0
0.975414 , 0.142187 , 0
0.972093 , 0.162822 , 0
0.968338 , 0.183385 , 0
0.964149 , 0.203866 , 0
0.95953 , 0.224256 , 0
0.95448 , 0.244546 , 0
0.949004 , 0.264726 , 0
0.943103 , 0.284787 , 0
0.936779 , 0.304721 , 0
0.930036 , 0.324518 , 0
0.922876 , 0.34417 , 0
0.915302 , 0.363668 , 0
0.907318 , 0.383003 , 0
0.898927 , 0.402166 , 0
0.890134 , 0.421148 , 0
0.88094 , 0.439942 , 0
0.871352 , 0.458538 , 0
0.861373 , 0.476929 , 0
0.851007 , 0.495106 , 0
0.840259 , 0.51306 , 0
0.829134 , 0.530784 , 0
0.817636 , 0.54827 , 0
0.805772 , 0.565509 , 0
0.793546 , 0.582495 , 0
0.780963 , 0.599219 , 0
0.768029 , 0.615674 , 0
0.754751 , 0.631852 , 0
0.741133 , 0.647746 , 0
0.727183 , 0.66335 , 0
0.712905 , 0.678655 , 0
0.698308 , 0.693655 , 0
0.683397 , 0.708344 , 0
0.668178 , 0.722715 , 0
0.65266 , 0.73676 , 0
0.636848 , 0.750475 , 0
0.62075 , 0.763853 , 0
0.604373 , 0.776887 , 0
0.587724 , 0.789572 , 0
0.570812 , 0.801903 , 0
0.553643 , 0.813873 , 0
0.536225 , 0.825478 , 0
0.518567 , 0.836712 , 0
0.500675 , 0.84757 , 0
0.482559 , 0.858048 , 0
0.464226 , 0.86814 , 0
0.445685 , 0.877842 , 0
0.426944 , 0.887151 , 0
0.40801 , 0.896061 , 0
0.388894 , 0.904569 , 0
0.369604 , 0.912671 , 0
0.350147 , 0.920363 , 0
0.330533 , 0.927643 , 0
0.310772 , 0.934507 , 0
0.29087 , 0.940951 , 0
0.270839 , 0.946974 , 0
0.250686 , 0.952572 , 0
0.23042 , 0.957744 , 0
0.210052 , 0.962486 , 0
0.189589 , 0.966798 , 0
0.169042 , 0.970676 , 0
0.148419 , 0.97412 , 0
0.127729 , 0.977128 , 0
0.106982 , 0.979699 , 0
0.0861876 , 0.981832 , 0
0.0653545 , 0.983525 , 0
0.0444921 , 0.984779 , 0
0.0236099 , 0.985593 , 0
0.00271709 , 0.985967 , 0
-0.0181769 , 0.985901 , 0
-0.0390628 , 0.985394 , 0
-0.0599312 , 0.984448 , 0
-0.0807729 , 0.983062 , 0
-0.101579 , 0.981239 , 0
-0.122339 , 0.978978 , 0
-0.143045 , 0.97628 , 0
-0.163687 , 0.973149 , 0
-0.184257 , 0.969583 , 0
-0.204744 , 0.965587 , 0
-0.22514 , 0.961161 , 0
-0.245436 , 0.956307 , 0
-0.265624 , 0.951029 , 0
-0.285693 , 0.945328 , 0
-0.305635 , 0.939208 , 0
-0.325442 , 0.932671 , 0
-0.345104 , 0.92572 , 0
-0.364614 , 0.918359 , 0
-0.383961 , 0.910591 , 0
-0.403139 , 0.90242 , 0
-0.422139 , 0.893849 , 0
-0.440951 , 0.884882 , 0
-0.459569 , 0.875525 , 0
-0.477983 , 0.865781 , 0
-0.496187 , 0.855654 , 0
-0.514171 , 0.845149 , 0
-0.531929 , 0.834272 , 0
-0.549452 , 0.823026 , 0
-0.566732 , 0.811418 , 0
-0.583764 , 0.799453 , 0
-0.600538 , 0.787136 , 0
-0.617048 , 0.774472 , 0
-0.633287 , 0.761468 , 0
-0.649247 , 0.748129 , 0
-0.664923 , 0.734462 , 0
-0.680306 , 0.720473 , 0
-0.695391 , 0.706167 , 0
-0.710172 , 0.691552 , 0
-0.724641 , 0.676635 , 0
-0.738794 , 0.661421 , 0
-0.752623 , 0.645917 , 0
-0.766123 , 0.630131 , 0
-0.779288 , 0.61407 , 0
-0.792113 , 0.597741 , 0
-0.804592 , 0.581151 , 0
-0.816721 , 0.564308 , 0
-0.828494 , 0.547219 , 0
-0.839906 , 0.529891 , 0
-0.850953 , 0.512333 , 0
-0.861629 , 0.494552 , 0
-0.871931 , 0.476557 , 0
-0.881855 , 0.458354 , 0
-0.891396 , 0.439952 , 0
-0.900551 , 0.42136 , 0
-0.909315 , 0.402585 , 0
-0.917685 , 0.383636 , 0
-0.925659 , 0.364521 , 0
-0.933232 , 0.345248 , 0
-0.940402 , 0.325826 , 0
-0.947167 , 0.306264 , 0
-0.953522 , 0.286569 , 0
-0.959467 , 0.266751 , 0
-0.964998 , 0.246818 , 0
-0.970113 , 0.226779 , 0
-0.974812 , 0.206642 , 0
-0.979091 , 0.186416 , 0
-0.98295 , 0.16611 , 0
-0.986387 , 0.145733 , 0
-0.989402 , 0.125293 , 0
-0.991992 , 0.1048 , 0
-0.994157 , 0.084262 , 0
-0.995897 , 0.0636878 , 0
-0.997211 , 0.0430863 , 0
-0.998099 , 0.0224665 , 0
-0.998561 , 0.00183703 , 0
-0.998597 , -0.0187932 , 0
-0.998208 , -0.0394154 , 0
-0.997393 , -0.0600208 , 0
-0.996153 , -0.0806007 , 0
-0.99449 , -0.101146 , 0
-0.992405 , -0.121649 , 0
-0.989898 , -0.1421 , 0
-0.986971 , -0.162491 , 0
-0.983625 , -0.182812 , 0
-0.979863 , -0.203057 , 0
-0.975686 , -0.223215 , 0
-0.971096 , -0.243279 , 0
-0.966096 , -0.26324 , 0
-0.960687 , -0.28309 , 0
-0.954874 , -0.30282 , 0
-0.948657 , -0.322423 , 0
-0.942041 , -0.34189 , 0
-0.935028 , -0.361213 , 0
-0.927621 , -0.380384 , 0
-0.919825 , -0.399395 , 0
-0.911642 , -0.418238 , 0
-0.903076 , -0.436905 , 0
-0.894132 , -0.45539 , 0
-0.884813 , -0.473683 , 0
-0.875123 , -0.491778 , 0
-0.865066 , -0.509667 , 0
-0.854648 , -0.527343 , 0
-0.843873 , -0.544798 , 0
-0.832745 , -0.562026 , 0
-0.82127 , -0.57902 , 0
-0.809452 , -0.595772 , 0
-0.797297 , -0.612275 , 0
-0.78481 , -0.628524 , 0
-0.771996 , -0.644511 , 0
-0.758861 , -0.66023 , 0
-0.745411 , -0.675675 , 0
-0.731652 , -0.690839 , 0
-0.717589 , -0.705717 , 0
-0.703228 , -0.720302 , 0
-0.688576 , -0.734588 , 0
-0.673638 , -0.748571 , 0
-0.658422 , -0.762243 , 0
-0.642934 , -0.775601 , 0
-0.62718 , -0.788637 , 0
-0.611167 , -0.801349 , 0
-0.594902 , -0.813729 , 0
-0.578392 , -0.825774 , 0
-0.561643 , -0.837479 , 0
-0.544663 , -0.848838 , 0
-0.527458 , -0.859849 , 0
-0.510037 , -0.870506 , 0
-0.492406 , -0.880804 , 0
-0.474573 , -0.890742 , 0
-0.456545 , -0.900313 , 0
-0.43833 , -0.909515 , 0
-0.419935 , -0.918344 , 0
-0.401368 , -0.926797 , 0
-0.382636 , -0.934871 , 0
-0.363748 , -0.942561 , 0
-0.344712 , -0.949867 , 0
-0.325534 , -0.956784 , 0
-0.306223 , -0.96331 , 0
-0.286788 , -0.969443 , 0
-0.267235 , -0.97518 , 0
-0.247573 , -0.98052 , 0
-0.227811 , -0.98546 , 0
-0.207955 , -0.989999 , 0
-0.188015 , -0.994134 , 0
-0.167999 , -0.997865 , 0
-0.147914 , -1.00119 , 0
-0.127769 , -1.00411 , 0
-0.107572 , -1.00662 , 0
-0.0873317 , -1.00872 , 0
-0.0670557 , -1.01041 , 0
-0.0467525 , -1.0117 , 0
-0.0264303 , -1.01257 , 0
-0.00609745 , -1.01303 , 0
0.0142379 , -1.01308 , 0
0.0345675 , -1.01272 , 0
0.054883 , -1.01195 , 0
0.0751764 , -1.01078 , 0
0.0954394 , -1.00919 , 0
0.115664 , -1.0072 , 0
0.135842 , -1.0048 , 0
0.155964 , -1.00199 , 0
0.176024 , -0.998778 , 0
0.196013 , -0.995164 , 0
0.215923 , -0.991148 , 0
0.235746 , -0.986734 , 0
0.255474 , -0.981921 , 0
0.275099 , -0.976713 , 0
0.294613 , -0.971112 , 0
0.314008 , -0.96512 , 0
0.333278 , -0.95874 , 0
0.352413 , -0.951974 , 0
0.371406 , -0.944825 , 0
0.39025 , -0.937297 , 0
0.408938 , -0.929391 , 0
0.427461 , -0.921113 , 0
0.445812 , -0.912465 , 0
0.463985 , -0.90345 , 0
0.481971 , -0.894073 , 0
0.499764 , -0.884337 , 0
0.517356 , -0.874246 , 0
0.534741 , -0.863805 , 0
0.551912 , -0.853017 , 0
0.568861 , -0.841887 , 0
0.585583 , -0.83042 , 0
0.602069 , -0.818621 , 0
0.618315 , -0.806493 , 0
0.634313 , -0.794043 , 0
0.650057 , -0.781274 , 0
0.665541 , -0.768193 , 0
0.680758 , -0.754805 , 0
0.695703 , -0.741114 , 0
0.71037 , -0.727127 , 0
0.724752 , -0.712849 , 0
0.738845 , -0.698285 , 0
0.752642 , -0.683443 , 0
0.766138 , -0.668327 , 0
0.779328 , -0.652944 , 0
0.792206 , -0.6373 , 0
0.804767 , -0.621401 , 0
0.817007 , -0.605253 , 0
0.82892 , -0.588864 , 0
0.840502 , -0.57224 , 0
0.851748 , -0.555386 , 0
0.862653 , -0.538311 , 0
0.873214 , -0.52102 , 0
0.883426 , -0.503522 , 0
0.893285 , -0.485822 , 0
0.902787 , -0.467928 , 0
0.911928 , -0.449847 , 0
0.920704 , -0.431586 , 0
0.929113 , -0.413153 , 0
0.93715 , -0.394555 , 0
0.944813 , -0.375799 , 0
0.952098 , -0.356893 , 0
0.959003 , -0.337844 , 0
0.965524 , -0.31866 , 0
0.97166 , -0.299349 , 0
0.977407 , -0.279918 , 0
0.982763 , -0.260375 , 0
0.987726 , -0.240728 , 0
0.992294 , -0.220985 , 0
0.996466 , -0.201153 , 0
1.00024 , -0.181241 , 0
1.00361 , -0.161256 , 0
1.00658 , -0.141207 , 0
1.00915 , -0.121102 , 0
1.01131 , -0.100947 , 0
1.01307 , -0.0807529 , 0
1.01443 , -0.060526 , 0
1.01537 , -0.0402749 , 0
1.01592 , -0.0200077 , 0
1.01605 , 0.000267538 , 0
1.01578 , 0.0205427 , 0
1.0151 , 0.0408096 , 0
1.01401 , 0.0610601 , 0
1.01251 , 0.0812862 , 0
1.01061 , 0.10148 , 0
1.00831 , 0.121632 , 0
1.0056 , 0.141736 , 0
1.00248 , 0.161783 , 0
0.998965 , 0.181765 , 0
0.995047 , 0.201674 , 0
0.990728 , 0.221502 , 0
0.986012 , 0.241241 , 0
0.980899 , 0.260883 , 0
0.975392 , 0.28042 , 0
0.969492 , 0.299844 , 0
0.963202 , 0.319148 , 0
0.956524 , 0.338323 , 0
0.949461 , 0.357361 , 0
0.942015 , 0.376256 , 0
0.934189 , 0.394999 , 0
0.925987 , 0.413583 , 0
0.917411 , 0.432 , 0
0.908465 , 0.450242 , 0
0.899152 , 0.468303 , 0
0.889476 , 0.486174 , 0
0.87944 , 0.503849 , 0
0.869049 , 0.521321 , 0
0.858306 , 0.538581 , 0
0.847216 , 0.555623 , 0
0.835782 , 0.572441 , 0
0.824011 , 0.589027 , 0
0.811905 , 0.605374 , 0
0.79947 , 0.621475 , 0
0.786711 , 0.637324 , 0
0.773632 , 0.652915 , 0
0.76024 , 0.668241 , 0
0.746538 , 0.683295 , 0
0.732533 , 0.698071 , 0
0.71823 , 0.712563 , 0
0.703635 , 0.726766 , 0
0.688753 , 0.740672 , 0
0.673591 , 0.754277 , 0
0.658154 , 0.767574 , 0
0.642449 , 0.780559 , 0
0.626482 , 0.793224 , 0
0.610258 , 0.805566 , 0
0.593786 , 0.817579 , 0
0.577071 , 0.829258 , 0
0.560119 , 0.840597 , 0
0.542939 , 0.851592 , 0
0.525536 , 0.862239 , 0
0.507918 , 0.872532 , 0
0.490091 , 0.882467 , 0
0.472063 , 0.892041 , 0
0.453842 , 0.901248 , 0
0.435434 , 0.910085 , 0
0.416847 , 0.918548 , 0
0.398089 , 0.926633 , 0
0.379167 , 0.934336 , 0
0.360088 , 0.941655 , 0
0.340862 , 0.948585 , 0
0.321494 , 0.955125 , 0
0.301994 , 0.96127 , 0
0.282369 , 0.967018 , 0
0.262628 , 0.972367 , 0
0.242778 , 0.977313 , 0
0.222827 , 0.981855 , 0
0.202785 , 0.985991 , 0
0.182658 , 0.989717 , 0
0.162455 , 0.993034 , 0
0.142185 , 0.995938 , 0
0.121856 , 0.998428 , 0
0.101476 , 1.0005 , 0
0.0810545 , 1.00216 , 0
0.0605989 , 1.00341 , 0
0.040118 , 1.00423 , 0
0.0196204 , 1.00464 , 0
-0.000885374 , 1.00462 , 0
-0.0213908 , 1.00419 , 0
-0.0418873 , 1.00334 , 0
-0.0623662 , 1.00207 , 0
-0.0828191 , 1.00038 , 0
-0.103237 , 0.998269 , 0
-0.123612 , 0.995742 , 0
-0.143935 , 0.992797 , 0
-0.164198 , 0.989436 , 0
-0.184392 , 0.985659 , 0
-0.204508 , 0.981468 , 0
-0.224539 , 0.976864 , 0
-0.244474 , 0.97185 , 0
-0.264307 , 0.966426 , 0
-0.284029 , 0.960594 , 0
-0.30363 , 0.954358 , 0
-0.323104 , 0.947718 , 0
-0.342441 , 0.940679 , 0
-0.361633 , 0.933241 , 0
-0.380672 , 0.925409 , 0
-0.39955 , 0.917185 , 0
-0.418259 , 0.908572 , 0
-0.436791 , 0.899574 , 0
-0.455137 , 0.890194 , 0
-0.473289 , 0.880437 , 0
-0.491241 , 0.870305 , 0
-0.508984 , 0.859802 , 0
-0.52651 , 0.848934 , 0
-0.543811 , 0.837704 , 0
-0.560881 , 0.826118 , 0
-0.577712 , 0.814178 , 0
-0.594296 , 0.801891 , 0
-0.610626 , 0.789261 , 0
-0.626694 , 0.776294 , 0
-0.642495 , 0.762995 , 0
-0.658021 , 0.749369 , 0
-0.673264 , 0.735422 , 0
-0.688219 , 0.721159 , 0
-0.702878 , 0.706587 , 0
-0.717236 , 0.691711 , 0
-0.731285 , 0.676538 , 0
-0.745019 , 0.661073 , 0
-0.758433 , 0.645325 , 0
-0.77152 , 0.629298 , 0
-0.784274 , 0.613 , 0
-0.79669 , 0.596437 , 0
-0.808762 , 0.579617 , 0
-0.820485 , 0.562547 , 0
-0.831853 , 0.545233 , 0
-0.84286 , 0.527683 , 0
-0.853503 , 0.509905 , 0
-0.863776 , 0.491906 , 0
-0.873675 , 0.473693 , 0
-0.883194 , 0.455275 , 0
-0.89233 , 0.436659 , 0
-0.901078 , 0.417854 , 0
-0.909434 , 0.398866 , 0
-0.917394 , 0.379706 , 0
-0.924955 , 0.360379 , 0
-0.932113 , 0.340896 , 0
-0.938864 , 0.321264 , 0
-0.945206 , 0.301492 , 0
-0.951135 , 0.281589 , 0
-0.956648 , 0.261562 , 0
-0.961743 , 0.241421 , 0
-0.966418 , 0.221174 , 0
-0.970669 , 0.200831 , 0
-0.974495 , 0.180399 , 0
-0.977894 , 0.159889 , 0
-0.980864 , 0.139308 , 0
-0.983403 , 0.118666 , 0
-0.985511 , 0.0979722 , 0
-0.987186 , 0.0772352 , 0
-0.988426 , 0.0564643 , 0
-0.989232 , 0.0356684 , 0
-0.989602 , 0.0148569 , 0
-0.989536 , -0.00596111 , 0
-0.989034 , -0.0267765 , 0
-0.988096 , -0.0475802 , 0
-0.986722 , -0.0683628 , 0
-0.984913 , -0.0891152 , 0
-0.982668 , -0.109828 , 0
-0.979989 , -0.130493 , 0
-0.976877 , -0.1511 , 0
-0.973332 , -0.17164 , 0
-0.969357 , -0.192104 , 0
-0.964952 , -0.212483 , 0
-0.96012 , -0.232767 , 0
-0.954861 , -0.252949 , 0
-0.94918 , -0.273018 , 0
-0.943077 , -0.292966 , 0
-0.936556 , -0.312785 , 0
-0.929618 , -0.332464 , 0
-0.922268 , -0.351995 , 0
-0.914507 , -0.37137 , 0
-0.906339 , -0.39058 , 0
-0.897769 , -0.409616 , 0
-0.888798 , -0.42847 , 0
-0.879432 , -0.447132 , 0
-0.869674 , -0.465596 , 0
-0.859528 , -0.483852 , 0
-0.848999 , -0.501892 , 0
-0.838091 , -0.519709 , 0
-0.82681 , -0.537293 , 0
-0.815159 , -0.554638 , 0
-0.803144 , -0.571735 , 0
-0.790771 , -0.588576 , 0
-0.778044 , -0.605155 , 0
-0.764969 , -0.621463 , 0
-0.751552 , -0.637493 , 0
-0.737799 , -0.653238 , 0
-0.723716 , -0.668691 , 0
-0.709309 , -0.683844 , 0
-0.694585 , -0.698692 , 0
-0.679549 , -0.713226 , 0
-0.66421 , -0.727441 , 0
-0.648572 , -0.74133 , 0
-0.632644 , -0.754887 , 0
-0.616432 , -0.768106 , 0
-0.599944 , -0.78098 , 0
-0.583187 , -0.793504 , 0
-0.566169 , -0.805672 , 0
-0.548896 , -0.817479 , 0
-0.531377 , -0.828919 , 0
-0.51362 , -0.839987 , 0
-0.495632 , -0.850678 , 0
-0.477422 , -0.860987 , 0
-0.458997 , -0.870909 , 0
-0.440367 , -0.880441 , 0
-0.421538 , -0.889577 , 0
-0.40252 , -0.898314 , 0
-0.383322 , -0.906647 , 0
-0.363951 , -0.914573 , 0
-0.344417 , -0.922088 , 0
-0.324728 , -0.929189 , 0
-0.304893 , -0.935872 , 0
-0.284921 , -0.942135 , 0
-0.264821 , -0.947975 , 0
-0.244603 , -0.953388 , 0
-0.224274 , -0.958374 , 0
-0.203844 , -0.962928 , 0
-0.183323 , -0.96705 , 0
-0.16272 , -0.970738 , 0
-0.142043 , -0.973989 , 0
-0.121303 , -0.976803 , 0
-0.100508 , -0.979178 , 0
-0.0796677 , -0.981113 , 0
-0.0587919 , -0.982607 , 0
-0.0378897 , -0.98366 , 0
-0.0169704 , -0.984272 , 0
0.00395649 , -0.984441 , 0
0.0248816 , -0.984168 , 0
0.0457955 , -0.983453 , 0
0.0666889 , -0.982297 , 0
0.0875523 , -0.9807 , 0
0.108376 , -0.978663 , 0
0.129152 , -0.976187 , 0
0.14987 , -0.973273 , 0
0.17052 , -0.969922 , 0
0.191094 , -0.966136 , 0
0.211582 , -0.961917 , 0
0.231975 , -0.957267 , 0
0.252265 , -0.952188 , 0
0.272441 , -0.946683 , 0
0.292496 , -0.940753 , 0
0.312419 , -0.934402 , 0
0.332202 , -0.927632 , 0
0.351837 , -0.920448 , 0
0.371315 , -0.912851 , 0
0.390626 , -0.904847 , 0
0.409762 , -0.896437 , 0
0.428716 , -0.887627 , 0
0.447478 , -0.87842 , 0
0.466039 , -0.868821 , 0
0.484393 , -0.858833 , 0
0.502531 , -0.848463 , 0
0.520444 , -0.837713 , 0
0.538125 , -0.82659 , 0
0.555566 , -0.815098 , 0
0.572759 , -0.803243 , 0
0.589697 , -0.79103 , 0
0.606373 , -0.778465 , 0
0.622778 , -0.765553 , 0
0.638907 , -0.7523 , 0
0.654751 , -0.738712 , 0
0.670304 , -0.724796 , 0
0.685559 , -0.710558 , 0
0.700509 , -0.696005 , 0
0.715149 , -0.681142 , 0
0.729471 , -0.665977 , 0
0.743469 , -0.650516 , 0
0.757138 , -0.634767 , 0
0.770471 , -0.618737 , 0
0.783463 , -0.602432 , 0
0.796108 , -0.585861 , 0
0.8084 , -0.569031 , 0
0.820335 , -0.551949 , 0
0.831908 , -0.534623 , 0
0.843113 , -0.51706 , 0
0.853945 , -0.49927 , 0
0.864401 , -0.481259 , 0
0.874476 , -0.463036 , 0
0.884165 , -0.444608 , 0
0.893464 , -0.425985 , 0
0.90237 , -0.407174 , 0
0.910879 , -0.388184 , 0
0.918987 , -0.369024 , 0
0.926692 , -0.349701 , 0
0.933989 , -0.330224 , 0
0.940877 , -0.310603 , 0
0.947351 , -0.290845 , 0
0.953411 , -0.27096 , 0
0.959052 , -0.250956 , 0
0.964274 , -0.230842 , 0
0.969073 , -0.210627 , 0
0.973449 , -0.19032 , 0
0.9774 , -0.16993 , 0
0.980923 , -0.149466 , 0
0.984018 , -0.128936 , 0
0.986685 , -0.10835 , 0
0.988921 , -0.0877172 , 0
0.990726 , -0.0670459 , 0
0.992101 , -0.0463455 , 0
0.993043 , -0.0256249 , 0
0.993554 , -0.00489314 , 0
0.993634 , 0.0158407 , 0
0.993282 , 0.0365677 , 0
0.992499 , 0.0572788 , 0
0.991286 , 0.0779651 , 0
0.989644 , 0.0986177 , 0
0.987574 , 0.119228 , 0
0.985076 , 0.139786 , 0
0.982152 , 0.160284 , 0
0.978805 , 0.180712 , 0
0.975035 , 0.201063 , 0
0.970844 , 0.221327 , 0
0.966235 , 0.241495 , 0
0.96121 , 0.26156 , 0
0.955772 , 0.281512 , 0
0.949922 , 0.301343 , 0
0.943665 , 0.321045 , 0
0.937002 , 0.340608 , 0
0.929937 , 0.360026 , 0
0.922473 , 0.379289 , 0
0.914615 , 0.39839 , 0
0.906365 , 0.41732 , 0
0.897727 , 0.436072 , 0
0.888705 , 0.454637 , 0
0.879304 , 0.473008 , 0
0.869528 , 0.491177 , 0
0.859381 , 0.509137 , 0
0.848867 , 0.52688 , 0
0.837993 , 0.544399 , 0
0.826761 , 0.561685 , 0
0.815179 , 0.578734 , 0
0.80325 , 0.595536 , 0
0.79098 , 0.612085 , 0
0.778374 , 0.628375 , 0
0.765439 , 0.644399 , 0
0.752179 , 0.660149 , 0
0.738601 , 0.675621 , 0
0.724711 , 0.690806 , 0
0.710515 , 0.7057 , 0
0.696018 , 0.720296 , 0
0.681228 , 0.734588 , 0
0.666151 , 0.74857 , 0
0.650793 , 0.762237 , 0
0.635161 , 0.775582 , 0
0.619262 , 0.788602 , 0
0.603103 , 0.80129 , 0
0.58669 , 0.813642 , 0
0.570031 , 0.825652 , 0
0.553134 , 0.837316 , 0
0.536004 , 0.84863 , 0
0.51865 , 0.859587 , 0
0.501079 , 0.870185 , 0
0.483298 , 0.88042 , 0
0.465316 , 0.890286 , 0
0.447139 , 0.899781 , 0
0.428775 , 0.9089 , 0
0.410233 , 0.917641 , 0
0.39152 , 0.925999 , 0
0.372644 , 0.933972 , 0
0.353613 , 0.941556 , 0
0.334435 , 0.948748 , 0
0.315118 , 0.955547 , 0
0.295671 , 0.961949 , 0
0.2761 , 0.967952 , 0
0.256416 , 0.973554 , 0
0.236624 , 0.978752 , 0
0.216736 , 0.983546 , 0
0.196757 , 0.987932 , 0
0.176697 , 0.99191 , 0
0.156564 , 0.995479 , 0
0.136366 , 0.998636 , 0
0.116113 , 1.00138 , 0
0.0958109 , 1.00371 , 0
0.0754697 , 1.00563 , 0
0.0550975 , 1.00714 , 0
0.0347025 , 1.00823 , 0
0.0142934 , 1.00891 , 0
-0.00612169 , 1.00917 , 0
-0.0265342 , 1.00901 , 0
-0.0469359 , 1.00845 , 0
-0.0673183 , 1.00747 , 0
-0.0876731 , 1.00607 , 0
-0.107992 , 1.00427 , 0
-0.128267 , 1.00205 , 0
-0.148489 , 0.999426 , 0
-0.16865 , 0.99639 , 0
-0.188743 , 0.992948 , 0
-0.208758 , 0.9891 , 0
-0.228689 , 0.984849 , 0
-0.248526 , 0.980195 , 0
-0.268261 , 0.975143 , 0
-0.287888 , 0.969692 , 0
-0.307397 , 0.963847 , 0
-0.326781 , 0.95761 , 0
-0.346032 , 0.950983 , 0
-0.365143 , 0.943969 , 0
-0.384105 , 0.936572 , 0
-0.402911 , 0.928794 , 0
-0.421553 , 0.92064 , 0
-0.440025 , 0.912112 , 0
-0.458318 , 0.903214 , 0
-0.476425 , 0.893949 , 0
-0.494339 , 0.884323 , 0
-0.512053 , 0.874339 , 0
-0.52956 , 0.864 , 0
-0.546852 , 0.853313 , 0
-0.563924 , 0.84228 , 0
-0.580767 , 0.830906 , 0
-0.597376 , 0.819197 , 0
-0.613744 , 0.807157 , 0
-0.629863 , 0.794792 , 0
-0.645729 , 0.782105 , 0
-0.661334 , 0.769103 , 0
-0.676673 , 0.755791 , 0
-0.691739 , 0.742175 , 0
-0.706526 , 0.728259 , 0
-0.721028 , 0.71405 , 0
-0.735241 , 0.699554 , 0
-0.749157 , 0.684776 , 0
-0.762772 , 0.669723 , 0
-0.776081 , 0.6544 , 0
-0.789077 , 0.638815 , 0
-0.801757 , 0.622972 , 0
-0.814114 , 0.60688 , 0
-0.826144 , 0.590543 , 0
-0.837842 , 0.573969 , 0
-0.849204 , 0.557166 , 0
-0.860226 , 0.540138 , 0
-0.870902 , 0.522894 , 0
-0.881229 , 0.50544 , 0
-0.891203 , 0.487783 , 0
-0.900819 , 0.469931 , 0
-0.910075 , 0.45189 , 0
-0.918965 , 0.433669 , 0
-0.927488 , 0.415274 , 0
-0.935639 , 0.396712 , 0
-0.943415 , 0.377992 , 0
-0.950814 , 0.35912 , 0
-0.957832 , 0.340104 , 0
-0.964467 , 0.320953 , 0
-0.970716 , 0.301672 , 0
-0.976576 , 0.282272 , 0
-0.982046 , 0.262758 , 0
-0.987123 , 0.243139 , 0
-0.991806 , 0.223423 , 0
-0.996091 , 0.203618 , 0
-0.999979 , 0.183731 , 0
-1.00347 , 0.163771 , 0
-1.00655 , 0.143745 , 0
-1.00924 , 0.123662 , 0
-1.01152 , 0.103529 , 0
-1.01339 , 0.0833551 , 0
-1.01487 , 0.0631478 , 0
-1.01593 , 0.0429153 , 0
-1.01659 , 0.0226656 , 0
-1.01684 , 0.00240684 , 0
-1.01669 , -0.0178529 , 0
-1.01613 , -0.0381054 , 0
-1.01517 , -0.0583428 , 0
-1.0138 , -0.0785568 , 0
-1.01202 , -0.0987395 , 0
-1.00984 , -0.118883 , 0
-1.00726 , -0.138978 , 0
-1.00427 , -0.159018 , 0
-1.00088 , -0.178995 , 0
-0.997094 , -0.1989 , 0
-0.992908 , -0.218725 , 0
-0.988324 , -0.238464 , 0
-0.983345 , -0.258106 , 0
-0.977973 , -0.277646 , 0
-0.97221 , -0.297074 , 0
-0.966058 , -0.316384 , 0
-0.95952 , -0.335567 , 0
-0.952597 , -0.354616 , 0
-0.945294 , -0.373523 , 0
-0.937612 , -0.39228 , 0
-0.929555 , -0.41088 , 0
-0.921125 , -0.429316 , 0
-0.912327 , -0.44758 , 0
-0.903164 , -0.465665 , 0
-0.893638 , -0.483563 , 0
-0.883755 , -0.501267 , 0
-0.873517 , -0.518771 , 0
-0.862929 , -0.536066 , 0
-0.851995 , -0.553147 , 0
-0.840719 , -0.570006 , 0
-0.829107 , -0.586636 , 0
-0.817161 , -0.60303 , 0
-0.804887 , -0.619183 , 0
-0.79229 , -0.635087 , 0
-0.779375 , -0.650735 , 0
-0.766147 , -0.666123 , 0
-0.752611 , -0.681242 , 0
-0.738772 , -0.696088 , 0
-0.724636 , -0.710654 , 0
-0.710209 , -0.724934 , 0
-0.695496 , -0.738922 , 0
-0.680503 , -0.752613 , 0
-0.665235 , -0.766 , 0
-0.6497 , -0.779079 , 0
-0.633903 , -0.791844 , 0
-0.61785 , -0.80429 , 0
-0.601548 , -0.816411 , 0
-0.585004 , -0.828203 , 0
-0.568223 , -0.839661 , 0
-0.551213 , -0.850779 , 0
-0.53398 , -0.861554 , 0
-0.516531 , -0.87198 , 0
-0.498873 , -0.882054 , 0
-0.481013 , -0.89177 , 0
-0.462959 , -0.901126 , 0
-0.444717 , -0.910117 , 0
-0.426295 , -0.91874 , 0
-0.4077 , -0.926989 , 0
-0.38894 , -0.934863 , 0
-0.370022 , -0.942358 , 0
-0.350954 , -0.94947 , 0
-0.331743 , -0.956196 , 0
-0.312398 , -0.962534 , 0
-0.292925 , -0.96848 , 0
-0.273334 , -0.974032 , 0
-0.253631 , -0.979188 , 0
-0.233824 , -0.983945 , 0
-0.213923 , -0.988301 , 0
-0.193934 , -0.992254 , 0
-0.173866 , -0.995803 , 0
-0.153727 , -0.998945 , 0
-0.133526 , -1.00168 , 0
-0.113269 , -1.004 , 0
-0.0929669 , -1.00592 , 0
-0.0726263 , -1.00742 , 0
-0.052256 , -1.00851 , 0
-0.0318643 , -1.00919 , 0
-0.0114595 , -1.00945 , 0
0.00894995 , -1.0093 , 0
0.0293558 , -1.00873 , 0
0.0497495 , -1.00775 , 0
0.0701228 , -1.00636 , 0
0.0904673 , -1.00455 , 0
0.110775 , -1.00233 , 0
0.131036 , -0.999699 , 0
0.151244 , -0.996654 , 0
0.171389 , -0.993198 , 0
0.191464 , -0.989332 , 0
0.211459 , -0.985058 , 0
0.231367 , -0.980376 , 0
0.25118 , -0.97529 , 0
0.270889 , -0.9698 , 0
0.290485 , -0.963908 , 0
0.309961 , -0.957617 , 0
0.329309 , -0.950929 , 0
0.34852 , -0.943847 , 0
0.367586 , -0.936373 , 0
0.3865 , -0.92851 , 0
0.405253 , -0.92026 , 0
0.423837 , -0.911628 , 0
0.442245 , -0.902617 , 0
0.460469 , -0.893229 , 0
0.4785 , -0.883469 , 0
0.496332 , -0.87334 , 0
0.513957 , -0.862847 , 0
0.531367 , -0.851993 , 0
0.548555 , -0.840783 , 0
0.565513 , -0.829221 , 0
0.582235 , -0.817312 , 0
0.598712 , -0.80506 , 0
0.614938 , -0.792471 , 0
0.630907 , -0.779549 , 0
0.64661 , -0.766299 , 0
0.662041 , -0.752728 , 0
0.677194 , -0.738839 , 0
0.692062 , -0.72464 , 0
0.706638 , -0.710136 , 0
0.720917 , -0.695332 , 0
0.734891 , -0.680234 , 0
0.748555 , -0.66485 , 0
0.761902 , -0.649184 , 0
0.774927 , -0.633244 , 0
0.787625 , -0.617036 , 0
0.799988 , -0.600566 , 0
0.812013 , -0.583842 , 0
0.823693 , -0.56687 , 0
0.835024 , -0.549658 , 0
0.845999 , -0.532212 , 0
0.856615 , -0.51454 , 0
0.866867 , -0.496649 , 0
0.876749 , -0.478546 , 0
0.886258 , -0.46024 , 0
0.895389 , -0.441737 , 0
0.904137 , -0.423046 , 0
0.9125 , -0.404174 , 0
0.920472 , -0.385129 , 0
0.928051 , -0.365919 , 0
0.935232 , -0.346553 , 0
0.942013 , -0.327038 , 0
0.948389 , -0.307383 , 0
0.954359 , -0.287597 , 0
0.959919 , -0.267686 , 0
0.965067 , -0.247661 , 0
0.9698 , -0.227529 , 0
0.974115 , -0.2073 , 0
0.978011 , -0.186981 , 0
0.981485 , -0.166581 , 0
0.984536 , -0.14611 , 0
0.987162 , -0.125575 , 0
0.989361 , -0.104986 , 0
0.991133 , -0.0843523 , 0
0.992476 , -0.0636817 , 0
0.99339 , -0.0429835 , 0
0.993873 , -0.0222667 , 0
0.993926 , -0.00154032 , 0
0.993547 , 0.0191868 , 0
0.992737 , 0.0399055 , 0
0.991496 , 0.060607 , 0
0.989823 , 0.081282 , 0
0.987721 , 0.101922 , 0
0.985188 , 0.122517 , 0
0.982226 , 0.143059 , 0
0.978836 , 0.163539 , 0
0.975019 , 0.183947 , 0
0.970776 , 0.204275 , 0
0.966109 , 0.224514 , 0
0.96102 , 0.244654 , 0
0.955511 , 0.264688 , 0
0.949584 , 0.284606 , 0
0.94324 , 0.304399 , 0
0.936484 , 0.324059 , 0
0.929317 , 0.343577 , 0
0.921742 , 0.362944 , 0
0.913762 , 0.382151 , 0
0.905381 , 0.401191 , 0
0.896602 , 0.420054 , 0
0.887429 , 0.438733 , 0
0.877865 , 0.457218 , 0
0.867914 , 0.475503 , 0
0.857582 , 0.493577 , 0
0.846871 , 0.511435 , 0
0.835786 , 0.529066 , 0
0.824333 , 0.546464 , 0
0.812515 , 0.563621 , 0
0.800339 , 0.580528 , 0
0.787809 , 0.597179 , 0
0.77493 , 0.613566 , 0
0.761708 , 0.629682 , 0
0.748149 , 0.645518 , 0
0.734259 , 0.661069 , 0
0.720043 , 0.676326 , 0
0.705508 , 0.691284 , 0
0.69066 , 0.705935 , 0
0.675505 , 0.720272 , 0
0.660051 , 0.73429 , 0
0.644303 , 0.747981 , 0
0.628268 , 0.76134 , 0
0.611955 , 0.774361 , 0
0.595369 , 0.787037 , 0
0.578518 , 0.799362 , 0
0.561409 , 0.811332 , 0
0.544051 , 0.82294 , 0
0.526449 , 0.834182 , 0
0.508614 , 0.845052 , 0
0.490551 , 0.855544 , 0
0.47227 , 0.865655 , 0
0.453777 , 0.87538 , 0
0.435082 , 0.884714 , 0
0.416193 , 0.893653 , 0
0.397118 , 0.902192 , 0
0.377866 , 0.910328 , 0
0.358444 , 0.918058 , 0
0.338862 , 0.925376 , 0
0.319129 , 0.932281 , 0
0.299253 , 0.938769 , 0
0.279242 , 0.944836 , 0
0.259107 , 0.95048 , 0
0.238856 , 0.955699 , 0
0.218498 , 0.96049 , 0
0.198041 , 0.96485 , 0
0.177497 , 0.968778 , 0
0.156872 , 0.972271 , 0
0.136177 , 0.975329 , 0
0.115421 , 0.977949 , 0
0.0946138 , 0.98013 , 0
0.0737637 , 0.981872 , 0
0.0528805 , 0.983173 , 0
0.0319736 , 0.984033 , 0
0.0110523 , 0.984452 , 0
-0.00987392 , 0.984428 , 0
-0.0307957 , 0.983962 , 0
-0.0517037 , 0.983055 , 0
-0.0725885 , 0.981706 , 0
-0.0934406 , 0.979916 , 0
-0.114251 , 0.977686 , 0
-0.13501 , 0.975017 , 0
-0.155708 , 0.97191 , 0
-0.176336 , 0.968366 , 0
-0.196885 , 0.964388 , 0
-0.217346 , 0.959975 , 0
-0.237709 , 0.955132 , 0
-0.257965 , 0.949859 , 0
-0.278105 , 0.94416 , 0
-0.29812 , 0.938036 , 0
-0.318002 , 0.931491 , 0
-0.33774 , 0.924528 , 0
-0.357327 , 0.917149 , 0
-0.376753 , 0.909358 , 0
-0.39601 , 0.901158 , 0
-0.415089 , 0.892554 , 0
-0.433981 , 0.883548 , 0
-0.452679 , 0.874146 , 0
-0.471173 , 0.864351 , 0
-0.489456 , 0.854169 , 0
-0.507519 , 0.843602 , 0
-0.525354 , 0.832657 , 0
-0.542953 , 0.821338 , 0
-0.560309 , 0.809651 , 0
-0.577413 , 0.7976 , 0
-0.594259 , 0.785192 , 0
-0.610837 , 0.772431 , 0
-0.627142 , 0.759324 , 0
-0.643165 , 0.745876 , 0
-0.6589 , 0.732094 , 0
-0.67434 , 0.717983 , 0
-0.689478 , 0.703551 , 0
-0.704306 , 0.688804 , 0
-0.71882 , 0.673749 , 0
-0.733011 , 0.658391 , 0
-0.746874 , 0.642739 , 0
-0.760403 , 0.626799 , 0
-0.773592 , 0.610579 , 0
-0.786435 , 0.594086 , 0
-0.798926 , 0.577327 , 0
-0.81106 , 0.56031 , 0
-0.822832 , 0.543043 , 0
-0.834236 , 0.525533 , 0
-0.845267 , 0.507788 , 0
-0.855922 , 0.489817 , 0
-0.866194 , 0.471627 , 0
-0.87608 , 0.453227 , 0
-0.885575 , 0.434625 , 0
-0.894676 , 0.415829 , 0
-0.903378 , 0.396848 , 0
-0.911678 , 0.37769 , 0
-0.919572 , 0.358364 , 0
-0.927057 , 0.338878 , 0
-0.934129 , 0.319242 , 0
-0.940786 , 0.299464 , 0
-0.947025 , 0.279552 , 0
-0.952844 , 0.259517 , 0
-0.958239 , 0.239366 , 0
-0.963209 , 0.21911 , 0
-0.967752 , 0.198756 , 0
-0.971866 , 0.178313 , 0
-0.97555 , 0.157792 , 0
-0.978801 , 0.137201 , 0
-0.981619 , 0.116549 , 0
-0.984003 , 0.0958462 , 0
-0.985952 , 0.0751005 , 0
-0.987465 , 0.0543216 , 0
-0.988541 , 0.0335187 , 0
-0.989182 , 0.012701 , 0
-0.989386 , -0.0081223 , 0
-0.989153 , -0.028942 , 0
-0.988485 , -0.049749 , 0
-0.987382 , -0.070534 , 0
-0.985843 , -0.091288 , 0
-0.983872 , -0.112002 , 0
-0.981467 , -0.132666 , 0
-0.978631 , -0.153273 , 0
-0.975366 , -0.173812 , 0
-0.971672 , -0.194274 , 0
-0.967553 , -0.214652 , 0
-0.963009 , -0.234935 , 0
-0.958043 , -0.255116 , 0
-0.952658 , -0.275185 , 0
-0.946857 , -0.295133 , 0
-0.940641 , -0.314953 , 0
-0.934015 , -0.334634 , 0
-0.92698 , -0.35417 , 0
-0.919541 , -0.373551 , 0
-0.911702 , -0.39277 , 0
-0.903465 , -0.411817 , 0
-0.894834 , -0.430685 , 0
-0.885815 , -0.449365 , 0
-0.87641 , -0.46785 , 0
-0.866624 , -0.486132 , 0
-0.856462 , -0.504203 , 0
-0.845928 , -0.522055 , 0
-0.835028 , -0.539681 , 0
-0.823766 , -0.557072 , 0
-0.812147 , -0.574223 , 0
-0.800176 , -0.591125 , 0
-0.78786 , -0.607771 , 0
-0.775203 , -0.624155 , 0
-0.762212 , -0.64027 , 0
-0.748892 , -0.656108 , 0
-0.735249 , -0.671663 , 0
-0.721289 , -0.686929 , 0
-0.707019 , -0.7019 , 0
-0.692445 , -0.716568 , 0
-0.677573 , -0.730929 , 0
-0.662409 , -0.744975 , 0
-0.646962 , -0.758702 , 0
-0.631237 , -0.772103 , 0
-0.615242 , -0.785174 , 0
-0.598983 , -0.797908 , 0
-0.582468 , -0.810301 , 0
-0.565704 , -0.822347 , 0
-0.548699 , -0.834043 , 0
-0.531458 , -0.845382 , 0
-0.513992 , -0.85636 , 0
-0.496306 , -0.866973 , 0
-0.478409 , -0.877217 , 0
-0.460308 , -0.887088 , 0
-0.442011 , -0.896581 , 0
-0.423527 , -0.905694 , 0
-0.404862 , -0.914422 , 0
-0.386026 , -0.922761 , 0
-0.367026 , -0.93071 , 0
-0.347871 , -0.938264 , 0
-0.328569 , -0.945421 , 0
-0.309127 , -0.952178 , 0
-0.289555 , -0.958533 , 0
-0.26986 , -0.964482 , 0
-0.250052 , -0.970025 , 0
-0.230138 , -0.975158 , 0
-0.210127 , -0.979881 , 0
-0.190028 , -0.984191 , 0
-0.169848 , -0.988087 , 0
-0.149598 , -0.991567 , 0
-0.129284 , -0.994631 , 0
-0.108916 , -0.997277 , 0
-0.0885027 , -0.999504 , 0
-0.068052 , -1.00131 , 0
-0.0475728 , -1.0027 , 0
-0.0270737 , -1.00367 , 0
-0.00656334 , -1.00422 , 0
0.0139498 , -1.00435 , 0
0.0344571 , -1.00406 , 0
0.0549501 , -1.00335 , 0
0.0754201 , -1.00223 , 0
0.0958587 , -1.00068 , 0
0.116257 , -0.998721 , 0
0.136608 , -0.996344 , 0
0.156901 , -0.993553 , 0
0.177129 , -0.990349 , 0
0.197284 , -0.986734 , 0
0.217357 , -0.982709 , 0
0.23734 , -0.978277 , 0
0.257224 , -0.973439 , 0
0.277002 , -0.968198 , 0
0.296665 , -0.962557 , 0
0.316206 , -0.956517 , 0
0.335616 , -0.950083 , 0
0.354887 , -0.943256 , 0
0.374012 , -0.936039 , 0
0.392983 , -0.928437 , 0
0.411791 , -0.920452 , 0
0.430431 , -0.912088 , 0
0.448892 , -0.903349 , 0
0.46717 , -0.894238 , 0
0.485255 , -0.88476 , 0
0.503141 , -0.874918 , 0
0.52082 , -0.864717 , 0
0.538286 , -0.854161 , 0
0.555531 , -0.843255 , 0
0.572549 , -0.832003 , 0
0.589332 , -0.820411 , 0
0.605873 , -0.808483 , 0
0.622167 , -0.796224 , 0
0.638207 , -0.78364 , 0
0.653986 , -0.770736 , 0
0.669498 , -0.757517 , 0
0.684737 , -0.743989 , 0
0.699696 , -0.730157 , 0
0.71437 , -0.716028 , 0
0.728754 , -0.701608 , 0
0.74284 , -0.686901 , 0
0.756625 , -0.671915 , 0
0.770101 , -0.656656 , 0
0.783265 , -0.64113 , 0
0.796111 , -0.625344 , 0
0.808633 , -0.609303 , 0
0.820827 , -0.593016 , 0
0.832688 , -0.576487 , 0
0.844211 , -0.559726 , 0
0.855393 , -0.542737 , 0
0.866227 , -0.525528 , 0
0.876712 , -0.508107 , 0
0.886841 , -0.49048 , 0
0.896612 , -0.472654 , 0
0.90602 , -0.454638 , 0
0.915062 , -0.436438 , 0
0.923735 , -0.418061 , 0
0.932034 , -0.399516 , 0
0.939958 , -0.38081 , 0
0.947502 , -0.361949 , 0
0.954664 , -0.342943 , 0
0.961441 , -0.323799 , 0
0.967831 , -0.304524 , 0
0.973831 , -0.285127 , 0
0.979439 , -0.265614 , 0
0.984652 , -0.245995 , 0
0.98947 , -0.226277 , 0
0.993889 , -0.206468 , 0
0.997909 , -0.186576 , 0
1.00153 , -0.166608 , 0
1.00474 , -0.146574 , 0
1.00756 , -0.126481 , 0
1.00996 , -0.106338 , 0
1.01197 , -0.086151 , 0
1.01356 , -0.0659299 , 0
1.01475 , -0.0456824 , 0
1.01554 , -0.0254166 , 0
1.01591 , -0.00514051 , 0
1.01588 , 0.0151376 , 0
1.01544 , 0.0354096 , 0
1.0146 , 0.0556675 , 0
1.01334 , 0.075903 , 0
1.01168 , 0.0961082 , 0
1.00962 , 0.116275 , 0
1.00715 , 0.136395 , 0
1.00428 , 0.15646 , 0
1.00101 , 0.176463 , 0
0.997336 , 0.196396 , 0
0.993264 , 0.216249 , 0
0.988794 , 0.236016 , 0
0.983929 , 0.255689 , 0
0.97867 , 0.27526 , 0
0.97302 , 0.29472 , 0
0.96698 , 0.314063 , 0
0.960554 , 0.33328 , 0
0.953744 , 0.352363 , 0
0.946553 , 0.371306 , 0
0.938984 , 0.390101 , 0
0.931039 , 0.408739 , 0
0.922722 , 0.427215 , 0
0.914036 , 0.445519 , 0
0.904985 , 0.463645 , 0
0.895572 , 0.481587 , 0
0.885802 , 0.499335 , 0
0.875677 , 0.516884 , 0
0.865203 , 0.534227 , 0
0.854383 , 0.551356 , 0
0.843221 , 0.568265 , 0
0.831722 , 0.584947 , 0
0.819891 , 0.601395 , 0
0.807733 , 0.617602 , 0
0.795251 , 0.633563 , 0
0.782452 , 0.64927 , 0
0.76934 , 0.664718 , 0
0.75592 , 0.6799 , 0
0.742198 , 0.694811 , 0
0.728179 , 0.709443 , 0
0.713869 , 0.723792 , 0
0.699273 , 0.737851 , 0
0.684398 , 0.751615 , 0
0.669249 , 0.765079 , 0
0.653832 , 0.778236 , 0
0.638154 , 0.791082 , 0
0.62222 , 0.803611 , 0
0.606037 , 0.815819 , 0
0.589611 , 0.8277 , 0
0.57295 , 0.839249 , 0
0.556058 , 0.850462 , 0
0.538944 , 0.861335 , 0
0.521614 , 0.871862 , 0
0.504075 , 0.88204 , 0
0.486334 , 0.891864 , 0
0.468398 , 0.901331 , 0
0.450274 , 0.910436 , 0
0.431969 , 0.919176 , 0
0.413491 , 0.927546 , 0
0.394846 , 0.935545 , 0
0.376044 , 0.943167 , 0
0.35709 , 0.950411 , 0
0.337992 , 0.957273 , 0
0.318759 , 0.96375 , 0
0.299398 , 0.96984 , 0
0.279916 , 0.975539 , 0
0.260322 , 0.980846 , 0
0.240623 , 0.985758 , 0
0.220826 , 0.990273 , 0
0.200941 , 0.99439 , 0
0.180975 , 0.998105 , 0
0.160936 , 1.00142 , 0
0.140833 , 1.00433 , 0
0.120672 , 1.00683 , 0
0.100462 , 1.00893 , 0
0.0802125 , 1.01062 , 0
0.0599301 , 1.0119 , 0
0.0396236 , 1.01278 , 0
0.019301 , 1.01324 , 0
-0.00102944 , 1.01329 , 0
-0.0213594 , 1.01294 , 0
-0.0416808 , 1.01217 , 0
-0.0619852 , 1.01099 , 0
-0.0822646 , 1.00941 , 0
-0.102511 , 1.00741 , 0
-0.122715 , 1.00501 , 0
-0.14287 , 1.0022 , 0
-0.162966 , 0.998979 , 0
-0.182996 , 0.995354 , 0
-0.202952 , 0.991325 , 0
-0.222826 , 0.986893 , 0
-0.242609 , 0.982059 , 0
-0.262293 , 0.976825 , 0
-0.28187 , 0.971193 , 0
-0.301332 , 0.965165 , 0
-0.320671 , 0.958744 , 0
-0.33988 , 0.951931 , 0
-0.35895 , 0.94473 , 0
-0.377873 , 0.937143 , 0
-0.396641 , 0.929173 , 0
-0.415248 , 0.920822 , 0
-0.433684 , 0.912095 , 0
-0.451943 , 0.902995 , 0
-0.470016 , 0.893524 , 0
-0.487897 , 0.883687 , 0
-0.505578 , 0.873487 , 0
-0.523051 , 0.862929 , 0
-0.54031 , 0.852016 , 0
-0.557346 , 0.840753 , 0
-0.574153 , 0.829144 , 0
-0.590723 , 0.817194 , 0
-0.607051 , 0.804907 , 0
-0.623128 , 0.792289 , 0
-0.638948 , 0.779344 , 0
-0.654504 , 0.766077 , 0
-0.66979 , 0.752494 , 0
-0.6848 , 0.738599 , 0
-0.699526 , 0.7244 , 0
-0.713962 , 0.7099 , 0
-0.728103 , 0.695107 , 0
-0.741942 , 0.680026 , 0
-0.755474 , 0.664662 , 0
-0.768692 , 0.649023 , 0
-0.781591 , 0.633114 , 0
-0.794165 , 0.616942 , 0
-0.806409 , 0.600514 , 0
-0.818317 , 0.583835 , 0
-0.829884 , 0.566914 , 0
-0.841106 , 0.549756 , 0
-0.851976 , 0.532369 , 0
-0.862491 , 0.514759 , 0
-0.872646 , 0.496935 , 0
-0.882436 , 0.478903 , 0
-0.891857 , 0.46067 , 0
-0.900904 , 0.442245 , 0
-0.909574 , 0.423635 , 0
-0.917863 , 0.404846 , 0
-0.925767 , 0.385889 , 0
-0.933282 , 0.366768 , 0
-0.940405 , 0.347494 , 0
-0.947132 , 0.328074 , 0
-0.953461 , 0.308516 , 0
-0.959388 , 0.288828 , 0
-0.964911 , 0.269018 , 0
-0.970027 , 0.249094 , 0
-0.974733 , 0.229066 , 0
-0.979028 , 0.20894 , 0
-0.982909 , 0.188727 , 0
-0.986374 , 0.168433 , 0
-0.989421 , 0.148068 , 0
-0.992049 , 0.127641 , 0
-0.994257 , 0.107159 , 0
-0.996042 , 0.0866318 , 0
-0.997405 , 0.0660679 , 0
-0.998343 , 0.0454758 , 0
-0.998857 , 0.0248644 , 0
-0.998946 , 0.00424249 , 0
-0.998609 , -0.0163813 , 0
-0.997847 , -0.0369981 , 0
-0.996659 , -0.0575991 , 0
-0.995045 , -0.0781755 , 0
-0.993006 , -0.0987185 , 0
-0.990543 , -0.119219 , 0
-0.987656 , -0.139669 , 0
-0.984345 , -0.160059 , 0
-0.980613 , -0.18038 , 0
-0.97646 , -0.200624 , 0
-0.971888 , -0.220782 , 0
-0.966899 , -0.240845 , 0
-0.961494 , -0.260805 , 0
-0.955675 , -0.280652 , 0
-0.949445 , -0.300379 , 0
-0.942806 , -0.319976 , 0
-0.935761 , -0.339435 , 0
-0.928312 , -0.358748 , 0
-0.920461 , -0.377905 , 0
-0.912214 , -0.3969 , 0
-0.903571 , -0.415723 , 0
-0.894538 , -0.434366 , 0
-0.885118 , -0.452821 , 0
-0.875313 , -0.471079 , 0
-0.86513 , -0.489134 , 0
-0.854571 , -0.506976 , 0
-0.84364 , -0.524598 , 0
-0.832344 , -0.541992 , 0
-0.820685 , -0.55915 , 0
-0.808669 , -0.576065 , 0
-0.796301 , -0.59273 , 0
-0.783586 , -0.609136 , 0
-0.770529 , -0.625276 , 0
-0.757136 , -0.641143 , 0
-0.743413 , -0.656731 , 0
-0.729364 , -0.672031 , 0
-0.714997 , -0.687038 , 0
-0.700317 , -0.701744 , 0
-0.685331 , -0.716143 , 0
-0.670044 , -0.730229 , 0
-0.654463 , -0.743994 , 0
-0.638596 , -0.757433 , 0
-0.622448 , -0.770539 , 0
-0.606027 , -0.783307 , 0
-0.589339 , -0.795731 , 0
-0.572393 , -0.807805 , 0
-0.555194 , -0.819523 , 0
-0.537751 , -0.830881 , 0
-0.520072 , -0.841873 , 0
-0.502163 , -0.852494 , 0
-0.484032 , -0.862739 , 0
-0.465688 , -0.872603 , 0
-0.447139 , -0.882082 , 0
-0.428392 , -0.891171 , 0
-0.409455 , -0.899867 , 0
-0.390338 , -0.908164 , 0
-0.371048 , -0.91606 , 0
-0.351593 , -0.92355 , 0
-0.331983 , -0.930631 , 0
-0.312226 , -0.9373 , 0
-0.29233 , -0.943553 , 0
-0.272305 , -0.949388 , 0
-0.252159 , -0.954801 , 0
-0.231901 , -0.959791 , 0
-0.21154 , -0.964354 , 0
-0.191085 , -0.968489 , 0
-0.170545 , -0.972193 , 0
-0.149929 , -0.975464 , 0
-0.129246 , -0.978302 , 0
-0.108506 , -0.980704 , 0
-0.0877173 , -0.982669 , 0
-0.0668897 , -0.984197 , 0
-0.0460323 , -0.985285 , 0
-0.0251544 , -0.985935 , 0
-0.00426525 , -0.986144 , 0
0.0166258 , -0.985914 , 0
0.0375094 , -0.985243 , 0
0.0583763 , -0.984133 , 0
0.0792171 , -0.982583 , 0
0.100023 , -0.980594 , 0
0.120783 , -0.978166 , 0
0.14149 , -0.975301 , 0
0.162133 , -0.972 , 0
0.182704 , -0.968264 , 0
0.203193 , -0.964095 , 0
0.223591 , -0.959494 , 0
0.243889 , -0.954463 , 0
0.264078 , -0.949005 , 0
0.284149 , -0.943122 , 0
0.304092 , -0.936816 , 0
0.323899 , -0.93009 , 0
0.34356 , -0.922948 , 0
0.363068 , -0.915391 , 0
0.382412 , -0.907424 , 0
0.401586 , -0.89905 , 0
0.420579 , -0.890272 , 0
0.439383 , -0.881095 , 0
0.45799 , -0.871522 , 0
0.476391 , -0.861558 , 0
0.494579 , -0.851208 , 0
0.512545 , -0.840475 , 0
0.53028 , -0.829365 , 0
0.547777 , -0.817882 , 0
0.565028 , -0.806032 , 0
0.582026 , -0.79382 , 0
0.598762 , -0.781252 , 0
0.615229 , -0.768332 , 0
0.631419 , -0.755067 , 0
0.647326 , -0.741463 , 0
0.662942 , -0.727526 , 0
0.67826 , -0.713262 , 0
0.693274 , -0.698677 , 0
0.707976 , -0.683779 , 0
0.722359 , -0.668573 , 0
0.736419 , -0.653067 , 0
0.750147 , -0.637268 , 0
0.763538 , -0.621182 , 0
0.776587 , -0.604817 , 0
0.789286 , -0.58818 , 0
0.801631 , -0.57128 , 0
0.813616 , -0.554122 , 0
0.825235 , -0.536716 , 0
0.836484 , -0.519069 , 0
0.847357 , -0.501188 , 0
0.85785 , -0.483083 , 0
0.867958 , -0.464761 , 0
0.877676 , -0.44623 , 0
0.887 , -0.427499 , 0
0.895927 , -0.408576 , 0
0.904451 , -0.38947 , 0
0.91257 , -0.370189 , 0
0.920279 , -0.350742 , 0
0.927576 , -0.331138 , 0
0.934457 , -0.311385 , 0
0.940919 , -0.291493 , 0
0.94696 , -0.27147 , 0
0.952576 , -0.251326 , 0
0.957766 , -0.231069 , 0
0.962527 , -0.210708 , 0
0.966858 , -0.190254 , 0
0.970755 , -0.169714 , 0
0.974219 , -0.149098 , 0
0.977246 , -0.128416 , 0
0.979837 , -0.107676 , 0
0.98199 , -0.086888 , 0
0.983704 , -0.0660612 , 0
0.984979 , -0.045205 , 0
0.985814 , -0.0243285 , 0
0.986209 , -0.00344122 , 0
0.986164 , 0.0174476 , 0
0.98568 , 0.0383287 , 0
0.984756 , 0.0591926 , 0
0.983393 , 0.0800302 , 0
0.981592 , 0.100832 , 0
0.979354 , 0.121589 , 0
0.97668 , 0.142292 , 0
0.973572 , 0.162932 , 0
0.970031 , 0.183499 , 0
0.966058 , 0.203985 , 0
0.961657 , 0.22438 , 0
0.956828 , 0.244675 , 0
0.951575 , 0.264862 , 0
0.945899 , 0.284931 , 0
0.939805 , 0.304874 , 0
0.933293 , 0.324682 , 0
0.926368 , 0.344346 , 0
0.919033 , 0.363857 , 0
0.911291 , 0.383208 , 0
0.903147 , 0.402389 , 0
0.894603 , 0.421392 , 0
0.885663 , 0.440209 , 0
0.876333 , 0.458831 , 0
0.866616 , 0.477251 , 0
0.856517 , 0.495461 , 0
0.84604 , 0.513452 , 0
0.83519 , 0.531217 , 0
0.823973 , 0.548748 , 0
0.812393 , 0.566037 , 0
0.800455 , 0.583078 , 0
0.788166 , 0.599862 , 0
0.775531 , 0.616383 , 0
0.762555 , 0.632633 , 0
0.749245 , 0.648606 , 0
0.735606 , 0.664294 , 0
0.721645 , 0.679691 , 0
0.707368 , 0.694791 , 0
0.692781 , 0.709587 , 0
0.677891 , 0.724072 , 0
0.662705 , 0.738241 , 0
0.64723 , 0.752087 , 0
0.631472 , 0.765605 , 0
0.615439 , 0.778789 , 0
0.599137 , 0.791634 , 0
0.582575 , 0.804134 , 0
0.565759 , 0.816284 , 0
0.548697 , 0.828079 , 0
0.531396 , 0.839514 , 0
0.513865 , 0.850584 , 0
0.49611 , 0.861285 , 0
0.47814 , 0.871613 , 0
0.459963 , 0.881562 , 0
0.441587 , 0.89113 , 0
0.42302 , 0.900312 , 0
0.404269 , 0.909105 , 0
0.385344 , 0.917505 , 0
0.366253 , 0.925508 , 0
0.347004 , 0.933112 , 0
0.327604 , 0.940314 , 0
0.308064 , 0.94711 , 0
0.288391 , 0.953499 , 0
0.268594 , 0.959477 , 0
0.248681 , 0.965043 , 0
0.228662 , 0.970194 , 0
0.208544 , 0.974929 , 0
0.188337 , 0.979245 , 0
0.168049 , 0.983141 , 0
0.147689 , 0.986617 , 0
0.127266 , 0.98967 , 0
0.106789 , 0.992299 , 0
0.0862658 , 0.994505 , 0
0.0657059 , 0.996286 , 0
0.0451179 , 0.997641 , 0
0.0245106 , 0.998572 , 0
0.00389295 , 0.999076 , 0
-0.0167264 , 0.999156 , 0
-0.0373386 , 0.99881 , 0
-0.057935 , 0.998039 , 0
-0.0785067 , 0.996845 , 0
-0.0990451 , 0.995227 , 0
-0.119542 , 0.993188 , 0
-0.139987 , 0.990727 , 0
-0.160374 , 0.987847 , 0
-0.180692 , 0.984548 , 0
-0.200934 , 0.980834 , 0
-0.221092 , 0.976705 , 0
-0.241156 , 0.972163 , 0
-0.261118 , 0.967212 , 0
-0.28097 , 0.961852 , 0
-0.300704 , 0.956088 , 0
-0.320311 , 0.949921 , 0
-0.339783 , 0.943354 , 0
-0.359113 , 0.936391 , 0
-0.378292 , 0.929034 , 0
-0.397312 , 0.921288 , 0
-0.416165 , 0.913155 , 0
-0.434844 , 0.90464 , 0
-0.453341 , 0.895746 , 0
-0.471648 , 0.886477 , 0
-0.489758 , 0.876837 , 0
-0.507663 , 0.866831 , 0
-0.525357 , 0.856463 , 0
-0.542831 , 0.845738 , 0
-0.560079 , 0.83466 , 0
-0.577094 , 0.823235 , 0
-0.593868 , 0.811467 , 0
-0.610395 , 0.799361 , 0
-0.626669 , 0.786923 , 0
-0.642682 , 0.774158 , 0
-0.658429 , 0.761072 , 0
-0.673902 , 0.74767 , 0
-0.689096 , 0.733958 , 0
-0.704005 , 0.719942 , 0
-0.718622 , 0.705628 , 0
-0.732942 , 0.691022 , 0
-0.746959 , 0.67613 , 0
-0.760667 , 0.660959 , 0
-0.774061 , 0.645516 , 0
-0.787136 , 0.629806 , 0
-0.799887 , 0.613836 , 0
-0.812308 , 0.597614 , 0
-0.824394 , 0.581145 , 0
-0.836142 , 0.564438 , 0
-0.847545 , 0.547498 , 0
-0.858601 , 0.530333 , 0
-0.869303 , 0.512951 , 0
-0.879649 , 0.495358 , 0
-0.889634 , 0.477561 , 0
-0.899255 , 0.45957 , 0
-0.908507 , 0.441389 , 0
-0.917387 , 0.423029 , 0
-0.925892 , 0.404495 , 0
-0.934019 , 0.385795 , 0
-0.941763 , 0.366938 , 0
-0.949124 , 0.347932 , 0
-0.956096 , 0.328783 , 0
-0.962679 , 0.3095 , 0
-0.968869 , 0.290091 , 0
-0.974664 , 0.270563 , 0
-0.980063 , 0.250926 , 0
-0.985063 , 0.231186 , 0
-0.989661 , 0.211353 , 0
-0.993858 , 0.191433 , 0
-0.99765 , 0.171436 , 0
-1.00104 , 0.151369 , 0
-1.00402 , 0.13124 , 0
-1.00659 , 0.111058 , 0
-1.00876 , 0.0908316 , 0
-1.01051 , 0.0705681 , 0
-1.01186 , 0.0502759 , 0
-1.0128 , 0.0299634 , 0
-1.01333 , 0.0096387 , 0
-1.01344 , -0.0106899 , 0
-1.01315 , -0.0310141 , 0
-1.01245 , -0.0513258 , 0
-1.01134 , -0.0716168 , 0
-1.00982 , -0.0918788 , 0
-1.00789 , -0.112104 , 0
-1.00556 , -0.132283 , 0
-1.00282 , -0.15241 , 0
-0.999677 , -0.172475 , 0
-0.996131 , -0.19247 , 0
-0.992183 , -0.212388 , 0
-0.987836 , -0.23222 , 0
-0.983091 , -0.251959 , 0
-0.97795 , -0.271597 , 0
-0.972416 , -0.291125 , 0
-0.966491 , -0.310536 , 0
-0.960177 , -0.329822 , 0
-0.953478 , -0.348976 , 0
-0.946395 , -0.367989 , 0
-0.938932 , -0.386855 , 0
-0.931093 , -0.405565 , 0
-0.922879 , -0.424113 , 0
-0.914295 , -0.44249 , 0
-0.905345 , -0.46069 , 0
-0.896031 , -0.478705 , 0
-0.886358 , -0.496529 , 0
-0.87633 , -0.514153 , 0
-0.86595 , -0.531571 , 0
-0.855224 , -0.548776 , 0
-0.844155 , -0.565761 , 0
-0.832748 , -0.58252 , 0
-0.821007 , -0.599045 , 0
-0.808938 , -0.615331 , 0
-0.796545 , -0.63137 , 0
-0.783833 , -0.647156 , 0
-0.770807 , -0.662684 , 0
-0.757473 , -0.677946 , 0
-0.743836 , -0.692938 , 0
-0.729902 , -0.707652 , 0
-0.715675 , -0.722083 , 0
-0.701163 , -0.736225 , 0
-0.68637 , -0.750073 , 0
-0.671302 , -0.763621 , 0
-0.655967 , -0.776864 , 0
-0.640369 , -0.789796 , 0
-0.624515 , -0.802413 , 0
-0.608411 , -0.814709 , 0
-0.592065 , -0.826679 , 0
-0.575482 , -0.838319 , 0
-0.558668 , -0.849624 , 0
-0.541632 , -0.860589 , 0
-0.524379 , -0.871211 , 0
-0.506916 , -0.881484 , 0
-0.489251 , -0.891405 , 0
-0.471391 , -0.90097 , 0
-0.453342 , -0.910175 , 0
-0.435112 , -0.919016 , 0
-0.416708 , -0.927489 , 0
-0.398137 , -0.935592 , 0
-0.379407 , -0.943322 , 0
-0.360526 , -0.950674 , 0
-0.341501 , -0.957646 , 0
-0.322339 , -0.964235 , 0
-0.303048 , -0.970438 , 0
-0.283636 , -0.976254 , 0
-0.26411 , -0.981679 , 0
-0.244479 , -0.986711 , 0
-0.22475 , -0.991349 , 0
-0.204931 , -0.99559 , 0
-0.18503 , -0.999433 , 0
-0.165055 , -1.00288 , 0
-0.145014 , -1.00592 , 0
-0.124915 , -1.00856 , 0
-0.104766 , -1.01079 , 0
-0.084575 , -1.01262 , 0
-0.06435 , -1.01404 , 0
-0.0440993 , -1.01506 , 0
-0.0238309 , -1.01567 , 0
-0.00355298 , -1.01588 , 0
0.0167264 , -1.01567 , 0
0.0369991 , -1.01506 , 0
0.0572569 , -1.01404 , 0
0.0774917 , -1.01262 , 0
0.0976955 , -1.01079 , 0
0.11786 , -1.00855 , 0
0.137977 , -1.00591 , 0
0.158039 , -1.00286 , 0
0.178037 , -0.999411 , 0
0.197964 , -0.995559 , 0
0.217811 , -0.991307 , 0
0.23757 , -0.986657 , 0
0.257234 , -0.981609 , 0
0.276794 , -0.976166 , 0
0.296243 , -0.97033 , 0
0.315572 , -0.964103 , 0
0.334775 , -0.957487 , 0
0.353842 , -0.950486 , 0
0.372766 , -0.943101 , 0
0.39154 , -0.935335 , 0
0.410156 , -0.927192 , 0
0.428607 , -0.918674 , 0
0.446884 , -0.909785 , 0
0.464981 , -0.900529 , 0
0.482889 , -0.890908 , 0
0.500602 , -0.880927 , 0
0.518113 , -0.870589 , 0
0.535413 , -0.859899 , 0
0.552497 , -0.84886 , 0
0.569357 , -0.837477 , 0
0.585986 , -0.825755 , 0
0.602377 , -0.813697 , 0
0.618524 , -0.801309 , 0
0.634419 , -0.788596 , 0
0.650057 , -0.775562 , 0
0.66543 , -0.762213 , 0
0.680532 , -0.748554 , 0
0.695358 , -0.73459 , 0
0.7099 , -0.720327 , 0
0.724153 , -0.70577 , 0
0.738111 , -0.690926 , 0
0.751768 , -0.6758 , 0
0.765118 , -0.660397 , 0
0.778155 , -0.644726 , 0
0.790875 , -0.62879 , 0
0.803271 , -0.612598 , 0
0.815338 , -0.596155 , 0
0.827071 , -0.579468 , 0
0.838466 , -0.562543 , 0
0.849517 , -0.545388 , 0
0.86022 , -0.52801 , 0
0.870569 , -0.510414 , 0
0.880561 , -0.492609 , 0
0.890191 , -0.474602 , 0
0.899455 , -0.456399 , 0
0.90835 , -0.438009 , 0
0.91687 , -0.419438 , 0
0.925012 , -0.400694 , 0
0.932773 , -0.381785 , 0
0.940149 , -0.362719 , 0
0.947137 , -0.343503 , 0
0.953733 , -0.324145 , 0
0.959936 , -0.304653 , 0
0.965741 , -0.285035 , 0
0.971147 , -0.265299 , 0
0.97615 , -0.245453 , 0
0.980748 , -0.225506 , 0
0.98494 , -0.205464 , 0
0.988723 , -0.185338 , 0
0.992095 , -0.165134 , 0
0.995054 , -0.144862 , 0
0.9976 , -0.12453 , 0
0.99973 , -0.104146 , 0
1.00144 , -0.083718 , 0
1.00274 , -0.0632555 , 0
1.00362 , -0.0427666 , 0
1.00408 , -0.0222598 , 0
1.00412 , -0.00174371 , 0
1.00374 , 0.0187731 , 0
1.00294 , 0.0392821 , 0
1.00171 , 0.0597746 , 0
1.00007 , 0.080242 , 0
0.998015 , 0.100676 , 0
0.995536 , 0.121067 , 0
0.992639 , 0.141408 , 0
0.989325 , 0.161689 , 0
0.985595 , 0.181903 , 0
0.981449 , 0.202039 , 0
0.976891 , 0.222091 , 0
0.97192 , 0.242049 , 0
0.96654 , 0.261904 , 0
0.960751 , 0.28165 , 0
0.954556 , 0.301276 , 0
0.947958 , 0.320775 , 0
0.940958 , 0.340138 , 0
0.93356 , 0.359356 , 0
0.925766 , 0.378423 , 0
0.917579 , 0.397329 , 0
0.909003 , 0.416067 , 0
0.900041 , 0.434627 , 0
0.890696 , 0.453003 , 0
0.880972 , 0.471186 , 0
0.870873 , 0.489169 , 0
0.860402 , 0.506943 , 0
0.849565 , 0.5245 , 0
0.838366 , 0.541834 , 0
0.826808 , 0.558937 , 0
0.814896 , 0.575801 , 0
0.802637 , 0.592418 , 0
0.790033 , 0.608782 , 0
0.777091 , 0.624884 , 0
0.763816 , 0.640719 , 0
0.750213 , 0.65628 , 0
0.736289 , 0.671558 , 0
0.722047 , 0.686548 , 0
0.707495 , 0.701242 , 0
0.692639 , 0.715635 , 0
0.677485 , 0.729719 , 0
0.662038 , 0.743489 , 0
0.646306 , 0.756939 , 0
0.630295 , 0.770061 , 0
0.614012 , 0.782851 , 0
0.597463 , 0.795303 , 0
0.580656 , 0.807411 , 0
0.563598 , 0.819169 , 0
0.546295 , 0.830572 , 0
0.528756 , 0.841616 , 0
0.510987 , 0.852294 , 0
0.492997 , 0.862602 , 0
0.474792 , 0.872536 , 0
0.456381 , 0.88209 , 0
0.437771 , 0.89126 , 0
0.418971 , 0.900043 , 0
0.399988 , 0.908433 , 0
0.380831 , 0.916428 , 0
0.361508 , 0.924023 , 0
0.342027 , 0.931214 , 0
0.322397 , 0.937999 , 0
0.302626 , 0.944374 , 0
0.282722 , 0.950336 , 0
0.262695 , 0.955881 , 0
0.242552 , 0.961009 , 0
0.222304 , 0.965715 , 0
0.201958 , 0.969998 , 0
0.181523 , 0.973855 , 0
0.161009 , 0.977284 , 0
0.140423 , 0.980285 , 0
0.119777 , 0.982854 , 0
0.099077 , 0.984991 , 0
0.0783338 , 0.986695 , 0
0.0575562 , 0.987964 , 0
0.0367532 , 0.988798 , 0
0.015934 , 0.989196 , 0
-0.00489226 , 0.989157 , 0
-0.0257163 , 0.988682 , 0
-0.046529 , 0.987771 , 0
-0.0673212 , 0.986423 , 0
-0.0880836 , 0.984639 , 0
-0.108807 , 0.982419 , 0
-0.129482 , 0.979765 , 0
-0.1501 , 0.976677 , 0
-0.170652 , 0.973156 , 0
-0.191128 , 0.969204 , 0
-0.211519 , 0.964822 , 0
-0.231816 , 0.960012 , 0
-0.25201 , 0.954776 , 0
-0.272093 , 0.949115 , 0
-0.292054 , 0.943034 , 0
-0.311886 , 0.936533 , 0
-0.331579 , 0.929615 , 0
-0.351124 , 0.922284 , 0
-0.370513 , 0.914543 , 0
-0.389738 , 0.906394 , 0
-0.408788 , 0.897841 , 0
-0.427657 , 0.888889 , 0
-0.446335 , 0.87954 , 0
-0.464813 , 0.869799 , 0
-0.483085 , 0.859669 , 0
-0.501141 , 0.849157 , 0
-0.518973 , 0.838265 , 0
-0.536573 , 0.826998 , 0
-0.553933 , 0.815362 , 0
-0.571046 , 0.803362 , 0
-0.587904 , 0.791002 , 0
-0.604499 , 0.778289 , 0
-0.620823 , 0.765228 , 0
-0.636869 , 0.751824 , 0
-0.652631 , 0.738084 , 0
-0.6681 , 0.724013 , 0
-0.68327 , 0.709618 , 0
-0.698134 , 0.694905 , 0
-0.712685 , 0.679881 , 0
-0.726917 , 0.664552 , 0
-0.740823 , 0.648925 , 0
-0.754397 , 0.633007 , 0
-0.767632 , 0.616806 , 0
-0.780523 , 0.600327 , 0
-0.793064 , 0.58358 , 0
-0.805249 , 0.56657 , 0
-0.817073 , 0.549306 , 0
-0.82853 , 0.531796 , 0
-0.839615 , 0.514047 , 0
-0.850323 , 0.496067 , 0
-0.860649 , 0.477865 , 0
-0.870589 , 0.459447 , 0
-0.880138 , 0.440824 , 0
-0.889291 , 0.422002 , 0
-0.898045 , 0.402991 , 0
-0.906396 , 0.383799 , 0
-0.914339 , 0.364434 , 0
-0.921872 , 0.344906 , 0
-0.92899 , 0.325223 , 0
-0.935691 , 0.305394 , 0
-0.941971 , 0.285427 , 0
-0.947829 , 0.265332 , 0
-0.95326 , 0.245118 , 0
-0.958263 , 0.224794 , 0
-0.962836 , 0.204369 , 0
-0.966976 , 0.183852 , 0
-0.970681 , 0.163252 , 0
-0.973951 , 0.142579 , 0
-0.976783 , 0.121842 , 0
-0.979176 , 0.10105 , 0
-0.981129 , 0.080213 , 0
-0.982642 , 0.0593398 , 0
-0.983713 , 0.03844 , 0
-0.984343 , 0.017523 , 0
-0.984531 , -0.00340196 , 0
-0.984277 , -0.0243254 , 0
-0.983581 , -0.0452378 , 0
-0.982444 , -0.06613 , 0
-0.980866 , -0.0869926 , 0
-0.978849 , -0.107816 , 0
-0.976392 , -0.128591 , 0
-0.973497 , -0.149309 , 0
-0.970166 , -0.169959 , 0
-0.9664 , -0.190534 , 0
-0.962201 , -0.211023 , 0
-0.957571 , -0.231417 , 0
-0.952512 , -0.251708 , 0
-0.947026 , -0.271886 , 0
-0.941117 , -0.291942 , 0
-0.934786 , -0.311868 , 0
-0.928037 , -0.331654 , 0
-0.920873 , -0.351292 , 0
-0.913298 , -0.370773 , 0
-0.905314 , -0.390088 , 0
-0.896925 , -0.409229 , 0
-0.888136 , -0.428187 , 0
-0.878951 , -0.446953 , 0
-0.869373 , -0.465521 , 0
-0.859407 , -0.48388 , 0
-0.849057 , -0.502024 , 0
-0.838329 , -0.519944 , 0
-0.827228 , -0.537632 , 0
-0.815758 , -0.55508 , 0
-0.803925 , -0.572282 , 0
-0.791733 , -0.589228 , 0
-0.77919 , -0.605913 , 0
-0.7663 , -0.622328 , 0
-0.753069 , -0.638466 , 0
-0.739504 , -0.65432 , 0
-0.72561 , -0.669884 , 0
-0.711394 , -0.685151 , 0
-0.696862 , -0.700113 , 0
-0.682021 , -0.714765 , 0
-0.666878 , -0.7291 , 0
-0.65144 , -0.743112 , 0
-0.635712 , -0.756795 , 0
-0.619704 , -0.770143 , 0
-0.603421 , -0.78315 , 0
-0.586872 , -0.795811 , 0
-0.570063 , -0.80812 , 0
-0.553002 , -0.820073 , 0
-0.535697 , -0.831663 , 0
-0.518156 , -0.842886 , 0
-0.500387 , -0.853738 , 0
-0.482396 , -0.864213 , 0
-0.464194 , -0.874308 , 0
-0.445787 , -0.884018 , 0
-0.427184 , -0.893339 , 0
-0.408393 , -0.902267 , 0
-0.389423 , -0.910799 , 0
-0.370281 , -0.91893 , 0
-0.350977 , -0.926659 , 0
-0.33152 , -0.933981 , 0
-0.311917 , -0.940894 , 0
-0.292177 , -0.947394 , 0
-0.272309 , -0.95348 , 0
-0.252322 , -0.959149 , 0
-0.232225 , -0.964398 , 0
-0.212027 , -0.969226 , 0
-0.191736 , -0.973631 , 0
-0.171361 , -0.977611 , 0
-0.150912 , -0.981165 , 0
-0.130396 , -0.984292 , 0
-0.109824 , -0.986989 , 0
-0.0892046 , -0.989258 , 0
-0.0685461 , -0.991096 , 0
-0.0478577 , -0.992503 , 0
-0.0271486 , -0.99348 , 0
-0.00642769 , -0.994025 , 0
0.014296 , -0.994139 , 0
0.0350135 , -0.993823 , 0
0.0557158 , -0.993076 , 0
0.0763941 , -0.9919 , 0
0.0970393 , -0.990295 , 0
0.117643 , -0.988262 , 0
0.138195 , -0.985802 , 0
0.158688 , -0.982917 , 0
0.179112 , -0.979608 , 0
0.19946 , -0.975877 , 0
0.219721 , -0.971726 , 0
0.239888 , -0.967158 , 0
0.259952 , -0.962173 , 0
0.279904 , -0.956775 , 0
0.299736 , -0.950967 , 0
0.319439 , -0.94475 , 0
0.339006 , -0.938129 , 0
0.358427 , -0.931106 , 0
0.377696 , -0.923685 , 0
0.396802 , -0.915868 , 0
0.415739 , -0.907661 , 0
0.434499 , -0.899066 , 0
0.453073 , -0.890087 , 0
0.471454 , -0.880729 , 0
0.489634 , -0.870996 , 0
0.507606 , -0.860892 , 0
0.525362 , -0.850422 , 0
0.542894 , -0.83959 , 0
0.560197 , -0.828402 , 0
0.577261 , -0.816863 , 0
0.594081 , -0.804977 , 0
0.610648 , -0.79275 , 0
0.626958 , -0.780187 , 0
0.643002 , -0.767295 , 0
0.658774 , -0.754078 , 0
0.674269 , -0.740542 , 0
0.689478 , -0.726694 , 0
0.704397 , -0.71254 , 0
0.719019 , -0.698085 , 0
0.733338 , -0.683336 , 0
0.747348 , -0.6683 , 0
0.761045 , -0.652982 , 0
0.774421 , -0.637391 , 0
0.787473 , -0.621531 , 0
0.800194 , -0.605411 , 0
0.812579 , -0.589037 , 0
0.824624 , -0.572417 , 0
0.836324 , -0.555556 , 0
0.847674 , -0.538464 , 0
0.85867 , -0.521146 , 0
0.869307 , -0.503611 , 0
0.879582 , -0.485865 , 0
0.889489 , -0.467917 , 0
0.899026 , -0.449774 , 0
0.908189 , -0.431444 , 0
0.916973 , -0.412934 , 0
0.925377 , -0.394252 , 0
0.933395 , -0.375406 , 0
0.941026 , -0.356405 , 0
0.948267 , -0.337256 , 0
0.955114 , -0.317966 , 0
0.961566 , -0.298546 , 0
0.967619 , -0.279001 , 0
0.973272 , -0.259341 , 0
0.978523 , -0.239574 , 0
0.983369 , -0.219707 , 0
0.987809 , -0.19975 , 0
0.991842 , -0.179711 , 0
0.995465 , -0.159598 , 0
0.998678 , -0.139418 , 0
1.00148 , -0.119182 , 0
1.00387 , -0.0988957 , 0
1.00585 , -0.0785693 , 0
1.00741 , -0.0582106 , 0
1.00856 , -0.0378279 , 0
1.0093 , -0.0174297 , 0
1.00962 , 0.00297562 , 0
