x , y , z
1 , 0 , 0
0.999705 , 0.021459 , 0
0.999116 , 0.0429116 , 0
0.998232 , 0.0643516 , 0
0.997054 , 0.0857727 , 0
0.995583 , 0.107168 , 0
0.99382 , 0.128533 , 0
0.991766 , 0.14986 , 0
0.989422 , 0.171143 , 0
0.98679 , 0.192376 , 0
0.983872 , 0.213553 , 0
0.98067 , 0.234669 , 0
0.977186 , 0.255717 , 0
0.973422 , 0.276692 , 0
0.969382 , 0.297588 , 0
0.965068 , 0.318401 , 0
0.960482 , 0.339124 , 0
0.955629 , 0.359752 , 0
0.950511 , 0.380281 , 0
0.945132 , 0.400705 , 0
0.939496 , 0.42102 , 0
0.933606 , 0.441221 , 0
0.927466 , 0.461305 , 0
0.92108 , 0.481266 , 0
0.914453 , 0.5011 , 0
0.907587 , 0.520805 , 0
0.900489 , 0.540375 , 0
0.893161 , 0.559808 , 0
0.885608 , 0.5791 , 0
0.877835 , 0.598248 , 0
0.869846 , 0.617249 , 0
0.861646 , 0.6361 , 0
0.853239 , 0.654799 , 0
0.84463 , 0.673342 , 0
0.835824 , 0.691728 , 0
0.826825 , 0.709954 , 0
0.817637 , 0.728018 , 0
0.808266 , 0.74592 , 0
0.798716 , 0.763655 , 0
0.788991 , 0.781224 , 0
0.779097 , 0.798625 , 0
0.769037 , 0.815857 , 0
0.758816 , 0.832917 , 0
0.748439 , 0.849807 , 0
0.73791 , 0.866523 , 0
0.727234 , 0.883067 , 0
0.716414 , 0.899436 , 0
0.705456 , 0.915632 , 0
0.694363 , 0.931652 , 0
0.683139 , 0.947498 , 0
0.671789 , 0.963168 , 0
0.660317 , 0.978663 , 0
0.648727 , 0.993983 , 0
0.637022 , 1.00913 , 0
0.625207 , 1.0241 , 0
0.613285 , 1.03889 , 0
0.60126 , 1.05351 , 0
0.589136 , 1.06796 , 0
0.576916 , 1.08223 , 0
0.564605 , 1.09633 , 0
0.552204 , 1.11026 , 0
0.539718 , 1.12402 , 0
0.52715 , 1.1376 , 0
0.514503 , 1.15102 , 0
0.50178 , 1.16426 , 0
0.488985 , 1.17734 , 0
0.476121 , 1.19025 , 0
0.463189 , 1.20299 , 0
0.450194 , 1.21557 , 0
0.437139 , 1.22799 , 0
0.424025 , 1.24024 , 0
0.410855 , 1.25232 , 0
0.397632 , 1.26425 , 0
0.38436 , 1.27602 , 0
0.371039 , 1.28763 , 0
0.357673 , 1.29908 , 0
0.344264 , 1.31037 , 0
0.330814 , 1.32151 , 0
0.317325 , 1.33249 , 0
0.3038 , 1.34332 , 0
0.290241 , 1.354 , 0
0.27665 , 1.36453 , 0
0.263028 , 1.37491 , 0
0.249378 , 1.38515 , 0
0.235702 , 1.39523 , 0
0.222001 , 1.40517 , 0
0.208278 , 1.41497 , 0
0.194533 , 1.42463 , 0
0.180769 , 1.43414 , 0
0.166988 , 1.44351 , 0
0.15319 , 1.45275 , 0
0.139379 , 1.46185 , 0
0.125554 , 1.47081 , 0
0.111717 , 1.47964 , 0
0.0978707 , 1.48833 , 0
0.0840155 , 1.49689 , 0
0.070153 , 1.50532 , 0
0.0562845 , 1.51362 , 0
0.0424111 , 1.52179 , 0
0.0285342 , 1.52984 , 0
0.014655 , 1.53776 , 0
0.000774596 , 1.54555 , 0
-0.0131059 , 1.55323 , 0
-0.0269853 , 1.56077 , 0
-0.0408627 , 1.5682 , 0
-0.0547369 , 1.57551 , 0
-0.068607 , 1.5827 , 0
-0.0824721 , 1.58977 , 0
-0.0963311 , 1.59673 , 0
-0.110183 , 1.60357 , 0
-0.124027 , 1.6103 , 0
-0.137863 , 1.61692 , 0
-0.151689 , 1.62342 , 0
-0.165505 , 1.62981 , 0
-0.179309 , 1.6361 , 0
-0.193102 , 1.64227 , 0
-0.206882 , 1.64834 , 0
-0.220649 , 1.65431 , 0
-0.234402 , 1.66016 , 0
-0.248141 , 1.66592 , 0
-0.261864 , 1.67157 , 0
-0.275571 , 1.67712 , 0
-0.289261 , 1.68257 , 0
-0.302935 , 1.68792 , 0
-0.31659 , 1.69317 , 0
-0.330228 , 1.69832 , 0
-0.343846 , 1.70338 , 0
-0.357446 , 1.70834 , 0
-0.371025 , 1.71321 , 0
-0.384584 , 1.71798 , 0
-0.398123 , 1.72266 , 0
-0.41164 , 1.72725 , 0
-0.425135 , 1.73174 , 0
-0.438609 , 1.73615 , 0
-0.45206 , 1.74047 , 0
-0.465488 , 1.7447 , 0
-0.478892 , 1.74884 , 0
-0.492273 , 1.7529 , 0
-0.50563 , 1.75687 , 0
-0.518963 , 1.76075 , 0
-0.532271 , 1.76455 , 0
-0.545554 , 1.76827 , 0
-0.558811 , 1.77191 , 0
-0.572043 , 1.77546 , 0
-0.585249 , 1.77894 , 0
-0.598428 , 1.78233 , 0
-0.611581 , 1.78565 , 0
-0.624707 , 1.78888 , 0
-0.637806 , 1.79204 , 0
-0.650878 , 1.79513 , 0
-0.663923 , 1.79813 , 0
-0.676939 , 1.80106 , 0
-0.689927 , 1.80392 , 0
-0.702888 , 1.8067 , 0
-0.71582 , 1.80941 , 0
-0.728723 , 1.81205 , 0
-0.741597 , 1.81462 , 0
-0.754442 , 1.81711 , 0
-0.767259 , 1.81954 , 0
-0.780045 , 1.82189 , 0
-0.792803 , 1.82418 , 0
-0.80553 , 1.8264 , 0
-0.818228 , 1.82855 , 0
-0.830896 , 1.83063 , 0
-0.843533 , 1.83265 , 0
-0.85614 , 1.8346 , 0
-0.868717 , 1.83649 , 0
-0.881264 , 1.83831 , 0
-0.893779 , 1.84006 , 0
-0.906264 , 1.84176 , 0
-0.918718 , 1.84339 , 0
-0.931141 , 1.84496 , 0
-0.943533 , 1.84647 , 0
-0.955894 , 1.84791 , 0
-0.968224 , 1.8493 , 0
-0.980522 , 1.85063 , 0
-0.992789 , 1.85189 , 0
-1.00502 , 1.8531 , 0
-1.01723 , 1.85425 , 0
-1.0294 , 1.85534 , 0
-1.04154 , 1.85638 , 0
-1.05365 , 1.85735 , 0
-1.06572 , 1.85828 , 0
-1.07777 , 1.85914 , 0
-1.08978 , 1.85995 , 0
-1.10176 , 1.86071 , 0
-1.11371 , 1.86141 , 0
-1.12563 , 1.86206 , 0
-1.13751 , 1.86265 , 0
-1.14936 , 1.86319 , 0
-1.16118 , 1.86368 , 0
-1.17297 , 1.86412 , 0
-1.18472 , 1.86451 , 0
-1.19644 , 1.86484 , 0
-1.20813 , 1.86513 , 0
-1.21979 , 1.86536 , 0
-1.23142 , 1.86555 , 0
-1.24301 , 1.86568 , 0
-1.25457 , 1.86577 , 0
-1.2661 , 1.86581 , 0
-1.27759 , 1.8658 , 0
-1.28905 , 1.86574 , 0
-1.30048 , 1.86564 , 0
-1.31188 , 1.86549 , 0
-1.32324 , 1.86529 , 0
-1.33458 , 1.86505 , 0
-1.34588 , 1.86476 , 0
-1.35714 , 1.86443 , 0
-1.36838 , 1.86405 , 0
-1.37958 , 1.86363 , 0
-1.39075 , 1.86316 , 0
-1.40188 , 1.86265 , 0
-1.41299 , 1.86209 , 0
-1.42406 , 1.8615 , 0
-1.4351 , 1.86086 , 0
-1.4461 , 1.86017 , 0
-1.45708 , 1.85945 , 0
-1.46802 , 1.85869 , 0
-1.47892 , 1.85788 , 0
-1.4898 , 1.85703 , 0
-1.50064 , 1.85614 , 0
-1.51145 , 1.85521 , 0
-1.52223 , 1.85425 , 0
-1.53298 , 1.85324 , 0
-1.54369 , 1.85219 , 0
-1.55437 , 1.85111 , 0
-1.56502 , 1.84998 , 0
-1.57563 , 1.84882 , 0
-1.58622 , 1.84762 , 0
-1.59677 , 1.84638 , 0
-1.60729 , 1.8451 , 0
-1.61777 , 1.84379 , 0
-1.62823 , 1.84244 , 0
-1.63865 , 1.84105 , 0
-1.64904 , 1.83963 , 0
-1.6594 , 1.83817 , 0
-1.66972 , 1.83668 , 0
-1.68001 , 1.83515 , 0
-1.69027 , 1.83358 , 0
-1.7005 , 1.83198 , 0
-1.7107 , 1.83035 , 0
-1.72086 , 1.82868 , 0
-1.731 , 1.82698 , 0
-1.7411 , 1.82524 , 0
-1.75117 , 1.82347 , 0
-1.7612 , 1.82167 , 0
-1.77121 , 1.81983 , 0
-1.78118 , 1.81796 , 0
-1.79112 , 1.81606 , 0
-1.80103 , 1.81413 , 0
-1.81091 , 1.81216 , 0
-1.82075 , 1.81016 , 0
-1.83057 , 1.80813 , 0
-1.84035 , 1.80607 , 0
-1.8501 , 1.80398 , 0
-1.85982 , 1.80186 , 0
-1.8695 , 1.79971 , 0
-1.87916 , 1.79752 , 0
-1.88878 , 1.79531 , 0
-1.89838 , 1.79307 , 0
-1.90794 , 1.79079 , 0
-1.91747 , 1.78849 , 0
-1.92697 , 1.78616 , 0
-1.93644 , 1.7838 , 0
-1.94587 , 1.78141 , 0
-1.95528 , 1.77899 , 0
-1.96465 , 1.77655 , 0
-1.97399 , 1.77407 , 0
-1.9833 , 1.77157 , 0
-1.99258 , 1.76904 , 0
-2.00183 , 1.76648 , 0
-2.01105 , 1.7639 , 0
-2.02024 , 1.76128 , 0
-2.0294 , 1.75865 , 0
-2.03852 , 1.75598 , 0
-2.04762 , 1.75329 , 0
-2.05668 , 1.75057 , 0
-2.06571 , 1.74782 , 0
-2.07472 , 1.74505 , 0
-2.08369 , 1.74225 , 0
-2.09263 , 1.73943 , 0
-2.10154 , 1.73658 , 0
-2.11042 , 1.73371 , 0
-2.11927 , 1.73081 , 0
-2.12809 , 1.72789 , 0
-2.13688 , 1.72494 , 0
-2.14563 , 1.72197 , 0
-2.15436 , 1.71897 , 0
-2.16306 , 1.71595 , 0
-2.17173 , 1.71291 , 0
-2.18036 , 1.70984 , 0
-2.18897 , 1.70674 , 0
-2.19755 , 1.70363 , 0
-2.20609 , 1.70049 , 0
-2.21461 , 1.69733 , 0
-2.22309 , 1.69414 , 0
-2.23155 , 1.69093 , 0
-2.23998 , 1.6877 , 0
-2.24837 , 1.68445 , 0
-2.25674 , 1.68117 , 0
-2.26508 , 1.67787 , 0
-2.27338 , 1.67455 , 0
-2.28166 , 1.67121 , 0
-2.28991 , 1.66784 , 0
-2.29812 , 1.66446 , 0
-2.30631 , 1.66105 , 0
-2.31447 , 1.65762 , 0
-2.3226 , 1.65417 , 0
-2.3307 , 1.6507 , 0
-2.33877 , 1.64721 , 0
-2.34681 , 1.6437 , 0
-2.35482 , 1.64016 , 0
-2.3628 , 1.63661 , 0
-2.37075 , 1.63304 , 0
-2.37868 , 1.62944 , 0
-2.38657 , 1.62583 , 0
-2.39443 , 1.6222 , 0
-2.40227 , 1.61854 , 0
-2.41008 , 1.61487 , 0
-2.41785 , 1.61118 , 0
-2.4256 , 1.60746 , 0
-2.43332 , 1.60373 , 0
-2.44101 , 1.59998 , 0
-2.44867 , 1.59621 , 0
-2.4563 , 1.59242 , 0
-2.46391 , 1.58862 , 0
-2.47148 , 1.58479 , 0
-2.47903 , 1.58095 , 0
-2.48654 , 1.57708 , 0
-2.49403 , 1.5732 , 0
-2.50149 , 1.56931 , 0
-2.50892 , 1.56539 , 0
-2.51633 , 1.56145 , 0
-2.5237 , 1.5575 , 0
-2.53104 , 1.55353 , 0
-2.53836 , 1.54954 , 0
-2.54565 , 1.54554 , 0
-2.55291 , 1.54152 , 0
-2.56014 , 1.53748 , 0
-2.56734 , 1.53342 , 0
-2.57452 , 1.52935 , 0
-2.58167 , 1.52526 , 0
-2.58879 , 1.52115 , 0
-2.59588 , 1.51703 , 0
-2.60294 , 1.51289 , 0
-2.60997 , 1.50874 , 0
-2.61698 , 1.50456 , 0
-2.62396 , 1.50038 , 0
-2.63091 , 1.49617 , 0
-2.63783 , 1.49195 , 0
-2.64472 , 1.48772 , 0
-2.65159 , 1.48346 , 0
-2.65843 , 1.4792 , 0
-2.66524 , 1.47492 , 0
-2.67202 , 1.47062 , 0
-2.67877 , 1.4663 , 0
-2.6855 , 1.46198 , 0
-2.6922 , 1.45763 , 0
-2.69887 , 1.45327 , 0
-2.70552 , 1.4489 , 0
-2.71213 , 1.44451 , 0
-2.71872 , 1.44011 , 0
-2.72529 , 1.43569 , 0
-2.73182 , 1.43126 , 0
-2.73833 , 1.42681 , 0
-2.74481 , 1.42235 , 0
-2.75126 , 1.41788 , 0
-2.75768 , 1.41339 , 0
-2.76408 , 1.40889 , 0
-2.77045 , 1.40437 , 0
-2.77679 , 1.39984 , 0
-2.78311 , 1.3953 , 0
-2.7894 , 1.39074 , 0
-2.79566 , 1.38617 , 0
-2.80189 , 1.38158 , 0
-2.8081 , 1.37698 , 0
-2.81428 , 1.37237 , 0
-2.82043 , 1.36775 , 0
-2.82656 , 1.36311 , 0
-2.83266 , 1.35846 , 0
-2.83873 , 1.3538 , 0
-2.84477 , 1.34912 , 0
-2.85079 , 1.34443 , 0
-2.85678 , 1.33973 , 0
-2.86275 , 1.33501 , 0
-2.86869 , 1.33029 , 0
-2.8746 , 1.32555 , 0
-2.88048 , 1.3208 , 0
-2.88634 , 1.31603 , 0
-2.89217 , 1.31126 , 0
-2.89798 , 1.30647 , 0
-2.90375 , 1.30167 , 0
-2.9095 , 1.29686 , 0
-2.91523 , 1.29203 , 0
-2.92093 , 1.2872 , 0
-2.9266 , 1.28235 , 0
-2.93224 , 1.27749 , 0
-2.93786 , 1.27262 , 0
-2.94346 , 1.26774 , 0
-2.94902 , 1.26285 , 0
-2.95456 , 1.25794 , 0
-2.96008 , 1.25303 , 0
-2.96556 , 1.2481 , 0
-2.97103 , 1.24316 , 0
-2.97646 , 1.23822 , 0
-2.98187 , 1.23326 , 0
-2.98725 , 1.22829 , 0
-2.99261 , 1.2233 , 0
-2.99794 , 1.21831 , 0
-3.00324 , 1.21331 , 0
-3.00852 , 1.2083 , 0
-3.01377 , 1.20327 , 0
-3.019 , 1.19824 , 0
-3.0242 , 1.1932 , 0
-3.02937 , 1.18814 , 0
-3.03452 , 1.18308 , 0
-3.03965 , 1.178 , 0
-3.04474 , 1.17292 , 0
-3.04981 , 1.16782 , 0
-3.05486 , 1.16272 , 0
-3.05988 , 1.15761 , 0
-3.06487 , 1.15248 , 0
-3.06984 , 1.14735 , 0
-3.07478 , 1.14221 , 0
-3.0797 , 1.13705 , 0
-3.08459 , 1.13189 , 0
-3.08945 , 1.12672 , 0
-3.09429 , 1.12154 , 0
-3.09911 , 1.11635 , 0
-3.10389 , 1.11115 , 0
-3.10866 , 1.10594 , 0
-3.1134 , 1.10072 , 0
-3.11811 , 1.0955 , 0
-3.12279 , 1.09026 , 0
-3.12745 , 1.08502 , 0
-3.13209 , 1.07976 , 0
-3.1367 , 1.0745 , 0
-3.14129 , 1.06923 , 0
-3.14584 , 1.06395 , 0
-3.15038 , 1.05866 , 0
-3.15489 , 1.05337 , 0
-3.15937 , 1.04806 , 0
-3.16383 , 1.04275 , 0
-3.16826 , 1.03743 , 0
-3.17267 , 1.0321 , 0
-3.17705 , 1.02676 , 0
-3.18141 , 1.02141 , 0
-3.18574 , 1.01606 , 0
-3.19005 , 1.0107 , 0
-3.19433 , 1.00533 , 0
-3.19859 , 0.999949 , 0
-3.20282 , 0.994563 , 0
-3.20703 , 0.98917 , 0
-3.21121 , 0.983768 , 0
-3.21537 , 0.978359 , 0
-3.2195 , 0.972943 , 0
-3.22361 , 0.967519 , 0
-3.22769 , 0.962087 , 0
-3.23175 , 0.956648 , 0
-3.23578 , 0.951202 , 0
-3.23979 , 0.945748 , 0
-3.24377 , 0.940287 , 0
-3.24773 , 0.934819 , 0
-3.25166 , 0.929344 , 0
-3.25557 , 0.923862 , 0
-3.25946 , 0.918372 , 0
-3.26331 , 0.912876 , 0
-3.26715 , 0.907373 , 0
-3.27096 , 0.901863 , 0
-3.27474 , 0.896346 , 0
-3.2785 , 0.890822 , 0
-3.28224 , 0.885292 , 0
-3.28595 , 0.879755 , 0
-3.28964 , 0.874211 , 0
-3.2933 , 0.868661 , 0
-3.29694 , 0.863105 , 0
-3.30055 , 0.857542 , 0
-3.30414 , 0.851972 , 0
-3.3077 , 0.846397 , 0
-3.31124 , 0.840815 , 0
-3.31475 , 0.835227 , 0
-3.31824 , 0.829632 , 0
-3.32171 , 0.824032 , 0
-3.32515 , 0.818425 , 0
-3.32857 , 0.812813 , 0
-3.33196 , 0.807194 , 0
-3.33533 , 0.80157 , 0
-3.33867 , 0.79594 , 0
-3.34199 , 0.790304 , 0
-3.34529 , 0.784662 , 0
-3.34856 , 0.779015 , 0
-3.35181 , 0.773362 , 0
-3.35503 , 0.767703 , 0
-3.35823 , 0.762039 , 0
-3.3614 , 0.756369 , 0
-3.36455 , 0.750694 , 0
-3.36768 , 0.745013 , 0
-3.37078 , 0.739327 , 0
-3.37385 , 0.733636 , 0
-3.37691 , 0.727939 , 0
-3.37994 , 0.722237 , 0
-3.38294 , 0.716531 , 0
-3.38592 , 0.710819 , 0
-3.38888 , 0.705102 , 0
-3.39181 , 0.699379 , 0
-3.39472 , 0.693652 , 0
-3.3976 , 0.687921 , 0
-3.40046 , 0.682184 , 0
-3.4033 , 0.676442 , 0
-3.40611 , 0.670696 , 0
-3.4089 , 0.664945 , 0
-3.41166 , 0.659189 , 0
-3.4144 , 0.653428 , 0
-3.41712 , 0.647663 , 0
-3.41981 , 0.641894 , 0
-3.42248 , 0.63612 , 0
-3.42512 , 0.630341 , 0
-3.42775 , 0.624558 , 0
-3.43034 , 0.618771 , 0
-3.43292 , 0.61298 , 0
-3.43546 , 0.607184 , 0
-3.43799 , 0.601384 , 0
-3.44049 , 0.59558 , 0
-3.44297 , 0.589771 , 0
-3.44542 , 0.583959 , 0
-3.44785 , 0.578143 , 0
-3.45026 , 0.572322 , 0
-3.45264 , 0.566498 , 0
-3.455 , 0.56067 , 0
-3.45733 , 0.554838 , 0
-3.45964 , 0.549002 , 0
-3.46193 , 0.543162 , 0
-3.4642 , 0.537319 , 0
-3.46644 , 0.531472 , 0
-3.46865 , 0.525621 , 0
-3.47084 , 0.519767 , 0
-3.47301 , 0.513909 , 0
-3.47516 , 0.508047 , 0
-3.47728 , 0.502183 , 0
-3.47938 , 0.496314 , 0
-3.48145 , 0.490443 , 0
-3.4835 , 0.484568 , 0
-3.48553 , 0.47869 , 0
-3.48754 , 0.472808 , 0
-3.48952 , 0.466924 , 0
-3.49147 , 0.461036 , 0
-3.4934 , 0.455145 , 0
-3.49531 , 0.449251 , 0
-3.4972 , 0.443354 , 0
-3.49906 , 0.437454 , 0
-3.5009 , 0.431551 , 0
-3.50272 , 0.425646 , 0
-3.50451 , 0.419737 , 0
-3.50628 , 0.413826 , 0
-3.50802 , 0.407911 , 0
-3.50974 , 0.401994 , 0
-3.51144 , 0.396075 , 0
-3.51312 , 0.390152 , 0
-3.51477 , 0.384228 , 0
-3.51639 , 0.3783 , 0
-3.518 , 0.37237 , 0
-3.51958 , 0.366438 , 0
-3.52114 , 0.360503 , 0
-3.52267 , 0.354565 , 0
-3.52418 , 0.348626 , 0
-3.52567 , 0.342684 , 0
-3.52713 , 0.33674 , 0
-3.52857 , 0.330793 , 0
-3.52999 , 0.324845 , 0
-3.53138 , 0.318894 , 0
-3.53275 , 0.312941 , 0
-3.5341 , 0.306986 , 0
-3.53542 , 0.301029 , 0
-3.53672 , 0.29507 , 0
-3.538 , 0.289109 , 0
-3.53925 , 0.283146 , 0
-3.54048 , 0.277181 , 0
-3.54169 , 0.271215 , 0
-3.54288 , 0.265247 , 0
-3.54404 , 0.259277 , 0
-3.54517 , 0.253305 , 0
-3.54629 , 0.247331 , 0
-3.54738 , 0.241356 , 0
-3.54845 , 0.23538 , 0
-3.54949 , 0.229402 , 0
-3.55051 , 0.223422 , 0
-3.55151 , 0.217441 , 0
-3.55248 , 0.211458 , 0
-3.55343 , 0.205474 , 0
-3.55436 , 0.199489 , 0
-3.55527 , 0.193503 , 0
-3.55615 , 0.187515 , 0
-3.55701 , 0.181526 , 0
-3.55784 , 0.175535 , 0
-3.55865 , 0.169544 , 0
-3.55944 , 0.163551 , 0
-3.56021 , 0.157558 , 0
-3.56095 , 0.151563 , 0
-3.56167 , 0.145568 , 0
-3.56237 , 0.139571 , 0
-3.56304 , 0.133574 , 0
-3.56369 , 0.127575 , 0
-3.56432 , 0.121576 , 0
-3.56492 , 0.115576 , 0
-3.5655 , 0.109576 , 0
-3.56606 , 0.103574 , 0
-3.56659 , 0.0975723 , 0
-3.5671 , 0.0915697 , 0
-3.56759 , 0.0855664 , 0
-3.56805 , 0.0795625 , 0
-3.5685 , 0.0735582 , 0
-3.56891 , 0.0675534 , 0
-3.56931 , 0.0615481 , 0
-3.56968 , 0.0555424 , 0
-3.57003 , 0.0495364 , 0
-3.57036 , 0.0435301 , 0
-3.57066 , 0.0375234 , 0
-3.57094 , 0.0315166 , 0
-3.57119 , 0.0255095 , 0
-3.57143 , 0.0195023 , 0
-3.57164 , 0.0134949 , 0
-3.57183 , 0.00748745 , 0
-3.57199 , 0.00147995 , 0
-3.57213 , -0.00452755 , 0
-3.57225 , -0.010535 , 0
-3.57234 , -0.0165424 , 0
-3.57241 , -0.0225497 , 0
-3.57246 , -0.0285569 , 0
-3.57249 , -0.0345639 , 0
-3.57249 , -0.0405706 , 0
-3.57247 , -0.0465771 , 0
-3.57243 , -0.0525833 , 0
-3.57236 , -0.0585892 , 0
-3.57227 , -0.0645946 , 0
-3.57216 , -0.0705997 , 0
-3.57202 , -0.0766043 , 0
-3.57186 , -0.0826084 , 0
-3.57168 , -0.0886119 , 0
-3.57147 , -0.0946149 , 0
-3.57125 , -0.100617 , 0
-3.57099 , -0.106619 , 0
-3.57072 , -0.11262 , 0
-3.57042 , -0.11862 , 0
-3.5701 , -0.12462 , 0
-3.56976 , -0.130619 , 0
-3.56939 , -0.136617 , 0
-3.569 , -0.142614 , 0
-3.56859 , -0.14861 , 0
-3.56815 , -0.154605 , 0
-3.56769 , -0.160599 , 0
-3.56721 , -0.166592 , 0
-3.5667 , -0.172584 , 0
-3.56618 , -0.178575 , 0
-3.56562 , -0.184565 , 0
-3.56505 , -0.190553 , 0
-3.56445 , -0.196541 , 0
-3.56383 , -0.202527 , 0
-3.56319 , -0.208511 , 0
-3.56252 , -0.214495 , 0
-3.56183 , -0.220477 , 0
-3.56112 , -0.226457 , 0
-3.56038 , -0.232436 , 0
-3.55962 , -0.238414 , 0
-3.55884 , -0.24439 , 0
-3.55803 , -0.250364 , 0
-3.5572 , -0.256337 , 0
-3.55635 , -0.262308 , 0
-3.55548 , -0.268278 , 0
-3.55458 , -0.274245 , 0
-3.55366 , -0.280211 , 0
-3.55271 , -0.286176 , 0
-3.55175 , -0.292138 , 0
-3.55076 , -0.298098 , 0
-3.54974 , -0.304056 , 0
-3.54871 , -0.310013 , 0
-3.54765 , -0.315967 , 0
-3.54656 , -0.32192 , 0
-3.54546 , -0.32787 , 0
-3.54433 , -0.333818 , 0
-3.54317 , -0.339764 , 0
-3.542 , -0.345707 , 0
-3.5408 , -0.351649 , 0
-3.53958 , -0.357588 , 0
-3.53833 , -0.363525 , 0
-3.53706 , -0.369459 , 0
-3.53577 , -0.375391 , 0
-3.53446 , -0.381321 , 0
-3.53312 , -0.387248 , 0
-3.53176 , -0.393172 , 0
-3.53038 , -0.399094 , 0
-3.52897 , -0.405013 , 0
-3.52754 , -0.41093 , 0
-3.52608 , -0.416844 , 0
-3.52461 , -0.422755 , 0
-3.52311 , -0.428663 , 0
-3.52158 , -0.434569 , 0
-3.52004 , -0.440472 , 0
-3.51847 , -0.446371 , 0
-3.51687 , -0.452268 , 0
-3.51526 , -0.458162 , 0
-3.51362 , -0.464053 , 0
-3.51195 , -0.469941 , 0
-3.51027 , -0.475825 , 0
-3.50856 , -0.481707 , 0
-3.50682 , -0.487585 , 0
-3.50507 , -0.49346 , 0
-3.50329 , -0.499332 , 0
-3.50149 , -0.5052 , 0
-3.49966 , -0.511065 , 0
-3.49781 , -0.516927 , 0
-3.49594 , -0.522785 , 0
-3.49404 , -0.52864 , 0
-3.49212 , -0.534491 , 0
-3.49018 , -0.540339 , 0
-3.48821 , -0.546183 , 0
-3.48622 , -0.552023 , 0
-3.48421 , -0.55786 , 0
-3.48218 , -0.563693 , 0
-3.48012 , -0.569522 , 0
-3.47803 , -0.575347 , 0
-3.47593 , -0.581168 , 0
-3.4738 , -0.586986 , 0
-3.47164 , -0.5928 , 0
-3.46947 , -0.598609 , 0
-3.46727 , -0.604415 , 0
-3.46504 , -0.610216 , 0
-3.4628 , -0.616013 , 0
-3.46053 , -0.621807 , 0
-3.45823 , -0.627595 , 0
-3.45592 , -0.63338 , 0
-3.45358 , -0.63916 , 0
-3.45121 , -0.644936 , 0
-3.44882 , -0.650708 , 0
-3.44641 , -0.656475 , 0
-3.44398 , -0.662238 , 0
-3.44152 , -0.667996 , 0
-3.43904 , -0.67375 , 0
-3.43653 , -0.679499 , 0
-3.434 , -0.685243 , 0
-3.43145 , -0.690983 , 0
-3.42888 , -0.696718 , 0
-3.42628 , -0.702448 , 0
-3.42365 , -0.708173 , 0
-3.42101 , -0.713893 , 0
-3.41833 , -0.719609 , 0
-3.41564 , -0.725319 , 0
-3.41292 , -0.731025 , 0
-3.41018 , -0.736725 , 0
-3.40742 , -0.74242 , 0
-3.40463 , -0.74811 , 0
-3.40182 , -0.753795 , 0
-3.39898 , -0.759475 , 0
-3.39612 , -0.765149 , 0
-3.39324 , -0.770818 , 0
-3.39033 , -0.776482 , 0
-3.3874 , -0.78214 , 0
-3.38444 , -0.787793 , 0
-3.38146 , -0.79344 , 0
-3.37846 , -0.799081 , 0
-3.37544 , -0.804717 , 0
-3.37239 , -0.810348 , 0
-3.36931 , -0.815972 , 0
-3.36621 , -0.821591 , 0
-3.36309 , -0.827204 , 0
-3.35995 , -0.832811 , 0
-3.35678 , -0.838412 , 0
-3.35358 , -0.844007 , 0
-3.35037 , -0.849596 , 0
-3.34713 , -0.85518 , 0
-3.34386 , -0.860757 , 0
-3.34057 , -0.866327 , 0
-3.33726 , -0.871892 , 0
-3.33392 , -0.87745 , 0
-3.33056 , -0.883002 , 0
-3.32718 , -0.888548 , 0
-3.32377 , -0.894087 , 0
-3.32034 , -0.89962 , 0
-3.31688 , -0.905147 , 0
-3.3134 , -0.910666 , 0
-3.30989 , -0.916179 , 0
-3.30637 , -0.921686 , 0
-3.30281 , -0.927186 , 0
-3.29924 , -0.932679 , 0
-3.29563 , -0.938165 , 0
-3.29201 , -0.943644 , 0
-3.28836 , -0.949116 , 0
-3.28469 , -0.954582 , 0
-3.28099 , -0.96004 , 0
-3.27727 , -0.965491 , 0
-3.27352 , -0.970936 , 0
-3.26975 , -0.976373 , 0
-3.26595 , -0.981802 , 0
-3.26213 , -0.987225 , 0
-3.25829 , -0.99264 , 0
-3.25442 , -0.998047 , 0
-3.25053 , -1.00345 , 0
-3.24662 , -1.00884 , 0
-3.24267 , -1.01423 , 0
-3.23871 , -1.0196 , 0
-3.23472 , -1.02497 , 0
-3.23071 , -1.03033 , 0
-3.22667 , -1.03569 , 0
-3.22261 , -1.04104 , 0
-3.21852 , -1.04637 , 0
-3.21441 , -1.0517 , 0
-3.21027 , -1.05703 , 0
-3.20611 , -1.06234 , 0
-3.20192 , -1.06765 , 0
-3.19772 , -1.07295 , 0
-3.19348 , -1.07824 , 0
-3.18922 , -1.08352 , 0
-3.18494 , -1.08879 , 0
-3.18063 , -1.09406 , 0
-3.1763 , -1.09931 , 0
-3.17194 , -1.10456 , 0
-3.16756 , -1.1098 , 0
-3.16315 , -1.11503 , 0
-3.15872 , -1.12025 , 0
-3.15426 , -1.12547 , 0
-3.14978 , -1.13067 , 0
-3.14528 , -1.13587 , 0
-3.14075 , -1.14105 , 0
-3.13619 , -1.14623 , 0
-3.13161 , -1.1514 , 0
-3.12701 , -1.15656 , 0
-3.12238 , -1.16171 , 0
-3.11772 , -1.16685 , 0
-3.11304 , -1.17198 , 0
-3.10834 , -1.1771 , 0
-3.10361 , -1.18221 , 0
-3.09886 , -1.18732 , 0
-3.09408 , -1.19241 , 0
-3.08927 , -1.1975 , 0
-3.08444 , -1.20257 , 0
-3.07959 , -1.20763 , 0
-3.07471 , -1.21269 , 0
-3.0698 , -1.21773 , 0
-3.06487 , -1.22277 , 0
-3.05992 , -1.22779 , 0
-3.05494 , -1.23281 , 0
-3.04993 , -1.23781 , 0
-3.0449 , -1.24281 , 0
-3.03985 , -1.24779 , 0
-3.03477 , -1.25276 , 0
-3.02966 , -1.25773 , 0
-3.02453 , -1.26268 , 0
-3.01937 , -1.26762 , 0
-3.01419 , -1.27255 , 0
-3.00898 , -1.27747 , 0
-3.00375 , -1.28238 , 0
-2.99849 , -1.28728 , 0
-2.99321 , -1.29217 , 0
-2.9879 , -1.29705 , 0
-2.98256 , -1.30192 , 0
-2.9772 , -1.30677 , 0
-2.97182 , -1.31161 , 0
-2.96641 , -1.31645 , 0
-2.96097 , -1.32127 , 0
-2.95551 , -1.32608 , 0
-2.95002 , -1.33088 , 0
-2.94451 , -1.33566 , 0
-2.93897 , -1.34044 , 0
-2.9334 , -1.3452 , 0
-2.92781 , -1.34995 , 0
-2.92219 , -1.35469 , 0
-2.91655 , -1.35942 , 0
-2.91088 , -1.36414 , 0
-2.90519 , -1.36884 , 0
-2.89947 , -1.37353 , 0
-2.89372 , -1.37821 , 0
-2.88795 , -1.38288 , 0
-2.88215 , -1.38753 , 0
-2.87633 , -1.39217 , 0
-2.87048 , -1.3968 , 0
-2.86461 , -1.40142 , 0
-2.85871 , -1.40602 , 0
-2.85278 , -1.41061 , 0
-2.84682 , -1.41519 , 0
-2.84084 , -1.41976 , 0
-2.83484 , -1.42431 , 0
-2.82881 , -1.42885 , 0
-2.82275 , -1.43338 , 0
-2.81666 , -1.43789 , 0
-2.81055 , -1.44239 , 0
-2.80442 , -1.44687 , 0
-2.79825 , -1.45134 , 0
-2.79206 , -1.4558 , 0
-2.78585 , -1.46025 , 0
-2.77961 , -1.46468 , 0
-2.77334 , -1.4691 , 0
-2.76704 , -1.4735 , 0
-2.76072 , -1.47789 , 0
-2.75437 , -1.48226 , 0
-2.748 , -1.48662 , 0
-2.7416 , -1.49097 , 0
-2.73517 , -1.4953 , 0
-2.72871 , -1.49962 , 0
-2.72223 , -1.50392 , 0
-2.71572 , -1.50821 , 0
-2.70919 , -1.51248 , 0
-2.70263 , -1.51674 , 0
-2.69604 , -1.52098 , 0
-2.68943 , -1.52521 , 0
-2.68279 , -1.52942 , 0
-2.67612 , -1.53362 , 0
-2.66942 , -1.5378 , 0
-2.6627 , -1.54197 , 0
-2.65595 , -1.54612 , 0
-2.64917 , -1.55025 , 0
-2.64237 , -1.55437 , 0
-2.63554 , -1.55847 , 0
-2.62868 , -1.56256 , 0
-2.6218 , -1.56663 , 0
-2.61489 , -1.57069 , 0
-2.60795 , -1.57473 , 0
-2.60098 , -1.57875 , 0
-2.59399 , -1.58275 , 0
-2.58697 , -1.58674 , 0
-2.57992 , -1.59072 , 0
-2.57285 , -1.59467 , 0
-2.56575 , -1.59861 , 0
-2.55862 , -1.60253 , 0
-2.55146 , -1.60644 , 0
-2.54428 , -1.61032 , 0
-2.53707 , -1.61419 , 0
-2.52983 , -1.61805 , 0
-2.52256 , -1.62188 , 0
-2.51526 , -1.6257 , 0
-2.50794 , -1.6295 , 0
-2.50059 , -1.63328 , 0
-2.49322 , -1.63704 , 0
-2.48581 , -1.64079 , 0
-2.47838 , -1.64451 , 0
-2.47092 , -1.64822 , 0
-2.46343 , -1.65191 , 0
-2.45591 , -1.65558 , 0
-2.44837 , -1.65923 , 0
-2.4408 , -1.66287 , 0
-2.4332 , -1.66648 , 0
-2.42557 , -1.67008 , 0
-2.41792 , -1.67365 , 0
-2.41023 , -1.67721 , 0
-2.40252 , -1.68074 , 0
-2.39478 , -1.68426 , 0
-2.38701 , -1.68776 , 0
-2.37922 , -1.69124 , 0
-2.37139 , -1.69469 , 0
-2.36354 , -1.69813 , 0
-2.35566 , -1.70155 , 0
-2.34775 , -1.70495 , 0
-2.33981 , -1.70832 , 0
-2.33185 , -1.71168 , 0
-2.32385 , -1.71501 , 0
-2.31583 , -1.71833 , 0
-2.30778 , -1.72162 , 0
-2.2997 , -1.72489 , 0
-2.29159 , -1.72814 , 0
-2.28346 , -1.73137 , 0
-2.27529 , -1.73457 , 0
-2.2671 , -1.73776 , 0
-2.25887 , -1.74092 , 0
-2.25062 , -1.74406 , 0
-2.24234 , -1.74718 , 0
-2.23403 , -1.75028 , 0
-2.2257 , -1.75335 , 0
-2.21733 , -1.7564 , 0
-2.20894 , -1.75943 , 0
-2.20051 , -1.76243 , 0
-2.19206 , -1.76541 , 0
-2.18358 , -1.76837 , 0
-2.17507 , -1.77131 , 0
-2.16652 , -1.77422 , 0
-2.15796 , -1.77711 , 0
-2.14936 , -1.77997 , 0
-2.14073 , -1.78281 , 0
-2.13207 , -1.78562 , 0
-2.12339 , -1.78841 , 0
-2.11467 , -1.79118 , 0
-2.10593 , -1.79392 , 0
-2.09715 , -1.79664 , 0
-2.08835 , -1.79933 , 0
-2.07952 , -1.80199 , 0
-2.07066 , -1.80463 , 0
-2.06177 , -1.80725 , 0
-2.05285 , -1.80984 , 0
-2.0439 , -1.8124 , 0
-2.03492 , -1.81494 , 0
-2.02591 , -1.81745 , 0
-2.01687 , -1.81993 , 0
-2.0078 , -1.82239 , 0
-1.9987 , -1.82482 , 0
-1.98957 , -1.82722 , 0
-1.98041 , -1.82959 , 0
-1.97123 , -1.83194 , 0
-1.96201 , -1.83426 , 0
-1.95276 , -1.83655 , 0
-1.94349 , -1.83882 , 0
-1.93418 , -1.84105 , 0
-1.92484 , -1.84326 , 0
-1.91547 , -1.84544 , 0
-1.90608 , -1.84759 , 0
-1.89665 , -1.84971 , 0
-1.88719 , -1.8518 , 0
-1.87771 , -1.85386 , 0
-1.86819 , -1.85589 , 0
-1.85864 , -1.8579 , 0
-1.84907 , -1.85987 , 0
-1.83946 , -1.86181 , 0
-1.82982 , -1.86372 , 0
-1.82015 , -1.8656 , 0
-1.81045 , -1.86745 , 0
-1.80072 , -1.86927 , 0
-1.79096 , -1.87105 , 0
-1.78118 , -1.87281 , 0
-1.77136 , -1.87453 , 0
-1.7615 , -1.87622 , 0
-1.75162 , -1.87788 , 0
-1.74171 , -1.8795 , 0
-1.73177 , -1.8811 , 0
-1.7218 , -1.88265 , 0
-1.7118 , -1.88418 , 0
-1.70176 , -1.88567 , 0
-1.6917 , -1.88713 , 0
-1.6816 , -1.88855 , 0
-1.67148 , -1.88994 , 0
-1.66132 , -1.8913 , 0
-1.65113 , -1.89262 , 0
-1.64092 , -1.8939 , 0
-1.63067 , -1.89515 , 0
-1.62039 , -1.89637 , 0
-1.61008 , -1.89754 , 0
-1.59974 , -1.89868 , 0
-1.58937 , -1.89979 , 0
-1.57897 , -1.90086 , 0
-1.56853 , -1.90189 , 0
-1.55807 , -1.90288 , 0
-1.54757 , -1.90384 , 0
-1.53705 , -1.90475 , 0
-1.52649 , -1.90563 , 0
-1.51591 , -1.90647 , 0
-1.50529 , -1.90728 , 0
-1.49464 , -1.90804 , 0
-1.48396 , -1.90876 , 0
-1.47325 , -1.90944 , 0
-1.4625 , -1.91009 , 0
-1.45173 , -1.91069 , 0
-1.44093 , -1.91125 , 0
-1.43009 , -1.91177 , 0
-1.41923 , -1.91225 , 0
-1.40833 , -1.91269 , 0
-1.3974 , -1.91309 , 0
-1.38644 , -1.91344 , 0
-1.37545 , -1.91375 , 0
-1.36443 , -1.91402 , 0
-1.35338 , -1.91424 , 0
-1.3423 , -1.91442 , 0
-1.33118 , -1.91456 , 0
-1.32004 , -1.91465 , 0
-1.30886 , -1.9147 , 0
-1.29766 , -1.9147 , 0
-1.28642 , -1.91465 , 0
-1.27515 , -1.91456 , 0
-1.26385 , -1.91443 , 0
-1.25252 , -1.91424 , 0
-1.24116 , -1.91401 , 0
-1.22977 , -1.91374 , 0
-1.21835 , -1.91341 , 0
-1.2069 , -1.91304 , 0
-1.19541 , -1.91261 , 0
-1.1839 , -1.91214 , 0
-1.17235 , -1.91162 , 0
-1.16078 , -1.91105 , 0
-1.14917 , -1.91043 , 0
-1.13753 , -1.90976 , 0
-1.12586 , -1.90903 , 0
-1.11417 , -1.90826 , 0
-1.10244 , -1.90743 , 0
-1.09068 , -1.90655 , 0
-1.07889 , -1.90562 , 0
-1.06707 , -1.90463 , 0
-1.05522 , -1.90359 , 0
-1.04334 , -1.90249 , 0
-1.03143 , -1.90134 , 0
-1.01949 , -1.90014 , 0
-1.00752 , -1.89888 , 0
-0.99552 , -1.89756 , 0
-0.983491 , -1.89619 , 0
-0.971431 , -1.89475 , 0
-0.959342 , -1.89326 , 0
-0.947223 , -1.89172 , 0
-0.935075 , -1.89011 , 0
-0.922898 , -1.88844 , 0
-0.910691 , -1.88672 , 0
-0.898455 , -1.88493 , 0
-0.88619 , -1.88308 , 0
-0.873896 , -1.88117 , 0
-0.861573 , -1.8792 , 0
-0.849221 , -1.87717 , 0
-0.836841 , -1.87507 , 0
-0.824432 , -1.87291 , 0
-0.811995 , -1.87069 , 0
-0.79953 , -1.8684 , 0
-0.787036 , -1.86604 , 0
-0.774515 , -1.86362 , 0
-0.761966 , -1.86113 , 0
-0.749389 , -1.85857 , 0
-0.736785 , -1.85595 , 0
-0.724153 , -1.85325 , 0
-0.711495 , -1.85049 , 0
-0.698809 , -1.84766 , 0
-0.686097 , -1.84476 , 0
-0.673359 , -1.84178 , 0
-0.660594 , -1.83874 , 0
-0.647803 , -1.83562 , 0
-0.634986 , -1.83242 , 0
-0.622143 , -1.82916 , 0
-0.609275 , -1.82582 , 0
-0.596382 , -1.8224 , 0
-0.583463 , -1.81891 , 0
-0.570521 , -1.81534 , 0
-0.557553 , -1.81169 , 0
-0.544562 , -1.80796 , 0
-0.531547 , -1.80416 , 0
-0.518508 , -1.80027 , 0
-0.505446 , -1.79631 , 0
-0.492361 , -1.79226 , 0
-0.479254 , -1.78813 , 0
-0.466124 , -1.78392 , 0
-0.452972 , -1.77962 , 0
-0.439799 , -1.77524 , 0
-0.426604 , -1.77078 , 0
-0.413389 , -1.76622 , 0
-0.400154 , -1.76158 , 0
-0.386898 , -1.75685 , 0
-0.373623 , -1.75204 , 0
-0.360328 , -1.74713 , 0
-0.347015 , -1.74213 , 0
-0.333684 , -1.73704 , 0
-0.320335 , -1.73186 , 0
-0.306968 , -1.72659 , 0
-0.293585 , -1.72122 , 0
-0.280186 , -1.71575 , 0
-0.266771 , -1.71019 , 0
-0.25334 , -1.70453 , 0
-0.239895 , -1.69878 , 0
-0.226437 , -1.69292 , 0
-0.212964 , -1.68697 , 0
-0.199479 , -1.68091 , 0
-0.185982 , -1.67475 , 0
-0.172473 , -1.66849 , 0
-0.158954 , -1.66212 , 0
-0.145425 , -1.65565 , 0
-0.131886 , -1.64907 , 0
-0.118338 , -1.64239 , 0
-0.104783 , -1.63559 , 0
-0.0912209 , -1.62869 , 0
-0.0776525 , -1.62168 , 0
-0.0640788 , -1.61455 , 0
-0.0505006 , -1.60732 , 0
-0.0369188 , -1.59996 , 0
-0.0233343 , -1.5925 , 0
-0.00974813 , -1.58491 , 0
0.00383875 , -1.57721 , 0
0.0174253 , -1.56939 , 0
0.0310106 , -1.56146 , 0
0.0445935 , -1.5534 , 0
0.0581728 , -1.54521 , 0
0.0717476 , -1.53691 , 0
0.0853165 , -1.52848 , 0
0.0988784 , -1.51993 , 0
0.112432 , -1.51125 , 0
0.125976 , -1.50244 , 0
0.13951 , -1.4935 , 0
0.153031 , -1.48443 , 0
0.166538 , -1.47523 , 0
0.180031 , -1.4659 , 0
0.193507 , -1.45643 , 0
0.206965 , -1.44683 , 0
0.220404 , -1.43709 , 0
0.233821 , -1.42721 , 0
0.247216 , -1.41719 , 0
0.260586 , -1.40704 , 0
0.27393 , -1.39674 , 0
0.287246 , -1.3863 , 0
0.300532 , -1.37571 , 0
0.313786 , -1.36498 , 0
0.327007 , -1.35411 , 0
0.340192 , -1.34308 , 0
0.35334 , -1.33191 , 0
0.366447 , -1.32059 , 0
0.379513 , -1.30911 , 0
0.392534 , -1.29749 , 0
0.40551 , -1.28571 , 0
0.418436 , -1.27377 , 0
0.431311 , -1.26168 , 0
0.444132 , -1.24944 , 0
0.456898 , -1.23703 , 0
0.469604 , -1.22447 , 0
0.48225 , -1.21174 , 0
0.494831 , -1.19886 , 0
0.507345 , -1.18581 , 0
0.51979 , -1.1726 , 0
0.532162 , -1.15923 , 0
0.544458 , -1.14569 , 0
0.556676 , -1.13198 , 0
0.568813 , -1.11812 , 0
0.580864 , -1.10408 , 0
0.592827 , -1.08987 , 0
0.604698 , -1.0755 , 0
0.616475 , -1.06096 , 0
0.628154 , -1.04625 , 0
0.63973 , -1.03137 , 0
0.651201 , -1.01632 , 0
0.662563 , -1.0011 , 0
0.673812 , -0.985708 , 0
0.684945 , -0.970146 , 0
0.695956 , -0.954414 , 0
0.706844 , -0.938511 , 0
0.717603 , -0.922437 , 0
0.728229 , -0.906193 , 0
0.738719 , -0.889779 , 0
0.749068 , -0.873196 , 0
0.759273 , -0.856443 , 0
0.769328 , -0.839522 , 0
0.779229 , -0.822434 , 0
0.788972 , -0.805179 , 0
0.798553 , -0.787758 , 0
0.807968 , -0.770173 , 0
0.817211 , -0.752425 , 0
0.826279 , -0.734515 , 0
0.835166 , -0.716444 , 0
0.843868 , -0.698216 , 0
0.852382 , -0.67983 , 0
0.860701 , -0.66129 , 0
0.868822 , -0.642598 , 0
0.87674 , -0.623755 , 0
0.884451 , -0.604765 , 0
0.89195 , -0.58563 , 0
0.899232 , -0.566353 , 0
0.906294 , -0.546937 , 0
0.91313 , -0.527385 , 0
0.919737 , -0.507701 , 0
0.926111 , -0.487887 , 0
0.932246 , -0.467948 , 0
0.938139 , -0.447888 , 0
0.943786 , -0.42771 , 0
0.949183 , -0.407418 , 0
0.954326 , -0.387018 , 0
0.959212 , -0.366513 , 0
0.963836 , -0.345909 , 0
0.968196 , -0.32521 , 0
0.972289 , -0.30442 , 0
0.97611 , -0.283546 , 0
0.979657 , -0.262593 , 0
0.982928 , -0.241565 , 0
0.985919 , -0.220468 , 0
0.988629 , -0.199309 , 0
0.991054 , -0.178092 , 0
0.993194 , -0.156824 , 0
0.995045 , -0.13551 , 0
0.996607 , -0.114157 , 0
0.997878 , -0.0927703 , 0
0.998857 , -0.0713566 , 0
0.999542 , -0.0499221 , 0
0.999934 , -0.0284729 , 0
1.00003 , -0.00701525 , 0
0.999834 , 0.0144444 , 0
0.999342 , 0.0358999 , 0
0.998555 , 0.0573447 , 0
0.997474 , 0.0787727 , 0
0.9961 , 0.100177 , 0
0.994434 , 0.121553 , 0
0.992475 , 0.142893 , 0
0.990227 , 0.16419 , 0
0.98769 , 0.185441 , 0
0.984866 , 0.206637 , 0
0.981758 , 0.227773 , 0
0.978367 , 0.248844 , 0
0.974695 , 0.269844 , 0
0.970746 , 0.290767 , 0
0.966522 , 0.311607 , 0
0.962026 , 0.33236 , 0
0.957261 , 0.35302 , 0
0.952231 , 0.373582 , 0
0.946938 , 0.394041 , 0
0.941386 , 0.414392 , 0
0.93558 , 0.434631 , 0
0.929522 , 0.454753 , 0
0.923218 , 0.474755 , 0
0.91667 , 0.494631 , 0
0.909883 , 0.514379 , 0
0.902861 , 0.533994 , 0
0.895609 , 0.553472 , 0
0.88813 , 0.572811 , 0
0.88043 , 0.592006 , 0
0.872512 , 0.611056 , 0
0.864382 , 0.629956 , 0
0.856043 , 0.648705 , 0
0.847501 , 0.667299 , 0
0.83876 , 0.685737 , 0
0.829825 , 0.704016 , 0
0.820699 , 0.722134 , 0
0.811389 , 0.740089 , 0
0.801898 , 0.757879 , 0
0.792231 , 0.775503 , 0
0.782393 , 0.792959 , 0
0.772388 , 0.810246 , 0
0.76222 , 0.827363 , 0
0.751895 , 0.844309 , 0
0.741417 , 0.861082 , 0
0.730789 , 0.877683 , 0
0.720017 , 0.89411 , 0
0.709105 , 0.910362 , 0
0.698057 , 0.926441 , 0
0.686877 , 0.942344 , 0
0.675569 , 0.958072 , 0
0.664138 , 0.973625 , 0
0.652587 , 0.989002 , 0
0.640921 , 1.0042 , 0
0.629142 , 1.01923 , 0
0.617256 , 1.03408 , 0
0.605266 , 1.04876 , 0
0.593175 , 1.06327 , 0
0.580988 , 1.0776 , 0
0.568707 , 1.09175 , 0
0.556336 , 1.10574 , 0
0.543879 , 1.11955 , 0
0.531339 , 1.13319 , 0
0.518719 , 1.14666 , 0
0.506022 , 1.15997 , 0
0.493251 , 1.1731 , 0
0.48041 , 1.18606 , 0
0.467502 , 1.19886 , 0
0.454529 , 1.2115 , 0
0.441494 , 1.22396 , 0
0.4284 , 1.23627 , 0
0.415249 , 1.24841 , 0
0.402045 , 1.26039 , 0
0.38879 , 1.27221 , 0
0.375485 , 1.28387 , 0
0.362135 , 1.29537 , 0
0.348741 , 1.30672 , 0
0.335305 , 1.31791 , 0
0.32183 , 1.32894 , 0
0.308318 , 1.33982 , 0
0.294771 , 1.35056 , 0
0.281191 , 1.36113 , 0
0.267581 , 1.37156 , 0
0.253941 , 1.38185 , 0
0.240274 , 1.39198 , 0
0.226582 , 1.40197 , 0
0.212867 , 1.41182 , 0
0.199131 , 1.42152 , 0
0.185374 , 1.43108 , 0
0.171599 , 1.4405 , 0
0.157808 , 1.44978 , 0
0.144002 , 1.45892 , 0
0.130182 , 1.46793 , 0
0.11635 , 1.4768 , 0
0.102508 , 1.48554 , 0
0.0886568 , 1.49415 , 0
0.0747976 , 1.50262 , 0
0.0609319 , 1.51097 , 0
0.047061 , 1.51918 , 0
0.0331862 , 1.52727 , 0
0.0193087 , 1.53523 , 0
0.00542953 , 1.54307 , 0
-0.00845004 , 1.55078 , 0
-0.0223289 , 1.55837 , 0
-0.0362061 , 1.56584 , 0
-0.0500805 , 1.57319 , 0
-0.0639511 , 1.58042 , 0
-0.0778169 , 1.58753 , 0
-0.091677 , 1.59452 , 0
-0.105531 , 1.6014 , 0
-0.119377 , 1.60817 , 0
-0.133214 , 1.61482 , 0
-0.147042 , 1.62136 , 0
-0.160861 , 1.6278 , 0
-0.174668 , 1.63412 , 0
-0.188464 , 1.64033 , 0
-0.202248 , 1.64643 , 0
-0.216018 , 1.65243 , 0
-0.229775 , 1.65833 , 0
-0.243517 , 1.66411 , 0
-0.257244 , 1.6698 , 0
-0.270956 , 1.67539 , 0
-0.284651 , 1.68087 , 0
-0.298329 , 1.68625 , 0
-0.31199 , 1.69154 , 0
-0.325633 , 1.69672 , 0
-0.339257 , 1.70181 , 0
-0.352862 , 1.7068 , 0
-0.366447 , 1.7117 , 0
-0.380012 , 1.71651 , 0
-0.393556 , 1.72122 , 0
-0.40708 , 1.72584 , 0
-0.420582 , 1.73037 , 0
-0.434062 , 1.7348 , 0
-0.447519 , 1.73915 , 0
-0.460954 , 1.74341 , 0
-0.474366 , 1.74758 , 0
-0.487754 , 1.75167 , 0
-0.501118 , 1.75567 , 0
-0.514458 , 1.75958 , 0
-0.527773 , 1.76341 , 0
-0.541064 , 1.76716 , 0
-0.554329 , 1.77082 , 0
-0.567569 , 1.7744 , 0
-0.580782 , 1.77791 , 0
-0.59397 , 1.78133 , 0
-0.607131 , 1.78467 , 0
-0.620265 , 1.78793 , 0
-0.633373 , 1.79112 , 0
-0.646453 , 1.79423 , 0
-0.659506 , 1.79726 , 0
-0.672531 , 1.80022 , 0
-0.685528 , 1.8031 , 0
-0.698497 , 1.80591 , 0
-0.711437 , 1.80865 , 0
-0.724349 , 1.81131 , 0
-0.737233 , 1.8139 , 0
-0.750087 , 1.81642 , 0
-0.762912 , 1.81887 , 0
-0.775708 , 1.82125 , 0
-0.788475 , 1.82356 , 0
-0.801211 , 1.8258 , 0
-0.813918 , 1.82797 , 0
-0.826595 , 1.83008 , 0
-0.839242 , 1.83212 , 0
-0.851859 , 1.83409 , 0
-0.864446 , 1.836 , 0
-0.877002 , 1.83784 , 0
-0.889527 , 1.83962 , 0
-0.902021 , 1.84134 , 0
-0.914485 , 1.84299 , 0
-0.926918 , 1.84458 , 0
-0.93932 , 1.84611 , 0
-0.95169 , 1.84758 , 0
-0.96403 , 1.84899 , 0
-0.976338 , 1.85033 , 0
-0.988614 , 1.85162 , 0
-1.00086 , 1.85285 , 0
-1.01307 , 1.85402 , 0
-1.02525 , 1.85513 , 0
-1.03741 , 1.85619 , 0
-1.04952 , 1.85718 , 0
-1.06161 , 1.85813 , 0
-1.07366 , 1.85901 , 0
-1.08569 , 1.85984 , 0
-1.09768 , 1.86062 , 0
-1.10964 , 1.86134 , 0
-1.12156 , 1.862 , 0
-1.13346 , 1.86262 , 0
-1.14532 , 1.86318 , 0
-1.15715 , 1.86368 , 0
-1.16895 , 1.86414 , 0
-1.18071 , 1.86454 , 0
-1.19244 , 1.8649 , 0
-1.20414 , 1.8652 , 0
-1.21581 , 1.86545 , 0
-1.22745 , 1.86566 , 0
-1.23905 , 1.86581 , 0
-1.25062 , 1.86591 , 0
-1.26216 , 1.86597 , 0
-1.27366 , 1.86598 , 0
-1.28514 , 1.86594 , 0
-1.29658 , 1.86585 , 0
-1.30798 , 1.86571 , 0
-1.31936 , 1.86553 , 0
-1.3307 , 1.86531 , 0
-1.34201 , 1.86503 , 0
-1.35329 , 1.86472 , 0
-1.36453 , 1.86435 , 0
-1.37574 , 1.86395 , 0
-1.38692 , 1.86349 , 0
-1.39807 , 1.863 , 0
-1.40918 , 1.86246 , 0
-1.42027 , 1.86188 , 0
-1.43131 , 1.86125 , 0
-1.44233 , 1.86059 , 0
-1.45332 , 1.85988 , 0
-1.46427 , 1.85913 , 0
-1.47518 , 1.85833 , 0
-1.48607 , 1.8575 , 0
-1.49692 , 1.85663 , 0
-1.50775 , 1.85571 , 0
-1.51853 , 1.85476 , 0
-1.52929 , 1.85377 , 0
-1.54001 , 1.85273 , 0
-1.55071 , 1.85166 , 0
-1.56136 , 1.85055 , 0
-1.57199 , 1.8494 , 0
-1.58258 , 1.84821 , 0
-1.59315 , 1.84699 , 0
-1.60367 , 1.84573 , 0
-1.61417 , 1.84443 , 0
-1.62464 , 1.84309 , 0
-1.63507 , 1.84172 , 0
-1.64547 , 1.84031 , 0
-1.65584 , 1.83886 , 0
-1.66617 , 1.83738 , 0
-1.67647 , 1.83586 , 0
-1.68675 , 1.83431 , 0
-1.69699 , 1.83272 , 0
-1.70719 , 1.8311 , 0
-1.71737 , 1.82944 , 0
-1.72751 , 1.82775 , 0
-1.73762 , 1.82603 , 0
-1.7477 , 1.82427 , 0
-1.75775 , 1.82248 , 0
-1.76776 , 1.82065 , 0
-1.77774 , 1.8188 , 0
-1.7877 , 1.81691 , 0
-1.79762 , 1.81499 , 0
-1.8075 , 1.81303 , 0
-1.81736 , 1.81104 , 0
-1.82718 , 1.80903 , 0
-1.83698 , 1.80698 , 0
-1.84674 , 1.8049 , 0
-1.85647 , 1.80279 , 0
-1.86616 , 1.80065 , 0
-1.87583 , 1.79847 , 0
-1.88547 , 1.79627 , 0
-1.89507 , 1.79404 , 0
-1.90464 , 1.79178 , 0
-1.91418 , 1.78949 , 0
-1.92369 , 1.78716 , 0
-1.93317 , 1.78481 , 0
-1.94261 , 1.78244 , 0
-1.95203 , 1.78003 , 0
-1.96141 , 1.77759 , 0
-1.97077 , 1.77513 , 0
-1.98009 , 1.77264 , 0
-1.98938 , 1.77012 , 0
-1.99864 , 1.76757 , 0
-2.00787 , 1.76499 , 0
-2.01706 , 1.76239 , 0
-2.02623 , 1.75976 , 0
-2.03537 , 1.7571 , 0
-2.04447 , 1.75442 , 0
-2.05355 , 1.75171 , 0
-2.06259 , 1.74898 , 0
-2.0716 , 1.74621 , 0
-2.08058 , 1.74343 , 0
-2.08954 , 1.74061 , 0
-2.09846 , 1.73778 , 0
-2.10735 , 1.73491 , 0
-2.11621 , 1.73202 , 0
-2.12503 , 1.72911 , 0
-2.13383 , 1.72617 , 0
-2.1426 , 1.72321 , 0
-2.15134 , 1.72022 , 0
-2.16005 , 1.71721 , 0
-2.16872 , 1.71417 , 0
-2.17737 , 1.71111 , 0
-2.18599 , 1.70803 , 0
-2.19457 , 1.70492 , 0
-2.20313 , 1.70179 , 0
-2.21166 , 1.69863 , 0
-2.22015 , 1.69546 , 0
-2.22862 , 1.69226 , 0
-2.23706 , 1.68903 , 0
-2.24546 , 1.68579 , 0
-2.25384 , 1.68252 , 0
-2.26218 , 1.67923 , 0
-2.2705 , 1.67592 , 0
-2.27879 , 1.67258 , 0
-2.28705 , 1.66923 , 0
-2.29527 , 1.66585 , 0
-2.30347 , 1.66245 , 0
-2.31164 , 1.65903 , 0
-2.31978 , 1.65559 , 0
-2.32789 , 1.65212 , 0
-2.33597 , 1.64864 , 0
-2.34402 , 1.64513 , 0
-2.35204 , 1.64161 , 0
-2.36003 , 1.63806 , 0
-2.36799 , 1.6345 , 0
-2.37592 , 1.63091 , 0
-2.38383 , 1.6273 , 0
-2.3917 , 1.62368 , 0
-2.39955 , 1.62003 , 0
-2.40736 , 1.61636 , 0
-2.41515 , 1.61268 , 0
-2.42291 , 1.60897 , 0
-2.43064 , 1.60525 , 0
-2.43834 , 1.60151 , 0
-2.44601 , 1.59774 , 0
-2.45365 , 1.59396 , 0
-2.46126 , 1.59016 , 0
-2.46885 , 1.58634 , 0
-2.4764 , 1.58251 , 0
-2.48393 , 1.57865 , 0
-2.49143 , 1.57478 , 0
-2.4989 , 1.57089 , 0
-2.50634 , 1.56698 , 0
-2.51375 , 1.56305 , 0
-2.52113 , 1.5591 , 0
-2.52849 , 1.55514 , 0
-2.53581 , 1.55116 , 0
-2.54311 , 1.54716 , 0
-2.55038 , 1.54314 , 0
-2.55762 , 1.53911 , 0
-2.56484 , 1.53506 , 0
-2.57202 , 1.531 , 0
-2.57918 , 1.52691 , 0
-2.58631 , 1.52281 , 0
-2.59341 , 1.5187 , 0
-2.60048 , 1.51456 , 0
-2.60752 , 1.51041 , 0
-2.61454 , 1.50625 , 0
-2.62152 , 1.50206 , 0
-2.62848 , 1.49787 , 0
-2.63541 , 1.49365 , 0
-2.64232 , 1.48942 , 0
-2.64919 , 1.48518 , 0
-2.65604 , 1.48092 , 0
-2.66286 , 1.47664 , 0
-2.66965 , 1.47235 , 0
-2.67642 , 1.46804 , 0
-2.68316 , 1.46372 , 0
-2.68986 , 1.45938 , 0
-2.69655 , 1.45503 , 0
-2.7032 , 1.45066 , 0
-2.70983 , 1.44628 , 0
-2.71642 , 1.44188 , 0
-2.723 , 1.43747 , 0
-2.72954 , 1.43304 , 0
-2.73605 , 1.4286 , 0
-2.74254 , 1.42415 , 0
-2.749 , 1.41968 , 0
-2.75544 , 1.41519 , 0
-2.76185 , 1.4107 , 0
-2.76822 , 1.40618 , 0
-2.77458 , 1.40166 , 0
-2.7809 , 1.39712 , 0
-2.7872 , 1.39257 , 0
-2.79347 , 1.388 , 0
-2.79971 , 1.38342 , 0
-2.80593 , 1.37883 , 0
-2.81212 , 1.37422 , 0
-2.81828 , 1.3696 , 0
-2.82442 , 1.36497 , 0
-2.83052 , 1.36032 , 0
-2.83661 , 1.35567 , 0
-2.84266 , 1.35099 , 0
-2.84869 , 1.34631 , 0
-2.85469 , 1.34161 , 0
-2.86066 , 1.3369 , 0
-2.86661 , 1.33218 , 0
-2.87253 , 1.32745 , 0
-2.87842 , 1.3227 , 0
-2.88429 , 1.31794 , 0
-2.89013 , 1.31317 , 0
-2.89594 , 1.30839 , 0
-2.90173 , 1.30359 , 0
-2.90749 , 1.29878 , 0
-2.91323 , 1.29396 , 0
-2.91893 , 1.28913 , 0
-2.92461 , 1.28429 , 0
-2.93027 , 1.27944 , 0
-2.9359 , 1.27457 , 0
-2.9415 , 1.26969 , 0
-2.94707 , 1.2648 , 0
-2.95262 , 1.2599 , 0
-2.95815 , 1.25499 , 0
-2.96364 , 1.25007 , 0
-2.96911 , 1.24514 , 0
-2.97456 , 1.24019 , 0
-2.97997 , 1.23524 , 0
-2.98537 , 1.23027 , 0
-2.99073 , 1.22529 , 0
-2.99607 , 1.22031 , 0
-3.00138 , 1.21531 , 0
-3.00667 , 1.2103 , 0
-3.01193 , 1.20528 , 0
-3.01717 , 1.20025 , 0
-3.02238 , 1.19521 , 0
-3.02756 , 1.19016 , 0
-3.03272 , 1.1851 , 0
-3.03785 , 1.18003 , 0
-3.04296 , 1.17495 , 0
-3.04804 , 1.16986 , 0
-3.05309 , 1.16476 , 0
-3.05812 , 1.15965 , 0
-3.06312 , 1.15453 , 0
-3.0681 , 1.1494 , 0
-3.07305 , 1.14426 , 0
-3.07797 , 1.13911 , 0
-3.08287 , 1.13395 , 0
-3.08775 , 1.12878 , 0
-3.0926 , 1.12361 , 0
-3.09742 , 1.11842 , 0
-3.10222 , 1.11322 , 0
-3.10699 , 1.10802 , 0
-3.11173 , 1.1028 , 0
-3.11645 , 1.09758 , 0
-3.12115 , 1.09235 , 0
-3.12582 , 1.08711 , 0
-3.13046 , 1.08186 , 0
-3.13508 , 1.0766 , 0
-3.13968 , 1.07133 , 0
-3.14425 , 1.06606 , 0
-3.14879 , 1.06077 , 0
-3.15331 , 1.05548 , 0
-3.1578 , 1.05018 , 0
-3.16227 , 1.04487 , 0
-3.16671 , 1.03955 , 0
-3.17112 , 1.03422 , 0
-3.17552 , 1.02889 , 0
-3.17988 , 1.02355 , 0
-3.18422 , 1.01819 , 0
-3.18854 , 1.01284 , 0
-3.19283 , 1.00747 , 0
-3.1971 , 1.00209 , 0
-3.20134 , 0.996711 , 0
-3.20555 , 0.99132 , 0
-3.20974 , 0.985922 , 0
-3.21391 , 0.980516 , 0
-3.21805 , 0.975103 , 0
-3.22217 , 0.969682 , 0
-3.22626 , 0.964253 , 0
-3.23032 , 0.958817 , 0
-3.23437 , 0.953373 , 0
-3.23838 , 0.947923 , 0
-3.24237 , 0.942465 , 0
-3.24634 , 0.936999 , 0
-3.25028 , 0.931527 , 0
-3.2542 , 0.926047 , 0
-3.25809 , 0.920561 , 0
-3.26196 , 0.915067 , 0
-3.2658 , 0.909567 , 0
-3.26962 , 0.904059 , 0
-3.27341 , 0.898545 , 0
-3.27718 , 0.893024 , 0
-3.28093 , 0.887496 , 0
-3.28465 , 0.881962 , 0
-3.28834 , 0.876421 , 0
-3.29201 , 0.870874 , 0
-3.29566 , 0.86532 , 0
-3.29928 , 0.859759 , 0
-3.30288 , 0.854192 , 0
-3.30645 , 0.848619 , 0
-3.31 , 0.84304 , 0
-3.31352 , 0.837454 , 0
-3.31702 , 0.831862 , 0
-3.32049 , 0.826264 , 0
-3.32394 , 0.82066 , 0
-3.32737 , 0.81505 , 0
-3.33077 , 0.809434 , 0
-3.33415 , 0.803812 , 0
-3.3375 , 0.798184 , 0
-3.34083 , 0.79255 , 0
-3.34413 , 0.78691 , 0
-3.34741 , 0.781265 , 0
-3.35067 , 0.775614 , 0
-3.3539 , 0.769958 , 0
-3.3571 , 0.764296 , 0
-3.36029 , 0.758628 , 0
-3.36344 , 0.752955 , 0
-3.36658 , 0.747277 , 0
-3.36969 , 0.741593 , 0
-3.37277 , 0.735904 , 0
-3.37583 , 0.730209 , 0
-3.37887 , 0.72451 , 0
-3.38188 , 0.718805 , 0
-3.38487 , 0.713095 , 0
-3.38784 , 0.70738 , 0
-3.39078 , 0.70166 , 0
-3.3937 , 0.695935 , 0
-3.39659 , 0.690205 , 0
-3.39946 , 0.68447 , 0
-3.4023 , 0.67873 , 0
-3.40512 , 0.672986 , 0
-3.40792 , 0.667236 , 0
-3.41069 , 0.661482 , 0
-3.41344 , 0.655724 , 0
-3.41617 , 0.649961 , 0
-3.41887 , 0.644193 , 0
-3.42154 , 0.638421 , 0
-3.4242 , 0.632644 , 0
-3.42683 , 0.626863 , 0
-3.42943 , 0.621077 , 0
-3.43201 , 0.615287 , 0
-3.43457 , 0.609493 , 0
-3.4371 , 0.603695 , 0
-3.43961 , 0.597893 , 0
-3.4421 , 0.592086 , 0
-3.44456 , 0.586275 , 0
-3.447 , 0.58046 , 0
-3.44941 , 0.574642 , 0
-3.4518 , 0.568819 , 0
-3.45417 , 0.562992 , 0
-3.45651 , 0.557162 , 0
-3.45883 , 0.551327 , 0
-3.46113 , 0.545489 , 0
-3.4634 , 0.539647 , 0
-3.46565 , 0.533801 , 0
-3.46787 , 0.527952 , 0
-3.47008 , 0.522099 , 0
-3.47225 , 0.516243 , 0
-3.47441 , 0.510383 , 0
-3.47654 , 0.50452 , 0
-3.47864 , 0.498653 , 0
-3.48073 , 0.492783 , 0
-3.48279 , 0.486909 , 0
-3.48482 , 0.481032 , 0
-3.48683 , 0.475152 , 0
-3.48882 , 0.469269 , 0
-3.49079 , 0.463382 , 0
-3.49273 , 0.457493 , 0
-3.49465 , 0.4516 , 0
-3.49654 , 0.445704 , 0
-3.49841 , 0.439805 , 0
-3.50026 , 0.433904 , 0
-3.50208 , 0.427999 , 0
-3.50388 , 0.422092 , 0
-3.50566 , 0.416181 , 0
-3.50741 , 0.410268 , 0
-3.50914 , 0.404352 , 0
-3.51085 , 0.398434 , 0
-3.51253 , 0.392513 , 0
-3.51419 , 0.386589 , 0
-3.51582 , 0.380662 , 0
-3.51744 , 0.374733 , 0
-3.51903 , 0.368802 , 0
-3.52059 , 0.362868 , 0
-3.52213 , 0.356932 , 0
-3.52365 , 0.350993 , 0
-3.52515 , 0.345052 , 0
-3.52662 , 0.339109 , 0
-3.52807 , 0.333163 , 0
-3.52949 , 0.327215 , 0
-3.5309 , 0.321265 , 0
-3.53227 , 0.315313 , 0
-3.53363 , 0.309359 , 0
-3.53496 , 0.303403 , 0
-3.53627 , 0.297445 , 0
-3.53756 , 0.291485 , 0
-3.53882 , 0.285523 , 0
-3.54006 , 0.279559 , 0
-3.54127 , 0.273593 , 0
-3.54246 , 0.267625 , 0
-3.54363 , 0.261656 , 0
-3.54478 , 0.255685 , 0
-3.5459 , 0.249712 , 0
-3.547 , 0.243738 , 0
-3.54807 , 0.237762 , 0
-3.54913 , 0.231784 , 0
-3.55016 , 0.225805 , 0
-3.55116 , 0.219825 , 0
-3.55215 , 0.213843 , 0
-3.5531 , 0.207859 , 0
-3.55404 , 0.201875 , 0
-3.55495 , 0.195889 , 0
-3.55584 , 0.189901 , 0
-3.55671 , 0.183913 , 0
-3.55755 , 0.177923 , 0
-3.55837 , 0.171932 , 0
-3.55917 , 0.16594 , 0
-3.55994 , 0.159947 , 0
-3.5607 , 0.153953 , 0
-3.56142 , 0.147958 , 0
-3.56213 , 0.141961 , 0
-3.56281 , 0.135964 , 0
-3.56347 , 0.129966 , 0
-3.5641 , 0.123968 , 0
-3.56471 , 0.117968 , 0
-3.5653 , 0.111968 , 0
-3.56587 , 0.105967 , 0
-3.56641 , 0.0999649 , 0
-3.56693 , 0.0939624 , 0
-3.56742 , 0.0879594 , 0
-3.5679 , 0.0819558 , 0
-3.56835 , 0.0759517 , 0
-3.56877 , 0.0699471 , 0
-3.56918 , 0.063942 , 0
-3.56956 , 0.0579365 , 0
-3.56991 , 0.0519306 , 0
-3.57025 , 0.0459244 , 0
-3.57056 , 0.0399179 , 0
-3.57085 , 0.0339112 , 0
-3.57111 , 0.0279042 , 0
-3.57135 , 0.0218971 , 0
-3.57157 , 0.0158898 , 0
-3.57177 , 0.00988235 , 0
-3.57194 , 0.00387489 , 0
-3.57209 , -0.0021326 , 0
-3.57221 , -0.00814008 , 0
-3.57232 , -0.0141475 , 0
-3.5724 , -0.0201548 , 0
-3.57245 , -0.026162 , 0
-3.57249 , -0.0321691 , 0
-3.5725 , -0.0381759 , 0
-3.57249 , -0.0441825 , 0
-3.57245 , -0.0501888 , 0
-3.57239 , -0.0561947 , 0
-3.57231 , -0.0622003 , 0
-3.5722 , -0.0682055 , 0
-3.57208 , -0.0742103 , 0
-3.57193 , -0.0802146 , 0
-3.57175 , -0.0862184 , 0
-3.57155 , -0.0922216 , 0
-3.57133 , -0.0982242 , 0
-3.57109 , -0.104226 , 0
-3.57083 , -0.110227 , 0
-3.57054 , -0.116228 , 0
-3.57022 , -0.122228 , 0
-3.56989 , -0.128227 , 0
-3.56953 , -0.134225 , 0
-3.56915 , -0.140223 , 0
-3.56874 , -0.146219 , 0
-3.56831 , -0.152214 , 0
-3.56786 , -0.158209 , 0
-3.56739 , -0.164202 , 0
-3.56689 , -0.170195 , 0
-3.56637 , -0.176186 , 0
-3.56583 , -0.182176 , 0
-3.56526 , -0.188165 , 0
-3.56467 , -0.194153 , 0
-3.56406 , -0.20014 , 0
-3.56342 , -0.206125 , 0
-3.56276 , -0.212109 , 0
-3.56208 , -0.218091 , 0
-3.56138 , -0.224073 , 0
-3.56065 , -0.230052 , 0
-3.5599 , -0.23603 , 0
-3.55912 , -0.242007 , 0
-3.55833 , -0.247982 , 0
-3.55751 , -0.253955 , 0
-3.55666 , -0.259927 , 0
-3.5558 , -0.265897 , 0
-3.55491 , -0.271866 , 0
-3.55399 , -0.277832 , 0
-3.55306 , -0.283797 , 0
-3.5521 , -0.28976 , 0
-3.55112 , -0.295721 , 0
-3.55011 , -0.30168 , 0
-3.54908 , -0.307638 , 0
-3.54803 , -0.313593 , 0
-3.54695 , -0.319546 , 0
-3.54586 , -0.325497 , 0
-3.54474 , -0.331446 , 0
-3.54359 , -0.337393 , 0
-3.54242 , -0.343337 , 0
-3.54123 , -0.349279 , 0
-3.54002 , -0.355219 , 0
-3.53878 , -0.361157 , 0
-3.53752 , -0.367093 , 0
-3.53624 , -0.373025 , 0
-3.53493 , -0.378956 , 0
-3.5336 , -0.384884 , 0
-3.53225 , -0.390809 , 0
-3.53087 , -0.396732 , 0
-3.52947 , -0.402653 , 0
-3.52805 , -0.40857 , 0
-3.52661 , -0.414485 , 0
-3.52514 , -0.420397 , 0
-3.52365 , -0.426307 , 0
-3.52213 , -0.432214 , 0
-3.52059 , -0.438117 , 0
-3.51903 , -0.444018 , 0
-3.51744 , -0.449916 , 0
-3.51584 , -0.455811 , 0
-3.51421 , -0.461703 , 0
-3.51255 , -0.467592 , 0
-3.51087 , -0.473478 , 0
-3.50917 , -0.479361 , 0
-3.50745 , -0.48524 , 0
-3.5057 , -0.491117 , 0
-3.50393 , -0.49699 , 0
-3.50213 , -0.502859 , 0
-3.50031 , -0.508726 , 0
-3.49847 , -0.514589 , 0
-3.49661 , -0.520448 , 0
-3.49472 , -0.526304 , 0
-3.49281 , -0.532157 , 0
-3.49088 , -0.538006 , 0
-3.48892 , -0.543852 , 0
-3.48694 , -0.549693 , 0
-3.48493 , -0.555531 , 0
-3.4829 , -0.561366 , 0
-3.48085 , -0.567196 , 0
-3.47878 , -0.573023 , 0
-3.47668 , -0.578846 , 0
-3.47456 , -0.584665 , 0
-3.47241 , -0.59048 , 0
-3.47025 , -0.596291 , 0
-3.46806 , -0.602099 , 0
-3.46584 , -0.607902 , 0
-3.4636 , -0.613701 , 0
-3.46134 , -0.619495 , 0
-3.45905 , -0.625286 , 0
-3.45674 , -0.631072 , 0
-3.45441 , -0.636854 , 0
-3.45206 , -0.642632 , 0
-3.44968 , -0.648405 , 0
-3.44727 , -0.654174 , 0
-3.44485 , -0.659939 , 0
-3.4424 , -0.665699 , 0
-3.43992 , -0.671454 , 0
-3.43743 , -0.677205 , 0
-3.43491 , -0.682951 , 0
-3.43236 , -0.688692 , 0
-3.42979 , -0.694429 , 0
-3.4272 , -0.700161 , 0
-3.42459 , -0.705888 , 0
-3.42195 , -0.711611 , 0
-3.41929 , -0.717328 , 0
-3.4166 , -0.72304 , 0
-3.41389 , -0.728748 , 0
-3.41116 , -0.73445 , 0
-3.4084 , -0.740147 , 0
-3.40562 , -0.74584 , 0
-3.40282 , -0.751526 , 0
-3.39999 , -0.757208 , 0
-3.39714 , -0.762885 , 0
-3.39426 , -0.768556 , 0
-3.39136 , -0.774221 , 0
-3.38844 , -0.779882 , 0
-3.3855 , -0.785537 , 0
-3.38253 , -0.791186 , 0
-3.37953 , -0.79683 , 0
-3.37651 , -0.802468 , 0
-3.37347 , -0.8081 , 0
-3.37041 , -0.813727 , 0
-3.36732 , -0.819348 , 0
-3.3642 , -0.824963 , 0
-3.36107 , -0.830573 , 0
-3.35791 , -0.836176 , 0
-3.35472 , -0.841774 , 0
-3.35151 , -0.847365 , 0
-3.34828 , -0.852951 , 0
-3.34502 , -0.85853 , 0
-3.34174 , -0.864103 , 0
-3.33844 , -0.86967 , 0
-3.33511 , -0.875231 , 0
-3.33176 , -0.880786 , 0
-3.32838 , -0.886334 , 0
-3.32498 , -0.891876 , 0
-3.32156 , -0.897411 , 0
-3.31811 , -0.90294 , 0
-3.31464 , -0.908462 , 0
-3.31114 , -0.913978 , 0
-3.30762 , -0.919487 , 0
-3.30408 , -0.924989 , 0
-3.30051 , -0.930485 , 0
-3.29691 , -0.935974 , 0
-3.2933 , -0.941456 , 0
-3.28966 , -0.946931 , 0
-3.28599 , -0.952399 , 0
-3.2823 , -0.95786 , 0
-3.27859 , -0.963314 , 0
-3.27485 , -0.968761 , 0
-3.27109 , -0.974201 , 0
-3.2673 , -0.979633 , 0
-3.26349 , -0.985059 , 0
-3.25966 , -0.990477 , 0
-3.2558 , -0.995887 , 0
-3.25191 , -1.00129 , 0
-3.24801 , -1.00669 , 0
-3.24407 , -1.01207 , 0
-3.24012 , -1.01745 , 0
-3.23614 , -1.02283 , 0
-3.23213 , -1.02819 , 0
-3.2281 , -1.03355 , 0
-3.22405 , -1.0389 , 0
-3.21997 , -1.04424 , 0
-3.21587 , -1.04957 , 0
-3.21174 , -1.0549 , 0
-3.20759 , -1.06022 , 0
-3.20341 , -1.06553 , 0
-3.19921 , -1.07083 , 0
-3.19498 , -1.07612 , 0
-3.19073 , -1.08141 , 0
-3.18646 , -1.08668 , 0
-3.18216 , -1.09195 , 0
-3.17783 , -1.09721 , 0
-3.17349 , -1.10246 , 0
-3.16911 , -1.10771 , 0
-3.16471 , -1.11294 , 0
-3.16029 , -1.11816 , 0
-3.15584 , -1.12338 , 0
-3.15137 , -1.12859 , 0
-3.14687 , -1.13379 , 0
-3.14235 , -1.13898 , 0
-3.13781 , -1.14416 , 0
-3.13324 , -1.14933 , 0
-3.12864 , -1.15449 , 0
-3.12402 , -1.15965 , 0
-3.11937 , -1.16479 , 0
-3.1147 , -1.16993 , 0
-3.11001 , -1.17505 , 0
-3.10528 , -1.18017 , 0
-3.10054 , -1.18528 , 0
-3.09577 , -1.19037 , 0
-3.09097 , -1.19546 , 0
-3.08615 , -1.20054 , 0
-3.08131 , -1.20561 , 0
-3.07643 , -1.21067 , 0
-3.07154 , -1.21571 , 0
-3.06662 , -1.22075 , 0
-3.06167 , -1.22578 , 0
-3.0567 , -1.2308 , 0
-3.0517 , -1.23581 , 0
-3.04668 , -1.24081 , 0
-3.04164 , -1.24579 , 0
-3.03656 , -1.25077 , 0
-3.03147 , -1.25574 , 0
-3.02634 , -1.2607 , 0
-3.0212 , -1.26564 , 0
-3.01602 , -1.27058 , 0
-3.01082 , -1.2755 , 0
-3.0056 , -1.28042 , 0
-3.00035 , -1.28532 , 0
-2.99507 , -1.29021 , 0
-2.98977 , -1.29509 , 0
-2.98445 , -1.29996 , 0
-2.9791 , -1.30482 , 0
-2.97372 , -1.30967 , 0
-2.96832 , -1.31451 , 0
-2.96289 , -1.31933 , 0
-2.95744 , -1.32415 , 0
-2.95196 , -1.32895 , 0
-2.94645 , -1.33374 , 0
-2.94092 , -1.33852 , 0
-2.93537 , -1.34329 , 0
-2.92978 , -1.34805 , 0
-2.92418 , -1.35279 , 0
-2.91854 , -1.35752 , 0
-2.91288 , -1.36224 , 0
-2.9072 , -1.36695 , 0
-2.90149 , -1.37165 , 0
-2.89575 , -1.37633 , 0
-2.88999 , -1.381 , 0
-2.8842 , -1.38566 , 0
-2.87838 , -1.39031 , 0
-2.87254 , -1.39494 , 0
-2.86668 , -1.39956 , 0
-2.86079 , -1.40417 , 0
-2.85487 , -1.40877 , 0
-2.84892 , -1.41335 , 0
-2.84295 , -1.41792 , 0
-2.83695 , -1.42248 , 0
-2.83093 , -1.42702 , 0
-2.82488 , -1.43155 , 0
-2.81881 , -1.43607 , 0
-2.81271 , -1.44058 , 0
-2.80658 , -1.44507 , 0
-2.80042 , -1.44954 , 0
-2.79424 , -1.45401 , 0
-2.78804 , -1.45846 , 0
-2.7818 , -1.46289 , 0
-2.77554 , -1.46732 , 0
-2.76926 , -1.47172 , 0
-2.76294 , -1.47612 , 0
-2.7566 , -1.4805 , 0
-2.75024 , -1.48486 , 0
-2.74385 , -1.48922 , 0
-2.73743 , -1.49355 , 0
-2.73098 , -1.49788 , 0
-2.72451 , -1.50218 , 0
-2.71801 , -1.50648 , 0
-2.71149 , -1.51076 , 0
-2.70494 , -1.51502 , 0
-2.69836 , -1.51927 , 0
-2.69175 , -1.5235 , 0
-2.68512 , -1.52772 , 0
-2.67846 , -1.53192 , 0
-2.67177 , -1.53611 , 0
-2.66506 , -1.54028 , 0
-2.65832 , -1.54444 , 0
-2.65155 , -1.54858 , 0
-2.64476 , -1.5527 , 0
-2.63794 , -1.55681 , 0
-2.63109 , -1.56091 , 0
-2.62422 , -1.56498 , 0
-2.61731 , -1.56905 , 0
-2.61038 , -1.57309 , 0
-2.60343 , -1.57712 , 0
-2.59644 , -1.58113 , 0
-2.58943 , -1.58513 , 0
-2.5824 , -1.58911 , 0
-2.57533 , -1.59307 , 0
-2.56824 , -1.59701 , 0
-2.56112 , -1.60094 , 0
-2.55397 , -1.60485 , 0
-2.5468 , -1.60874 , 0
-2.53959 , -1.61262 , 0
-2.53236 , -1.61648 , 0
-2.52511 , -1.62032 , 0
-2.51782 , -1.62414 , 0
-2.51051 , -1.62795 , 0
-2.50317 , -1.63174 , 0
-2.4958 , -1.63551 , 0
-2.4884 , -1.63926 , 0
-2.48098 , -1.64299 , 0
-2.47353 , -1.64671 , 0
-2.46605 , -1.65041 , 0
-2.45854 , -1.65408 , 0
-2.45101 , -1.65774 , 0
-2.44345 , -1.66138 , 0
-2.43586 , -1.665 , 0
-2.42824 , -1.66861 , 0
-2.42059 , -1.67219 , 0
-2.41292 , -1.67575 , 0
-2.40522 , -1.6793 , 0
-2.39749 , -1.68282 , 0
-2.38973 , -1.68633 , 0
-2.38194 , -1.68981 , 0
-2.37413 , -1.69328 , 0
-2.36628 , -1.69672 , 0
-2.35841 , -1.70015 , 0
-2.35051 , -1.70355 , 0
-2.34259 , -1.70693 , 0
-2.33463 , -1.7103 , 0
-2.32664 , -1.71364 , 0
-2.31863 , -1.71696 , 0
-2.31059 , -1.72026 , 0
-2.30252 , -1.72354 , 0
-2.29442 , -1.7268 , 0
-2.2863 , -1.73003 , 0
-2.27814 , -1.73325 , 0
-2.26996 , -1.73644 , 0
-2.26174 , -1.73961 , 0
-2.2535 , -1.74276 , 0
-2.24523 , -1.74589 , 0
-2.23693 , -1.74899 , 0
-2.2286 , -1.75207 , 0
-2.22025 , -1.75513 , 0
-2.21186 , -1.75817 , 0
-2.20345 , -1.76118 , 0
-2.195 , -1.76417 , 0
-2.18653 , -1.76714 , 0
-2.17803 , -1.77008 , 0
-2.1695 , -1.773 , 0
-2.16094 , -1.7759 , 0
-2.15235 , -1.77877 , 0
-2.14373 , -1.78162 , 0
-2.13509 , -1.78444 , 0
-2.12641 , -1.78724 , 0
-2.11771 , -1.79002 , 0
-2.10897 , -1.79277 , 0
-2.10021 , -1.79549 , 0
-2.09141 , -1.79819 , 0
-2.08259 , -1.80087 , 0
-2.07374 , -1.80352 , 0
-2.06486 , -1.80614 , 0
-2.05595 , -1.80874 , 0
-2.04701 , -1.81131 , 0
-2.03804 , -1.81386 , 0
-2.02904 , -1.81638 , 0
-2.02001 , -1.81887 , 0
-2.01095 , -1.82134 , 0
-2.00186 , -1.82378 , 0
-1.99274 , -1.82619 , 0
-1.9836 , -1.82857 , 0
-1.97442 , -1.83093 , 0
-1.96521 , -1.83326 , 0
-1.95597 , -1.83556 , 0
-1.94671 , -1.83784 , 0
-1.93741 , -1.84008 , 0
-1.92808 , -1.8423 , 0
-1.91872 , -1.84449 , 0
-1.90934 , -1.84665 , 0
-1.89992 , -1.84878 , 0
-1.89047 , -1.85088 , 0
-1.881 , -1.85296 , 0
-1.87149 , -1.855 , 0
-1.86195 , -1.85701 , 0
-1.85238 , -1.859 , 0
-1.84279 , -1.86095 , 0
-1.83316 , -1.86287 , 0
-1.8235 , -1.86476 , 0
-1.81381 , -1.86662 , 0
-1.80409 , -1.86845 , 0
-1.79434 , -1.87025 , 0
-1.78456 , -1.87201 , 0
-1.77475 , -1.87375 , 0
-1.76491 , -1.87545 , 0
-1.75504 , -1.87712 , 0
-1.74514 , -1.87876 , 0
-1.73521 , -1.88036 , 0
-1.72525 , -1.88193 , 0
-1.71525 , -1.88347 , 0
-1.70523 , -1.88497 , 0
-1.69518 , -1.88644 , 0
-1.68509 , -1.88788 , 0
-1.67498 , -1.88928 , 0
-1.66483 , -1.89065 , 0
-1.65465 , -1.89198 , 0
-1.64445 , -1.89328 , 0
-1.63421 , -1.89454 , 0
-1.62394 , -1.89577 , 0
-1.61364 , -1.89696 , 0
-1.60331 , -1.89811 , 0
-1.59295 , -1.89923 , 0
-1.58256 , -1.90031 , 0
-1.57213 , -1.90135 , 0
-1.56168 , -1.90236 , 0
-1.55119 , -1.90333 , 0
-1.54068 , -1.90426 , 0
-1.53013 , -1.90515 , 0
-1.51955 , -1.90601 , 0
-1.50895 , -1.90682 , 0
-1.49831 , -1.9076 , 0
-1.48764 , -1.90834 , 0
-1.47694 , -1.90904 , 0
-1.4662 , -1.90969 , 0
-1.45544 , -1.91031 , 0
-1.44465 , -1.91089 , 0
-1.43382 , -1.91142 , 0
-1.42297 , -1.91192 , 0
-1.41208 , -1.91237 , 0
-1.40116 , -1.91278 , 0
-1.39021 , -1.91315 , 0
-1.37923 , -1.91347 , 0
-1.36822 , -1.91376 , 0
-1.35718 , -1.914 , 0
-1.34611 , -1.91419 , 0
-1.335 , -1.91434 , 0
-1.32387 , -1.91445 , 0
-1.3127 , -1.91451 , 0
-1.30151 , -1.91453 , 0
-1.29028 , -1.9145 , 0
-1.27902 , -1.91443 , 0
-1.26773 , -1.91431 , 0
-1.25641 , -1.91414 , 0
-1.24506 , -1.91393 , 0
-1.23368 , -1.91367 , 0
-1.22227 , -1.91336 , 0
-1.21082 , -1.913 , 0
-1.19935 , -1.9126 , 0
-1.18784 , -1.91214 , 0
-1.17631 , -1.91164 , 0
-1.16474 , -1.91109 , 0
-1.15315 , -1.91048 , 0
-1.14152 , -1.90983 , 0
-1.12986 , -1.90912 , 0
-1.11817 , -1.90836 , 0
-1.10645 , -1.90756 , 0
-1.0947 , -1.90669 , 0
-1.08292 , -1.90578 , 0
-1.07111 , -1.90481 , 0
-1.05927 , -1.90379 , 0
-1.0474 , -1.90271 , 0
-1.0355 , -1.90158 , 0
-1.02357 , -1.9004 , 0
-1.01161 , -1.89916 , 0
-0.999622 , -1.89786 , 0
-0.987601 , -1.8965 , 0
-0.975551 , -1.89509 , 0
-0.963471 , -1.89362 , 0
-0.951362 , -1.89209 , 0
-0.939223 , -1.89051 , 0
-0.927055 , -1.88886 , 0
-0.914857 , -1.88716 , 0
-0.90263 , -1.88539 , 0
-0.890374 , -1.88357 , 0
-0.878089 , -1.88168 , 0
-0.865775 , -1.87973 , 0
-0.853433 , -1.87772 , 0
-0.841061 , -1.87564 , 0
-0.828661 , -1.8735 , 0
-0.816233 , -1.8713 , 0
-0.803776 , -1.86903 , 0
-0.791292 , -1.8667 , 0
-0.778779 , -1.8643 , 0
-0.766238 , -1.86183 , 0
-0.75367 , -1.8593 , 0
-0.741074 , -1.8567 , 0
-0.728451 , -1.85403 , 0
-0.715801 , -1.85129 , 0
-0.703124 , -1.84848 , 0
-0.69042 , -1.8456 , 0
-0.677689 , -1.84265 , 0
-0.664932 , -1.83963 , 0
-0.652149 , -1.83654 , 0
-0.63934 , -1.83337 , 0
-0.626505 , -1.83013 , 0
-0.613645 , -1.82682 , 0
-0.600759 , -1.82342 , 0
-0.587849 , -1.81996 , 0
-0.574913 , -1.81641 , 0
-0.561953 , -1.81279 , 0
-0.548969 , -1.8091 , 0
-0.535961 , -1.80532 , 0
-0.522929 , -1.80146 , 0
-0.509874 , -1.79752 , 0
-0.496796 , -1.7935 , 0
-0.483695 , -1.7894 , 0
-0.470572 , -1.78522 , 0
-0.457427 , -1.78095 , 0
-0.44426 , -1.7766 , 0
-0.431072 , -1.77216 , 0
-0.417862 , -1.76764 , 0
-0.404633 , -1.76303 , 0
-0.391383 , -1.75833 , 0
-0.378113 , -1.75354 , 0
-0.364824 , -1.74867 , 0
-0.351516 , -1.7437 , 0
-0.33819 , -1.73864 , 0
-0.324846 , -1.73349 , 0
-0.311484 , -1.72825 , 0
-0.298106 , -1.72291 , 0
-0.284711 , -1.71748 , 0
-0.2713 , -1.71195 , 0
-0.257874 , -1.70633 , 0
-0.244433 , -1.7006 , 0
-0.230978 , -1.69478 , 0
-0.217509 , -1.68886 , 0
-0.204027 , -1.68284 , 0
-0.190533 , -1.67671 , 0
-0.177027 , -1.67049 , 0
-0.16351 , -1.66415 , 0
-0.149983 , -1.65772 , 0
-0.136446 , -1.65118 , 0
-0.122901 , -1.64453 , 0
-0.109347 , -1.63777 , 0
-0.0957859 , -1.63091 , 0
-0.0822185 , -1.62393 , 0
-0.0686455 , -1.61684 , 0
-0.0550676 , -1.60964 , 0
-0.0414859 , -1.60233 , 0
-0.0279012 , -1.5949 , 0
-0.0143145 , -1.58736 , 0
-0.00072677 , -1.5797 , 0
0.012861 , -1.57192 , 0
0.0264479 , -1.56402 , 0
0.0400327 , -1.556 , 0
0.0536144 , -1.54786 , 0
0.0671918 , -1.5396 , 0
0.0807638 , -1.53121 , 0
0.0943292 , -1.5227 , 0
0.107887 , -1.51406 , 0
0.121435 , -1.50529 , 0
0.134973 , -1.4964 , 0
0.1485 , -1.48737 , 0
0.162013 , -1.47822 , 0
0.175512 , -1.46893 , 0
0.188995 , -1.4595 , 0
0.20246 , -1.44995 , 0
0.215906 , -1.44025 , 0
0.229332 , -1.43042 , 0
0.242735 , -1.42045 , 0
0.256115 , -1.41034 , 0
0.269469 , -1.40009 , 0
0.282795 , -1.3897 , 0
0.296093 , -1.37916 , 0
0.309359 , -1.36848 , 0
0.322592 , -1.35765 , 0
0.33579 , -1.34668 , 0
0.348951 , -1.33556 , 0
0.362073 , -1.32428 , 0
0.375154 , -1.31286 , 0
0.388192 , -1.30128 , 0
0.401183 , -1.28956 , 0
0.414127 , -1.27767 , 0
0.427021 , -1.26563 , 0
0.439861 , -1.25344 , 0
0.452646 , -1.24109 , 0
0.465374 , -1.22858 , 0
0.478041 , -1.2159 , 0
0.490644 , -1.20307 , 0
0.503182 , -1.19008 , 0
0.515651 , -1.17692 , 0
0.528049 , -1.1636 , 0
0.540372 , -1.15012 , 0
0.552617 , -1.13647 , 0
0.564781 , -1.12266 , 0
0.576862 , -1.10868 , 0
0.588856 , -1.09453 , 0
0.600759 , -1.08021 , 0
0.612568 , -1.06572 , 0
0.62428 , -1.05107 , 0
0.635892 , -1.03624 , 0
0.647399 , -1.02125 , 0
0.658799 , -1.00609 , 0
0.670086 , -0.990752 , 0
0.681259 , -0.975246 , 0
0.692312 , -0.95957 , 0
0.703241 , -0.943723 , 0
0.714044 , -0.927705 , 0
0.724716 , -0.911517 , 0
0.735252 , -0.895159 , 0
0.745649 , -0.878632 , 0
0.755902 , -0.861935 , 0
0.766008 , -0.845069 , 0
0.775961 , -0.828036 , 0
0.785758 , -0.810835 , 0
0.795394 , -0.793469 , 0
0.804865 , -0.775938 , 0
0.814166 , -0.758243 , 0
0.823292 , -0.740386 , 0
0.83224 , -0.722368 , 0
0.841005 , -0.704191 , 0
0.849582 , -0.685856 , 0
0.857966 , -0.667367 , 0
0.866154 , -0.648724 , 0
0.87414 , -0.629931 , 0
0.88192 , -0.610989 , 0
0.88949 , -0.591901 , 0
0.896845 , -0.57267 , 0
0.903981 , -0.553299 , 0
0.910892 , -0.533791 , 0
0.917576 , -0.51415 , 0
0.924027 , -0.494378 , 0
0.930242 , -0.47448 , 0
0.936215 , -0.454458 , 0
0.941945 , -0.434319 , 0
0.947425 , -0.414064 , 0
0.952653 , -0.393699 , 0
0.957624 , -0.373228 , 0
0.962335 , -0.352655 , 0
0.966783 , -0.331987 , 0
0.970965 , -0.311226 , 0
0.974876 , -0.290379 , 0
0.978514 , -0.269451 , 0
0.981877 , -0.248447 , 0
0.98496 , -0.227372 , 0
0.987763 , -0.206232 , 0
0.990283 , -0.185034 , 0
0.992517 , -0.163782 , 0
0.994464 , -0.142482 , 0
0.996122 , -0.121141 , 0
0.997489 , -0.0997649 , 0
0.998564 , -0.0783594 , 0
0.999347 , -0.056931 , 0
0.999836 , -0.0354859 , 0
1.00003 , -0.0140303 , 0
0.99993 , 0.00742943 , 0
0.999536 , 0.028887 , 0
0.998846 , 0.050336 , 0
0.997863 , 0.0717702 , 0
0.996585 , 0.0931832 , 0
0.995015 , 0.114569 , 0
0.993153 , 0.135921 , 0
0.991 , 0.157233 , 0
0.988559 , 0.1785 , 0
0.98583 , 0.199714 , 0
0.982815 , 0.220871 , 0
0.979517 , 0.241964 , 0
0.975938 , 0.262988 , 0
0.97208 , 0.283936 , 0
0.967947 , 0.304804 , 0
0.96354 , 0.325586 , 0
0.958864 , 0.346277 , 0
0.953921 , 0.366871 , 0
0.948715 , 0.387365 , 0
0.943249 , 0.407752 , 0
0.937526 , 0.428028 , 0
0.931552 , 0.448189 , 0
0.925328 , 0.468231 , 0
0.918861 , 0.488149 , 0
0.912152 , 0.507939 , 0
0.905208 , 0.527597 , 0
0.898032 , 0.547121 , 0
0.890628 , 0.566506 , 0
0.883001 , 0.585748 , 0
0.875155 , 0.604846 , 0
0.867095 , 0.623796 , 0
0.858825 , 0.642594 , 0
0.85035 , 0.66124 , 0
0.841675 , 0.679729 , 0
0.832803 , 0.69806 , 0
0.823741 , 0.716231 , 0
0.814492 , 0.73424 , 0
0.80506 , 0.752084 , 0
0.795452 , 0.769763 , 0
0.78567 , 0.787275 , 0
0.775721 , 0.804617 , 0
0.765607 , 0.82179 , 0
0.755334 , 0.838793 , 0
0.744907 , 0.855623 , 0
0.734329 , 0.87228 , 0
0.723605 , 0.888764 , 0
0.712739 , 0.905074 , 0
0.701736 , 0.92121 , 0
0.6906 , 0.937171 , 0
0.679335 , 0.952956 , 0
0.667945 , 0.968567 , 0
0.656434 , 0.984002 , 0
0.644806 , 0.999262 , 0
0.633066 , 1.01435 , 0
0.621216 , 1.02926 , 0
0.60926 , 1.04399 , 0
0.597203 , 1.05855 , 0
0.585048 , 1.07294 , 0
0.572799 , 1.08716 , 0
0.560459 , 1.1012 , 0
0.548031 , 1.11507 , 0
0.535518 , 1.12876 , 0
0.522925 , 1.14229 , 0
0.510254 , 1.15565 , 0
0.497509 , 1.16884 , 0
0.484692 , 1.18186 , 0
0.471807 , 1.19471 , 0
0.458855 , 1.2074 , 0
0.445842 , 1.21992 , 0
0.432768 , 1.23228 , 0
0.419637 , 1.24448 , 0
0.406451 , 1.25651 , 0
0.393213 , 1.26838 , 0
0.379926 , 1.2801 , 0
0.366592 , 1.29165 , 0
0.353213 , 1.30305 , 0
0.339792 , 1.31429 , 0
0.326331 , 1.32538 , 0
0.312832 , 1.33631 , 0
0.299297 , 1.34709 , 0
0.285729 , 1.35772 , 0
0.272129 , 1.3682 , 0
0.2585 , 1.37853 , 0
0.244843 , 1.38871 , 0
0.23116 , 1.39875 , 0
0.217454 , 1.40865 , 0
0.203725 , 1.4184 , 0
0.189976 , 1.428 , 0
0.176208 , 1.43747 , 0
0.162424 , 1.4468 , 0
0.148623 , 1.45599 , 0
0.134809 , 1.46504 , 0
0.120982 , 1.47396 , 0
0.107144 , 1.48274 , 0
0.0932965 , 1.49139 , 0
0.0794408 , 1.49991 , 0
0.0655781 , 1.50829 , 0
0.0517099 , 1.51655 , 0
0.0378372 , 1.52468 , 0
0.0239615 , 1.53269 , 0
0.0100838 , 1.54056 , 0
-0.00379478 , 1.54832 , 0
-0.017673 , 1.55595 , 0
-0.0315499 , 1.56346 , 0
-0.0454243 , 1.57085 , 0
-0.0592952 , 1.57812 , 0
-0.0731618 , 1.58527 , 0
-0.0870229 , 1.5923 , 0
-0.100878 , 1.59922 , 0
-0.114725 , 1.60603 , 0
-0.128565 , 1.61272 , 0
-0.142395 , 1.6193 , 0
-0.156216 , 1.62576 , 0
-0.170026 , 1.63212 , 0
-0.183825 , 1.63837 , 0
-0.197612 , 1.64451 , 0
-0.211386 , 1.65055 , 0
-0.225146 , 1.65648 , 0
-0.238893 , 1.6623 , 0
-0.252624 , 1.66802 , 0
-0.26634 , 1.67364 , 0
-0.28004 , 1.67916 , 0
-0.293723 , 1.68457 , 0
-0.307388 , 1.68989 , 0
-0.321036 , 1.69511 , 0
-0.334665 , 1.70023 , 0
-0.348276 , 1.70526 , 0
-0.361867 , 1.71019 , 0
-0.375438 , 1.71503 , 0
-0.388988 , 1.71977 , 0
-0.402518 , 1.72442 , 0
-0.416026 , 1.72898 , 0
-0.429513 , 1.73345 , 0
-0.442977 , 1.73782 , 0
-0.456419 , 1.74211 , 0
-0.469837 , 1.74631 , 0
-0.483232 , 1.75043 , 0
-0.496604 , 1.75446 , 0
-0.509951 , 1.7584 , 0
-0.523274 , 1.76226 , 0
-0.536572 , 1.76604 , 0
-0.549845 , 1.76973 , 0
-0.563092 , 1.77334 , 0
-0.576314 , 1.77687 , 0
-0.589509 , 1.78032 , 0
-0.602678 , 1.78369 , 0
-0.615821 , 1.78698 , 0
-0.628936 , 1.79019 , 0
-0.642025 , 1.79332 , 0
-0.655086 , 1.79638 , 0
-0.66812 , 1.79937 , 0
-0.681125 , 1.80228 , 0
-0.694103 , 1.80511 , 0
-0.707052 , 1.80787 , 0
-0.719973 , 1.81056 , 0
-0.732865 , 1.81317 , 0
-0.745729 , 1.81572 , 0
-0.758563 , 1.81819 , 0
-0.771368 , 1.82059 , 0
-0.784144 , 1.82293 , 0
-0.79689 , 1.82519 , 0
-0.809606 , 1.82739 , 0
-0.822292 , 1.82952 , 0
-0.834949 , 1.83158 , 0
-0.847575 , 1.83358 , 0
-0.860171 , 1.83551 , 0
-0.872736 , 1.83737 , 0
-0.885271 , 1.83918 , 0
-0.897776 , 1.84091 , 0
-0.910249 , 1.84259 , 0
-0.922692 , 1.8442 , 0
-0.935103 , 1.84575 , 0
-0.947483 , 1.84724 , 0
-0.959833 , 1.84867 , 0
-0.972151 , 1.85004 , 0
-0.984437 , 1.85134 , 0
-0.996692 , 1.85259 , 0
-1.00892 , 1.85378 , 0
-1.02111 , 1.85492 , 0
-1.03327 , 1.85599 , 0
-1.0454 , 1.85701 , 0
-1.05749 , 1.85797 , 0
-1.06956 , 1.85887 , 0
-1.08159 , 1.85972 , 0
-1.09359 , 1.86052 , 0
-1.10556 , 1.86126 , 0
-1.1175 , 1.86194 , 0
-1.1294 , 1.86257 , 0
-1.14127 , 1.86315 , 0
-1.15311 , 1.86368 , 0
-1.16492 , 1.86415 , 0
-1.1767 , 1.86457 , 0
-1.18844 , 1.86495 , 0
-1.20015 , 1.86527 , 0
-1.21183 , 1.86554 , 0
-1.22347 , 1.86576 , 0
-1.23509 , 1.86593 , 0
-1.24667 , 1.86605 , 0
-1.25822 , 1.86612 , 0
-1.26973 , 1.86614 , 0
-1.28121 , 1.86612 , 0
-1.29266 , 1.86605 , 0
-1.30408 , 1.86593 , 0
-1.31547 , 1.86577 , 0
-1.32682 , 1.86556 , 0
-1.33814 , 1.8653 , 0
-1.34943 , 1.865 , 0
-1.36068 , 1.86465 , 0
-1.37191 , 1.86426 , 0
-1.3831 , 1.86382 , 0
-1.39425 , 1.86335 , 0
-1.40538 , 1.86282 , 0
-1.41647 , 1.86226 , 0
-1.42753 , 1.86165 , 0
-1.43856 , 1.86099 , 0
-1.44955 , 1.8603 , 0
-1.46051 , 1.85956 , 0
-1.47144 , 1.85879 , 0
-1.48234 , 1.85797 , 0
-1.4932 , 1.85711 , 0
-1.50403 , 1.85621 , 0
-1.51483 , 1.85527 , 0
-1.5256 , 1.85429 , 0
-1.53633 , 1.85327 , 0
-1.54704 , 1.85221 , 0
-1.55771 , 1.85111 , 0
-1.56834 , 1.84998 , 0
-1.57895 , 1.84881 , 0
-1.58952 , 1.84759 , 0
-1.60006 , 1.84634 , 0
-1.61057 , 1.84506 , 0
-1.62104 , 1.84373 , 0
-1.63148 , 1.84237 , 0
-1.64189 , 1.84098 , 0
-1.65227 , 1.83954 , 0
-1.66262 , 1.83807 , 0
-1.67293 , 1.83657 , 0
-1.68321 , 1.83503 , 0
-1.69346 , 1.83346 , 0
-1.70368 , 1.83185 , 0
-1.71387 , 1.8302 , 0
-1.72402 , 1.82852 , 0
-1.73414 , 1.82681 , 0
-1.74423 , 1.82507 , 0
-1.75429 , 1.82329 , 0
-1.76431 , 1.82147 , 0
-1.77431 , 1.81963 , 0
-1.78427 , 1.81775 , 0
-1.7942 , 1.81584 , 0
-1.8041 , 1.8139 , 0
-1.81396 , 1.81192 , 0
-1.8238 , 1.80992 , 0
-1.8336 , 1.80788 , 0
-1.84337 , 1.80581 , 0
-1.85311 , 1.80371 , 0
-1.86282 , 1.80158 , 0
-1.8725 , 1.79942 , 0
-1.88214 , 1.79723 , 0
-1.89176 , 1.79501 , 0
-1.90134 , 1.79275 , 0
-1.91089 , 1.79047 , 0
-1.92041 , 1.78816 , 0
-1.9299 , 1.78582 , 0
-1.93935 , 1.78346 , 0
-1.94878 , 1.78106 , 0
-1.95817 , 1.77863 , 0
-1.96754 , 1.77618 , 0
-1.97687 , 1.7737 , 0
-1.98617 , 1.77119 , 0
-1.99544 , 1.76865 , 0
-2.00468 , 1.76608 , 0
-2.01389 , 1.76349 , 0
-2.02306 , 1.76087 , 0
-2.03221 , 1.75823 , 0
-2.04132 , 1.75555 , 0
-2.05041 , 1.75285 , 0
-2.05946 , 1.75013 , 0
-2.06849 , 1.74737 , 0
-2.07748 , 1.7446 , 0
-2.08644 , 1.74179 , 0
-2.09537 , 1.73896 , 0
-2.10427 , 1.73611 , 0
-2.11314 , 1.73323 , 0
-2.12198 , 1.73032 , 0
-2.13079 , 1.72739 , 0
-2.13957 , 1.72444 , 0
-2.14831 , 1.72146 , 0
-2.15703 , 1.71846 , 0
-2.16572 , 1.71543 , 0
-2.17438 , 1.71238 , 0
-2.183 , 1.7093 , 0
-2.1916 , 1.7062 , 0
-2.20017 , 1.70308 , 0
-2.2087 , 1.69994 , 0
-2.21721 , 1.69677 , 0
-2.22568 , 1.69358 , 0
-2.23413 , 1.69036 , 0
-2.24255 , 1.68712 , 0
-2.25093 , 1.68386 , 0
-2.25929 , 1.68058 , 0
-2.26762 , 1.67728 , 0
-2.27591 , 1.67395 , 0
-2.28418 , 1.6706 , 0
-2.29242 , 1.66723 , 0
-2.30063 , 1.66384 , 0
-2.3088 , 1.66043 , 0
-2.31695 , 1.657 , 0
-2.32507 , 1.65354 , 0
-2.33316 , 1.65006 , 0
-2.34122 , 1.64657 , 0
-2.34925 , 1.64305 , 0
-2.35725 , 1.63951 , 0
-2.36523 , 1.63595 , 0
-2.37317 , 1.63237 , 0
-2.38108 , 1.62877 , 0
-2.38897 , 1.62515 , 0
-2.39682 , 1.62152 , 0
-2.40465 , 1.61786 , 0
-2.41244 , 1.61418 , 0
-2.42021 , 1.61048 , 0
-2.42795 , 1.60676 , 0
-2.43566 , 1.60303 , 0
-2.44334 , 1.59927 , 0
-2.45099 , 1.5955 , 0
-2.45861 , 1.59171 , 0
-2.46621 , 1.58789 , 0
-2.47377 , 1.58406 , 0
-2.48131 , 1.58021 , 0
-2.48882 , 1.57635 , 0
-2.4963 , 1.57246 , 0
-2.50375 , 1.56856 , 0
-2.51117 , 1.56464 , 0
-2.51856 , 1.5607 , 0
-2.52593 , 1.55674 , 0
-2.53326 , 1.55277 , 0
-2.54057 , 1.54878 , 0
-2.54785 , 1.54477 , 0
-2.5551 , 1.54074 , 0
-2.56232 , 1.5367 , 0
-2.56952 , 1.53264 , 0
-2.57668 , 1.52856 , 0
-2.58382 , 1.52447 , 0
-2.59093 , 1.52036 , 0
-2.59801 , 1.51623 , 0
-2.60507 , 1.51209 , 0
-2.61209 , 1.50793 , 0
-2.61909 , 1.50375 , 0
-2.62606 , 1.49956 , 0
-2.633 , 1.49535 , 0
-2.63991 , 1.49113 , 0
-2.6468 , 1.48689 , 0
-2.65365 , 1.48263 , 0
-2.66048 , 1.47836 , 0
-2.66729 , 1.47408 , 0
-2.67406 , 1.46977 , 0
-2.68081 , 1.46546 , 0
-2.68752 , 1.46112 , 0
-2.69421 , 1.45678 , 0
-2.70088 , 1.45242 , 0
-2.70751 , 1.44804 , 0
-2.71412 , 1.44365 , 0
-2.7207 , 1.43924 , 0
-2.72725 , 1.43482 , 0
-2.73378 , 1.43038 , 0
-2.74028 , 1.42594 , 0
-2.74675 , 1.42147 , 0
-2.75319 , 1.41699 , 0
-2.75961 , 1.4125 , 0
-2.766 , 1.408 , 0
-2.77236 , 1.40348 , 0
-2.77869 , 1.39894 , 0
-2.785 , 1.39439 , 0
-2.79128 , 1.38983 , 0
-2.79753 , 1.38526 , 0
-2.80376 , 1.38067 , 0
-2.80996 , 1.37607 , 0
-2.81613 , 1.37145 , 0
-2.82227 , 1.36683 , 0
-2.82839 , 1.36219 , 0
-2.83448 , 1.35753 , 0
-2.84054 , 1.35287 , 0
-2.84658 , 1.34819 , 0
-2.85259 , 1.34349 , 0
-2.85857 , 1.33879 , 0
-2.86453 , 1.33407 , 0
-2.87046 , 1.32934 , 0
-2.87636 , 1.3246 , 0
-2.88224 , 1.31985 , 0
-2.88809 , 1.31508 , 0
-2.89391 , 1.3103 , 0
-2.89971 , 1.30551 , 0
-2.90548 , 1.30071 , 0
-2.91122 , 1.29589 , 0
-2.91694 , 1.29107 , 0
-2.92263 , 1.28623 , 0
-2.92829 , 1.28138 , 0
-2.93393 , 1.27652 , 0
-2.93954 , 1.27164 , 0
-2.94512 , 1.26676 , 0
-2.95068 , 1.26186 , 0
-2.95621 , 1.25696 , 0
-2.96172 , 1.25204 , 0
-2.9672 , 1.24711 , 0
-2.97265 , 1.24217 , 0
-2.97808 , 1.23722 , 0
-2.98348 , 1.23226 , 0
-2.98885 , 1.22728 , 0
-2.9942 , 1.2223 , 0
-2.99952 , 1.21731 , 0
-3.00482 , 1.2123 , 0
-3.01009 , 1.20729 , 0
-3.01533 , 1.20226 , 0
-3.02055 , 1.19722 , 0
-3.02575 , 1.19218 , 0
-3.03091 , 1.18712 , 0
-3.03605 , 1.18206 , 0
-3.04117 , 1.17698 , 0
-3.04626 , 1.17189 , 0
-3.05132 , 1.1668 , 0
-3.05636 , 1.16169 , 0
-3.06137 , 1.15657 , 0
-3.06635 , 1.15145 , 0
-3.07131 , 1.14631 , 0
-3.07625 , 1.14117 , 0
-3.08116 , 1.13601 , 0
-3.08604 , 1.13085 , 0
-3.0909 , 1.12567 , 0
-3.09573 , 1.12049 , 0
-3.10053 , 1.1153 , 0
-3.10531 , 1.1101 , 0
-3.11007 , 1.10489 , 0
-3.1148 , 1.09967 , 0
-3.1195 , 1.09444 , 0
-3.12418 , 1.0892 , 0
-3.12883 , 1.08395 , 0
-3.13346 , 1.0787 , 0
-3.13807 , 1.07343 , 0
-3.14264 , 1.06816 , 0
-3.14719 , 1.06288 , 0
-3.15172 , 1.05759 , 0
-3.15622 , 1.05229 , 0
-3.1607 , 1.04699 , 0
-3.16515 , 1.04167 , 0
-3.16957 , 1.03635 , 0
-3.17397 , 1.03102 , 0
-3.17835 , 1.02568 , 0
-3.1827 , 1.02033 , 0
-3.18702 , 1.01497 , 0
-3.19132 , 1.00961 , 0
-3.1956 , 1.00424 , 0
-3.19985 , 0.998858 , 0
-3.20407 , 0.99347 , 0
-3.20827 , 0.988075 , 0
-3.21245 , 0.982672 , 0
-3.2166 , 0.977261 , 0
-3.22072 , 0.971843 , 0
-3.22482 , 0.966418 , 0
-3.2289 , 0.960984 , 0
-3.23295 , 0.955544 , 0
-3.23697 , 0.950096 , 0
-3.24097 , 0.944641 , 0
-3.24495 , 0.939178 , 0
-3.2489 , 0.933709 , 0
-3.25282 , 0.928232 , 0
-3.25673 , 0.922748 , 0
-3.2606 , 0.917257 , 0
-3.26445 , 0.911759 , 0
-3.26828 , 0.906255 , 0
-3.27208 , 0.900743 , 0
-3.27586 , 0.895225 , 0
-3.27961 , 0.8897 , 0
-3.28334 , 0.884168 , 0
-3.28704 , 0.87863 , 0
-3.29072 , 0.873085 , 0
-3.29438 , 0.867533 , 0
-3.29801 , 0.861976 , 0
-3.30161 , 0.856411 , 0
-3.30519 , 0.85084 , 0
-3.30875 , 0.845263 , 0
-3.31228 , 0.83968 , 0
-3.31579 , 0.834091 , 0
-3.31927 , 0.828495 , 0
-3.32273 , 0.822893 , 0
-3.32617 , 0.817286 , 0
-3.32958 , 0.811672 , 0
-3.33296 , 0.806052 , 0
-3.33632 , 0.800427 , 0
-3.33966 , 0.794795 , 0
-3.34297 , 0.789158 , 0
-3.34626 , 0.783515 , 0
-3.34952 , 0.777866 , 0
-3.35276 , 0.772212 , 0
-3.35598 , 0.766552 , 0
-3.35917 , 0.760887 , 0
-3.36233 , 0.755216 , 0
-3.36548 , 0.74954 , 0
-3.36859 , 0.743858 , 0
-3.37169 , 0.738171 , 0
-3.37476 , 0.732479 , 0
-3.3778 , 0.726781 , 0
-3.38083 , 0.721078 , 0
-3.38382 , 0.71537 , 0
-3.3868 , 0.709657 , 0
-3.38975 , 0.703939 , 0
-3.39267 , 0.698216 , 0
-3.39557 , 0.692488 , 0
-3.39845 , 0.686755 , 0
-3.4013 , 0.681017 , 0
-3.40413 , 0.675275 , 0
-3.40694 , 0.669527 , 0
-3.40972 , 0.663775 , 0
-3.41248 , 0.658019 , 0
-3.41521 , 0.652257 , 0
-3.41792 , 0.646491 , 0
-3.4206 , 0.640721 , 0
-3.42326 , 0.634946 , 0
-3.4259 , 0.629166 , 0
-3.42852 , 0.623383 , 0
-3.43111 , 0.617595 , 0
-3.43367 , 0.611802 , 0
-3.43621 , 0.606006 , 0
-3.43873 , 0.600205 , 0
-3.44123 , 0.5944 , 0
-3.4437 , 0.588591 , 0
-3.44614 , 0.582777 , 0
-3.44857 , 0.57696 , 0
-3.45097 , 0.571139 , 0
-3.45334 , 0.565314 , 0
-3.45569 , 0.559485 , 0
-3.45802 , 0.553652 , 0
-3.46032 , 0.547815 , 0
-3.4626 , 0.541975 , 0
-3.46486 , 0.536131 , 0
-3.46709 , 0.530283 , 0
-3.4693 , 0.524432 , 0
-3.47149 , 0.518577 , 0
-3.47365 , 0.512718 , 0
-3.47579 , 0.506856 , 0
-3.4779 , 0.500991 , 0
-3.48 , 0.495122 , 0
-3.48206 , 0.48925 , 0
-3.48411 , 0.483374 , 0
-3.48613 , 0.477495 , 0
-3.48812 , 0.471613 , 0
-3.4901 , 0.465728 , 0
-3.49205 , 0.45984 , 0
-3.49397 , 0.453948 , 0
-3.49588 , 0.448054 , 0
-3.49775 , 0.442156 , 0
-3.49961 , 0.436256 , 0
-3.50144 , 0.430352 , 0
-3.50325 , 0.424446 , 0
-3.50504 , 0.418537 , 0
-3.5068 , 0.412625 , 0
-3.50853 , 0.40671 , 0
-3.51025 , 0.400792 , 0
-3.51194 , 0.394872 , 0
-3.51361 , 0.388949 , 0
-3.51525 , 0.383024 , 0
-3.51687 , 0.377096 , 0
-3.51847 , 0.371166 , 0
-3.52004 , 0.365233 , 0
-3.52159 , 0.359297 , 0
-3.52312 , 0.35336 , 0
-3.52463 , 0.34742 , 0
-3.52611 , 0.341477 , 0
-3.52756 , 0.335533 , 0
-3.529 , 0.329586 , 0
-3.53041 , 0.323637 , 0
-3.53179 , 0.317685 , 0
-3.53316 , 0.311732 , 0
-3.5345 , 0.305777 , 0
-3.53581 , 0.299819 , 0
-3.53711 , 0.29386 , 0
-3.53838 , 0.287899 , 0
-3.53962 , 0.281936 , 0
-3.54085 , 0.275971 , 0
-3.54205 , 0.270004 , 0
-3.54323 , 0.264035 , 0
-3.54438 , 0.258065 , 0
-3.54551 , 0.252093 , 0
-3.54662 , 0.246119 , 0
-3.5477 , 0.240144 , 0
-3.54876 , 0.234167 , 0
-3.5498 , 0.228188 , 0
-3.55081 , 0.222208 , 0
-3.5518 , 0.216227 , 0
-3.55277 , 0.210244 , 0
-3.55372 , 0.20426 , 0
-3.55464 , 0.198275 , 0
-3.55554 , 0.192288 , 0
-3.55641 , 0.1863 , 0
-3.55726 , 0.18031 , 0
-3.55809 , 0.17432 , 0
-3.5589 , 0.168328 , 0
-3.55968 , 0.162336 , 0
-3.56044 , 0.156342 , 0
-3.56117 , 0.150347 , 0
-3.56189 , 0.144352 , 0
-3.56257 , 0.138355 , 0
-3.56324 , 0.132357 , 0
-3.56388 , 0.126359 , 0
-3.5645 , 0.12036 , 0
-3.5651 , 0.11436 , 0
-3.56567 , 0.108359 , 0
-3.56622 , 0.102357 , 0
-3.56675 , 0.0963551 , 0
-3.56726 , 0.0903524 , 0
-3.56774 , 0.084349 , 0
-3.56819 , 0.0783451 , 0
-3.56863 , 0.0723407 , 0
-3.56904 , 0.0663358 , 0
-3.56943 , 0.0603305 , 0
-3.56979 , 0.0543248 , 0
-3.57014 , 0.0483188 , 0
-3.57046 , 0.0423124 , 0
-3.57075 , 0.0363057 , 0
-3.57102 , 0.0302989 , 0
-3.57127 , 0.0242918 , 0
-3.5715 , 0.0182846 , 0
-3.5717 , 0.0122772 , 0
-3.57189 , 0.0062698 , 0
-3.57204 , 0.000262335 , 0
-3.57218 , -0.00574513 , 0
-3.57229 , -0.0117526 , 0
-3.57238 , -0.0177599 , 0
-3.57244 , -0.0237672 , 0
-3.57248 , -0.0297742 , 0
-3.5725 , -0.0357811 , 0
-3.5725 , -0.0417878 , 0
-3.57247 , -0.0477942 , 0
-3.57242 , -0.0538003 , 0
-3.57235 , -0.059806 , 0
-3.57225 , -0.0658114 , 0
-3.57213 , -0.0718163 , 0
-3.57199 , -0.0778207 , 0
-3.57182 , -0.0838247 , 0
-3.57163 , -0.0898281 , 0
-3.57142 , -0.095831 , 0
-3.57119 , -0.101833 , 0
-3.57093 , -0.107835 , 0
-3.57065 , -0.113836 , 0
-3.57034 , -0.119836 , 0
-3.57001 , -0.125835 , 0
-3.56966 , -0.131834 , 0
-3.56929 , -0.137831 , 0
-3.56889 , -0.143828 , 0
-3.56847 , -0.149824 , 0
-3.56803 , -0.155819 , 0
-3.56756 , -0.161813 , 0
-3.56708 , -0.167806 , 0
-3.56656 , -0.173797 , 0
-3.56603 , -0.179788 , 0
-3.56547 , -0.185777 , 0
-3.56489 , -0.191766 , 0
-3.56428 , -0.197753 , 0
-3.56366 , -0.203738 , 0
-3.56301 , -0.209723 , 0
-3.56233 , -0.215706 , 0
-3.56164 , -0.221688 , 0
-3.56092 , -0.227668 , 0
-3.56017 , -0.233647 , 0
-3.55941 , -0.239624 , 0
-3.55862 , -0.245599 , 0
-3.55781 , -0.251573 , 0
-3.55697 , -0.257546 , 0
-3.55611 , -0.263517 , 0
-3.55523 , -0.269486 , 0
-3.55432 , -0.275453 , 0
-3.5534 , -0.281419 , 0
-3.55245 , -0.287382 , 0
-3.55147 , -0.293344 , 0
-3.55047 , -0.299304 , 0
-3.54945 , -0.305262 , 0
-3.54841 , -0.311218 , 0
-3.54734 , -0.317172 , 0
-3.54625 , -0.323124 , 0
-3.54514 , -0.329073 , 0
-3.544 , -0.335021 , 0
-3.54285 , -0.340966 , 0
-3.54166 , -0.34691 , 0
-3.54046 , -0.352851 , 0
-3.53923 , -0.358789 , 0
-3.53798 , -0.364725 , 0
-3.5367 , -0.370659 , 0
-3.5354 , -0.376591 , 0
-3.53408 , -0.38252 , 0
-3.53274 , -0.388446 , 0
-3.53137 , -0.39437 , 0
-3.52998 , -0.400291 , 0
-3.52856 , -0.40621 , 0
-3.52713 , -0.412126 , 0
-3.52567 , -0.418039 , 0
-3.52418 , -0.42395 , 0
-3.52268 , -0.429858 , 0
-3.52114 , -0.435763 , 0
-3.51959 , -0.441665 , 0
-3.51801 , -0.447564 , 0
-3.51641 , -0.45346 , 0
-3.51479 , -0.459353 , 0
-3.51314 , -0.465243 , 0
-3.51147 , -0.47113 , 0
-3.50978 , -0.477014 , 0
-3.50807 , -0.482895 , 0
-3.50633 , -0.488773 , 0
-3.50456 , -0.494647 , 0
-3.50278 , -0.500518 , 0
-3.50097 , -0.506386 , 0
-3.49913 , -0.51225 , 0
-3.49728 , -0.518111 , 0
-3.4954 , -0.523969 , 0
-3.4935 , -0.529822 , 0
-3.49157 , -0.535673 , 0
-3.48962 , -0.54152 , 0
-3.48765 , -0.547363 , 0
-3.48565 , -0.553203 , 0
-3.48363 , -0.559038 , 0
-3.48159 , -0.56487 , 0
-3.47952 , -0.570699 , 0
-3.47743 , -0.576523 , 0
-3.47532 , -0.582344 , 0
-3.47318 , -0.58816 , 0
-3.47102 , -0.593973 , 0
-3.46884 , -0.599782 , 0
-3.46663 , -0.605587 , 0
-3.4644 , -0.611387 , 0
-3.46215 , -0.617183 , 0
-3.45987 , -0.622976 , 0
-3.45757 , -0.628764 , 0
-3.45525 , -0.634547 , 0
-3.4529 , -0.640327 , 0
-3.45053 , -0.646102 , 0
-3.44813 , -0.651873 , 0
-3.44572 , -0.657639 , 0
-3.44327 , -0.6634 , 0
-3.44081 , -0.669158 , 0
-3.43832 , -0.67491 , 0
-3.43581 , -0.680658 , 0
-3.43327 , -0.686402 , 0
-3.43071 , -0.69214 , 0
-3.42813 , -0.697874 , 0
-3.42552 , -0.703603 , 0
-3.42289 , -0.709327 , 0
-3.42024 , -0.715047 , 0
-3.41756 , -0.720761 , 0
-3.41486 , -0.72647 , 0
-3.41213 , -0.732175 , 0
-3.40939 , -0.737874 , 0
-3.40661 , -0.743568 , 0
-3.40382 , -0.749257 , 0
-3.401 , -0.754941 , 0
-3.39816 , -0.760619 , 0
-3.39529 , -0.766292 , 0
-3.3924 , -0.77196 , 0
-3.38948 , -0.777623 , 0
-3.38655 , -0.78328 , 0
-3.38358 , -0.788931 , 0
-3.3806 , -0.794577 , 0
-3.37759 , -0.800217 , 0
-3.37456 , -0.805852 , 0
-3.3715 , -0.811481 , 0
-3.36842 , -0.817104 , 0
-3.36531 , -0.822722 , 0
-3.36218 , -0.828334 , 0
-3.35903 , -0.833939 , 0
-3.35586 , -0.839539 , 0
-3.35266 , -0.845133 , 0
-3.34943 , -0.850721 , 0
-3.34618 , -0.856303 , 0
-3.34291 , -0.861878 , 0
-3.33962 , -0.867448 , 0
-3.3363 , -0.873011 , 0
-3.33295 , -0.878568 , 0
-3.32958 , -0.884119 , 0
-3.32619 , -0.889663 , 0
-3.32278 , -0.895201 , 0
-3.31934 , -0.900732 , 0
-3.31587 , -0.906257 , 0
-3.31239 , -0.911776 , 0
-3.30887 , -0.917287 , 0
-3.30534 , -0.922792 , 0
-3.30178 , -0.92829 , 0
-3.29819 , -0.933782 , 0
-3.29458 , -0.939267 , 0
-3.29095 , -0.944744 , 0
-3.28729 , -0.950215 , 0
-3.28361 , -0.955679 , 0
-3.27991 , -0.961136 , 0
-3.27618 , -0.966586 , 0
-3.27243 , -0.972028 , 0
-3.26865 , -0.977463 , 0
-3.26485 , -0.982892 , 0
-3.26102 , -0.988312 , 0
-3.25717 , -0.993726 , 0
-3.25329 , -0.999132 , 0
-3.24939 , -1.00453 , 0
-3.24547 , -1.00992 , 0
-3.24152 , -1.0153 , 0
-3.23755 , -1.02068 , 0
-3.23355 , -1.02605 , 0
-3.22953 , -1.03141 , 0
-3.22549 , -1.03676 , 0
-3.22142 , -1.04211 , 0
-3.21732 , -1.04744 , 0
-3.2132 , -1.05277 , 0
-3.20906 , -1.05809 , 0
-3.20489 , -1.06341 , 0
-3.2007 , -1.06871 , 0
-3.19648 , -1.07401 , 0
-3.19224 , -1.07929 , 0
-3.18797 , -1.08457 , 0
-3.18368 , -1.08985 , 0
-3.17937 , -1.09511 , 0
-3.17503 , -1.10036 , 0
-3.17066 , -1.10561 , 0
-3.16627 , -1.11085 , 0
-3.16186 , -1.11608 , 0
-3.15742 , -1.1213 , 0
-3.15296 , -1.12651 , 0
-3.14847 , -1.13171 , 0
-3.14396 , -1.1369 , 0
-3.13942 , -1.14209 , 0
-3.13485 , -1.14726 , 0
-3.13027 , -1.15243 , 0
-3.12565 , -1.15759 , 0
-3.12102 , -1.16273 , 0
-3.11635 , -1.16787 , 0
-3.11167 , -1.173 , 0
-3.10696 , -1.17812 , 0
-3.10222 , -1.18323 , 0
-3.09746 , -1.18833 , 0
-3.09267 , -1.19343 , 0
-3.08786 , -1.19851 , 0
-3.08302 , -1.20358 , 0
-3.07816 , -1.20864 , 0
-3.07327 , -1.21369 , 0
-3.06836 , -1.21874 , 0
-3.06342 , -1.22377 , 0
-3.05846 , -1.22879 , 0
-3.05347 , -1.2338 , 0
-3.04846 , -1.23881 , 0
-3.04342 , -1.2438 , 0
-3.03836 , -1.24878 , 0
-3.03327 , -1.25375 , 0
-3.02815 , -1.25871 , 0
-3.02301 , -1.26366 , 0
-3.01785 , -1.2686 , 0
-3.01266 , -1.27353 , 0
-3.00744 , -1.27845 , 0
-3.0022 , -1.28336 , 0
-2.99694 , -1.28825 , 0
-2.99165 , -1.29314 , 0
-2.98633 , -1.29801 , 0
-2.98099 , -1.30288 , 0
-2.97562 , -1.30773 , 0
-2.97023 , -1.31257 , 0
-2.96481 , -1.3174 , 0
-2.95936 , -1.32222 , 0
-2.95389 , -1.32703 , 0
-2.9484 , -1.33182 , 0
-2.94287 , -1.3366 , 0
-2.93733 , -1.34138 , 0
-2.93175 , -1.34614 , 0
-2.92615 , -1.35089 , 0
-2.92053 , -1.35562 , 0
-2.91488 , -1.36035 , 0
-2.9092 , -1.36506 , 0
-2.9035 , -1.36976 , 0
-2.89777 , -1.37445 , 0
-2.89202 , -1.37913 , 0
-2.88624 , -1.38379 , 0
-2.88043 , -1.38844 , 0
-2.8746 , -1.39308 , 0
-2.86875 , -1.39771 , 0
-2.86286 , -1.40232 , 0
-2.85695 , -1.40692 , 0
-2.85102 , -1.41151 , 0
-2.84505 , -1.41609 , 0
-2.83907 , -1.42065 , 0
-2.83305 , -1.4252 , 0
-2.82701 , -1.42973 , 0
-2.82095 , -1.43426 , 0
-2.81485 , -1.43876 , 0
-2.80873 , -1.44326 , 0
-2.80259 , -1.44774 , 0
-2.79642 , -1.45221 , 0
-2.79022 , -1.45667 , 0
-2.784 , -1.46111 , 0
-2.77775 , -1.46554 , 0
-2.77147 , -1.46995 , 0
-2.76517 , -1.47435 , 0
-2.75884 , -1.47873 , 0
-2.75248 , -1.48311 , 0
-2.7461 , -1.48746 , 0
-2.73969 , -1.4918 , 0
-2.73325 , -1.49613 , 0
-2.72679 , -1.50045 , 0
-2.7203 , -1.50475 , 0
-2.71378 , -1.50903 , 0
-2.70724 , -1.5133 , 0
-2.70067 , -1.51755 , 0
-2.69407 , -1.52179 , 0
-2.68745 , -1.52602 , 0
-2.6808 , -1.53022 , 0
-2.67412 , -1.53442 , 0
-2.66742 , -1.5386 , 0
-2.66069 , -1.54276 , 0
-2.65393 , -1.54691 , 0
-2.64715 , -1.55104 , 0
-2.64033 , -1.55515 , 0
-2.6335 , -1.55925 , 0
-2.62663 , -1.56333 , 0
-2.61974 , -1.5674 , 0
-2.61282 , -1.57145 , 0
-2.60587 , -1.57549 , 0
-2.5989 , -1.57951 , 0
-2.59189 , -1.58351 , 0
-2.58486 , -1.58749 , 0
-2.57781 , -1.59146 , 0
-2.57073 , -1.59541 , 0
-2.56361 , -1.59935 , 0
-2.55648 , -1.60326 , 0
-2.54931 , -1.60716 , 0
-2.54212 , -1.61105 , 0
-2.5349 , -1.61491 , 0
-2.52765 , -1.61876 , 0
-2.52037 , -1.62259 , 0
-2.51307 , -1.6264 , 0
-2.50574 , -1.6302 , 0
-2.49838 , -1.63397 , 0
-2.49099 , -1.63773 , 0
-2.48358 , -1.64147 , 0
-2.47614 , -1.64519 , 0
-2.46867 , -1.6489 , 0
-2.46117 , -1.65258 , 0
-2.45365 , -1.65625 , 0
-2.44609 , -1.6599 , 0
-2.43851 , -1.66353 , 0
-2.4309 , -1.66713 , 0
-2.42327 , -1.67072 , 0
-2.4156 , -1.6743 , 0
-2.40791 , -1.67785 , 0
-2.40019 , -1.68138 , 0
-2.39244 , -1.68489 , 0
-2.38466 , -1.68838 , 0
-2.37686 , -1.69186 , 0
-2.36903 , -1.69531 , 0
-2.36116 , -1.69874 , 0
-2.35327 , -1.70215 , 0
-2.34536 , -1.70554 , 0
-2.33741 , -1.70892 , 0
-2.32943 , -1.71227 , 0
-2.32143 , -1.71559 , 0
-2.3134 , -1.7189 , 0
-2.30534 , -1.72219 , 0
-2.29725 , -1.72545 , 0
-2.28913 , -1.7287 , 0
-2.28099 , -1.73192 , 0
-2.27281 , -1.73512 , 0
-2.26461 , -1.7383 , 0
-2.25638 , -1.74146 , 0
-2.24812 , -1.74459 , 0
-2.23983 , -1.74771 , 0
-2.23151 , -1.7508 , 0
-2.22316 , -1.75386 , 0
-2.21478 , -1.75691 , 0
-2.20638 , -1.75993 , 0
-2.19795 , -1.76293 , 0
-2.18948 , -1.7659 , 0
-2.18099 , -1.76886 , 0
-2.17247 , -1.77178 , 0
-2.16392 , -1.77469 , 0
-2.15534 , -1.77757 , 0
-2.14674 , -1.78043 , 0
-2.1381 , -1.78326 , 0
-2.12943 , -1.78607 , 0
-2.12074 , -1.78885 , 0
-2.11201 , -1.79161 , 0
-2.10326 , -1.79435 , 0
-2.09447 , -1.79706 , 0
-2.08566 , -1.79974 , 0
-2.07682 , -1.8024 , 0
-2.06795 , -1.80503 , 0
-2.05905 , -1.80764 , 0
-2.05012 , -1.81022 , 0
-2.04116 , -1.81278 , 0
-2.03217 , -1.81531 , 0
-2.02315 , -1.81781 , 0
-2.0141 , -1.82028 , 0
-2.00502 , -1.82273 , 0
-1.99591 , -1.82516 , 0
-1.98677 , -1.82755 , 0
-1.9776 , -1.82992 , 0
-1.96841 , -1.83226 , 0
-1.95918 , -1.83457 , 0
-1.94992 , -1.83686 , 0
-1.94064 , -1.83911 , 0
-1.93132 , -1.84134 , 0
-1.92197 , -1.84354 , 0
-1.91259 , -1.84571 , 0
-1.90319 , -1.84785 , 0
-1.89375 , -1.84997 , 0
-1.88428 , -1.85205 , 0
-1.87479 , -1.8541 , 0
-1.86526 , -1.85613 , 0
-1.8557 , -1.85812 , 0
-1.84611 , -1.86008 , 0
-1.83649 , -1.86202 , 0
-1.82685 , -1.86392 , 0
-1.81717 , -1.86579 , 0
-1.80746 , -1.86763 , 0
-1.79772 , -1.86944 , 0
-1.78795 , -1.87122 , 0
-1.77815 , -1.87296 , 0
-1.76832 , -1.87468 , 0
-1.75846 , -1.87636 , 0
-1.74857 , -1.87801 , 0
-1.73865 , -1.87962 , 0
-1.72869 , -1.88121 , 0
-1.71871 , -1.88275 , 0
-1.7087 , -1.88427 , 0
-1.69865 , -1.88575 , 0
-1.68858 , -1.8872 , 0
-1.67847 , -1.88862 , 0
-1.66834 , -1.89 , 0
-1.65817 , -1.89134 , 0
-1.64797 , -1.89265 , 0
-1.63774 , -1.89393 , 0
-1.62748 , -1.89516 , 0
-1.6172 , -1.89637 , 0
-1.60687 , -1.89754 , 0
-1.59652 , -1.89867 , 0
-1.58614 , -1.89976 , 0
-1.57573 , -1.90082 , 0
-1.56528 , -1.90184 , 0
-1.55481 , -1.90282 , 0
-1.5443 , -1.90376 , 0
-1.53377 , -1.90467 , 0
-1.5232 , -1.90554 , 0
-1.5126 , -1.90637 , 0
-1.50197 , -1.90716 , 0
-1.49131 , -1.90791 , 0
-1.48062 , -1.90862 , 0
-1.4699 , -1.90929 , 0
-1.45915 , -1.90993 , 0
-1.44836 , -1.91052 , 0
-1.43755 , -1.91107 , 0
-1.4267 , -1.91158 , 0
-1.41583 , -1.91204 , 0
-1.40492 , -1.91247 , 0
-1.39398 , -1.91285 , 0
-1.38301 , -1.91319 , 0
-1.37201 , -1.91349 , 0
-1.36098 , -1.91375 , 0
-1.34991 , -1.91396 , 0
-1.33882 , -1.91413 , 0
-1.32769 , -1.91425 , 0
-1.31654 , -1.91433 , 0
-1.30535 , -1.91436 , 0
-1.29414 , -1.91435 , 0
-1.28289 , -1.91429 , 0
-1.27161 , -1.91419 , 0
-1.2603 , -1.91404 , 0
-1.24896 , -1.91384 , 0
-1.23758 , -1.9136 , 0
-1.22618 , -1.9133 , 0
-1.21475 , -1.91296 , 0
-1.20328 , -1.91258 , 0
-1.19179 , -1.91214 , 0
-1.18026 , -1.91165 , 0
-1.16871 , -1.91112 , 0
-1.15712 , -1.91053 , 0
-1.1455 , -1.90989 , 0
-1.13385 , -1.90921 , 0
-1.12217 , -1.90847 , 0
-1.11047 , -1.90767 , 0
-1.09873 , -1.90683 , 0
-1.08696 , -1.90594 , 0
-1.07516 , -1.90499 , 0
-1.06333 , -1.90398 , 0
-1.05146 , -1.90293 , 0
-1.03957 , -1.90182 , 0
-1.02765 , -1.90065 , 0
-1.0157 , -1.89943 , 0
-1.00372 , -1.89815 , 0
-0.991709 , -1.89681 , 0
-0.979668 , -1.89542 , 0
-0.967598 , -1.89397 , 0
-0.955498 , -1.89247 , 0
-0.943368 , -1.8909 , 0
-0.931209 , -1.88928 , 0
-0.919021 , -1.88759 , 0
-0.906803 , -1.88585 , 0
-0.894556 , -1.88404 , 0
-0.88228 , -1.88218 , 0
-0.869975 , -1.88025 , 0
-0.857641 , -1.87826 , 0
-0.845279 , -1.8762 , 0
-0.832888 , -1.87409 , 0
-0.820468 , -1.87191 , 0
-0.80802 , -1.86966 , 0
-0.795544 , -1.86735 , 0
-0.78304 , -1.86497 , 0
-0.770508 , -1.86253 , 0
-0.757948 , -1.86002 , 0
-0.745361 , -1.85744 , 0
-0.732747 , -1.8548 , 0
-0.720105 , -1.85208 , 0
-0.707436 , -1.8493 , 0
-0.69474 , -1.84644 , 0
-0.682018 , -1.84352 , 0
-0.669269 , -1.84052 , 0
-0.656493 , -1.83745 , 0
-0.643692 , -1.83431 , 0
-0.630865 , -1.8311 , 0
-0.618013 , -1.82781 , 0
-0.605135 , -1.82444 , 0
-0.592231 , -1.821 , 0
-0.579304 , -1.81748 , 0
-0.566351 , -1.81389 , 0
-0.553374 , -1.81022 , 0
-0.540373 , -1.80647 , 0
-0.527348 , -1.80264 , 0
-0.5143 , -1.79873 , 0
-0.501229 , -1.79474 , 0
-0.488135 , -1.79066 , 0
-0.475018 , -1.78651 , 0
-0.46188 , -1.78227 , 0
-0.448719 , -1.77794 , 0
