x , y , z
1 , 0 , 0
0.998885 , 0.0343343 , 0
0.996653 , 0.0686279 , 0
0.993307 , 0.10284 , 0
0.988848 , 0.136929 , 0
0.983281 , 0.170855 , 0
0.97661 , 0.204576 , 0
0.968843 , 0.238054 , 0
0.959989 , 0.271246 , 0
0.950057 , 0.304115 , 0
0.939059 , 0.33662 , 0
0.927007 , 0.368722 , 0
0.913915 , 0.400384 , 0
0.8998 , 0.431567 , 0
0.884678 , 0.462236 , 0
0.868567 , 0.492352 , 0
0.851487 , 0.521882 , 0
0.833458 , 0.550791 , 0
0.814503 , 0.579044 , 0
0.794643 , 0.60661 , 0
0.773903 , 0.633455 , 0
0.752308 , 0.65955 , 0
0.729884 , 0.684864 , 0
0.706658 , 0.709368 , 0
0.682657 , 0.733035 , 0
0.657909 , 0.755837 , 0
0.632445 , 0.77775 , 0
0.606295 , 0.798748 , 0
0.579488 , 0.818807 , 0
0.552057 , 0.837906 , 0
0.524034 , 0.856022 , 0
0.495451 , 0.873136 , 0
0.46634 , 0.889229 , 0
0.436737 , 0.904281 , 0
0.406675 , 0.918277 , 0
0.376188 , 0.9312 , 0
0.345312 , 0.943035 , 0
0.314081 , 0.953769 , 0
0.282532 , 0.963388 , 0
0.250699 , 0.971881 , 0
0.218621 , 0.979238 , 0
0.186333 , 0.985448 , 0
0.153872 , 0.990504 , 0
0.121275 , 0.994397 , 0
0.0885798 , 0.99712 , 0
0.0558238 , 0.99867 , 0
0.0230449 , 0.99904 , 0
-0.00971894 , 0.998227 , 0
-0.0424294 , 0.996229 , 0
-0.075048 , 0.993044 , 0
-0.107536 , 0.988672 , 0
-0.139855 , 0.983114 , 0
-0.171965 , 0.97637 , 0
-0.203828 , 0.968443 , 0
-0.235404 , 0.959338 , 0
-0.266653 , 0.949058 , 0
-0.297535 , 0.937609 , 0
-0.328011 , 0.924998 , 0
-0.35804 , 0.911234 , 0
-0.387583 , 0.896324 , 0
-0.416597 , 0.88028 , 0
-0.445044 , 0.863113 , 0
-0.472881 , 0.844834 , 0
-0.500069 , 0.825459 , 0
-0.526565 , 0.805003 , 0
-0.552328 , 0.78348 , 0
-0.577318 , 0.760911 , 0
-0.601492 , 0.737314 , 0
-0.624808 , 0.712709 , 0
-0.647225 , 0.68712 , 0
-0.668702 , 0.660569 , 0
-0.689195 , 0.633083 , 0
-0.708664 , 0.604689 , 0
-0.727067 , 0.575416 , 0
-0.744362 , 0.545295 , 0
-0.760507 , 0.514358 , 0
-0.775462 , 0.482642 , 0
-0.789184 , 0.450183 , 0
-0.801635 , 0.41702 , 0
-0.812772 , 0.383194 , 0
-0.822558 , 0.348751 , 0
-0.830953 , 0.313735 , 0
-0.837918 , 0.278196 , 0
-0.843417 , 0.242186 , 0
-0.847414 , 0.205759 , 0
-0.849873 , 0.168971 , 0
-0.850762 , 0.131883 , 0
-0.850049 , 0.0945569 , 0
-0.847704 , 0.0570591 , 0
-0.843699 , 0.0194581 , 0
-0.838009 , -0.0181744 , 0
-0.830611 , -0.0557634 , 0
-0.821486 , -0.0932313 , 0
-0.810617 , -0.130497 , 0
-0.797993 , -0.167477 , 0
-0.783602 , -0.204085 , 0
-0.767442 , -0.240231 , 0
-0.749513 , -0.275824 , 0
-0.729819 , -0.31077 , 0
-0.708372 , -0.344973 , 0
-0.685188 , -0.378335 , 0
-0.660289 , -0.410756 , 0
-0.633705 , -0.442138 , 0
-0.605471 , -0.47238 , 0
-0.575632 , -0.501381 , 0
-0.544237 , -0.529042 , 0
-0.511345 , -0.555266 , 0
-0.47702 , -0.579956 , 0
-0.441338 , -0.603019 , 0
-0.404378 , -0.624366 , 0
-0.366229 , -0.643912 , 0
-0.326987 , -0.661577 , 0
-0.286755 , -0.677288 , 0
-0.245642 , -0.690979 , 0
-0.203763 , -0.70259 , 0
-0.161239 , -0.71207 , 0
-0.118194 , -0.719378 , 0
-0.0747579 , -0.724481 , 0
-0.0310608 , -0.727358 , 0
0.0127642 , -0.727996 , 0
0.0565835 , -0.726394 , 0
0.100264 , -0.722561 , 0
0.143674 , -0.716515 , 0
0.186684 , -0.708287 , 0
0.229169 , -0.697915 , 0
0.271008 , -0.685449 , 0
0.312085 , -0.670945 , 0
0.35229 , -0.654469 , 0
0.39152 , -0.636093 , 0
0.42968 , -0.615897 , 0
0.466681 , -0.593964 , 0
0.502445 , -0.570386 , 0
0.536898 , -0.545253 , 0
0.569979 , -0.518664 , 0
0.601631 , -0.490715 , 0
0.631809 , -0.461506 , 0
0.660472 , -0.431137 , 0
0.687591 , -0.399708 , 0
0.713141 , -0.367317 , 0
0.737106 , -0.334061 , 0
0.759476 , -0.300037 , 0
0.780245 , -0.265338 , 0
0.799417 , -0.230052 , 0
0.816997 , -0.194269 , 0
0.832998 , -0.158073 , 0
0.847435 , -0.121543 , 0
0.860328 , -0.084757 , 0
0.8717 , -0.0477886 , 0
0.881576 , -0.0107075 , 0
0.889986 , 0.0264203 , 0
0.89696 , 0.0635324 , 0
0.902531 , 0.10057 , 0
0.906733 , 0.137478 , 0
0.909602 , 0.174205 , 0
0.911174 , 0.210702 , 0
0.911486 , 0.246924 , 0
0.910576 , 0.282829 , 0
0.908483 , 0.318379 , 0
0.905244 , 0.353537 , 0
0.900898 , 0.388269 , 0
0.895483 , 0.422546 , 0
0.889037 , 0.456338 , 0
0.881598 , 0.489619 , 0
0.873202 , 0.522366 , 0
0.863886 , 0.554557 , 0
0.853687 , 0.586172 , 0
0.84264 , 0.617192 , 0
0.830779 , 0.647601 , 0
0.818138 , 0.677385 , 0
0.804751 , 0.706529 , 0
0.79065 , 0.735023 , 0
0.775867 , 0.762854 , 0
0.760433 , 0.790014 , 0
0.744378 , 0.816494 , 0
0.727732 , 0.842287 , 0
0.710522 , 0.867385 , 0
0.692777 , 0.891783 , 0
0.674523 , 0.915477 , 0
0.655788 , 0.938462 , 0
0.636596 , 0.960734 , 0
0.616972 , 0.982291 , 0
0.596941 , 1.00313 , 0
0.576525 , 1.02325 , 0
0.555748 , 1.04265 , 0
0.534632 , 1.06133 , 0
0.513198 , 1.07928 , 0
0.491466 , 1.09651 , 0
0.469458 , 1.11302 , 0
0.447192 , 1.12881 , 0
0.424689 , 1.14388 , 0
0.401966 , 1.15822 , 0
0.379042 , 1.17185 , 0
0.355934 , 1.18476 , 0
0.33266 , 1.19695 , 0
0.309236 , 1.20843 , 0
0.285679 , 1.2192 , 0
0.262005 , 1.22925 , 0
0.238229 , 1.23859 , 0
0.214367 , 1.24723 , 0
0.190432 , 1.25516 , 0
0.166441 , 1.26239 , 0
0.142407 , 1.26892 , 0
0.118345 , 1.27475 , 0
0.0942673 , 1.27988 , 0
0.0701883 , 1.28432 , 0
0.0461211 , 1.28807 , 0
0.0220788 , 1.29112 , 0
-0.00192561 , 1.29349 , 0
-0.0258795 , 1.29517 , 0
-0.0497703 , 1.29617 , 0
-0.0735855 , 1.29649 , 0
-0.0973129 , 1.29613 , 0
-0.12094 , 1.29509 , 0
-0.144455 , 1.29338 , 0
-0.167846 , 1.29099 , 0
-0.1911 , 1.28793 , 0
-0.214206 , 1.28421 , 0
-0.237152 , 1.27981 , 0
-0.259926 , 1.27475 , 0
-0.282516 , 1.26903 , 0
-0.304909 , 1.26264 , 0
-0.327095 , 1.25559 , 0
-0.349059 , 1.24788 , 0
-0.370792 , 1.23951 , 0
-0.392279 , 1.23049 , 0
-0.41351 , 1.22081 , 0
-0.43447 , 1.21048 , 0
-0.455148 , 1.19949 , 0
-0.475531 , 1.18786 , 0
-0.495604 , 1.17557 , 0
-0.515356 , 1.16263 , 0
-0.534772 , 1.14905 , 0
-0.553839 , 1.13481 , 0
-0.572542 , 1.11993 , 0
-0.590866 , 1.10441 , 0
-0.608797 , 1.08824 , 0
-0.62632 , 1.07143 , 0
-0.643418 , 1.05397 , 0
-0.660076 , 1.03588 , 0
-0.676277 , 1.01714 , 0
-0.692003 , 0.99776 , 0
-0.707237 , 0.977744 , 0
-0.721961 , 0.957091 , 0
-0.736154 , 0.935801 , 0
-0.749798 , 0.913876 , 0
-0.762872 , 0.891317 , 0
-0.775354 , 0.868126 , 0
-0.787222 , 0.844304 , 0
-0.798452 , 0.819854 , 0
-0.809021 , 0.794779 , 0
-0.818902 , 0.769079 , 0
-0.828069 , 0.742759 , 0
-0.836495 , 0.715822 , 0
-0.844149 , 0.688272 , 0
-0.851 , 0.660112 , 0
-0.857017 , 0.631349 , 0
-0.862165 , 0.601989 , 0
-0.866407 , 0.572037 , 0
-0.869706 , 0.541502 , 0
-0.872021 , 0.510393 , 0
-0.87331 , 0.478721 , 0
-0.873526 , 0.446497 , 0
-0.872622 , 0.413735 , 0
-0.870546 , 0.380452 , 0
-0.867245 , 0.346665 , 0
-0.86266 , 0.312398 , 0
-0.85673 , 0.277674 , 0
-0.84939 , 0.242522 , 0
-0.840569 , 0.206977 , 0
-0.830193 , 0.171076 , 0
-0.818183 , 0.134864 , 0
-0.804455 , 0.0983955 , 0
-0.788919 , 0.0617299 , 0
-0.771479 , 0.0249389 , 0
-0.752036 , -0.0118944 , 0
-0.730484 , -0.048673 , 0
-0.706711 , -0.0852832 , 0
-0.680604 , -0.121593 , 0
-0.652044 , -0.157446 , 0
-0.620912 , -0.192661 , 0
-0.587093 , -0.227027 , 0
-0.550474 , -0.260296 , 0
-0.510957 , -0.292183 , 0
-0.468462 , -0.322357 , 0
-0.422941 , -0.35044 , 0
-0.374387 , -0.376006 , 0
-0.322856 , -0.398579 , 0
-0.268482 , -0.417645 , 0
-0.211499 , -0.432663 , 0
-0.15226 , -0.443088 , 0
-0.0912545 , -0.448407 , 0
-0.0291031 , -0.448182 , 0
0.0334496 , -0.442096 , 0
0.0955725 , -0.430002 , 0
0.1564 , -0.411947 , 0
0.215095 , -0.388186 , 0
0.270913 , -0.359159 , 0
0.323246 , -0.325449 , 0
0.371655 , -0.287731 , 0
0.415868 , -0.246712 , 0
0.455769 , -0.203087 , 0
0.49137 , -0.157499 , 0
0.522779 , -0.110522 , 0
0.550175 , -0.062655 , 0
0.573776 , -0.0143142 , 0
0.593827 , 0.0341549 , 0
0.610578 , 0.0824726 , 0
0.624279 , 0.130415 , 0
0.635171 , 0.177807 , 0
0.643482 , 0.22451 , 0
0.649426 , 0.270421 , 0
0.653201 , 0.315459 , 0
0.654989 , 0.359568 , 0
0.654957 , 0.402705 , 0
0.653257 , 0.444844 , 0
0.650029 , 0.485967 , 0
0.645401 , 0.526066 , 0
0.639488 , 0.565137 , 0
0.632396 , 0.603185 , 0
0.624221 , 0.640215 , 0
0.615052 , 0.676239 , 0
0.604968 , 0.711269 , 0
0.594045 , 0.745318 , 0
0.582349 , 0.778403 , 0
0.569943 , 0.81054 , 0
0.556884 , 0.841745 , 0
0.543224 , 0.872036 , 0
0.529011 , 0.90143 , 0
0.514292 , 0.929946 , 0
0.499106 , 0.957599 , 0
0.483493 , 0.984409 , 0
0.467488 , 1.01039 , 0
0.451124 , 1.03556 , 0
0.434432 , 1.05994 , 0
0.41744 , 1.08354 , 0
0.400176 , 1.10637 , 0
0.382664 , 1.12846 , 0
0.364927 , 1.14981 , 0
0.346988 , 1.17044 , 0
0.328867 , 1.19037 , 0
0.310583 , 1.20961 , 0
0.292154 , 1.22817 , 0
0.273598 , 1.24606 , 0
0.25493 , 1.26329 , 0
0.236166 , 1.27989 , 0
0.217319 , 1.29585 , 0
0.198404 , 1.31119 , 0
0.179433 , 1.32592 , 0
0.160419 , 1.34006 , 0
0.141372 , 1.3536 , 0
0.122304 , 1.36656 , 0
0.103225 , 1.37895 , 0
0.0841453 , 1.39078 , 0
0.0650739 , 1.40205 , 0
0.0460199 , 1.41278 , 0
0.0269919 , 1.42297 , 0
0.00799805 , 1.43263 , 0
-0.0109537 , 1.44176 , 0
-0.029856 , 1.45039 , 0
-0.0487014 , 1.4585 , 0
-0.0674832 , 1.46611 , 0
-0.0861946 , 1.47323 , 0
-0.104829 , 1.47985 , 0
-0.123381 , 1.486 , 0
-0.141844 , 1.49166 , 0
-0.160212 , 1.49685 , 0
-0.17848 , 1.50158 , 0
-0.196642 , 1.50585 , 0
-0.214694 , 1.50965 , 0
-0.232629 , 1.51301 , 0
-0.250444 , 1.51592 , 0
-0.268132 , 1.51838 , 0
-0.285691 , 1.52041 , 0
-0.303114 , 1.522 , 0
-0.320398 , 1.52316 , 0
-0.337539 , 1.5239 , 0
-0.35453 , 1.52421 , 0
-0.37137 , 1.52409 , 0
-0.388053 , 1.52357 , 0
-0.404575 , 1.52263 , 0
-0.420933 , 1.52127 , 0
-0.437121 , 1.51951 , 0
-0.453137 , 1.51735 , 0
-0.468977 , 1.51478 , 0
-0.484635 , 1.51181 , 0
-0.500109 , 1.50845 , 0
-0.515395 , 1.50468 , 0
-0.530489 , 1.50053 , 0
-0.545386 , 1.49598 , 0
-0.560084 , 1.49104 , 0
-0.574577 , 1.48572 , 0
-0.588863 , 1.48001 , 0
-0.602937 , 1.47391 , 0
-0.616795 , 1.46743 , 0
-0.630434 , 1.46056 , 0
-0.643848 , 1.45332 , 0
-0.657035 , 1.44569 , 0
-0.66999 , 1.43768 , 0
-0.682709 , 1.4293 , 0
-0.695187 , 1.42053 , 0
-0.70742 , 1.41139 , 0
-0.719404 , 1.40187 , 0
-0.731133 , 1.39197 , 0
-0.742605 , 1.3817 , 0
-0.753813 , 1.37105 , 0
-0.764752 , 1.36002 , 0
-0.775419 , 1.34861 , 0
-0.785807 , 1.33683 , 0
-0.795911 , 1.32466 , 0
-0.805727 , 1.31212 , 0
-0.815247 , 1.2992 , 0
-0.824467 , 1.2859 , 0
-0.83338 , 1.27222 , 0
-0.84198 , 1.25815 , 0
-0.850261 , 1.2437 , 0
-0.858216 , 1.22887 , 0
-0.865838 , 1.21365 , 0
-0.87312 , 1.19804 , 0
-0.880054 , 1.18204 , 0
-0.886632 , 1.16564 , 0
-0.892846 , 1.14886 , 0
-0.898688 , 1.13167 , 0
-0.904149 , 1.11409 , 0
-0.909218 , 1.0961 , 0
-0.913886 , 1.07771 , 0
-0.918144 , 1.05892 , 0
-0.921979 , 1.03971 , 0
-0.925381 , 1.02008 , 0
-0.928336 , 1.00004 , 0
-0.930834 , 0.979575 , 0
-0.932859 , 0.958684 , 0
-0.934397 , 0.937363 , 0
-0.935434 , 0.915606 , 0
-0.935953 , 0.89341 , 0
-0.935936 , 0.870769 , 0
-0.935366 , 0.847677 , 0
-0.934222 , 0.82413 , 0
-0.932485 , 0.800121 , 0
-0.93013 , 0.775644 , 0
-0.927134 , 0.750693 , 0
-0.923471 , 0.725262 , 0
-0.919112 , 0.699343 , 0
-0.914028 , 0.672928 , 0
-0.908184 , 0.646012 , 0
-0.901545 , 0.618585 , 0
-0.894072 , 0.59064 , 0
-0.88572 , 0.562169 , 0
-0.876445 , 0.533163 , 0
-0.866191 , 0.503615 , 0
-0.854904 , 0.473515 , 0
-0.842517 , 0.442857 , 0
-0.828959 , 0.411632 , 0
-0.814151 , 0.379834 , 0
-0.798001 , 0.347456 , 0
-0.780408 , 0.314497 , 0
-0.761252 , 0.280953 , 0
-0.740401 , 0.246827 , 0
-0.717697 , 0.212127 , 0
-0.69296 , 0.176868 , 0
-0.665974 , 0.141078 , 0
-0.636486 , 0.104797 , 0
-0.604188 , 0.0680935 , 0
-0.568707 , 0.0310701 , 0
-0.529585 , -0.00611452 , 0
-0.486249 , -0.0432137 , 0
-0.437973 , -0.0798381 , 0
-0.383834 , -0.115359 , 0
-0.322657 , -0.148732 , 0
-0.252988 , -0.178158 , 0
-0.173242 , -0.200458 , 0
-0.0825075 , -0.210016 , 0
0.0167018 , -0.197986 , 0
0.113408 , -0.156163 , 0
0.191525 , -0.0886933 , 0
0.245635 , -0.0100639 , 0
0.280263 , 0.0694053 , 0
0.301171 , 0.145518 , 0
0.312598 , 0.21709 , 0
0.317346 , 0.284066 , 0
0.317258 , 0.346754 , 0
0.313574 , 0.405552 , 0
0.307152 , 0.46085 , 0
0.298605 , 0.513001 , 0
0.288382 , 0.562311 , 0
0.276819 , 0.609046 , 0
0.264173 , 0.653437 , 0
0.250644 , 0.695682 , 0
0.236392 , 0.735954 , 0
0.221544 , 0.774403 , 0
0.206204 , 0.811162 , 0
0.190457 , 0.846348 , 0
0.174375 , 0.880065 , 0
0.158015 , 0.912405 , 0
0.14143 , 0.94345 , 0
0.124661 , 0.973275 , 0
0.107746 , 1.00195 , 0
0.0907155 , 1.02953 , 0
0.0735973 , 1.05607 , 0
0.0564153 , 1.08163 , 0
0.0391905 , 1.10625 , 0
0.0219415 , 1.12998 , 0
0.00468455 , 1.15285 , 0
-0.0125659 , 1.1749 , 0
-0.0297968 , 1.19616 , 0
-0.0469967 , 1.21667 , 0
-0.0641553 , 1.23645 , 0
-0.081263 , 1.25553 , 0
-0.0983117 , 1.27394 , 0
-0.115293 , 1.2917 , 0
-0.132202 , 1.30883 , 0
-0.14903 , 1.32536 , 0
-0.165772 , 1.34129 , 0
-0.182423 , 1.35667 , 0
-0.198978 , 1.37149 , 0
-0.215433 , 1.38577 , 0
-0.231784 , 1.39954 , 0
-0.248026 , 1.41281 , 0
-0.264157 , 1.42558 , 0
-0.280172 , 1.43788 , 0
-0.29607 , 1.44972 , 0
-0.311847 , 1.4611 , 0
-0.3275 , 1.47204 , 0
-0.343028 , 1.48256 , 0
-0.358428 , 1.49265 , 0
-0.373697 , 1.50234 , 0
-0.388834 , 1.51163 , 0
-0.403837 , 1.52053 , 0
-0.418703 , 1.52904 , 0
-0.433432 , 1.53719 , 0
-0.448022 , 1.54496 , 0
-0.462471 , 1.55238 , 0
-0.476777 , 1.55945 , 0
-0.49094 , 1.56617 , 0
-0.504958 , 1.57256 , 0
-0.518829 , 1.57862 , 0
-0.532553 , 1.58435 , 0
-0.546128 , 1.58976 , 0
-0.559554 , 1.59486 , 0
-0.572828 , 1.59965 , 0
-0.58595 , 1.60414 , 0
-0.59892 , 1.60833 , 0
-0.611735 , 1.61223 , 0
-0.624395 , 1.61584 , 0
-0.6369 , 1.61917 , 0
-0.649247 , 1.62221 , 0
-0.661437 , 1.62498 , 0
-0.673468 , 1.62748 , 0
-0.685339 , 1.62971 , 0
-0.697051 , 1.63168 , 0
-0.7086 , 1.63339 , 0
-0.719988 , 1.63484 , 0
-0.731213 , 1.63603 , 0
-0.742274 , 1.63697 , 0
-0.75317 , 1.63767 , 0
-0.763901 , 1.63812 , 0
-0.774466 , 1.63832 , 0
-0.784864 , 1.63829 , 0
-0.795094 , 1.63802 , 0
-0.805155 , 1.63751 , 0
-0.815046 , 1.63677 , 0
-0.824767 , 1.6358 , 0
-0.834317 , 1.6346 , 0
-0.843694 , 1.63317 , 0
-0.852899 , 1.63151 , 0
-0.86193 , 1.62964 , 0
-0.870786 , 1.62754 , 0
-0.879466 , 1.62522 , 0
-0.88797 , 1.62268 , 0
-0.896296 , 1.61992 , 0
-0.904444 , 1.61695 , 0
-0.912412 , 1.61376 , 0
-0.9202 , 1.61036 , 0
-0.927807 , 1.60674 , 0
-0.935231 , 1.60291 , 0
-0.942471 , 1.59888 , 0
-0.949527 , 1.59463 , 0
-0.956397 , 1.59017 , 0
-0.96308 , 1.5855 , 0
-0.969575 , 1.58062 , 0
-0.975881 , 1.57554 , 0
-0.981996 , 1.57025 , 0
-0.98792 , 1.56475 , 0
-0.99365 , 1.55904 , 0
-0.999186 , 1.55312 , 0
-1.00453 , 1.547 , 0
-1.00967 , 1.54067 , 0
-1.01461 , 1.53414 , 0
-1.01936 , 1.52739 , 0
-1.0239 , 1.52044 , 0
-1.02824 , 1.51328 , 0
-1.03237 , 1.50591 , 0
-1.03629 , 1.49834 , 0
-1.04001 , 1.49055 , 0
-1.04352 , 1.48255 , 0
-1.04681 , 1.47434 , 0
-1.04989 , 1.46592 , 0
-1.05275 , 1.45728 , 0
-1.0554 , 1.44843 , 0
-1.05782 , 1.43937 , 0
-1.06002 , 1.43009 , 0
-1.06199 , 1.42058 , 0
-1.06373 , 1.41086 , 0
-1.06524 , 1.40092 , 0
-1.06652 , 1.39076 , 0
-1.06756 , 1.38037 , 0
-1.06837 , 1.36975 , 0
-1.06893 , 1.3589 , 0
-1.06924 , 1.34782 , 0
-1.0693 , 1.33651 , 0
-1.06911 , 1.32496 , 0
-1.06867 , 1.31317 , 0
-1.06796 , 1.30114 , 0
-1.06699 , 1.28887 , 0
-1.06575 , 1.27635 , 0
-1.06423 , 1.26357 , 0
-1.06244 , 1.25054 , 0
-1.06036 , 1.23726 , 0
-1.058 , 1.22371 , 0
-1.05534 , 1.20989 , 0
-1.05239 , 1.19581 , 0
-1.04913 , 1.18145 , 0
-1.04555 , 1.1668 , 0
-1.04166 , 1.15188 , 0
-1.03745 , 1.13666 , 0
-1.0329 , 1.12115 , 0
-1.02801 , 1.10533 , 0
-1.02277 , 1.08921 , 0
-1.01718 , 1.07278 , 0
-1.01122 , 1.05602 , 0
-1.00488 , 1.03893 , 0
-0.998152 , 1.0215 , 0
-0.991028 , 1.00373 , 0
-0.983493 , 0.98561 , 0
-0.975534 , 0.967123 , 0
-0.967138 , 0.948262 , 0
-0.958289 , 0.929017 , 0
-0.948972 , 0.909377 , 0
-0.939169 , 0.88933 , 0
-0.928862 , 0.868862 , 0
-0.91803 , 0.847959 , 0
-0.906652 , 0.826608 , 0
-0.894703 , 0.80479 , 0
-0.882157 , 0.78249 , 0
-0.868986 , 0.759688 , 0
-0.855157 , 0.736364 , 0
-0.840636 , 0.712496 , 0
-0.825384 , 0.688058 , 0
-0.809357 , 0.663024 , 0
-0.792507 , 0.637366 , 0
-0.774779 , 0.61105 , 0
-0.756111 , 0.584039 , 0
-0.736431 , 0.556295 , 0
-0.715657 , 0.52777 , 0
-0.693695 , 0.498414 , 0
-0.670432 , 0.468168 , 0
-0.645734 , 0.436964 , 0
-0.619443 , 0.404724 , 0
-0.59136 , 0.371357 , 0
-0.561242 , 0.336753 , 0
-0.528776 , 0.300782 , 0
-0.493554 , 0.263283 , 0
-0.45502 , 0.224058 , 0
-0.412388 , 0.182853 , 0
-0.364472 , 0.139345 , 0
-0.309338 , 0.0931151 , 0
-0.2434 , 0.0436714 , 0
-0.1585 , -0.00913594 , 0
-0.0269228 , -0.0592125 , 0
0.219965 , 0.144386 , 0
0.452601 , 0.33868 , 0
0.682264 , 0.530801 , 0
0.91066 , 0.721992 , 0
1.13835 , 0.912677 , 0
1.36557 , 1.10305 , 0
1.59247 , 1.29322 , 0
1.81912 , 1.48324 , 0
2.04558 , 1.67316 , 0
2.27187 , 1.863 , 0
2.49801 , 2.05277 , 0
2.72404 , 2.24249 , 0
2.94996 , 2.43218 , 0
3.17579 , 2.62182 , 0
3.40153 , 2.81144 , 0
3.62719 , 3.00103 , 0
3.85278 , 3.19059 , 0
4.0783 , 3.38013 , 0
4.30377 , 3.56965 , 0
4.52918 , 3.75916 , 0
4.75454 , 3.94864 , 0
4.97985 , 4.13811 , 0
5.20512 , 4.32756 , 0
5.43035 , 4.517 , 0
5.65555 , 4.70642 , 0
5.8807 , 4.89582 , 0
6.10583 , 5.08522 , 0
6.33092 , 5.2746 , 0
6.55599 , 5.46397 , 0
6.78103 , 5.65333 , 0
7.00604 , 5.84268 , 0
7.23103 , 6.03201 , 0
7.456 , 6.22134 , 0
7.68094 , 6.41066 , 0
7.90587 , 6.59996 , 0
8.13078 , 6.78926 , 0
8.35567 , 6.97855 , 0
8.58054 , 7.16783 , 0
8.8054 , 7.3571 , 0
9.03024 , 7.54637 , 0
9.25507 , 7.73563 , 0
9.47989 , 7.92488 , 0
9.70469 , 8.11412 , 0
9.92948 , 8.30336 , 0
10.1543 , 8.49259 , 0
10.379 , 8.68182 , 0
10.6038 , 8.87103 , 0
10.8285 , 9.06025 , 0
11.0533 , 9.24945 , 0
11.278 , 9.43866 , 0
11.5027 , 9.62785 , 0
11.7274 , 9.81704 , 0
11.9521 , 10.0062 , 0
12.1768 , 10.1954 , 0
12.4015 , 10.3846 , 0
12.6262 , 10.5738 , 0
12.8508 , 10.7629 , 0
13.0755 , 10.9521 , 0
13.3001 , 11.1413 , 0
13.5248 , 11.3304 , 0
13.7494 , 11.5196 , 0
13.9741 , 11.7087 , 0
14.1987 , 11.8979 , 0
14.4233 , 12.087 , 0
14.6479 , 12.2761 , 0
14.8726 , 12.4653 , 0
15.0972 , 12.6544 , 0
15.3218 , 12.8435 , 0
15.5464 , 13.0327 , 0
15.771 , 13.2218 , 0
15.9956 , 13.4109 , 0
16.2201 , 13.6 , 0
16.4447 , 13.7891 , 0
16.6693 , 13.9782 , 0
16.8939 , 14.1673 , 0
17.1184 , 14.3565 , 0
17.343 , 14.5456 , 0
17.5676 , 14.7347 , 0
17.7921 , 14.9238 , 0
18.0167 , 15.1128 , 0
18.2412 , 15.3019 , 0
18.4658 , 15.491 , 0
18.6903 , 15.6801 , 0
18.9149 , 15.8692 , 0
19.1394 , 16.0583 , 0
19.3639 , 16.2474 , 0
19.5885 , 16.4365 , 0
19.813 , 16.6255 , 0
20.0375 , 16.8146 , 0
20.2621 , 17.0037 , 0
20.4866 , 17.1928 , 0
20.7111 , 17.3818 , 0
20.9356 , 17.5709 , 0
21.1601 , 17.76 , 0
21.3846 , 17.949 , 0
21.6091 , 18.1381 , 0
21.8337 , 18.3272 , 0
22.0582 , 18.5162 , 0
22.2827 , 18.7053 , 0
22.5072 , 18.8943 , 0
22.7317 , 19.0834 , 0
22.9562 , 19.2725 , 0
23.1806 , 19.4615 , 0
23.4051 , 19.6506 , 0
23.6296 , 19.8396 , 0
23.8541 , 20.0287 , 0
24.0786 , 20.2177 , 0
24.3031 , 20.4068 , 0
24.5276 , 20.5958 , 0
24.752 , 20.7849 , 0
24.9765 , 20.9739 , 0
25.201 , 21.1629 , 0
25.4255 , 21.352 , 0
25.6499 , 21.541 , 0
25.8744 , 21.7301 , 0
26.0989 , 21.9191 , 0
26.3234 , 22.1081 , 0
26.5478 , 22.2972 , 0
26.7723 , 22.4862 , 0
26.9967 , 22.6752 , 0
27.2212 , 22.8643 , 0
27.4457 , 23.0533 , 0
27.6701 , 23.2423 , 0
27.8946 , 23.4313 , 0
28.119 , 23.6204 , 0
28.3435 , 23.8094 , 0
28.568 , 23.9984 , 0
28.7924 , 24.1874 , 0
29.0169 , 24.3765 , 0
29.2413 , 24.5655 , 0
29.4658 , 24.7545 , 0
29.6902 , 24.9435 , 0
29.9146 , 25.1326 , 0
30.1391 , 25.3216 , 0
30.3635 , 25.5106 , 0
30.588 , 25.6996 , 0
30.8124 , 25.8886 , 0
31.0369 , 26.0776 , 0
31.2613 , 26.2667 , 0
31.4857 , 26.4557 , 0
31.7102 , 26.6447 , 0
31.9346 , 26.8337 , 0
32.159 , 27.0227 , 0
32.3835 , 27.2117 , 0
32.6079 , 27.4007 , 0
32.8323 , 27.5897 , 0
33.0568 , 27.7787 , 0
33.2812 , 27.9678 , 0
33.5056 , 28.1568 , 0
33.7301 , 28.3458 , 0
33.9545 , 28.5348 , 0
34.1789 , 28.7238 , 0
34.4033 , 28.9128 , 0
34.6278 , 29.1018 , 0
34.8522 , 29.2908 , 0
35.0766 , 29.4798 , 0
35.301 , 29.6688 , 0
35.5255 , 29.8578 , 0
35.7499 , 30.0468 , 0
35.9743 , 30.2358 , 0
36.1987 , 30.4248 , 0
36.4231 , 30.6138 , 0
36.6476 , 30.8028 , 0
36.872 , 30.9918 , 0
37.0964 , 31.1808 , 0
37.3208 , 31.3698 , 0
37.5452 , 31.5588 , 0
37.7696 , 31.7478 , 0
37.994 , 31.9368 , 0
38.2184 , 32.1258 , 0
38.4429 , 32.3148 , 0
38.6673 , 32.5037 , 0
38.8917 , 32.6927 , 0
39.1161 , 32.8817 , 0
39.3405 , 33.0707 , 0
39.5649 , 33.2597 , 0
39.7893 , 33.4487 , 0
40.0137 , 33.6377 , 0
40.2381 , 33.8267 , 0
40.4625 , 34.0157 , 0
40.6869 , 34.2047 , 0
40.9113 , 34.3937 , 0
41.1357 , 34.5826 , 0
41.3601 , 34.7716 , 0
41.5845 , 34.9606 , 0
41.8089 , 35.1496 , 0
42.0333 , 35.3386 , 0
42.2577 , 35.5276 , 0
42.4821 , 35.7166 , 0
42.7065 , 35.9055 , 0
42.9309 , 36.0945 , 0
43.1553 , 36.2835 , 0
43.3797 , 36.4725 , 0
43.6041 , 36.6615 , 0
43.8285 , 36.8505 , 0
44.0529 , 37.0394 , 0
44.2773 , 37.2284 , 0
44.5017 , 37.4174 , 0
44.7261 , 37.6064 , 0
44.9505 , 37.7954 , 0
45.1749 , 37.9843 , 0
45.3993 , 38.1733 , 0
45.6237 , 38.3623 , 0
45.8481 , 38.5513 , 0
46.0725 , 38.7402 , 0
46.2968 , 38.9292 , 0
46.5212 , 39.1182 , 0
46.7456 , 39.3072 , 0
46.97 , 39.4962 , 0
47.1944 , 39.6851 , 0
47.4188 , 39.8741 , 0
47.6432 , 40.0631 , 0
47.8676 , 40.2521 , 0
48.092 , 40.441 , 0
48.3163 , 40.63 , 0
48.5407 , 40.819 , 0
48.7651 , 41.008 , 0
48.9895 , 41.1969 , 0
49.2139 , 41.3859 , 0
49.4383 , 41.5749 , 0
49.6626 , 41.7638 , 0
49.887 , 41.9528 , 0
50.1114 , 42.1418 , 0
50.3358 , 42.3308 , 0
50.5602 , 42.5197 , 0
50.7846 , 42.7087 , 0
51.0089 , 42.8977 , 0
51.2333 , 43.0866 , 0
51.4577 , 43.2756 , 0
51.6821 , 43.4646 , 0
51.9065 , 43.6536 , 0
52.1308 , 43.8425 , 0
52.3552 , 44.0315 , 0
52.5796 , 44.2205 , 0
52.804 , 44.4094 , 0
53.0283 , 44.5984 , 0
53.2527 , 44.7874 , 0
53.4771 , 44.9763 , 0
53.7015 , 45.1653 , 0
53.9259 , 45.3543 , 0
54.1502 , 45.5432 , 0
54.3746 , 45.7322 , 0
54.599 , 45.9212 , 0
54.8234 , 46.1101 , 0
55.0477 , 46.2991 , 0
55.2721 , 46.4881 , 0
55.4965 , 46.677 , 0
55.7209 , 46.866 , 0
55.9452 , 47.0549 , 0
56.1696 , 47.2439 , 0
56.394 , 47.4329 , 0
56.6183 , 47.6218 , 0
56.8427 , 47.8108 , 0
57.0671 , 47.9998 , 0
57.2915 , 48.1887 , 0
57.5158 , 48.3777 , 0
57.7402 , 48.5667 , 0
57.9646 , 48.7556 , 0
58.1889 , 48.9446 , 0
58.4133 , 49.1335 , 0
58.6377 , 49.3225 , 0
58.862 , 49.5115 , 0
59.0864 , 49.7004 , 0
59.3108 , 49.8894 , 0
59.5352 , 50.0783 , 0
59.7595 , 50.2673 , 0
59.9839 , 50.4563 , 0
60.2083 , 50.6452 , 0
60.4326 , 50.8342 , 0
60.657 , 51.0231 , 0
60.8814 , 51.2121 , 0
61.1057 , 51.4011 , 0
61.3301 , 51.59 , 0
61.5545 , 51.779 , 0
61.7788 , 51.9679 , 0
62.0032 , 52.1569 , 0
62.2275 , 52.3458 , 0
62.4519 , 52.5348 , 0
62.6763 , 52.7238 , 0
62.9006 , 52.9127 , 0
63.125 , 53.1017 , 0
63.3494 , 53.2906 , 0
63.5737 , 53.4796 , 0
63.7981 , 53.6685 , 0
64.0225 , 53.8575 , 0
64.2468 , 54.0465 , 0
64.4712 , 54.2354 , 0
64.6955 , 54.4244 , 0
64.9199 , 54.6133 , 0
65.1443 , 54.8023 , 0
65.3686 , 54.9912 , 0
65.593 , 55.1802 , 0
65.8174 , 55.3691 , 0
66.0417 , 55.5581 , 0
66.2661 , 55.747 , 0
66.4904 , 55.936 , 0
66.7148 , 56.125 , 0
66.9392 , 56.3139 , 0
67.1635 , 56.5029 , 0
67.3879 , 56.6918 , 0
67.6122 , 56.8808 , 0
67.8366 , 57.0697 , 0
68.0609 , 57.2587 , 0
68.2853 , 57.4476 , 0
68.5097 , 57.6366 , 0
68.734 , 57.8255 , 0
68.9584 , 58.0145 , 0
69.1827 , 58.2034 , 0
69.4071 , 58.3924 , 0
69.6314 , 58.5813 , 0
69.8558 , 58.7703 , 0
70.0802 , 58.9592 , 0
70.3045 , 59.1482 , 0
70.5289 , 59.3371 , 0
70.7532 , 59.5261 , 0
70.9776 , 59.715 , 0
71.2019 , 59.904 , 0
71.4263 , 60.0929 , 0
71.6507 , 60.2819 , 0
71.875 , 60.4708 , 0
72.0994 , 60.6598 , 0
72.3237 , 60.8487 , 0
72.5481 , 61.0377 , 0
72.7724 , 61.2266 , 0
72.9968 , 61.4156 , 0
73.2211 , 61.6045 , 0
73.4455 , 61.7935 , 0
73.6698 , 61.9824 , 0
73.8942 , 62.1714 , 0
74.1185 , 62.3603 , 0
74.3429 , 62.5493 , 0
74.5673 , 62.7382 , 0
74.7916 , 62.9272 , 0
75.016 , 63.1161 , 0
75.2403 , 63.3051 , 0
75.4647 , 63.494 , 0
75.689 , 63.683 , 0
75.9134 , 63.8719 , 0
76.1377 , 64.0609 , 0
76.3621 , 64.2498 , 0
76.5864 , 64.4387 , 0
76.8108 , 64.6277 , 0
77.0351 , 64.8166 , 0
77.2595 , 65.0056 , 0
77.4838 , 65.1945 , 0
77.7082 , 65.3835 , 0
77.9325 , 65.5724 , 0
78.1569 , 65.7614 , 0
78.3812 , 65.9503 , 0
78.6056 , 66.1393 , 0
78.8299 , 66.3282 , 0
79.0543 , 66.5171 , 0
79.2786 , 66.7061 , 0
79.503 , 66.895 , 0
79.7273 , 67.084 , 0
79.9517 , 67.2729 , 0
80.176 , 67.4619 , 0
80.4004 , 67.6508 , 0
80.6247 , 67.8398 , 0
80.8491 , 68.0287 , 0
81.0734 , 68.2176 , 0
81.2978 , 68.4066 , 0
81.5221 , 68.5955 , 0
81.7464 , 68.7845 , 0
81.9708 , 68.9734 , 0
82.1951 , 69.1624 , 0
82.4195 , 69.3513 , 0
82.6438 , 69.5402 , 0
82.8682 , 69.7292 , 0
83.0925 , 69.9181 , 0
83.3169 , 70.1071 , 0
83.5412 , 70.296 , 0
83.7656 , 70.485 , 0
83.9899 , 70.6739 , 0
84.2143 , 70.8628 , 0
84.4386 , 71.0518 , 0
84.6629 , 71.2407 , 0
84.8873 , 71.4297 , 0
85.1116 , 71.6186 , 0
85.336 , 71.8076 , 0
85.5603 , 71.9965 , 0
85.7847 , 72.1854 , 0
86.009 , 72.3744 , 0
86.2334 , 72.5633 , 0
86.4577 , 72.7523 , 0
86.6821 , 72.9412 , 0
86.9064 , 73.1301 , 0
87.1307 , 73.3191 , 0
87.3551 , 73.508 , 0
87.5794 , 73.697 , 0
87.8038 , 73.8859 , 0
88.0281 , 74.0748 , 0
88.2525 , 74.2638 , 0
88.4768 , 74.4527 , 0
88.7011 , 74.6417 , 0
88.9255 , 74.8306 , 0
89.1498 , 75.0195 , 0
89.3742 , 75.2085 , 0
89.5985 , 75.3974 , 0
89.8229 , 75.5864 , 0
90.0472 , 75.7753 , 0
90.2715 , 75.9642 , 0
90.4959 , 76.1532 , 0
90.7202 , 76.3421 , 0
90.9446 , 76.5311 , 0
91.1689 , 76.72 , 0
91.3932 , 76.9089 , 0
91.6176 , 77.0979 , 0
91.8419 , 77.2868 , 0
92.0663 , 77.4758 , 0
92.2906 , 77.6647 , 0
92.515 , 77.8536 , 0
92.7393 , 78.0426 , 0
92.9636 , 78.2315 , 0
93.188 , 78.4204 , 0
93.4123 , 78.6094 , 0
93.6367 , 78.7983 , 0
93.861 , 78.9873 , 0
94.0853 , 79.1762 , 0
94.3097 , 79.3651 , 0
94.534 , 79.5541 , 0
94.7584 , 79.743 , 0
94.9827 , 79.9319 , 0
95.207 , 80.1209 , 0
95.4314 , 80.3098 , 0
95.6557 , 80.4988 , 0
95.8801 , 80.6877 , 0
96.1044 , 80.8766 , 0
96.3287 , 81.0656 , 0
96.5531 , 81.2545 , 0
96.7774 , 81.4434 , 0
97.0017 , 81.6324 , 0
97.2261 , 81.8213 , 0
97.4504 , 82.0102 , 0
97.6748 , 82.1992 , 0
97.8991 , 82.3881 , 0
98.1234 , 82.5771 , 0
98.3478 , 82.766 , 0
98.5721 , 82.9549 , 0
98.7965 , 83.1439 , 0
99.0208 , 83.3328 , 0
99.2451 , 83.5217 , 0
99.4695 , 83.7107 , 0
99.6938 , 83.8996 , 0
99.9181 , 84.0885 , 0
100.142 , 84.2775 , 0
100.367 , 84.4664 , 0
100.591 , 84.6553 , 0
100.815 , 84.8443 , 0
101.04 , 85.0332 , 0
101.264 , 85.2222 , 0
101.488 , 85.4111 , 0
101.713 , 85.6 , 0
101.937 , 85.789 , 0
102.162 , 85.9779 , 0
102.386 , 86.1668 , 0
102.61 , 86.3558 , 0
102.835 , 86.5447 , 0
103.059 , 86.7336 , 0
103.283 , 86.9226 , 0
103.508 , 87.1115 , 0
103.732 , 87.3004 , 0
103.956 , 87.4894 , 0
104.181 , 87.6783 , 0
104.405 , 87.8672 , 0
104.629 , 88.0562 , 0
104.854 , 88.2451 , 0
105.078 , 88.434 , 0
105.302 , 88.623 , 0
105.527 , 88.8119 , 0
105.751 , 89.0008 , 0
105.975 , 89.1898 , 0
106.2 , 89.3787 , 0
106.424 , 89.5676 , 0
106.648 , 89.7566 , 0
106.873 , 89.9455 , 0
107.097 , 90.1344 , 0
107.321 , 90.3234 , 0
107.546 , 90.5123 , 0
107.77 , 90.7012 , 0
107.994 , 90.8902 , 0
108.219 , 91.0791 , 0
108.443 , 91.268 , 0
108.667 , 91.457 , 0
108.892 , 91.6459 , 0
109.116 , 91.8348 , 0
109.34 , 92.0238 , 0
109.565 , 92.2127 , 0
109.789 , 92.4016 , 0
110.013 , 92.5905 , 0
110.238 , 92.7795 , 0
110.462 , 92.9684 , 0
110.686 , 93.1573 , 0
110.911 , 93.3463 , 0
111.135 , 93.5352 , 0
111.359 , 93.7241 , 0
111.584 , 93.9131 , 0
111.808 , 94.102 , 0
112.032 , 94.2909 , 0
112.257 , 94.4799 , 0
112.481 , 94.6688 , 0
112.705 , 94.8577 , 0
112.93 , 95.0467 , 0
113.154 , 95.2356 , 0
113.378 , 95.4245 , 0
113.603 , 95.6134 , 0
113.827 , 95.8024 , 0
114.051 , 95.9913 , 0
114.276 , 96.1802 , 0
114.5 , 96.3692 , 0
114.724 , 96.5581 , 0
114.949 , 96.747 , 0
115.173 , 96.936 , 0
115.397 , 97.1249 , 0
115.622 , 97.3138 , 0
115.846 , 97.5028 , 0
116.07 , 97.6917 , 0
116.295 , 97.8806 , 0
116.519 , 98.0695 , 0
116.743 , 98.2585 , 0
116.968 , 98.4474 , 0
117.192 , 98.6363 , 0
117.416 , 98.8253 , 0
117.64 , 99.0142 , 0
117.865 , 99.2031 , 0
118.089 , 99.3921 , 0
118.313 , 99.581 , 0
118.538 , 99.7699 , 0
118.762 , 99.9588 , 0
118.986 , 100.148 , 0
119.211 , 100.337 , 0
119.435 , 100.526 , 0
119.659 , 100.715 , 0
119.884 , 100.903 , 0
120.108 , 101.092 , 0
120.332 , 101.281 , 0
120.557 , 101.47 , 0
120.781 , 101.659 , 0
121.005 , 101.848 , 0
121.23 , 102.037 , 0
121.454 , 102.226 , 0
121.678 , 102.415 , 0
121.903 , 102.604 , 0
122.127 , 102.793 , 0
122.351 , 102.982 , 0
122.576 , 103.171 , 0
122.8 , 103.36 , 0
123.024 , 103.548 , 0
123.249 , 103.737 , 0
123.473 , 103.926 , 0
123.697 , 104.115 , 0
123.922 , 104.304 , 0
124.146 , 104.493 , 0
124.37 , 104.682 , 0
124.595 , 104.871 , 0
124.819 , 105.06 , 0
125.043 , 105.249 , 0
125.268 , 105.438 , 0
125.492 , 105.627 , 0
125.716 , 105.816 , 0
125.941 , 106.005 , 0
126.165 , 106.193 , 0
126.389 , 106.382 , 0
126.614 , 106.571 , 0
126.838 , 106.76 , 0
127.062 , 106.949 , 0
127.287 , 107.138 , 0
127.511 , 107.327 , 0
127.735 , 107.516 , 0
127.96 , 107.705 , 0
128.184 , 107.894 , 0
128.408 , 108.083 , 0
128.633 , 108.272 , 0
128.857 , 108.461 , 0
129.081 , 108.65 , 0
129.306 , 108.838 , 0
129.53 , 109.027 , 0
129.754 , 109.216 , 0
129.979 , 109.405 , 0
130.203 , 109.594 , 0
130.427 , 109.783 , 0
130.652 , 109.972 , 0
130.876 , 110.161 , 0
131.1 , 110.35 , 0
131.325 , 110.539 , 0
131.549 , 110.728 , 0
131.773 , 110.917 , 0
131.998 , 111.106 , 0
132.222 , 111.295 , 0
132.446 , 111.483 , 0
132.67 , 111.672 , 0
132.895 , 111.861 , 0
133.119 , 112.05 , 0
133.343 , 112.239 , 0
133.568 , 112.428 , 0
133.792 , 112.617 , 0
134.016 , 112.806 , 0
134.241 , 112.995 , 0
134.465 , 113.184 , 0
134.689 , 113.373 , 0
134.914 , 113.562 , 0
135.138 , 113.751 , 0
135.362 , 113.939 , 0
135.587 , 114.128 , 0
135.811 , 114.317 , 0
136.035 , 114.506 , 0
136.26 , 114.695 , 0
136.484 , 114.884 , 0
136.708 , 115.073 , 0
136.933 , 115.262 , 0
137.157 , 115.451 , 0
137.381 , 115.64 , 0
137.606 , 115.829 , 0
137.83 , 116.018 , 0
138.054 , 116.207 , 0
138.279 , 116.395 , 0
138.503 , 116.584 , 0
138.727 , 116.773 , 0
138.952 , 116.962 , 0
139.176 , 117.151 , 0
139.4 , 117.34 , 0
139.625 , 117.529 , 0
139.849 , 117.718 , 0
140.073 , 117.907 , 0
140.298 , 118.096 , 0
140.522 , 118.285 , 0
140.746 , 118.474 , 0
140.971 , 118.663 , 0
141.195 , 118.852 , 0
141.419 , 119.04 , 0
141.643 , 119.229 , 0
141.868 , 119.418 , 0
142.092 , 119.607 , 0
142.316 , 119.796 , 0
142.541 , 119.985 , 0
142.765 , 120.174 , 0
142.989 , 120.363 , 0
143.214 , 120.552 , 0
143.438 , 120.741 , 0
143.662 , 120.93 , 0
143.887 , 121.119 , 0
144.111 , 121.308 , 0
144.335 , 121.496 , 0
144.56 , 121.685 , 0
144.784 , 121.874 , 0
145.008 , 122.063 , 0
145.233 , 122.252 , 0
145.457 , 122.441 , 0
145.681 , 122.63 , 0
145.906 , 122.819 , 0
146.13 , 123.008 , 0
146.354 , 123.197 , 0
146.579 , 123.386 , 0
146.803 , 123.575 , 0
147.027 , 123.764 , 0
147.252 , 123.952 , 0
147.476 , 124.141 , 0
147.7 , 124.33 , 0
147.925 , 124.519 , 0
148.149 , 124.708 , 0
148.373 , 124.897 , 0
148.598 , 125.086 , 0
148.822 , 125.275 , 0
149.046 , 125.464 , 0
149.27 , 125.653 , 0
149.495 , 125.842 , 0
149.719 , 126.031 , 0
149.943 , 126.22 , 0
150.168 , 126.408 , 0
150.392 , 126.597 , 0
150.616 , 126.786 , 0
150.841 , 126.975 , 0
151.065 , 127.164 , 0
151.289 , 127.353 , 0
151.514 , 127.542 , 0
151.738 , 127.731 , 0
151.962 , 127.92 , 0
152.187 , 128.109 , 0
152.411 , 128.298 , 0
152.635 , 128.487 , 0
152.86 , 128.676 , 0
153.084 , 128.864 , 0
153.308 , 129.053 , 0
153.533 , 129.242 , 0
153.757 , 129.431 , 0
153.981 , 129.62 , 0
154.206 , 129.809 , 0
154.43 , 129.998 , 0
154.654 , 130.187 , 0
154.879 , 130.376 , 0
155.103 , 130.565 , 0
155.327 , 130.754 , 0
155.551 , 130.943 , 0
155.776 , 131.132 , 0
156 , 131.32 , 0
156.224 , 131.509 , 0
156.449 , 131.698 , 0
156.673 , 131.887 , 0
156.897 , 132.076 , 0
157.122 , 132.265 , 0
157.346 , 132.454 , 0
157.57 , 132.643 , 0
157.795 , 132.832 , 0
158.019 , 133.021 , 0
158.243 , 133.21 , 0
158.468 , 133.399 , 0
158.692 , 133.587 , 0
158.916 , 133.776 , 0
159.141 , 133.965 , 0
159.365 , 134.154 , 0
159.589 , 134.343 , 0
159.814 , 134.532 , 0
160.038 , 134.721 , 0
160.262 , 134.91 , 0
160.487 , 135.099 , 0
160.711 , 135.288 , 0
160.935 , 135.477 , 0
161.16 , 135.666 , 0
161.384 , 135.855 , 0
161.608 , 136.043 , 0
161.832 , 136.232 , 0
162.057 , 136.421 , 0
162.281 , 136.61 , 0
162.505 , 136.799 , 0
162.73 , 136.988 , 0
162.954 , 137.177 , 0
163.178 , 137.366 , 0
163.403 , 137.555 , 0
163.627 , 137.744 , 0
163.851 , 137.933 , 0
164.076 , 138.122 , 0
164.3 , 138.311 , 0
164.524 , 138.499 , 0
164.749 , 138.688 , 0
164.973 , 138.877 , 0
165.197 , 139.066 , 0
165.422 , 139.255 , 0
165.646 , 139.444 , 0
165.87 , 139.633 , 0
166.095 , 139.822 , 0
166.319 , 140.011 , 0
166.543 , 140.2 , 0
166.768 , 140.389 , 0
166.992 , 140.578 , 0
167.216 , 140.766 , 0
167.44 , 140.955 , 0
167.665 , 141.144 , 0
167.889 , 141.333 , 0
168.113 , 141.522 , 0
168.338 , 141.711 , 0
168.562 , 141.9 , 0
168.786 , 142.089 , 0
169.011 , 142.278 , 0
169.235 , 142.467 , 0
169.459 , 142.656 , 0
169.684 , 142.845 , 0
169.908 , 143.034 , 0
170.132 , 143.222 , 0
170.357 , 143.411 , 0
170.581 , 143.6 , 0
170.805 , 143.789 , 0
171.03 , 143.978 , 0
171.254 , 144.167 , 0
171.478 , 144.356 , 0
171.703 , 144.545 , 0
171.927 , 144.734 , 0
172.151 , 144.923 , 0
172.375 , 145.112 , 0
172.6 , 145.301 , 0
172.824 , 145.489 , 0
173.048 , 145.678 , 0
173.273 , 145.867 , 0
173.497 , 146.056 , 0
173.721 , 146.245 , 0
173.946 , 146.434 , 0
174.17 , 146.623 , 0
174.394 , 146.812 , 0
174.619 , 147.001 , 0
174.843 , 147.19 , 0
175.067 , 147.379 , 0
175.292 , 147.568 , 0
175.516 , 147.757 , 0
175.74 , 147.945 , 0
175.965 , 148.134 , 0
176.189 , 148.323 , 0
176.413 , 148.512 , 0
176.638 , 148.701 , 0
176.862 , 148.89 , 0
177.086 , 149.079 , 0
177.31 , 149.268 , 0
177.535 , 149.457 , 0
177.759 , 149.646 , 0
177.983 , 149.835 , 0
178.208 , 150.024 , 0
178.432 , 150.212 , 0
178.656 , 150.401 , 0
178.881 , 150.59 , 0
179.105 , 150.779 , 0
179.329 , 150.968 , 0
179.554 , 151.157 , 0
179.778 , 151.346 , 0
180.002 , 151.535 , 0
180.227 , 151.724 , 0
180.451 , 151.913 , 0
180.675 , 152.102 , 0
180.9 , 152.291 , 0
181.124 , 152.479 , 0
181.348 , 152.668 , 0
181.572 , 152.857 , 0
181.797 , 153.046 , 0
182.021 , 153.235 , 0
182.245 , 153.424 , 0
182.47 , 153.613 , 0
182.694 , 153.802 , 0
182.918 , 153.991 , 0
183.143 , 154.18 , 0
183.367 , 154.369 , 0
183.591 , 154.558 , 0
183.816 , 154.746 , 0
184.04 , 154.935 , 0
184.264 , 155.124 , 0
184.489 , 155.313 , 0
184.713 , 155.502 , 0
184.937 , 155.691 , 0
185.162 , 155.88 , 0
185.386 , 156.069 , 0
185.61 , 156.258 , 0
185.835 , 156.447 , 0
186.059 , 156.636 , 0
186.283 , 156.825 , 0
186.507 , 157.014 , 0
186.732 , 157.202 , 0
186.956 , 157.391 , 0
187.18 , 157.58 , 0
187.405 , 157.769 , 0
187.629 , 157.958 , 0
187.853 , 158.147 , 0
188.078 , 158.336 , 0
188.302 , 158.525 , 0
188.526 , 158.714 , 0
188.751 , 158.903 , 0
188.975 , 159.092 , 0
189.199 , 159.281 , 0
189.424 , 159.469 , 0
189.648 , 159.658 , 0
189.872 , 159.847 , 0
190.097 , 160.036 , 0
190.321 , 160.225 , 0
190.545 , 160.414 , 0
190.769 , 160.603 , 0
190.994 , 160.792 , 0
191.218 , 160.981 , 0
191.442 , 161.17 , 0
191.667 , 161.359 , 0
191.891 , 161.548 , 0
192.115 , 161.736 , 0
192.34 , 161.925 , 0
192.564 , 162.114 , 0
192.788 , 162.303 , 0
193.013 , 162.492 , 0
193.237 , 162.681 , 0
193.461 , 162.87 , 0
193.686 , 163.059 , 0
193.91 , 163.248 , 0
194.134 , 163.437 , 0
194.359 , 163.626 , 0
194.583 , 163.815 , 0
194.807 , 164.003 , 0
195.031 , 164.192 , 0
195.256 , 164.381 , 0
195.48 , 164.57 , 0
195.704 , 164.759 , 0
195.929 , 164.948 , 0
196.153 , 165.137 , 0
196.377 , 165.326 , 0
196.602 , 165.515 , 0
196.826 , 165.704 , 0
197.05 , 165.893 , 0
197.275 , 166.082 , 0
197.499 , 166.27 , 0
197.723 , 166.459 , 0
197.948 , 166.648 , 0
198.172 , 166.837 , 0
198.396 , 167.026 , 0
198.621 , 167.215 , 0
198.845 , 167.404 , 0
199.069 , 167.593 , 0
199.293 , 167.782 , 0
199.518 , 167.971 , 0
199.742 , 168.16 , 0
199.966 , 168.349 , 0
200.191 , 168.537 , 0
200.415 , 168.726 , 0
200.639 , 168.915 , 0
200.864 , 169.104 , 0
201.088 , 169.293 , 0
201.312 , 169.482 , 0
201.537 , 169.671 , 0
201.761 , 169.86 , 0
201.985 , 170.049 , 0
202.21 , 170.238 , 0
202.434 , 170.427 , 0
202.658 , 170.616 , 0
202.882 , 170.804 , 0
203.107 , 170.993 , 0
203.331 , 171.182 , 0
203.555 , 171.371 , 0
203.78 , 171.56 , 0
204.004 , 171.749 , 0
204.228 , 171.938 , 0
204.453 , 172.127 , 0
204.677 , 172.316 , 0
204.901 , 172.505 , 0
205.126 , 172.694 , 0
205.35 , 172.883 , 0
205.574 , 173.071 , 0
205.799 , 173.26 , 0
206.023 , 173.449 , 0
206.247 , 173.638 , 0
206.472 , 173.827 , 0
206.696 , 174.016 , 0
206.92 , 174.205 , 0
207.144 , 174.394 , 0
207.369 , 174.583 , 0
207.593 , 174.772 , 0
207.817 , 174.961 , 0
208.042 , 175.15 , 0
208.266 , 175.338 , 0
208.49 , 175.527 , 0
208.715 , 175.716 , 0
208.939 , 175.905 , 0
209.163 , 176.094 , 0
209.388 , 176.283 , 0
209.612 , 176.472 , 0
209.836 , 176.661 , 0
210.061 , 176.85 , 0
210.285 , 177.039 , 0
210.509 , 177.228 , 0
210.733 , 177.417 , 0
210.958 , 177.605 , 0
211.182 , 177.794 , 0
211.406 , 177.983 , 0
211.631 , 178.172 , 0
211.855 , 178.361 , 0
212.079 , 178.55 , 0
212.304 , 178.739 , 0
212.528 , 178.928 , 0
212.752 , 179.117 , 0
212.977 , 179.306 , 0
213.201 , 179.495 , 0
213.425 , 179.683 , 0
213.65 , 179.872 , 0
213.874 , 180.061 , 0
214.098 , 180.25 , 0
214.323 , 180.439 , 0
214.547 , 180.628 , 0
214.771 , 180.817 , 0
214.995 , 181.006 , 0
215.22 , 181.195 , 0
215.444 , 181.384 , 0
215.668 , 181.573 , 0
215.893 , 181.762 , 0
216.117 , 181.95 , 0
216.341 , 182.139 , 0
216.566 , 182.328 , 0
216.79 , 182.517 , 0
217.014 , 182.706 , 0
217.239 , 182.895 , 0
217.463 , 183.084 , 0
217.687 , 183.273 , 0
217.912 , 183.462 , 0
218.136 , 183.651 , 0
218.36 , 183.84 , 0
218.584 , 184.029 , 0
218.809 , 184.217 , 0
219.033 , 184.406 , 0
219.257 , 184.595 , 0
219.482 , 184.784 , 0
219.706 , 184.973 , 0
219.93 , 185.162 , 0
220.155 , 185.351 , 0
220.379 , 185.54 , 0
220.603 , 185.729 , 0
220.828 , 185.918 , 0
221.052 , 186.107 , 0
221.276 , 186.296 , 0
221.501 , 186.484 , 0
221.725 , 186.673 , 0
221.949 , 186.862 , 0
222.173 , 187.051 , 0
222.398 , 187.24 , 0
222.622 , 187.429 , 0
222.846 , 187.618 , 0
223.071 , 187.807 , 0
223.295 , 187.996 , 0
223.519 , 188.185 , 0
223.744 , 188.374 , 0
223.968 , 188.562 , 0
224.192 , 188.751 , 0
224.417 , 188.94 , 0
224.641 , 189.129 , 0
224.865 , 189.318 , 0
225.09 , 189.507 , 0
225.314 , 189.696 , 0
225.538 , 189.885 , 0
225.762 , 190.074 , 0
225.987 , 190.263 , 0
226.211 , 190.452 , 0
226.435 , 190.641 , 0
226.66 , 190.829 , 0
226.884 , 191.018 , 0
227.108 , 191.207 , 0
227.333 , 191.396 , 0
227.557 , 191.585 , 0
227.781 , 191.774 , 0
228.006 , 191.963 , 0
228.23 , 192.152 , 0
228.454 , 192.341 , 0
228.679 , 192.53 , 0
228.903 , 192.719 , 0
229.127 , 192.908 , 0
229.351 , 193.096 , 0
229.576 , 193.285 , 0
229.8 , 193.474 , 0
230.024 , 193.663 , 0
230.249 , 193.852 , 0
230.473 , 194.041 , 0
230.697 , 194.23 , 0
230.922 , 194.419 , 0
231.146 , 194.608 , 0
231.37 , 194.797 , 0
231.595 , 194.986 , 0
231.819 , 195.174 , 0
232.043 , 195.363 , 0
232.267 , 195.552 , 0
232.492 , 195.741 , 0
232.716 , 195.93 , 0
232.94 , 196.119 , 0
233.165 , 196.308 , 0
233.389 , 196.497 , 0
233.613 , 196.686 , 0
233.838 , 196.875 , 0
234.062 , 197.064 , 0
234.286 , 197.253 , 0
234.511 , 197.441 , 0
234.735 , 197.63 , 0
234.959 , 197.819 , 0
235.184 , 198.008 , 0
235.408 , 198.197 , 0
235.632 , 198.386 , 0
235.856 , 198.575 , 0
236.081 , 198.764 , 0
236.305 , 198.953 , 0
236.529 , 199.142 , 0
236.754 , 199.331 , 0
236.978 , 199.519 , 0
237.202 , 199.708 , 0
237.427 , 199.897 , 0
237.651 , 200.086 , 0
237.875 , 200.275 , 0
238.1 , 200.464 , 0
238.324 , 200.653 , 0
238.548 , 200.842 , 0
238.773 , 201.031 , 0
238.997 , 201.22 , 0
239.221 , 201.409 , 0
239.445 , 201.598 , 0
239.67 , 201.786 , 0
239.894 , 201.975 , 0
240.118 , 202.164 , 0
240.343 , 202.353 , 0
240.567 , 202.542 , 0
240.791 , 202.731 , 0
241.016 , 202.92 , 0
241.24 , 203.109 , 0
241.464 , 203.298 , 0
241.689 , 203.487 , 0
241.913 , 203.676 , 0
242.137 , 203.865 , 0
242.362 , 204.053 , 0
242.586 , 204.242 , 0
242.81 , 204.431 , 0
243.034 , 204.62 , 0
243.259 , 204.809 , 0
243.483 , 204.998 , 0
243.707 , 205.187 , 0
243.932 , 205.376 , 0
244.156 , 205.565 , 0
244.38 , 205.754 , 0
244.605 , 205.943 , 0
244.829 , 206.131 , 0
245.053 , 206.32 , 0
245.278 , 206.509 , 0
245.502 , 206.698 , 0
245.726 , 206.887 , 0
245.95 , 207.076 , 0
246.175 , 207.265 , 0
246.399 , 207.454 , 0
246.623 , 207.643 , 0
246.848 , 207.832 , 0
247.072 , 208.021 , 0
247.296 , 208.209 , 0
247.521 , 208.398 , 0
247.745 , 208.587 , 0
247.969 , 208.776 , 0
248.194 , 208.965 , 0
248.418 , 209.154 , 0
248.642 , 209.343 , 0
248.867 , 209.532 , 0
249.091 , 209.721 , 0
249.315 , 209.91 , 0
249.539 , 210.099 , 0
249.764 , 210.288 , 0
249.988 , 210.476 , 0
250.212 , 210.665 , 0
250.437 , 210.854 , 0
250.661 , 211.043 , 0
250.885 , 211.232 , 0
251.11 , 211.421 , 0
251.334 , 211.61 , 0
251.558 , 211.799 , 0
251.783 , 211.988 , 0
252.007 , 212.177 , 0
252.231 , 212.366 , 0
252.455 , 212.554 , 0
252.68 , 212.743 , 0
252.904 , 212.932 , 0
253.128 , 213.121 , 0
253.353 , 213.31 , 0
253.577 , 213.499 , 0
253.801 , 213.688 , 0
254.026 , 213.877 , 0
254.25 , 214.066 , 0
254.474 , 214.255 , 0
254.699 , 214.444 , 0
254.923 , 214.633 , 0
255.147 , 214.821 , 0
255.372 , 215.01 , 0
255.596 , 215.199 , 0
255.82 , 215.388 , 0
256.044 , 215.577 , 0
256.269 , 215.766 , 0
256.493 , 215.955 , 0
256.717 , 216.144 , 0
256.942 , 216.333 , 0
257.166 , 216.522 , 0
257.39 , 216.711 , 0
257.615 , 216.899 , 0
257.839 , 217.088 , 0
258.063 , 217.277 , 0
258.288 , 217.466 , 0
258.512 , 217.655 , 0
258.736 , 217.844 , 0
258.96 , 218.033 , 0
259.185 , 218.222 , 0
259.409 , 218.411 , 0
259.633 , 218.6 , 0
259.858 , 218.789 , 0
260.082 , 218.978 , 0
260.306 , 219.166 , 0
260.531 , 219.355 , 0
260.755 , 219.544 , 0
260.979 , 219.733 , 0
261.204 , 219.922 , 0
261.428 , 220.111 , 0
261.652 , 220.3 , 0
261.876 , 220.489 , 0
262.101 , 220.678 , 0
262.325 , 220.867 , 0
262.549 , 221.056 , 0
262.774 , 221.244 , 0
262.998 , 221.433 , 0
263.222 , 221.622 , 0
263.447 , 221.811 , 0
263.671 , 222 , 0
263.895 , 222.189 , 0
264.12 , 222.378 , 0
264.344 , 222.567 , 0
264.568 , 222.756 , 0
264.793 , 222.945 , 0
265.017 , 223.134 , 0
265.241 , 223.322 , 0
265.465 , 223.511 , 0
265.69 , 223.7 , 0
265.914 , 223.889 , 0
266.138 , 224.078 , 0
266.363 , 224.267 , 0
266.587 , 224.456 , 0
266.811 , 224.645 , 0
267.036 , 224.834 , 0
267.26 , 225.023 , 0
267.484 , 225.212 , 0
267.709 , 225.401 , 0
267.933 , 225.589 , 0
268.157 , 225.778 , 0
268.381 , 225.967 , 0
268.606 , 226.156 , 0
268.83 , 226.345 , 0
269.054 , 226.534 , 0
269.279 , 226.723 , 0
269.503 , 226.912 , 0
269.727 , 227.101 , 0
269.952 , 227.29 , 0
270.176 , 227.479 , 0
270.4 , 227.667 , 0
270.625 , 227.856 , 0
270.849 , 228.045 , 0
271.073 , 228.234 , 0
271.297 , 228.423 , 0
271.522 , 228.612 , 0
271.746 , 228.801 , 0
271.97 , 228.99 , 0
272.195 , 229.179 , 0
272.419 , 229.368 , 0
272.643 , 229.557 , 0
272.868 , 229.745 , 0
273.092 , 229.934 , 0
273.316 , 230.123 , 0
273.541 , 230.312 , 0
273.765 , 230.501 , 0
273.989 , 230.69 , 0
274.213 , 230.879 , 0
274.438 , 231.068 , 0
274.662 , 231.257 , 0
274.886 , 231.446 , 0
275.111 , 231.635 , 0
275.335 , 231.823 , 0
275.559 , 232.012 , 0
275.784 , 232.201 , 0
276.008 , 232.39 , 0
276.232 , 232.579 , 0
276.457 , 232.768 , 0
276.681 , 232.957 , 0
276.905 , 233.146 , 0
277.129 , 233.335 , 0
277.354 , 233.524 , 0
277.578 , 233.713 , 0
277.802 , 233.902 , 0
278.027 , 234.09 , 0
278.251 , 234.279 , 0
278.475 , 234.468 , 0
278.7 , 234.657 , 0
278.924 , 234.846 , 0
279.148 , 235.035 , 0
279.373 , 235.224 , 0
279.597 , 235.413 , 0
279.821 , 235.602 , 0
280.046 , 235.791 , 0
280.27 , 235.98 , 0
280.494 , 236.168 , 0
280.718 , 236.357 , 0
280.943 , 236.546 , 0
281.167 , 236.735 , 0
281.391 , 236.924 , 0
281.616 , 237.113 , 0
281.84 , 237.302 , 0
282.064 , 237.491 , 0
282.289 , 237.68 , 0
282.513 , 237.869 , 0
282.737 , 238.058 , 0
282.962 , 238.246 , 0
283.186 , 238.435 , 0
283.41 , 238.624 , 0
283.634 , 238.813 , 0
283.859 , 239.002 , 0
284.083 , 239.191 , 0
284.307 , 239.38 , 0
284.532 , 239.569 , 0
284.756 , 239.758 , 0
284.98 , 239.947 , 0
285.205 , 240.136 , 0
285.429 , 240.324 , 0
285.653 , 240.513 , 0
285.878 , 240.702 , 0
286.102 , 240.891 , 0
286.326 , 241.08 , 0
286.55 , 241.269 , 0
286.775 , 241.458 , 0
286.999 , 241.647 , 0
287.223 , 241.836 , 0
287.448 , 242.025 , 0
287.672 , 242.214 , 0
287.896 , 242.403 , 0
288.121 , 242.591 , 0
288.345 , 242.78 , 0
288.569 , 242.969 , 0
288.794 , 243.158 , 0
289.018 , 243.347 , 0
289.242 , 243.536 , 0
289.466 , 243.725 , 0
289.691 , 243.914 , 0
289.915 , 244.103 , 0
290.139 , 244.292 , 0
290.364 , 244.481 , 0
290.588 , 244.669 , 0
290.812 , 244.858 , 0
291.037 , 245.047 , 0
291.261 , 245.236 , 0
291.485 , 245.425 , 0
291.71 , 245.614 , 0
291.934 , 245.803 , 0
292.158 , 245.992 , 0
292.382 , 246.181 , 0
292.607 , 246.37 , 0
292.831 , 246.559 , 0
293.055 , 246.747 , 0
293.28 , 246.936 , 0
293.504 , 247.125 , 0
293.728 , 247.314 , 0
293.953 , 247.503 , 0
294.177 , 247.692 , 0
294.401 , 247.881 , 0
294.626 , 248.07 , 0
294.85 , 248.259 , 0
295.074 , 248.448 , 0
295.298 , 248.637 , 0
295.523 , 248.825 , 0
295.747 , 249.014 , 0
295.971 , 249.203 , 0
296.196 , 249.392 , 0
296.42 , 249.581 , 0
296.644 , 249.77 , 0
296.869 , 249.959 , 0
297.093 , 250.148 , 0
297.317 , 250.337 , 0
297.542 , 250.526 , 0
297.766 , 250.715 , 0
297.99 , 250.903 , 0
298.214 , 251.092 , 0
298.439 , 251.281 , 0
298.663 , 251.47 , 0
298.887 , 251.659 , 0
299.112 , 251.848 , 0
299.336 , 252.037 , 0
299.56 , 252.226 , 0
299.785 , 252.415 , 0
300.009 , 252.604 , 0
300.233 , 252.793 , 0
300.458 , 252.981 , 0
300.682 , 253.17 , 0
300.906 , 253.359 , 0
301.13 , 253.548 , 0
301.355 , 253.737 , 0
301.579 , 253.926 , 0
301.803 , 254.115 , 0
302.028 , 254.304 , 0
302.252 , 254.493 , 0
302.476 , 254.682 , 0
302.701 , 254.871 , 0
302.925 , 255.059 , 0
303.149 , 255.248 , 0
303.374 , 255.437 , 0
303.598 , 255.626 , 0
303.822 , 255.815 , 0
304.046 , 256.004 , 0
304.271 , 256.193 , 0
304.495 , 256.382 , 0
304.719 , 256.571 , 0
304.944 , 256.76 , 0
305.168 , 256.949 , 0
305.392 , 257.137 , 0
305.617 , 257.326 , 0
305.841 , 257.515 , 0
306.065 , 257.704 , 0
306.289 , 257.893 , 0
306.514 , 258.082 , 0
306.738 , 258.271 , 0
306.962 , 258.46 , 0
307.187 , 258.649 , 0
307.411 , 258.838 , 0
307.635 , 259.027 , 0
307.86 , 259.216 , 0
308.084 , 259.404 , 0
308.308 , 259.593 , 0
308.533 , 259.782 , 0
308.757 , 259.971 , 0
308.981 , 260.16 , 0
309.205 , 260.349 , 0
309.43 , 260.538 , 0
309.654 , 260.727 , 0
309.878 , 260.916 , 0
310.103 , 261.105 , 0
310.327 , 261.294 , 0
310.551 , 261.482 , 0
310.776 , 261.671 , 0
311 , 261.86 , 0
311.224 , 262.049 , 0
311.449 , 262.238 , 0
311.673 , 262.427 , 0
311.897 , 262.616 , 0
312.121 , 262.805 , 0
312.346 , 262.994 , 0
312.57 , 263.183 , 0
312.794 , 263.372 , 0
313.019 , 263.56 , 0
313.243 , 263.749 , 0
313.467 , 263.938 , 0
313.692 , 264.127 , 0
313.916 , 264.316 , 0
314.14 , 264.505 , 0
314.365 , 264.694 , 0
314.589 , 264.883 , 0
314.813 , 265.072 , 0
315.037 , 265.261 , 0
315.262 , 265.45 , 0
315.486 , 265.638 , 0
315.71 , 265.827 , 0
315.935 , 266.016 , 0
316.159 , 266.205 , 0
316.383 , 266.394 , 0
316.608 , 266.583 , 0
316.832 , 266.772 , 0
317.056 , 266.961 , 0
317.281 , 267.15 , 0
317.505 , 267.339 , 0
317.729 , 267.528 , 0
317.953 , 267.716 , 0
318.178 , 267.905 , 0
318.402 , 268.094 , 0
318.626 , 268.283 , 0
318.851 , 268.472 , 0
319.075 , 268.661 , 0
319.299 , 268.85 , 0
319.524 , 269.039 , 0
319.748 , 269.228 , 0
319.972 , 269.417 , 0
320.197 , 269.606 , 0
320.421 , 269.794 , 0
320.645 , 269.983 , 0
320.869 , 270.172 , 0
321.094 , 270.361 , 0
321.318 , 270.55 , 0
321.542 , 270.739 , 0
321.767 , 270.928 , 0
321.991 , 271.117 , 0
322.215 , 271.306 , 0
322.44 , 271.495 , 0
322.664 , 271.684 , 0
322.888 , 271.872 , 0
323.112 , 272.061 , 0
323.337 , 272.25 , 0
323.561 , 272.439 , 0
323.785 , 272.628 , 0
324.01 , 272.817 , 0
324.234 , 273.006 , 0
324.458 , 273.195 , 0
324.683 , 273.384 , 0
324.907 , 273.573 , 0
325.131 , 273.762 , 0
325.356 , 273.95 , 0
325.58 , 274.139 , 0
325.804 , 274.328 , 0
326.028 , 274.517 , 0
326.253 , 274.706 , 0
326.477 , 274.895 , 0
326.701 , 275.084 , 0
326.926 , 275.273 , 0
327.15 , 275.462 , 0
327.374 , 275.651 , 0
327.599 , 275.84 , 0
327.823 , 276.028 , 0
328.047 , 276.217 , 0
328.272 , 276.406 , 0
328.496 , 276.595 , 0
328.72 , 276.784 , 0
328.944 , 276.973 , 0
329.169 , 277.162 , 0
329.393 , 277.351 , 0
329.617 , 277.54 , 0
329.842 , 277.729 , 0
330.066 , 277.918 , 0
330.29 , 278.106 , 0
330.515 , 278.295 , 0
330.739 , 278.484 , 0
330.963 , 278.673 , 0
331.187 , 278.862 , 0
331.412 , 279.051 , 0
331.636 , 279.24 , 0
331.86 , 279.429 , 0
332.085 , 279.618 , 0
332.309 , 279.807 , 0
332.533 , 279.996 , 0
332.758 , 280.184 , 0
332.982 , 280.373 , 0
333.206 , 280.562 , 0
333.431 , 280.751 , 0
333.655 , 280.94 , 0
333.879 , 281.129 , 0
334.103 , 281.318 , 0
334.328 , 281.507 , 0
334.552 , 281.696 , 0
334.776 , 281.885 , 0
335.001 , 282.074 , 0
335.225 , 282.262 , 0
335.449 , 282.451 , 0
335.674 , 282.64 , 0
335.898 , 282.829 , 0
336.122 , 283.018 , 0
336.347 , 283.207 , 0
336.571 , 283.396 , 0
336.795 , 283.585 , 0
337.019 , 283.774 , 0
337.244 , 283.963 , 0
337.468 , 284.152 , 0
337.692 , 284.34 , 0
337.917 , 284.529 , 0
338.141 , 284.718 , 0
338.365 , 284.907 , 0
338.59 , 285.096 , 0
338.814 , 285.285 , 0
339.038 , 285.474 , 0
339.263 , 285.663 , 0
339.487 , 285.852 , 0
339.711 , 286.041 , 0
339.935 , 286.229 , 0
340.16 , 286.418 , 0
340.384 , 286.607 , 0
340.608 , 286.796 , 0
340.833 , 286.985 , 0
341.057 , 287.174 , 0
341.281 , 287.363 , 0
341.506 , 287.552 , 0
341.73 , 287.741 , 0
341.954 , 287.93 , 0
342.178 , 288.119 , 0
342.403 , 288.307 , 0
342.627 , 288.496 , 0
342.851 , 288.685 , 0
