x , y , z
5.2 , 0 , 0
5.19996 , 0.0150929 , 0
5.19987 , 0.0301857 , 0
5.19974 , 0.0452782 , 0
5.19956 , 0.0603703 , 0
5.19935 , 0.075462 , 0
5.19908 , 0.0905529 , 0
5.19878 , 0.105643 , 0
5.19843 , 0.120733 , 0
5.19804 , 0.135821 , 0
5.1976 , 0.150908 , 0
5.19712 , 0.165994 , 0
5.1966 , 0.181079 , 0
5.19603 , 0.196162 , 0
5.19542 , 0.211243 , 0
5.19477 , 0.226323 , 0
5.19407 , 0.2414 , 0
5.19333 , 0.256476 , 0
5.19255 , 0.27155 , 0
5.19172 , 0.286621 , 0
5.19085 , 0.30169 , 0
5.18993 , 0.316756 , 0
5.18897 , 0.33182 , 0
5.18797 , 0.346881 , 0
5.18693 , 0.361939 , 0
5.18584 , 0.376993 , 0
5.1847 , 0.392045 , 0
5.18353 , 0.407094 , 0
5.18231 , 0.422139 , 0
5.18104 , 0.43718 , 0
5.17974 , 0.452218 , 0
5.17839 , 0.467252 , 0
5.177 , 0.482282 , 0
5.17556 , 0.497309 , 0
5.17408 , 0.512331 , 0
5.17255 , 0.527348 , 0
5.17099 , 0.542361 , 0
5.16938 , 0.55737 , 0
5.16772 , 0.572374 , 0
5.16603 , 0.587373 , 0
5.16429 , 0.602368 , 0
5.1625 , 0.617357 , 0
5.16068 , 0.632341 , 0
5.15881 , 0.64732 , 0
5.15689 , 0.662293 , 0
5.15494 , 0.677261 , 0
5.15294 , 0.692223 , 0
5.15089 , 0.707179 , 0
5.14881 , 0.722129 , 0
5.14668 , 0.737074 , 0
5.1445 , 0.752012 , 0
5.14229 , 0.766944 , 0
5.14003 , 0.781869 , 0
5.13773 , 0.796788 , 0
5.13538 , 0.8117 , 0
5.13299 , 0.826605 , 0
5.13056 , 0.841503 , 0
5.12809 , 0.856395 , 0
5.12557 , 0.871279 , 0
5.12301 , 0.886156 , 0
5.12041 , 0.901025 , 0
5.11776 , 0.915887 , 0
5.11507 , 0.930741 , 0
5.11234 , 0.945587 , 0
5.10956 , 0.960426 , 0
5.10674 , 0.975256 , 0
5.10388 , 0.990078 , 0
5.10098 , 1.00489 , 0
5.09803 , 1.0197 , 0
5.09504 , 1.03449 , 0
5.09201 , 1.04928 , 0
5.08894 , 1.06406 , 0
5.08582 , 1.07883 , 0
5.08266 , 1.09359 , 0
5.07946 , 1.10835 , 0
5.07621 , 1.12309 , 0
5.07292 , 1.13782 , 0
5.06959 , 1.15255 , 0
5.06622 , 1.16726 , 0
5.06281 , 1.18197 , 0
5.05935 , 1.19666 , 0
5.05585 , 1.21134 , 0
5.0523 , 1.22602 , 0
5.04872 , 1.24068 , 0
5.04509 , 1.25534 , 0
5.04142 , 1.26998 , 0
5.03771 , 1.28461 , 0
5.03396 , 1.29923 , 0
5.03016 , 1.31385 , 0
5.02632 , 1.32845 , 0
5.02244 , 1.34303 , 0
5.01852 , 1.35761 , 0
5.01455 , 1.37218 , 0
5.01054 , 1.38673 , 0
5.00649 , 1.40127 , 0
5.0024 , 1.41581 , 0
4.99827 , 1.43033 , 0
4.9941 , 1.44483 , 0
4.98988 , 1.45933 , 0
4.98562 , 1.47381 , 0
4.98132 , 1.48828 , 0
4.97698 , 1.50274 , 0
4.97259 , 1.51718 , 0
4.96817 , 1.53162 , 0
4.9637 , 1.54604 , 0
4.95919 , 1.56044 , 0
4.95464 , 1.57484 , 0
4.95004 , 1.58922 , 0
4.94541 , 1.60359 , 0
4.94074 , 1.61794 , 0
4.93602 , 1.63228 , 0
4.93126 , 1.64661 , 0
4.92646 , 1.66092 , 0
4.92162 , 1.67522 , 0
4.91674 , 1.6895 , 0
4.91181 , 1.70377 , 0
4.90685 , 1.71803 , 0
4.90184 , 1.73227 , 0
4.89679 , 1.7465 , 0
4.89171 , 1.76071 , 0
4.88658 , 1.77491 , 0
4.88141 , 1.78909 , 0
4.8762 , 1.80326 , 0
4.87094 , 1.81741 , 0
4.86565 , 1.83155 , 0
4.86032 , 1.84567 , 0
4.85494 , 1.85978 , 0
4.84953 , 1.87387 , 0
4.84407 , 1.88795 , 0
4.83857 , 1.90201 , 0
4.83304 , 1.91605 , 0
4.82746 , 1.93008 , 0
4.82184 , 1.94409 , 0
4.81618 , 1.95808 , 0
4.81048 , 1.97206 , 0
4.80474 , 1.98602 , 0
4.79896 , 1.99997 , 0
4.79314 , 2.0139 , 0
4.78728 , 2.02781 , 0
4.78138 , 2.0417 , 0
4.77544 , 2.05558 , 0
4.76946 , 2.06944 , 0
4.76344 , 2.08329 , 0
4.75738 , 2.09711 , 0
4.75128 , 2.11092 , 0
4.74514 , 2.12471 , 0
4.73896 , 2.13848 , 0
4.73274 , 2.15224 , 0
4.72648 , 2.16597 , 0
4.72018 , 2.17969 , 0
4.71384 , 2.19339 , 0
4.70747 , 2.20707 , 0
4.70105 , 2.22074 , 0
4.69459 , 2.23438 , 0
4.68809 , 2.24801 , 0
4.68156 , 2.26161 , 0
4.67498 , 2.2752 , 0
4.66837 , 2.28877 , 0
4.66172 , 2.30232 , 0
4.65502 , 2.31585 , 0
4.64829 , 2.32936 , 0
4.64152 , 2.34285 , 0
4.63471 , 2.35632 , 0
4.62786 , 2.36978 , 0
4.62097 , 2.38321 , 0
4.61405 , 2.39662 , 0
4.60708 , 2.41001 , 0
4.60008 , 2.42338 , 0
4.59304 , 2.43674 , 0
4.58596 , 2.45007 , 0
4.57884 , 2.46338 , 0
4.57168 , 2.47667 , 0
4.56449 , 2.48994 , 0
4.55725 , 2.50318 , 0
4.54998 , 2.51641 , 0
4.54267 , 2.52962 , 0
4.53532 , 2.5428 , 0
4.52793 , 2.55597 , 0
4.52051 , 2.56911 , 0
4.51305 , 2.58223 , 0
4.50555 , 2.59533 , 0
4.49801 , 2.6084 , 0
4.49043 , 2.62146 , 0
4.48282 , 2.63449 , 0
4.47517 , 2.6475 , 0
4.46748 , 2.66049 , 0
4.45975 , 2.67346 , 0
4.45199 , 2.6864 , 0
4.44419 , 2.69932 , 0
4.43635 , 2.71222 , 0
4.42848 , 2.7251 , 0
4.42057 , 2.73795 , 0
4.41262 , 2.75078 , 0
4.40463 , 2.76359 , 0
4.39661 , 2.77638 , 0
4.38855 , 2.78914 , 0
4.38045 , 2.80187 , 0
4.37232 , 2.81459 , 0
4.36415 , 2.82728 , 0
4.35594 , 2.83995 , 0
4.3477 , 2.85259 , 0
4.33942 , 2.86521 , 0
4.3311 , 2.8778 , 0
4.32275 , 2.89037 , 0
4.31436 , 2.90292 , 0
4.30593 , 2.91544 , 0
4.29747 , 2.92794 , 0
4.28897 , 2.94041 , 0
4.28044 , 2.95286 , 0
4.27187 , 2.96529 , 0
4.26327 , 2.97769 , 0
4.25463 , 2.99006 , 0
4.24595 , 3.00241 , 0
4.23724 , 3.01473 , 0
4.22849 , 3.02703 , 0
4.21971 , 3.03931 , 0
4.21089 , 3.05155 , 0
4.20204 , 3.06378 , 0
4.19315 , 3.07597 , 0
4.18423 , 3.08814 , 0
4.17527 , 3.10029 , 0
4.16627 , 3.11241 , 0
4.15724 , 3.1245 , 0
4.14818 , 3.13657 , 0
4.13908 , 3.14861 , 0
4.12995 , 3.16062 , 0
4.12078 , 3.17261 , 0
4.11158 , 3.18457 , 0
4.10234 , 3.1965 , 0
4.09307 , 3.20841 , 0
4.08377 , 3.22029 , 0
4.07443 , 3.23214 , 0
4.06505 , 3.24397 , 0
4.05564 , 3.25577 , 0
4.0462 , 3.26754 , 0
4.03673 , 3.27929 , 0
4.02722 , 3.291 , 0
4.01767 , 3.30269 , 0
4.0081 , 3.31435 , 0
3.99849 , 3.32599 , 0
3.98884 , 3.33759 , 0
3.97917 , 3.34917 , 0
3.96945 , 3.36072 , 0
3.95971 , 3.37224 , 0
3.94993 , 3.38374 , 0
3.94012 , 3.3952 , 0
3.93028 , 3.40664 , 0
3.9204 , 3.41805 , 0
3.91049 , 3.42943 , 0
3.90055 , 3.44078 , 0
3.89058 , 3.4521 , 0
3.88057 , 3.4634 , 0
3.87053 , 3.47466 , 0
3.86046 , 3.4859 , 0
3.85035 , 3.4971 , 0
3.84022 , 3.50828 , 0
3.83005 , 3.51943 , 0
3.81985 , 3.53054 , 0
3.80962 , 3.54163 , 0
3.79935 , 3.55269 , 0
3.78905 , 3.56372 , 0
3.77873 , 3.57472 , 0
3.76837 , 3.58569 , 0
3.75797 , 3.59663 , 0
3.74755 , 3.60753 , 0
3.7371 , 3.61841 , 0
3.72661 , 3.62926 , 0
3.71609 , 3.64008 , 0
3.70555 , 3.65087 , 0
3.69497 , 3.66162 , 0
3.68436 , 3.67235 , 0
3.67372 , 3.68305 , 0
3.66304 , 3.69371 , 0
3.65234 , 3.70434 , 0
3.64161 , 3.71495 , 0
3.63084 , 3.72552 , 0
3.62005 , 3.73606 , 0
3.60923 , 3.74657 , 0
3.59837 , 3.75704 , 0
3.58749 , 3.76749 , 0
3.57657 , 3.77791 , 0
3.56563 , 3.78829 , 0
3.55465 , 3.79864 , 0
3.54365 , 3.80896 , 0
3.53262 , 3.81925 , 0
3.52155 , 3.8295 , 0
3.51046 , 3.83973 , 0
3.49934 , 3.84992 , 0
3.48819 , 3.86008 , 0
3.47701 , 3.8702 , 0
3.4658 , 3.8803 , 0
3.45456 , 3.89036 , 0
3.44329 , 3.90039 , 0
3.43199 , 3.91039 , 0
3.42067 , 3.92035 , 0
3.40931 , 3.93028 , 0
3.39793 , 3.94018 , 0
3.38652 , 3.95005 , 0
3.37508 , 3.95988 , 0
3.36361 , 3.96968 , 0
3.35212 , 3.97944 , 0
3.34059 , 3.98918 , 0
3.32904 , 3.99888 , 0
3.31746 , 4.00854 , 0
3.30586 , 4.01817 , 0
3.29422 , 4.02777 , 0
3.28256 , 4.03734 , 0
3.27087 , 4.04687 , 0
3.25915 , 4.05637 , 0
3.24741 , 4.06583 , 0
3.23564 , 4.07526 , 0
3.22384 , 4.08466 , 0
3.21201 , 4.09402 , 0
3.20016 , 4.10334 , 0
3.18828 , 4.11264 , 0
3.17637 , 4.12189 , 0
3.16444 , 4.13112 , 0
3.15248 , 4.14031 , 0
3.1405 , 4.14946 , 0
3.12848 , 4.15858 , 0
3.11645 , 4.16767 , 0
3.10438 , 4.17672 , 0
3.09229 , 4.18573 , 0
3.08018 , 4.19471 , 0
3.06803 , 4.20366 , 0
3.05587 , 4.21257 , 0
3.04367 , 4.22144 , 0
3.03146 , 4.23028 , 0
3.01921 , 4.23908 , 0
3.00694 , 4.24785 , 0
2.99465 , 4.25659 , 0
2.98233 , 4.26528 , 0
2.96999 , 4.27395 , 0
2.95762 , 4.28257 , 0
2.94522 , 4.29116 , 0
2.9328 , 4.29972 , 0
2.92036 , 4.30823 , 0
2.90789 , 4.31672 , 0
2.8954 , 4.32516 , 0
2.88289 , 4.33357 , 0
2.87035 , 4.34195 , 0
2.85778 , 4.35028 , 0
2.8452 , 4.35859 , 0
2.83258 , 4.36685 , 0
2.81995 , 4.37508 , 0
2.80729 , 4.38327 , 0
2.79461 , 4.39143 , 0
2.7819 , 4.39954 , 0
2.76917 , 4.40763 , 0
2.75642 , 4.41567 , 0
2.74365 , 4.42368 , 0
2.73085 , 4.43165 , 0
2.71803 , 4.43958 , 0
2.70519 , 4.44748 , 0
2.69232 , 4.45534 , 0
2.67943 , 4.46316 , 0
2.66652 , 4.47095 , 0
2.65359 , 4.47869 , 0
2.64063 , 4.4864 , 0
2.62765 , 4.49408 , 0
2.61465 , 4.50171 , 0
2.60163 , 4.50931 , 0
2.58859 , 4.51687 , 0
2.57553 , 4.52439 , 0
2.56244 , 4.53188 , 0
2.54933 , 4.53932 , 0
2.5362 , 4.54673 , 0
2.52305 , 4.5541 , 0
2.50988 , 4.56143 , 0
2.49669 , 4.56873 , 0
2.48348 , 4.57599 , 0
2.47024 , 4.5832 , 0
2.45699 , 4.59038 , 0
2.44371 , 4.59752 , 0
2.43042 , 4.60463 , 0
2.4171 , 4.61169 , 0
2.40377 , 4.61872 , 0
2.39041 , 4.62571 , 0
2.37704 , 4.63265 , 0
2.36364 , 4.63956 , 0
2.35022 , 4.64644 , 0
2.33679 , 4.65327 , 0
2.32334 , 4.66006 , 0
2.30986 , 4.66682 , 0
2.29637 , 4.67353 , 0
2.28286 , 4.68021 , 0
2.26932 , 4.68685 , 0
2.25577 , 4.69345 , 0
2.2422 , 4.70001 , 0
2.22862 , 4.70653 , 0
2.21501 , 4.71301 , 0
2.20139 , 4.71945 , 0
2.18774 , 4.72585 , 0
2.17408 , 4.73221 , 0
2.1604 , 4.73854 , 0
2.1467 , 4.74482 , 0
2.13299 , 4.75107 , 0
2.11925 , 4.75727 , 0
2.1055 , 4.76344 , 0
2.09173 , 4.76956 , 0
2.07795 , 4.77565 , 0
2.06414 , 4.78169 , 0
2.05032 , 4.7877 , 0
2.03649 , 4.79366 , 0
2.02263 , 4.79959 , 0
2.00876 , 4.80547 , 0
1.99487 , 4.81132 , 0
1.98096 , 4.81712 , 0
1.96704 , 4.82289 , 0
1.9531 , 4.82861 , 0
1.93915 , 4.8343 , 0
1.92518 , 4.83994 , 0
1.91119 , 4.84555 , 0
1.89719 , 4.85111 , 0
1.88317 , 4.85663 , 0
1.86914 , 4.86212 , 0
1.85509 , 4.86756 , 0
1.84102 , 4.87296 , 0
1.82694 , 4.87832 , 0
1.81285 , 4.88364 , 0
1.79874 , 4.88892 , 0
1.78461 , 4.89416 , 0
1.77047 , 4.89936 , 0
1.75631 , 4.90451 , 0
1.74214 , 4.90963 , 0
1.72796 , 4.9147 , 0
1.71376 , 4.91974 , 0
1.69955 , 4.92473 , 0
1.68532 , 4.92968 , 0
1.67108 , 4.93459 , 0
1.65682 , 4.93946 , 0
1.64255 , 4.94429 , 0
1.62827 , 4.94908 , 0
1.61397 , 4.95382 , 0
1.59966 , 4.95853 , 0
1.58534 , 4.96319 , 0
1.571 , 4.96782 , 0
1.55665 , 4.9724 , 0
1.54229 , 4.97694 , 0
1.52791 , 4.98143 , 0
1.51353 , 4.98589 , 0
1.49912 , 4.9903 , 0
1.48471 , 4.99468 , 0
1.47029 , 4.99901 , 0
1.45585 , 5.0033 , 0
1.4414 , 5.00755 , 0
1.42694 , 5.01175 , 0
1.41246 , 5.01592 , 0
1.39798 , 5.02004 , 0
1.38348 , 5.02412 , 0
1.36897 , 5.02816 , 0
1.35445 , 5.03216 , 0
1.33992 , 5.03611 , 0
1.32537 , 5.04003 , 0
1.31082 , 5.0439 , 0
1.29626 , 5.04773 , 0
1.28168 , 5.05152 , 0
1.26709 , 5.05526 , 0
1.2525 , 5.05896 , 0
1.23789 , 5.06263 , 0
1.22327 , 5.06624 , 0
1.20864 , 5.06982 , 0
1.19401 , 5.07336 , 0
1.17936 , 5.07685 , 0
1.1647 , 5.0803 , 0
1.15003 , 5.08371 , 0
1.13536 , 5.08707 , 0
1.12067 , 5.0904 , 0
1.10598 , 5.09368 , 0
1.09127 , 5.09691 , 0
1.07656 , 5.10011 , 0
1.06183 , 5.10326 , 0
1.0471 , 5.10637 , 0
1.03236 , 5.10944 , 0
1.01761 , 5.11247 , 0
1.00286 , 5.11545 , 0
0.98809 , 5.11839 , 0
0.973316 , 5.12129 , 0
0.958533 , 5.12415 , 0
0.943743 , 5.12696 , 0
0.928945 , 5.12973 , 0
0.91414 , 5.13246 , 0
0.899326 , 5.13514 , 0
0.884505 , 5.13779 , 0
0.869677 , 5.14039 , 0
0.854842 , 5.14294 , 0
0.839999 , 5.14546 , 0
0.82515 , 5.14793 , 0
0.810294 , 5.15036 , 0
0.795431 , 5.15274 , 0
0.780561 , 5.15508 , 0
0.765685 , 5.15738 , 0
0.750802 , 5.15964 , 0
0.735913 , 5.16185 , 0
0.721018 , 5.16402 , 0
0.706117 , 5.16615 , 0
0.691211 , 5.16824 , 0
0.676298 , 5.17028 , 0
0.66138 , 5.17228 , 0
0.646456 , 5.17424 , 0
0.631527 , 5.17615 , 0
0.616593 , 5.17802 , 0
0.601654 , 5.17985 , 0
0.586709 , 5.18163 , 0
0.57176 , 5.18337 , 0
0.556806 , 5.18507 , 0
0.541847 , 5.18672 , 0
0.526884 , 5.18833 , 0
0.511916 , 5.1899 , 0
0.496945 , 5.19143 , 0
0.481969 , 5.19291 , 0
0.466989 , 5.19435 , 0
0.452005 , 5.19575 , 0
0.437017 , 5.1971 , 0
0.422026 , 5.19841 , 0
0.407031 , 5.19967 , 0
0.392033 , 5.2009 , 0
0.377032 , 5.20208 , 0
0.362027 , 5.20321 , 0
0.34702 , 5.20431 , 0
0.332009 , 5.20536 , 0
0.316996 , 5.20636 , 0
0.30198 , 5.20733 , 0
0.286962 , 5.20825 , 0
0.271942 , 5.20913 , 0
0.256919 , 5.20996 , 0
0.241894 , 5.21075 , 0
0.226866 , 5.2115 , 0
0.211837 , 5.2122 , 0
0.196807 , 5.21286 , 0
0.181774 , 5.21348 , 0
0.166741 , 5.21405 , 0
0.151705 , 5.21458 , 0
0.136669 , 5.21507 , 0
0.121631 , 5.21552 , 0
0.106593 , 5.21592 , 0
0.091553 , 5.21628 , 0
0.0765127 , 5.21659 , 0
0.0614717 , 5.21686 , 0
0.0464303 , 5.21709 , 0
0.0313885 , 5.21727 , 0
0.0163464 , 5.21741 , 0
0.00130417 , 5.21751 , 0
-0.0137381 , 5.21757 , 0
-0.0287802 , 5.21758 , 0
-0.0438221 , 5.21755 , 0
-0.0588636 , 5.21747 , 0
-0.0739046 , 5.21735 , 0
-0.088945 , 5.21719 , 0
-0.103985 , 5.21699 , 0
-0.119024 , 5.21674 , 0
-0.134061 , 5.21644 , 0
-0.149098 , 5.21611 , 0
-0.164134 , 5.21573 , 0
-0.179168 , 5.21531 , 0
-0.1942 , 5.21485 , 0
-0.209231 , 5.21434 , 0
-0.224261 , 5.21379 , 0
-0.239288 , 5.21319 , 0
-0.254313 , 5.21255 , 0
-0.269337 , 5.21187 , 0
-0.284358 , 5.21115 , 0
-0.299377 , 5.21038 , 0
-0.314393 , 5.20957 , 0
-0.329407 , 5.20872 , 0
-0.344417 , 5.20782 , 0
-0.359425 , 5.20688 , 0
-0.374431 , 5.20589 , 0
-0.389433 , 5.20487 , 0
-0.404431 , 5.2038 , 0
-0.419427 , 5.20268 , 0
-0.434419 , 5.20153 , 0
-0.449407 , 5.20033 , 0
-0.464392 , 5.19909 , 0
-0.479372 , 5.1978 , 0
-0.494349 , 5.19647 , 0
-0.509322 , 5.1951 , 0
-0.52429 , 5.19369 , 0
-0.539254 , 5.19223 , 0
-0.554214 , 5.19073 , 0
-0.569169 , 5.18919 , 0
-0.584119 , 5.1876 , 0
-0.599065 , 5.18597 , 0
-0.614005 , 5.1843 , 0
-0.628941 , 5.18258 , 0
-0.643871 , 5.18082 , 0
-0.658796 , 5.17902 , 0
-0.673715 , 5.17718 , 0
-0.688629 , 5.17529 , 0
-0.703537 , 5.17336 , 0
-0.71844 , 5.17139 , 0
-0.733336 , 5.16937 , 0
-0.748226 , 5.16731 , 0
-0.76311 , 5.16521 , 0
-0.777988 , 5.16307 , 0
-0.792859 , 5.16088 , 0
-0.807724 , 5.15865 , 0
-0.822582 , 5.15638 , 0
-0.837434 , 5.15406 , 0
-0.852278 , 5.1517 , 0
-0.867115 , 5.1493 , 0
-0.881945 , 5.14686 , 0
-0.896768 , 5.14437 , 0
-0.911584 , 5.14185 , 0
-0.926391 , 5.13928 , 0
-0.941191 , 5.13666 , 0
-0.955984 , 5.13401 , 0
-0.970768 , 5.13131 , 0
-0.985545 , 5.12857 , 0
-1.00031 , 5.12578 , 0
-1.01507 , 5.12296 , 0
-1.02982 , 5.12009 , 0
-1.04457 , 5.11718 , 0
-1.0593 , 5.11423 , 0
-1.07403 , 5.11123 , 0
-1.08874 , 5.10819 , 0
-1.10345 , 5.10511 , 0
-1.11815 , 5.10199 , 0
-1.13284 , 5.09883 , 0
-1.14752 , 5.09562 , 0
-1.16219 , 5.09237 , 0
-1.17685 , 5.08908 , 0
-1.1915 , 5.08575 , 0
-1.20614 , 5.08237 , 0
-1.22078 , 5.07896 , 0
-1.2354 , 5.0755 , 0
-1.25001 , 5.072 , 0
-1.26461 , 5.06846 , 0
-1.2792 , 5.06487 , 0
-1.29378 , 5.06124 , 0
-1.30835 , 5.05758 , 0
-1.32291 , 5.05387 , 0
-1.33745 , 5.05011 , 0
-1.35199 , 5.04632 , 0
-1.36651 , 5.04248 , 0
-1.38103 , 5.03861 , 0
-1.39553 , 5.03469 , 0
-1.41002 , 5.03073 , 0
-1.4245 , 5.02673 , 0
-1.43897 , 5.02268 , 0
-1.45342 , 5.0186 , 0
-1.46787 , 5.01447 , 0
-1.4823 , 5.0103 , 0
-1.49672 , 5.00609 , 0
-1.51112 , 5.00184 , 0
-1.52552 , 4.99755 , 0
-1.5399 , 4.99322 , 0
-1.55427 , 4.98884 , 0
-1.56862 , 4.98443 , 0
-1.58297 , 4.97997 , 0
-1.5973 , 4.97547 , 0
-1.61161 , 4.97093 , 0
-1.62592 , 4.96635 , 0
-1.64021 , 4.96173 , 0
-1.65448 , 4.95707 , 0
-1.66874 , 4.95236 , 0
-1.68299 , 4.94762 , 0
-1.69723 , 4.94283 , 0
-1.71145 , 4.93801 , 0
-1.72566 , 4.93314 , 0
-1.73985 , 4.92823 , 0
-1.75403 , 4.92329 , 0
-1.76819 , 4.9183 , 0
-1.78234 , 4.91327 , 0
-1.79648 , 4.9082 , 0
-1.8106 , 4.90309 , 0
-1.8247 , 4.89794 , 0
-1.83879 , 4.89274 , 0
-1.85286 , 4.88751 , 0
-1.86692 , 4.88224 , 0
-1.88097 , 4.87693 , 0
-1.895 , 4.87157 , 0
-1.90901 , 4.86618 , 0
-1.923 , 4.86075 , 0
-1.93699 , 4.85528 , 0
-1.95095 , 4.84976 , 0
-1.9649 , 4.84421 , 0
-1.97883 , 4.83862 , 0
-1.99275 , 4.83298 , 0
-2.00665 , 4.82731 , 0
-2.02053 , 4.8216 , 0
-2.0344 , 4.81584 , 0
-2.04825 , 4.81005 , 0
-2.06208 , 4.80422 , 0
-2.0759 , 4.79835 , 0
-2.0897 , 4.79244 , 0
-2.10348 , 4.78648 , 0
-2.11724 , 4.78049 , 0
-2.13099 , 4.77446 , 0
-2.14472 , 4.7684 , 0
-2.15843 , 4.76229 , 0
-2.17212 , 4.75614 , 0
-2.1858 , 4.74995 , 0
-2.19946 , 4.74373 , 0
-2.2131 , 4.73746 , 0
-2.22672 , 4.73116 , 0
-2.24032 , 4.72481 , 0
-2.25391 , 4.71843 , 0
-2.26747 , 4.71201 , 0
-2.28102 , 4.70555 , 0
-2.29455 , 4.69905 , 0
-2.30806 , 4.69251 , 0
-2.32155 , 4.68594 , 0
-2.33502 , 4.67932 , 0
-2.34847 , 4.67267 , 0
-2.3619 , 4.66598 , 0
-2.37532 , 4.65925 , 0
-2.38871 , 4.65248 , 0
-2.40209 , 4.64567 , 0
-2.41544 , 4.63882 , 0
-2.42877 , 4.63194 , 0
-2.44209 , 4.62502 , 0
-2.45538 , 4.61806 , 0
-2.46866 , 4.61106 , 0
-2.48191 , 4.60402 , 0
-2.49514 , 4.59695 , 0
-2.50836 , 4.58984 , 0
-2.52155 , 4.58269 , 0
-2.53472 , 4.5755 , 0
-2.54787 , 4.56828 , 0
-2.561 , 4.56101 , 0
-2.57411 , 4.55371 , 0
-2.5872 , 4.54638 , 0
-2.60026 , 4.539 , 0
-2.61331 , 4.53159 , 0
-2.62633 , 4.52414 , 0
-2.63933 , 4.51665 , 0
-2.65231 , 4.50913 , 0
-2.66527 , 4.50156 , 0
-2.6782 , 4.49397 , 0
-2.69112 , 4.48633 , 0
-2.70401 , 4.47866 , 0
-2.71688 , 4.47095 , 0
-2.72972 , 4.4632 , 0
-2.74255 , 4.45542 , 0
-2.75535 , 4.4476 , 0
-2.76813 , 4.43974 , 0
-2.78089 , 4.43185 , 0
-2.79362 , 4.42392 , 0
-2.80633 , 4.41596 , 0
-2.81902 , 4.40795 , 0
-2.83168 , 4.39992 , 0
-2.84432 , 4.39184 , 0
-2.85694 , 4.38373 , 0
-2.86953 , 4.37558 , 0
-2.8821 , 4.3674 , 0
-2.89465 , 4.35918 , 0
-2.90717 , 4.35093 , 0
-2.91967 , 4.34264 , 0
-2.93215 , 4.33431 , 0
-2.9446 , 4.32595 , 0
-2.95702 , 4.31755 , 0
-2.96943 , 4.30912 , 0
-2.9818 , 4.30065 , 0
-2.99416 , 4.29215 , 0
-3.00649 , 4.28361 , 0
-3.01879 , 4.27504 , 0
-3.03107 , 4.26643 , 0
-3.04332 , 4.25778 , 0
-3.05555 , 4.2491 , 0
-3.06776 , 4.24039 , 0
-3.07994 , 4.23164 , 0
-3.09209 , 4.22286 , 0
-3.10422 , 4.21404 , 0
-3.11632 , 4.20518 , 0
-3.1284 , 4.1963 , 0
-3.14045 , 4.18737 , 0
-3.15247 , 4.17842 , 0
-3.16447 , 4.16943 , 0
-3.17645 , 4.1604 , 0
-3.18839 , 4.15134 , 0
-3.20031 , 4.14225 , 0
-3.21221 , 4.13312 , 0
-3.22408 , 4.12396 , 0
-3.23592 , 4.11476 , 0
-3.24773 , 4.10553 , 0
-3.25952 , 4.09627 , 0
-3.27129 , 4.08697 , 0
-3.28302 , 4.07764 , 0
-3.29473 , 4.06828 , 0
-3.30641 , 4.05888 , 0
-3.31806 , 4.04945 , 0
-3.32969 , 4.03998 , 0
-3.34129 , 4.03049 , 0
-3.35286 , 4.02096 , 0
-3.3644 , 4.01139 , 0
-3.37592 , 4.0018 , 0
-3.38741 , 3.99217 , 0
-3.39887 , 3.98251 , 0
-3.4103 , 3.97281 , 0
-3.42171 , 3.96308 , 0
-3.43309 , 3.95332 , 0
-3.44443 , 3.94353 , 0
-3.45575 , 3.93371 , 0
-3.46705 , 3.92385 , 0
-3.47831 , 3.91396 , 0
-3.48955 , 3.90404 , 0
-3.50075 , 3.89409 , 0
-3.51193 , 3.8841 , 0
-3.52308 , 3.87408 , 0
-3.5342 , 3.86403 , 0
-3.54529 , 3.85395 , 0
-3.55635 , 3.84384 , 0
-3.56738 , 3.8337 , 0
-3.57839 , 3.82352 , 0
-3.58936 , 3.81331 , 0
-3.6003 , 3.80308 , 0
-3.61122 , 3.79281 , 0
-3.62211 , 3.78251 , 0
-3.63296 , 3.77218 , 0
-3.64379 , 3.76181 , 0
-3.65458 , 3.75142 , 0
-3.66535 , 3.741 , 0
-3.67608 , 3.73054 , 0
-3.68679 , 3.72005 , 0
-3.69746 , 3.70954 , 0
-3.70811 , 3.69899 , 0
-3.71872 , 3.68842 , 0
-3.72931 , 3.67781 , 0
-3.73986 , 3.66717 , 0
-3.75038 , 3.6565 , 0
-3.76088 , 3.64581 , 0
-3.77134 , 3.63508 , 0
-3.78177 , 3.62432 , 0
-3.79217 , 3.61354 , 0
-3.80254 , 3.60272 , 0
-3.81287 , 3.59187 , 0
-3.82318 , 3.581 , 0
-3.83345 , 3.57009 , 0
-3.84369 , 3.55916 , 0
-3.85391 , 3.5482 , 0
-3.86409 , 3.5372 , 0
-3.87423 , 3.52618 , 0
-3.88435 , 3.51513 , 0
-3.89443 , 3.50405 , 0
-3.90449 , 3.49294 , 0
-3.91451 , 3.48181 , 0
-3.9245 , 3.47064 , 0
-3.93445 , 3.45945 , 0
-3.94438 , 3.44823 , 0
-3.95427 , 3.43698 , 0
-3.96413 , 3.4257 , 0
-3.97395 , 3.41439 , 0
-3.98375 , 3.40306 , 0
-3.99351 , 3.3917 , 0
-4.00324 , 3.38031 , 0
-4.01293 , 3.36889 , 0
-4.0226 , 3.35744 , 0
-4.03223 , 3.34597 , 0
-4.04182 , 3.33447 , 0
-4.05139 , 3.32294 , 0
-4.06092 , 3.31139 , 0
-4.07042 , 3.29981 , 0
-4.07988 , 3.2882 , 0
-4.08931 , 3.27656 , 0
-4.09871 , 3.2649 , 0
-4.10807 , 3.25321 , 0
-4.1174 , 3.24149 , 0
-4.1267 , 3.22975 , 0
-4.13596 , 3.21798 , 0
-4.14519 , 3.20619 , 0
-4.15438 , 3.19436 , 0
-4.16354 , 3.18252 , 0
-4.17267 , 3.17064 , 0
-4.18176 , 3.15874 , 0
-4.19082 , 3.14682 , 0
-4.19985 , 3.13486 , 0
-4.20883 , 3.12289 , 0
-4.21779 , 3.11088 , 0
-4.22671 , 3.09886 , 0
-4.2356 , 3.0868 , 0
-4.24445 , 3.07472 , 0
-4.25326 , 3.06262 , 0
-4.26204 , 3.05049 , 0
-4.27079 , 3.03834 , 0
-4.2795 , 3.02616 , 0
-4.28818 , 3.01395 , 0
-4.29682 , 3.00172 , 0
-4.30543 , 2.98947 , 0
-4.314 , 2.97719 , 0
-4.32253 , 2.96489 , 0
-4.33103 , 2.95257 , 0
-4.3395 , 2.94021 , 0
-4.34793 , 2.92784 , 0
-4.35632 , 2.91544 , 0
-4.36468 , 2.90302 , 0
-4.373 , 2.89057 , 0
-4.38129 , 2.8781 , 0
-4.38954 , 2.86561 , 0
-4.39775 , 2.85309 , 0
-4.40593 , 2.84055 , 0
-4.41408 , 2.82799 , 0
-4.42218 , 2.8154 , 0
-4.43025 , 2.80279 , 0
-4.43829 , 2.79016 , 0
-4.44628 , 2.77751 , 0
-4.45425 , 2.76483 , 0
-4.46217 , 2.75213 , 0
-4.47006 , 2.7394 , 0
-4.47791 , 2.72666 , 0
-4.48573 , 2.71389 , 0
-4.49351 , 2.7011 , 0
-4.50125 , 2.68829 , 0
-4.50895 , 2.67546 , 0
-4.51662 , 2.6626 , 0
-4.52425 , 2.64972 , 0
-4.53185 , 2.63682 , 0
-4.5394 , 2.6239 , 0
-4.54692 , 2.61096 , 0
-4.55441 , 2.59799 , 0
-4.56185 , 2.58501 , 0
-4.56926 , 2.572 , 0
-4.57663 , 2.55898 , 0
-4.58397 , 2.54593 , 0
-4.59126 , 2.53286 , 0
-4.59852 , 2.51977 , 0
-4.60574 , 2.50666 , 0
-4.61292 , 2.49353 , 0
-4.62007 , 2.48038 , 0
-4.62718 , 2.46721 , 0
-4.63425 , 2.45401 , 0
-4.64128 , 2.4408 , 0
-4.64827 , 2.42757 , 0
-4.65523 , 2.41432 , 0
-4.66215 , 2.40105 , 0
-4.66903 , 2.38776 , 0
-4.67587 , 2.37445 , 0
-4.68267 , 2.36112 , 0
-4.68944 , 2.34777 , 0
-4.69617 , 2.3344 , 0
-4.70285 , 2.32101 , 0
-4.7095 , 2.30761 , 0
-4.71612 , 2.29418 , 0
-4.72269 , 2.28074 , 0
-4.72922 , 2.26727 , 0
-4.73572 , 2.25379 , 0
-4.74218 , 2.24029 , 0
-4.7486 , 2.22678 , 0
-4.75498 , 2.21324 , 0
-4.76132 , 2.19969 , 0
-4.76762 , 2.18611 , 0
-4.77388 , 2.17252 , 0
-4.7801 , 2.15892 , 0
-4.78629 , 2.14529 , 0
-4.79244 , 2.13165 , 0
-4.79854 , 2.11799 , 0
-4.80461 , 2.10431 , 0
-4.81064 , 2.09062 , 0
-4.81663 , 2.0769 , 0
-4.82258 , 2.06317 , 0
-4.82849 , 2.04943 , 0
-4.83436 , 2.03567 , 0
-4.84019 , 2.02189 , 0
-4.84598 , 2.00809 , 0
-4.85173 , 1.99428 , 0
-4.85744 , 1.98045 , 0
-4.86312 , 1.96661 , 0
-4.86875 , 1.95275 , 0
-4.87434 , 1.93887 , 0
-4.8799 , 1.92498 , 0
-4.88541 , 1.91107 , 0
-4.89089 , 1.89715 , 0
-4.89632 , 1.88321 , 0
-4.90171 , 1.86925 , 0
-4.90707 , 1.85528 , 0
-4.91238 , 1.8413 , 0
-4.91765 , 1.8273 , 0
-4.92289 , 1.81328 , 0
-4.92808 , 1.79925 , 0
-4.93323 , 1.78521 , 0
-4.93835 , 1.77115 , 0
-4.94342 , 1.75708 , 0
-4.94845 , 1.74299 , 0
-4.95344 , 1.72889 , 0
-4.95839 , 1.71477 , 0
-4.96331 , 1.70064 , 0
-4.96818 , 1.6865 , 0
-4.97301 , 1.67234 , 0
-4.9778 , 1.65817 , 0
-4.98254 , 1.64398 , 0
-4.98725 , 1.62979 , 0
-4.99192 , 1.61558 , 0
-4.99655 , 1.60135 , 0
-5.00113 , 1.58711 , 0
-5.00568 , 1.57286 , 0
-5.01018 , 1.5586 , 0
-5.01464 , 1.54432 , 0
-5.01907 , 1.53003 , 0
-5.02345 , 1.51573 , 0
-5.02779 , 1.50142 , 0
-5.03209 , 1.48709 , 0
-5.03634 , 1.47275 , 0
-5.04056 , 1.4584 , 0
-5.04474 , 1.44404 , 0
-5.04887 , 1.42967 , 0
-5.05297 , 1.41528 , 0
-5.05702 , 1.40089 , 0
-5.06103 , 1.38648 , 0
-5.065 , 1.37206 , 0
-5.06893 , 1.35763 , 0
-5.07281 , 1.34318 , 0
-5.07666 , 1.32873 , 0
-5.08047 , 1.31427 , 0
-5.08423 , 1.29979 , 0
-5.08795 , 1.28531 , 0
-5.09163 , 1.27081 , 0
-5.09527 , 1.25631 , 0
-5.09886 , 1.24179 , 0
-5.10242 , 1.22726 , 0
-5.10593 , 1.21273 , 0
-5.10941 , 1.19818 , 0
-5.11284 , 1.18362 , 0
-5.11622 , 1.16906 , 0
-5.11957 , 1.15448 , 0
-5.12288 , 1.1399 , 0
-5.12614 , 1.1253 , 0
-5.12936 , 1.1107 , 0
-5.13254 , 1.09609 , 0
-5.13568 , 1.08147 , 0
-5.13878 , 1.06684 , 0
-5.14183 , 1.0522 , 0
-5.14484 , 1.03755 , 0
-5.14781 , 1.0229 , 0
-5.15074 , 1.00823 , 0
-5.15363 , 0.99356 , 0
-5.15647 , 0.978879 , 0
-5.15927 , 0.964191 , 0
-5.16203 , 0.949495 , 0
-5.16475 , 0.934791 , 0
-5.16743 , 0.920079 , 0
-5.17006 , 0.90536 , 0
-5.17265 , 0.890634 , 0
-5.1752 , 0.8759 , 0
-5.17771 , 0.861159 , 0
-5.18017 , 0.846411 , 0
-5.1826 , 0.831656 , 0
-5.18498 , 0.816895 , 0
-5.18732 , 0.802126 , 0
-5.18961 , 0.787352 , 0
-5.19187 , 0.772571 , 0
-5.19408 , 0.757783 , 0
-5.19625 , 0.742989 , 0
-5.19837 , 0.72819 , 0
-5.20046 , 0.713384 , 0
-5.2025 , 0.698573 , 0
-5.2045 , 0.683755 , 0
-5.20646 , 0.668933 , 0
-5.20837 , 0.654104 , 0
-5.21024 , 0.639271 , 0
-5.21207 , 0.624432 , 0
-5.21386 , 0.609588 , 0
-5.21561 , 0.59474 , 0
-5.21731 , 0.579886 , 0
-5.21897 , 0.565028 , 0
-5.22059 , 0.550165 , 0
-5.22216 , 0.535297 , 0
-5.22369 , 0.520425 , 0
-5.22518 , 0.505549 , 0
-5.22663 , 0.490669 , 0
-5.22803 , 0.475785 , 0
-5.2294 , 0.460897 , 0
-5.23071 , 0.446005 , 0
-5.23199 , 0.43111 , 0
-5.23323 , 0.416211 , 0
-5.23442 , 0.401309 , 0
-5.23557 , 0.386403 , 0
-5.23667 , 0.371494 , 0
-5.23774 , 0.356582 , 0
-5.23876 , 0.341668 , 0
-5.23973 , 0.32675 , 0
-5.24067 , 0.31183 , 0
-5.24156 , 0.296908 , 0
-5.24241 , 0.281982 , 0
-5.24322 , 0.267055 , 0
-5.24398 , 0.252126 , 0
-5.24471 , 0.237194 , 0
-5.24538 , 0.22226 , 0
-5.24602 , 0.207325 , 0
-5.24661 , 0.192388 , 0
-5.24717 , 0.177449 , 0
-5.24767 , 0.162509 , 0
-5.24814 , 0.147568 , 0
-5.24856 , 0.132625 , 0
-5.24894 , 0.117682 , 0
-5.24928 , 0.102737 , 0
-5.24957 , 0.0877916 , 0
-5.24982 , 0.0728454 , 0
-5.25003 , 0.0578986 , 0
-5.2502 , 0.0429514 , 0
-5.25032 , 0.0280038 , 0
-5.2504 , 0.013056 , 0
-5.25044 , -0.00189192 , 0
-5.25044 , -0.0168398 , 0
-5.25039 , -0.0317876 , 0
-5.2503 , -0.0467351 , 0
-5.25017 , -0.0616822 , 0
-5.24999 , -0.0766289 , 0
-5.24977 , -0.0915749 , 0
-5.24951 , -0.10652 , 0
-5.24921 , -0.121465 , 0
-5.24886 , -0.136408 , 0
-5.24847 , -0.15135 , 0
-5.24804 , -0.166291 , 0
-5.24756 , -0.181231 , 0
-5.24704 , -0.196169 , 0
-5.24648 , -0.211106 , 0
-5.24588 , -0.226041 , 0
-5.24523 , -0.240974 , 0
-5.24454 , -0.255905 , 0
-5.24381 , -0.270834 , 0
-5.24304 , -0.285761 , 0
-5.24222 , -0.300685 , 0
-5.24136 , -0.315607 , 0
-5.24046 , -0.330527 , 0
-5.23951 , -0.345444 , 0
-5.23853 , -0.360358 , 0
-5.2375 , -0.375269 , 0
-5.23642 , -0.390177 , 0
-5.23531 , -0.405081 , 0
-5.23415 , -0.419983 , 0
-5.23295 , -0.434881 , 0
-5.23171 , -0.449775 , 0
-5.23042 , -0.464666 , 0
-5.22909 , -0.479553 , 0
-5.22772 , -0.494437 , 0
-5.22631 , -0.509316 , 0
-5.22485 , -0.524191 , 0
-5.22335 , -0.539062 , 0
-5.22181 , -0.553928 , 0
-5.22023 , -0.56879 , 0
-5.2186 , -0.583647 , 0
-5.21693 , -0.5985 , 0
-5.21522 , -0.613347 , 0
-5.21347 , -0.62819 , 0
-5.21167 , -0.643027 , 0
-5.20983 , -0.657859 , 0
-5.20795 , -0.672686 , 0
-5.20603 , -0.687508 , 0
-5.20406 , -0.702324 , 0
-5.20205 , -0.717134 , 0
-5.2 , -0.731938 , 0
-5.19791 , -0.746736 , 0
-5.19577 , -0.761529 , 0
-5.1936 , -0.776315 , 0
-5.19138 , -0.791094 , 0
-5.18911 , -0.805868 , 0
-5.18681 , -0.820634 , 0
-5.18446 , -0.835394 , 0
-5.18207 , -0.850148 , 0
-5.17964 , -0.864894 , 0
-5.17717 , -0.879633 , 0
-5.17466 , -0.894365 , 0
-5.1721 , -0.90909 , 0
-5.1695 , -0.923808 , 0
-5.16686 , -0.938517 , 0
-5.16417 , -0.95322 , 0
-5.16145 , -0.967914 , 0
-5.15868 , -0.982601 , 0
-5.15587 , -0.99728 , 0
-5.15302 , -1.01195 , 0
-5.15013 , -1.02661 , 0
-5.14719 , -1.04127 , 0
-5.14421 , -1.05591 , 0
-5.14119 , -1.07055 , 0
-5.13813 , -1.08518 , 0
-5.13503 , -1.0998 , 0
-5.13188 , -1.11441 , 0
-5.1287 , -1.12901 , 0
-5.12547 , -1.1436 , 0
-5.1222 , -1.15818 , 0
-5.11889 , -1.17276 , 0
-5.11554 , -1.18732 , 0
-5.11214 , -1.20187 , 0
-5.1087 , -1.21642 , 0
-5.10523 , -1.23095 , 0
-5.10171 , -1.24548 , 0
-5.09815 , -1.25999 , 0
-5.09454 , -1.2745 , 0
-5.0909 , -1.28899 , 0
-5.08721 , -1.30347 , 0
-5.08349 , -1.31794 , 0
-5.07972 , -1.33241 , 0
-5.07591 , -1.34686 , 0
-5.07206 , -1.3613 , 0
-5.06816 , -1.37573 , 0
-5.06423 , -1.39014 , 0
-5.06026 , -1.40455 , 0
-5.05624 , -1.41895 , 0
-5.05218 , -1.43333 , 0
-5.04808 , -1.4477 , 0
-5.04395 , -1.46206 , 0
-5.03976 , -1.47641 , 0
-5.03554 , -1.49075 , 0
-5.03128 , -1.50507 , 0
-5.02698 , -1.51938 , 0
-5.02263 , -1.53368 , 0
-5.01825 , -1.54797 , 0
-5.01382 , -1.56224 , 0
-5.00936 , -1.5765 , 0
-5.00485 , -1.59075 , 0
-5.0003 , -1.60499 , 0
-4.99571 , -1.61921 , 0
-4.99108 , -1.63342 , 0
-4.98641 , -1.64762 , 0
-4.9817 , -1.6618 , 0
-4.97695 , -1.67597 , 0
-4.97216 , -1.69012 , 0
-4.96732 , -1.70427 , 0
-4.96245 , -1.71839 , 0
-4.95754 , -1.73251 , 0
-4.95258 , -1.74661 , 0
-4.94759 , -1.76069 , 0
-4.94256 , -1.77477 , 0
-4.93748 , -1.78882 , 0
-4.93237 , -1.80286 , 0
-4.92721 , -1.81689 , 0
-4.92202 , -1.83091 , 0
-4.91678 , -1.8449 , 0
-4.91151 , -1.85889 , 0
-4.90619 , -1.87285 , 0
-4.90084 , -1.88681 , 0
-4.89544 , -1.90074 , 0
-4.89001 , -1.91467 , 0
-4.88453 , -1.92857 , 0
-4.87902 , -1.94246 , 0
-4.87347 , -1.95634 , 0
-4.86787 , -1.9702 , 0
-4.86224 , -1.98404 , 0
-4.85657 , -1.99787 , 0
-4.85085 , -2.01168 , 0
-4.8451 , -2.02547 , 0
-4.83931 , -2.03925 , 0
-4.83348 , -2.05301 , 0
-4.82761 , -2.06675 , 0
-4.8217 , -2.08048 , 0
-4.81575 , -2.09419 , 0
-4.80977 , -2.10788 , 0
-4.80374 , -2.12156 , 0
-4.79767 , -2.13522 , 0
-4.79157 , -2.14886 , 0
-4.78542 , -2.16248 , 0
-4.77924 , -2.17609 , 0
-4.77302 , -2.18968 , 0
-4.76676 , -2.20325 , 0
-4.76046 , -2.2168 , 0
-4.75412 , -2.23034 , 0
-4.74774 , -2.24385 , 0
-4.74133 , -2.25735 , 0
-4.73487 , -2.27083 , 0
-4.72838 , -2.28429 , 0
-4.72185 , -2.29774 , 0
-4.71528 , -2.31116 , 0
-4.70867 , -2.32457 , 0
-4.70203 , -2.33795 , 0
-4.69534 , -2.35132 , 0
-4.68862 , -2.36467 , 0
-4.68186 , -2.378 , 0
-4.67506 , -2.39131 , 0
-4.66822 , -2.4046 , 0
-4.66135 , -2.41787 , 0
-4.65443 , -2.43112 , 0
-4.64748 , -2.44435 , 0
-4.64049 , -2.45756 , 0
-4.63347 , -2.47076 , 0
-4.6264 , -2.48393 , 0
-4.6193 , -2.49708 , 0
-4.61216 , -2.51021 , 0
-4.60498 , -2.52332 , 0
-4.59777 , -2.53641 , 0
-4.59051 , -2.54948 , 0
-4.58323 , -2.56253 , 0
-4.5759 , -2.57555 , 0
-4.56853 , -2.58856 , 0
-4.56113 , -2.60155 , 0
-4.55369 , -2.61451 , 0
-4.54622 , -2.62745 , 0
-4.53871 , -2.64037 , 0
-4.53116 , -2.65327 , 0
-4.52357 , -2.66615 , 0
-4.51595 , -2.67901 , 0
-4.50829 , -2.69184 , 0
-4.50059 , -2.70466 , 0
-4.49286 , -2.71745 , 0
-4.48509 , -2.73022 , 0
-4.47728 , -2.74296 , 0
-4.46944 , -2.75569 , 0
-4.46156 , -2.76839 , 0
-4.45364 , -2.78107 , 0
-4.44569 , -2.79373 , 0
-4.4377 , -2.80636 , 0
-4.42968 , -2.81897 , 0
-4.42162 , -2.83156 , 0
-4.41352 , -2.84412 , 0
-4.40539 , -2.85667 , 0
-4.39722 , -2.86918 , 0
-4.38902 , -2.88168 , 0
-4.38078 , -2.89415 , 0
-4.3725 , -2.9066 , 0
-4.36419 , -2.91902 , 0
-4.35584 , -2.93142 , 0
-4.34746 , -2.9438 , 0
-4.33904 , -2.95615 , 0
-4.33059 , -2.96848 , 0
-4.3221 , -2.98079 , 0
-4.31358 , -2.99307 , 0
-4.30502 , -3.00532 , 0
-4.29643 , -3.01756 , 0
-4.2878 , -3.02976 , 0
-4.27913 , -3.04194 , 0
-4.27044 , -3.0541 , 0
-4.2617 , -3.06623 , 0
-4.25294 , -3.07834 , 0
-4.24413 , -3.09042 , 0
-4.2353 , -3.10248 , 0
-4.22642 , -3.11451 , 0
-4.21752 , -3.12652 , 0
-4.20858 , -3.1385 , 0
-4.1996 , -3.15046 , 0
-4.19059 , -3.16239 , 0
-4.18155 , -3.17429 , 0
-4.17247 , -3.18617 , 0
-4.16336 , -3.19802 , 0
-4.15422 , -3.20985 , 0
-4.14504 , -3.22165 , 0
-4.13583 , -3.23342 , 0
-4.12658 , -3.24517 , 0
-4.1173 , -3.25689 , 0
-4.10799 , -3.26859 , 0
-4.09864 , -3.28025 , 0
-4.08926 , -3.2919 , 0
-4.07985 , -3.30351 , 0
-4.0704 , -3.3151 , 0
-4.06092 , -3.32666 , 0
-4.05141 , -3.33819 , 0
-4.04186 , -3.3497 , 0
-4.03228 , -3.36118 , 0
-4.02267 , -3.37263 , 0
-4.01302 , -3.38405 , 0
-4.00335 , -3.39545 , 0
-3.99364 , -3.40682 , 0
-3.98389 , -3.41816 , 0
-3.97412 , -3.42947 , 0
-3.96431 , -3.44076 , 0
-3.95447 , -3.45201 , 0
-3.9446 , -3.46324 , 0
-3.9347 , -3.47444 , 0
-3.92476 , -3.48562 , 0
-3.91479 , -3.49676 , 0
-3.90479 , -3.50787 , 0
-3.89476 , -3.51896 , 0
-3.8847 , -3.53002 , 0
-3.8746 , -3.54105 , 0
-3.86447 , -3.55205 , 0
-3.85431 , -3.56302 , 0
-3.84413 , -3.57396 , 0
-3.8339 , -3.58488 , 0
-3.82365 , -3.59576 , 0
-3.81337 , -3.60662 , 0
-3.80305 , -3.61744 , 0
-3.79271 , -3.62824 , 0
-3.78233 , -3.63901 , 0
-3.77192 , -3.64974 , 0
-3.76148 , -3.66045 , 0
-3.75102 , -3.67113 , 0
-3.74052 , -3.68177 , 0
-3.72999 , -3.69239 , 0
-3.71943 , -3.70298 , 0
-3.70884 , -3.71354 , 0
-3.69821 , -3.72406 , 0
-3.68756 , -3.73456 , 0
-3.67688 , -3.74502 , 0
-3.66617 , -3.75546 , 0
-3.65543 , -3.76586 , 0
-3.64466 , -3.77624 , 0
-3.63386 , -3.78658 , 0
-3.62303 , -3.79689 , 0
-3.61217 , -3.80718 , 0
-3.60128 , -3.81743 , 0
-3.59036 , -3.82764 , 0
-3.57941 , -3.83783 , 0
-3.56844 , -3.84799 , 0
-3.55743 , -3.85811 , 0
-3.54639 , -3.86821 , 0
-3.53533 , -3.87827 , 0
-3.52424 , -3.8883 , 0
-3.51311 , -3.8983 , 0
-3.50196 , -3.90827 , 0
-3.49079 , -3.9182 , 0
-3.47958 , -3.92811 , 0
-3.46834 , -3.93798 , 0
-3.45708 , -3.94782 , 0
-3.44579 , -3.95762 , 0
-3.43447 , -3.9674 , 0
-3.42312 , -3.97714 , 0
-3.41174 , -3.98685 , 0
-3.40034 , -3.99653 , 0
-3.3889 , -4.00617 , 0
-3.37744 , -4.01578 , 0
-3.36596 , -4.02536 , 0
-3.35444 , -4.03491 , 0
-3.3429 , -4.04442 , 0
-3.33133 , -4.0539 , 0
-3.31974 , -4.06335 , 0
-3.30811 , -4.07276 , 0
-3.29646 , -4.08214 , 0
-3.28478 , -4.09149 , 0
-3.27308 , -4.10081 , 0
-3.26135 , -4.11009 , 0
-3.24959 , -4.11933 , 0
-3.23781 , -4.12855 , 0
-3.226 , -4.13773 , 0
-3.21416 , -4.14687 , 0
-3.2023 , -4.15599 , 0
-3.19041 , -4.16506 , 0
-3.17849 , -4.17411 , 0
-3.16655 , -4.18312 , 0
-3.15458 , -4.1921 , 0
-3.14259 , -4.20104 , 0
-3.13057 , -4.20994 , 0
-3.11853 , -4.21882 , 0
-3.10646 , -4.22766 , 0
-3.09436 , -4.23646 , 0
-3.08224 , -4.24523 , 0
-3.0701 , -4.25397 , 0
-3.05793 , -4.26267 , 0
-3.04573 , -4.27133 , 0
-3.03351 , -4.27996 , 0
-3.02127 , -4.28856 , 0
-3.009 , -4.29712 , 0
-2.9967 , -4.30564 , 0
-2.98438 , -4.31413 , 0
-2.97204 , -4.32259 , 0
-2.95967 , -4.33101 , 0
-2.94728 , -4.33939 , 0
-2.93487 , -4.34774 , 0
-2.92243 , -4.35606 , 0
-2.90996 , -4.36433 , 0
-2.89748 , -4.37258 , 0
-2.88497 , -4.38078 , 0
-2.87243 , -4.38895 , 0
-2.85987 , -4.39709 , 0
-2.84729 , -4.40519 , 0
-2.83469 , -4.41325 , 0
-2.82206 , -4.42128 , 0
-2.80941 , -4.42927 , 0
-2.79674 , -4.43722 , 0
-2.78404 , -4.44514 , 0
-2.77132 , -4.45303 , 0
-2.75858 , -4.46087 , 0
-2.74581 , -4.46868 , 0
-2.73303 , -4.47645 , 0
-2.72022 , -4.48419 , 0
-2.70739 , -4.49189 , 0
-2.69453 , -4.49955 , 0
-2.68166 , -4.50718 , 0
-2.66876 , -4.51477 , 0
-2.65584 , -4.52232 , 0
-2.6429 , -4.52984 , 0
-2.62994 , -4.53731 , 0
-2.61695 , -4.54475 , 0
-2.60395 , -4.55216 , 0
-2.59092 , -4.55953 , 0
-2.57787 , -4.56686 , 0
-2.5648 , -4.57415 , 0
-2.55171 , -4.5814 , 0
-2.5386 , -4.58862 , 0
-2.52547 , -4.5958 , 0
-2.51232 , -4.60294 , 0
-2.49915 , -4.61005 , 0
-2.48595 , -4.61712 , 0
-2.47274 , -4.62414 , 0
-2.45951 , -4.63114 , 0
-2.44625 , -4.63809 , 0
-2.43298 , -4.64501 , 0
-2.41968 , -4.65188 , 0
-2.40637 , -4.65872 , 0
-2.39304 , -4.66553 , 0
-2.37969 , -4.67229 , 0
-2.36631 , -4.67901 , 0
-2.35292 , -4.6857 , 0
-2.33951 , -4.69235 , 0
-2.32608 , -4.69896 , 0
-2.31263 , -4.70553 , 0
-2.29916 , -4.71207 , 0
-2.28568 , -4.71856 , 0
-2.27217 , -4.72502 , 0
-2.25865 , -4.73144 , 0
-2.24511 , -4.73781 , 0
-2.23154 , -4.74415 , 0
-2.21797 , -4.75046 , 0
-2.20437 , -4.75672 , 0
-2.19075 , -4.76294 , 0
-2.17712 , -4.76913 , 0
-2.16347 , -4.77527 , 0
-2.1498 , -4.78138 , 0
-2.13611 , -4.78745 , 0
-2.12241 , -4.79347 , 0
-2.10869 , -4.79946 , 0
-2.09495 , -4.80541 , 0
-2.0812 , -4.81132 , 0
-2.06742 , -4.8172 , 0
-2.05363 , -4.82303 , 0
-2.03983 , -4.82882 , 0
-2.026 , -4.83457 , 0
-2.01216 , -4.84028 , 0
-1.99831 , -4.84596 , 0
-1.98444 , -4.85159 , 0
-1.97055 , -4.85719 , 0
-1.95664 , -4.86274 , 0
-1.94272 , -4.86826 , 0
-1.92879 , -4.87373 , 0
-1.91483 , -4.87917 , 0
-1.90086 , -4.88456 , 0
-1.88688 , -4.88991 , 0
-1.87288 , -4.89523 , 0
-1.85887 , -4.9005 , 0
-1.84484 , -4.90574 , 0
-1.83079 , -4.91093 , 0
-1.81673 , -4.91609 , 0
-1.80266 , -4.9212 , 0
-1.78857 , -4.92628 , 0
-1.77446 , -4.93131 , 0
-1.76035 , -4.9363 , 0
-1.74621 , -4.94125 , 0
-1.73207 , -4.94617 , 0
-1.7179 , -4.95104 , 0
-1.70373 , -4.95587 , 0
-1.68954 , -4.96066 , 0
-1.67534 , -4.96541 , 0
-1.66112 , -4.97012 , 0
-1.64689 , -4.97479 , 0
-1.63264 , -4.97941 , 0
-1.61839 , -4.984 , 0
-1.60412 , -4.98855 , 0
-1.58983 , -4.99305 , 0
-1.57553 , -4.99752 , 0
-1.56122 , -5.00194 , 0
-1.5469 , -5.00632 , 0
-1.53257 , -5.01066 , 0
-1.51822 , -5.01496 , 0
-1.50386 , -5.01922 , 0
-1.48949 , -5.02344 , 0
-1.4751 , -5.02762 , 0
-1.4607 , -5.03175 , 0
-1.44629 , -5.03585 , 0
-1.43187 , -5.0399 , 0
-1.41744 , -5.04391 , 0
-1.403 , -5.04788 , 0
-1.38854 , -5.05181 , 0
-1.37407 , -5.0557 , 0
-1.3596 , -5.05955 , 0
-1.34511 , -5.06335 , 0
-1.33061 , -5.06712 , 0
-1.31609 , -5.07084 , 0
-1.30157 , -5.07452 , 0
-1.28704 , -5.07816 , 0
-1.2725 , -5.08175 , 0
-1.25794 , -5.08531 , 0
-1.24338 , -5.08882 , 0
-1.2288 , -5.09229 , 0
-1.21422 , -5.09572 , 0
-1.19962 , -5.09911 , 0
-1.18502 , -5.10246 , 0
-1.17041 , -5.10576 , 0
-1.15578 , -5.10903 , 0
-1.14115 , -5.11225 , 0
-1.12651 , -5.11543 , 0
-1.11186 , -5.11856 , 0
-1.0972 , -5.12166 , 0
-1.08253 , -5.12471 , 0
-1.06785 , -5.12772 , 0
-1.05316 , -5.13069 , 0
-1.03846 , -5.13362 , 0
-1.02376 , -5.1365 , 0
-1.00905 , -5.13934 , 0
-0.994325 , -5.14214 , 0
-0.979595 , -5.1449 , 0
-0.964858 , -5.14762 , 0
-0.950113 , -5.15029 , 0
-0.935359 , -5.15292 , 0
-0.920599 , -5.15551 , 0
-0.90583 , -5.15806 , 0
-0.891054 , -5.16056 , 0
-0.876271 , -5.16302 , 0
-0.861481 , -5.16544 , 0
-0.846684 , -5.16782 , 0
-0.831879 , -5.17016 , 0
-0.817068 , -5.17245 , 0
-0.80225 , -5.1747 , 0
-0.787426 , -5.17691 , 0
-0.772595 , -5.17907 , 0
-0.757757 , -5.18119 , 0
-0.742914 , -5.18327 , 0
-0.728064 , -5.18531 , 0
-0.713209 , -5.18731 , 0
-0.698347 , -5.18926 , 0
-0.68348 , -5.19117 , 0
-0.668607 , -5.19303 , 0
-0.653729 , -5.19486 , 0
-0.638845 , -5.19664 , 0
-0.623957 , -5.19838 , 0
-0.609063 , -5.20008 , 0
-0.594164 , -5.20173 , 0
-0.57926 , -5.20334 , 0
-0.564351 , -5.20491 , 0
-0.549438 , -5.20643 , 0
-0.53452 , -5.20792 , 0
-0.519598 , -5.20936 , 0
-0.504671 , -5.21075 , 0
-0.489741 , -5.21211 , 0
-0.474806 , -5.21342 , 0
-0.459867 , -5.21469 , 0
-0.444925 , -5.21591 , 0
-0.429979 , -5.21709 , 0
-0.41503 , -5.21823 , 0
-0.400077 , -5.21933 , 0
-0.38512 , -5.22039 , 0
-0.370161 , -5.2214 , 0
-0.355199 , -5.22237 , 0
-0.340233 , -5.22329 , 0
-0.325265 , -5.22417 , 0
-0.310294 , -5.22501 , 0
-0.295321 , -5.22581 , 0
-0.280345 , -5.22656 , 0
-0.265367 , -5.22727 , 0
-0.250387 , -5.22794 , 0
-0.235405 , -5.22857 , 0
-0.22042 , -5.22915 , 0
-0.205434 , -5.22969 , 0
-0.190447 , -5.23018 , 0
-0.175457 , -5.23063 , 0
-0.160466 , -5.23104 , 0
-0.145474 , -5.23141 , 0
-0.130481 , -5.23173 , 0
-0.115487 , -5.23201 , 0
-0.100491 , -5.23225 , 0
-0.0854952 , -5.23245 , 0
-0.0704984 , -5.2326 , 0
-0.0555009 , -5.23271 , 0
-0.040503 , -5.23277 , 0
-0.0255048 , -5.23279 , 0
-0.0105064 , -5.23277 , 0
0.0044921 , -5.23271 , 0
0.0194906 , -5.2326 , 0
0.0344889 , -5.23245 , 0
0.0494869 , -5.23226 , 0
0.0644845 , -5.23202 , 0
0.0794816 , -5.23174 , 0
0.0944781 , -5.23142 , 0
0.109474 , -5.23106 , 0
0.124468 , -5.23065 , 0
0.139462 , -5.2302 , 0
0.154455 , -5.2297 , 0
0.169446 , -5.22917 , 0
0.184436 , -5.22859 , 0
0.199424 , -5.22796 , 0
0.214411 , -5.2273 , 0
0.229396 , -5.22659 , 0
0.244379 , -5.22583 , 0
0.25936 , -5.22504 , 0
0.274339 , -5.2242 , 0
0.289316 , -5.22332 , 0
0.30429 , -5.22239 , 0
0.319262 , -5.22142 , 0
0.334231 , -5.22041 , 0
0.349198 , -5.21936 , 0
0.364161 , -5.21826 , 0
0.379122 , -5.21712 , 0
0.394079 , -5.21594 , 0
0.409034 , -5.21472 , 0
0.423984 , -5.21345 , 0
0.438932 , -5.21214 , 0
0.453875 , -5.21078 , 0
0.468815 , -5.20938 , 0
0.483751 , -5.20794 , 0
0.498684 , -5.20646 , 0
0.513612 , -5.20494 , 0
0.528535 , -5.20337 , 0
0.543455 , -5.20175 , 0
0.55837 , -5.2001 , 0
0.57328 , -5.1984 , 0
0.588186 , -5.19666 , 0
0.603086 , -5.19488 , 0
0.617982 , -5.19305 , 0
0.632873 , -5.19118 , 0
0.647758 , -5.18927 , 0
0.662639 , -5.18732 , 0
0.677513 , -5.18532 , 0
0.692382 , -5.18328 , 0
0.707246 , -5.1812 , 0
0.722103 , -5.17907 , 0
0.736955 , -5.17691 , 0
0.751801 , -5.1747 , 0
0.76664 , -5.17244 , 0
0.781473 , -5.17015 , 0
0.7963 , -5.16781 , 0
0.81112 , -5.16543 , 0
0.825933 , -5.163 , 0
0.840739 , -5.16054 , 0
0.855539 , -5.15803 , 0
0.870331 , -5.15548 , 0
0.885117 , -5.15288 , 0
0.899895 , -5.15024 , 0
0.914665 , -5.14757 , 0
0.929429 , -5.14484 , 0
0.944184 , -5.14208 , 0
0.958932 , -5.13927 , 0
0.973671 , -5.13643 , 0
0.988403 , -5.13353 , 0
1.00313 , -5.1306 , 0
1.01784 , -5.12762 , 0
1.03255 , -5.12461 , 0
1.04725 , -5.12155 , 0
1.06194 , -5.11844 , 0
1.07662 , -5.1153 , 0
1.09129 , -5.11211 , 0
1.10595 , -5.10888 , 0
1.12061 , -5.10561 , 0
1.13525 , -5.1023 , 0
1.14989 , -5.09894 , 0
1.16451 , -5.09554 , 0
1.17913 , -5.0921 , 0
1.19373 , -5.08862 , 0
1.20833 , -5.0851 , 0
1.22292 , -5.08153 , 0
1.23749 , -5.07792 , 0
1.25206 , -5.07427 , 0
1.26662 , -5.07058 , 0
1.28116 , -5.06685 , 0
1.2957 , -5.06307 , 0
1.31022 , -5.05926 , 0
1.32473 , -5.0554 , 0
1.33924 , -5.0515 , 0
1.35373 , -5.04755 , 0
1.36821 , -5.04357 , 0
1.38268 , -5.03954 , 0
1.39714 , -5.03548 , 0
1.41158 , -5.03137 , 0
1.42602 , -5.02722 , 0
1.44044 , -5.02303 , 0
1.45485 , -5.01879 , 0
1.46925 , -5.01452 , 0
1.48363 , -5.0102 , 0
1.49801 , -5.00584 , 0
1.51237 , -5.00144 , 0
1.52672 , -4.997 , 0
1.54106 , -4.99252 , 0
1.55538 , -4.988 , 0
1.56969 , -4.98343 , 0
1.58399 , -4.97883 , 0
1.59827 , -4.97418 , 0
1.61255 , -4.96949 , 0
1.6268 , -4.96476 , 0
1.64105 , -4.95999 , 0
1.65528 , -4.95518 , 0
1.6695 , -4.95033 , 0
1.6837 , -4.94544 , 0
1.69789 , -4.9405 , 0
1.71207 , -4.93553 , 0
1.72623 , -4.93051 , 0
1.74038 , -4.92546 , 0
1.75451 , -4.92036 , 0
1.76863 , -4.91522 , 0
1.78273 , -4.91004 , 0
1.79682 , -4.90483 , 0
1.8109 , -4.89957 , 0
1.82496 , -4.89427 , 0
1.839 , -4.88893 , 0
1.85303 , -4.88354 , 0
1.86704 , -4.87812 , 0
1.88104 , -4.87266 , 0
1.89503 , -4.86716 , 0
1.90899 , -4.86162 , 0
1.92294 , -4.85603 , 0
1.93688 , -4.85041 , 0
1.9508 , -4.84475 , 0
1.9647 , -4.83905 , 0
1.97859 , -4.8333 , 0
1.99246 , -4.82752 , 0
2.00631 , -4.8217 , 0
2.02015 , -4.81583 , 0
2.03397 , -4.80993 , 0
2.04778 , -4.80399 , 0
2.06156 , -4.79801 , 0
2.07533 , -4.79199 , 0
2.08909 , -4.78592 , 0
2.10282 , -4.77982 , 0
2.11654 , -4.77368 , 0
2.13024 , -4.7675 , 0
2.14392 , -4.76128 , 0
2.15759 , -4.75502 , 0
2.17124 , -4.74872 , 0
2.18487 , -4.74239 , 0
2.19848 , -4.73601 , 0
2.21207 , -4.72959 , 0
2.22564 , -4.72314 , 0
2.2392 , -4.71664 , 0
2.25274 , -4.71011 , 0
2.26626 , -4.70354 , 0
2.27976 , -4.69692 , 0
2.29324 , -4.69027 , 0
2.3067 , -4.68358 , 0
2.32015 , -4.67686 , 0
2.33357 , -4.67009 , 0
2.34697 , -4.66328 , 0
2.36036 , -4.65644 , 0
2.37373 , -4.64956 , 0
2.38707 , -4.64263 , 0
2.4004 , -4.63567 , 0
2.4137 , -4.62868 , 0
2.42699 , -4.62164 , 0
2.44026 , -4.61456 , 0
2.4535 , -4.60745 , 0
2.46673 , -4.6003 , 0
2.47993 , -4.59311 , 0
2.49312 , -4.58588 , 0
2.50628 , -4.57862 , 0
2.51943 , -4.57131 , 0
2.53255 , -4.56397 , 0
2.54565 , -4.55659 , 0
2.55873 , -4.54918 , 0
2.57179 , -4.54172 , 0
2.58483 , -4.53423 , 0
2.59784 , -4.5267 , 0
2.61084 , -4.51913 , 0
2.62381 , -4.51153 , 0
2.63676 , -4.50388 , 0
2.64969 , -4.4962 , 0
2.6626 , -4.48849 , 0
2.67549 , -4.48073 , 0
2.68835 , -4.47294 , 0
2.70119 , -4.46511 , 0
2.71401 , -4.45725 , 0
2.72681 , -4.44934 , 0
2.73958 , -4.4414 , 0
2.75233 , -4.43343 , 0
2.76506 , -4.42541 , 0
2.77776 , -4.41736 , 0
2.79044 , -4.40928 , 0
2.8031 , -4.40115 , 0
2.81574 , -4.393 , 0
2.82835 , -4.3848 , 0
2.84094 , -4.37657 , 0
2.8535 , -4.3683 , 0
2.86605 , -4.35999 , 0
2.87856 , -4.35165 , 0
2.89106 , -4.34327 , 0
2.90353 , -4.33486 , 0
2.91597 , -4.32641 , 0
2.92839 , -4.31793 , 0
2.94079 , -4.30941 , 0
2.95316 , -4.30085 , 0
2.96551 , -4.29226 , 0
2.97784 , -4.28363 , 0
2.99013 , -4.27496 , 0
3.00241 , -4.26626 , 0
3.01466 , -4.25753 , 0
3.02688 , -4.24876 , 0
3.03908 , -4.23995 , 0
3.05125 , -4.23111 , 0
3.0634 , -4.22224 , 0
3.07553 , -4.21333 , 0
3.08762 , -4.20438 , 0
3.0997 , -4.1954 , 0
3.11174 , -4.18639 , 0
3.12376 , -4.17734 , 0
3.13576 , -4.16825 , 0
3.14772 , -4.15913 , 0
3.15967 , -4.14998 , 0
3.17158 , -4.14079 , 0
3.18347 , -4.13156 , 0
3.19533 , -4.12231 , 0
3.20717 , -4.11302 , 0
3.21898 , -4.10369 , 0
3.23076 , -4.09433 , 0
3.24252 , -4.08494 , 0
3.25425 , -4.07551 , 0
3.26595 , -4.06605 , 0
3.27763 , -4.05655 , 0
3.28927 , -4.04702 , 0
3.30089 , -4.03746 , 0
3.31249 , -4.02786 , 0
3.32405 , -4.01823 , 0
3.33559 , -4.00857 , 0
3.3471 , -3.99887 , 0
3.35858 , -3.98914 , 0
3.37004 , -3.97938 , 0
3.38146 , -3.96958 , 0
3.39286 , -3.95975 , 0
3.40423 , -3.94989 , 0
3.41557 , -3.94 , 0
3.42689 , -3.93007 , 0
3.43817 , -3.92011 , 0
3.44943 , -3.91012 , 0
3.46066 , -3.90009 , 0
3.47185 , -3.89003 , 0
3.48302 , -3.87994 , 0
3.49417 , -3.86982 , 0
3.50528 , -3.85967 , 0
3.51636 , -3.84948 , 0
3.52741 , -3.83926 , 0
3.53844 , -3.82901 , 0
3.54943 , -3.81873 , 0
3.5604 , -3.80841 , 0
3.57133 , -3.79807 , 0
3.58224 , -3.78769 , 0
3.59312 , -3.77728 , 0
3.60396 , -3.76684 , 0
3.61478 , -3.75637 , 0
3.62556 , -3.74587 , 0
3.63632 , -3.73533 , 0
3.64705 , -3.72477 , 0
3.65774 , -3.71417 , 0
3.66841 , -3.70354 , 0
3.67904 , -3.69288 , 0
3.68964 , -3.6822 , 0
3.70022 , -3.67148 , 0
3.71076 , -3.66073 , 0
3.72127 , -3.64994 , 0
3.73175 , -3.63913 , 0
3.7422 , -3.62829 , 0
3.75262 , -3.61742 , 0
3.76301 , -3.60652 , 0
3.77336 , -3.59559 , 0
3.78369 , -3.58463 , 0
3.79398 , -3.57364 , 0
3.80424 , -3.56261 , 0
3.81447 , -3.55156 , 0
3.82467 , -3.54048 , 0
3.83483 , -3.52937 , 0
3.84497 , -3.51823 , 0
3.85507 , -3.50707 , 0
3.86514 , -3.49587 , 0
3.87517 , -3.48464 , 0
3.88518 , -3.47339 , 0
3.89515 , -3.4621 , 0
3.90509 , -3.45079 , 0
3.915 , -3.43945 , 0
3.92488 , -3.42807 , 0
3.93472 , -3.41667 , 0
3.94453 , -3.40525 , 0
3.95431 , -3.39379 , 0
3.96405 , -3.38231 , 0
3.97376 , -3.37079 , 0
3.98344 , -3.35925 , 0
3.99308 , -3.34768 , 0
4.0027 , -3.33609 , 0
4.01227 , -3.32446 , 0
4.02182 , -3.31281 , 0
4.03133 , -3.30113 , 0
4.04081 , -3.28942 , 0
4.05025 , -3.27769 , 0
4.05966 , -3.26592 , 0
4.06904 , -3.25414 , 0
4.07838 , -3.24232 , 0
4.08769 , -3.23048 , 0
4.09696 , -3.21861 , 0
4.1062 , -3.20671 , 0
4.11541 , -3.19478 , 0
4.12458 , -3.18283 , 0
4.13372 , -3.17086 , 0
4.14282 , -3.15885 , 0
4.15189 , -3.14682 , 0
4.16092 , -3.13477 , 0
4.16992 , -3.12268 , 0
4.17889 , -3.11058 , 0
4.18781 , -3.09844 , 0
4.19671 , -3.08628 , 0
4.20557 , -3.0741 , 0
4.21439 , -3.06188 , 0
4.22318 , -3.04965 , 0
4.23194 , -3.03738 , 0
4.24066 , -3.0251 , 0
4.24934 , -3.01278 , 0
4.25799 , -3.00045 , 0
4.2666 , -2.98808 , 0
4.27518 , -2.97569 , 0
4.28372 , -2.96328 , 0
4.29222 , -2.95084 , 0
4.30069 , -2.93838 , 0
4.30913 , -2.9259 , 0
4.31752 , -2.91338 , 0
4.32588 , -2.90085 , 0
4.33421 , -2.88829 , 0
4.3425 , -2.8757 , 0
4.35075 , -2.8631 , 0
4.35897 , -2.85047 , 0
4.36715 , -2.83781 , 0
4.37529 , -2.82513 , 0
4.3834 , -2.81243 , 0
4.39147 , -2.7997 , 0
4.39951 , -2.78695 , 0
4.40751 , -2.77418 , 0
4.41547 , -2.76138 , 0
4.42339 , -2.74856 , 0
4.43128 , -2.73572 , 0
4.43913 , -2.72286 , 0
4.44694 , -2.70997 , 0
4.45472 , -2.69706 , 0
4.46246 , -2.68413 , 0
4.47016 , -2.67117 , 0
4.47782 , -2.6582 , 0
4.48545 , -2.6452 , 0
4.49304 , -2.63217 , 0
4.50059 , -2.61913 , 0
4.5081 , -2.60607 , 0
4.51558 , -2.59298 , 0
4.52302 , -2.57987 , 0
4.53042 , -2.56674 , 0
4.53778 , -2.55359 , 0
4.54511 , -2.54041 , 0
4.5524 , -2.52722 , 0
4.55965 , -2.514 , 0
4.56686 , -2.50077 , 0
4.57403 , -2.48751 , 0
4.58117 , -2.47423 , 0
4.58826 , -2.46093 , 0
4.59532 , -2.44761 , 0
4.60234 , -2.43427 , 0
4.60932 , -2.42091 , 0
4.61627 , -2.40753 , 0
4.62317 , -2.39413 , 0
4.63004 , -2.38071 , 0
4.63686 , -2.36727 , 0
4.64365 , -2.35381 , 0
4.6504 , -2.34033 , 0
4.65711 , -2.32683 , 0
4.66379 , -2.31331 , 0
4.67042 , -2.29978 , 0
4.67701 , -2.28622 , 0
4.68357 , -2.27264 , 0
4.69008 , -2.25905 , 0
4.69656 , -2.24543 , 0
4.703 , -2.2318 , 0
4.7094 , -2.21815 , 0
4.71575 , -2.20448 , 0
4.72207 , -2.19079 , 0
4.72835 , -2.17708 , 0
4.73459 , -2.16336 , 0
4.74079 , -2.14961 , 0
4.74696 , -2.13585 , 0
4.75308 , -2.12207 , 0
4.75916 , -2.10828 , 0
4.7652 , -2.09446 , 0
4.7712 , -2.08063 , 0
4.77716 , -2.06678 , 0
4.78309 , -2.05291 , 0
4.78897 , -2.03903 , 0
4.79481 , -2.02513 , 0
4.80061 , -2.01121 , 0
4.80638 , -1.99728 , 0
4.8121 , -1.98333 , 0
4.81778 , -1.96936 , 0
4.82342 , -1.95537 , 0
4.82902 , -1.94137 , 0
4.83458 , -1.92736 , 0
4.8401 , -1.91332 , 0
4.84558 , -1.89928 , 0
4.85102 , -1.88521 , 0
4.85642 , -1.87113 , 0
4.86178 , -1.85703 , 0
4.8671 , -1.84292 , 0
4.87237 , -1.82879 , 0
4.87761 , -1.81465 , 0
4.8828 , -1.80049 , 0
4.88796 , -1.78632 , 0
4.89307 , -1.77213 , 0
4.89814 , -1.75793 , 0
4.90318 , -1.74371 , 0
4.90817 , -1.72948 , 0
4.91312 , -1.71524 , 0
4.91802 , -1.70098 , 0
4.92289 , -1.6867 , 0
4.92772 , -1.67241 , 0
4.9325 , -1.65811 , 0
4.93725 , -1.64379 , 0
4.94195 , -1.62946 , 0
4.94661 , -1.61512 , 0
4.95123 , -1.60076 , 0
4.95581 , -1.58639 , 0
4.96034 , -1.572 , 0
4.96484 , -1.55761 , 0
4.96929 , -1.5432 , 0
4.9737 , -1.52877 , 0
4.97807 , -1.51434 , 0
4.9824 , -1.49989 , 0
4.98669 , -1.48543 , 0
4.99094 , -1.47095 , 0
4.99514 , -1.45646 , 0
4.9993 , -1.44197 , 0
5.00342 , -1.42746 , 0
5.0075 , -1.41293 , 0
5.01153 , -1.3984 , 0
5.01553 , -1.38385 , 0
5.01948 , -1.3693 , 0
5.02339 , -1.35473 , 0
5.02726 , -1.34015 , 0
5.03109 , -1.32555 , 0
5.03487 , -1.31095 , 0
5.03861 , -1.29634 , 0
5.04231 , -1.28171 , 0
5.04597 , -1.26708 , 0
5.04958 , -1.25243 , 0
5.05316 , -1.23778 , 0
5.05669 , -1.22311 , 0
5.06017 , -1.20843 , 0
5.06362 , -1.19375 , 0
5.06702 , -1.17905 , 0
5.07039 , -1.16434 , 0
5.0737 , -1.14963 , 0
5.07698 , -1.1349 , 0
5.08021 , -1.12016 , 0
5.0834 , -1.10542 , 0
5.08655 , -1.09066 , 0
5.08966 , -1.0759 , 0
5.09272 , -1.06113 , 0
5.09574 , -1.04635 , 0
5.09872 , -1.03156 , 0
5.10166 , -1.01676 , 0
5.10455 , -1.00195 , 0
5.1074 , -0.987134 , 0
5.11021 , -0.97231 , 0
5.11297 , -0.957478 , 0
5.11569 , -0.942638 , 0
5.11837 , -0.927789 , 0
5.12101 , -0.912934 , 0
5.1236 , -0.89807 , 0
5.12615 , -0.883199 , 0
5.12866 , -0.868321 , 0
5.13112 , -0.853435 , 0
5.13354 , -0.838542 , 0
5.13592 , -0.823642 , 0
5.13825 , -0.808736 , 0
5.14055 , -0.793822 , 0
5.1428 , -0.778902 , 0
5.145 , -0.763975 , 0
5.14716 , -0.749042 , 0
5.14928 , -0.734103 , 0
5.15136 , -0.719157 , 0
5.15339 , -0.704206 , 0
5.15538 , -0.689248 , 0
5.15733 , -0.674285 , 0
5.15923 , -0.659316 , 0
5.16109 , -0.644342 , 0
5.16291 , -0.629362 , 0
5.16469 , -0.614377 , 0
5.16642 , -0.599387 , 0
5.1681 , -0.584391 , 0
5.16975 , -0.569391 , 0
5.17135 , -0.554386 , 0
5.17291 , -0.539377 , 0
5.17442 , -0.524363 , 0
5.17589 , -0.509344 , 0
5.17732 , -0.494321 , 0
5.1787 , -0.479295 , 0
5.18004 , -0.464264 , 0
5.18134 , -0.449229 , 0
5.1826 , -0.43419 , 0
5.18381 , -0.419148 , 0
5.18497 , -0.404102 , 0
5.1861 , -0.389053 , 0
5.18718 , -0.374001 , 0
5.18821 , -0.358945 , 0
5.18921 , -0.343887 , 0
5.19016 , -0.328826 , 0
5.19106 , -0.313761 , 0
5.19192 , -0.298695 , 0
5.19274 , -0.283625 , 0
5.19352 , -0.268554 , 0
5.19425 , -0.25348 , 0
5.19494 , -0.238404 , 0
5.19558 , -0.223326 , 0
5.19619 , -0.208246 , 0
5.19674 , -0.193164 , 0
5.19726 , -0.178081 , 0
5.19773 , -0.162996 , 0
5.19816 , -0.14791 , 0
5.19854 , -0.132823 , 0
5.19888 , -0.117734 , 0
5.19918 , -0.102645 , 0
5.19943 , -0.0875547 , 0
5.19964 , -0.0724637 , 0
5.1998 , -0.057372 , 0
5.19993 , -0.0422799 , 0
5.2 , -0.0271874 , 0
5.20004 , -0.0120947 , 0
5.20003 , 0.00299814 , 0
5.19998 , 0.0180909 , 0
5.19988 , 0.0331836 , 0
5.19974 , 0.0482759 , 0
5.19956 , 0.0633679 , 0
5.19933 , 0.0784593 , 0
5.19906 , 0.0935501 , 0
5.19875 , 0.10864 , 0
5.19839 , 0.123729 , 0
5.19799 , 0.138817 , 0
