x , y , z
1 , 0 , 0
0.999853 , 0.0257508 , 0
0.999411 , 0.0514939 , 0
0.998675 , 0.077222 , 0
0.997646 , 0.102927 , 0
0.996326 , 0.128603 , 0
0.994717 , 0.154241 , 0
0.99282 , 0.179834 , 0
0.990638 , 0.205376 , 0
0.988174 , 0.230859 , 0
0.985431 , 0.256277 , 0
0.982413 , 0.281624 , 0
0.979125 , 0.306893 , 0
0.975569 , 0.332078 , 0
0.97175 , 0.357174 , 0
0.967673 , 0.382175 , 0
0.963343 , 0.407076 , 0
0.958765 , 0.431872 , 0
0.953943 , 0.456558 , 0
0.948885 , 0.481131 , 0
0.943593 , 0.505586 , 0
0.938076 , 0.52992 , 0
0.932337 , 0.554128 , 0
0.926382 , 0.578209 , 0
0.920218 , 0.602159 , 0
0.913851 , 0.625975 , 0
0.907285 , 0.649656 , 0
0.900526 , 0.673199 , 0
0.893581 , 0.696602 , 0
0.886455 , 0.719864 , 0
0.879153 , 0.742984 , 0
0.871682 , 0.76596 , 0
0.864046 , 0.788792 , 0
0.856251 , 0.811478 , 0
0.848302 , 0.834019 , 0
0.840205 , 0.856414 , 0
0.831964 , 0.878663 , 0
0.823585 , 0.900765 , 0
0.815073 , 0.922722 , 0
0.806432 , 0.944532 , 0
0.797667 , 0.966198 , 0
0.788782 , 0.987719 , 0
0.779782 , 1.0091 , 0
0.770671 , 1.03033 , 0
0.761454 , 1.05142 , 0
0.752134 , 1.07237 , 0
0.742716 , 1.09318 , 0
0.733203 , 1.11385 , 0
0.723598 , 1.13438 , 0
0.713906 , 1.15477 , 0
0.70413 , 1.17503 , 0
0.694273 , 1.19515 , 0
0.684339 , 1.21514 , 0
0.67433 , 1.23499 , 0
0.66425 , 1.25472 , 0
0.654102 , 1.27432 , 0
0.643888 , 1.29379 , 0
0.633611 , 1.31313 , 0
0.623274 , 1.33235 , 0
0.612879 , 1.35144 , 0
0.602429 , 1.37042 , 0
0.591926 , 1.38927 , 0
0.581372 , 1.408 , 0
0.57077 , 1.42662 , 0
0.560122 , 1.44512 , 0
0.549429 , 1.4635 , 0
0.538694 , 1.48178 , 0
0.527918 , 1.49994 , 0
0.517104 , 1.51799 , 0
0.506252 , 1.53593 , 0
0.495366 , 1.55377 , 0
0.484445 , 1.5715 , 0
0.473493 , 1.58913 , 0
0.46251 , 1.60665 , 0
0.451498 , 1.62407 , 0
0.440458 , 1.64139 , 0
0.429391 , 1.65862 , 0
0.418299 , 1.67574 , 0
0.407184 , 1.69278 , 0
0.396046 , 1.70971 , 0
0.384886 , 1.72656 , 0
0.373706 , 1.74331 , 0
0.362506 , 1.75997 , 0
0.351288 , 1.77654 , 0
0.340052 , 1.79302 , 0
0.3288 , 1.80942 , 0
0.317532 , 1.82573 , 0
0.30625 , 1.84195 , 0
0.294953 , 1.8581 , 0
0.283644 , 1.87416 , 0
0.272323 , 1.89013 , 0
0.260989 , 1.90603 , 0
0.249646 , 1.92185 , 0
0.238292 , 1.9376 , 0
0.226928 , 1.95326 , 0
0.215556 , 1.96885 , 0
0.204175 , 1.98437 , 0
0.192787 , 1.99981 , 0
0.181392 , 2.01518 , 0
0.169991 , 2.03047 , 0
0.158583 , 2.0457 , 0
0.147171 , 2.06086 , 0
0.135753 , 2.07594 , 0
0.124331 , 2.09096 , 0
0.112905 , 2.10592 , 0
0.101475 , 2.1208 , 0
0.0900421 , 2.13562 , 0
0.0786066 , 2.15038 , 0
0.0671687 , 2.16507 , 0
0.0557289 , 2.1797 , 0
0.0442875 , 2.19427 , 0
0.0328448 , 2.20878 , 0
0.0214013 , 2.22323 , 0
0.00995719 , 2.23761 , 0
-0.00148717 , 2.25194 , 0
-0.0129315 , 2.26621 , 0
-0.0243755 , 2.28043 , 0
-0.0358189 , 2.29458 , 0
-0.0472614 , 2.30868 , 0
-0.0587028 , 2.32273 , 0
-0.0701428 , 2.33672 , 0
-0.0815812 , 2.35066 , 0
-0.0930178 , 2.36454 , 0
-0.104452 , 2.37837 , 0
-0.115884 , 2.39215 , 0
-0.127314 , 2.40588 , 0
-0.138741 , 2.41955 , 0
-0.150165 , 2.43318 , 0
-0.161586 , 2.44676 , 0
-0.173004 , 2.46028 , 0
-0.184419 , 2.47376 , 0
-0.19583 , 2.4872 , 0
-0.207237 , 2.50058 , 0
-0.21864 , 2.51392 , 0
-0.23004 , 2.52721 , 0
-0.241435 , 2.54046 , 0
-0.252826 , 2.55366 , 0
-0.264212 , 2.56682 , 0
-0.275594 , 2.57993 , 0
-0.286971 , 2.593 , 0
-0.298344 , 2.60603 , 0
-0.309712 , 2.61901 , 0
-0.321074 , 2.63195 , 0
-0.332432 , 2.64485 , 0
-0.343784 , 2.65771 , 0
-0.355131 , 2.67053 , 0
-0.366473 , 2.68331 , 0
-0.37781 , 2.69605 , 0
-0.38914 , 2.70874 , 0
-0.400466 , 2.7214 , 0
-0.411785 , 2.73403 , 0
-0.423099 , 2.74661 , 0
-0.434407 , 2.75916 , 0
-0.445709 , 2.77166 , 0
-0.457006 , 2.78413 , 0
-0.468296 , 2.79657 , 0
-0.47958 , 2.80897 , 0
-0.490858 , 2.82133 , 0
-0.50213 , 2.83366 , 0
-0.513396 , 2.84595 , 0
-0.524655 , 2.85821 , 0
-0.535908 , 2.87043 , 0
-0.547155 , 2.88262 , 0
-0.558396 , 2.89478 , 0
-0.56963 , 2.9069 , 0
-0.580857 , 2.91899 , 0
-0.592078 , 2.93105 , 0
-0.603293 , 2.94307 , 0
-0.614501 , 2.95506 , 0
-0.625702 , 2.96702 , 0
-0.636897 , 2.97895 , 0
-0.648085 , 2.99085 , 0
-0.659266 , 3.00272 , 0
-0.670441 , 3.01456 , 0
-0.681609 , 3.02637 , 0
-0.692771 , 3.03814 , 0
-0.703925 , 3.04989 , 0
-0.715073 , 3.06161 , 0
-0.726214 , 3.0733 , 0
-0.737348 , 3.08496 , 0
-0.748476 , 3.09659 , 0
-0.759596 , 3.10819 , 0
-0.77071 , 3.11977 , 0
-0.781817 , 3.13132 , 0
-0.792917 , 3.14284 , 0
-0.80401 , 3.15433 , 0
-0.815097 , 3.1658 , 0
-0.826176 , 3.17724 , 0
-0.837249 , 3.18865 , 0
-0.848314 , 3.20004 , 0
-0.859373 , 3.2114 , 0
-0.870425 , 3.22274 , 0
-0.88147 , 3.23405 , 0
-0.892508 , 3.24533 , 0
-0.90354 , 3.25659 , 0
-0.914564 , 3.26783 , 0
-0.925581 , 3.27904 , 0
-0.936592 , 3.29022 , 0
-0.947596 , 3.30138 , 0
-0.958592 , 3.31252 , 0
-0.969582 , 3.32363 , 0
-0.980565 , 3.33472 , 0
-0.991541 , 3.34579 , 0
-1.00251 , 3.35683 , 0
-1.01347 , 3.36785 , 0
-1.02443 , 3.37885 , 0
-1.03538 , 3.38983 , 0
-1.04632 , 3.40078 , 0
-1.05725 , 3.41171 , 0
-1.06818 , 3.42262 , 0
-1.0791 , 3.4335 , 0
-1.09002 , 3.44437 , 0
-1.10092 , 3.45521 , 0
-1.11183 , 3.46603 , 0
-1.12272 , 3.47683 , 0
-1.13361 , 3.48761 , 0
-1.14449 , 3.49837 , 0
-1.15536 , 3.50911 , 0
-1.16623 , 3.51983 , 0
-1.17709 , 3.53052 , 0
-1.18794 , 3.5412 , 0
-1.19879 , 3.55186 , 0
-1.20963 , 3.56249 , 0
-1.22046 , 3.57311 , 0
-1.23129 , 3.58371 , 0
-1.24211 , 3.59429 , 0
-1.25292 , 3.60485 , 0
-1.26373 , 3.61539 , 0
-1.27453 , 3.62591 , 0
-1.28532 , 3.63641 , 0
-1.29611 , 3.64689 , 0
-1.30689 , 3.65736 , 0
-1.31766 , 3.66781 , 0
-1.32843 , 3.67823 , 0
-1.33919 , 3.68864 , 0
-1.34994 , 3.69904 , 0
-1.36069 , 3.70941 , 0
-1.37143 , 3.71977 , 0
-1.38217 , 3.73011 , 0
-1.3929 , 3.74043 , 0
-1.40362 , 3.75073 , 0
-1.41433 , 3.76102 , 0
-1.42504 , 3.77129 , 0
-1.43574 , 3.78154 , 0
-1.44644 , 3.79178 , 0
-1.45713 , 3.802 , 0
-1.46781 , 3.8122 , 0
-1.47849 , 3.82239 , 0
-1.48916 , 3.83256 , 0
-1.49982 , 3.84271 , 0
-1.51048 , 3.85285 , 0
-1.52113 , 3.86297 , 0
-1.53178 , 3.87308 , 0
-1.54242 , 3.88317 , 0
-1.55305 , 3.89324 , 0
-1.56368 , 3.9033 , 0
-1.5743 , 3.91334 , 0
-1.58491 , 3.92337 , 0
-1.59552 , 3.93338 , 0
-1.60612 , 3.94338 , 0
-1.61672 , 3.95336 , 0
-1.62731 , 3.96333 , 0
-1.63789 , 3.97328 , 0
-1.64847 , 3.98322 , 0
-1.65904 , 3.99314 , 0
-1.66961 , 4.00305 , 0
-1.68017 , 4.01294 , 0
-1.69072 , 4.02282 , 0
-1.70127 , 4.03269 , 0
-1.71181 , 4.04254 , 0
-1.72234 , 4.05238 , 0
-1.73287 , 4.0622 , 0
-1.7434 , 4.07201 , 0
-1.75391 , 4.08181 , 0
-1.76443 , 4.09159 , 0
-1.77493 , 4.10136 , 0
-1.78543 , 4.11111 , 0
-1.79593 , 4.12085 , 0
-1.80642 , 4.13058 , 0
-1.8169 , 4.14029 , 0
-1.82737 , 4.14999 , 0
-1.83785 , 4.15968 , 0
-1.84831 , 4.16936 , 0
-1.85877 , 4.17902 , 0
-1.86922 , 4.18867 , 0
-1.87967 , 4.19831 , 0
-1.89011 , 4.20793 , 0
-1.90055 , 4.21754 , 0
-1.91098 , 4.22714 , 0
-1.92141 , 4.23673 , 0
-1.93183 , 4.2463 , 0
-1.94224 , 4.25586 , 0
-1.95265 , 4.26541 , 0
-1.96305 , 4.27495 , 0
-1.97345 , 4.28447 , 0
-1.98384 , 4.29398 , 0
-1.99423 , 4.30349 , 0
-2.00461 , 4.31297 , 0
-2.01499 , 4.32245 , 0
-2.02536 , 4.33192 , 0
-2.03572 , 4.34137 , 0
-2.04608 , 4.35081 , 0
-2.05643 , 4.36024 , 0
-2.06678 , 4.36966 , 0
-2.07712 , 4.37907 , 0
-2.08746 , 4.38847 , 0
-2.09779 , 4.39785 , 0
-2.10812 , 4.40723 , 0
-2.11844 , 4.41659 , 0
-2.12876 , 4.42594 , 0
-2.13907 , 4.43528 , 0
-2.14937 , 4.44461 , 0
-2.15967 , 4.45393 , 0
-2.16997 , 4.46324 , 0
-2.18026 , 4.47253 , 0
-2.19054 , 4.48182 , 0
-2.20082 , 4.4911 , 0
-2.2111 , 4.50036 , 0
-2.22137 , 4.50962 , 0
-2.23163 , 4.51886 , 0
-2.24189 , 4.5281 , 0
-2.25214 , 4.53732 , 0
-2.26239 , 4.54653 , 0
-2.27263 , 4.55574 , 0
-2.28287 , 4.56493 , 0
-2.2931 , 4.57411 , 0
-2.30333 , 4.58328 , 0
-2.31356 , 4.59245 , 0
-2.32377 , 4.6016 , 0
-2.33399 , 4.61074 , 0
-2.3442 , 4.61988 , 0
-2.3544 , 4.629 , 0
-2.3646 , 4.63811 , 0
-2.37479 , 4.64722 , 0
-2.38498 , 4.65631 , 0
-2.39516 , 4.6654 , 0
-2.40534 , 4.67447 , 0
-2.41551 , 4.68354 , 0
-2.42568 , 4.69259 , 0
-2.43585 , 4.70164 , 0
-2.44601 , 4.71068 , 0
-2.45616 , 4.7197 , 0
-2.46631 , 4.72872 , 0
-2.47645 , 4.73773 , 0
-2.48659 , 4.74673 , 0
-2.49673 , 4.75572 , 0
-2.50686 , 4.76471 , 0
-2.51699 , 4.77368 , 0
-2.52711 , 4.78265 , 0
-2.53722 , 4.7916 , 0
-2.54733 , 4.80055 , 0
-2.55744 , 4.80949 , 0
-2.56754 , 4.81841 , 0
-2.57764 , 4.82734 , 0
-2.58773 , 4.83625 , 0
-2.59782 , 4.84515 , 0
-2.60791 , 4.85404 , 0
-2.61799 , 4.86293 , 0
-2.62806 , 4.87181 , 0
-2.63813 , 4.88068 , 0
-2.6482 , 4.88954 , 0
-2.65826 , 4.89839 , 0
-2.66831 , 4.90723 , 0
-2.67836 , 4.91607 , 0
-2.68841 , 4.9249 , 0
-2.69845 , 4.93372 , 0
-2.70849 , 4.94253 , 0
-2.71853 , 4.95133 , 0
-2.72856 , 4.96012 , 0
-2.73858 , 4.96891 , 0
-2.7486 , 4.97769 , 0
-2.75862 , 4.98646 , 0
-2.76863 , 4.99522 , 0
-2.77864 , 5.00398 , 0
-2.78864 , 5.01272 , 0
-2.79864 , 5.02146 , 0
-2.80863 , 5.03019 , 0
-2.81862 , 5.03892 , 0
-2.82861 , 5.04763 , 0
-2.83859 , 5.05634 , 0
-2.84857 , 5.06504 , 0
-2.85854 , 5.07374 , 0
-2.86851 , 5.08242 , 0
-2.87847 , 5.0911 , 0
-2.88843 , 5.09977 , 0
-2.89839 , 5.10843 , 0
-2.90834 , 5.11709 , 0
-2.91829 , 5.12574 , 0
-2.92823 , 5.13438 , 0
-2.93817 , 5.14301 , 0
-2.94811 , 5.15164 , 0
-2.95804 , 5.16025 , 0
-2.96796 , 5.16887 , 0
-2.97789 , 5.17747 , 0
-2.98781 , 5.18607 , 0
-2.99772 , 5.19466 , 0
-3.00763 , 5.20324 , 0
-3.01754 , 5.21182 , 0
-3.02744 , 5.22039 , 0
-3.03734 , 5.22895 , 0
-3.04723 , 5.2375 , 0
-3.05712 , 5.24605 , 0
-3.06701 , 5.25459 , 0
-3.07689 , 5.26312 , 0
-3.08677 , 5.27165 , 0
-3.09664 , 5.28017 , 0
-3.10651 , 5.28869 , 0
-3.11638 , 5.29719 , 0
-3.12624 , 5.30569 , 0
-3.13609 , 5.31419 , 0
-3.14595 , 5.32267 , 0
-3.1558 , 5.33115 , 0
-3.16565 , 5.33963 , 0
-3.17549 , 5.3481 , 0
-3.18533 , 5.35656 , 0
-3.19516 , 5.36501 , 0
-3.20499 , 5.37346 , 0
-3.21482 , 5.3819 , 0
-3.22464 , 5.39033 , 0
-3.23446 , 5.39876 , 0
-3.24428 , 5.40718 , 0
-3.25409 , 5.4156 , 0
-3.2639 , 5.42401 , 0
-3.2737 , 5.43241 , 0
-3.2835 , 5.44081 , 0
-3.2933 , 5.4492 , 0
-3.30309 , 5.45758 , 0
-3.31288 , 5.46596 , 0
-3.32266 , 5.47433 , 0
-3.33244 , 5.4827 , 0
-3.34222 , 5.49106 , 0
-3.352 , 5.49941 , 0
-3.36177 , 5.50776 , 0
-3.37153 , 5.5161 , 0
-3.3813 , 5.52443 , 0
-3.39105 , 5.53276 , 0
-3.40081 , 5.54109 , 0
-3.41056 , 5.5494 , 0
-3.42031 , 5.55771 , 0
-3.43006 , 5.56602 , 0
-3.4398 , 5.57432 , 0
-3.44953 , 5.58261 , 0
-3.45927 , 5.5909 , 0
-3.469 , 5.59918 , 0
-3.47872 , 5.60746 , 0
-3.48845 , 5.61573 , 0
-3.49817 , 5.62399 , 0
-3.50788 , 5.63225 , 0
-3.5176 , 5.64051 , 0
-3.5273 , 5.64876 , 0
-3.53701 , 5.657 , 0
-3.54671 , 5.66523 , 0
-3.55641 , 5.67347 , 0
-3.56611 , 5.68169 , 0
-3.5758 , 5.68991 , 0
-3.58548 , 5.69813 , 0
-3.59517 , 5.70633 , 0
-3.60485 , 5.71454 , 0
-3.61453 , 5.72274 , 0
-3.6242 , 5.73093 , 0
-3.63387 , 5.73911 , 0
-3.64354 , 5.7473 , 0
-3.6532 , 5.75547 , 0
-3.66286 , 5.76364 , 0
-3.67252 , 5.77181 , 0
-3.68218 , 5.77997 , 0
-3.69183 , 5.78812 , 0
-3.70147 , 5.79627 , 0
-3.71112 , 5.80442 , 0
-3.72076 , 5.81256 , 0
-3.73039 , 5.82069 , 0
-3.74003 , 5.82882 , 0
-3.74966 , 5.83695 , 0
-3.75929 , 5.84506 , 0
-3.76891 , 5.85318 , 0
-3.77853 , 5.86129 , 0
-3.78815 , 5.86939 , 0
-3.79776 , 5.87749 , 0
-3.80737 , 5.88558 , 0
-3.81698 , 5.89367 , 0
-3.82658 , 5.90175 , 0
-3.83618 , 5.90983 , 0
-3.84578 , 5.9179 , 0
-3.85538 , 5.92597 , 0
-3.86497 , 5.93403 , 0
-3.87455 , 5.94209 , 0
-3.88414 , 5.95014 , 0
-3.89372 , 5.95819 , 0
-3.9033 , 5.96624 , 0
-3.91287 , 5.97428 , 0
-3.92245 , 5.98231 , 0
-3.93202 , 5.99034 , 0
-3.94158 , 5.99836 , 0
-3.95114 , 6.00638 , 0
-3.9607 , 6.0144 , 0
-3.97026 , 6.02241 , 0
-3.97981 , 6.03041 , 0
-3.98936 , 6.03841 , 0
-3.99891 , 6.04641 , 0
-4.00845 , 6.0544 , 0
-4.018 , 6.06239 , 0
-4.02753 , 6.07037 , 0
-4.03707 , 6.07834 , 0
-4.0466 , 6.08632 , 0
-4.05613 , 6.09429 , 0
-4.06565 , 6.10225 , 0
-4.07518 , 6.11021 , 0
-4.0847 , 6.11816 , 0
-4.09421 , 6.12611 , 0
-4.10373 , 6.13406 , 0
-4.11324 , 6.142 , 0
-4.12274 , 6.14993 , 0
-4.13225 , 6.15787 , 0
-4.14175 , 6.16579 , 0
-4.15125 , 6.17372 , 0
-4.16074 , 6.18164 , 0
-4.17024 , 6.18955 , 0
-4.17973 , 6.19746 , 0
-4.18921 , 6.20536 , 0
-4.1987 , 6.21327 , 0
-4.20818 , 6.22116 , 0
-4.21765 , 6.22905 , 0
-4.22713 , 6.23694 , 0
-4.2366 , 6.24483 , 0
-4.24607 , 6.25271 , 0
-4.25554 , 6.26058 , 0
-4.265 , 6.26845 , 0
-4.27446 , 6.27632 , 0
-4.28392 , 6.28418 , 0
-4.29337 , 6.29204 , 0
-4.30282 , 6.29989 , 0
-4.31227 , 6.30774 , 0
-4.32172 , 6.31559 , 0
-4.33116 , 6.32343 , 0
-4.3406 , 6.33127 , 0
-4.35004 , 6.3391 , 0
-4.35948 , 6.34693 , 0
-4.36891 , 6.35476 , 0
-4.37834 , 6.36258 , 0
-4.38776 , 6.37039 , 0
-4.39719 , 6.37821 , 0
-4.40661 , 6.38602 , 0
-4.41603 , 6.39382 , 0
-4.42544 , 6.40162 , 0
-4.43485 , 6.40942 , 0
-4.44426 , 6.41721 , 0
-4.45367 , 6.425 , 0
-4.46307 , 6.43278 , 0
-4.47248 , 6.44057 , 0
-4.48187 , 6.44834 , 0
-4.49127 , 6.45612 , 0
-4.50066 , 6.46388 , 0
-4.51005 , 6.47165 , 0
-4.51944 , 6.47941 , 0
-4.52883 , 6.48717 , 0
-4.53821 , 6.49492 , 0
-4.54759 , 6.50267 , 0
-4.55697 , 6.51042 , 0
-4.56634 , 6.51816 , 0
-4.57571 , 6.5259 , 0
-4.58508 , 6.53363 , 0
-4.59445 , 6.54136 , 0
-4.60381 , 6.54909 , 0
-4.61317 , 6.55681 , 0
-4.62253 , 6.56453 , 0
-4.63189 , 6.57225 , 0
-4.64124 , 6.57996 , 0
-4.65059 , 6.58767 , 0
-4.65994 , 6.59537 , 0
-4.66928 , 6.60307 , 0
-4.67863 , 6.61077 , 0
-4.68797 , 6.61846 , 0
-4.69731 , 6.62615 , 0
-4.70664 , 6.63384 , 0
-4.71597 , 6.64152 , 0
-4.7253 , 6.6492 , 0
-4.73463 , 6.65688 , 0
-4.74395 , 6.66455 , 0
-4.75328 , 6.67222 , 0
-4.7626 , 6.67988 , 0
-4.77191 , 6.68754 , 0
-4.78123 , 6.6952 , 0
-4.79054 , 6.70285 , 0
-4.79985 , 6.71051 , 0
-4.80916 , 6.71815 , 0
-4.81846 , 6.7258 , 0
-4.82776 , 6.73344 , 0
-4.83706 , 6.74107 , 0
-4.84636 , 6.7487 , 0
-4.85565 , 6.75633 , 0
-4.86495 , 6.76396 , 0
-4.87424 , 6.77158 , 0
-4.88352 , 6.7792 , 0
-4.89281 , 6.78682 , 0
-4.90209 , 6.79443 , 0
-4.91137 , 6.80204 , 0
-4.92065 , 6.80964 , 0
-4.92992 , 6.81725 , 0
-4.93919 , 6.82484 , 0
-4.94846 , 6.83244 , 0
-4.95773 , 6.84003 , 0
-4.967 , 6.84762 , 0
-4.97626 , 6.85521 , 0
-4.98552 , 6.86279 , 0
-4.99478 , 6.87037 , 0
-5.00403 , 6.87794 , 0
-5.01328 , 6.88551 , 0
-5.02253 , 6.89308 , 0
-5.03178 , 6.90065 , 0
-5.04103 , 6.90821 , 0
-5.05027 , 6.91577 , 0
-5.05951 , 6.92332 , 0
-5.06875 , 6.93088 , 0
-5.07799 , 6.93843 , 0
-5.08722 , 6.94597 , 0
-5.09645 , 6.95352 , 0
-5.10568 , 6.96106 , 0
-5.11491 , 6.96859 , 0
-5.12414 , 6.97612 , 0
-5.13336 , 6.98365 , 0
-5.14258 , 6.99118 , 0
-5.1518 , 6.99871 , 0
-5.16101 , 7.00623 , 0
-5.17022 , 7.01374 , 0
-5.17943 , 7.02126 , 0
-5.18864 , 7.02877 , 0
-5.19785 , 7.03628 , 0
-5.20705 , 7.04378 , 0
-5.21625 , 7.05128 , 0
-5.22545 , 7.05878 , 0
-5.23465 , 7.06628 , 0
-5.24385 , 7.07377 , 0
-5.25304 , 7.08126 , 0
-5.26223 , 7.08875 , 0
-5.27142 , 7.09623 , 0
-5.2806 , 7.10371 , 0
-5.28979 , 7.11119 , 0
-5.29897 , 7.11867 , 0
-5.30815 , 7.12614 , 0
-5.31732 , 7.13361 , 0
-5.3265 , 7.14107 , 0
-5.33567 , 7.14853 , 0
-5.34484 , 7.15599 , 0
-5.35401 , 7.16345 , 0
-5.36317 , 7.1709 , 0
-5.37234 , 7.17835 , 0
-5.3815 , 7.1858 , 0
-5.39066 , 7.19325 , 0
-5.39981 , 7.20069 , 0
-5.40897 , 7.20813 , 0
-5.41812 , 7.21556 , 0
-5.42727 , 7.223 , 0
-5.43642 , 7.23043 , 0
-5.44557 , 7.23786 , 0
-5.45471 , 7.24528 , 0
-5.46385 , 7.2527 , 0
-5.47299 , 7.26012 , 0
-5.48213 , 7.26754 , 0
-5.49126 , 7.27495 , 0
-5.5004 , 7.28236 , 0
-5.50953 , 7.28977 , 0
-5.51866 , 7.29717 , 0
-5.52778 , 7.30458 , 0
-5.53691 , 7.31197 , 0
-5.54603 , 7.31937 , 0
-5.55515 , 7.32676 , 0
-5.56427 , 7.33416 , 0
-5.57339 , 7.34154 , 0
-5.5825 , 7.34893 , 0
-5.59161 , 7.35631 , 0
-5.60072 , 7.36369 , 0
-5.60983 , 7.37107 , 0
-5.61894 , 7.37844 , 0
-5.62804 , 7.38581 , 0
-5.63714 , 7.39318 , 0
-5.64624 , 7.40055 , 0
-5.65534 , 7.40791 , 0
-5.66443 , 7.41527 , 0
-5.67353 , 7.42263 , 0
-5.68262 , 7.42999 , 0
-5.69171 , 7.43734 , 0
-5.7008 , 7.44469 , 0
-5.70988 , 7.45204 , 0
-5.71896 , 7.45938 , 0
-5.72805 , 7.46672 , 0
-5.73712 , 7.47406 , 0
-5.7462 , 7.4814 , 0
-5.75528 , 7.48873 , 0
-5.76435 , 7.49607 , 0
-5.77342 , 7.5034 , 0
-5.78249 , 7.51072 , 0
-5.79156 , 7.51805 , 0
-5.80062 , 7.52537 , 0
-5.80969 , 7.53268 , 0
-5.81875 , 7.54 , 0
-5.82781 , 7.54731 , 0
-5.83686 , 7.55463 , 0
-5.84592 , 7.56193 , 0
-5.85497 , 7.56924 , 0
-5.86402 , 7.57654 , 0
-5.87307 , 7.58384 , 0
-5.88212 , 7.59114 , 0
-5.89116 , 7.59844 , 0
-5.90021 , 7.60573 , 0
-5.90925 , 7.61302 , 0
-5.91829 , 7.62031 , 0
-5.92733 , 7.62759 , 0
-5.93636 , 7.63488 , 0
-5.9454 , 7.64216 , 0
-5.95443 , 7.64944 , 0
-5.96346 , 7.65671 , 0
-5.97248 , 7.66398 , 0
-5.98151 , 7.67126 , 0
-5.99053 , 7.67852 , 0
-5.99956 , 7.68579 , 0
-6.00858 , 7.69305 , 0
-6.0176 , 7.70031 , 0
-6.02661 , 7.70757 , 0
-6.03563 , 7.71483 , 0
-6.04464 , 7.72208 , 0
-6.05365 , 7.72933 , 0
-6.06266 , 7.73658 , 0
-6.07167 , 7.74383 , 0
-6.08067 , 7.75107 , 0
-6.08967 , 7.75831 , 0
-6.09868 , 7.76555 , 0
-6.10767 , 7.77279 , 0
-6.11667 , 7.78002 , 0
-6.12567 , 7.78726 , 0
-6.13466 , 7.79449 , 0
-6.14365 , 7.80171 , 0
-6.15264 , 7.80894 , 0
-6.16163 , 7.81616 , 0
-6.17062 , 7.82338 , 0
-6.1796 , 7.8306 , 0
-6.18859 , 7.83782 , 0
-6.19757 , 7.84503 , 0
-6.20655 , 7.85224 , 0
-6.21552 , 7.85945 , 0
-6.2245 , 7.86666 , 0
-6.23347 , 7.87386 , 0
-6.24245 , 7.88106 , 0
-6.25142 , 7.88826 , 0
-6.26038 , 7.89546 , 0
-6.26935 , 7.90265 , 0
-6.27832 , 7.90985 , 0
-6.28728 , 7.91704 , 0
-6.29624 , 7.92423 , 0
-6.3052 , 7.93141 , 0
-6.31416 , 7.9386 , 0
-6.32311 , 7.94578 , 0
-6.33207 , 7.95296 , 0
-6.34102 , 7.96013 , 0
-6.34997 , 7.96731 , 0
-6.35892 , 7.97448 , 0
-6.36786 , 7.98165 , 0
-6.37681 , 7.98882 , 0
-6.38575 , 7.99599 , 0
-6.39469 , 8.00315 , 0
-6.40363 , 8.01031 , 0
-6.41257 , 8.01747 , 0
-6.42151 , 8.02463 , 0
-6.43044 , 8.03178 , 0
-6.43938 , 8.03894 , 0
-6.44831 , 8.04609 , 0
-6.45724 , 8.05323 , 0
-6.46616 , 8.06038 , 0
-6.47509 , 8.06753 , 0
-6.48401 , 8.07467 , 0
-6.49294 , 8.08181 , 0
-6.50186 , 8.08894 , 0
-6.51078 , 8.09608 , 0
-6.51969 , 8.10321 , 0
-6.52861 , 8.11035 , 0
-6.53752 , 8.11747 , 0
-6.54644 , 8.1246 , 0
-6.55535 , 8.13173 , 0
-6.56426 , 8.13885 , 0
-6.57316 , 8.14597 , 0
-6.58207 , 8.15309 , 0
-6.59097 , 8.16021 , 0
-6.59987 , 8.16732 , 0
-6.60877 , 8.17443 , 0
-6.61767 , 8.18154 , 0
-6.62657 , 8.18865 , 0
-6.63547 , 8.19576 , 0
-6.64436 , 8.20286 , 0
-6.65325 , 8.20997 , 0
-6.66214 , 8.21707 , 0
-6.67103 , 8.22416 , 0
-6.67992 , 8.23126 , 0
-6.6888 , 8.23835 , 0
-6.69769 , 8.24545 , 0
-6.70657 , 8.25254 , 0
-6.71545 , 8.25962 , 0
-6.72433 , 8.26671 , 0
-6.73321 , 8.27379 , 0
-6.74208 , 8.28088 , 0
-6.75096 , 8.28796 , 0
-6.75983 , 8.29503 , 0
-6.7687 , 8.30211 , 0
-6.77757 , 8.30918 , 0
-6.78643 , 8.31626 , 0
-6.7953 , 8.32333 , 0
-6.80416 , 8.33039 , 0
-6.81303 , 8.33746 , 0
-6.82189 , 8.34452 , 0
-6.83075 , 8.35159 , 0
-6.83961 , 8.35865 , 0
-6.84846 , 8.3657 , 0
-6.85732 , 8.37276 , 0
-6.86617 , 8.37981 , 0
-6.87502 , 8.38687 , 0
-6.88387 , 8.39392 , 0
-6.89272 , 8.40097 , 0
-6.90157 , 8.40801 , 0
-6.91041 , 8.41506 , 0
-6.91925 , 8.4221 , 0
-6.9281 , 8.42914 , 0
-6.93694 , 8.43618 , 0
-6.94578 , 8.44322 , 0
-6.95461 , 8.45025 , 0
-6.96345 , 8.45728 , 0
-6.97228 , 8.46431 , 0
-6.98111 , 8.47134 , 0
-6.98995 , 8.47837 , 0
-6.99878 , 8.4854 , 0
-7.0076 , 8.49242 , 0
-7.01643 , 8.49944 , 0
-7.02525 , 8.50646 , 0
-7.03408 , 8.51348 , 0
-7.0429 , 8.5205 , 0
-7.05172 , 8.52751 , 0
-7.06054 , 8.53452 , 0
-7.06935 , 8.54153 , 0
-7.07817 , 8.54854 , 0
-7.08698 , 8.55555 , 0
-7.0958 , 8.56256 , 0
-7.10461 , 8.56956 , 0
-7.11342 , 8.57656 , 0
-7.12223 , 8.58356 , 0
-7.13103 , 8.59056 , 0
-7.13984 , 8.59755 , 0
-7.14864 , 8.60455 , 0
-7.15744 , 8.61154 , 0
-7.16624 , 8.61853 , 0
-7.17504 , 8.62552 , 0
-7.18384 , 8.63251 , 0
-7.19264 , 8.63949 , 0
-7.20143 , 8.64648 , 0
-7.21022 , 8.65346 , 0
-7.21901 , 8.66044 , 0
-7.2278 , 8.66741 , 0
-7.23659 , 8.67439 , 0
-7.24538 , 8.68137 , 0
-7.25417 , 8.68834 , 0
-7.26295 , 8.69531 , 0
-7.27173 , 8.70228 , 0
-7.28051 , 8.70925 , 0
-7.28929 , 8.71621 , 0
-7.29807 , 8.72317 , 0
-7.30685 , 8.73014 , 0
-7.31562 , 8.7371 , 0
-7.3244 , 8.74406 , 0
-7.33317 , 8.75101 , 0
-7.34194 , 8.75797 , 0
-7.35071 , 8.76492 , 0
-7.35948 , 8.77187 , 0
-7.36824 , 8.77882 , 0
-7.37701 , 8.78577 , 0
-7.38577 , 8.79272 , 0
-7.39453 , 8.79966 , 0
-7.4033 , 8.80661 , 0
-7.41206 , 8.81355 , 0
-7.42081 , 8.82049 , 0
-7.42957 , 8.82743 , 0
-7.43832 , 8.83436 , 0
-7.44708 , 8.8413 , 0
-7.45583 , 8.84823 , 0
-7.46458 , 8.85516 , 0
-7.47333 , 8.86209 , 0
-7.48208 , 8.86902 , 0
-7.49083 , 8.87594 , 0
-7.49957 , 8.88287 , 0
-7.50831 , 8.88979 , 0
-7.51706 , 8.89671 , 0
-7.5258 , 8.90363 , 0
-7.53454 , 8.91055 , 0
-7.54328 , 8.91747 , 0
-7.55201 , 8.92438 , 0
-7.56075 , 8.9313 , 0
-7.56948 , 8.93821 , 0
-7.57821 , 8.94512 , 0
-7.58695 , 8.95202 , 0
-7.59568 , 8.95893 , 0
-7.6044 , 8.96584 , 0
-7.61313 , 8.97274 , 0
-7.62186 , 8.97964 , 0
-7.63058 , 8.98654 , 0
-7.6393 , 8.99344 , 0
-7.64803 , 9.00034 , 0
-7.65675 , 9.00723 , 0
-7.66546 , 9.01412 , 0
-7.67418 , 9.02102 , 0
-7.6829 , 9.02791 , 0
-7.69161 , 9.0348 , 0
-7.70033 , 9.04168 , 0
-7.70904 , 9.04857 , 0
-7.71775 , 9.05545 , 0
-7.72646 , 9.06233 , 0
-7.73517 , 9.06922 , 0
-7.74387 , 9.07609 , 0
-7.75258 , 9.08297 , 0
-7.76128 , 9.08985 , 0
-7.76999 , 9.09672 , 0
-7.77869 , 9.1036 , 0
-7.78739 , 9.11047 , 0
-7.79609 , 9.11734 , 0
-7.80478 , 9.12421 , 0
-7.81348 , 9.13107 , 0
-7.82217 , 9.13794 , 0
-7.83087 , 9.1448 , 0
-7.83956 , 9.15166 , 0
-7.84825 , 9.15852 , 0
-7.85694 , 9.16538 , 0
-7.86563 , 9.17224 , 0
-7.87431 , 9.1791 , 0
-7.883 , 9.18595 , 0
-7.89168 , 9.1928 , 0
-7.90037 , 9.19965 , 0
-7.90905 , 9.2065 , 0
-7.91773 , 9.21335 , 0
-7.92641 , 9.2202 , 0
-7.93508 , 9.22704 , 0
-7.94376 , 9.23389 , 0
-7.95244 , 9.24073 , 0
-7.96111 , 9.24757 , 0
-7.96978 , 9.25441 , 0
-7.97845 , 9.26125 , 0
-7.98712 , 9.26808 , 0
-7.99579 , 9.27492 , 0
-8.00446 , 9.28175 , 0
-8.01312 , 9.28858 , 0
-8.02179 , 9.29541 , 0
-8.03045 , 9.30224 , 0
-8.03911 , 9.30907 , 0
-8.04778 , 9.3159 , 0
-8.05643 , 9.32272 , 0
-8.06509 , 9.32954 , 0
-8.07375 , 9.33637 , 0
-8.08241 , 9.34319 , 0
-8.09106 , 9.35 , 0
-8.09971 , 9.35682 , 0
-8.10837 , 9.36364 , 0
-8.11702 , 9.37045 , 0
-8.12567 , 9.37726 , 0
-8.13431 , 9.38407 , 0
-8.14296 , 9.39088 , 0
-8.15161 , 9.39769 , 0
-8.16025 , 9.4045 , 0
-8.16889 , 9.41131 , 0
-8.17754 , 9.41811 , 0
-8.18618 , 9.42491 , 0
-8.19482 , 9.43171 , 0
-8.20346 , 9.43851 , 0
-8.21209 , 9.44531 , 0
-8.22073 , 9.45211 , 0
-8.22936 , 9.4589 , 0
-8.238 , 9.4657 , 0
-8.24663 , 9.47249 , 0
-8.25526 , 9.47928 , 0
-8.26389 , 9.48607 , 0
-8.27252 , 9.49286 , 0
-8.28114 , 9.49965 , 0
-8.28977 , 9.50643 , 0
-8.2984 , 9.51322 , 0
-8.30702 , 9.52 , 0
-8.31564 , 9.52678 , 0
-8.32426 , 9.53356 , 0
-8.33288 , 9.54034 , 0
-8.3415 , 9.54712 , 0
-8.35012 , 9.55389 , 0
-8.35874 , 9.56067 , 0
-8.36735 , 9.56744 , 0
-8.37596 , 9.57421 , 0
-8.38458 , 9.58098 , 0
-8.39319 , 9.58775 , 0
-8.4018 , 9.59452 , 0
-8.41041 , 9.60129 , 0
-8.41902 , 9.60805 , 0
-8.42762 , 9.61482 , 0
-8.43623 , 9.62158 , 0
-8.44483 , 9.62834 , 0
-8.45344 , 9.6351 , 0
-8.46204 , 9.64186 , 0
-8.47064 , 9.64861 , 0
-8.47924 , 9.65537 , 0
-8.48784 , 9.66212 , 0
-8.49643 , 9.66888 , 0
-8.50503 , 9.67563 , 0
-8.51363 , 9.68238 , 0
-8.52222 , 9.68913 , 0
-8.53081 , 9.69588 , 0
-8.5394 , 9.70262 , 0
-8.54799 , 9.70937 , 0
-8.55658 , 9.71611 , 0
-8.56517 , 9.72285 , 0
-8.57376 , 9.72959 , 0
-8.58234 , 9.73633 , 0
-8.59093 , 9.74307 , 0
-8.59951 , 9.74981 , 0
-8.60809 , 9.75654 , 0
-8.61667 , 9.76328 , 0
-8.62525 , 9.77001 , 0
-8.63383 , 9.77674 , 0
-8.64241 , 9.78347 , 0
-8.65099 , 9.7902 , 0
-8.65956 , 9.79693 , 0
-8.66814 , 9.80366 , 0
-8.67671 , 9.81038 , 0
-8.68528 , 9.81711 , 0
-8.69385 , 9.82383 , 0
-8.70242 , 9.83055 , 0
-8.71099 , 9.83727 , 0
-8.71956 , 9.84399 , 0
-8.72812 , 9.85071 , 0
-8.73669 , 9.85742 , 0
-8.74525 , 9.86414 , 0
-8.75382 , 9.87085 , 0
-8.76238 , 9.87757 , 0
-8.77094 , 9.88428 , 0
-8.7795 , 9.89099 , 0
-8.78806 , 9.8977 , 0
-8.79661 , 9.9044 , 0
-8.80517 , 9.91111 , 0
-8.81372 , 9.91781 , 0
-8.82228 , 9.92452 , 0
-8.83083 , 9.93122 , 0
-8.83938 , 9.93792 , 0
-8.84793 , 9.94462 , 0
-8.85648 , 9.95132 , 0
-8.86503 , 9.95802 , 0
-8.87358 , 9.96471 , 0
-8.88212 , 9.97141 , 0
-8.89067 , 9.9781 , 0
-8.89921 , 9.9848 , 0
-8.90776 , 9.99149 , 0
-8.9163 , 9.99818 , 0
-8.92484 , 10.0049 , 0
-8.93338 , 10.0116 , 0
-8.94192 , 10.0182 , 0
-8.95045 , 10.0249 , 0
-8.95899 , 10.0316 , 0
-8.96752 , 10.0383 , 0
-8.97606 , 10.045 , 0
-8.98459 , 10.0517 , 0
-8.99312 , 10.0583 , 0
-9.00165 , 10.065 , 0
-9.01018 , 10.0717 , 0
-9.01871 , 10.0784 , 0
-9.02724 , 10.085 , 0
-9.03577 , 10.0917 , 0
-9.04429 , 10.0984 , 0
-9.05282 , 10.1051 , 0
-9.06134 , 10.1117 , 0
-9.06986 , 10.1184 , 0
-9.07838 , 10.1251 , 0
-9.0869 , 10.1317 , 0
-9.09542 , 10.1384 , 0
-9.10394 , 10.1451 , 0
-9.11246 , 10.1517 , 0
-9.12097 , 10.1584 , 0
-9.12949 , 10.165 , 0
-9.138 , 10.1717 , 0
-9.14652 , 10.1784 , 0
-9.15503 , 10.185 , 0
-9.16354 , 10.1917 , 0
-9.17205 , 10.1983 , 0
-9.18056 , 10.205 , 0
-9.18906 , 10.2116 , 0
-9.19757 , 10.2183 , 0
-9.20608 , 10.2249 , 0
-9.21458 , 10.2316 , 0
-9.22308 , 10.2382 , 0
-9.23159 , 10.2449 , 0
-9.24009 , 10.2515 , 0
-9.24859 , 10.2582 , 0
-9.25709 , 10.2648 , 0
-9.26559 , 10.2714 , 0
-9.27408 , 10.2781 , 0
-9.28258 , 10.2847 , 0
-9.29107 , 10.2914 , 0
-9.29957 , 10.298 , 0
-9.30806 , 10.3046 , 0
-9.31655 , 10.3113 , 0
-9.32504 , 10.3179 , 0
-9.33353 , 10.3245 , 0
-9.34202 , 10.3312 , 0
-9.35051 , 10.3378 , 0
-9.359 , 10.3444 , 0
-9.36748 , 10.3511 , 0
-9.37597 , 10.3577 , 0
-9.38445 , 10.3643 , 0
-9.39294 , 10.3709 , 0
-9.40142 , 10.3776 , 0
-9.4099 , 10.3842 , 0
-9.41838 , 10.3908 , 0
-9.42686 , 10.3974 , 0
-9.43533 , 10.404 , 0
-9.44381 , 10.4107 , 0
-9.45229 , 10.4173 , 0
-9.46076 , 10.4239 , 0
-9.46924 , 10.4305 , 0
-9.47771 , 10.4371 , 0
-9.48618 , 10.4437 , 0
-9.49465 , 10.4503 , 0
-9.50312 , 10.4569 , 0
-9.51159 , 10.4636 , 0
-9.52006 , 10.4702 , 0
-9.52852 , 10.4768 , 0
-9.53699 , 10.4834 , 0
-9.54546 , 10.49 , 0
-9.55392 , 10.4966 , 0
-9.56238 , 10.5032 , 0
-9.57084 , 10.5098 , 0
-9.57931 , 10.5164 , 0
-9.58777 , 10.523 , 0
-9.59622 , 10.5296 , 0
-9.60468 , 10.5362 , 0
-9.61314 , 10.5428 , 0
-9.6216 , 10.5494 , 0
-9.63005 , 10.556 , 0
-9.6385 , 10.5626 , 0
-9.64696 , 10.5692 , 0
-9.65541 , 10.5757 , 0
-9.66386 , 10.5823 , 0
-9.67231 , 10.5889 , 0
-9.68076 , 10.5955 , 0
-9.68921 , 10.6021 , 0
-9.69766 , 10.6087 , 0
-9.7061 , 10.6153 , 0
-9.71455 , 10.6219 , 0
-9.72299 , 10.6284 , 0
-9.73144 , 10.635 , 0
-9.73988 , 10.6416 , 0
-9.74832 , 10.6482 , 0
-9.75676 , 10.6548 , 0
-9.7652 , 10.6613 , 0
-9.77364 , 10.6679 , 0
-9.78208 , 10.6745 , 0
-9.79051 , 10.6811 , 0
-9.79895 , 10.6876 , 0
-9.80738 , 10.6942 , 0
-9.81582 , 10.7008 , 0
-9.82425 , 10.7073 , 0
-9.83268 , 10.7139 , 0
-9.84111 , 10.7205 , 0
-9.84954 , 10.727 , 0
-9.85797 , 10.7336 , 0
-9.8664 , 10.7402 , 0
-9.87483 , 10.7467 , 0
-9.88326 , 10.7533 , 0
-9.89168 , 10.7599 , 0
-9.90011 , 10.7664 , 0
-9.90853 , 10.773 , 0
-9.91695 , 10.7795 , 0
-9.92537 , 10.7861 , 0
-9.9338 , 10.7927 , 0
-9.94222 , 10.7992 , 0
-9.95063 , 10.8058 , 0
-9.95905 , 10.8123 , 0
-9.96747 , 10.8189 , 0
-9.97589 , 10.8254 , 0
-9.9843 , 10.832 , 0
-9.99272 , 10.8385 , 0
-10.0011 , 10.8451 , 0
-10.0095 , 10.8516 , 0
-10.018 , 10.8582 , 0
-10.0264 , 10.8647 , 0
-10.0348 , 10.8713 , 0
-10.0432 , 10.8778 , 0
-10.0516 , 10.8843 , 0
-10.06 , 10.8909 , 0
-10.0684 , 10.8974 , 0
-10.0768 , 10.904 , 0
-10.0852 , 10.9105 , 0
-10.0936 , 10.917 , 0
-10.102 , 10.9236 , 0
-10.1104 , 10.9301 , 0
-10.1188 , 10.9367 , 0
-10.1272 , 10.9432 , 0
-10.1356 , 10.9497 , 0
-10.144 , 10.9563 , 0
-10.1524 , 10.9628 , 0
-10.1608 , 10.9693 , 0
-10.1692 , 10.9758 , 0
-10.1776 , 10.9824 , 0
-10.186 , 10.9889 , 0
-10.1944 , 10.9954 , 0
-10.2028 , 11.0019 , 0
-10.2112 , 11.0085 , 0
-10.2196 , 11.015 , 0
-10.2279 , 11.0215 , 0
-10.2363 , 11.028 , 0
-10.2447 , 11.0346 , 0
-10.2531 , 11.0411 , 0
-10.2615 , 11.0476 , 0
-10.2699 , 11.0541 , 0
-10.2783 , 11.0606 , 0
-10.2866 , 11.0671 , 0
-10.295 , 11.0737 , 0
-10.3034 , 11.0802 , 0
-10.3118 , 11.0867 , 0
-10.3202 , 11.0932 , 0
-10.3285 , 11.0997 , 0
-10.3369 , 11.1062 , 0
-10.3453 , 11.1127 , 0
-10.3537 , 11.1192 , 0
-10.3621 , 11.1257 , 0
-10.3704 , 11.1323 , 0
-10.3788 , 11.1388 , 0
-10.3872 , 11.1453 , 0
-10.3955 , 11.1518 , 0
-10.4039 , 11.1583 , 0
-10.4123 , 11.1648 , 0
-10.4207 , 11.1713 , 0
-10.429 , 11.1778 , 0
-10.4374 , 11.1843 , 0
-10.4458 , 11.1908 , 0
-10.4541 , 11.1973 , 0
-10.4625 , 11.2038 , 0
-10.4709 , 11.2103 , 0
-10.4792 , 11.2167 , 0
-10.4876 , 11.2232 , 0
-10.4959 , 11.2297 , 0
-10.5043 , 11.2362 , 0
-10.5127 , 11.2427 , 0
-10.521 , 11.2492 , 0
-10.5294 , 11.2557 , 0
-10.5377 , 11.2622 , 0
-10.5461 , 11.2687 , 0
-10.5544 , 11.2752 , 0
-10.5628 , 11.2816 , 0
-10.5712 , 11.2881 , 0
-10.5795 , 11.2946 , 0
-10.5879 , 11.3011 , 0
-10.5962 , 11.3076 , 0
-10.6046 , 11.3141 , 0
-10.6129 , 11.3205 , 0
-10.6213 , 11.327 , 0
-10.6296 , 11.3335 , 0
-10.638 , 11.34 , 0
-10.6463 , 11.3464 , 0
-10.6546 , 11.3529 , 0
-10.663 , 11.3594 , 0
-10.6713 , 11.3659 , 0
-10.6797 , 11.3723 , 0
-10.688 , 11.3788 , 0
-10.6964 , 11.3853 , 0
-10.7047 , 11.3918 , 0
-10.713 , 11.3982 , 0
-10.7214 , 11.4047 , 0
-10.7297 , 11.4112 , 0
-10.738 , 11.4176 , 0
-10.7464 , 11.4241 , 0
-10.7547 , 11.4306 , 0
-10.7631 , 11.437 , 0
-10.7714 , 11.4435 , 0
-10.7797 , 11.4499 , 0
-10.7881 , 11.4564 , 0
-10.7964 , 11.4629 , 0
-10.8047 , 11.4693 , 0
-10.813 , 11.4758 , 0
-10.8214 , 11.4822 , 0
-10.8297 , 11.4887 , 0
-10.838 , 11.4952 , 0
-10.8464 , 11.5016 , 0
-10.8547 , 11.5081 , 0
-10.863 , 11.5145 , 0
-10.8713 , 11.521 , 0
-10.8797 , 11.5274 , 0
-10.888 , 11.5339 , 0
-10.8963 , 11.5403 , 0
-10.9046 , 11.5468 , 0
-10.9129 , 11.5532 , 0
-10.9213 , 11.5597 , 0
-10.9296 , 11.5661 , 0
-10.9379 , 11.5726 , 0
-10.9462 , 11.579 , 0
-10.9545 , 11.5855 , 0
-10.9628 , 11.5919 , 0
-10.9712 , 11.5983 , 0
-10.9795 , 11.6048 , 0
-10.9878 , 11.6112 , 0
-10.9961 , 11.6177 , 0
-11.0044 , 11.6241 , 0
-11.0127 , 11.6305 , 0
-11.021 , 11.637 , 0
-11.0293 , 11.6434 , 0
-11.0376 , 11.6498 , 0
-11.0459 , 11.6563 , 0
-11.0543 , 11.6627 , 0
-11.0626 , 11.6692 , 0
-11.0709 , 11.6756 , 0
-11.0792 , 11.682 , 0
-11.0875 , 11.6884 , 0
-11.0958 , 11.6949 , 0
-11.1041 , 11.7013 , 0
-11.1124 , 11.7077 , 0
-11.1207 , 11.7142 , 0
-11.129 , 11.7206 , 0
-11.1373 , 11.727 , 0
-11.1456 , 11.7334 , 0
-11.1539 , 11.7399 , 0
-11.1622 , 11.7463 , 0
-11.1705 , 11.7527 , 0
-11.1788 , 11.7591 , 0
-11.1871 , 11.7656 , 0
-11.1953 , 11.772 , 0
-11.2036 , 11.7784 , 0
-11.2119 , 11.7848 , 0
-11.2202 , 11.7912 , 0
-11.2285 , 11.7976 , 0
-11.2368 , 11.8041 , 0
-11.2451 , 11.8105 , 0
-11.2534 , 11.8169 , 0
-11.2617 , 11.8233 , 0
-11.2699 , 11.8297 , 0
-11.2782 , 11.8361 , 0
-11.2865 , 11.8425 , 0
-11.2948 , 11.849 , 0
-11.3031 , 11.8554 , 0
-11.3114 , 11.8618 , 0
-11.3197 , 11.8682 , 0
-11.3279 , 11.8746 , 0
-11.3362 , 11.881 , 0
-11.3445 , 11.8874 , 0
-11.3528 , 11.8938 , 0
-11.361 , 11.9002 , 0
-11.3693 , 11.9066 , 0
-11.3776 , 11.913 , 0
-11.3859 , 11.9194 , 0
-11.3942 , 11.9258 , 0
-11.4024 , 11.9322 , 0
-11.4107 , 11.9386 , 0
-11.419 , 11.945 , 0
-11.4272 , 11.9514 , 0
-11.4355 , 11.9578 , 0
-11.4438 , 11.9642 , 0
-11.4521 , 11.9706 , 0
-11.4603 , 11.977 , 0
-11.4686 , 11.9834 , 0
-11.4769 , 11.9898 , 0
-11.4851 , 11.9962 , 0
-11.4934 , 12.0026 , 0
-11.5017 , 12.009 , 0
-11.5099 , 12.0154 , 0
-11.5182 , 12.0217 , 0
-11.5265 , 12.0281 , 0
-11.5347 , 12.0345 , 0
-11.543 , 12.0409 , 0
-11.5512 , 12.0473 , 0
-11.5595 , 12.0537 , 0
-11.5678 , 12.0601 , 0
-11.576 , 12.0664 , 0
-11.5843 , 12.0728 , 0
-11.5925 , 12.0792 , 0
-11.6008 , 12.0856 , 0
-11.609 , 12.092 , 0
-11.6173 , 12.0984 , 0
-11.6256 , 12.1047 , 0
-11.6338 , 12.1111 , 0
-11.6421 , 12.1175 , 0
-11.6503 , 12.1239 , 0
-11.6586 , 12.1302 , 0
-11.6668 , 12.1366 , 0
-11.6751 , 12.143 , 0
-11.6833 , 12.1494 , 0
-11.6916 , 12.1557 , 0
-11.6998 , 12.1621 , 0
-11.7081 , 12.1685 , 0
-11.7163 , 12.1749 , 0
-11.7245 , 12.1812 , 0
-11.7328 , 12.1876 , 0
-11.741 , 12.194 , 0
-11.7493 , 12.2003 , 0
-11.7575 , 12.2067 , 0
-11.7658 , 12.2131 , 0
-11.774 , 12.2194 , 0
-11.7822 , 12.2258 , 0
-11.7905 , 12.2322 , 0
-11.7987 , 12.2385 , 0
-11.807 , 12.2449 , 0
-11.8152 , 12.2513 , 0
-11.8234 , 12.2576 , 0
-11.8317 , 12.264 , 0
-11.8399 , 12.2703 , 0
-11.8482 , 12.2767 , 0
-11.8564 , 12.2831 , 0
-11.8646 , 12.2894 , 0
-11.8729 , 12.2958 , 0
-11.8811 , 12.3021 , 0
-11.8893 , 12.3085 , 0
-11.8975 , 12.3148 , 0
-11.9058 , 12.3212 , 0
-11.914 , 12.3276 , 0
-11.9222 , 12.3339 , 0
-11.9305 , 12.3403 , 0
-11.9387 , 12.3466 , 0
-11.9469 , 12.353 , 0
-11.9551 , 12.3593 , 0
-11.9634 , 12.3657 , 0
-11.9716 , 12.372 , 0
-11.9798 , 12.3784 , 0
-11.988 , 12.3847 , 0
-11.9963 , 12.3911 , 0
-12.0045 , 12.3974 , 0
-12.0127 , 12.4037 , 0
-12.0209 , 12.4101 , 0
-12.0291 , 12.4164 , 0
-12.0374 , 12.4228 , 0
-12.0456 , 12.4291 , 0
-12.0538 , 12.4355 , 0
-12.062 , 12.4418 , 0
-12.0702 , 12.4481 , 0
-12.0784 , 12.4545 , 0
-12.0867 , 12.4608 , 0
-12.0949 , 12.4672 , 0
-12.1031 , 12.4735 , 0
-12.1113 , 12.4798 , 0
-12.1195 , 12.4862 , 0
-12.1277 , 12.4925 , 0
-12.1359 , 12.4988 , 0
-12.1442 , 12.5052 , 0
-12.1524 , 12.5115 , 0
-12.1606 , 12.5178 , 0
-12.1688 , 12.5242 , 0
-12.177 , 12.5305 , 0
-12.1852 , 12.5368 , 0
-12.1934 , 12.5432 , 0
-12.2016 , 12.5495 , 0
-12.2098 , 12.5558 , 0
-12.218 , 12.5621 , 0
-12.2262 , 12.5685 , 0
-12.2344 , 12.5748 , 0
-12.2426 , 12.5811 , 0
-12.2508 , 12.5874 , 0
-12.259 , 12.5938 , 0
-12.2672 , 12.6001 , 0
-12.2754 , 12.6064 , 0
-12.2836 , 12.6127 , 0
-12.2918 , 12.6191 , 0
-12.3 , 12.6254 , 0
-12.3082 , 12.6317 , 0
-12.3164 , 12.638 , 0
-12.3246 , 12.6443 , 0
-12.3328 , 12.6507 , 0
-12.341 , 12.657 , 0
-12.3492 , 12.6633 , 0
-12.3574 , 12.6696 , 0
-12.3656 , 12.6759 , 0
-12.3738 , 12.6822 , 0
-12.382 , 12.6886 , 0
-12.3901 , 12.6949 , 0
-12.3983 , 12.7012 , 0
-12.4065 , 12.7075 , 0
-12.4147 , 12.7138 , 0
-12.4229 , 12.7201 , 0
-12.4311 , 12.7264 , 0
-12.4393 , 12.7327 , 0
-12.4475 , 12.739 , 0
-12.4556 , 12.7453 , 0
-12.4638 , 12.7517 , 0
-12.472 , 12.758 , 0
-12.4802 , 12.7643 , 0
-12.4884 , 12.7706 , 0
-12.4966 , 12.7769 , 0
-12.5047 , 12.7832 , 0
-12.5129 , 12.7895 , 0
-12.5211 , 12.7958 , 0
-12.5293 , 12.8021 , 0
-12.5375 , 12.8084 , 0
-12.5456 , 12.8147 , 0
-12.5538 , 12.821 , 0
-12.562 , 12.8273 , 0
-12.5702 , 12.8336 , 0
-12.5783 , 12.8399 , 0
-12.5865 , 12.8462 , 0
-12.5947 , 12.8525 , 0
-12.6029 , 12.8588 , 0
-12.611 , 12.8651 , 0
-12.6192 , 12.8714 , 0
-12.6274 , 12.8777 , 0
-12.6356 , 12.884 , 0
-12.6437 , 12.8903 , 0
-12.6519 , 12.8965 , 0
-12.6601 , 12.9028 , 0
-12.6682 , 12.9091 , 0
-12.6764 , 12.9154 , 0
-12.6846 , 12.9217 , 0
-12.6927 , 12.928 , 0
-12.7009 , 12.9343 , 0
-12.7091 , 12.9406 , 0
-12.7172 , 12.9469 , 0
-12.7254 , 12.9531 , 0
-12.7336 , 12.9594 , 0
-12.7417 , 12.9657 , 0
-12.7499 , 12.972 , 0
-12.758 , 12.9783 , 0
-12.7662 , 12.9846 , 0
-12.7744 , 12.9909 , 0
-12.7825 , 12.9971 , 0
-12.7907 , 13.0034 , 0
-12.7988 , 13.0097 , 0
-12.807 , 13.016 , 0
-12.8152 , 13.0223 , 0
-12.8233 , 13.0285 , 0
-12.8315 , 13.0348 , 0
-12.8396 , 13.0411 , 0
-12.8478 , 13.0474 , 0
-12.8559 , 13.0536 , 0
-12.8641 , 13.0599 , 0
-12.8722 , 13.0662 , 0
-12.8804 , 13.0725 , 0
-12.8885 , 13.0787 , 0
-12.8967 , 13.085 , 0
-12.9048 , 13.0913 , 0
-12.913 , 13.0976 , 0
-12.9211 , 13.1038 , 0
-12.9293 , 13.1101 , 0
-12.9374 , 13.1164 , 0
-12.9456 , 13.1226 , 0
-12.9537 , 13.1289 , 0
-12.9619 , 13.1352 , 0
-12.97 , 13.1415 , 0
-12.9782 , 13.1477 , 0
-12.9863 , 13.154 , 0
-12.9945 , 13.1603 , 0
-13.0026 , 13.1665 , 0
-13.0107 , 13.1728 , 0
-13.0189 , 13.179 , 0
-13.027 , 13.1853 , 0
-13.0352 , 13.1916 , 0
-13.0433 , 13.1978 , 0
-13.0515 , 13.2041 , 0
-13.0596 , 13.2104 , 0
-13.0677 , 13.2166 , 0
-13.0759 , 13.2229 , 0
-13.084 , 13.2291 , 0
-13.0921 , 13.2354 , 0
-13.1003 , 13.2417 , 0
-13.1084 , 13.2479 , 0
-13.1165 , 13.2542 , 0
-13.1247 , 13.2604 , 0
-13.1328 , 13.2667 , 0
-13.1409 , 13.2729 , 0
-13.1491 , 13.2792 , 0
-13.1572 , 13.2854 , 0
-13.1653 , 13.2917 , 0
-13.1735 , 13.2979 , 0
-13.1816 , 13.3042 , 0
-13.1897 , 13.3105 , 0
-13.1979 , 13.3167 , 0
-13.206 , 13.323 , 0
-13.2141 , 13.3292 , 0
-13.2222 , 13.3355 , 0
-13.2304 , 13.3417 , 0
-13.2385 , 13.3479 , 0
-13.2466 , 13.3542 , 0
-13.2547 , 13.3604 , 0
-13.2629 , 13.3667 , 0
-13.271 , 13.3729 , 0
-13.2791 , 13.3792 , 0
-13.2872 , 13.3854 , 0
-13.2954 , 13.3917 , 0
-13.3035 , 13.3979 , 0
-13.3116 , 13.4042 , 0
-13.3197 , 13.4104 , 0
-13.3278 , 13.4166 , 0
-13.336 , 13.4229 , 0
-13.3441 , 13.4291 , 0
-13.3522 , 13.4354 , 0
-13.3603 , 13.4416 , 0
-13.3684 , 13.4478 , 0
-13.3765 , 13.4541 , 0
-13.3847 , 13.4603 , 0
-13.3928 , 13.4665 , 0
-13.4009 , 13.4728 , 0
-13.409 , 13.479 , 0
-13.4171 , 13.4853 , 0
-13.4252 , 13.4915 , 0
-13.4333 , 13.4977 , 0
-13.4415 , 13.504 , 0
-13.4496 , 13.5102 , 0
-13.4577 , 13.5164 , 0
-13.4658 , 13.5227 , 0
-13.4739 , 13.5289 , 0
-13.482 , 13.5351 , 0
-13.4901 , 13.5413 , 0
-13.4982 , 13.5476 , 0
-13.5063 , 13.5538 , 0
-13.5144 , 13.56 , 0
-13.5225 , 13.5663 , 0
-13.5306 , 13.5725 , 0
-13.5387 , 13.5787 , 0
-13.5468 , 13.5849 , 0
-13.5549 , 13.5912 , 0
-13.5631 , 13.5974 , 0
-13.5712 , 13.6036 , 0
-13.5793 , 13.6098 , 0
-13.5874 , 13.6161 , 0
-13.5955 , 13.6223 , 0
-13.6036 , 13.6285 , 0
-13.6117 , 13.6347 , 0
-13.6198 , 13.6409 , 0
-13.6279 , 13.6472 , 0
-13.636 , 13.6534 , 0
-13.644 , 13.6596 , 0
-13.6521 , 13.6658 , 0
-13.6602 , 13.672 , 0
-13.6683 , 13.6783 , 0
-13.6764 , 13.6845 , 0
-13.6845 , 13.6907 , 0
-13.6926 , 13.6969 , 0
-13.7007 , 13.7031 , 0
-13.7088 , 13.7093 , 0
-13.7169 , 13.7155 , 0
-13.725 , 13.7218 , 0
-13.7331 , 13.728 , 0
-13.7412 , 13.7342 , 0
-13.7493 , 13.7404 , 0
-13.7574 , 13.7466 , 0
-13.7654 , 13.7528 , 0
-13.7735 , 13.759 , 0
-13.7816 , 13.7652 , 0
-13.7897 , 13.7714 , 0
-13.7978 , 13.7777 , 0
-13.8059 , 13.7839 , 0
-13.814 , 13.7901 , 0
-13.822 , 13.7963 , 0
-13.8301 , 13.8025 , 0
-13.8382 , 13.8087 , 0
-13.8463 , 13.8149 , 0
-13.8544 , 13.8211 , 0
-13.8625 , 13.8273 , 0
-13.8705 , 13.8335 , 0
-13.8786 , 13.8397 , 0
-13.8867 , 13.8459 , 0
-13.8948 , 13.8521 , 0
-13.9029 , 13.8583 , 0
-13.9109 , 13.8645 , 0
-13.919 , 13.8707 , 0
-13.9271 , 13.8769 , 0
-13.9352 , 13.8831 , 0
-13.9433 , 13.8893 , 0
-13.9513 , 13.8955 , 0
-13.9594 , 13.9017 , 0
-13.9675 , 13.9079 , 0
-13.9756 , 13.9141 , 0
-13.9836 , 13.9203 , 0
-13.9917 , 13.9265 , 0
-13.9998 , 13.9327 , 0
-14.0079 , 13.9389 , 0
-14.0159 , 13.9451 , 0
-14.024 , 13.9513 , 0
-14.0321 , 13.9575 , 0
-14.0401 , 13.9637 , 0
-14.0482 , 13.9699 , 0
-14.0563 , 13.976 , 0
-14.0643 , 13.9822 , 0
-14.0724 , 13.9884 , 0
-14.0805 , 13.9946 , 0
-14.0885 , 14.0008 , 0
-14.0966 , 14.007 , 0
-14.1047 , 14.0132 , 0
-14.1127 , 14.0194 , 0
-14.1208 , 14.0256 , 0
-14.1289 , 14.0317 , 0
-14.1369 , 14.0379 , 0
-14.145 , 14.0441 , 0
-14.1531 , 14.0503 , 0
-14.1611 , 14.0565 , 0
-14.1692 , 14.0627 , 0
-14.1773 , 14.0689 , 0
-14.1853 , 14.075 , 0
-14.1934 , 14.0812 , 0
-14.2014 , 14.0874 , 0
-14.2095 , 14.0936 , 0
-14.2176 , 14.0998 , 0
-14.2256 , 14.1059 , 0
-14.2337 , 14.1121 , 0
-14.2417 , 14.1183 , 0
-14.2498 , 14.1245 , 0
-14.2578 , 14.1307 , 0
-14.2659 , 14.1368 , 0
-14.2739 , 14.143 , 0
-14.282 , 14.1492 , 0
-14.2901 , 14.1554 , 0
-14.2981 , 14.1615 , 0
-14.3062 , 14.1677 , 0
-14.3142 , 14.1739 , 0
-14.3223 , 14.1801 , 0
-14.3303 , 14.1862 , 0
-14.3384 , 14.1924 , 0
-14.3464 , 14.1986 , 0
-14.3545 , 14.2048 , 0
-14.3625 , 14.2109 , 0
-14.3706 , 14.2171 , 0
-14.3786 , 14.2233 , 0
-14.3867 , 14.2294 , 0
-14.3947 , 14.2356 , 0
-14.4028 , 14.2418 , 0
-14.4108 , 14.2479 , 0
-14.4189 , 14.2541 , 0
-14.4269 , 14.2603 , 0
-14.4349 , 14.2664 , 0
-14.443 , 14.2726 , 0
-14.451 , 14.2788 , 0
-14.4591 , 14.2849 , 0
-14.4671 , 14.2911 , 0
-14.4752 , 14.2973 , 0
-14.4832 , 14.3034 , 0
-14.4912 , 14.3096 , 0
-14.4993 , 14.3158 , 0
-14.5073 , 14.3219 , 0
-14.5154 , 14.3281 , 0
-14.5234 , 14.3343 , 0
-14.5314 , 14.3404 , 0
-14.5395 , 14.3466 , 0
-14.5475 , 14.3527 , 0
-14.5556 , 14.3589 , 0
-14.5636 , 14.3651 , 0
-14.5716 , 14.3712 , 0
-14.5797 , 14.3774 , 0
-14.5877 , 14.3835 , 0
-14.5957 , 14.3897 , 0
-14.6038 , 14.3958 , 0
-14.6118 , 14.402 , 0
-14.6198 , 14.4082 , 0
-14.6279 , 14.4143 , 0
-14.6359 , 14.4205 , 0
-14.6439 , 14.4266 , 0
-14.652 , 14.4328 , 0
-14.66 , 14.4389 , 0
-14.668 , 14.4451 , 0
-14.6761 , 14.4512 , 0
-14.6841 , 14.4574 , 0
-14.6921 , 14.4635 , 0
-14.7001 , 14.4697 , 0
-14.7082 , 14.4758 , 0
-14.7162 , 14.482 , 0
-14.7242 , 14.4881 , 0
-14.7322 , 14.4943 , 0
-14.7403 , 14.5004 , 0
-14.7483 , 14.5066 , 0
-14.7563 , 14.5127 , 0
-14.7644 , 14.5189 , 0
-14.7724 , 14.525 , 0
-14.7804 , 14.5312 , 0
-14.7884 , 14.5373 , 0
-14.7964 , 14.5435 , 0
-14.8045 , 14.5496 , 0
-14.8125 , 14.5557 , 0
-14.8205 , 14.5619 , 0
-14.8285 , 14.568 , 0
-14.8365 , 14.5742 , 0
-14.8446 , 14.5803 , 0
-14.8526 , 14.5865 , 0
-14.8606 , 14.5926 , 0
-14.8686 , 14.5987 , 0
-14.8766 , 14.6049 , 0
-14.8847 , 14.611 , 0
-14.8927 , 14.6172 , 0
-14.9007 , 14.6233 , 0
-14.9087 , 14.6294 , 0
-14.9167 , 14.6356 , 0
-14.9247 , 14.6417 , 0
-14.9328 , 14.6478 , 0
-14.9408 , 14.654 , 0
-14.9488 , 14.6601 , 0
-14.9568 , 14.6663 , 0
-14.9648 , 14.6724 , 0
-14.9728 , 14.6785 , 0
-14.9808 , 14.6847 , 0
-14.9888 , 14.6908 , 0
-14.9968 , 14.6969 , 0
-15.0049 , 14.7031 , 0
-15.0129 , 14.7092 , 0
-15.0209 , 14.7153 , 0
-15.0289 , 14.7215 , 0
-15.0369 , 14.7276 , 0
-15.0449 , 14.7337 , 0
-15.0529 , 14.7398 , 0
-15.0609 , 14.746 , 0
-15.0689 , 14.7521 , 0
-15.0769 , 14.7582 , 0
-15.0849 , 14.7644 , 0
-15.0929 , 14.7705 , 0
-15.1009 , 14.7766 , 0
-15.1089 , 14.7827 , 0
-15.1169 , 14.7889 , 0
-15.1249 , 14.795 , 0
-15.133 , 14.8011 , 0
-15.141 , 14.8072 , 0
-15.149 , 14.8134 , 0
-15.157 , 14.8195 , 0
-15.165 , 14.8256 , 0
-15.173 , 14.8317 , 0
-15.181 , 14.8379 , 0
-15.189 , 14.844 , 0
-15.197 , 14.8501 , 0
-15.205 , 14.8562 , 0
-15.2129 , 14.8623 , 0
-15.2209 , 14.8685 , 0
-15.2289 , 14.8746 , 0
-15.2369 , 14.8807 , 0
-15.2449 , 14.8868 , 0
-15.2529 , 14.8929 , 0
-15.2609 , 14.8991 , 0
-15.2689 , 14.9052 , 0
-15.2769 , 14.9113 , 0
-15.2849 , 14.9174 , 0
-15.2929 , 14.9235 , 0
-15.3009 , 14.9296 , 0
-15.3089 , 14.9358 , 0
-15.3169 , 14.9419 , 0
-15.3249 , 14.948 , 0
-15.3329 , 14.9541 , 0
-15.3408 , 14.9602 , 0
-15.3488 , 14.9663 , 0
-15.3568 , 14.9724 , 0
-15.3648 , 14.9785 , 0
-15.3728 , 14.9847 , 0
-15.3808 , 14.9908 , 0
-15.3888 , 14.9969 , 0
-15.3968 , 15.003 , 0
-15.4048 , 15.0091 , 0
-15.4127 , 15.0152 , 0
-15.4207 , 15.0213 , 0
-15.4287 , 15.0274 , 0
-15.4367 , 15.0335 , 0
-15.4447 , 15.0396 , 0
-15.4527 , 15.0458 , 0
-15.4606 , 15.0519 , 0
-15.4686 , 15.058 , 0
-15.4766 , 15.0641 , 0
-15.4846 , 15.0702 , 0
-15.4926 , 15.0763 , 0
-15.5006 , 15.0824 , 0
-15.5085 , 15.0885 , 0
-15.5165 , 15.0946 , 0
-15.5245 , 15.1007 , 0
-15.5325 , 15.1068 , 0
-15.5405 , 15.1129 , 0
-15.5484 , 15.119 , 0
-15.5564 , 15.1251 , 0
-15.5644 , 15.1312 , 0
-15.5724 , 15.1373 , 0
-15.5803 , 15.1434 , 0
-15.5883 , 15.1495 , 0
-15.5963 , 15.1556 , 0
-15.6043 , 15.1617 , 0
-15.6122 , 15.1678 , 0
-15.6202 , 15.1739 , 0
-15.6282 , 15.18 , 0
-15.6362 , 15.1861 , 0
-15.6441 , 15.1922 , 0
-15.6521 , 15.1983 , 0
-15.6601 , 15.2044 , 0
-15.6681 , 15.2105 , 0
-15.676 , 15.2166 , 0
-15.684 , 15.2227 , 0
-15.692 , 15.2288 , 0
-15.6999 , 15.2349 , 0
-15.7079 , 15.2409 , 0
-15.7159 , 15.247 , 0
-15.7238 , 15.2531 , 0
-15.7318 , 15.2592 , 0
-15.7398 , 15.2653 , 0
-15.7477 , 15.2714 , 0
-15.7557 , 15.2775 , 0
-15.7637 , 15.2836 , 0
-15.7716 , 15.2897 , 0
-15.7796 , 15.2958 , 0
-15.7876 , 15.3019 , 0
-15.7955 , 15.3079 , 0
-15.8035 , 15.314 , 0
-15.8115 , 15.3201 , 0
-15.8194 , 15.3262 , 0
-15.8274 , 15.3323 , 0
-15.8354 , 15.3384 , 0
-15.8433 , 15.3445 , 0
-15.8513 , 15.3506 , 0
-15.8592 , 15.3566 , 0
-15.8672 , 15.3627 , 0
-15.8752 , 15.3688 , 0
-15.8831 , 15.3749 , 0
-15.8911 , 15.381 , 0
-15.899 , 15.3871 , 0
-15.907 , 15.3931 , 0
-15.915 , 15.3992 , 0
-15.9229 , 15.4053 , 0
-15.9309 , 15.4114 , 0
-15.9388 , 15.4175 , 0
-15.9468 , 15.4235 , 0
-15.9547 , 15.4296 , 0
-15.9627 , 15.4357 , 0
-15.9707 , 15.4418 , 0
-15.9786 , 15.4479 , 0
-15.9866 , 15.4539 , 0
-15.9945 , 15.46 , 0
-16.0025 , 15.4661 , 0
-16.0104 , 15.4722 , 0
-16.0184 , 15.4783 , 0
-16.0263 , 15.4843 , 0
-16.0343 , 15.4904 , 0
-16.0422 , 15.4965 , 0
-16.0502 , 15.5026 , 0
-16.0581 , 15.5086 , 0
-16.0661 , 15.5147 , 0
-16.074 , 15.5208 , 0
-16.082 , 15.5269 , 0
-16.0899 , 15.5329 , 0
-16.0979 , 15.539 , 0
-16.1058 , 15.5451 , 0
-16.1138 , 15.5511 , 0
-16.1217 , 15.5572 , 0
-16.1297 , 15.5633 , 0
-16.1376 , 15.5694 , 0
-16.1456 , 15.5754 , 0
-16.1535 , 15.5815 , 0
-16.1614 , 15.5876 , 0
-16.1694 , 15.5936 , 0
-16.1773 , 15.5997 , 0
-16.1853 , 15.6058 , 0
-16.1932 , 15.6118 , 0
-16.2012 , 15.6179 , 0
-16.2091 , 15.624 , 0
-16.2171 , 15.63 , 0
-16.225 , 15.6361 , 0
-16.2329 , 15.6422 , 0
-16.2409 , 15.6482 , 0
-16.2488 , 15.6543 , 0
-16.2568 , 15.6604 , 0
-16.2647 , 15.6664 , 0
-16.2726 , 15.6725 , 0
-16.2806 , 15.6786 , 0
-16.2885 , 15.6846 , 0
-16.2964 , 15.6907 , 0
-16.3044 , 15.6967 , 0
-16.3123 , 15.7028 , 0
-16.3203 , 15.7089 , 0
-16.3282 , 15.7149 , 0
-16.3361 , 15.721 , 0
-16.3441 , 15.7271 , 0
-16.352 , 15.7331 , 0
-16.3599 , 15.7392 , 0
-16.3679 , 15.7452 , 0
-16.3758 , 15.7513 , 0
-16.3837 , 15.7573 , 0
-16.3917 , 15.7634 , 0
-16.3996 , 15.7695 , 0
-16.4075 , 15.7755 , 0
-16.4155 , 15.7816 , 0
-16.4234 , 15.7876 , 0
-16.4313 , 15.7937 , 0
-16.4393 , 15.7997 , 0
-16.4472 , 15.8058 , 0
-16.4551 , 15.8119 , 0
-16.463 , 15.8179 , 0
-16.471 , 15.824 , 0
-16.4789 , 15.83 , 0
-16.4868 , 15.8361 , 0
-16.4948 , 15.8421 , 0
-16.5027 , 15.8482 , 0
-16.5106 , 15.8542 , 0
-16.5185 , 15.8603 , 0
-16.5265 , 15.8663 , 0
-16.5344 , 15.8724 , 0
-16.5423 , 15.8784 , 0
-16.5502 , 15.8845 , 0
-16.5582 , 15.8905 , 0
-16.5661 , 15.8966 , 0
-16.574 , 15.9026 , 0
-16.5819 , 15.9087 , 0
-16.5899 , 15.9147 , 0
-16.5978 , 15.9208 , 0
-16.6057 , 15.9268 , 0
-16.6136 , 15.9329 , 0
-16.6215 , 15.9389 , 0
-16.6295 , 15.945 , 0
-16.6374 , 15.951 , 0
-16.6453 , 15.9571 , 0
-16.6532 , 15.9631 , 0
-16.6611 , 15.9691 , 0
-16.6691 , 15.9752 , 0
-16.677 , 15.9812 , 0
-16.6849 , 15.9873 , 0
-16.6928 , 15.9933 , 0
-16.7007 , 15.9994 , 0
-16.7087 , 16.0054 , 0
-16.7166 , 16.0114 , 0
-16.7245 , 16.0175 , 0
-16.7324 , 16.0235 , 0
-16.7403 , 16.0296 , 0
-16.7482 , 16.0356 , 0
-16.7561 , 16.0416 , 0
-16.7641 , 16.0477 , 0
-16.772 , 16.0537 , 0
-16.7799 , 16.0598 , 0
-16.7878 , 16.0658 , 0
-16.7957 , 16.0718 , 0
-16.8036 , 16.0779 , 0
-16.8115 , 16.0839 , 0
-16.8194 , 16.09 , 0
-16.8274 , 16.096 , 0
-16.8353 , 16.102 , 0
-16.8432 , 16.1081 , 0
-16.8511 , 16.1141 , 0
-16.859 , 16.1201 , 0
-16.8669 , 16.1262 , 0
-16.8748 , 16.1322 , 0
-16.8827 , 16.1382 , 0
-16.8906 , 16.1443 , 0
-16.8985 , 16.1503 , 0
-16.9064 , 16.1563 , 0
-16.9143 , 16.1624 , 0
-16.9223 , 16.1684 , 0
-16.9302 , 16.1744 , 0
-16.9381 , 16.1805 , 0
-16.946 , 16.1865 , 0
-16.9539 , 16.1925 , 0
-16.9618 , 16.1986 , 0
-16.9697 , 16.2046 , 0
-16.9776 , 16.2106 , 0
-16.9855 , 16.2166 , 0
-16.9934 , 16.2227 , 0
-17.0013 , 16.2287 , 0
-17.0092 , 16.2347 , 0
-17.0171 , 16.2408 , 0
-17.025 , 16.2468 , 0
-17.0329 , 16.2528 , 0
-17.0408 , 16.2588 , 0
-17.0487 , 16.2649 , 0
-17.0566 , 16.2709 , 0
-17.0645 , 16.2769 , 0
-17.0724 , 16.2829 , 0
-17.0803 , 16.289 , 0
-17.0882 , 16.295 , 0
-17.0961 , 16.301 , 0
-17.104 , 16.307 , 0
-17.1119 , 16.3131 , 0
-17.1198 , 16.3191 , 0
-17.1277 , 16.3251 , 0
-17.1356 , 16.3311 , 0
-17.1435 , 16.3371 , 0
-17.1514 , 16.3432 , 0
-17.1593 , 16.3492 , 0
-17.1671 , 16.3552 , 0
-17.175 , 16.3612 , 0
-17.1829 , 16.3673 , 0
-17.1908 , 16.3733 , 0
-17.1987 , 16.3793 , 0
-17.2066 , 16.3853 , 0
-17.2145 , 16.3913 , 0
-17.2224 , 16.3973 , 0
-17.2303 , 16.4034 , 0
-17.2382 , 16.4094 , 0
-17.2461 , 16.4154 , 0
-17.254 , 16.4214 , 0
-17.2618 , 16.4274 , 0
-17.2697 , 16.4335 , 0
-17.2776 , 16.4395 , 0
-17.2855 , 16.4455 , 0
-17.2934 , 16.4515 , 0
-17.3013 , 16.4575 , 0
-17.3092 , 16.4635 , 0
-17.3171 , 16.4695 , 0
-17.325 , 16.4756 , 0
-17.3328 , 16.4816 , 0
-17.3407 , 16.4876 , 0
-17.3486 , 16.4936 , 0
-17.3565 , 16.4996 , 0
-17.3644 , 16.5056 , 0
-17.3723 , 16.5116 , 0
-17.3801 , 16.5176 , 0
-17.388 , 16.5236 , 0
-17.3959 , 16.5297 , 0
-17.4038 , 16.5357 , 0
-17.4117 , 16.5417 , 0
-17.4196 , 16.5477 , 0
-17.4274 , 16.5537 , 0
-17.4353 , 16.5597 , 0
-17.4432 , 16.5657 , 0
-17.4511 , 16.5717 , 0
-17.459 , 16.5777 , 0
-17.4668 , 16.5837 , 0
-17.4747 , 16.5897 , 0
-17.4826 , 16.5958 , 0
-17.4905 , 16.6018 , 0
-17.4984 , 16.6078 , 0
-17.5062 , 16.6138 , 0
-17.5141 , 16.6198 , 0
-17.522 , 16.6258 , 0
-17.5299 , 16.6318 , 0
-17.5377 , 16.6378 , 0
-17.5456 , 16.6438 , 0
-17.5535 , 16.6498 , 0
-17.5614 , 16.6558 , 0
-17.5693 , 16.6618 , 0
-17.5771 , 16.6678 , 0
-17.585 , 16.6738 , 0
-17.5929 , 16.6798 , 0
-17.6007 , 16.6858 , 0
-17.6086 , 16.6918 , 0
-17.6165 , 16.6978 , 0
-17.6244 , 16.7038 , 0
-17.6322 , 16.7098 , 0
-17.6401 , 16.7158 , 0
-17.648 , 16.7218 , 0
-17.6559 , 16.7278 , 0
-17.6637 , 16.7338 , 0
-17.6716 , 16.7398 , 0
-17.6795 , 16.7458 , 0
-17.6873 , 16.7518 , 0
-17.6952 , 16.7578 , 0
-17.7031 , 16.7638 , 0
-17.7109 , 16.7698 , 0
-17.7188 , 16.7758 , 0
-17.7267 , 16.7818 , 0
-17.7345 , 16.7878 , 0
-17.7424 , 16.7938 , 0
-17.7503 , 16.7998 , 0
-17.7581 , 16.8058 , 0
-17.766 , 16.8118 , 0
-17.7739 , 16.8178 , 0
-17.7817 , 16.8237 , 0
-17.7896 , 16.8297 , 0
-17.7975 , 16.8357 , 0
-17.8053 , 16.8417 , 0
-17.8132 , 16.8477 , 0
-17.8211 , 16.8537 , 0
-17.8289 , 16.8597 , 0
-17.8368 , 16.8657 , 0
-17.8447 , 16.8717 , 0
-17.8525 , 16.8777 , 0
-17.8604 , 16.8837 , 0
-17.8682 , 16.8897 , 0
-17.8761 , 16.8956 , 0
-17.884 , 16.9016 , 0
-17.8918 , 16.9076 , 0
-17.8997 , 16.9136 , 0
-17.9075 , 16.9196 , 0
-17.9154 , 16.9256 , 0
-17.9233 , 16.9316 , 0
-17.9311 , 16.9376 , 0
-17.939 , 16.9435 , 0
-17.9468 , 16.9495 , 0
-17.9547 , 16.9555 , 0
-17.9626 , 16.9615 , 0
-17.9704 , 16.9675 , 0
-17.9783 , 16.9735 , 0
-17.9861 , 16.9795 , 0
-17.994 , 16.9854 , 0
-18.0018 , 16.9914 , 0
-18.0097 , 16.9974 , 0
-18.0175 , 17.0034 , 0
-18.0254 , 17.0094 , 0
-18.0333 , 17.0154 , 0
-18.0411 , 17.0213 , 0
-18.049 , 17.0273 , 0
-18.0568 , 17.0333 , 0
-18.0647 , 17.0393 , 0
-18.0725 , 17.0453 , 0
-18.0804 , 17.0512 , 0
-18.0882 , 17.0572 , 0
-18.0961 , 17.0632 , 0
-18.1039 , 17.0692 , 0
-18.1118 , 17.0752 , 0
-18.1196 , 17.0811 , 0
-18.1275 , 17.0871 , 0
-18.1353 , 17.0931 , 0
-18.1432 , 17.0991 , 0
-18.151 , 17.1051 , 0
-18.1589 , 17.111 , 0
-18.1667 , 17.117 , 0
-18.1746 , 17.123 , 0
-18.1824 , 17.129 , 0
-18.1903 , 17.1349 , 0
-18.1981 , 17.1409 , 0
-18.206 , 17.1469 , 0
-18.2138 , 17.1529 , 0
-18.2216 , 17.1588 , 0
-18.2295 , 17.1648 , 0
-18.2373 , 17.1708 , 0
-18.2452 , 17.1768 , 0
-18.253 , 17.1827 , 0
-18.2609 , 17.1887 , 0
-18.2687 , 17.1947 , 0
-18.2766 , 17.2007 , 0
-18.2844 , 17.2066 , 0
-18.2922 , 17.2126 , 0
-18.3001 , 17.2186 , 0
-18.3079 , 17.2246 , 0
-18.3158 , 17.2305 , 0
-18.3236 , 17.2365 , 0
-18.3315 , 17.2425 , 0
-18.3393 , 17.2484 , 0
-18.3471 , 17.2544 , 0
-18.355 , 17.2604 , 0
-18.3628 , 17.2663 , 0
-18.3707 , 17.2723 , 0
-18.3785 , 17.2783 , 0
-18.3863 , 17.2843 , 0
-18.3942 , 17.2902 , 0
-18.402 , 17.2962 , 0
-18.4098 , 17.3022 , 0
-18.4177 , 17.3081 , 0
-18.4255 , 17.3141 , 0
-18.4334 , 17.3201 , 0
-18.4412 , 17.326 , 0
-18.449 , 17.332 , 0
-18.4569 , 17.338 , 0
-18.4647 , 17.3439 , 0
-18.4725 , 17.3499 , 0
-18.4804 , 17.3558 , 0
-18.4882 , 17.3618 , 0
-18.496 , 17.3678 , 0
-18.5039 , 17.3737 , 0
-18.5117 , 17.3797 , 0
-18.5195 , 17.3857 , 0
-18.5274 , 17.3916 , 0
-18.5352 , 17.3976 , 0
-18.543 , 17.4035 , 0
-18.5509 , 17.4095 , 0
-18.5587 , 17.4155 , 0
-18.5665 , 17.4214 , 0
-18.5744 , 17.4274 , 0
-18.5822 , 17.4334 , 0
-18.59 , 17.4393 , 0
-18.5978 , 17.4453 , 0
-18.6057 , 17.4512 , 0
-18.6135 , 17.4572 , 0
-18.6213 , 17.4632 , 0
-18.6292 , 17.4691 , 0
-18.637 , 17.4751 , 0
-18.6448 , 17.481 , 0
-18.6526 , 17.487 , 0
-18.6605 , 17.4929 , 0
-18.6683 , 17.4989 , 0
-18.6761 , 17.5049 , 0
-18.684 , 17.5108 , 0
-18.6918 , 17.5168 , 0
-18.6996 , 17.5227 , 0
-18.7074 , 17.5287 , 0
-18.7153 , 17.5346 , 0
-18.7231 , 17.5406 , 0
-18.7309 , 17.5465 , 0
-18.7387 , 17.5525 , 0
-18.7465 , 17.5585 , 0
-18.7544 , 17.5644 , 0
-18.7622 , 17.5704 , 0
-18.77 , 17.5763 , 0
-18.7778 , 17.5823 , 0
-18.7857 , 17.5882 , 0
-18.7935 , 17.5942 , 0
-18.8013 , 17.6001 , 0
-18.8091 , 17.6061 , 0
-18.8169 , 17.612 , 0
-18.8248 , 17.618 , 0
-18.8326 , 17.6239 , 0
-18.8404 , 17.6299 , 0
-18.8482 , 17.6358 , 0
-18.856 , 17.6418 , 0
-18.8639 , 17.6477 , 0
-18.8717 , 17.6537 , 0
-18.8795 , 17.6596 , 0
-18.8873 , 17.6656 , 0
-18.8951 , 17.6715 , 0
-18.9029 , 17.6775 , 0
-18.9108 , 17.6834 , 0
-18.9186 , 17.6894 , 0
-18.9264 , 17.6953 , 0
-18.9342 , 17.7013 , 0
-18.942 , 17.7072 , 0
-18.9498 , 17.7131 , 0
-18.9577 , 17.7191 , 0
-18.9655 , 17.725 , 0
-18.9733 , 17.731 , 0
-18.9811 , 17.7369 , 0
-18.9889 , 17.7429 , 0
-18.9967 , 17.7488 , 0
-19.0045 , 17.7548 , 0
-19.0124 , 17.7607 , 0
-19.0202 , 17.7667 , 0
-19.028 , 17.7726 , 0
-19.0358 , 17.7785 , 0
-19.0436 , 17.7845 , 0
-19.0514 , 17.7904 , 0
-19.0592 , 17.7964 , 0
-19.067 , 17.8023 , 0
-19.0748 , 17.8082 , 0
-19.0826 , 17.8142 , 0
-19.0905 , 17.8201 , 0
-19.0983 , 17.8261 , 0
-19.1061 , 17.832 , 0
-19.1139 , 17.8379 , 0
-19.1217 , 17.8439 , 0
-19.1295 , 17.8498 , 0
-19.1373 , 17.8558 , 0
-19.1451 , 17.8617 , 0
-19.1529 , 17.8676 , 0
-19.1607 , 17.8736 , 0
-19.1685 , 17.8795 , 0
-19.1763 , 17.8855 , 0
-19.1841 , 17.8914 , 0
-19.192 , 17.8973 , 0
-19.1998 , 17.9033 , 0
-19.2076 , 17.9092 , 0
-19.2154 , 17.9151 , 0
-19.2232 , 17.9211 , 0
-19.231 , 17.927 , 0
-19.2388 , 17.9329 , 0
-19.2466 , 17.9389 , 0
-19.2544 , 17.9448 , 0
-19.2622 , 17.9508 , 0
-19.27 , 17.9567 , 0
-19.2778 , 17.9626 , 0
-19.2856 , 17.9686 , 0
-19.2934 , 17.9745 , 0
-19.3012 , 17.9804 , 0
-19.309 , 17.9864 , 0
-19.3168 , 17.9923 , 0
-19.3246 , 17.9982 , 0
-19.3324 , 18.0041 , 0
-19.3402 , 18.0101 , 0
-19.348 , 18.016 , 0
-19.3558 , 18.0219 , 0
-19.3636 , 18.0279 , 0
-19.3714 , 18.0338 , 0
-19.3792 , 18.0397 , 0
-19.387 , 18.0457 , 0
-19.3948 , 18.0516 , 0
-19.4026 , 18.0575 , 0
-19.4104 , 18.0634 , 0
-19.4182 , 18.0694 , 0
-19.426 , 18.0753 , 0
-19.4338 , 18.0812 , 0
-19.4416 , 18.0872 , 0
-19.4493 , 18.0931 , 0
-19.4571 , 18.099 , 0
-19.4649 , 18.1049 , 0
-19.4727 , 18.1109 , 0
-19.4805 , 18.1168 , 0
-19.4883 , 18.1227 , 0
-19.4961 , 18.1286 , 0
-19.5039 , 18.1346 , 0
-19.5117 , 18.1405 , 0
-19.5195 , 18.1464 , 0
-19.5273 , 18.1523 , 0
-19.5351 , 18.1583 , 0
-19.5429 , 18.1642 , 0
-19.5507 , 18.1701 , 0
-19.5584 , 18.176 , 0
-19.5662 , 18.182 , 0
-19.574 , 18.1879 , 0
-19.5818 , 18.1938 , 0
-19.5896 , 18.1997 , 0
-19.5974 , 18.2057 , 0
-19.6052 , 18.2116 , 0
-19.613 , 18.2175 , 0
-19.6208 , 18.2234 , 0
-19.6285 , 18.2293 , 0
-19.6363 , 18.2353 , 0
-19.6441 , 18.2412 , 0
-19.6519 , 18.2471 , 0
-19.6597 , 18.253 , 0
-19.6675 , 18.2589 , 0
-19.6753 , 18.2649 , 0
-19.6831 , 18.2708 , 0
-19.6908 , 18.2767 , 0
-19.6986 , 18.2826 , 0
-19.7064 , 18.2885 , 0
-19.7142 , 18.2945 , 0
-19.722 , 18.3004 , 0
-19.7298 , 18.3063 , 0
-19.7375 , 18.3122 , 0
-19.7453 , 18.3181 , 0
-19.7531 , 18.324 , 0
-19.7609 , 18.33 , 0
-19.7687 , 18.3359 , 0
-19.7765 , 18.3418 , 0
-19.7842 , 18.3477 , 0
-19.792 , 18.3536 , 0
-19.7998 , 18.3595 , 0
-19.8076 , 18.3654 , 0
-19.8154 , 18.3714 , 0
-19.8232 , 18.3773 , 0
-19.8309 , 18.3832 , 0
-19.8387 , 18.3891 , 0
-19.8465 , 18.395 , 0
-19.8543 , 18.4009 , 0
-19.8621 , 18.4068 , 0
-19.8698 , 18.4128 , 0
-19.8776 , 18.4187 , 0
-19.8854 , 18.4246 , 0
-19.8932 , 18.4305 , 0
-19.9009 , 18.4364 , 0
-19.9087 , 18.4423 , 0
-19.9165 , 18.4482 , 0
-19.9243 , 18.4541 , 0
-19.932 , 18.46 , 0
-19.9398 , 18.466 , 0
-19.9476 , 18.4719 , 0
-19.9554 , 18.4778 , 0
-19.9632 , 18.4837 , 0
-19.9709 , 18.4896 , 0
-19.9787 , 18.4955 , 0
-19.9865 , 18.5014 , 0
-19.9942 , 18.5073 , 0
-20.002 , 18.5132 , 0
-20.0098 , 18.5191 , 0
-20.0176 , 18.525 , 0
-20.0253 , 18.5309 , 0
-20.0331 , 18.5369 , 0
-20.0409 , 18.5428 , 0
-20.0487 , 18.5487 , 0
-20.0564 , 18.5546 , 0
-20.0642 , 18.5605 , 0
-20.072 , 18.5664 , 0
-20.0797 , 18.5723 , 0
-20.0875 , 18.5782 , 0
-20.0953 , 18.5841 , 0
-20.1031 , 18.59 , 0
-20.1108 , 18.5959 , 0
-20.1186 , 18.6018 , 0
-20.1264 , 18.6077 , 0
-20.1341 , 18.6136 , 0
-20.1419 , 18.6195 , 0
-20.1497 , 18.6254 , 0
-20.1574 , 18.6313 , 0
-20.1652 , 18.6372 , 0
-20.173 , 18.6431 , 0
-20.1807 , 18.649 , 0
-20.1885 , 18.6549 , 0
-20.1963 , 18.6608 , 0
-20.204 , 18.6667 , 0
-20.2118 , 18.6726 , 0
-20.2196 , 18.6785 , 0
-20.2273 , 18.6844 , 0
-20.2351 , 18.6903 , 0
-20.2429 , 18.6962 , 0
-20.2506 , 18.7021 , 0
-20.2584 , 18.708 , 0
-20.2662 , 18.7139 , 0
-20.2739 , 18.7198 , 0
-20.2817 , 18.7257 , 0
-20.2895 , 18.7316 , 0
-20.2972 , 18.7375 , 0
-20.305 , 18.7434 , 0
-20.3127 , 18.7493 , 0
-20.3205 , 18.7552 , 0
-20.3283 , 18.7611 , 0
-20.336 , 18.767 , 0
-20.3438 , 18.7729 , 0
-20.3515 , 18.7788 , 0
-20.3593 , 18.7847 , 0
-20.3671 , 18.7906 , 0
-20.3748 , 18.7965 , 0
-20.3826 , 18.8024 , 0
-20.3903 , 18.8083 , 0
-20.3981 , 18.8142 , 0
-20.4059 , 18.8201 , 0
-20.4136 , 18.826 , 0
-20.4214 , 18.8318 , 0
-20.4291 , 18.8377 , 0
-20.4369 , 18.8436 , 0
-20.4447 , 18.8495 , 0
-20.4524 , 18.8554 , 0
-20.4602 , 18.8613 , 0
-20.4679 , 18.8672 , 0
-20.4757 , 18.8731 , 0
-20.4834 , 18.879 , 0
-20.4912 , 18.8849 , 0
-20.4989 , 18.8908 , 0
-20.5067 , 18.8967 , 0
-20.5145 , 18.9025 , 0
-20.5222 , 18.9084 , 0
-20.53 , 18.9143 , 0
-20.5377 , 18.9202 , 0
-20.5455 , 18.9261 , 0
-20.5532 , 18.932 , 0
-20.561 , 18.9379 , 0
-20.5687 , 18.9438 , 0
-20.5765 , 18.9497 , 0
-20.5842 , 18.9556 , 0
-20.592 , 18.9614 , 0
-20.5997 , 18.9673 , 0
-20.6075 , 18.9732 , 0
-20.6152 , 18.9791 , 0
-20.623 , 18.985 , 0
-20.6308 , 18.9909 , 0
-20.6385 , 18.9968 , 0
-20.6463 , 19.0026 , 0
-20.654 , 19.0085 , 0
-20.6618 , 19.0144 , 0
-20.6695 , 19.0203 , 0
-20.6773 , 19.0262 , 0
-20.685 , 19.0321 , 0
-20.6927 , 19.038 , 0
-20.7005 , 19.0438 , 0
-20.7082 , 19.0497 , 0
-20.716 , 19.0556 , 0
-20.7237 , 19.0615 , 0
-20.7315 , 19.0674 , 0
-20.7392 , 19.0733 , 0
-20.747 , 19.0791 , 0
-20.7547 , 19.085 , 0
-20.7625 , 19.0909 , 0
-20.7702 , 19.0968 , 0
-20.778 , 19.1027 , 0
-20.7857 , 19.1086 , 0
-20.7935 , 19.1144 , 0
-20.8012 , 19.1203 , 0
-20.8089 , 19.1262 , 0
-20.8167 , 19.1321 , 0
-20.8244 , 19.138 , 0
-20.8322 , 19.1438 , 0
-20.8399 , 19.1497 , 0
-20.8477 , 19.1556 , 0
-20.8554 , 19.1615 , 0
-20.8631 , 19.1674 , 0
-20.8709 , 19.1732 , 0
-20.8786 , 19.1791 , 0
-20.8864 , 19.185 , 0
-20.8941 , 19.1909 , 0
-20.9019 , 19.1967 , 0
-20.9096 , 19.2026 , 0
-20.9173 , 19.2085 , 0
-20.9251 , 19.2144 , 0
-20.9328 , 19.2203 , 0
-20.9406 , 19.2261 , 0
-20.9483 , 19.232 , 0
-20.956 , 19.2379 , 0
-20.9638 , 19.2438 , 0
-20.9715 , 19.2496 , 0
-20.9793 , 19.2555 , 0
-20.987 , 19.2614 , 0
-20.9947 , 19.2673 , 0
-21.0025 , 19.2731 , 0
-21.0102 , 19.279 , 0
-21.0179 , 19.2849 , 0
-21.0257 , 19.2908 , 0
-21.0334 , 19.2966 , 0
-21.0412 , 19.3025 , 0
-21.0489 , 19.3084 , 0
-21.0566 , 19.3142 , 0
-21.0644 , 19.3201 , 0
-21.0721 , 19.326 , 0
-21.0798 , 19.3319 , 0
-21.0876 , 19.3377 , 0
-21.0953 , 19.3436 , 0
-21.103 , 19.3495 , 0
-21.1108 , 19.3554 , 0
-21.1185 , 19.3612 , 0
-21.1262 , 19.3671 , 0
-21.134 , 19.373 , 0
-21.1417 , 19.3788 , 0
-21.1494 , 19.3847 , 0
-21.1572 , 19.3906 , 0
-21.1649 , 19.3964 , 0
-21.1726 , 19.4023 , 0
-21.1804 , 19.4082 , 0
-21.1881 , 19.4141 , 0
-21.1958 , 19.4199 , 0
-21.2036 , 19.4258 , 0
-21.2113 , 19.4317 , 0
-21.219 , 19.4375 , 0
-21.2268 , 19.4434 , 0
-21.2345 , 19.4493 , 0
-21.2422 , 19.4551 , 0
-21.2499 , 19.461 , 0
-21.2577 , 19.4669 , 0
-21.2654 , 19.4727 , 0
-21.2731 , 19.4786 , 0
-21.2809 , 19.4845 , 0
-21.2886 , 19.4903 , 0
-21.2963 , 19.4962 , 0
-21.304 , 19.5021 , 0
-21.3118 , 19.5079 , 0
-21.3195 , 19.5138 , 0
-21.3272 , 19.5196 , 0
-21.3349 , 19.5255 , 0
-21.3427 , 19.5314 , 0
-21.3504 , 19.5372 , 0
-21.3581 , 19.5431 , 0
-21.3658 , 19.549 , 0
-21.3736 , 19.5548 , 0
-21.3813 , 19.5607 , 0
-21.389 , 19.5666 , 0
-21.3967 , 19.5724 , 0
-21.4045 , 19.5783 , 0
-21.4122 , 19.5841 , 0
-21.4199 , 19.59 , 0
-21.4276 , 19.5959 , 0
-21.4354 , 19.6017 , 0
-21.4431 , 19.6076 , 0
-21.4508 , 19.6134 , 0
-21.4585 , 19.6193 , 0
-21.4663 , 19.6252 , 0
-21.474 , 19.631 , 0
-21.4817 , 19.6369 , 0
-21.4894 , 19.6427 , 0
-21.4971 , 19.6486 , 0
-21.5049 , 19.6545 , 0
-21.5126 , 19.6603 , 0
-21.5203 , 19.6662 , 0
-21.528 , 19.672 , 0
-21.5357 , 19.6779 , 0
-21.5435 , 19.6838 , 0
-21.5512 , 19.6896 , 0
-21.5589 , 19.6955 , 0
-21.5666 , 19.7013 , 0
-21.5743 , 19.7072 , 0
-21.5821 , 19.713 , 0
-21.5898 , 19.7189 , 0
-21.5975 , 19.7248 , 0
-21.6052 , 19.7306 , 0
-21.6129 , 19.7365 , 0
-21.6206 , 19.7423 , 0
-21.6284 , 19.7482 , 0
-21.6361 , 19.754 , 0
-21.6438 , 19.7599 , 0
-21.6515 , 19.7657 , 0
-21.6592 , 19.7716 , 0
-21.6669 , 19.7774 , 0
-21.6747 , 19.7833 , 0
-21.6824 , 19.7892 , 0
-21.6901 , 19.795 , 0
-21.6978 , 19.8009 , 0
-21.7055 , 19.8067 , 0
-21.7132 , 19.8126 , 0
-21.7209 , 19.8184 , 0
-21.7287 , 19.8243 , 0
-21.7364 , 19.8301 , 0
-21.7441 , 19.836 , 0
-21.7518 , 19.8418 , 0
-21.7595 , 19.8477 , 0
-21.7672 , 19.8535 , 0
-21.7749 , 19.8594 , 0
-21.7826 , 19.8652 , 0
-21.7904 , 19.8711 , 0
-21.7981 , 19.8769 , 0
-21.8058 , 19.8828 , 0
-21.8135 , 19.8886 , 0
-21.8212 , 19.8945 , 0
-21.8289 , 19.9003 , 0
-21.8366 , 19.9062 , 0
-21.8443 , 19.912 , 0
-21.852 , 19.9179 , 0
-21.8597 , 19.9237 , 0
-21.8675 , 19.9296 , 0
-21.8752 , 19.9354 , 0
-21.8829 , 19.9413 , 0
-21.8906 , 19.9471 , 0
-21.8983 , 19.953 , 0
-21.906 , 19.9588 , 0
-21.9137 , 19.9647 , 0
-21.9214 , 19.9705 , 0
-21.9291 , 19.9764 , 0
-21.9368 , 19.9822 , 0
-21.9445 , 19.988 , 0
-21.9522 , 19.9939 , 0
-21.9599 , 19.9997 , 0
-21.9676 , 20.0056 , 0
-21.9754 , 20.0114 , 0
-21.9831 , 20.0173 , 0
-21.9908 , 20.0231 , 0
-21.9985 , 20.029 , 0
-22.0062 , 20.0348 , 0
-22.0139 , 20.0406 , 0
-22.0216 , 20.0465 , 0
-22.0293 , 20.0523 , 0
-22.037 , 20.0582 , 0
-22.0447 , 20.064 , 0
-22.0524 , 20.0699 , 0
-22.0601 , 20.0757 , 0
-22.0678 , 20.0815 , 0
-22.0755 , 20.0874 , 0
-22.0832 , 20.0932 , 0
-22.0909 , 20.0991 , 0
-22.0986 , 20.1049 , 0
-22.1063 , 20.1108 , 0
-22.114 , 20.1166 , 0
-22.1217 , 20.1224 , 0
-22.1294 , 20.1283 , 0
-22.1371 , 20.1341 , 0
-22.1448 , 20.14 , 0
-22.1525 , 20.1458 , 0
-22.1602 , 20.1516 , 0
-22.1679 , 20.1575 , 0
-22.1756 , 20.1633 , 0
-22.1833 , 20.1692 , 0
-22.191 , 20.175 , 0
-22.1987 , 20.1808 , 0
-22.2064 , 20.1867 , 0
-22.2141 , 20.1925 , 0
-22.2218 , 20.1983 , 0
-22.2295 , 20.2042 , 0
-22.2372 , 20.21 , 0
-22.2449 , 20.2159 , 0
-22.2526 , 20.2217 , 0
-22.2603 , 20.2275 , 0
-22.268 , 20.2334 , 0
-22.2757 , 20.2392 , 0
-22.2834 , 20.245 , 0
-22.2911 , 20.2509 , 0
-22.2988 , 20.2567 , 0
-22.3065 , 20.2626 , 0
-22.3141 , 20.2684 , 0
-22.3218 , 20.2742 , 0
-22.3295 , 20.2801 , 0
-22.3372 , 20.2859 , 0
-22.3449 , 20.2917 , 0
-22.3526 , 20.2976 , 0
-22.3603 , 20.3034 , 0
-22.368 , 20.3092 , 0
-22.3757 , 20.3151 , 0
-22.3834 , 20.3209 , 0
-22.3911 , 20.3267 , 0
-22.3988 , 20.3326 , 0
-22.4065 , 20.3384 , 0
-22.4142 , 20.3442 , 0
-22.4218 , 20.3501 , 0
-22.4295 , 20.3559 , 0
-22.4372 , 20.3617 , 0
-22.4449 , 20.3676 , 0
-22.4526 , 20.3734 , 0
-22.4603 , 20.3792 , 0
-22.468 , 20.385 , 0
-22.4757 , 20.3909 , 0
-22.4834 , 20.3967 , 0
-22.4911 , 20.4025 , 0
-22.4988 , 20.4084 , 0
-22.5064 , 20.4142 , 0
-22.5141 , 20.42 , 0
-22.5218 , 20.4259 , 0
-22.5295 , 20.4317 , 0
-22.5372 , 20.4375 , 0
-22.5449 , 20.4433 , 0
-22.5526 , 20.4492 , 0
-22.5603 , 20.455 , 0
-22.5679 , 20.4608 , 0
-22.5756 , 20.4667 , 0
-22.5833 , 20.4725 , 0
-22.591 , 20.4783 , 0
-22.5987 , 20.4841 , 0
-22.6064 , 20.49 , 0
-22.6141 , 20.4958 , 0
-22.6217 , 20.5016 , 0
-22.6294 , 20.5074 , 0
-22.6371 , 20.5133 , 0
-22.6448 , 20.5191 , 0
-22.6525 , 20.5249 , 0
-22.6602 , 20.5308 , 0
-22.6678 , 20.5366 , 0
-22.6755 , 20.5424 , 0
-22.6832 , 20.5482 , 0
-22.6909 , 20.5541 , 0
-22.6986 , 20.5599 , 0
-22.7063 , 20.5657 , 0
-22.7139 , 20.5715 , 0
-22.7216 , 20.5773 , 0
-22.7293 , 20.5832 , 0
-22.737 , 20.589 , 0
-22.7447 , 20.5948 , 0
-22.7524 , 20.6006 , 0
-22.76 , 20.6065 , 0
-22.7677 , 20.6123 , 0
-22.7754 , 20.6181 , 0
-22.7831 , 20.6239 , 0
-22.7908 , 20.6298 , 0
-22.7984 , 20.6356 , 0
-22.8061 , 20.6414 , 0
-22.8138 , 20.6472 , 0
-22.8215 , 20.653 , 0
-22.8292 , 20.6589 , 0
-22.8368 , 20.6647 , 0
-22.8445 , 20.6705 , 0
-22.8522 , 20.6763 , 0
-22.8599 , 20.6821 , 0
-22.8675 , 20.688 , 0
-22.8752 , 20.6938 , 0
-22.8829 , 20.6996 , 0
-22.8906 , 20.7054 , 0
-22.8983 , 20.7112 , 0
-22.9059 , 20.7171 , 0
-22.9136 , 20.7229 , 0
-22.9213 , 20.7287 , 0
-22.929 , 20.7345 , 0
-22.9366 , 20.7403 , 0
-22.9443 , 20.7461 , 0
-22.952 , 20.752 , 0
-22.9597 , 20.7578 , 0
-22.9673 , 20.7636 , 0
-22.975 , 20.7694 , 0
-22.9827 , 20.7752 , 0
-22.9904 , 20.7811 , 0
-22.998 , 20.7869 , 0
-23.0057 , 20.7927 , 0
-23.0134 , 20.7985 , 0
-23.0211 , 20.8043 , 0
-23.0287 , 20.8101 , 0
-23.0364 , 20.8159 , 0
-23.0441 , 20.8218 , 0
-23.0517 , 20.8276 , 0
-23.0594 , 20.8334 , 0
-23.0671 , 20.8392 , 0
-23.0748 , 20.845 , 0
-23.0824 , 20.8508 , 0
-23.0901 , 20.8567 , 0
-23.0978 , 20.8625 , 0
-23.1054 , 20.8683 , 0
-23.1131 , 20.8741 , 0
-23.1208 , 20.8799 , 0
-23.1285 , 20.8857 , 0
-23.1361 , 20.8915 , 0
-23.1438 , 20.8973 , 0
-23.1515 , 20.9032 , 0
-23.1591 , 20.909 , 0
-23.1668 , 20.9148 , 0
-23.1745 , 20.9206 , 0
-23.1821 , 20.9264 , 0
-23.1898 , 20.9322 , 0
-23.1975 , 20.938 , 0
-23.2051 , 20.9438 , 0
-23.2128 , 20.9496 , 0
-23.2205 , 20.9555 , 0
-23.2281 , 20.9613 , 0
-23.2358 , 20.9671 , 0
-23.2435 , 20.9729 , 0
-23.2511 , 20.9787 , 0
-23.2588 , 20.9845 , 0
-23.2665 , 20.9903 , 0
-23.2741 , 20.9961 , 0
-23.2818 , 21.0019 , 0
-23.2895 , 21.0077 , 0
-23.2971 , 21.0136 , 0
-23.3048 , 21.0194 , 0
-23.3125 , 21.0252 , 0
-23.3201 , 21.031 , 0
-23.3278 , 21.0368 , 0
-23.3355 , 21.0426 , 0
-23.3431 , 21.0484 , 0
-23.3508 , 21.0542 , 0
-23.3585 , 21.06 , 0
-23.3661 , 21.0658 , 0
-23.3738 , 21.0716 , 0
-23.3814 , 21.0774 , 0
-23.3891 , 21.0832 , 0
-23.3968 , 21.089 , 0
-23.4044 , 21.0948 , 0
-23.4121 , 21.1007 , 0
-23.4198 , 21.1065 , 0
-23.4274 , 21.1123 , 0
-23.4351 , 21.1181 , 0
-23.4427 , 21.1239 , 0
-23.4504 , 21.1297 , 0
-23.4581 , 21.1355 , 0
-23.4657 , 21.1413 , 0
-23.4734 , 21.1471 , 0
-23.481 , 21.1529 , 0
-23.4887 , 21.1587 , 0
-23.4964 , 21.1645 , 0
-23.504 , 21.1703 , 0
-23.5117 , 21.1761 , 0
-23.5193 , 21.1819 , 0
-23.527 , 21.1877 , 0
-23.5347 , 21.1935 , 0
-23.5423 , 21.1993 , 0
-23.55 , 21.2051 , 0
-23.5576 , 21.2109 , 0
-23.5653 , 21.2167 , 0
-23.5729 , 21.2225 , 0
-23.5806 , 21.2283 , 0
-23.5883 , 21.2341 , 0
-23.5959 , 21.2399 , 0
-23.6036 , 21.2457 , 0
-23.6112 , 21.2515 , 0
-23.6189 , 21.2573 , 0
-23.6265 , 21.2631 , 0
-23.6342 , 21.2689 , 0
-23.6418 , 21.2747 , 0
-23.6495 , 21.2805 , 0
-23.6572 , 21.2863 , 0
-23.6648 , 21.2921 , 0
-23.6725 , 21.2979 , 0
-23.6801 , 21.3037 , 0
-23.6878 , 21.3095 , 0
-23.6954 , 21.3153 , 0
-23.7031 , 21.3211 , 0
-23.7107 , 21.3269 , 0
-23.7184 , 21.3327 , 0
-23.726 , 21.3385 , 0
-23.7337 , 21.3443 , 0
-23.7413 , 21.3501 , 0
-23.749 , 21.3559 , 0
-23.7566 , 21.3617 , 0
-23.7643 , 21.3675 , 0
-23.772 , 21.3733 , 0
-23.7796 , 21.3791 , 0
-23.7873 , 21.3849 , 0
-23.7949 , 21.3907 , 0
-23.8026 , 21.3965 , 0
-23.8102 , 21.4023 , 0
-23.8179 , 21.4081 , 0
-23.8255 , 21.4139 , 0
-23.8332 , 21.4197 , 0
-23.8408 , 21.4254 , 0
-23.8485 , 21.4312 , 0
-23.8561 , 21.437 , 0
-23.8638 , 21.4428 , 0
-23.8714 , 21.4486 , 0
-23.8791 , 21.4544 , 0
-23.8867 , 21.4602 , 0
-23.8943 , 21.466 , 0
-23.902 , 21.4718 , 0
-23.9096 , 21.4776 , 0
-23.9173 , 21.4834 , 0
-23.9249 , 21.4892 , 0
-23.9326 , 21.495 , 0
-23.9402 , 21.5008 , 0
-23.9479 , 21.5066 , 0
-23.9555 , 21.5123 , 0
-23.9632 , 21.5181 , 0
-23.9708 , 21.5239 , 0
-23.9785 , 21.5297 , 0
-23.9861 , 21.5355 , 0
-23.9938 , 21.5413 , 0
-24.0014 , 21.5471 , 0
-24.009 , 21.5529 , 0
-24.0167 , 21.5587 , 0
-24.0243 , 21.5645 , 0
-24.032 , 21.5703 , 0
-24.0396 , 21.576 , 0
-24.0473 , 21.5818 , 0
-24.0549 , 21.5876 , 0
-24.0626 , 21.5934 , 0
-24.0702 , 21.5992 , 0
-24.0778 , 21.605 , 0
-24.0855 , 21.6108 , 0
-24.0931 , 21.6166 , 0
-24.1008 , 21.6224 , 0
-24.1084 , 21.6281 , 0
-24.1161 , 21.6339 , 0
-24.1237 , 21.6397 , 0
-24.1313 , 21.6455 , 0
-24.139 , 21.6513 , 0
-24.1466 , 21.6571 , 0
-24.1543 , 21.6629 , 0
-24.1619 , 21.6686 , 0
-24.1695 , 21.6744 , 0
-24.1772 , 21.6802 , 0
-24.1848 , 21.686 , 0
-24.1925 , 21.6918 , 0
-24.2001 , 21.6976 , 0
-24.2077 , 21.7034 , 0
-24.2154 , 21.7091 , 0
-24.223 , 21.7149 , 0
-24.2307 , 21.7207 , 0
-24.2383 , 21.7265 , 0
-24.2459 , 21.7323 , 0
-24.2536 , 21.7381 , 0
-24.2612 , 21.7439 , 0
-24.2689 , 21.7496 , 0
-24.2765 , 21.7554 , 0
-24.2841 , 21.7612 , 0
-24.2918 , 21.767 , 0
-24.2994 , 21.7728 , 0
-24.307 , 21.7786 , 0
-24.3147 , 21.7843 , 0
-24.3223 , 21.7901 , 0
-24.3299 , 21.7959 , 0
-24.3376 , 21.8017 , 0
-24.3452 , 21.8075 , 0
-24.3529 , 21.8133 , 0
-24.3605 , 21.819 , 0
-24.3681 , 21.8248 , 0
-24.3758 , 21.8306 , 0
-24.3834 , 21.8364 , 0
-24.391 , 21.8422 , 0
-24.3987 , 21.8479 , 0
-24.4063 , 21.8537 , 0
-24.4139 , 21.8595 , 0
-24.4216 , 21.8653 , 0
-24.4292 , 21.8711 , 0
-24.4368 , 21.8768 , 0
-24.4445 , 21.8826 , 0
-24.4521 , 21.8884 , 0
-24.4597 , 21.8942 , 0
-24.4674 , 21.9 , 0
-24.475 , 21.9057 , 0
-24.4826 , 21.9115 , 0
-24.4903 , 21.9173 , 0
-24.4979 , 21.9231 , 0
-24.5055 , 21.9289 , 0
-24.5132 , 21.9346 , 0
-24.5208 , 21.9404 , 0
-24.5284 , 21.9462 , 0
-24.5361 , 21.952 , 0
-24.5437 , 21.9577 , 0
-24.5513 , 21.9635 , 0
-24.5589 , 21.9693 , 0
-24.5666 , 21.9751 , 0
-24.5742 , 21.9809 , 0
-24.5818 , 21.9866 , 0
-24.5895 , 21.9924 , 0
-24.5971 , 21.9982 , 0
-24.6047 , 22.004 , 0
-24.6123 , 22.0097 , 0
-24.62 , 22.0155 , 0
-24.6276 , 22.0213 , 0
-24.6352 , 22.0271 , 0
-24.6429 , 22.0328 , 0
-24.6505 , 22.0386 , 0
-24.6581 , 22.0444 , 0
-24.6657 , 22.0502 , 0
-24.6734 , 22.0559 , 0
-24.681 , 22.0617 , 0
-24.6886 , 22.0675 , 0
-24.6963 , 22.0733 , 0
-24.7039 , 22.079 , 0
-24.7115 , 22.0848 , 0
-24.7191 , 22.0906 , 0
-24.7268 , 22.0963 , 0
-24.7344 , 22.1021 , 0
-24.742 , 22.1079 , 0
-24.7496 , 22.1137 , 0
-24.7573 , 22.1194 , 0
-24.7649 , 22.1252 , 0
-24.7725 , 22.131 , 0
-24.7801 , 22.1368 , 0
-24.7878 , 22.1425 , 0
-24.7954 , 22.1483 , 0
-24.803 , 22.1541 , 0
-24.8106 , 22.1598 , 0
-24.8182 , 22.1656 , 0
-24.8259 , 22.1714 , 0
-24.8335 , 22.1772 , 0
-24.8411 , 22.1829 , 0
-24.8487 , 22.1887 , 0
-24.8564 , 22.1945 , 0
-24.864 , 22.2002 , 0
-24.8716 , 22.206 , 0
-24.8792 , 22.2118 , 0
-24.8868 , 22.2175 , 0
-24.8945 , 22.2233 , 0
-24.9021 , 22.2291 , 0
-24.9097 , 22.2348 , 0
-24.9173 , 22.2406 , 0
-24.925 , 22.2464 , 0
-24.9326 , 22.2522 , 0
-24.9402 , 22.2579 , 0
-24.9478 , 22.2637 , 0
-24.9554 , 22.2695 , 0
-24.9631 , 22.2752 , 0
-24.9707 , 22.281 , 0
-24.9783 , 22.2868 , 0
-24.9859 , 22.2925 , 0
-24.9935 , 22.2983 , 0
-25.0011 , 22.3041 , 0
-25.0088 , 22.3098 , 0
-25.0164 , 22.3156 , 0
-25.024 , 22.3214 , 0
-25.0316 , 22.3271 , 0
-25.0392 , 22.3329 , 0
-25.0469 , 22.3387 , 0
-25.0545 , 22.3444 , 0
-25.0621 , 22.3502 , 0
-25.0697 , 22.356 , 0
-25.0773 , 22.3617 , 0
-25.0849 , 22.3675 , 0
-25.0926 , 22.3732 , 0
-25.1002 , 22.379 , 0
-25.1078 , 22.3848 , 0
-25.1154 , 22.3905 , 0
-25.123 , 22.3963 , 0
-25.1306 , 22.4021 , 0
-25.1383 , 22.4078 , 0
-25.1459 , 22.4136 , 0
-25.1535 , 22.4194 , 0
-25.1611 , 22.4251 , 0
-25.1687 , 22.4309 , 0
-25.1763 , 22.4366 , 0
-25.1839 , 22.4424 , 0
-25.1916 , 22.4482 , 0
-25.1992 , 22.4539 , 0
-25.2068 , 22.4597 , 0
-25.2144 , 22.4655 , 0
-25.222 , 22.4712 , 0
-25.2296 , 22.477 , 0
-25.2372 , 22.4827 , 0
-25.2448 , 22.4885 , 0
-25.2525 , 22.4943 , 0
-25.2601 , 22.5 , 0
-25.2677 , 22.5058 , 0
-25.2753 , 22.5115 , 0
-25.2829 , 22.5173 , 0
-25.2905 , 22.5231 , 0
-25.2981 , 22.5288 , 0
-25.3057 , 22.5346 , 0
-25.3133 , 22.5403 , 0
-25.321 , 22.5461 , 0
-25.3286 , 22.5519 , 0
-25.3362 , 22.5576 , 0
-25.3438 , 22.5634 , 0
-25.3514 , 22.5691 , 0
-25.359 , 22.5749 , 0
-25.3666 , 22.5807 , 0
-25.3742 , 22.5864 , 0
-25.3818 , 22.5922 , 0
-25.3894 , 22.5979 , 0
-25.397 , 22.6037 , 0
-25.4047 , 22.6095 , 0
-25.4123 , 22.6152 , 0
-25.4199 , 22.621 , 0
-25.4275 , 22.6267 , 0
-25.4351 , 22.6325 , 0
-25.4427 , 22.6382 , 0
-25.4503 , 22.644 , 0
-25.4579 , 22.6497 , 0
-25.4655 , 22.6555 , 0
-25.4731 , 22.6613 , 0
-25.4807 , 22.667 , 0
-25.4883 , 22.6728 , 0
-25.4959 , 22.6785 , 0
-25.5035 , 22.6843 , 0
-25.5112 , 22.69 , 0
-25.5188 , 22.6958 , 0
-25.5264 , 22.7015 , 0
-25.534 , 22.7073 , 0
-25.5416 , 22.7131 , 0
-25.5492 , 22.7188 , 0
-25.5568 , 22.7246 , 0
-25.5644 , 22.7303 , 0
-25.572 , 22.7361 , 0
-25.5796 , 22.7418 , 0
-25.5872 , 22.7476 , 0
-25.5948 , 22.7533 , 0
-25.6024 , 22.7591 , 0
-25.61 , 22.7648 , 0
-25.6176 , 22.7706 , 0
-25.6252 , 22.7763 , 0
-25.6328 , 22.7821 , 0
-25.6404 , 22.7879 , 0
-25.648 , 22.7936 , 0
-25.6556 , 22.7994 , 0
-25.6632 , 22.8051 , 0
-25.6708 , 22.8109 , 0
-25.6784 , 22.8166 , 0
-25.686 , 22.8224 , 0
-25.6936 , 22.8281 , 0
-25.7012 , 22.8339 , 0
-25.7088 , 22.8396 , 0
-25.7164 , 22.8454 , 0
-25.724 , 22.8511 , 0
-25.7316 , 22.8569 , 0
-25.7392 , 22.8626 , 0
-25.7468 , 22.8684 , 0
-25.7544 , 22.8741 , 0
-25.762 , 22.8799 , 0
-25.7696 , 22.8856 , 0
-25.7772 , 22.8914 , 0
-25.7848 , 22.8971 , 0
-25.7924 , 22.9029 , 0
-25.8 , 22.9086 , 0
-25.8076 , 22.9144 , 0
-25.8152 , 22.9201 , 0
-25.8228 , 22.9259 , 0
-25.8304 , 22.9316 , 0
-25.838 , 22.9374 , 0
-25.8456 , 22.9431 , 0
-25.8532 , 22.9489 , 0
-25.8608 , 22.9546 , 0
-25.8684 , 22.9603 , 0
-25.876 , 22.9661 , 0
-25.8836 , 22.9718 , 0
-25.8912 , 22.9776 , 0
-25.8988 , 22.9833 , 0
-25.9064 , 22.9891 , 0
-25.914 , 22.9948 , 0
-25.9216 , 23.0006 , 0
-25.9292 , 23.0063 , 0
-25.9368 , 23.0121 , 0
-25.9444 , 23.0178 , 0
-25.952 , 23.0236 , 0
-25.9596 , 23.0293 , 0
-25.9672 , 23.0351 , 0
-25.9747 , 23.0408 , 0
-25.9823 , 23.0465 , 0
-25.9899 , 23.0523 , 0
-25.9975 , 23.058 , 0
-26.0051 , 23.0638 , 0
-26.0127 , 23.0695 , 0
-26.0203 , 23.0753 , 0
-26.0279 , 23.081 , 0
-26.0355 , 23.0868 , 0
-26.0431 , 23.0925 , 0
-26.0507 , 23.0982 , 0
-26.0583 , 23.104 , 0
-26.0659 , 23.1097 , 0
-26.0735 , 23.1155 , 0
-26.0811 , 23.1212 , 0
-26.0886 , 23.127 , 0
-26.0962 , 23.1327 , 0
-26.1038 , 23.1384 , 0
-26.1114 , 23.1442 , 0
-26.119 , 23.1499 , 0
-26.1266 , 23.1557 , 0
-26.1342 , 23.1614 , 0
-26.1418 , 23.1671 , 0
-26.1494 , 23.1729 , 0
-26.157 , 23.1786 , 0
-26.1645 , 23.1844 , 0
-26.1721 , 23.1901 , 0
-26.1797 , 23.1959 , 0
-26.1873 , 23.2016 , 0
-26.1949 , 23.2073 , 0
-26.2025 , 23.2131 , 0
-26.2101 , 23.2188 , 0
-26.2177 , 23.2246 , 0
-26.2253 , 23.2303 , 0
-26.2328 , 23.236 , 0
-26.2404 , 23.2418 , 0
-26.248 , 23.2475 , 0
-26.2556 , 23.2533 , 0
-26.2632 , 23.259 , 0
-26.2708 , 23.2647 , 0
-26.2784 , 23.2705 , 0
-26.286 , 23.2762 , 0
-26.2935 , 23.2819 , 0
-26.3011 , 23.2877 , 0
-26.3087 , 23.2934 , 0
-26.3163 , 23.2992 , 0
-26.3239 , 23.3049 , 0
-26.3315 , 23.3106 , 0
-26.3391 , 23.3164 , 0
-26.3467 , 23.3221 , 0
-26.3542 , 23.3278 , 0
-26.3618 , 23.3336 , 0
-26.3694 , 23.3393 , 0
-26.377 , 23.3451 , 0
-26.3846 , 23.3508 , 0
-26.3922 , 23.3565 , 0
-26.3997 , 23.3623 , 0
-26.4073 , 23.368 , 0
-26.4149 , 23.3737 , 0
-26.4225 , 23.3795 , 0
-26.4301 , 23.3852 , 0
-26.4377 , 23.3909 , 0
-26.4452 , 23.3967 , 0
-26.4528 , 23.4024 , 0
-26.4604 , 23.4082 , 0
-26.468 , 23.4139 , 0
-26.4756 , 23.4196 , 0
-26.4832 , 23.4254 , 0
-26.4907 , 23.4311 , 0
-26.4983 , 23.4368 , 0
-26.5059 , 23.4426 , 0
-26.5135 , 23.4483 , 0
-26.5211 , 23.454 , 0
-26.5286 , 23.4598 , 0
-26.5362 , 23.4655 , 0
-26.5438 , 23.4712 , 0
-26.5514 , 23.477 , 0
-26.559 , 23.4827 , 0
-26.5666 , 23.4884 , 0
-26.5741 , 23.4942 , 0
-26.5817 , 23.4999 , 0
-26.5893 , 23.5056 , 0
-26.5969 , 23.5114 , 0
-26.6045 , 23.5171 , 0
-26.612 , 23.5228 , 0
-26.6196 , 23.5286 , 0
-26.6272 , 23.5343 , 0
-26.6348 , 23.54 , 0
-26.6423 , 23.5457 , 0
-26.6499 , 23.5515 , 0
-26.6575 , 23.5572 , 0
-26.6651 , 23.5629 , 0
-26.6727 , 23.5687 , 0
-26.6802 , 23.5744 , 0
-26.6878 , 23.5801 , 0
-26.6954 , 23.5859 , 0
-26.703 , 23.5916 , 0
-26.7105 , 23.5973 , 0
-26.7181 , 23.6031 , 0
-26.7257 , 23.6088 , 0
-26.7333 , 23.6145 , 0
-26.7409 , 23.6202 , 0
-26.7484 , 23.626 , 0
-26.756 , 23.6317 , 0
-26.7636 , 23.6374 , 0
-26.7712 , 23.6432 , 0
-26.7787 , 23.6489 , 0
-26.7863 , 23.6546 , 0
-26.7939 , 23.6603 , 0
-26.8015 , 23.6661 , 0
-26.809 , 23.6718 , 0
-26.8166 , 23.6775 , 0
-26.8242 , 23.6832 , 0
-26.8318 , 23.689 , 0
-26.8393 , 23.6947 , 0
-26.8469 , 23.7004 , 0
-26.8545 , 23.7062 , 0
-26.8621 , 23.7119 , 0
-26.8696 , 23.7176 , 0
-26.8772 , 23.7233 , 0
-26.8848 , 23.7291 , 0
-26.8923 , 23.7348 , 0
-26.8999 , 23.7405 , 0
-26.9075 , 23.7462 , 0
-26.9151 , 23.752 , 0
-26.9226 , 23.7577 , 0
-26.9302 , 23.7634 , 0
-26.9378 , 23.7691 , 0
-26.9454 , 23.7749 , 0
-26.9529 , 23.7806 , 0
-26.9605 , 23.7863 , 0
-26.9681 , 23.792 , 0
-26.9756 , 23.7978 , 0
-26.9832 , 23.8035 , 0
-26.9908 , 23.8092 , 0
-26.9983 , 23.8149 , 0
-27.0059 , 23.8207 , 0
-27.0135 , 23.8264 , 0
-27.0211 , 23.8321 , 0
-27.0286 , 23.8378 , 0
-27.0362 , 23.8436 , 0
-27.0438 , 23.8493 , 0
-27.0513 , 23.855 , 0
-27.0589 , 23.8607 , 0
-27.0665 , 23.8665 , 0
-27.074 , 23.8722 , 0
-27.0816 , 23.8779 , 0
-27.0892 , 23.8836 , 0
-27.0967 , 23.8893 , 0
-27.1043 , 23.8951 , 0
-27.1119 , 23.9008 , 0
-27.1195 , 23.9065 , 0
-27.127 , 23.9122 , 0
-27.1346 , 23.9179 , 0
-27.1422 , 23.9237 , 0
-27.1497 , 23.9294 , 0
-27.1573 , 23.9351 , 0
-27.1649 , 23.9408 , 0
-27.1724 , 23.9466 , 0
-27.18 , 23.9523 , 0
-27.1876 , 23.958 , 0
-27.1951 , 23.9637 , 0
-27.2027 , 23.9694 , 0
-27.2103 , 23.9752 , 0
-27.2178 , 23.9809 , 0
-27.2254 , 23.9866 , 0
-27.233 , 23.9923 , 0
-27.2405 , 23.998 , 0
-27.2481 , 24.0038 , 0
-27.2556 , 24.0095 , 0
-27.2632 , 24.0152 , 0
-27.2708 , 24.0209 , 0
-27.2783 , 24.0266 , 0
-27.2859 , 24.0323 , 0
-27.2935 , 24.0381 , 0
-27.301 , 24.0438 , 0
-27.3086 , 24.0495 , 0
-27.3162 , 24.0552 , 0
-27.3237 , 24.0609 , 0
-27.3313 , 24.0667 , 0
-27.3388 , 24.0724 , 0
-27.3464 , 24.0781 , 0
-27.354 , 24.0838 , 0
-27.3615 , 24.0895 , 0
-27.3691 , 24.0952 , 0
-27.3767 , 24.101 , 0
-27.3842 , 24.1067 , 0
-27.3918 , 24.1124 , 0
-27.3993 , 24.1181 , 0
-27.4069 , 24.1238 , 0
-27.4145 , 24.1295 , 0
-27.422 , 24.1353 , 0
-27.4296 , 24.141 , 0
-27.4371 , 24.1467 , 0
-27.4447 , 24.1524 , 0
-27.4523 , 24.1581 , 0
-27.4598 , 24.1638 , 0
-27.4674 , 24.1695 , 0
-27.475 , 24.1753 , 0
-27.4825 , 24.181 , 0
-27.4901 , 24.1867 , 0
-27.4976 , 24.1924 , 0
-27.5052 , 24.1981 , 0
-27.5127 , 24.2038 , 0
-27.5203 , 24.2095 , 0
-27.5279 , 24.2153 , 0
-27.5354 , 24.221 , 0
-27.543 , 24.2267 , 0
-27.5505 , 24.2324 , 0
-27.5581 , 24.2381 , 0
-27.5657 , 24.2438 , 0
-27.5732 , 24.2495 , 0
-27.5808 , 24.2553 , 0
-27.5883 , 24.261 , 0
-27.5959 , 24.2667 , 0
-27.6034 , 24.2724 , 0
-27.611 , 24.2781 , 0
-27.6186 , 24.2838 , 0
-27.6261 , 24.2895 , 0
-27.6337 , 24.2952 , 0
-27.6412 , 24.3009 , 0
-27.6488 , 24.3067 , 0
-27.6563 , 24.3124 , 0
-27.6639 , 24.3181 , 0
-27.6715 , 24.3238 , 0
-27.679 , 24.3295 , 0
-27.6866 , 24.3352 , 0
-27.6941 , 24.3409 , 0
-27.7017 , 24.3466 , 0
-27.7092 , 24.3523 , 0
-27.7168 , 24.3581 , 0
-27.7243 , 24.3638 , 0
-27.7319 , 24.3695 , 0
-27.7394 , 24.3752 , 0
-27.747 , 24.3809 , 0
-27.7546 , 24.3866 , 0
-27.7621 , 24.3923 , 0
-27.7697 , 24.398 , 0
-27.7772 , 24.4037 , 0
-27.7848 , 24.4094 , 0
-27.7923 , 24.4151 , 0
-27.7999 , 24.4209 , 0
-27.8074 , 24.4266 , 0
-27.815 , 24.4323 , 0
-27.8225 , 24.438 , 0
-27.8301 , 24.4437 , 0
-27.8376 , 24.4494 , 0
-27.8452 , 24.4551 , 0
-27.8527 , 24.4608 , 0
-27.8603 , 24.4665 , 0
-27.8678 , 24.4722 , 0
-27.8754 , 24.4779 , 0
-27.8829 , 24.4836 , 0
-27.8905 , 24.4893 , 0
-27.898 , 24.4951 , 0
-27.9056 , 24.5008 , 0
-27.9131 , 24.5065 , 0
-27.9207 , 24.5122 , 0
-27.9282 , 24.5179 , 0
-27.9358 , 24.5236 , 0
-27.9433 , 24.5293 , 0
-27.9509 , 24.535 , 0
-27.9584 , 24.5407 , 0
-27.966 , 24.5464 , 0
-27.9735 , 24.5521 , 0
-27.9811 , 24.5578 , 0
-27.9886 , 24.5635 , 0
-27.9962 , 24.5692 , 0
-28.0037 , 24.5749 , 0
-28.0113 , 24.5806 , 0
-28.0188 , 24.5863 , 0
-28.0264 , 24.592 , 0
-28.0339 , 24.5978 , 0
-28.0415 , 24.6035 , 0
-28.049 , 24.6092 , 0
-28.0566 , 24.6149 , 0
-28.0641 , 24.6206 , 0
-28.0717 , 24.6263 , 0
-28.0792 , 24.632 , 0
-28.0868 , 24.6377 , 0
-28.0943 , 24.6434 , 0
-28.1019 , 24.6491 , 0
-28.1094 , 24.6548 , 0
-28.117 , 24.6605 , 0
-28.1245 , 24.6662 , 0
-28.132 , 24.6719 , 0
-28.1396 , 24.6776 , 0
-28.1471 , 24.6833 , 0
-28.1547 , 24.689 , 0
-28.1622 , 24.6947 , 0
-28.1698 , 24.7004 , 0
-28.1773 , 24.7061 , 0
-28.1849 , 24.7118 , 0
-28.1924 , 24.7175 , 0
-28.1999 , 24.7232 , 0
-28.2075 , 24.7289 , 0
-28.215 , 24.7346 , 0
-28.2226 , 24.7403 , 0
-28.2301 , 24.746 , 0
-28.2377 , 24.7517 , 0
-28.2452 , 24.7574 , 0
-28.2528 , 24.7631 , 0
-28.2603 , 24.7688 , 0
-28.2678 , 24.7745 , 0
-28.2754 , 24.7802 , 0
-28.2829 , 24.7859 , 0
-28.2905 , 24.7916 , 0
-28.298 , 24.7973 , 0
-28.3056 , 24.803 , 0
-28.3131 , 24.8087 , 0
-28.3206 , 24.8144 , 0
-28.3282 , 24.8201 , 0
-28.3357 , 24.8258 , 0
-28.3433 , 24.8315 , 0
-28.3508 , 24.8372 , 0
-28.3583 , 24.8429 , 0
-28.3659 , 24.8486 , 0
-28.3734 , 24.8543 , 0
-28.381 , 24.86 , 0
-28.3885 , 24.8657 , 0
-28.396 , 24.8714 , 0
-28.4036 , 24.8771 , 0
-28.4111 , 24.8828 , 0
-28.4187 , 24.8885 , 0
-28.4262 , 24.8942 , 0
-28.4337 , 24.8999 , 0
-28.4413 , 24.9056 , 0
-28.4488 , 24.9113 , 0
-28.4564 , 24.917 , 0
-28.4639 , 24.9227 , 0
-28.4714 , 24.9284 , 0
-28.479 , 24.9341 , 0
-28.4865 , 24.9398 , 0
-28.4941 , 24.9454 , 0
-28.5016 , 24.9511 , 0
-28.5091 , 24.9568 , 0
-28.5167 , 24.9625 , 0
-28.5242 , 24.9682 , 0
-28.5317 , 24.9739 , 0
-28.5393 , 24.9796 , 0
-28.5468 , 24.9853 , 0
-28.5544 , 24.991 , 0
-28.5619 , 24.9967 , 0
-28.5694 , 25.0024 , 0
-28.577 , 25.0081 , 0
-28.5845 , 25.0138 , 0
-28.592 , 25.0195 , 0
-28.5996 , 25.0252 , 0
-28.6071 , 25.0309 , 0
-28.6147 , 25.0366 , 0
-28.6222 , 25.0423 , 0
-28.6297 , 25.048 , 0
-28.6373 , 25.0536 , 0
-28.6448 , 25.0593 , 0
-28.6523 , 25.065 , 0
-28.6599 , 25.0707 , 0
-28.6674 , 25.0764 , 0
-28.6749 , 25.0821 , 0
-28.6825 , 25.0878 , 0
-28.69 , 25.0935 , 0
-28.6975 , 25.0992 , 0
-28.7051 , 25.1049 , 0
-28.7126 , 25.1106 , 0
-28.7201 , 25.1163 , 0
-28.7277 , 25.122 , 0
-28.7352 , 25.1276 , 0
-28.7427 , 25.1333 , 0
-28.7503 , 25.139 , 0
-28.7578 , 25.1447 , 0
-28.7653 , 25.1504 , 0
-28.7729 , 25.1561 , 0
-28.7804 , 25.1618 , 0
-28.7879 , 25.1675 , 0
-28.7955 , 25.1732 , 0
-28.803 , 25.1789 , 0
-28.8105 , 25.1846 , 0
-28.8181 , 25.1902 , 0
-28.8256 , 25.1959 , 0
-28.8331 , 25.2016 , 0
-28.8407 , 25.2073 , 0
-28.8482 , 25.213 , 0
-28.8557 , 25.2187 , 0
-28.8633 , 25.2244 , 0
-28.8708 , 25.2301 , 0
-28.8783 , 25.2358 , 0
-28.8858 , 25.2414 , 0
-28.8934 , 25.2471 , 0
-28.9009 , 25.2528 , 0
-28.9084 , 25.2585 , 0
-28.916 , 25.2642 , 0
-28.9235 , 25.2699 , 0
-28.931 , 25.2756 , 0
-28.9386 , 25.2813 , 0
-28.9461 , 25.287 , 0
-28.9536 , 25.2926 , 0
-28.9611 , 25.2983 , 0
-28.9687 , 25.304 , 0
-28.9762 , 25.3097 , 0
-28.9837 , 25.3154 , 0
-28.9913 , 25.3211 , 0
-28.9988 , 25.3268 , 0
-29.0063 , 25.3325 , 0
-29.0138 , 25.3381 , 0
-29.0214 , 25.3438 , 0
-29.0289 , 25.3495 , 0
-29.0364 , 25.3552 , 0
-29.0439 , 25.3609 , 0
-29.0515 , 25.3666 , 0
-29.059 , 25.3723 , 0
-29.0665 , 25.3779 , 0
-29.0741 , 25.3836 , 0
-29.0816 , 25.3893 , 0
-29.0891 , 25.395 , 0
-29.0966 , 25.4007 , 0
-29.1042 , 25.4064 , 0
-29.1117 , 25.4121 , 0
-29.1192 , 25.4177 , 0
-29.1267 , 25.4234 , 0
-29.1343 , 25.4291 , 0
-29.1418 , 25.4348 , 0
-29.1493 , 25.4405 , 0
-29.1568 , 25.4462 , 0
-29.1644 , 25.4518 , 0
-29.1719 , 25.4575 , 0
-29.1794 , 25.4632 , 0
-29.1869 , 25.4689 , 0
-29.1945 , 25.4746 , 0
-29.202 , 25.4803 , 0
-29.2095 , 25.4859 , 0
-29.217 , 25.4916 , 0
-29.2246 , 25.4973 , 0
-29.2321 , 25.503 , 0
-29.2396 , 25.5087 , 0
-29.2471 , 25.5144 , 0
-29.2547 , 25.52 , 0
-29.2622 , 25.5257 , 0
-29.2697 , 25.5314 , 0
-29.2772 , 25.5371 , 0
-29.2847 , 25.5428 , 0
-29.2923 , 25.5485 , 0
-29.2998 , 25.5541 , 0
-29.3073 , 25.5598 , 0
-29.3148 , 25.5655 , 0
-29.3224 , 25.5712 , 0
-29.3299 , 25.5769 , 0
-29.3374 , 25.5825 , 0
-29.3449 , 25.5882 , 0
-29.3524 , 25.5939 , 0
-29.36 , 25.5996 , 0
-29.3675 , 25.6053 , 0
-29.375 , 25.6109 , 0
-29.3825 , 25.6166 , 0
-29.39 , 25.6223 , 0
-29.3976 , 25.628 , 0
-29.4051 , 25.6337 , 0
-29.4126 , 25.6393 , 0
-29.4201 , 25.645 , 0
-29.4276 , 25.6507 , 0
-29.4352 , 25.6564 , 0
-29.4427 , 25.6621 , 0
-29.4502 , 25.6677 , 0
-29.4577 , 25.6734 , 0
