x , y , z
1 , 0 , 0
0.999576 , 0.0206006 , 0
0.998727 , 0.0411925 , 0
0.997453 , 0.0617668 , 0
0.995756 , 0.0823149 , 0
0.993635 , 0.102828 , 0
0.99109 , 0.123297 , 0
0.988124 , 0.143714 , 0
0.984736 , 0.164069 , 0
0.980928 , 0.184355 , 0
0.976701 , 0.204562 , 0
0.972056 , 0.224681 , 0
0.966997 , 0.244704 , 0
0.961523 , 0.264623 , 0
0.955638 , 0.284428 , 0
0.949343 , 0.304112 , 0
0.942642 , 0.323665 , 0
0.935536 , 0.343079 , 0
0.928028 , 0.362346 , 0
0.920122 , 0.381457 , 0
0.911821 , 0.400405 , 0
0.903127 , 0.41918 , 0
0.894045 , 0.437775 , 0
0.884577 , 0.456181 , 0
0.874729 , 0.474391 , 0
0.864504 , 0.492396 , 0
0.853905 , 0.510189 , 0
0.842938 , 0.527761 , 0
0.831607 , 0.545106 , 0
0.819916 , 0.562215 , 0
0.807871 , 0.579081 , 0
0.795477 , 0.595697 , 0
0.782738 , 0.612054 , 0
0.76966 , 0.628147 , 0
0.756248 , 0.643967 , 0
0.742509 , 0.659508 , 0
0.728447 , 0.674763 , 0
0.714069 , 0.689724 , 0
0.699381 , 0.704387 , 0
0.684389 , 0.718743 , 0
0.669099 , 0.732787 , 0
0.653519 , 0.746512 , 0
0.637654 , 0.759912 , 0
0.621511 , 0.772981 , 0
0.605098 , 0.785713 , 0
0.588421 , 0.798103 , 0
0.571487 , 0.810145 , 0
0.554304 , 0.821834 , 0
0.536879 , 0.833163 , 0
0.519219 , 0.84413 , 0
0.501333 , 0.854727 , 0
0.483228 , 0.864951 , 0
0.464912 , 0.874797 , 0
0.446392 , 0.88426 , 0
0.427677 , 0.893336 , 0
0.408774 , 0.902022 , 0
0.389693 , 0.910312 , 0
0.370441 , 0.918204 , 0
0.351027 , 0.925693 , 0
0.331459 , 0.932777 , 0
0.311746 , 0.939452 , 0
0.291896 , 0.945715 , 0
0.271918 , 0.951564 , 0
0.25182 , 0.956994 , 0
0.231613 , 0.962005 , 0
0.211303 , 0.966593 , 0
0.190901 , 0.970757 , 0
0.170415 , 0.974495 , 0
0.149854 , 0.977805 , 0
0.129227 , 0.980685 , 0
0.108543 , 0.983134 , 0
0.0878117 , 0.985151 , 0
0.0670418 , 0.986735 , 0
0.0462424 , 0.987885 , 0
0.0254226 , 0.9886 , 0
0.0045917 , 0.988881 , 0
-0.0162413 , 0.988727 , 0
-0.0370671 , 0.988138 , 0
-0.0578766 , 0.987115 , 0
-0.0786606 , 0.985657 , 0
-0.09941 , 0.983765 , 0
-0.120116 , 0.981441 , 0
-0.140769 , 0.978684 , 0
-0.161359 , 0.975497 , 0
-0.181879 , 0.971881 , 0
-0.202319 , 0.967837 , 0
-0.22267 , 0.963368 , 0
-0.242923 , 0.958474 , 0
-0.263069 , 0.953159 , 0
-0.283099 , 0.947424 , 0
-0.303005 , 0.941273 , 0
-0.322777 , 0.934707 , 0
-0.342408 , 0.92773 , 0
-0.361887 , 0.920346 , 0
-0.381208 , 0.912556 , 0
-0.400361 , 0.904366 , 0
-0.419338 , 0.895777 , 0
-0.438131 , 0.886795 , 0
-0.456731 , 0.877423 , 0
-0.475131 , 0.867666 , 0
-0.493321 , 0.857527 , 0
-0.511295 , 0.847012 , 0
-0.529045 , 0.836125 , 0
-0.546562 , 0.824871 , 0
-0.563839 , 0.813254 , 0
-0.580869 , 0.801281 , 0
-0.597644 , 0.788956 , 0
-0.614157 , 0.776286 , 0
-0.630401 , 0.763274 , 0
-0.646368 , 0.749929 , 0
-0.662052 , 0.736254 , 0
-0.677446 , 0.722257 , 0
-0.692544 , 0.707944 , 0
-0.707338 , 0.693321 , 0
-0.721823 , 0.678395 , 0
-0.735992 , 0.663171 , 0
-0.749839 , 0.647658 , 0
-0.763358 , 0.631862 , 0
-0.776544 , 0.61579 , 0
-0.789391 , 0.599448 , 0
-0.801893 , 0.582845 , 0
-0.814045 , 0.565988 , 0
-0.825842 , 0.548884 , 0
-0.837279 , 0.53154 , 0
-0.848351 , 0.513965 , 0
-0.859054 , 0.496166 , 0
-0.869382 , 0.478151 , 0
-0.879333 , 0.459928 , 0
-0.888901 , 0.441505 , 0
-0.898082 , 0.42289 , 0
-0.906873 , 0.404091 , 0
-0.915271 , 0.385116 , 0
-0.923271 , 0.365975 , 0
-0.93087 , 0.346675 , 0
-0.938066 , 0.327224 , 0
-0.944856 , 0.307632 , 0
-0.951236 , 0.287906 , 0
-0.957205 , 0.268056 , 0
-0.962759 , 0.24809 , 0
-0.967897 , 0.228016 , 0
-0.972617 , 0.207844 , 0
-0.976917 , 0.187583 , 0
-0.980796 , 0.16724 , 0
-0.984251 , 0.146825 , 0
-0.987282 , 0.126347 , 0
-0.989888 , 0.105815 , 0
-0.992067 , 0.0852367 , 0
-0.99382 , 0.064622 , 0
-0.995146 , 0.0439794 , 0
-0.996044 , 0.023318 , 0
-0.996514 , 0.00264659 , 0
-0.996556 , -0.018026 , 0
-0.996171 , -0.0386908 , 0
-0.995359 , -0.0593391 , 0
-0.994121 , -0.0799619 , 0
-0.992457 , -0.100551 , 0
-0.990369 , -0.121096 , 0
-0.987858 , -0.14159 , 0
-0.984924 , -0.162023 , 0
-0.98157 , -0.182387 , 0
-0.977797 , -0.202674 , 0
-0.973608 , -0.222874 , 0
-0.969003 , -0.242979 , 0
-0.963986 , -0.26298 , 0
-0.958559 , -0.28287 , 0
-0.952725 , -0.30264 , 0
-0.946485 , -0.32228 , 0
-0.939844 , -0.341784 , 0
-0.932804 , -0.361143 , 0
-0.925368 , -0.380349 , 0
-0.917541 , -0.399394 , 0
-0.909324 , -0.41827 , 0
-0.900723 , -0.436968 , 0
-0.891741 , -0.455482 , 0
-0.882383 , -0.473803 , 0
-0.872651 , -0.491924 , 0
-0.862552 , -0.509838 , 0
-0.852088 , -0.527537 , 0
-0.841266 , -0.545013 , 0
-0.830089 , -0.56226 , 0
-0.818563 , -0.57927 , 0
-0.806693 , -0.596036 , 0
-0.794483 , -0.612552 , 0
-0.78194 , -0.628811 , 0
-0.769068 , -0.644806 , 0
-0.755874 , -0.66053 , 0
-0.742363 , -0.675977 , 0
-0.728541 , -0.691141 , 0
-0.714414 , -0.706016 , 0
-0.699988 , -0.720595 , 0
-0.685269 , -0.734873 , 0
-0.670264 , -0.748843 , 0
-0.654979 , -0.762501 , 0
-0.63942 , -0.775841 , 0
-0.623595 , -0.788857 , 0
-0.607509 , -0.801544 , 0
-0.591171 , -0.813897 , 0
-0.574586 , -0.825911 , 0
-0.557763 , -0.837582 , 0
-0.540707 , -0.848904 , 0
-0.523427 , -0.859873 , 0
-0.505929 , -0.870485 , 0
-0.488221 , -0.880736 , 0
-0.47031 , -0.890621 , 0
-0.452204 , -0.900136 , 0
-0.433911 , -0.909279 , 0
-0.415438 , -0.918044 , 0
-0.396793 , -0.92643 , 0
-0.377984 , -0.934432 , 0
-0.359018 , -0.942047 , 0
-0.339904 , -0.949273 , 0
-0.320649 , -0.956107 , 0
-0.301262 , -0.962545 , 0
-0.281751 , -0.968586 , 0
-0.262123 , -0.974227 , 0
-0.242387 , -0.979467 , 0
-0.222551 , -0.984302 , 0
-0.202624 , -0.988732 , 0
-0.182613 , -0.992754 , 0
-0.162526 , -0.996368 , 0
-0.142373 , -0.999571 , 0
-0.122161 , -1.00236 , 0
-0.101899 , -1.00474 , 0
-0.0815955 , -1.00671 , 0
-0.061258 , -1.00826 , 0
-0.0408953 , -1.0094 , 0
-0.0205159 , -1.01012 , 0
-0.000128005 , -1.01043 , 0
0.0202599 , -1.01033 , 0
0.0406395 , -1.00981 , 0
0.0610025 , -1.00887 , 0
0.0813404 , -1.00752 , 0
0.101645 , -1.00576 , 0
0.121908 , -1.00359 , 0
0.142121 , -1.001 , 0
0.162276 , -0.998005 , 0
0.182364 , -0.9946 , 0
0.202377 , -0.990788 , 0
0.222308 , -0.986571 , 0
0.242148 , -0.98195 , 0
0.261888 , -0.976926 , 0
0.281522 , -0.971503 , 0
0.30104 , -0.965683 , 0
0.320435 , -0.959467 , 0
0.339699 , -0.952859 , 0
0.358824 , -0.945861 , 0
0.377802 , -0.938476 , 0
0.396626 , -0.930708 , 0
0.415287 , -0.922559 , 0
0.433779 , -0.914033 , 0
0.452094 , -0.905133 , 0
0.470223 , -0.895863 , 0
0.488161 , -0.886227 , 0
0.505899 , -0.876228 , 0
0.52343 , -0.865872 , 0
0.540747 , -0.855161 , 0
0.557843 , -0.844101 , 0
0.574711 , -0.832696 , 0
0.591344 , -0.820951 , 0
0.607736 , -0.808869 , 0
0.623878 , -0.796458 , 0
0.639766 , -0.78372 , 0
0.655392 , -0.770662 , 0
0.670751 , -0.757289 , 0
0.685835 , -0.743606 , 0
0.700638 , -0.729619 , 0
0.715155 , -0.715334 , 0
0.729379 , -0.700756 , 0
0.743305 , -0.685891 , 0
0.756926 , -0.670746 , 0
0.770238 , -0.655326 , 0
0.783234 , -0.639637 , 0
0.79591 , -0.623687 , 0
0.80826 , -0.607481 , 0
0.820278 , -0.591027 , 0
0.831961 , -0.57433 , 0
0.843302 , -0.557398 , 0
0.854298 , -0.540237 , 0
0.864943 , -0.522855 , 0
0.875234 , -0.505259 , 0
0.885166 , -0.487455 , 0
0.894734 , -0.469451 , 0
0.903935 , -0.451254 , 0
0.912764 , -0.432872 , 0
0.921219 , -0.414312 , 0
0.929295 , -0.395582 , 0
0.936989 , -0.376689 , 0
0.944298 , -0.357641 , 0
0.951218 , -0.338447 , 0
0.957747 , -0.319112 , 0
0.963882 , -0.299647 , 0
0.969619 , -0.280058 , 0
0.974957 , -0.260354 , 0
0.979893 , -0.240542 , 0
0.984425 , -0.220631 , 0
0.988551 , -0.200629 , 0
0.992268 , -0.180545 , 0
0.995576 , -0.160385 , 0
0.998473 , -0.14016 , 0
1.00096 , -0.119876 , 0
1.00303 , -0.0995434 , 0
1.00468 , -0.0791692 , 0
1.00592 , -0.0587622 , 0
1.00674 , -0.0383309 , 0
1.00715 , -0.0178837 , 0
1.00714 , 0.00257095 , 0
1.0067 , 0.0230245 , 0
1.00586 , 0.0434685 , 0
1.00459 , 0.0638945 , 0
1.00291 , 0.0842939 , 0
1.00081 , 0.104658 , 0
0.998291 , 0.124979 , 0
0.995359 , 0.145248 , 0
0.992013 , 0.165456 , 0
0.988253 , 0.185596 , 0
0.984081 , 0.205658 , 0
0.979498 , 0.225634 , 0
0.974507 , 0.245516 , 0
0.969108 , 0.265295 , 0
0.963304 , 0.284964 , 0
0.957098 , 0.304513 , 0
0.950491 , 0.323935 , 0
0.943486 , 0.343221 , 0
0.936085 , 0.362364 , 0
0.928292 , 0.381354 , 0
0.92011 , 0.400185 , 0
0.911541 , 0.418847 , 0
0.90259 , 0.437334 , 0
0.893258 , 0.455636 , 0
0.883552 , 0.473747 , 0
0.873473 , 0.491659 , 0
0.863026 , 0.509363 , 0
0.852215 , 0.526853 , 0
0.841045 , 0.544121 , 0
0.829521 , 0.561159 , 0
0.817645 , 0.577959 , 0
0.805424 , 0.594516 , 0
0.792863 , 0.610821 , 0
0.779966 , 0.626868 , 0
0.766738 , 0.642649 , 0
0.753186 , 0.658158 , 0
0.739315 , 0.673388 , 0
0.725129 , 0.688332 , 0
0.710636 , 0.702983 , 0
0.69584 , 0.717336 , 0
0.680749 , 0.731384 , 0
0.665368 , 0.745121 , 0
0.649704 , 0.758541 , 0
0.633763 , 0.771637 , 0
0.617552 , 0.784404 , 0
0.601077 , 0.796837 , 0
0.584346 , 0.808929 , 0
0.567365 , 0.820676 , 0
0.550141 , 0.832072 , 0
0.532682 , 0.843112 , 0
0.514995 , 0.853791 , 0
0.497088 , 0.864104 , 0
0.478967 , 0.874047 , 0
0.460641 , 0.883615 , 0
0.442117 , 0.892803 , 0
0.423403 , 0.901609 , 0
0.404508 , 0.910027 , 0
0.385438 , 0.918053 , 0
0.366203 , 0.925684 , 0
0.34681 , 0.932917 , 0
0.327267 , 0.939748 , 0
0.307583 , 0.946174 , 0
0.287767 , 0.952192 , 0
0.267827 , 0.957798 , 0
0.24777 , 0.962991 , 0
0.227607 , 0.967768 , 0
0.207345 , 0.972127 , 0
0.186994 , 0.976064 , 0
0.166562 , 0.97958 , 0
0.146057 , 0.982671 , 0
0.12549 , 0.985336 , 0
0.104867 , 0.987574 , 0
0.0841996 , 0.989383 , 0
0.0634954 , 0.990763 , 0
0.0427636 , 0.991712 , 0
0.0220132 , 0.992231 , 0
0.00125321 , 0.992318 , 0
-0.0195073 , 0.991974 , 0
-0.0402593 , 0.991198 , 0
-0.0609938 , 0.98999 , 0
-0.0817018 , 0.988351 , 0
-0.102374 , 0.986281 , 0
-0.123002 , 0.983782 , 0
-0.143576 , 0.980853 , 0
-0.164087 , 0.977496 , 0
-0.184527 , 0.973712 , 0
-0.204886 , 0.969503 , 0
-0.225156 , 0.964871 , 0
-0.245327 , 0.959816 , 0
-0.265391 , 0.954342 , 0
-0.285338 , 0.94845 , 0
-0.305161 , 0.942144 , 0
-0.324851 , 0.935424 , 0
-0.344398 , 0.928296 , 0
-0.363794 , 0.92076 , 0
-0.383031 , 0.912821 , 0
-0.4021 , 0.904482 , 0
-0.420992 , 0.895746 , 0
-0.4397 , 0.886618 , 0
-0.458215 , 0.8771 , 0
-0.476529 , 0.867197 , 0
-0.494634 , 0.856914 , 0
-0.512521 , 0.846255 , 0
-0.530184 , 0.835224 , 0
-0.547613 , 0.823826 , 0
-0.564802 , 0.812066 , 0
-0.581743 , 0.799949 , 0
-0.598428 , 0.78748 , 0
-0.61485 , 0.774666 , 0
-0.631002 , 0.761511 , 0
-0.646876 , 0.748021 , 0
-0.662466 , 0.734202 , 0
-0.677764 , 0.72006 , 0
-0.692764 , 0.705601 , 0
-0.70746 , 0.690832 , 0
-0.721844 , 0.675759 , 0
-0.735911 , 0.660389 , 0
-0.749654 , 0.644728 , 0
-0.763067 , 0.628784 , 0
-0.776144 , 0.612563 , 0
-0.78888 , 0.596072 , 0
-0.801268 , 0.579319 , 0
-0.813304 , 0.562311 , 0
-0.824982 , 0.545056 , 0
-0.836298 , 0.52756 , 0
-0.847245 , 0.509833 , 0
-0.857819 , 0.491882 , 0
-0.868016 , 0.473714 , 0
-0.877832 , 0.455337 , 0
-0.887261 , 0.436761 , 0
-0.8963 , 0.417992 , 0
-0.904945 , 0.39904 , 0
-0.913192 , 0.379912 , 0
-0.921038 , 0.360617 , 0
-0.928479 , 0.341163 , 0
-0.935512 , 0.32156 , 0
-0.942133 , 0.301815 , 0
-0.948341 , 0.281938 , 0
-0.954133 , 0.261937 , 0
-0.959506 , 0.241821 , 0
-0.964457 , 0.221599 , 0
-0.968985 , 0.20128 , 0
-0.973088 , 0.180872 , 0
-0.976765 , 0.160385 , 0
-0.980013 , 0.139828 , 0
-0.982831 , 0.119209 , 0
-0.985219 , 0.0985384 , 0
-0.987175 , 0.0778243 , 0
-0.988699 , 0.0570762 , 0
-0.98979 , 0.0363031 , 0
-0.990448 , 0.0155141 , 0
-0.990672 , -0.00528162 , 0
-0.990464 , -0.0260751 , 0
-0.989822 , -0.0468572 , 0
-0.988748 , -0.0676187 , 0
-0.987242 , -0.0883508 , 0
-0.985305 , -0.109044 , 0
-0.982938 , -0.12969 , 0
-0.980143 , -0.15028 , 0
-0.97692 , -0.170803 , 0
-0.973271 , -0.191253 , 0
-0.969198 , -0.211619 , 0
-0.964704 , -0.231893 , 0
-0.959789 , -0.252066 , 0
-0.954457 , -0.272129 , 0
-0.948711 , -0.292074 , 0
-0.942551 , -0.311892 , 0
-0.935983 , -0.331575 , 0
-0.929008 , -0.351114 , 0
-0.921631 , -0.3705 , 0
-0.913853 , -0.389726 , 0
-0.90568 , -0.408783 , 0
-0.897114 , -0.427663 , 0
-0.88816 , -0.446358 , 0
-0.878822 , -0.464859 , 0
-0.869104 , -0.48316 , 0
-0.85901 , -0.501252 , 0
-0.848545 , -0.519127 , 0
-0.837714 , -0.536778 , 0
-0.826522 , -0.554198 , 0
-0.814974 , -0.571379 , 0
-0.803074 , -0.588314 , 0
-0.790828 , -0.604995 , 0
-0.778243 , -0.621417 , 0
-0.765322 , -0.637571 , 0
-0.752073 , -0.653451 , 0
-0.738501 , -0.66905 , 0
-0.724612 , -0.684362 , 0
-0.710412 , -0.699381 , 0
-0.695908 , -0.7141 , 0
-0.681105 , -0.728513 , 0
-0.666011 , -0.742614 , 0
-0.650632 , -0.756398 , 0
-0.634975 , -0.769858 , 0
-0.619047 , -0.782989 , 0
-0.602854 , -0.795786 , 0
-0.586404 , -0.808244 , 0
-0.569704 , -0.820357 , 0
-0.552762 , -0.83212 , 0
-0.535584 , -0.843529 , 0
-0.518178 , -0.854579 , 0
-0.500552 , -0.865266 , 0
-0.482713 , -0.875585 , 0
-0.464669 , -0.885533 , 0
-0.446429 , -0.895105 , 0
-0.427998 , -0.904297 , 0
-0.409387 , -0.913106 , 0
-0.390602 , -0.921528 , 0
-0.371651 , -0.92956 , 0
-0.352544 , -0.937199 , 0
-0.333288 , -0.944442 , 0
-0.313891 , -0.951287 , 0
-0.294361 , -0.957729 , 0
-0.274707 , -0.963768 , 0
-0.254938 , -0.969401 , 0
-0.235061 , -0.974625 , 0
-0.215085 , -0.979439 , 0
-0.195018 , -0.983841 , 0
-0.17487 , -0.98783 , 0
-0.154648 , -0.991404 , 0
-0.134362 , -0.994561 , 0
-0.114018 , -0.997301 , 0
-0.0936275 , -0.999623 , 0
-0.0731974 , -1.00153 , 0
-0.0527366 , -1.00301 , 0
-0.0322538 , -1.00407 , 0
-0.0117575 , -1.00472 , 0
0.00874376 , -1.00494 , 0
0.0292413 , -1.00475 , 0
0.0497267 , -1.00413 , 0
0.0701914 , -1.0031 , 0
0.0906267 , -1.00165 , 0
0.111024 , -0.999777 , 0
0.131376 , -0.997491 , 0
0.151672 , -0.99479 , 0
0.171906 , -0.991675 , 0
0.192068 , -0.988148 , 0
0.21215 , -0.98421 , 0
0.232145 , -0.979864 , 0
0.252043 , -0.975111 , 0
0.271836 , -0.969954 , 0
0.291517 , -0.964394 , 0
0.311076 , -0.958435 , 0
0.330507 , -0.952079 , 0
0.349802 , -0.945329 , 0
0.368951 , -0.938187 , 0
0.387948 , -0.930658 , 0
0.406785 , -0.922744 , 0
0.425453 , -0.914449 , 0
0.443946 , -0.905776 , 0
0.462255 , -0.896729 , 0
0.480374 , -0.887312 , 0
0.498295 , -0.87753 , 0
0.51601 , -0.867385 , 0
0.533513 , -0.856884 , 0
0.550796 , -0.846029 , 0
0.567852 , -0.834826 , 0
0.584675 , -0.82328 , 0
0.601257 , -0.811394 , 0
0.617592 , -0.799176 , 0
0.633672 , -0.786628 , 0
0.649493 , -0.773757 , 0
0.665047 , -0.760569 , 0
0.680327 , -0.747068 , 0
0.695328 , -0.733261 , 0
0.710044 , -0.719152 , 0
0.724469 , -0.704748 , 0
0.738596 , -0.690056 , 0
0.752421 , -0.67508 , 0
0.765937 , -0.659828 , 0
0.779139 , -0.644305 , 0
0.792022 , -0.628518 , 0
0.80458 , -0.612474 , 0
0.816809 , -0.596179 , 0
0.828704 , -0.57964 , 0
0.840259 , -0.562863 , 0
0.85147 , -0.545857 , 0
0.862333 , -0.528626 , 0
0.872843 , -0.51118 , 0
0.882996 , -0.493524 , 0
0.892788 , -0.475666 , 0
0.902214 , -0.457614 , 0
0.911272 , -0.439375 , 0
0.919957 , -0.420956 , 0
0.928265 , -0.402365 , 0
0.936195 , -0.383609 , 0
0.943741 , -0.364697 , 0
0.950902 , -0.345636 , 0
0.957674 , -0.326433 , 0
0.964054 , -0.307096 , 0
0.970041 , -0.287635 , 0
0.975631 , -0.268055 , 0
0.980822 , -0.248366 , 0
0.985612 , -0.228576 , 0
0.989999 , -0.208692 , 0
0.993981 , -0.188723 , 0
0.997558 , -0.168677 , 0
1.00073 , -0.148561 , 0
1.00349 , -0.128385 , 0
1.00583 , -0.108157 , 0
1.00777 , -0.0878838 , 0
1.0093 , -0.067575 , 0
1.01041 , -0.0472387 , 0
1.01111 , -0.0268829 , 0
1.01139 , -0.00651623 , 0
1.01126 , 0.0138531 , 0
1.01072 , 0.0342169 , 0
1.00977 , 0.0545666 , 0
1.0084 , 0.0748939 , 0
1.00661 , 0.0951906 , 0
1.00442 , 0.115448 , 0
1.00181 , 0.135659 , 0
0.998793 , 0.155813 , 0
0.995366 , 0.175904 , 0
0.991531 , 0.195923 , 0
0.98729 , 0.215862 , 0
0.982643 , 0.235711 , 0
0.977593 , 0.255465 , 0
0.972142 , 0.275113 , 0
0.966291 , 0.294648 , 0
0.960043 , 0.314062 , 0
0.953401 , 0.333347 , 0
0.946367 , 0.352495 , 0
0.938944 , 0.371499 , 0
0.931135 , 0.390349 , 0
0.922942 , 0.409039 , 0
0.914369 , 0.42756 , 0
0.90542 , 0.445905 , 0
0.896098 , 0.464067 , 0
0.886406 , 0.482037 , 0
0.876349 , 0.499808 , 0
0.86593 , 0.517373 , 0
0.855154 , 0.534725 , 0
0.844024 , 0.551856 , 0
0.832546 , 0.568758 , 0
0.820724 , 0.585426 , 0
0.808562 , 0.601852 , 0
0.796066 , 0.618028 , 0
0.78324 , 0.633949 , 0
0.77009 , 0.649607 , 0
0.756621 , 0.664996 , 0
0.742838 , 0.680109 , 0
0.728747 , 0.694941 , 0
0.714354 , 0.709483 , 0
0.699664 , 0.723732 , 0
0.684683 , 0.737679 , 0
0.669417 , 0.75132 , 0
0.653873 , 0.764648 , 0
0.638057 , 0.777658 , 0
0.621976 , 0.790344 , 0
0.605635 , 0.802701 , 0
0.589041 , 0.814723 , 0
0.572202 , 0.826405 , 0
0.555124 , 0.837742 , 0
0.537814 , 0.84873 , 0
0.520279 , 0.859362 , 0
0.502527 , 0.869636 , 0
0.484564 , 0.879545 , 0
0.466399 , 0.889086 , 0
0.448038 , 0.898254 , 0
0.429489 , 0.907046 , 0
0.41076 , 0.915457 , 0
0.391858 , 0.923484 , 0
0.372792 , 0.931123 , 0
0.35357 , 0.938371 , 0
0.334198 , 0.945224 , 0
0.314686 , 0.951679 , 0
0.295041 , 0.957733 , 0
0.275272 , 0.963383 , 0
0.255387 , 0.968627 , 0
0.235394 , 0.973463 , 0
0.215302 , 0.977887 , 0
0.195118 , 0.981898 , 0
0.174852 , 0.985494 , 0
0.154513 , 0.988672 , 0
0.134107 , 0.991432 , 0
0.113645 , 0.993772 , 0
0.0931348 , 0.995691 , 0
0.072585 , 0.997187 , 0
0.0520043 , 0.998259 , 0
0.0314016 , 0.998908 , 0
0.0107855 , 0.999131 , 0
-0.00983522 , 0.99893 , 0
-0.0304517 , 0.998303 , 0
-0.0510553 , 0.997251 , 0
-0.071637 , 0.995773 , 0
-0.0921882 , 0.993871 , 0
-0.1127 , 0.991545 , 0
-0.133164 , 0.988795 , 0
-0.153571 , 0.985622 , 0
-0.173912 , 0.982027 , 0
-0.194178 , 0.978013 , 0
-0.214362 , 0.973579 , 0
-0.234453 , 0.968728 , 0
-0.254444 , 0.963462 , 0
-0.274326 , 0.957782 , 0
-0.29409 , 0.95169 , 0
-0.313728 , 0.94519 , 0
-0.333231 , 0.938283 , 0
-0.35259 , 0.930973 , 0
-0.371797 , 0.923262 , 0
-0.390845 , 0.915152 , 0
-0.409724 , 0.906649 , 0
-0.428426 , 0.897754 , 0
-0.446943 , 0.888472 , 0
-0.465267 , 0.878806 , 0
-0.48339 , 0.868761 , 0
-0.501304 , 0.85834 , 0
-0.519002 , 0.847547 , 0
-0.536474 , 0.836388 , 0
-0.553715 , 0.824866 , 0
-0.570715 , 0.812987 , 0
-0.587468 , 0.800755 , 0
-0.603966 , 0.788176 , 0
-0.620202 , 0.775255 , 0
-0.636168 , 0.761998 , 0
-0.651858 , 0.748409 , 0
-0.667265 , 0.734494 , 0
-0.682381 , 0.72026 , 0
-0.6972 , 0.705713 , 0
-0.711716 , 0.690859 , 0
-0.725922 , 0.675703 , 0
-0.739812 , 0.660253 , 0
-0.753379 , 0.644516 , 0
-0.766617 , 0.628497 , 0
-0.779521 , 0.612203 , 0
-0.792084 , 0.595643 , 0
-0.804302 , 0.578822 , 0
-0.816168 , 0.561749 , 0
-0.827677 , 0.54443 , 0
-0.838824 , 0.526873 , 0
-0.849605 , 0.509085 , 0
-0.860013 , 0.491074 , 0
-0.870045 , 0.472849 , 0
-0.879696 , 0.454417 , 0
-0.888962 , 0.435785 , 0
-0.897838 , 0.416962 , 0
-0.906321 , 0.397957 , 0
-0.914406 , 0.378777 , 0
-0.92209 , 0.359431 , 0
-0.92937 , 0.339928 , 0
-0.936241 , 0.320275 , 0
-0.942702 , 0.300482 , 0
-0.948749 , 0.280556 , 0
-0.954379 , 0.260508 , 0
-0.95959 , 0.240345 , 0
-0.96438 , 0.220076 , 0
-0.968745 , 0.199711 , 0
-0.972685 , 0.179258 , 0
-0.976197 , 0.158726 , 0
-0.979281 , 0.138125 , 0
-0.981933 , 0.117462 , 0
-0.984154 , 0.0967482 , 0
-0.985942 , 0.0759917 , 0
-0.987296 , 0.0552017 , 0
-0.988216 , 0.0343874 , 0
-0.988701 , 0.013558 , 0
-0.988751 , -0.00727732 , 0
-0.988366 , -0.0281095 , 0
-0.987546 , -0.0489293 , 0
-0.986291 , -0.0697275 , 0
-0.984603 , -0.0904951 , 0
-0.982481 , -0.111223 , 0
-0.979927 , -0.131902 , 0
-0.976942 , -0.152522 , 0
-0.973527 , -0.173076 , 0
-0.969684 , -0.193554 , 0
-0.965414 , -0.213946 , 0
-0.960719 , -0.234244 , 0
-0.955602 , -0.254439 , 0
-0.950065 , -0.274523 , 0
-0.944109 , -0.294485 , 0
-0.937739 , -0.314318 , 0
-0.930956 , -0.334013 , 0
-0.923764 , -0.353561 , 0
-0.916166 , -0.372954 , 0
-0.908166 , -0.392183 , 0
-0.899766 , -0.411239 , 0
-0.890971 , -0.430115 , 0
-0.881785 , -0.448802 , 0
-0.872212 , -0.467292 , 0
-0.862256 , -0.485577 , 0
-0.851921 , -0.503648 , 0
-0.841213 , -0.521499 , 0
-0.830136 , -0.539121 , 0
-0.818694 , -0.556507 , 0
-0.806894 , -0.573648 , 0
-0.794741 , -0.590539 , 0
-0.782239 , -0.60717 , 0
-0.769394 , -0.623536 , 0
-0.756213 , -0.639628 , 0
-0.742701 , -0.655441 , 0
-0.728864 , -0.670967 , 0
-0.714708 , -0.6862 , 0
-0.700239 , -0.701132 , 0
-0.685465 , -0.715759 , 0
-0.670391 , -0.730072 , 0
-0.655025 , -0.744067 , 0
-0.639373 , -0.757737 , 0
-0.623442 , -0.771077 , 0
-0.607239 , -0.784081 , 0
-0.590771 , -0.796742 , 0
-0.574046 , -0.809057 , 0
-0.557071 , -0.821019 , 0
-0.539854 , -0.832624 , 0
-0.522402 , -0.843867 , 0
-0.504723 , -0.854743 , 0
-0.486824 , -0.865248 , 0
-0.468714 , -0.875377 , 0
-0.450401 , -0.885126 , 0
-0.431892 , -0.89449 , 0
-0.413196 , -0.903467 , 0
-0.39432 , -0.912053 , 0
-0.375274 , -0.920243 , 0
-0.356066 , -0.928035 , 0
-0.336703 , -0.935426 , 0
-0.317195 , -0.942412 , 0
-0.29755 , -0.948991 , 0
-0.277777 , -0.95516 , 0
-0.257883 , -0.960916 , 0
-0.237878 , -0.966258 , 0
-0.217771 , -0.971184 , 0
-0.19757 , -0.975691 , 0
-0.177283 , -0.979778 , 0
-0.156921 , -0.983444 , 0
-0.136491 , -0.986687 , 0
-0.116002 , -0.989505 , 0
-0.0954636 , -0.991899 , 0
-0.0748842 , -0.993867 , 0
-0.0542726 , -0.995408 , 0
-0.0336378 , -0.996523 , 0
-0.0129885 , -0.997211 , 0
0.00766631 , -0.997473 , 0
0.0283178 , -0.997307 , 0
0.0489573 , -0.996715 , 0
0.0695758 , -0.995697 , 0
0.0901646 , -0.994255 , 0
0.110715 , -0.992388 , 0
0.131218 , -0.990097 , 0
0.151665 , -0.987385 , 0
0.172048 , -0.984253 , 0
0.192357 , -0.980702 , 0
0.212585 , -0.976734 , 0
0.232722 , -0.97235 , 0
0.252761 , -0.967554 , 0
0.272692 , -0.962347 , 0
0.292508 , -0.956733 , 0
0.312199 , -0.950712 , 0
0.331759 , -0.944289 , 0
0.351178 , -0.937467 , 0
0.370448 , -0.930248 , 0
0.389562 , -0.922636 , 0
0.408512 , -0.914634 , 0
0.427289 , -0.906246 , 0
0.445885 , -0.897476 , 0
0.464294 , -0.888328 , 0
0.482507 , -0.878805 , 0
0.500518 , -0.868913 , 0
0.518317 , -0.858655 , 0
0.535899 , -0.848036 , 0
0.553255 , -0.83706 , 0
0.57038 , -0.825734 , 0
0.587265 , -0.814061 , 0
0.603904 , -0.802046 , 0
0.620289 , -0.789696 , 0
0.636415 , -0.777014 , 0
0.652275 , -0.764008 , 0
0.667862 , -0.750682 , 0
0.683169 , -0.737043 , 0
0.698192 , -0.723095 , 0
0.712922 , -0.708846 , 0
0.727356 , -0.694301 , 0
0.741486 , -0.679466 , 0
0.755307 , -0.664348 , 0
0.768814 , -0.648954 , 0
0.782 , -0.633289 , 0
0.794862 , -0.617361 , 0
0.807392 , -0.601177 , 0
0.819588 , -0.584742 , 0
0.831443 , -0.568065 , 0
0.842953 , -0.551152 , 0
0.854113 , -0.53401 , 0
0.864919 , -0.516647 , 0
0.875367 , -0.49907 , 0
0.885452 , -0.481286 , 0
0.895171 , -0.463303 , 0
0.904519 , -0.445128 , 0
0.913493 , -0.426769 , 0
0.922089 , -0.408234 , 0
0.930305 , -0.38953 , 0
0.938136 , -0.370665 , 0
0.945581 , -0.351647 , 0
0.952635 , -0.332484 , 0
0.959296 , -0.313184 , 0
0.965562 , -0.293755 , 0
0.971429 , -0.274205 , 0
0.976897 , -0.254542 , 0
0.981963 , -0.234774 , 0
0.986624 , -0.214909 , 0
0.99088 , -0.194956 , 0
0.994728 , -0.174923 , 0
0.998167 , -0.154818 , 0
1.0012 , -0.13465 , 0
1.00381 , -0.114426 , 0
1.00602 , -0.0941547 , 0
1.00781 , -0.0738451 , 0
1.00919 , -0.0535052 , 0
1.01015 , -0.0331433 , 0
1.0107 , -0.0127678 , 0
1.01084 , 0.00761291 , 0
1.01056 , 0.0279905 , 0
1.00987 , 0.0483566 , 0
1.00876 , 0.0687029 , 0
1.00724 , 0.0890211 , 0
1.00531 , 0.109303 , 0
1.00297 , 0.12954 , 0
1.00021 , 0.149724 , 0
0.997048 , 0.169846 , 0
0.993476 , 0.189899 , 0
0.989497 , 0.209875 , 0
0.985114 , 0.229764 , 0
0.980327 , 0.24956 , 0
0.97514 , 0.269253 , 0
0.969554 , 0.288837 , 0
0.963571 , 0.308302 , 0
0.957195 , 0.327641 , 0
0.950427 , 0.346846 , 0
0.94327 , 0.36591 , 0
0.935728 , 0.384824 , 0
0.927803 , 0.40358 , 0
0.919499 , 0.422172 , 0
0.91082 , 0.440591 , 0
0.901768 , 0.45883 , 0
0.892347 , 0.476881 , 0
0.882561 , 0.494737 , 0
0.872415 , 0.512391 , 0
0.861912 , 0.529836 , 0
0.851057 , 0.547064 , 0
0.839854 , 0.564069 , 0
0.828307 , 0.580842 , 0
0.816422 , 0.597379 , 0
0.804202 , 0.613671 , 0
0.791654 , 0.629712 , 0
0.778782 , 0.645495 , 0
0.765592 , 0.661014 , 0
0.752088 , 0.676263 , 0
0.738276 , 0.691235 , 0
0.724162 , 0.705924 , 0
0.709752 , 0.720324 , 0
0.695051 , 0.734429 , 0
0.680065 , 0.748234 , 0
0.664801 , 0.761732 , 0
0.649265 , 0.774917 , 0
0.633462 , 0.787786 , 0
0.6174 , 0.800331 , 0
0.601084 , 0.812548 , 0
0.584522 , 0.824432 , 0
0.56772 , 0.835977 , 0
0.550685 , 0.84718 , 0
0.533424 , 0.858034 , 0
0.515944 , 0.868537 , 0
0.498252 , 0.878682 , 0
0.480356 , 0.888466 , 0
0.462262 , 0.897886 , 0
0.443977 , 0.906936 , 0
0.42551 , 0.915613 , 0
0.406868 , 0.923913 , 0
0.388059 , 0.931832 , 0
0.36909 , 0.939368 , 0
0.349968 , 0.946517 , 0
0.330703 , 0.953276 , 0
0.311301 , 0.959641 , 0
0.29177 , 0.965611 , 0
0.272119 , 0.971182 , 0
0.252356 , 0.976352 , 0
0.232488 , 0.981119 , 0
0.212525 , 0.98548 , 0
0.192473 , 0.989434 , 0
0.172342 , 0.992978 , 0
0.15214 , 0.996112 , 0
0.131874 , 0.998833 , 0
0.111554 , 1.00114 , 0
0.0911879 , 1.00303 , 0
0.0707837 , 1.00451 , 0
0.0503502 , 1.00557 , 0
0.0298957 , 1.00621 , 0
0.00942882 , 1.00643 , 0
-0.011042 , 1.00624 , 0
-0.0315082 , 1.00562 , 0
-0.0519613 , 1.00459 , 0
-0.0723927 , 1.00314 , 0
-0.092794 , 1.00127 , 0
-0.113157 , 0.998985 , 0
-0.133472 , 0.996283 , 0
-0.153732 , 0.993164 , 0
-0.173927 , 0.989631 , 0
-0.19405 , 0.985684 , 0
-0.214092 , 0.981325 , 0
-0.234044 , 0.976555 , 0
-0.253898 , 0.971376 , 0
-0.273645 , 0.965791 , 0
-0.293278 , 0.9598 , 0
-0.312788 , 0.953407 , 0
-0.332167 , 0.946613 , 0
-0.351406 , 0.939422 , 0
-0.370497 , 0.931836 , 0
-0.389433 , 0.923858 , 0
-0.408204 , 0.915492 , 0
-0.426804 , 0.906739 , 0
-0.445224 , 0.897605 , 0
-0.463456 , 0.888092 , 0
-0.481492 , 0.878204 , 0
-0.499325 , 0.867945 , 0
-0.516948 , 0.85732 , 0
-0.534351 , 0.846332 , 0
-0.551528 , 0.834985 , 0
-0.568472 , 0.823286 , 0
-0.585175 , 0.811237 , 0
-0.60163 , 0.798844 , 0
-0.61783 , 0.786113 , 0
-0.633767 , 0.773047 , 0
-0.649435 , 0.759654 , 0
-0.664827 , 0.745937 , 0
-0.679936 , 0.731903 , 0
-0.694755 , 0.717557 , 0
-0.709279 , 0.702906 , 0
-0.7235 , 0.687954 , 0
-0.737412 , 0.67271 , 0
-0.75101 , 0.657178 , 0
-0.764287 , 0.641365 , 0
-0.777237 , 0.625279 , 0
-0.789854 , 0.608925 , 0
-0.802134 , 0.59231 , 0
-0.81407 , 0.575441 , 0
-0.825657 , 0.558326 , 0
-0.83689 , 0.540972 , 0
-0.847764 , 0.523385 , 0
-0.858274 , 0.505573 , 0
-0.868415 , 0.487545 , 0
-0.878182 , 0.469306 , 0
-0.887572 , 0.450866 , 0
-0.896579 , 0.432231 , 0
-0.905201 , 0.413411 , 0
-0.913432 , 0.394412 , 0
-0.921269 , 0.375243 , 0
-0.928709 , 0.355912 , 0
-0.935747 , 0.336427 , 0
-0.942381 , 0.316797 , 0
-0.948608 , 0.297031 , 0
-0.954424 , 0.277135 , 0
-0.959828 , 0.25712 , 0
-0.964815 , 0.236993 , 0
-0.969385 , 0.216764 , 0
-0.973534 , 0.19644 , 0
-0.977261 , 0.176031 , 0
-0.980563 , 0.155546 , 0
-0.98344 , 0.134994 , 0
-0.98589 , 0.114382 , 0
-0.98791 , 0.0937215 , 0
-0.989502 , 0.0730198 , 0
-0.990662 , 0.0522862 , 0
-0.991392 , 0.0315299 , 0
-0.991689 , 0.0107599 , 0
-0.991554 , -0.0100148 , 0
-0.990987 , -0.0307852 , 0
-0.989988 , -0.0515421 , 0
-0.988557 , -0.0722765 , 0
-0.986694 , -0.0929794 , 0
-0.9844 , -0.113642 , 0
-0.981676 , -0.134254 , 0
-0.978523 , -0.154808 , 0
-0.974942 , -0.175294 , 0
-0.970935 , -0.195704 , 0
-0.966503 , -0.216028 , 0
-0.961647 , -0.236257 , 0
-0.956371 , -0.256383 , 0
-0.950676 , -0.276397 , 0
-0.944564 , -0.296289 , 0
-0.938038 , -0.316052 , 0
-0.9311 , -0.335676 , 0
-0.923754 , -0.355153 , 0
-0.916004 , -0.374474 , 0
-0.907851 , -0.39363 , 0
-0.899299 , -0.412614 , 0
-0.890353 , -0.431417 , 0
-0.881016 , -0.45003 , 0
-0.871291 , -0.468446 , 0
-0.861184 , -0.486655 , 0
-0.850699 , -0.504651 , 0
-0.839839 , -0.522425 , 0
-0.828611 , -0.53997 , 0
-0.817018 , -0.557277 , 0
-0.805066 , -0.574339 , 0
-0.79276 , -0.591148 , 0
-0.780105 , -0.607698 , 0
-0.767107 , -0.62398 , 0
-0.753772 , -0.639988 , 0
-0.740105 , -0.655714 , 0
-0.726112 , -0.671151 , 0
-0.7118 , -0.686294 , 0
-0.697175 , -0.701134 , 0
-0.682243 , -0.715666 , 0
-0.667011 , -0.729883 , 0
-0.651485 , -0.743779 , 0
-0.635672 , -0.757347 , 0
-0.61958 , -0.770582 , 0
-0.603215 , -0.783479 , 0
-0.586585 , -0.79603 , 0
-0.569697 , -0.808231 , 0
-0.552558 , -0.820077 , 0
-0.535176 , -0.831562 , 0
-0.517559 , -0.842681 , 0
-0.499714 , -0.85343 , 0
-0.48165 , -0.863803 , 0
-0.463373 , -0.873797 , 0
-0.444893 , -0.883406 , 0
-0.426218 , -0.892628 , 0
-0.407355 , -0.901456 , 0
-0.388313 , -0.909889 , 0
-0.3691 , -0.917923 , 0
-0.349726 , -0.925553 , 0
-0.330198 , -0.932776 , 0
-0.310525 , -0.939591 , 0
-0.290715 , -0.945992 , 0
-0.270778 , -0.951979 , 0
-0.250723 , -0.957549 , 0
-0.230557 , -0.962698 , 0
-0.21029 , -0.967425 , 0
-0.189932 , -0.971729 , 0
-0.16949 , -0.975606 , 0
-0.148973 , -0.979057 , 0
-0.128392 , -0.982079 , 0
-0.107754 , -0.984671 , 0
-0.0870694 , -0.986832 , 0
-0.0663465 , -0.988562 , 0
-0.0455946 , -0.989859 , 0
-0.0248228 , -0.990724 , 0
-0.00404018 , -0.991157 , 0
0.0167442 , -0.991156 , 0
0.0375213 , -0.990723 , 0
0.0582821 , -0.989858 , 0
0.0790174 , -0.988561 , 0
0.0997183 , -0.986833 , 0
0.120376 , -0.984676 , 0
0.140981 , -0.982089 , 0
0.161524 , -0.979076 , 0
0.181998 , -0.975636 , 0
0.202392 , -0.971772 , 0
0.222698 , -0.967486 , 0
0.242908 , -0.96278 , 0
0.263012 , -0.957655 , 0
0.283002 , -0.952116 , 0
0.30287 , -0.946163 , 0
0.322606 , -0.9398 , 0
0.342202 , -0.93303 , 0
0.36165 , -0.925857 , 0
0.380942 , -0.918282 , 0
0.400069 , -0.910311 , 0
0.419023 , -0.901946 , 0
0.437796 , -0.893192 , 0
0.45638 , -0.884052 , 0
0.474768 , -0.874531 , 0
0.49295 , -0.864633 , 0
0.51092 , -0.854362 , 0
0.528671 , -0.843723 , 0
0.546193 , -0.832721 , 0
0.563481 , -0.821361 , 0
0.580527 , -0.809649 , 0
0.597323 , -0.797588 , 0
0.613863 , -0.785185 , 0
0.63014 , -0.772445 , 0
0.646146 , -0.759375 , 0
0.661876 , -0.745978 , 0
0.677322 , -0.732263 , 0
0.692479 , -0.718234 , 0
0.707339 , -0.703898 , 0
0.721898 , -0.689262 , 0
0.736148 , -0.674331 , 0
0.750084 , -0.659112 , 0
0.7637 , -0.643613 , 0
0.776991 , -0.627839 , 0
0.78995 , -0.611797 , 0
0.802574 , -0.595496 , 0
0.814857 , -0.578941 , 0
0.826793 , -0.56214 , 0
0.838378 , -0.545101 , 0
0.849607 , -0.52783 , 0
0.860476 , -0.510335 , 0
0.87098 , -0.492624 , 0
0.881116 , -0.474704 , 0
0.890878 , -0.456584 , 0
0.900264 , -0.43827 , 0
0.909269 , -0.419771 , 0
0.91789 , -0.401095 , 0
0.926124 , -0.38225 , 0
0.933967 , -0.363243 , 0
0.941417 , -0.344083 , 0
0.94847 , -0.324778 , 0
0.955123 , -0.305337 , 0
0.961375 , -0.285767 , 0
0.967222 , -0.266077 , 0
0.972664 , -0.246275 , 0
0.977697 , -0.22637 , 0
0.982319 , -0.206369 , 0
0.98653 , -0.186282 , 0
0.990327 , -0.166118 , 0
0.99371 , -0.145883 , 0
0.996677 , -0.125588 , 0
0.999226 , -0.10524 , 0
1.00136 , -0.0848478 , 0
1.00307 , -0.0644203 , 0
1.00437 , -0.043966 , 0
1.00524 , -0.0234933 , 0
1.0057 , -0.00301085 , 0
1.00574 , 0.0174729 , 0
1.00536 , 0.0379493 , 0
1.00456 , 0.05841 , 0
1.00334 , 0.0788463 , 0
1.00171 , 0.0992499 , 0
0.999655 , 0.119612 , 0
0.997189 , 0.139925 , 0
0.994309 , 0.160179 , 0
0.991017 , 0.180368 , 0
0.987313 , 0.200481 , 0
0.983201 , 0.220511 , 0
0.978681 , 0.24045 , 0
0.973756 , 0.260289 , 0
0.968429 , 0.280021 , 0
0.9627 , 0.299637 , 0
0.956574 , 0.319129 , 0
0.950053 , 0.338489 , 0
0.943139 , 0.35771 , 0
0.935836 , 0.376782 , 0
0.928147 , 0.3957 , 0
0.920075 , 0.414454 , 0
0.911623 , 0.433037 , 0
0.902796 , 0.451442 , 0
0.893598 , 0.46966 , 0
0.884031 , 0.487686 , 0
0.8741 , 0.505511 , 0
0.86381 , 0.523127 , 0
0.853165 , 0.540529 , 0
0.842168 , 0.557708 , 0
0.830826 , 0.574658 , 0
0.819142 , 0.591373 , 0
0.807122 , 0.607844 , 0
0.794771 , 0.624065 , 0
0.782093 , 0.640031 , 0
0.769095 , 0.655734 , 0
0.755781 , 0.671168 , 0
0.742157 , 0.686327 , 0
0.728229 , 0.701204 , 0
0.714002 , 0.715794 , 0
0.699483 , 0.730091 , 0
0.684677 , 0.744088 , 0
0.669591 , 0.757781 , 0
0.654231 , 0.771164 , 0
0.638603 , 0.78423 , 0
0.622713 , 0.796976 , 0
0.606569 , 0.809396 , 0
0.590176 , 0.821484 , 0
0.573542 , 0.833237 , 0
0.556673 , 0.844648 , 0
0.539577 , 0.855714 , 0
0.522259 , 0.86643 , 0
0.504729 , 0.876792 , 0
0.486992 , 0.886795 , 0
0.469056 , 0.896436 , 0
0.450928 , 0.90571 , 0
0.432615 , 0.914614 , 0
0.414126 , 0.923144 , 0
0.395468 , 0.931296 , 0
0.376648 , 0.939068 , 0
0.357674 , 0.946456 , 0
0.338553 , 0.953457 , 0
0.319295 , 0.960069 , 0
0.299906 , 0.966288 , 0
0.280394 , 0.972112 , 0
0.260768 , 0.977538 , 0
0.241035 , 0.982565 , 0
0.221203 , 0.98719 , 0
0.201281 , 0.991412 , 0
0.181277 , 0.995228 , 0
0.161198 , 0.998637 , 0
0.141054 , 1.00164 , 0
0.120852 , 1.00423 , 0
0.1006 , 1.00641 , 0
0.0803074 , 1.00818 , 0
0.0599818 , 1.00953 , 0
0.0396317 , 1.01047 , 0
0.0192653 , 1.011 , 0
-0.00110896 , 1.01112 , 0
-0.0214828 , 1.01082 , 0
-0.0418478 , 1.0101 , 0
-0.0621957 , 1.00897 , 0
-0.082518 , 1.00743 , 0
-0.102807 , 1.00548 , 0
-0.123053 , 1.00311 , 0
-0.143249 , 1.00033 , 0
-0.163386 , 0.997141 , 0
-0.183456 , 0.993542 , 0
-0.203451 , 0.989536 , 0
-0.223362 , 0.985122 , 0
-0.243181 , 0.980305 , 0
-0.2629 , 0.975084 , 0
-0.282512 , 0.969462 , 0
-0.302007 , 0.963441 , 0
-0.321377 , 0.957024 , 0
-0.340616 , 0.950213 , 0
-0.359714 , 0.94301 , 0
-0.378664 , 0.935419 , 0
-0.397458 , 0.927443 , 0
-0.416088 , 0.919084 , 0
-0.434546 , 0.910346 , 0
-0.452825 , 0.901232 , 0
-0.470917 , 0.891746 , 0
-0.488815 , 0.881891 , 0
-0.50651 , 0.871672 , 0
-0.523996 , 0.861093 , 0
-0.541265 , 0.850157 , 0
-0.558311 , 0.83887 , 0
-0.575125 , 0.827235 , 0
-0.5917 , 0.815257 , 0
-0.608031 , 0.802942 , 0
-0.624109 , 0.790293 , 0
-0.639928 , 0.777317 , 0
-0.655481 , 0.764017 , 0
-0.670763 , 0.7504 , 0
-0.685765 , 0.736472 , 0
-0.700482 , 0.722237 , 0
-0.714908 , 0.707701 , 0
-0.729035 , 0.692871 , 0
-0.74286 , 0.677752 , 0
-0.756374 , 0.66235 , 0
-0.769573 , 0.646672 , 0
-0.782451 , 0.630725 , 0
-0.795001 , 0.614513 , 0
-0.80722 , 0.598045 , 0
-0.819101 , 0.581327 , 0
-0.83064 , 0.564366 , 0
-0.84183 , 0.547168 , 0
-0.852668 , 0.529741 , 0
-0.863148 , 0.512093 , 0
-0.873267 , 0.494229 , 0
-0.883018 , 0.476158 , 0
-0.892399 , 0.457886 , 0
-0.901405 , 0.439423 , 0
-0.910032 , 0.420774 , 0
-0.918275 , 0.401948 , 0
-0.926132 , 0.382954 , 0
-0.933599 , 0.363797 , 0
-0.940672 , 0.344488 , 0
-0.947348 , 0.325033 , 0
-0.953623 , 0.30544 , 0
-0.959496 , 0.285719 , 0
-0.964964 , 0.265877 , 0
-0.970022 , 0.245922 , 0
-0.974671 , 0.225863 , 0
-0.978906 , 0.205708 , 0
-0.982726 , 0.185467 , 0
-0.986129 , 0.165146 , 0
-0.989114 , 0.144756 , 0
-0.991678 , 0.124304 , 0
-0.99382 , 0.103799 , 0
-0.99554 , 0.0832496 , 0
-0.996836 , 0.0626651 , 0
-0.997708 , 0.0420539 , 0
-0.998154 , 0.0214247 , 0
-0.998174 , 0.000786463 , 0
-0.997768 , -0.0198522 , 0
-0.996936 , -0.0404823 , 0
-0.995678 , -0.0610951 , 0
-0.993993 , -0.0816818 , 0
-0.991884 , -0.102234 , 0
-0.98935 , -0.122742 , 0
-0.986391 , -0.143197 , 0
-0.98301 , -0.163591 , 0
-0.979206 , -0.183915 , 0
-0.974983 , -0.204159 , 0
-0.97034 , -0.224316 , 0
-0.96528 , -0.244377 , 0
-0.959805 , -0.264332 , 0
-0.953917 , -0.284174 , 0
-0.947617 , -0.303893 , 0
-0.94091 , -0.323482 , 0
-0.933796 , -0.34293 , 0
-0.92628 , -0.362231 , 0
-0.918363 , -0.381375 , 0
-0.91005 , -0.400355 , 0
-0.901343 , -0.419161 , 0
-0.892246 , -0.437787 , 0
-0.882764 , -0.456222 , 0
-0.872898 , -0.47446 , 0
-0.862655 , -0.492493 , 0
-0.852038 , -0.510312 , 0
-0.841051 , -0.527909 , 0
-0.829698 , -0.545278 , 0
-0.817986 , -0.562409 , 0
-0.805918 , -0.579297 , 0
-0.7935 , -0.595932 , 0
-0.780737 , -0.612308 , 0
-0.767634 , -0.628418 , 0
-0.754197 , -0.644255 , 0
-0.740431 , -0.65981 , 0
-0.726343 , -0.675078 , 0
-0.711938 , -0.690052 , 0
-0.697222 , -0.704725 , 0
-0.682203 , -0.71909 , 0
-0.666885 , -0.733142 , 0
-0.651276 , -0.746873 , 0
-0.635383 , -0.760278 , 0
-0.619212 , -0.77335 , 0
-0.60277 , -0.786085 , 0
-0.586064 , -0.798475 , 0
-0.569102 , -0.810516 , 0
-0.551891 , -0.822203 , 0
-0.534439 , -0.833529 , 0
-0.516752 , -0.84449 , 0
-0.498838 , -0.855081 , 0
-0.480706 , -0.865298 , 0
-0.462364 , -0.875135 , 0
-0.443818 , -0.884588 , 0
-0.425078 , -0.893653 , 0
-0.406151 , -0.902326 , 0
-0.387046 , -0.910603 , 0
-0.367771 , -0.91848 , 0
-0.348335 , -0.925953 , 0
-0.328745 , -0.93302 , 0
-0.309011 , -0.939677 , 0
-0.289142 , -0.945922 , 0
-0.269145 , -0.95175 , 0
-0.24903 , -0.95716 , 0
-0.228805 , -0.962149 , 0
-0.20848 , -0.966716 , 0
-0.188063 , -0.970857 , 0
-0.167564 , -0.974571 , 0
-0.146991 , -0.977856 , 0
-0.126353 , -0.980712 , 0
-0.105659 , -0.983135 , 0
-0.0849192 , -0.985127 , 0
-0.0641419 , -0.986684 , 0
-0.0433363 , -0.987808 , 0
-0.0225116 , -0.988497 , 0
-0.0016771 , -0.988751 , 0
0.0191582 , -0.98857 , 0
0.039985 , -0.987954 , 0
0.0607943 , -0.986904 , 0
0.0815768 , -0.985419 , 0
0.102323 , -0.9835 , 0
0.123025 , -0.981149 , 0
0.143672 , -0.978366 , 0
0.164257 , -0.975153 , 0
0.184769 , -0.971511 , 0
0.2052 , -0.967441 , 0
0.22554 , -0.962947 , 0
0.245782 , -0.958029 , 0
0.265915 , -0.952689 , 0
0.285931 , -0.946931 , 0
0.305822 , -0.940757 , 0
0.325579 , -0.93417 , 0
0.345192 , -0.927172 , 0
0.364654 , -0.919767 , 0
0.383956 , -0.911958 , 0
0.403089 , -0.903749 , 0
0.422045 , -0.895143 , 0
0.440816 , -0.886144 , 0
0.459394 , -0.876757 , 0
0.47777 , -0.866985 , 0
0.495937 , -0.856833 , 0
0.513886 , -0.846306 , 0
0.531611 , -0.835408 , 0
0.549102 , -0.824144 , 0
0.566353 , -0.812519 , 0
0.583357 , -0.800539 , 0
0.600105 , -0.788208 , 0
0.61659 , -0.775533 , 0
0.632806 , -0.762519 , 0
0.648746 , -0.749171 , 0
0.664402 , -0.735496 , 0
0.679768 , -0.7215 , 0
0.694837 , -0.70719 , 0
0.709604 , -0.69257 , 0
0.724061 , -0.677649 , 0
0.738202 , -0.662432 , 0
0.752021 , -0.646927 , 0
0.765514 , -0.63114 , 0
0.778673 , -0.615078 , 0
0.791493 , -0.598749 , 0
0.803969 , -0.582159 , 0
0.816096 , -0.565317 , 0
0.827868 , -0.548229 , 0
0.839281 , -0.530903 , 0
0.85033 , -0.513346 , 0
0.86101 , -0.495567 , 0
0.871316 , -0.477573 , 0
0.881246 , -0.459372 , 0
0.890794 , -0.440973 , 0
0.899956 , -0.422382 , 0
0.908729 , -0.403609 , 0
0.91711 , -0.384662 , 0
0.925094 , -0.365548 , 0
0.932679 , -0.346277 , 0
0.939862 , -0.326856 , 0
0.946639 , -0.307294 , 0
0.953009 , -0.2876 , 0
0.958968 , -0.267782 , 0
0.964515 , -0.247849 , 0
0.969646 , -0.227809 , 0
0.974361 , -0.207671 , 0
0.978658 , -0.187444 , 0
0.982534 , -0.167137 , 0
0.985989 , -0.146758 , 0
0.989021 , -0.126316 , 0
0.99163 , -0.10582 , 0
0.993814 , -0.0852781 , 0
0.995573 , -0.0647002 , 0
0.996906 , -0.0440946 , 0
0.997813 , -0.0234702 , 0
0.998294 , -0.00283574 , 0
0.998349 , 0.0177999 , 0
0.997979 , 0.038428 , 0
0.997183 , 0.0590397 , 0
0.995962 , 0.0796262 , 0
0.994318 , 0.100179 , 0
0.992251 , 0.120689 , 0
0.989762 , 0.141148 , 0
0.986852 , 0.161547 , 0
0.983524 , 0.181877 , 0
0.979779 , 0.20213 , 0
0.975619 , 0.222297 , 0
0.971045 , 0.242371 , 0
0.966061 , 0.262341 , 0
0.960667 , 0.282201 , 0
0.954868 , 0.301942 , 0
0.948665 , 0.321555 , 0
0.942062 , 0.341032 , 0
0.935062 , 0.360365 , 0
0.927667 , 0.379547 , 0
0.919882 , 0.398568 , 0
0.911709 , 0.417422 , 0
0.903153 , 0.4361 , 0
0.894217 , 0.454595 , 0
0.884905 , 0.472899 , 0
0.875222 , 0.491004 , 0
0.865171 , 0.508903 , 0
0.854758 , 0.526589 , 0
0.843987 , 0.544054 , 0
0.832862 , 0.561291 , 0
0.821388 , 0.578294 , 0
0.809571 , 0.595054 , 0
0.797416 , 0.611566 , 0
0.784927 , 0.627822 , 0
0.772111 , 0.643816 , 0
0.758972 , 0.659542 , 0
0.745517 , 0.674992 , 0
0.731751 , 0.690161 , 0
0.717681 , 0.705043 , 0
0.703312 , 0.719631 , 0
0.68865 , 0.73392 , 0
0.673702 , 0.747904 , 0
0.658474 , 0.761577 , 0
0.642972 , 0.774933 , 0
0.627203 , 0.787968 , 0
0.611175 , 0.800676 , 0
0.594893 , 0.813052 , 0
0.578364 , 0.825091 , 0
0.561596 , 0.836789 , 0
0.544595 , 0.84814 , 0
0.527369 , 0.859139 , 0
0.509925 , 0.869784 , 0
0.49227 , 0.880069 , 0
0.474412 , 0.889991 , 0
0.456357 , 0.899544 , 0
0.438115 , 0.908727 , 0
0.419691 , 0.917534 , 0
0.401095 , 0.925964 , 0
0.382333 , 0.934011 , 0
0.363413 , 0.941673 , 0
0.344344 , 0.948948 , 0
0.325133 , 0.955832 , 0
0.305788 , 0.962322 , 0
0.286318 , 0.968417 , 0
0.26673 , 0.974113 , 0
0.247032 , 0.979409 , 0
0.227232 , 0.984302 , 0
0.207339 , 0.988791 , 0
0.187361 , 0.992874 , 0
0.167306 , 0.996549 , 0
0.147183 , 0.999815 , 0
0.126999 , 1.00267 , 0
0.106763 , 1.00512 , 0
0.0864827 , 1.00715 , 0
0.0661673 , 1.00877 , 0
0.0458249 , 1.00997 , 0
0.0254637 , 1.01077 , 0
0.00509199 , 1.01114 , 0
-0.0152818 , 1.01111 , 0
-0.0356492 , 1.01066 , 0
-0.0560021 , 1.00979 , 0
-0.0763321 , 1.00852 , 0
-0.0966308 , 1.00683 , 0
-0.11689 , 1.00473 , 0
-0.137101 , 1.00221 , 0
-0.157257 , 0.999289 , 0
-0.177348 , 0.995957 , 0
-0.197366 , 0.992218 , 0
-0.217304 , 0.988073 , 0
-0.237153 , 0.983525 , 0
-0.256904 , 0.978574 , 0
-0.276551 , 0.973223 , 0
-0.296085 , 0.967474 , 0
-0.315498 , 0.961329 , 0
-0.334782 , 0.954792 , 0
-0.353929 , 0.947864 , 0
-0.372931 , 0.940549 , 0
-0.391781 , 0.93285 , 0
-0.41047 , 0.924769 , 0
-0.428992 , 0.91631 , 0
-0.447339 , 0.907476 , 0
-0.465503 , 0.898272 , 0
-0.483476 , 0.8887 , 0
-0.501251 , 0.878765 , 0
-0.518822 , 0.86847 , 0
-0.536181 , 0.857821 , 0
-0.55332 , 0.84682 , 0
-0.570233 , 0.835473 , 0
-0.586912 , 0.823785 , 0
-0.603352 , 0.811759 , 0
-0.619544 , 0.799401 , 0
-0.635483 , 0.786716 , 0
-0.651162 , 0.773709 , 0
-0.666574 , 0.760385 , 0
-0.681713 , 0.746749 , 0
-0.696573 , 0.732808 , 0
-0.711148 , 0.718566 , 0
-0.725431 , 0.70403 , 0
-0.739417 , 0.689206 , 0
-0.753099 , 0.674099 , 0
-0.766473 , 0.658715 , 0
-0.779532 , 0.643061 , 0
-0.792271 , 0.627143 , 0
-0.804685 , 0.610968 , 0
-0.816769 , 0.594542 , 0
-0.828517 , 0.577871 , 0
-0.839925 , 0.560963 , 0
-0.850987 , 0.543825 , 0
-0.8617 , 0.526463 , 0
-0.872058 , 0.508884 , 0
-0.882057 , 0.491096 , 0
-0.891693 , 0.473106 , 0
-0.900962 , 0.454921 , 0
-0.90986 , 0.436549 , 0
-0.918382 , 0.417996 , 0
-0.926526 , 0.399272 , 0
-0.934288 , 0.380382 , 0
-0.941664 , 0.361336 , 0
-0.948651 , 0.34214 , 0
-0.955247 , 0.322803 , 0
-0.961448 , 0.303333 , 0
-0.967251 , 0.283737 , 0
-0.972654 , 0.264024 , 0
-0.977654 , 0.244201 , 0
-0.98225 , 0.224278 , 0
-0.986438 , 0.204261 , 0
-0.990218 , 0.18416 , 0
-0.993587 , 0.163983 , 0
-0.996543 , 0.143737 , 0
-0.999086 , 0.123432 , 0
-1.00121 , 0.103075 , 0
-1.00293 , 0.0826758 , 0
-1.00422 , 0.062242 , 0
-1.0051 , 0.0417823 , 0
-1.00556 , 0.0213052 , 0
-1.00559 , 0.000819214 , 0
-1.00521 , -0.0196671 , 0
-1.00441 , -0.0401452 , 0
-1.0032 , -0.0606066 , 0
-1.00156 , -0.0810426 , 0
-0.999503 , -0.101445 , 0
-0.997029 , -0.121805 , 0
-0.994138 , -0.142113 , 0
-0.99083 , -0.162363 , 0
-0.987108 , -0.182544 , 0
-0.982971 , -0.202649 , 0
-0.978423 , -0.222668 , 0
-0.973464 , -0.242595 , 0
-0.968095 , -0.262419 , 0
-0.96232 , -0.282133 , 0
-0.95614 , -0.301729 , 0
-0.949558 , -0.321197 , 0
-0.942576 , -0.34053 , 0
-0.935197 , -0.35972 , 0
-0.927423 , -0.378758 , 0
-0.919258 , -0.397636 , 0
-0.910705 , -0.416346 , 0
-0.901767 , -0.434881 , 0
-0.892448 , -0.453231 , 0
-0.882751 , -0.47139 , 0
-0.872681 , -0.489349 , 0
-0.86224 , -0.507101 , 0
-0.851434 , -0.524638 , 0
-0.840267 , -0.541952 , 0
-0.828743 , -0.559036 , 0
-0.816867 , -0.575883 , 0
-0.804644 , -0.592484 , 0
-0.792079 , -0.608834 , 0
-0.779176 , -0.624925 , 0
-0.765941 , -0.640749 , 0
-0.75238 , -0.6563 , 0
-0.738498 , -0.671572 , 0
-0.724301 , -0.686556 , 0
-0.709794 , -0.701247 , 0
-0.694984 , -0.715639 , 0
-0.679877 , -0.729725 , 0
-0.664479 , -0.743498 , 0
-0.648796 , -0.756953 , 0
-0.632835 , -0.770083 , 0
-0.616603 , -0.782883 , 0
-0.600106 , -0.795348 , 0
-0.583351 , -0.80747 , 0
-0.566346 , -0.819246 , 0
-0.549097 , -0.83067 , 0
-0.531612 , -0.841736 , 0
-0.513899 , -0.85244 , 0
-0.495964 , -0.862776 , 0
-0.477815 , -0.872741 , 0
-0.45946 , -0.88233 , 0
-0.440907 , -0.891537 , 0
-0.422163 , -0.90036 , 0
-0.403237 , -0.908794 , 0
-0.384137 , -0.916835 , 0
-0.36487 , -0.924479 , 0
-0.345446 , -0.931723 , 0
-0.325872 , -0.938564 , 0
-0.306157 , -0.944998 , 0
-0.286309 , -0.951022 , 0
-0.266337 , -0.956634 , 0
-0.246249 , -0.96183 , 0
-0.226054 , -0.966609 , 0
-0.205761 , -0.970968 , 0
-0.185379 , -0.974905 , 0
-0.164916 , -0.978418 , 0
-0.144381 , -0.981505 , 0
-0.123784 , -0.984165 , 0
-0.103132 , -0.986396 , 0
-0.082436 , -0.988197 , 0
-0.0617037 , -0.989568 , 0
-0.0409445 , -0.990507 , 0
-0.0201674 , -0.991013 , 0
0.000618548 , -0.991087 , 0
0.0214042 , -0.990729 , 0
0.0421805 , -0.989937 , 0
0.0629383 , -0.988713 , 0
0.0836687 , -0.987056 , 0
0.104362 , -0.984968 , 0
0.12501 , -0.982449 , 0
0.145604 , -0.979499 , 0
0.166133 , -0.976121 , 0
0.18659 , -0.972315 , 0
0.206965 , -0.968084 , 0
0.22725 , -0.963427 , 0
0.247434 , -0.958349 , 0
0.267511 , -0.95285 , 0
0.287469 , -0.946933 , 0
0.307302 , -0.940601 , 0
0.327 , -0.933855 , 0
0.346554 , -0.9267 , 0
0.365956 , -0.919138 , 0
0.385197 , -0.911172 , 0
0.40427 , -0.902806 , 0
0.423164 , -0.894043 , 0
0.441872 , -0.884887 , 0
0.460387 , -0.875342 , 0
0.478699 , -0.865412 , 0
0.4968 , -0.855102 , 0
0.514683 , -0.844416 , 0
0.532339 , -0.833358 , 0
0.549762 , -0.821934 , 0
0.566942 , -0.810148 , 0
0.583873 , -0.798006 , 0
0.600548 , -0.785513 , 0
0.616958 , -0.772674 , 0
0.633096 , -0.759495 , 0
0.648956 , -0.745982 , 0
0.664531 , -0.732141 , 0
0.679813 , -0.717978 , 0
0.694795 , -0.703498 , 0
0.709473 , -0.68871 , 0
0.723838 , -0.673618 , 0
0.737884 , -0.658229 , 0
0.751606 , -0.642551 , 0
0.764997 , -0.626591 , 0
0.778052 , -0.610355 , 0
0.790764 , -0.59385 , 0
0.803129 , -0.577084 , 0
0.815141 , -0.560065 , 0
0.826794 , -0.542799 , 0
0.838084 , -0.525294 , 0
0.849005 , -0.507559 , 0
0.859553 , -0.489601 , 0
0.869724 , -0.471427 , 0
0.879512 , -0.453047 , 0
0.888915 , -0.434467 , 0
0.897927 , -0.415697 , 0
0.906544 , -0.396744 , 0
0.914764 , -0.377617 , 0
0.922583 , -0.358325 , 0
0.929997 , -0.338875 , 0
0.937003 , -0.319276 , 0
0.943598 , -0.299538 , 0
0.94978 , -0.279668 , 0
0.955545 , -0.259676 , 0
0.960892 , -0.23957 , 0
0.965819 , -0.219359 , 0
0.970323 , -0.199053 , 0
0.974402 , -0.178659 , 0
0.978055 , -0.158187 , 0
0.98128 , -0.137646 , 0
0.984077 , -0.117044 , 0
0.986444 , -0.0963919 , 0
0.98838 , -0.0756974 , 0
0.989884 , -0.0549698 , 0
0.990957 , -0.0342182 , 0
0.991598 , -0.0134518 , 0
0.991806 , 0.00732059 , 0
0.991583 , 0.0280897 , 0
0.990927 , 0.0488467 , 0
0.98984 , 0.0695823 , 0
0.988323 , 0.0902877 , 0
0.986376 , 0.110954 , 0
0.984 , 0.131572 , 0
0.981197 , 0.152132 , 0
0.977968 , 0.172627 , 0
0.974314 , 0.193047 , 0
0.970238 , 0.213383 , 0
0.965742 , 0.233627 , 0
0.960827 , 0.253769 , 0
0.955496 , 0.273802 , 0
0.949751 , 0.293716 , 0
0.943596 , 0.313503 , 0
0.937033 , 0.333154 , 0
0.930066 , 0.352662 , 0
0.922696 , 0.372017 , 0
0.914929 , 0.391212 , 0
0.906767 , 0.410238 , 0
0.898215 , 0.429088 , 0
0.889276 , 0.447752 , 0
0.879954 , 0.466224 , 0
0.870253 , 0.484496 , 0
0.860179 , 0.502559 , 0
0.849735 , 0.520406 , 0
0.838926 , 0.53803 , 0
0.827757 , 0.555423 , 0
0.816234 , 0.572578 , 0
0.804361 , 0.589488 , 0
0.792143 , 0.606145 , 0
0.779586 , 0.622543 , 0
0.766696 , 0.638675 , 0
0.753479 , 0.654534 , 0
0.73994 , 0.670113 , 0
0.726085 , 0.685407 , 0
0.71192 , 0.700408 , 0
0.697452 , 0.71511 , 0
0.682687 , 0.729508 , 0
0.667631 , 0.743596 , 0
0.652292 , 0.757367 , 0
0.636675 , 0.770817 , 0
0.620788 , 0.783939 , 0
0.604637 , 0.796728 , 0
0.58823 , 0.80918 , 0
0.571574 , 0.821288 , 0
0.554675 , 0.833049 , 0
0.537542 , 0.844457 , 0
0.520181 , 0.855508 , 0
0.502601 , 0.866197 , 0
0.484808 , 0.87652 , 0
0.466811 , 0.886474 , 0
0.448616 , 0.896053 , 0
0.430233 , 0.905254 , 0
0.411668 , 0.914075 , 0
0.39293 , 0.92251 , 0
0.374026 , 0.930557 , 0
0.354965 , 0.938213 , 0
0.335756 , 0.945475 , 0
0.316405 , 0.95234 , 0
0.296921 , 0.958805 , 0
0.277313 , 0.964868 , 0
0.257589 , 0.970526 , 0
0.237756 , 0.975779 , 0
0.217825 , 0.980622 , 0
0.197802 , 0.985056 , 0
0.177696 , 0.989078 , 0
0.157516 , 0.992686 , 0
0.137271 , 0.99588 , 0
0.116968 , 0.998659 , 0
0.0966165 , 1.00102 , 0
0.0762246 , 1.00297 , 0
0.055801 , 1.00449 , 0
0.0353541 , 1.0056 , 0
0.0148925 , 1.00629 , 0
-0.00557524 , 1.00656 , 0
-0.0260407 , 1.00642 , 0
-0.0464953 , 1.00585 , 0
-0.0669307 , 1.00487 , 0
-0.0873382 , 1.00347 , 0
-0.10771 , 1.00166 , 0
-0.128036 , 0.999429 , 0
-0.14831 , 0.996785 , 0
-0.168522 , 0.993729 , 0
-0.188665 , 0.990261 , 0
-0.208729 , 0.986384 , 0
-0.228707 , 0.982099 , 0
-0.248591 , 0.977408 , 0
-0.268372 , 0.972313 , 0
-0.288042 , 0.966817 , 0
-0.307594 , 0.960922 , 0
-0.327018 , 0.954631 , 0
-0.346308 , 0.947946 , 0
-0.365455 , 0.940871 , 0
-0.384451 , 0.933408 , 0
-0.40329 , 0.92556 , 0
-0.421962 , 0.917332 , 0
-0.44046 , 0.908726 , 0
-0.458778 , 0.899747 , 0
-0.476906 , 0.890397 , 0
-0.494839 , 0.880682 , 0
-0.512569 , 0.870605 , 0
-0.530088 , 0.86017 , 0
-0.547389 , 0.849382 , 0
-0.564466 , 0.838246 , 0
-0.581311 , 0.826765 , 0
-0.597917 , 0.814945 , 0
-0.614278 , 0.802792 , 0
-0.630388 , 0.790309 , 0
-0.646239 , 0.777502 , 0
-0.661825 , 0.764376 , 0
-0.677141 , 0.750937 , 0
-0.692178 , 0.737191 , 0
-0.706933 , 0.723143 , 0
-0.721398 , 0.708799 , 0
-0.735567 , 0.694164 , 0
-0.749436 , 0.679246 , 0
-0.762998 , 0.66405 , 0
-0.776248 , 0.648581 , 0
-0.78918 , 0.632848 , 0
-0.801789 , 0.616856 , 0
-0.814071 , 0.600611 , 0
-0.826019 , 0.584121 , 0
-0.83763 , 0.567392 , 0
-0.848898 , 0.550431 , 0
-0.85982 , 0.533245 , 0
-0.870389 , 0.515841 , 0
-0.880603 , 0.498226 , 0
-0.890457 , 0.480408 , 0
-0.899947 , 0.462393 , 0
-0.909069 , 0.444189 , 0
-0.91782 , 0.425803 , 0
-0.926195 , 0.407244 , 0
-0.934192 , 0.388517 , 0
-0.941807 , 0.369633 , 0
-0.949037 , 0.350597 , 0
-0.955879 , 0.331417 , 0
-0.96233 , 0.312102 , 0
-0.968387 , 0.29266 , 0
-0.974048 , 0.273098 , 0
-0.979311 , 0.253424 , 0
-0.984174 , 0.233646 , 0
-0.988634 , 0.213773 , 0
-0.992689 , 0.193813 , 0
-0.996338 , 0.173773 , 0
-0.99958 , 0.153662 , 0
-1.00241 , 0.133488 , 0
-1.00483 , 0.113259 , 0
-1.00684 , 0.0929845 , 0
-1.00844 , 0.0726715 , 0
-1.00963 , 0.0523287 , 0
-1.0104 , 0.0319644 , 0
-1.01075 , 0.0115871 , 0
-1.0107 , -0.00879504 , 0
-1.01022 , -0.0291735 , 0
-1.00934 , -0.0495401 , 0
-1.00804 , -0.0698863 , 0
-1.00632 , -0.0902038 , 0
-1.00419 , -0.110484 , 0
-1.00165 , -0.130719 , 0
-0.9987 , -0.150901 , 0
-0.995338 , -0.17102 , 0
-0.991566 , -0.191069 , 0
-0.987386 , -0.21104 , 0
-0.9828 , -0.230923 , 0
-0.97781 , -0.250712 , 0
-0.972417 , -0.270397 , 0
-0.966623 , -0.289971 , 0
-0.960431 , -0.309425 , 0
-0.953842 , -0.328752 , 0
-0.946861 , -0.347943 , 0
-0.939488 , -0.366991 , 0
-0.931728 , -0.385887 , 0
-0.923583 , -0.404623 , 0
-0.915056 , -0.423193 , 0
-0.90615 , -0.441587 , 0
-0.89687 , -0.459799 , 0
-0.887219 , -0.477821 , 0
-0.8772 , -0.495644 , 0
-0.866818 , -0.513263 , 0
-0.856077 , -0.530668 , 0
-0.84498 , -0.547854 , 0
-0.833533 , -0.564812 , 0
-0.82174 , -0.581535 , 0
-0.809605 , -0.598017 , 0
-0.797134 , -0.614251 , 0
-0.784332 , -0.630229 , 0
-0.771203 , -0.645944 , 0
-0.757753 , -0.661391 , 0
-0.743987 , -0.676562 , 0
-0.729911 , -0.691452 , 0
-0.715531 , -0.706053 , 0
-0.700852 , -0.720359 , 0
-0.68588 , -0.734364 , 0
-0.670622 , -0.748062 , 0
-0.655083 , -0.761448 , 0
-0.63927 , -0.774515 , 0
-0.62319 , -0.787258 , 0
-0.606849 , -0.799671 , 0
-0.590253 , -0.811749 , 0
-0.573409 , -0.823486 , 0
-0.556325 , -0.834878 , 0
-0.539008 , -0.845919 , 0
-0.521463 , -0.856605 , 0
-0.5037 , -0.86693 , 0
-0.485724 , -0.87689 , 0
-0.467544 , -0.886482 , 0
-0.449167 , -0.895699 , 0
-0.430601 , -0.904539 , 0
-0.411853 , -0.912998 , 0
-0.392931 , -0.92107 , 0
-0.373842 , -0.928754 , 0
-0.354596 , -0.936045 , 0
-0.3352 , -0.94294 , 0
-0.315662 , -0.949436 , 0
-0.29599 , -0.955529 , 0
-0.276193 , -0.961218 , 0
-0.256279 , -0.966498 , 0
-0.236255 , -0.971369 , 0
-0.216132 , -0.975826 , 0
-0.195916 , -0.979869 , 0
-0.175617 , -0.983495 , 0
-0.155244 , -0.986703 , 0
-0.134804 , -0.98949 , 0
-0.114307 , -0.991855 , 0
-0.0937609 , -0.993797 , 0
-0.0731749 , -0.995315 , 0
-0.0525577 , -0.996408 , 0
-0.031918 , -0.997076 , 0
-0.0112647 , -0.997316 , 0
0.00939346 , -0.99713 , 0
0.0300476 , -0.996517 , 0
0.0506888 , -0.995477 , 0
0.0713083 , -0.99401 , 0
0.0918973 , -0.992116 , 0
0.112447 , -0.989797 , 0
0.132948 , -0.987052 , 0
0.153392 , -0.983883 , 0
0.17377 , -0.98029 , 0
0.194073 , -0.976276 , 0
0.214293 , -0.971841 , 0
0.23442 , -0.966987 , 0
0.254446 , -0.961717 , 0
0.274362 , -0.956031 , 0
0.29416 , -0.949932 , 0
0.313831 , -0.943423 , 0
0.333366 , -0.936507 , 0
0.352757 , -0.929185 , 0
0.371996 , -0.921461 , 0
0.391073 , -0.913338 , 0
0.409981 , -0.904819 , 0
0.428711 , -0.895908 , 0
0.447255 , -0.886609 , 0
0.465605 , -0.876924 , 0
0.483752 , -0.866859 , 0
0.50169 , -0.856418 , 0
0.51941 , -0.845604 , 0
0.536903 , -0.834422 , 0
0.554163 , -0.822877 , 0
0.571182 , -0.810974 , 0
0.587952 , -0.798718 , 0
0.604466 , -0.786114 , 0
0.620716 , -0.773167 , 0
0.636696 , -0.759882 , 0
0.652398 , -0.746267 , 0
0.667815 , -0.732325 , 0
0.68294 , -0.718064 , 0
0.697767 , -0.703489 , 0
0.712289 , -0.688607 , 0
0.7265 , -0.673423 , 0
0.740393 , -0.657945 , 0
0.753962 , -0.642179 , 0
0.767201 , -0.626132 , 0
0.780104 , -0.609811 , 0
0.792665 , -0.593222 , 0
0.804879 , -0.576374 , 0
0.81674 , -0.559273 , 0
0.828243 , -0.541927 , 0
0.839383 , -0.524343 , 0
0.850154 , -0.50653 , 0
0.860553 , -0.488493 , 0
0.870574 , -0.470243 , 0
0.880213 , -0.451786 , 0
0.889465 , -0.433131 , 0
0.898326 , -0.414285 , 0
0.906793 , -0.395258 , 0
0.914861 , -0.376056 , 0
0.922527 , -0.35669 , 0
0.929788 , -0.337167 , 0
0.93664 , -0.317495 , 0
0.94308 , -0.297684 , 0
0.949106 , -0.277742 , 0
0.954714 , -0.257678 , 0
0.959902 , -0.2375 , 0
0.964668 , -0.217218 , 0
0.969009 , -0.196841 , 0
0.972925 , -0.176377 , 0
0.976412 , -0.155835 , 0
0.979469 , -0.135225 , 0
0.982096 , -0.114555 , 0
0.98429 , -0.0938347 , 0
0.986051 , -0.0730731 , 0
0.987378 , -0.0522795 , 0
0.988271 , -0.0314628 , 0
0.988729 , -0.0106323 , 0
0.988752 , 0.0102029 , 0
0.98834 , 0.0310336 , 0
0.987494 , 0.0518506 , 0
0.986212 , 0.0726449 , 0
0.984497 , 0.0934072 , 0
0.982349 , 0.114128 , 0
0.97977 , 0.134799 , 0
0.976759 , 0.155411 , 0
0.973319 , 0.175955 , 0
0.969451 , 0.196421 , 0
0.965157 , 0.2168 , 0
0.960439 , 0.237085 , 0
0.955299 , 0.257265 , 0
0.94974 , 0.277333 , 0
0.943763 , 0.297278 , 0
0.937372 , 0.317093 , 0
0.93057 , 0.336769 , 0
0.92336 , 0.356298 , 0
0.915744 , 0.375669 , 0
0.907727 , 0.394876 , 0
0.899312 , 0.413911 , 0
0.890502 , 0.432763 , 0
0.881303 , 0.451426 , 0
0.871718 , 0.469891 , 0
0.861751 , 0.488151 , 0
0.851406 , 0.506197 , 0
0.84069 , 0.524021 , 0
0.829605 , 0.541617 , 0
0.818158 , 0.558975 , 0
0.806353 , 0.576089 , 0
0.794197 , 0.592952 , 0
0.781693 , 0.609555 , 0
0.768848 , 0.625893 , 0
0.755668 , 0.641957 , 0
0.742158 , 0.657742 , 0
0.728324 , 0.67324 , 0
0.714174 , 0.688444 , 0
0.699712 , 0.703349 , 0
0.684946 , 0.717947 , 0
0.669881 , 0.732234 , 0
0.654526 , 0.746201 , 0
0.638886 , 0.759845 , 0
0.622968 , 0.773158 , 0
0.60678 , 0.786136 , 0
0.590329 , 0.798773 , 0
0.573622 , 0.811063 , 0
0.556666 , 0.823001 , 0
0.539469 , 0.834583 , 0
0.522038 , 0.845804 , 0
0.504381 , 0.856659 , 0
0.486507 , 0.867143 , 0
0.468422 , 0.877253 , 0
0.450134 , 0.886983 , 0
0.431653 , 0.896331 , 0
0.412985 , 0.905292 , 0
0.394139 , 0.913862 , 0
0.375123 , 0.922039 , 0
0.355945 , 0.929818 , 0
0.336615 , 0.937198 , 0
0.31714 , 0.944174 , 0
0.297528 , 0.950745 , 0
0.277788 , 0.956907 , 0
0.25793 , 0.962658 , 0
0.23796 , 0.967996 , 0
0.217889 , 0.97292 , 0
0.197724 , 0.977426 , 0
0.177475 , 0.981514 , 0
0.157149 , 0.985182 , 0
0.136757 , 0.988428 , 0
0.116306 , 0.991253 , 0
0.0958049 , 0.993654 , 0
0.0752633 , 0.99563 , 0
0.0546896 , 0.997183 , 0
0.0340926 , 0.99831 , 0
0.0134811 , 0.999012 , 0
-0.0071361 , 0.999289 , 0
-0.0277503 , 0.999141 , 0
-0.0483527 , 0.998568 , 0
-0.0689346 , 0.997572 , 0
-0.0894872 , 0.996151 , 0
-0.110002 , 0.994309 , 0
-0.13047 , 0.992044 , 0
-0.150883 , 0.98936 , 0
-0.171232 , 0.986257 , 0
-0.191508 , 0.982736 , 0
-0.211703 , 0.9788 , 0
-0.23181 , 0.974451 , 0
-0.251818 , 0.96969 , 0
-0.27172 , 0.96452 , 0
-0.291507 , 0.958944 , 0
-0.311172 , 0.952963 , 0
-0.330705 , 0.946581 , 0
-0.3501 , 0.939801 , 0
-0.369347 , 0.932626 , 0
-0.388439 , 0.925059 , 0
-0.407368 , 0.917103 , 0
-0.426126 , 0.908763 , 0
-0.444705 , 0.900041 , 0
-0.463098 , 0.890943 , 0
-0.481297 , 0.881471 , 0
-0.499294 , 0.87163 , 0
-0.517083 , 0.861424 , 0
-0.534655 , 0.850859 , 0
-0.552004 , 0.839937 , 0
-0.569123 , 0.828666 , 0
-0.586004 , 0.817048 , 0
-0.602641 , 0.80509 , 0
-0.619026 , 0.792796 , 0
-0.635154 , 0.780171 , 0
-0.651017 , 0.767222 , 0
-0.666609 , 0.753954 , 0
-0.681924 , 0.740372 , 0
-0.696956 , 0.726483 , 0
-0.711698 , 0.712292 , 0
-0.726145 , 0.697805 , 0
-0.740291 , 0.683029 , 0
-0.754129 , 0.667969 , 0
-0.767655 , 0.652633 , 0
-0.780863 , 0.637026 , 0
-0.793748 , 0.621155 , 0
-0.806304 , 0.605028 , 0
-0.818527 , 0.58865 , 0
-0.830411 , 0.572028 , 0
-0.841952 , 0.555171 , 0
-0.853145 , 0.538084 , 0
-0.863987 , 0.520775 , 0
-0.874471 , 0.503251 , 0
-0.884595 , 0.485519 , 0
-0.894354 , 0.467588 , 0
-0.903745 , 0.449463 , 0
-0.912764 , 0.431154 , 0
-0.921406 , 0.412667 , 0
-0.929669 , 0.39401 , 0
-0.93755 , 0.375191 , 0
-0.945045 , 0.356217 , 0
-0.952152 , 0.337097 , 0
-0.958867 , 0.317839 , 0
-0.965188 , 0.29845 , 0
-0.971113 , 0.278938 , 0
-0.976639 , 0.259312 , 0
-0.981765 , 0.23958 , 0
-0.986487 , 0.219749 , 0
-0.990805 , 0.199828 , 0
-0.994716 , 0.179825 , 0
-0.99822 , 0.159748 , 0
-1.00131 , 0.139606 , 0
-1.004 , 0.119407 , 0
-1.00627 , 0.0991587 , 0
-1.00813 , 0.0788699 , 0
-1.00958 , 0.0585487 , 0
-1.01061 , 0.0382035 , 0
-1.01123 , 0.0178428 , 0
-1.01144 , -0.00252533 , 0
-1.01123 , -0.0228924 , 0
-1.01061 , -0.0432501 , 0
-1.00958 , -0.0635901 , 0
-1.00813 , -0.0839041 , 0
-1.00627 , -0.104184 , 0
-1.004 , -0.124421 , 0
-1.00132 , -0.144607 , 0
-0.998229 , -0.164734 , 0
-0.99473 , -0.184794 , 0
-0.990825 , -0.204778 , 0
-0.986514 , -0.224678 , 0
-0.9818 , -0.244487 , 0
-0.976684 , -0.264196 , 0
-0.97117 , -0.283796 , 0
-0.965258 , -0.303281 , 0
-0.958952 , -0.322642 , 0
-0.952254 , -0.341871 , 0
-0.945167 , -0.36096 , 0
-0.937693 , -0.379901 , 0
-0.929836 , -0.398687 , 0
-0.921598 , -0.41731 , 0
-0.912984 , -0.435763 , 0
-0.903996 , -0.454037 , 0
-0.894639 , -0.472126 , 0
-0.884916 , -0.490021 , 0
-0.87483 , -0.507716 , 0
-0.864387 , -0.525204 , 0
-0.85359 , -0.542476 , 0
-0.842444 , -0.559526 , 0
-0.830953 , -0.576348 , 0
-0.819121 , -0.592933 , 0
-0.806955 , -0.609275 , 0
-0.794457 , -0.625368 , 0
-0.781634 , -0.641205 , 0
-0.768491 , -0.656779 , 0
-0.755033 , -0.672084 , 0
-0.741265 , -0.687113 , 0
-0.727193 , -0.70186 , 0
-0.712823 , -0.71632 , 0
-0.698161 , -0.730485 , 0
-0.683211 , -0.744351 , 0
-0.667982 , -0.757911 , 0
-0.652478 , -0.771159 , 0
-0.636705 , -0.784091 , 0
-0.620672 , -0.796701 , 0
-0.604382 , -0.808983 , 0
-0.587845 , -0.820932 , 0
-0.571065 , -0.832543 , 0
-0.554051 , -0.843812 , 0
-0.536808 , -0.854733 , 0
-0.519344 , -0.865302 , 0
-0.501666 , -0.875515 , 0
-0.483781 , -0.885366 , 0
-0.465696 , -0.894853 , 0
-0.44742 , -0.90397 , 0
-0.428959 , -0.912714 , 0
-0.41032 , -0.92108 , 0
-0.391512 , -0.929066 , 0
-0.372542 , -0.936668 , 0
-0.353418 , -0.943883 , 0
-0.334148 , -0.950707 , 0
-0.314739 , -0.957137 , 0
-0.2952 , -0.963171 , 0
-0.275539 , -0.968805 , 0
-0.255763 , -0.974038 , 0
-0.235881 , -0.978867 , 0
-0.215901 , -0.983289 , 0
-0.195832 , -0.987303 , 0
-0.175681 , -0.990906 , 0
-0.155457 , -0.994097 , 0
-0.135169 , -0.996875 , 0
-0.114824 , -0.999237 , 0
-0.0944312 , -1.00118 , 0
-0.0739992 , -1.00271 , 0
-0.0535363 , -1.00382 , 0
-0.033051 , -1.00452 , 0
-0.012552 , -1.00479 , 0
0.00795232 , -1.00464 , 0
0.0284533 , -1.00407 , 0
0.0489423 , -1.00309 , 0
0.0694109 , -1.00168 , 0
0.0898504 , -0.999851 , 0
0.110252 , -0.997604 , 0
0.130608 , -0.99494 , 0
0.150909 , -0.991858 , 0
0.171146 , -0.988359 , 0
0.191311 , -0.984445 , 0
0.211397 , -0.980117 , 0
0.231393 , -0.975376 , 0
0.251291 , -0.970225 , 0
0.271084 , -0.964665 , 0
0.290762 , -0.958698 , 0
0.310318 , -0.952327 , 0
0.329743 , -0.945554 , 0
0.349028 , -0.938381 , 0
0.368166 , -0.930811 , 0
0.387148 , -0.922848 , 0
0.405967 , -0.914494 , 0
0.424613 , -0.905752 , 0
0.443079 , -0.896627 , 0
0.461357 , -0.887121 , 0
0.47944 , -0.877239 , 0
0.497319 , -0.866984 , 0
0.514986 , -0.85636 , 0
0.532434 , -0.845373 , 0
0.549656 , -0.834025 , 0
0.566644 , -0.822322 , 0
0.58339 , -0.810269 , 0
0.599887 , -0.79787 , 0
0.616128 , -0.78513 , 0
0.632106 , -0.772056 , 0
0.647814 , -0.758651 , 0
0.663245 , -0.744922 , 0
0.678392 , -0.730874 , 0
0.693249 , -0.716513 , 0
0.707808 , -0.701845 , 0
0.722064 , -0.686876 , 0
0.73601 , -0.671612 , 0
0.74964 , -0.65606 , 0
0.762949 , -0.640227 , 0
0.775929 , -0.624118 , 0
0.788575 , -0.60774 , 0
0.800882 , -0.591101 , 0
0.812844 , -0.574207 , 0
0.824456 , -0.557066 , 0
0.835712 , -0.539685 , 0
0.846608 , -0.522071 , 0
0.857138 , -0.504231 , 0
0.867297 , -0.486173 , 0
0.877082 , -0.467906 , 0
0.886488 , -0.449436 , 0
0.89551 , -0.430771 , 0
0.904144 , -0.41192 , 0
0.912386 , -0.392891 , 0
0.920233 , -0.373691 , 0
0.927681 , -0.354329 , 0
0.934726 , -0.334813 , 0
0.941365 , -0.315152 , 0
0.947595 , -0.295354 , 0
0.953414 , -0.275428 , 0
0.958818 , -0.255382 , 0
0.963804 , -0.235225 , 0
0.968372 , -0.214965 , 0
0.972517 , -0.194612 , 0
0.976239 , -0.174174 , 0
0.979535 , -0.15366 , 0
0.982403 , -0.133079 , 0
0.984844 , -0.11244 , 0
0.986854 , -0.0917517 , 0
0.988434 , -0.0710235 , 0
0.989581 , -0.0502643 , 0
0.990296 , -0.0294831 , 0
0.990578 , -0.00868906 , 0
0.990427 , 0.0121088 , 0
0.989843 , 0.0329014 , 0
0.988825 , 0.0536796 , 0
0.987374 , 0.0744342 , 0
0.985491 , 0.0951563 , 0
0.983176 , 0.115837 , 0
0.98043 , 0.136466 , 0
0.977255 , 0.157036 , 0
0.97365 , 0.177537 , 0
0.969619 , 0.19796 , 0
0.965162 , 0.218296 , 0
0.960281 , 0.238536 , 0
0.954979 , 0.258672 , 0
0.949258 , 0.278694 , 0
0.94312 , 0.298594 , 0
0.936567 , 0.318362 , 0
0.929603 , 0.337991 , 0
0.92223 , 0.357471 , 0
0.914452 , 0.376794 , 0
0.906272 , 0.395951 , 0
0.897693 , 0.414934 , 0
0.88872 , 0.433735 , 0
0.879356 , 0.452345 , 0
0.869605 , 0.470756 , 0
0.859471 , 0.48896 , 0
0.84896 , 0.506948 , 0
0.838074 , 0.524714 , 0
0.826821 , 0.542249 , 0
0.815203 , 0.559545 , 0
0.803226 , 0.576596 , 0
0.790897 , 0.593392 , 0
0.778219 , 0.609927 , 0
0.765199 , 0.626194 , 0
0.751842 , 0.642185 , 0
0.738154 , 0.657894 , 0
0.724141 , 0.673314 , 0
0.70981 , 0.688437 , 0
0.695167 , 0.703257 , 0
0.680218 , 0.717768 , 0
0.664969 , 0.731963 , 0
0.649428 , 0.745836 , 0
0.633602 , 0.759381 , 0
0.617497 , 0.772593 , 0
0.601121 , 0.785465 , 0
0.58448 , 0.797991 , 0
0.567582 , 0.810167 , 0
0.550435 , 0.821987 , 0
0.533047 , 0.833446 , 0
0.515424 , 0.844538 , 0
0.497575 , 0.85526 , 0
0.479507 , 0.865606 , 0
0.461229 , 0.875573 , 0
0.442748 , 0.885155 , 0
0.424074 , 0.894349 , 0
0.405213 , 0.903151 , 0
0.386175 , 0.911557 , 0
0.366967 , 0.919563 , 0
0.347599 , 0.927166 , 0
0.328078 , 0.934364 , 0
0.308414 , 0.941152 , 0
0.288615 , 0.947528 , 0
0.268689 , 0.95349 , 0
0.248646 , 0.959035 , 0
0.228495 , 0.96416 , 0
0.208243 , 0.968864 , 0
0.187901 , 0.973145 , 0
0.167476 , 0.977 , 0
0.146978 , 0.98043 , 0
0.126416 , 0.983431 , 0
0.105799 , 0.986004 , 0
0.0851363 , 0.988147 , 0
0.0644361 , 0.989859 , 0
0.0437079 , 0.991141 , 0
0.0229606 , 0.991991 , 0
0.00220334 , 0.992409 , 0
-0.0185549 , 0.992395 , 0
-0.039305 , 0.991951 , 0
-0.0600381 , 0.991075 , 0
-0.0807451 , 0.989769 , 0
-0.101417 , 0.988034 , 0
-0.122045 , 0.98587 , 0
-0.14262 , 0.983279 , 0
-0.163133 , 0.980262 , 0
-0.183576 , 0.97682 , 0
-0.203939 , 0.972956 , 0
-0.224214 , 0.96867 , 0
-0.244392 , 0.963966 , 0
-0.264465 , 0.958846 , 0
-0.284423 , 0.953312 , 0
-0.304259 , 0.947366 , 0
-0.323963 , 0.941012 , 0
-0.343528 , 0.934252 , 0
-0.362945 , 0.92709 , 0
-0.382206 , 0.919529 , 0
-0.401302 , 0.911573 , 0
-0.420226 , 0.903224 , 0
-0.438969 , 0.894488 , 0
-0.457524 , 0.885367 , 0
-0.475882 , 0.875867 , 0
-0.494036 , 0.865991 , 0
-0.511979 , 0.855744 , 0
-0.529703 , 0.845131 , 0
-0.547199 , 0.834156 , 0
-0.564462 , 0.822824 , 0
-0.581484 , 0.811141 , 0
-0.598257 , 0.799111 , 0
-0.614775 , 0.78674 , 0
-0.631031 , 0.774034 , 0
-0.647018 , 0.760997 , 0
-0.662729 , 0.747637 , 0
-0.678158 , 0.733958 , 0
-0.693299 , 0.719967 , 0
-0.708145 , 0.705671 , 0
-0.72269 , 0.691074 , 0
-0.736928 , 0.676184 , 0
-0.750854 , 0.661007 , 0
-0.764462 , 0.64555 , 0
-0.777745 , 0.62982 , 0
-0.7907 , 0.613823 , 0
-0.80332 , 0.597566 , 0
-0.8156 , 0.581057 , 0
-0.827536 , 0.564302 , 0
-0.839123 , 0.547309 , 0
-0.850355 , 0.530085 , 0
-0.861229 , 0.512638 , 0
-0.87174 , 0.494974 , 0
-0.881884 , 0.477102 , 0
-0.891657 , 0.45903 , 0
-0.901055 , 0.440764 , 0
-0.910074 , 0.422313 , 0
-0.918711 , 0.403685 , 0
-0.926963 , 0.384888 , 0
-0.934825 , 0.365929 , 0
-0.942296 , 0.346816 , 0
-0.949373 , 0.327558 , 0
-0.956051 , 0.308164 , 0
-0.96233 , 0.28864 , 0
-0.968207 , 0.268995 , 0
-0.973679 , 0.249239 , 0
-0.978744 , 0.229378 , 0
-0.983401 , 0.209421 , 0
-0.987648 , 0.189377 , 0
-0.991483 , 0.169254 , 0
-0.994905 , 0.149061 , 0
-0.997913 , 0.128806 , 0
-1.00051 , 0.108496 , 0
-1.00268 , 0.0881423 , 0
-1.00444 , 0.0677515 , 0
-1.00579 , 0.0473326 , 0
-1.00671 , 0.026894 , 0
-1.00722 , 0.00644428 , 0
-1.00731 , -0.0140081 , 0
-1.00698 , -0.0344547 , 0
-1.00623 , -0.0548871 , 0
-1.00507 , -0.0752967 , 0
-1.0035 , -0.0956751 , 0
-1.0015 , -0.116014 , 0
-0.999096 , -0.136305 , 0
-0.996277 , -0.156539 , 0
-0.993046 , -0.176709 , 0
-0.989405 , -0.196806 , 0
-0.985355 , -0.216822 , 0
-0.9809 , -0.236748 , 0
-0.976039 , -0.256577 , 0
-0.970777 , -0.2763 , 0
-0.965115 , -0.295909 , 0
-0.959055 , -0.315397 , 0
-0.9526 , -0.334754 , 0
-0.945754 , -0.353974 , 0
-0.938518 , -0.373048 , 0
-0.930897 , -0.391969 , 0
-0.922893 , -0.410728 , 0
-0.91451 , -0.429319 , 0
-0.905751 , -0.447734 , 0
-0.89662 , -0.465964 , 0
-0.887121 , -0.484004 , 0
-0.877259 , -0.501845 , 0
-0.867036 , -0.51948 , 0
-0.856458 , -0.536901 , 0
-0.845528 , -0.554103 , 0
-0.834252 , -0.571078 , 0
-0.822634 , -0.587818 , 0
-0.81068 , -0.604318 , 0
-0.798393 , -0.620571 , 0
-0.785779 , -0.636569 , 0
-0.772843 , -0.652306 , 0
-0.759591 , -0.667777 , 0
-0.746028 , -0.682974 , 0
-0.73216 , -0.697892 , 0
-0.717992 , -0.712524 , 0
-0.703531 , -0.726864 , 0
-0.688782 , -0.740908 , 0
-0.673751 , -0.754648 , 0
-0.658444 , -0.76808 , 0
-0.642869 , -0.781197 , 0
-0.62703 , -0.793996 , 0
-0.610935 , -0.806469 , 0
-0.59459 , -0.818613 , 0
-0.578003 , -0.830422 , 0
-0.561179 , -0.841892 , 0
-0.544125 , -0.853018 , 0
-0.526849 , -0.863795 , 0
-0.509358 , -0.874219 , 0
-0.491659 , -0.884285 , 0
-0.473758 , -0.89399 , 0
-0.455664 , -0.90333 , 0
-0.437384 , -0.9123 , 0
-0.418925 , -0.920897 , 0
-0.400295 , -0.929118 , 0
-0.3815 , -0.936959 , 0
-0.36255 , -0.944417 , 0
-0.343452 , -0.951488 , 0
-0.324213 , -0.95817 , 0
-0.304841 , -0.964461 , 0
-0.285345 , -0.970356 , 0
-0.265732 , -0.975855 , 0
-0.24601 , -0.980954 , 0
-0.226188 , -0.985652 , 0
-0.206273 , -0.989946 , 0
-0.186273 , -0.993834 , 0
-0.166197 , -0.997316 , 0
-0.146053 , -1.00039 , 0
-0.12585 , -1.00305 , 0
-0.105594 , -1.0053 , 0
-0.0852955 , -1.00714 , 0
-0.0649619 , -1.00857 , 0
-0.0446016 , -1.00958 , 0
-0.024223 , -1.01018 , 0
-0.00383439 , -1.01037 , 0
0.0165557 , -1.01013 , 0
0.0369391 , -1.00949 , 0
0.0573072 , -1.00843 , 0
0.0776518 , -1.00695 , 0
0.0979645 , -1.00506 , 0
0.118237 , -1.00276 , 0
0.138461 , -1.00005 , 0
0.158627 , -0.996921 , 0
0.178729 , -0.993383 , 0
0.198757 , -0.989437 , 0
0.218702 , -0.985083 , 0
0.238558 , -0.980322 , 0
0.258315 , -0.975158 , 0
0.277966 , -0.969591 , 0
0.297502 , -0.963623 , 0
0.316915 , -0.957258 , 0
0.336197 , -0.950497 , 0
0.35534 , -0.943343 , 0
0.374337 , -0.935799 , 0
0.393178 , -0.927867 , 0
0.411856 , -0.919552 , 0
0.430364 , -0.910855 , 0
0.448693 , -0.901781 , 0
0.466837 , -0.892333 , 0
0.484786 , -0.882515 , 0
0.502535 , -0.87233 , 0
0.520074 , -0.861783 , 0
0.537398 , -0.850878 , 0
0.554498 , -0.839619 , 0
0.571367 , -0.828011 , 0
0.587999 , -0.816058 , 0
0.604385 , -0.803764 , 0
0.62052 , -0.791136 , 0
0.636396 , -0.778178 , 0
0.652006 , -0.764896 , 0
0.667344 , -0.751294 , 0
0.682403 , -0.737378 , 0
0.697177 , -0.723153 , 0
0.711659 , -0.708626 , 0
0.725843 , -0.693803 , 0
0.739723 , -0.678689 , 0
0.753294 , -0.66329 , 0
0.766548 , -0.647614 , 0
0.77948 , -0.631665 , 0
0.792086 , -0.615451 , 0
0.804358 , -0.598979 , 0
0.816292 , -0.582255 , 0
0.827883 , -0.565285 , 0
0.839125 , -0.548078 , 0
0.850013 , -0.53064 , 0
0.860544 , -0.512978 , 0
0.870711 , -0.4951 , 0
0.88051 , -0.477012 , 0
0.889938 , -0.458723 , 0
0.898989 , -0.44024 , 0
0.90766 , -0.421571 , 0
0.915947 , -0.402724 , 0
0.923846 , -0.383706 , 0
0.931353 , -0.364525 , 0
0.938465 , -0.345189 , 0
0.945178 , -0.325708 , 0
0.951491 , -0.306087 , 0
0.957398 , -0.286337 , 0
0.962899 , -0.266465 , 0
0.96799 , -0.246479 , 0
0.972668 , -0.226389 , 0
0.976932 , -0.206202 , 0
0.98078 , -0.185927 , 0
0.984208 , -0.165572 , 0
0.987217 , -0.145147 , 0
0.989803 , -0.12466 , 0
0.991966 , -0.10412 , 0
0.993705 , -0.0835347 , 0
0.995018 , -0.062914 , 0
0.995905 , -0.0422664 , 0
0.996365 , -0.0216006 , 0
0.996398 , -0.000925523 , 0
0.996002 , 0.0197499 , 0
0.995179 , 0.0404169 , 0
0.993928 , 0.0610665 , 0
0.99225 , 0.0816898 , 0
0.990144 , 0.102278 , 0
0.987612 , 0.122822 , 0
0.984654 , 0.143313 , 0
0.981272 , 0.163743 , 0
0.977467 , 0.184101 , 0
0.973239 , 0.204381 , 0
0.968591 , 0.224572 , 0
0.963524 , 0.244666 , 0
0.958041 , 0.264654 , 0
0.952143 , 0.284527 , 0
0.945833 , 0.304278 , 0
0.939113 , 0.323896 , 0
0.931986 , 0.343374 , 0
0.924454 , 0.362703 , 0
0.916522 , 0.381875 , 0
0.908191 , 0.400881 , 0
0.899466 , 0.419713 , 0
0.89035 , 0.438363 , 0
0.880847 , 0.456821 , 0
0.870961 , 0.475081 , 0
0.860696 , 0.493135 , 0
0.850055 , 0.510973 , 0
0.839045 , 0.528589 , 0
0.827669 , 0.545975 , 0
0.815931 , 0.563122 , 0
0.803838 , 0.580024 , 0
0.791394 , 0.596672 , 0
0.778604 , 0.61306 , 0
0.765474 , 0.62918 , 0
0.75201 , 0.645026 , 0
0.738217 , 0.660589 , 0
0.724101 , 0.675863 , 0
0.709668 , 0.690842 , 0
0.694924 , 0.705518 , 0
0.679877 , 0.719885 , 0
0.664531 , 0.733937 , 0
0.648894 , 0.747667 , 0
0.632973 , 0.76107 , 0
0.616775 , 0.774139 , 0
0.600306 , 0.786869 , 0
0.583573 , 0.799253 , 0
0.566585 , 0.811287 , 0
0.549348 , 0.822964 , 0
0.531869 , 0.834281 , 0
0.514157 , 0.845231 , 0
0.49622 , 0.855809 , 0
0.478064 , 0.866012 , 0
0.459698 , 0.875834 , 0
0.441131 , 0.885272 , 0
0.422369 , 0.89432 , 0
0.403422 , 0.902975 , 0
0.384297 , 0.911233 , 0
0.365003 , 0.919091 , 0
0.345549 , 0.926544 , 0
0.325943 , 0.933589 , 0
0.306193 , 0.940224 , 0
0.286309 , 0.946446 , 0
0.266299 , 0.952251 , 0
0.246172 , 0.957637 , 0
0.225936 , 0.962601 , 0
0.205601 , 0.967142 , 0
0.185175 , 0.971258 , 0
0.164668 , 0.974946 , 0
0.144088 , 0.978205 , 0
0.123446 , 0.981034 , 0
0.102748 , 0.983431 , 0
0.0820058 , 0.985395 , 0
0.0612273 , 0.986926 , 0
0.0404218 , 0.988022 , 0
0.0195985 , 0.988684 , 0
-0.00123333 , 0.988912 , 0
-0.0220647 , 0.988704 , 0
-0.0428863 , 0.988061 , 0
-0.0636891 , 0.986984 , 0
-0.0844639 , 0.985473 , 0
-0.105202 , 0.983529 , 0
-0.125893 , 0.981153 , 0
-0.146529 , 0.978345 , 0
-0.167101 , 0.975108 , 0
-0.187599 , 0.971443 , 0
-0.208015 , 0.967351 , 0
-0.22834 , 0.962834 , 0
-0.248564 , 0.957894 , 0
-0.268679 , 0.952535 , 0
-0.288677 , 0.946757 , 0
-0.308548 , 0.940564 , 0
-0.328283 , 0.933959 , 0
-0.347875 , 0.926945 , 0
-0.367314 , 0.919524 , 0
-0.386593 , 0.911701 , 0
-0.405702 , 0.903478 , 0
-0.424634 , 0.89486 , 0
-0.443379 , 0.885851 , 0
-0.461931 , 0.876454 , 0
-0.480281 , 0.866674 , 0
-0.498421 , 0.856515 , 0
-0.516343 , 0.845981 , 0
-0.53404 , 0.835079 , 0
-0.551504 , 0.823812 , 0
-0.568727 , 0.812185 , 0
-0.585702 , 0.800204 , 0
-0.602421 , 0.787875 , 0
-0.618878 , 0.775202 , 0
-0.635066 , 0.762191 , 0
-0.650977 , 0.748849 , 0
-0.666605 , 0.735181 , 0
-0.681943 , 0.721193 , 0
-0.696985 , 0.706891 , 0
-0.711724 , 0.692283 , 0
-0.726153 , 0.677374 , 0
-0.740268 , 0.662171 , 0
-0.754062 , 0.646681 , 0
-0.767528 , 0.63091 , 0
-0.780663 , 0.614867 , 0
-0.793459 , 0.598556 , 0
-0.805912 , 0.581987 , 0
-0.818016 , 0.565166 , 0
-0.829766 , 0.548101 , 0
-0.841158 , 0.530799 , 0
-0.852187 , 0.513268 , 0
-0.862849 , 0.495516 , 0
-0.873138 , 0.477549 , 0
-0.88305 , 0.459377 , 0
-0.892583 , 0.441007 , 0
-0.901731 , 0.422447 , 0
-0.910492 , 0.403706 , 0
-0.918861 , 0.384791 , 0
-0.926835 , 0.365711 , 0
-0.934411 , 0.346473 , 0
-0.941587 , 0.327087 , 0
-0.948358 , 0.307561 , 0
-0.954723 , 0.287903 , 0
-0.96068 , 0.268121 , 0
-0.966225 , 0.248225 , 0
-0.971357 , 0.228223 , 0
-0.976074 , 0.208123 , 0
-0.980374 , 0.187934 , 0
-0.984256 , 0.167666 , 0
-0.987718 , 0.147325 , 0
-0.990759 , 0.126922 , 0
-0.993378 , 0.106465 , 0
-0.995574 , 0.0859621 , 0
-0.997346 , 0.0654229 , 0
-0.998695 , 0.044856 , 0
-0.999619 , 0.02427 , 0
-1.00012 , 0.00367364 , 0
-1.00019 , -0.0169242 , 0
-0.999846 , -0.0375149 , 0
-0.999075 , -0.0580898 , 0
-0.99788 , -0.07864 , 0
-0.996263 , -0.0991569 , 0
-0.994225 , -0.119632 , 0
-0.991766 , -0.140056 , 0
-0.988889 , -0.160422 , 0
-0.985595 , -0.180719 , 0
-0.981885 , -0.200941 , 0
-0.977762 , -0.221078 , 0
-0.973227 , -0.241121 , 0
-0.968282 , -0.261064 , 0
-0.96293 , -0.280896 , 0
-0.957173 , -0.300611 , 0
-0.951015 , -0.320199 , 0
-0.944457 , -0.339652 , 0
-0.937503 , -0.358964 , 0
-0.930156 , -0.378125 , 0
-0.92242 , -0.397127 , 0
-0.914297 , -0.415963 , 0
-0.905792 , -0.434625 , 0
-0.896908 , -0.453106 , 0
-0.887649 , -0.471397 , 0
-0.87802 , -0.489491 , 0
-0.868024 , -0.507381 , 0
-0.857666 , -0.52506 , 0
-0.846951 , -0.542519 , 0
-0.835883 , -0.559753 , 0
-0.824467 , -0.576753 , 0
-0.812708 , -0.593514 , 0
-0.80061 , -0.610027 , 0
-0.78818 , -0.626287 , 0
-0.775423 , -0.642287 , 0
-0.762344 , -0.65802 , 0
-0.748948 , -0.673481 , 0
-0.735242 , -0.688662 , 0
-0.721231 , -0.703557 , 0
-0.706921 , -0.718161 , 0
-0.692318 , -0.732468 , 0
-0.677429 , -0.746471 , 0
-0.66226 , -0.760166 , 0
-0.646817 , -0.773546 , 0
-0.631107 , -0.786607 , 0
-0.615136 , -0.799343 , 0
-0.598911 , -0.811748 , 0
-0.582438 , -0.823819 , 0
-0.565726 , -0.83555 , 0
-0.54878 , -0.846937 , 0
-0.531608 , -0.857974 , 0
-0.514217 , -0.868658 , 0
-0.496615 , -0.878984 , 0
-0.478808 , -0.888949 , 0
-0.460804 , -0.898547 , 0
-0.44261 , -0.907776 , 0
-0.424234 , -0.916632 , 0
-0.405684 , -0.925111 , 0
-0.386968 , -0.93321 , 0
-0.368092 , -0.940925 , 0
-0.349065 , -0.948255 , 0
-0.329895 , -0.955195 , 0
-0.31059 , -0.961743 , 0
-0.291157 , -0.967896 , 0
-0.271604 , -0.973652 , 0
-0.251941 , -0.97901 , 0
-0.232174 , -0.983966 , 0
-0.212312 , -0.988518 , 0
-0.192363 , -0.992666 , 0
-0.172335 , -0.996407 , 0
-0.152237 , -0.99974 , 0
-0.132076 , -1.00266 , 0
-0.111861 , -1.00518 , 0
-0.0916005 , -1.00728 , 0
-0.0713024 , -1.00897 , 0
-0.0509752 , -1.01025 , 0
-0.0306271 , -1.01111 , 0
-0.0102664 , -1.01156 , 0
0.0100984 , -1.0116 , 0
0.0304591 , -1.01122 , 0
0.0508074 , -1.01043 , 0
0.0711348 , -1.00922 , 0
0.0914332 , -1.00761 , 0
0.111694 , -1.00558 , 0
0.13191 , -1.00314 , 0
0.152071 , -1.00029 , 0
0.17217 , -0.99703 , 0
0.192199 , -0.993364 , 0
0.212149 , -0.989291 , 0
0.232013 , -0.984815 , 0
0.251782 , -0.979936 , 0
0.271448 , -0.974656 , 0
0.291003 , -0.968978 , 0
0.310438 , -0.962903 , 0
0.329747 , -0.956435 , 0
0.348921 , -0.949576 , 0
0.367953 , -0.942328 , 0
0.386834 , -0.934695 , 0
0.405557 , -0.92668 , 0
0.424113 , -0.918286 , 0
0.442497 , -0.909516 , 0
0.460699 , -0.900373 , 0
0.478713 , -0.890863 , 0
0.49653 , -0.880987 , 0
0.514145 , -0.870751 , 0
0.531549 , -0.860159 , 0
0.548735 , -0.849214 , 0
0.565696 , -0.837921 , 0
0.582426 , -0.826284 , 0
0.598916 , -0.814309 , 0
0.615162 , -0.802001 , 0
0.631155 , -0.789363 , 0
0.646889 , -0.776401 , 0
0.662357 , -0.763121 , 0
0.677554 , -0.749528 , 0
0.692473 , -0.735627 , 0
0.707107 , -0.721424 , 0
0.72145 , -0.706924 , 0
0.735497 , -0.692134 , 0
0.749242 , -0.677059 , 0
0.762679 , -0.661706 , 0
0.775801 , -0.64608 , 0
0.788605 , -0.630189 , 0
0.801083 , -0.614038 , 0
0.813232 , -0.597634 , 0
0.825046 , -0.580984 , 0
0.836519 , -0.564094 , 0
0.847647 , -0.546972 , 0
0.858426 , -0.529624 , 0
0.86885 , -0.512057 , 0
0.878915 , -0.494279 , 0
0.888618 , -0.476297 , 0
0.897952 , -0.458117 , 0
0.906916 , -0.439748 , 0
0.915504 , -0.421198 , 0
0.923713 , -0.402472 , 0
0.931539 , -0.383581 , 0
0.93898 , -0.36453 , 0
0.94603 , -0.345328 , 0
0.952689 , -0.325982 , 0
0.958952 , -0.306502 , 0
0.964816 , -0.286894 , 0
0.97028 , -0.267166 , 0
0.97534 , -0.247328 , 0
0.979995 , -0.227387 , 0
0.984241 , -0.207351 , 0
0.988077 , -0.187229 , 0
0.991502 , -0.167029 , 0
0.994513 , -0.146759 , 0
0.997109 , -0.126428 , 0
0.999289 , -0.106044 , 0
1.00105 , -0.0856153 , 0
1.0024 , -0.0651513 , 0
1.00332 , -0.04466 , 0
1.00382 , -0.02415 , 0
1.00391 , -0.00362986 , 0
1.00357 , 0.0168918 , 0
1.00281 , 0.0374063 , 0
1.00164 , 0.0579052 , 0
1.00004 , 0.0783797 , 0
0.998017 , 0.0988213 , 0
0.995578 , 0.119221 , 0
0.99272 , 0.139571 , 0
0.989445 , 0.159862 , 0
0.985752 , 0.180086 , 0
0.981644 , 0.200234 , 0
0.977122 , 0.220297 , 0
0.972187 , 0.240268 , 0
0.966841 , 0.260137 , 0
0.961087 , 0.279895 , 0
0.954926 , 0.299536 , 0
0.948361 , 0.31905 , 0
0.941395 , 0.338428 , 0
0.934029 , 0.357663 , 0
0.926267 , 0.376747 , 0
0.918112 , 0.39567 , 0
0.909567 , 0.414426 , 0
0.900635 , 0.433005 , 0
0.891321 , 0.4514 , 0
0.881627 , 0.469603 , 0
0.871557 , 0.487606 , 0
0.861116 , 0.505402 , 0
0.850308 , 0.522981 , 0
0.839137 , 0.540338 , 0
0.827608 , 0.557464 , 0
0.815725 , 0.574351 , 0
0.803493 , 0.590993 , 0
0.790918 , 0.607382 , 0
0.778003 , 0.623511 , 0
0.764756 , 0.639373 , 0
0.75118 , 0.654961 , 0
0.737283 , 0.670268 , 0
0.723068 , 0.685287 , 0
0.708543 , 0.700011 , 0
0.693714 , 0.714435 , 0
0.678586 , 0.728551 , 0
0.663166 , 0.742354 , 0
0.647461 , 0.755838 , 0
0.631477 , 0.768995 , 0
0.61522 , 0.781821 , 0
0.598698 , 0.79431 , 0
0.581917 , 0.806455 , 0
0.564885 , 0.818253 , 0
0.547609 , 0.829696 , 0
0.530096 , 0.840781 , 0
0.512354 , 0.851502 , 0
0.49439 , 0.861855 , 0
0.476211 , 0.871834 , 0
0.457826 , 0.881435 , 0
0.439243 , 0.890654 , 0
0.420469 , 0.899486 , 0
0.401513 , 0.907928 , 0
0.382382 , 0.915975 , 0
0.363085 , 0.923625 , 0
0.34363 , 0.930872 , 0
0.324025 , 0.937715 , 0
0.30428 , 0.94415 , 0
0.284402 , 0.950173 , 0
0.2644 , 0.955782 , 0
0.244283 , 0.960975 , 0
0.224059 , 0.965749 , 0
0.203738 , 0.970102 , 0
0.183327 , 0.974031 , 0
0.162837 , 0.977534 , 0
0.142275 , 0.980611 , 0
0.121652 , 0.983259 , 0
0.100975 , 0.985477 , 0
0.0802537 , 0.987265 , 0
0.0594976 , 0.98862 , 0
0.0387153 , 0.989543 , 0
0.0179162 , 0.990032 , 0
-0.00289083 , 0.990088 , 0
-0.0236966 , 0.98971 , 0
-0.0444919 , 0.988898 , 0
-0.0652678 , 0.987653 , 0
-0.086015 , 0.985974 , 0
-0.106725 , 0.983863 , 0
-0.127387 , 0.981321 , 0
-0.147994 , 0.978347 , 0
-0.168536 , 0.974945 , 0
-0.189004 , 0.971114 , 0
-0.209388 , 0.966856 , 0
-0.229681 , 0.962174 , 0
-0.249873 , 0.957069 , 0
-0.269955 , 0.951544 , 0
-0.289919 , 0.9456 , 0
-0.309754 , 0.939241 , 0
-0.329454 , 0.932468 , 0
-0.349009 , 0.925286 , 0
-0.368411 , 0.917696 , 0
-0.38765 , 0.909704 , 0
-0.406719 , 0.90131 , 0
-0.425609 , 0.892521 , 0
-0.444311 , 0.883338 , 0
-0.462819 , 0.873767 , 0
-0.481122 , 0.863812 , 0
-0.499214 , 0.853476 , 0
-0.517086 , 0.842765 , 0
-0.534731 , 0.831683 , 0
-0.55214 , 0.820236 , 0
-0.569307 , 0.808427 , 0
-0.586223 , 0.796262 , 0
-0.602881 , 0.783747 , 0
-0.619273 , 0.770888 , 0
-0.635394 , 0.757689 , 0
-0.651234 , 0.744157 , 0
-0.666789 , 0.730297 , 0
-0.68205 , 0.716117 , 0
-0.697011 , 0.701621 , 0
-0.711666 , 0.686817 , 0
-0.726007 , 0.671711 , 0
-0.74003 , 0.65631 , 0
-0.753728 , 0.64062 , 0
-0.767094 , 0.624649 , 0
-0.780123 , 0.608404 , 0
-0.79281 , 0.591891 , 0
-0.805148 , 0.575118 , 0
-0.817133 , 0.558093 , 0
-0.82876 , 0.540823 , 0
-0.840022 , 0.523315 , 0
-0.850917 , 0.505578 , 0
-0.861438 , 0.487619 , 0
-0.871581 , 0.469447 , 0
-0.881342 , 0.451069 , 0
-0.890717 , 0.432493 , 0
-0.899702 , 0.413727 , 0
-0.908293 , 0.394781 , 0
-0.916487 , 0.375661 , 0
-0.924279 , 0.356378 , 0
-0.931667 , 0.336938 , 0
-0.938648 , 0.317351 , 0
-0.945218 , 0.297625 , 0
-0.951376 , 0.27777 , 0
-0.957118 , 0.257793 , 0
-0.962442 , 0.237703 , 0
-0.967347 , 0.21751 , 0
-0.971829 , 0.197222 , 0
-0.975888 , 0.176848 , 0
-0.979522 , 0.156397 , 0
-0.982729 , 0.135877 , 0
-0.985508 , 0.115299 , 0
-0.987858 , 0.0946703 , 0
-0.989779 , 0.0740006 , 0
-0.991269 , 0.0532987 , 0
-0.992329 , 0.0325736 , 0
-0.992958 , 0.0118344 , 0
-0.993156 , -0.00890996 , 0
-0.992923 , -0.0296504 , 0
-0.99226 , -0.0503781 , 0
-0.991167 , -0.0710839 , 0
-0.989644 , -0.0917589 , 0
-0.987694 , -0.112394 , 0
-0.985316 , -0.132981 , 0
-0.982512 , -0.15351 , 0
-0.979284 , -0.173973 , 0
-0.975632 , -0.194361 , 0
-0.97156 , -0.214665 , 0
-0.967069 , -0.234876 , 0
-0.962161 , -0.254986 , 0
-0.956839 , -0.274986 , 0
-0.951105 , -0.294868 , 0
-0.944961 , -0.314623 , 0
-0.938411 , -0.334243 , 0
-0.931459 , -0.353719 , 0
-0.924106 , -0.373043 , 0
-0.916356 , -0.392208 , 0
-0.908214 , -0.411204 , 0
-0.899683 , -0.430024 , 0
-0.890766 , -0.448659 , 0
-0.881468 , -0.467103 , 0
-0.871793 , -0.485347 , 0
-0.861745 , -0.503383 , 0
-0.85133 , -0.521205 , 0
-0.840551 , -0.538804 , 0
-0.829413 , -0.556173 , 0
-0.817922 , -0.573305 , 0
-0.806083 , -0.590193 , 0
-0.7939 , -0.606829 , 0
-0.78138 , -0.623208 , 0
-0.768527 , -0.639322 , 0
-0.755348 , -0.655163 , 0
-0.741849 , -0.670727 , 0
-0.728034 , -0.686007 , 0
-0.713911 , -0.700995 , 0
-0.699486 , -0.715687 , 0
-0.684764 , -0.730075 , 0
-0.669753 , -0.744155 , 0
-0.654458 , -0.75792 , 0
-0.638887 , -0.771364 , 0
-0.623046 , -0.784483 , 0
-0.606943 , -0.797271 , 0
-0.590583 , -0.809723 , 0
-0.573974 , -0.821834 , 0
-0.557124 , -0.833598 , 0
-0.54004 , -0.845012 , 0
-0.522728 , -0.85607 , 0
-0.505196 , -0.866769 , 0
-0.487453 , -0.877103 , 0
-0.469504 , -0.88707 , 0
-0.451359 , -0.896664 , 0
-0.433025 , -0.905883 , 0
-0.414509 , -0.914722 , 0
-0.39582 , -0.923178 , 0
-0.376965 , -0.931247 , 0
-0.357952 , -0.938928 , 0
-0.33879 , -0.946216 , 0
-0.319487 , -0.953108 , 0
-0.30005 , -0.959604 , 0
-0.280487 , -0.965698 , 0
-0.260808 , -0.971391 , 0
-0.241021 , -0.976678 , 0
-0.221133 , -0.981559 , 0
-0.201153 , -0.986031 , 0
-0.181089 , -0.990094 , 0
-0.16095 , -0.993745 , 0
-0.140744 , -0.996983 , 0
-0.12048 , -0.999807 , 0
-0.100166 , -1.00222 , 0
-0.0798098 , -1.00421 , 0
-0.0594209 , -1.00579 , 0
-0.0390073 , -1.00695 , 0
-0.0185777 , -1.00769 , 0
0.0018597 , -1.00802 , 0
0.0222963 , -1.00793 , 0
0.0427237 , -1.00742 , 0
0.0631334 , -1.0065 , 0
0.083517 , -1.00516 , 0
0.103866 , -1.0034 , 0
0.124172 , -1.00123 , 0
0.144428 , -0.998652 , 0
0.164623 , -0.995659 , 0
0.184751 , -0.992256 , 0
0.204802 , -0.988443 , 0
0.224769 , -0.984224 , 0
0.244644 , -0.979599 , 0
0.264418 , -0.974571 , 0
0.284083 , -0.969143 , 0
0.303632 , -0.963316 , 0
0.323055 , -0.957093 , 0
0.342346 , -0.950476 , 0
0.361497 , -0.943469 , 0
0.380498 , -0.936075 , 0
0.399344 , -0.928297 , 0
0.418026 , -0.920137 , 0
0.436536 , -0.911601 , 0
0.454867 , -0.90269 , 0
0.473012 , -0.893409 , 0
0.490963 , -0.883762 , 0
0.508712 , -0.873753 , 0
0.526254 , -0.863385 , 0
0.543579 , -0.852665 , 0
0.560682 , -0.841594 , 0
0.577556 , -0.83018 , 0
0.594193 , -0.818425 , 0
0.610587 , -0.806336 , 0
0.62673 , -0.793916 , 0
0.642618 , -0.781172 , 0
0.658243 , -0.768108 , 0
0.673598 , -0.75473 , 0
0.688678 , -0.741043 , 0
0.703476 , -0.727053 , 0
0.717987 , -0.712766 , 0
0.732204 , -0.698188 , 0
0.746121 , -0.683324 , 0
0.759734 , -0.66818 , 0
0.773036 , -0.652764 , 0
0.786022 , -0.63708 , 0
0.798687 , -0.621136 , 0
0.811025 , -0.604939 , 0
0.823032 , -0.588494 , 0
0.834702 , -0.571808 , 0
0.846031 , -0.554889 , 0
0.857014 , -0.537743 , 0
0.867647 , -0.520377 , 0
0.877925 , -0.502798 , 0
0.887844 , -0.485014 , 0
0.8974 , -0.467031 , 0
0.90659 , -0.448858 , 0
0.915408 , -0.430501 , 0
0.923852 , -0.411967 , 0
0.931918 , -0.393266 , 0
0.939603 , -0.374403 , 0
0.946903 , -0.355387 , 0
0.953816 , -0.336226 , 0
0.960338 , -0.316927 , 0
0.966467 , -0.297498 , 0
0.972201 , -0.277948 , 0
0.977536 , -0.258283 , 0
0.98247 , -0.238513 , 0
0.987002 , -0.218645 , 0
0.99113 , -0.198688 , 0
0.994851 , -0.178649 , 0
0.998164 , -0.158536 , 0
1.00107 , -0.138359 , 0
1.00356 , -0.118125 , 0
1.00564 , -0.0978424 , 0
1.00731 , -0.0775197 , 0
1.00856 , -0.0571651 , 0
1.0094 , -0.0367871 , 0
1.00983 , -0.0163939 , 0
1.00984 , 0.004006 , 0
1.00943 , 0.0244043 , 0
1.00861 , 0.0447925 , 0
1.00738 , 0.0651623 , 0
1.00573 , 0.0855052 , 0
1.00366 , 0.105813 , 0
1.00118 , 0.126077 , 0
0.998294 , 0.146289 , 0
0.994991 , 0.166441 , 0
0.991277 , 0.186524 , 0
0.987155 , 0.20653 , 0
0.982624 , 0.226451 , 0
0.977688 , 0.246278 , 0
0.972347 , 0.266004 , 0
0.966605 , 0.285619 , 0
0.960462 , 0.305117 , 0
0.953921 , 0.324487 , 0
0.946986 , 0.343724 , 0
0.939658 , 0.362818 , 0
0.93194 , 0.381762 , 0
0.923836 , 0.400547 , 0
0.915348 , 0.419166 , 0
0.90648 , 0.437611 , 0
0.897236 , 0.455874 , 0
0.887618 , 0.473947 , 0
0.877631 , 0.491823 , 0
0.867279 , 0.509495 , 0
0.856565 , 0.526954 , 0
0.845494 , 0.544194 , 0
0.834071 , 0.561207 , 0
0.8223 , 0.577985 , 0
0.810186 , 0.594523 , 0
0.797733 , 0.610811 , 0
0.784946 , 0.626845 , 0
0.771831 , 0.642616 , 0
0.758393 , 0.658119 , 0
0.744638 , 0.673345 , 0
0.73057 , 0.68829 , 0
0.716196 , 0.702946 , 0
0.701522 , 0.717307 , 0
0.686553 , 0.731367 , 0
0.671295 , 0.745119 , 0
0.655756 , 0.758558 , 0
0.63994 , 0.771678 , 0
0.623855 , 0.784473 , 0
0.607507 , 0.796938 , 0
0.590903 , 0.809067 , 0
0.57405 , 0.820854 , 0
0.556954 , 0.832295 , 0
0.539623 , 0.843384 , 0
0.522064 , 0.854117 , 0
0.504284 , 0.864488 , 0
0.486291 , 0.874494 , 0
0.468092 , 0.884129 , 0
0.449694 , 0.89339 , 0
0.431106 , 0.902271 , 0
0.412335 , 0.91077 , 0
0.393388 , 0.918882 , 0
0.374275 , 0.926603 , 0
0.355002 , 0.93393 , 0
0.335578 , 0.94086 , 0
0.316011 , 0.947389 , 0
0.29631 , 0.953514 , 0
0.276482 , 0.959233 , 0
0.256536 , 0.964542 , 0
0.236481 , 0.96944 , 0
0.216325 , 0.973923 , 0
0.196076 , 0.97799 , 0
0.175743 , 0.981638 , 0
0.155335 , 0.984866 , 0
0.13486 , 0.987673 , 0
0.114328 , 0.990055 , 0
0.0937465 , 0.992013 , 0
0.0731249 , 0.993546 , 0
0.0524718 , 0.994651 , 0
0.0317961 , 0.995329 , 0
0.0111068 , 0.995579 , 0
-0.00958724 , 0.9954 , 0
-0.0302772 , 0.994793 , 0
-0.0509541 , 0.993757 , 0
-0.0716091 , 0.992292 , 0
-0.0922331 , 0.9904 , 0
-0.112817 , 0.98808 , 0
-0.133353 , 0.985333 , 0
-0.153831 , 0.98216 , 0
-0.174242 , 0.978563 , 0
-0.194578 , 0.974542 , 0
-0.21483 , 0.970099 , 0
-0.234988 , 0.965236 , 0
-0.255045 , 0.959955 , 0
-0.274991 , 0.954257 , 0
-0.294818 , 0.948146 , 0
-0.314517 , 0.941622 , 0
-0.334079 , 0.93469 , 0
-0.353496 , 0.927351 , 0
-0.37276 , 0.919609 , 0
-0.391861 , 0.911467 , 0
-0.410792 , 0.902929 , 0
-0.429543 , 0.893997 , 0
-0.448108 , 0.884676 , 0
-0.466477 , 0.874969 , 0
-0.484643 , 0.864881 , 0
-0.502598 , 0.854415 , 0
-0.520333 , 0.843576 , 0
-0.537841 , 0.832369 , 0
-0.555114 , 0.820799 , 0
-0.572144 , 0.808869 , 0
-0.588924 , 0.796587 , 0
-0.605447 , 0.783955 , 0
-0.621705 , 0.770981 , 0
-0.63769 , 0.757669 , 0
-0.653397 , 0.744026 , 0
-0.668817 , 0.730057 , 0
-0.683945 , 0.715768 , 0
-0.698772 , 0.701165 , 0
-0.713294 , 0.686255 , 0
-0.727502 , 0.671044 , 0
-0.741391 , 0.655538 , 0
-0.754955 , 0.639745 , 0
-0.768188 , 0.623671 , 0
-0.781084 , 0.607324 , 0
-0.793636 , 0.590709 , 0
-0.80584 , 0.573836 , 0
-0.81769 , 0.55671 , 0
-0.829181 , 0.539339 , 0
-0.840307 , 0.521732 , 0
-0.851064 , 0.503895 , 0
-0.861447 , 0.485837 , 0
-0.871451 , 0.467565 , 0
-0.881072 , 0.449088 , 0
-0.890305 , 0.430413 , 0
-0.899147 , 0.411548 , 0
-0.907594 , 0.392503 , 0
-0.915641 , 0.373285 , 0
-0.923285 , 0.353903 , 0
-0.930523 , 0.334365 , 0
-0.937351 , 0.31468 , 0
-0.943768 , 0.294856 , 0
-0.949768 , 0.274903 , 0
-0.955351 , 0.254829 , 0
-0.960514 , 0.234643 , 0
-0.965254 , 0.214353 , 0
-0.969569 , 0.193969 , 0
-0.973457 , 0.1735 , 0
-0.976918 , 0.152954 , 0
-0.979948 , 0.132341 , 0
-0.982548 , 0.11167 , 0
-0.984715 , 0.0909501 , 0
-0.986449 , 0.0701899 , 0
-0.987749 , 0.0493989 , 0
-0.988616 , 0.0285861 , 0
-0.989047 , 0.0077607 , 0
-0.989044 , -0.0130681 , 0
-0.988606 , -0.0338911 , 0
-0.987733 , -0.0546992 , 0
-0.986427 , -0.0754833 , 0
-0.984687 , -0.0962343 , 0
-0.982515 , -0.116943 , 0
-0.979912 , -0.1376 , 0
-0.976878 , -0.158197 , 0
-0.973416 , -0.178725 , 0
-0.969527 , -0.199174 , 0
-0.965213 , -0.219536 , 0
-0.960475 , -0.239801 , 0
-0.955316 , -0.259962 , 0
-0.949739 , -0.280008 , 0
-0.943746 , -0.299932 , 0
-0.93734 , -0.319725 , 0
-0.930523 , -0.339377 , 0
-0.923299 , -0.358881 , 0
-0.915671 , -0.378228 , 0
-0.907643 , -0.39741 , 0
-0.899218 , -0.416418 , 0
-0.8904 , -0.435244 , 0
-0.881194 , -0.45388 , 0
-0.871602 , -0.472318 , 0
-0.861631 , -0.49055 , 0
-0.851283 , -0.508567 , 0
-0.840565 , -0.526363 , 0
-0.82948 , -0.54393 , 0
-0.818034 , -0.56126 , 0
-0.806232 , -0.578345 , 0
-0.794079 , -0.595179 , 0
-0.78158 , -0.611754 , 0
-0.768742 , -0.628063 , 0
-0.75557 , -0.644099 , 0
-0.74207 , -0.659856 , 0
-0.728247 , -0.675326 , 0
-0.714109 , -0.690503 , 0
-0.699661 , -0.705381 , 0
-0.68491 , -0.719953 , 0
-0.669863 , -0.734213 , 0
-0.654525 , -0.748156 , 0
-0.638905 , -0.761775 , 0
-0.623008 , -0.775064 , 0
-0.606842 , -0.788019 , 0
-0.590414 , -0.800634 , 0
-0.573731 , -0.812902 , 0
-0.5568 , -0.824821 , 0
-0.53963 , -0.836384 , 0
-0.522228 , -0.847586 , 0
-0.5046 , -0.858424 , 0
-0.486755 , -0.868892 , 0
-0.468701 , -0.878987 , 0
-0.450446 , -0.888704 , 0
-0.431998 , -0.89804 , 0
-0.413363 , -0.90699 , 0
-0.394552 , -0.915552 , 0
-0.375572 , -0.92372 , 0
-0.35643 , -0.931494 , 0
-0.337137 , -0.938868 , 0
-0.317699 , -0.945841 , 0
-0.298125 , -0.95241 , 0
-0.278424 , -0.958572 , 0
-0.258604 , -0.964325 , 0
-0.238673 , -0.969666 , 0
-0.218641 , -0.974594 , 0
-0.198516 , -0.979107 , 0
-0.178306 , -0.983204 , 0
-0.158021 , -0.986881 , 0
-0.137668 , -0.99014 , 0
-0.117257 , -0.992977 , 0
-0.0967959 , -0.995393 , 0
-0.0762939 , -0.997387 , 0
-0.0557594 , -0.998958 , 0
-0.0352014 , -1.00011 , 0
-0.0146285 , -1.00083 , 0
0.00595066 , -1.00113 , 0
0.0265273 , -1.00101 , 0
0.0470927 , -1.00046 , 0
0.0676382 , -0.999494 , 0
0.0881552 , -0.998105 , 0
0.108635 , -0.996294 , 0
0.129069 , -0.994063 , 0
0.149449 , -0.991414 , 0
0.169765 , -0.988348 , 0
0.190011 , -0.984866 , 0
0.210176 , -0.98097 , 0
0.230254 , -0.976662 , 0
0.250234 , -0.971944 , 0
0.27011 , -0.966818 , 0
0.289872 , -0.961287 , 0
0.309513 , -0.955353 , 0
0.329024 , -0.94902 , 0
0.348398 , -0.942289 , 0
0.367626 , -0.935164 , 0
0.386701 , -0.927649 , 0
0.405613 , -0.919745 , 0
0.424357 , -0.911459 , 0
0.442924 , -0.902791 , 0
0.461305 , -0.893748 , 0
0.479495 , -0.884332 , 0
0.497485 , -0.874548 , 0
0.515268 , -0.8644 , 0
0.532837 , -0.853893 , 0
0.550184 , -0.84303 , 0
0.567303 , -0.831817 , 0
0.584186 , -0.820259 , 0
0.600827 , -0.808361 , 0
0.617218 , -0.796127 , 0
0.633354 , -0.783563 , 0
0.649227 , -0.770675 , 0
0.664832 , -0.757467 , 0
0.680161 , -0.743946 , 0
0.695209 , -0.730118 , 0
0.709969 , -0.715987 , 0
0.724436 , -0.70156 , 0
0.738604 , -0.686844 , 0
0.752466 , -0.671844 , 0
0.766018 , -0.656566 , 0
0.779255 , -0.641018 , 0
0.792169 , -0.625206 , 0
0.804758 , -0.609135 , 0
0.817015 , -0.592814 , 0
0.828935 , -0.576249 , 0
0.840514 , -0.559446 , 0
0.851747 , -0.542414 , 0
0.86263 , -0.525158 , 0
0.873158 , -0.507686 , 0
0.883327 , -0.490005 , 0
0.893133 , -0.472124 , 0
0.902572 , -0.454048 , 0
0.911641 , -0.435786 , 0
0.920336 , -0.417344 , 0
0.928652 , -0.398732 , 0
0.936588 , -0.379956 , 0
0.94414 , -0.361024 , 0
0.951304 , -0.341944 , 0
0.958079 , -0.322724 , 0
0.964461 , -0.303372 , 0
0.970447 , -0.283896 , 0
0.976037 , -0.264303 , 0
0.981226 , -0.244602 , 0
0.986014 , -0.2248 , 0
0.990398 , -0.204907 , 0
0.994377 , -0.18493 , 0
0.997948 , -0.164877 , 0
1.00111 , -0.144757 , 0
1.00387 , -0.124577 , 0
1.00621 , -0.104347 , 0
1.00814 , -0.0840735 , 0
1.00966 , -0.063766 , 0
1.01077 , -0.0434323 , 0
1.01146 , -0.023081 , 0
