x , y , z
5.2 , 0 , 0
5.19993 , 0.0265577 , 0
5.19973 , 0.0531147 , 0
5.19939 , 0.0796703 , 0
5.19892 , 0.106224 , 0
5.19831 , 0.132775 , 0
5.19757 , 0.159322 , 0
5.19669 , 0.185865 , 0
5.19568 , 0.212404 , 0
5.19453 , 0.238937 , 0
5.19325 , 0.265463 , 0
5.19184 , 0.291983 , 0
5.19028 , 0.318495 , 0
5.1886 , 0.344999 , 0
5.18678 , 0.371494 , 0
5.18482 , 0.397979 , 0
5.18273 , 0.424454 , 0
5.18051 , 0.450918 , 0
5.17815 , 0.477371 , 0
5.17565 , 0.503811 , 0
5.17303 , 0.530237 , 0
5.17026 , 0.55665 , 0
5.16737 , 0.583049 , 0
5.16434 , 0.609433 , 0
5.16117 , 0.6358 , 0
5.15787 , 0.662151 , 0
5.15444 , 0.688485 , 0
5.15088 , 0.714801 , 0
5.14718 , 0.741099 , 0
5.14334 , 0.767377 , 0
5.13938 , 0.793636 , 0
5.13528 , 0.819873 , 0
5.13104 , 0.84609 , 0
5.12668 , 0.872285 , 0
5.12218 , 0.898456 , 0
5.11754 , 0.924605 , 0
5.11278 , 0.95073 , 0
5.10788 , 0.97683 , 0
5.10285 , 1.0029 , 0
5.09769 , 1.02895 , 0
5.09239 , 1.05497 , 0
5.08696 , 1.08097 , 0
5.0814 , 1.10694 , 0
5.07571 , 1.13287 , 0
5.06989 , 1.15878 , 0
5.06393 , 1.18466 , 0
5.05785 , 1.21051 , 0
5.05163 , 1.23632 , 0
5.04528 , 1.26211 , 0
5.0388 , 1.28786 , 0
5.03219 , 1.31358 , 0
5.02545 , 1.33926 , 0
5.01858 , 1.36491 , 0
5.01158 , 1.39052 , 0
5.00445 , 1.4161 , 0
4.99719 , 1.44164 , 0
4.98979 , 1.46714 , 0
4.98227 , 1.49261 , 0
4.97462 , 1.51804 , 0
4.96685 , 1.54342 , 0
4.95894 , 1.56877 , 0
4.9509 , 1.59408 , 0
4.94274 , 1.61934 , 0
4.93444 , 1.64457 , 0
4.92602 , 1.66975 , 0
4.91748 , 1.69488 , 0
4.9088 , 1.71998 , 0
4.9 , 1.74502 , 0
4.89107 , 1.77003 , 0
4.88201 , 1.79499 , 0
4.87282 , 1.8199 , 0
4.86351 , 1.84476 , 0
4.85408 , 1.86958 , 0
4.84451 , 1.89434 , 0
4.83483 , 1.91906 , 0
4.82501 , 1.94373 , 0
4.81507 , 1.96835 , 0
4.80501 , 1.99291 , 0
4.79482 , 2.01743 , 0
4.78451 , 2.04189 , 0
4.77407 , 2.0663 , 0
4.76351 , 2.09066 , 0
4.75283 , 2.11496 , 0
4.74202 , 2.13921 , 0
4.73109 , 2.1634 , 0
4.72004 , 2.18754 , 0
4.70887 , 2.21162 , 0
4.69757 , 2.23564 , 0
4.68615 , 2.2596 , 0
4.67461 , 2.28351 , 0
4.66295 , 2.30735 , 0
4.65117 , 2.33114 , 0
4.63927 , 2.35487 , 0
4.62724 , 2.37853 , 0
4.6151 , 2.40213 , 0
4.60284 , 2.42567 , 0
4.59046 , 2.44915 , 0
4.57795 , 2.47257 , 0
4.56534 , 2.49592 , 0
4.5526 , 2.5192 , 0
4.53974 , 2.54242 , 0
4.52677 , 2.56558 , 0
4.51368 , 2.58867 , 0
4.50047 , 2.61169 , 0
4.48715 , 2.63464 , 0
4.47371 , 2.65753 , 0
4.46015 , 2.68034 , 0
4.44648 , 2.70309 , 0
4.43269 , 2.72577 , 0
4.41879 , 2.74837 , 0
4.40477 , 2.77091 , 0
4.39064 , 2.79337 , 0
4.3764 , 2.81576 , 0
4.36204 , 2.83808 , 0
4.34757 , 2.86033 , 0
4.33299 , 2.8825 , 0
4.31829 , 2.90459 , 0
4.30349 , 2.92661 , 0
4.28857 , 2.94856 , 0
4.27354 , 2.97043 , 0
4.2584 , 2.99222 , 0
4.24315 , 3.01393 , 0
4.22779 , 3.03557 , 0
4.21232 , 3.05713 , 0
4.19674 , 3.0786 , 0
4.18105 , 3.1 , 0
4.16526 , 3.12132 , 0
4.14935 , 3.14256 , 0
4.13334 , 3.16372 , 0
4.11722 , 3.18479 , 0
4.101 , 3.20578 , 0
4.08467 , 3.22669 , 0
4.06823 , 3.24752 , 0
4.05169 , 3.26826 , 0
4.03504 , 3.28891 , 0
4.01829 , 3.30949 , 0
4.00144 , 3.32997 , 0
3.98448 , 3.35037 , 0
3.96742 , 3.37069 , 0
3.95026 , 3.39091 , 0
3.93299 , 3.41105 , 0
3.91562 , 3.4311 , 0
3.89815 , 3.45106 , 0
3.88058 , 3.47094 , 0
3.86291 , 3.49072 , 0
3.84514 , 3.51041 , 0
3.82727 , 3.53001 , 0
3.8093 , 3.54952 , 0
3.79124 , 3.56894 , 0
3.77307 , 3.58827 , 0
3.75481 , 3.6075 , 0
3.73645 , 3.62664 , 0
3.71799 , 3.64569 , 0
3.69944 , 3.66464 , 0
3.68079 , 3.68349 , 0
3.66205 , 3.70226 , 0
3.64321 , 3.72092 , 0
3.62428 , 3.73949 , 0
3.60525 , 3.75797 , 0
3.58613 , 3.77634 , 0
3.56692 , 3.79462 , 0
3.54762 , 3.8128 , 0
3.52822 , 3.83088 , 0
3.50874 , 3.84887 , 0
3.48916 , 3.86675 , 0
3.46949 , 3.88454 , 0
3.44973 , 3.90222 , 0
3.42989 , 3.9198 , 0
3.40995 , 3.93728 , 0
3.38993 , 3.95466 , 0
3.36982 , 3.97194 , 0
3.34962 , 3.98912 , 0
3.32934 , 4.00619 , 0
3.30897 , 4.02316 , 0
3.28851 , 4.04002 , 0
3.26797 , 4.05678 , 0
3.24735 , 4.07344 , 0
3.22664 , 4.08999 , 0
3.20585 , 4.10643 , 0
3.18497 , 4.12277 , 0
3.16402 , 4.139 , 0
3.14298 , 4.15513 , 0
3.12186 , 4.17115 , 0
3.10066 , 4.18706 , 0
3.07938 , 4.20286 , 0
3.05802 , 4.21856 , 0
3.03658 , 4.23414 , 0
3.01506 , 4.24962 , 0
2.99347 , 4.26498 , 0
2.9718 , 4.28024 , 0
2.95005 , 4.29539 , 0
2.92822 , 4.31042 , 0
2.90632 , 4.32535 , 0
2.88435 , 4.34016 , 0
2.8623 , 4.35486 , 0
2.84018 , 4.36945 , 0
2.81798 , 4.38392 , 0
2.79571 , 4.39828 , 0
2.77337 , 4.41253 , 0
2.75096 , 4.42667 , 0
2.72847 , 4.44069 , 0
2.70592 , 4.4546 , 0
2.68329 , 4.46839 , 0
2.6606 , 4.48207 , 0
2.63784 , 4.49563 , 0
2.61501 , 4.50907 , 0
2.59211 , 4.5224 , 0
2.56915 , 4.53561 , 0
2.54612 , 4.54871 , 0
2.52302 , 4.56169 , 0
2.49986 , 4.57455 , 0
2.47664 , 4.58729 , 0
2.45335 , 4.59992 , 0
2.43 , 4.61242 , 0
2.40658 , 4.62481 , 0
2.3831 , 4.63708 , 0
2.35957 , 4.64923 , 0
2.33597 , 4.66126 , 0
2.31231 , 4.67317 , 0
2.28859 , 4.68495 , 0
2.26481 , 4.69662 , 0
2.24098 , 4.70817 , 0
2.21708 , 4.7196 , 0
2.19313 , 4.7309 , 0
2.16913 , 4.74208 , 0
2.14506 , 4.75314 , 0
2.12094 , 4.76408 , 0
2.09677 , 4.7749 , 0
2.07255 , 4.78559 , 0
2.04827 , 4.79616 , 0
2.02393 , 4.80661 , 0
1.99955 , 4.81693 , 0
1.97511 , 4.82713 , 0
1.95062 , 4.8372 , 0
1.92609 , 4.84715 , 0
1.9015 , 4.85698 , 0
1.87687 , 4.86668 , 0
1.85218 , 4.87625 , 0
1.82745 , 4.8857 , 0
1.80267 , 4.89503 , 0
1.77785 , 4.90423 , 0
1.75298 , 4.9133 , 0
1.72806 , 4.92224 , 0
1.7031 , 4.93106 , 0
1.6781 , 4.93976 , 0
1.65305 , 4.94832 , 0
1.62796 , 4.95676 , 0
1.60283 , 4.96507 , 0
1.57766 , 4.97325 , 0
1.55244 , 4.98131 , 0
1.52719 , 4.98924 , 0
1.5019 , 4.99704 , 0
1.47657 , 5.00471 , 0
1.4512 , 5.01225 , 0
1.42579 , 5.01966 , 0
1.40035 , 5.02695 , 0
1.37487 , 5.0341 , 0
1.34936 , 5.04113 , 0
1.32381 , 5.04803 , 0
1.29823 , 5.05479 , 0
1.27261 , 5.06143 , 0
1.24696 , 5.06794 , 0
1.22128 , 5.07432 , 0
1.19557 , 5.08056 , 0
1.16983 , 5.08668 , 0
1.14405 , 5.09267 , 0
1.11825 , 5.09852 , 0
1.09242 , 5.10425 , 0
1.06656 , 5.10984 , 0
1.04068 , 5.1153 , 0
1.01476 , 5.12063 , 0
0.988824 , 5.12583 , 0
0.96286 , 5.1309 , 0
0.936871 , 5.13584 , 0
0.910858 , 5.14064 , 0
0.884821 , 5.14532 , 0
0.858762 , 5.14986 , 0
0.832681 , 5.15427 , 0
0.806579 , 5.15854 , 0
0.780456 , 5.16269 , 0
0.754313 , 5.1667 , 0
0.72815 , 5.17058 , 0
0.701969 , 5.17433 , 0
0.67577 , 5.17794 , 0
0.649553 , 5.18142 , 0
0.62332 , 5.18477 , 0
0.597071 , 5.18799 , 0
0.570807 , 5.19107 , 0
0.544528 , 5.19402 , 0
0.518235 , 5.19684 , 0
0.491929 , 5.19952 , 0
0.46561 , 5.20207 , 0
0.439279 , 5.20449 , 0
0.412937 , 5.20677 , 0
0.386584 , 5.20892 , 0
0.360222 , 5.21094 , 0
0.33385 , 5.21282 , 0
0.30747 , 5.21457 , 0
0.281082 , 5.21619 , 0
0.254686 , 5.21767 , 0
0.228284 , 5.21902 , 0
0.201877 , 5.22024 , 0
0.175464 , 5.22132 , 0
0.149046 , 5.22227 , 0
0.122625 , 5.22308 , 0
0.0962009 , 5.22376 , 0
0.0697741 , 5.22431 , 0
0.0433455 , 5.22473 , 0
0.0169158 , 5.22501 , 0
-0.00951431 , 5.22515 , 0
-0.0359442 , 5.22516 , 0
-0.0623732 , 5.22504 , 0
-0.0888005 , 5.22479 , 0
-0.115226 , 5.2244 , 0
-0.141648 , 5.22388 , 0
-0.168066 , 5.22322 , 0
-0.19448 , 5.22243 , 0
-0.22089 , 5.22151 , 0
-0.247293 , 5.22046 , 0
-0.273691 , 5.21927 , 0
-0.300081 , 5.21794 , 0
-0.326464 , 5.21649 , 0
-0.352838 , 5.2149 , 0
-0.379203 , 5.21317 , 0
-0.405559 , 5.21132 , 0
-0.431904 , 5.20933 , 0
-0.458238 , 5.2072 , 0
-0.48456 , 5.20495 , 0
-0.51087 , 5.20256 , 0
-0.537167 , 5.20004 , 0
-0.563451 , 5.19738 , 0
-0.58972 , 5.1946 , 0
-0.615973 , 5.19168 , 0
-0.642212 , 5.18862 , 0
-0.668433 , 5.18544 , 0
-0.694638 , 5.18212 , 0
-0.720825 , 5.17867 , 0
-0.746993 , 5.17509 , 0
-0.773143 , 5.17137 , 0
-0.799272 , 5.16753 , 0
-0.825381 , 5.16355 , 0
-0.85147 , 5.15944 , 0
-0.877536 , 5.1552 , 0
-0.90358 , 5.15082 , 0
-0.929601 , 5.14632 , 0
-0.955598 , 5.14168 , 0
-0.981571 , 5.13692 , 0
-1.00752 , 5.13202 , 0
-1.03344 , 5.12699 , 0
-1.05934 , 5.12183 , 0
-1.08521 , 5.11654 , 0
-1.11105 , 5.11112 , 0
-1.13686 , 5.10556 , 0
-1.16264 , 5.09988 , 0
-1.1884 , 5.09407 , 0
-1.21412 , 5.08813 , 0
-1.23981 , 5.08206 , 0
-1.26548 , 5.07585 , 0
-1.2911 , 5.06952 , 0
-1.3167 , 5.06306 , 0
-1.34226 , 5.05648 , 0
-1.36779 , 5.04976 , 0
-1.39328 , 5.04291 , 0
-1.41874 , 5.03594 , 0
-1.44416 , 5.02883 , 0
-1.46955 , 5.0216 , 0
-1.4949 , 5.01424 , 0
-1.52021 , 5.00675 , 0
-1.54548 , 4.99914 , 0
-1.57071 , 4.9914 , 0
-1.5959 , 4.98353 , 0
-1.62105 , 4.97553 , 0
-1.64616 , 4.96741 , 0
-1.67123 , 4.95916 , 0
-1.69625 , 4.95078 , 0
-1.72123 , 4.94228 , 0
-1.74617 , 4.93365 , 0
-1.77106 , 4.9249 , 0
-1.79591 , 4.91602 , 0
-1.82071 , 4.90701 , 0
-1.84547 , 4.89789 , 0
-1.87018 , 4.88863 , 0
-1.89484 , 4.87925 , 0
-1.91945 , 4.86975 , 0
-1.94402 , 4.86013 , 0
-1.96853 , 4.85038 , 0
-1.993 , 4.8405 , 0
-2.01741 , 4.83051 , 0
-2.04178 , 4.82039 , 0
-2.06609 , 4.81014 , 0
-2.09034 , 4.79978 , 0
-2.11455 , 4.78929 , 0
-2.1387 , 4.77868 , 0
-2.1628 , 4.76795 , 0
-2.18684 , 4.7571 , 0
-2.21083 , 4.74613 , 0
-2.23476 , 4.73504 , 0
-2.25863 , 4.72383 , 0
-2.28245 , 4.71249 , 0
-2.3062 , 4.70104 , 0
-2.3299 , 4.68947 , 0
-2.35354 , 4.67777 , 0
-2.37712 , 4.66596 , 0
-2.40064 , 4.65403 , 0
-2.4241 , 4.64199 , 0
-2.4475 , 4.62982 , 0
-2.47083 , 4.61754 , 0
-2.49411 , 4.60514 , 0
-2.51731 , 4.59262 , 0
-2.54046 , 4.57998 , 0
-2.56354 , 4.56723 , 0
-2.58655 , 4.55437 , 0
-2.6095 , 4.54138 , 0
-2.63239 , 4.52829 , 0
-2.6552 , 4.51507 , 0
-2.67795 , 4.50175 , 0
-2.70063 , 4.4883 , 0
-2.72325 , 4.47475 , 0
-2.74579 , 4.46108 , 0
-2.76826 , 4.4473 , 0
-2.79066 , 4.4334 , 0
-2.813 , 4.41939 , 0
-2.83526 , 4.40527 , 0
-2.85745 , 4.39104 , 0
-2.87956 , 4.3767 , 0
-2.90161 , 4.36224 , 0
-2.92358 , 4.34768 , 0
-2.94547 , 4.333 , 0
-2.96729 , 4.31821 , 0
-2.98904 , 4.30332 , 0
-3.01071 , 4.28831 , 0
-3.0323 , 4.2732 , 0
-3.05382 , 4.25798 , 0
-3.07525 , 4.24265 , 0
-3.09661 , 4.22721 , 0
-3.1179 , 4.21167 , 0
-3.1391 , 4.19601 , 0
-3.16022 , 4.18026 , 0
-3.18127 , 4.16439 , 0
-3.20223 , 4.14842 , 0
-3.22311 , 4.13235 , 0
-3.24391 , 4.11617 , 0
-3.26463 , 4.09988 , 0
-3.28526 , 4.0835 , 0
-3.30581 , 4.067 , 0
-3.32628 , 4.05041 , 0
-3.34666 , 4.03371 , 0
-3.36696 , 4.01691 , 0
-3.38717 , 4.00001 , 0
-3.4073 , 3.98301 , 0
-3.42734 , 3.9659 , 0
-3.4473 , 3.9487 , 0
-3.46716 , 3.9314 , 0
-3.48694 , 3.91399 , 0
-3.50663 , 3.89649 , 0
-3.52623 , 3.87889 , 0
-3.54575 , 3.86119 , 0
-3.56517 , 3.84339 , 0
-3.5845 , 3.82549 , 0
-3.60374 , 3.8075 , 0
-3.62289 , 3.78941 , 0
-3.64195 , 3.77123 , 0
-3.66091 , 3.75295 , 0
-3.67979 , 3.73457 , 0
-3.69857 , 3.7161 , 0
-3.71725 , 3.69754 , 0
-3.73585 , 3.67888 , 0
-3.75434 , 3.66013 , 0
-3.77274 , 3.64129 , 0
-3.79105 , 3.62235 , 0
-3.80926 , 3.60332 , 0
-3.82738 , 3.5842 , 0
-3.84539 , 3.565 , 0
-3.86331 , 3.5457 , 0
-3.88114 , 3.52631 , 0
-3.89886 , 3.50683 , 0
-3.91649 , 3.48726 , 0
-3.93401 , 3.4676 , 0
-3.95144 , 3.44786 , 0
-3.96877 , 3.42803 , 0
-3.98599 , 3.40811 , 0
-4.00312 , 3.38811 , 0
-4.02014 , 3.36802 , 0
-4.03706 , 3.34784 , 0
-4.05388 , 3.32759 , 0
-4.0706 , 3.30724 , 0
-4.08722 , 3.28681 , 0
-4.10373 , 3.2663 , 0
-4.12014 , 3.24571 , 0
-4.13644 , 3.22504 , 0
-4.15264 , 3.20428 , 0
-4.16873 , 3.18344 , 0
-4.18472 , 3.16252 , 0
-4.2006 , 3.14153 , 0
-4.21638 , 3.12045 , 0
-4.23205 , 3.09929 , 0
-4.24761 , 3.07806 , 0
-4.26307 , 3.05674 , 0
-4.27841 , 3.03535 , 0
-4.29365 , 3.01389 , 0
-4.30878 , 2.99234 , 0
-4.3238 , 2.97072 , 0
-4.33872 , 2.94903 , 0
-4.35352 , 2.92726 , 0
-4.36821 , 2.90542 , 0
-4.38279 , 2.8835 , 0
-4.39726 , 2.86152 , 0
-4.41162 , 2.83945 , 0
-4.42587 , 2.81732 , 0
-4.44001 , 2.79512 , 0
-4.45403 , 2.77284 , 0
-4.46795 , 2.7505 , 0
-4.48175 , 2.72808 , 0
-4.49543 , 2.7056 , 0
-4.509 , 2.68305 , 0
-4.52246 , 2.66043 , 0
-4.53581 , 2.63774 , 0
-4.54904 , 2.61499 , 0
-4.56215 , 2.59217 , 0
-4.57515 , 2.56929 , 0
-4.58803 , 2.54634 , 0
-4.6008 , 2.52332 , 0
-4.61345 , 2.50024 , 0
-4.62599 , 2.4771 , 0
-4.63841 , 2.4539 , 0
-4.65071 , 2.43063 , 0
-4.66289 , 2.40731 , 0
-4.67496 , 2.38392 , 0
-4.6869 , 2.36047 , 0
-4.69873 , 2.33696 , 0
-4.71044 , 2.3134 , 0
-4.72203 , 2.28977 , 0
-4.73351 , 2.26609 , 0
-4.74486 , 2.24235 , 0
-4.75609 , 2.21855 , 0
-4.76721 , 2.1947 , 0
-4.7782 , 2.17079 , 0
-4.78907 , 2.14683 , 0
-4.79982 , 2.12281 , 0
-4.81045 , 2.09874 , 0
-4.82096 , 2.07462 , 0
-4.83135 , 2.05044 , 0
-4.84161 , 2.02621 , 0
-4.85175 , 2.00194 , 0
-4.86177 , 1.97761 , 0
-4.87167 , 1.95323 , 0
-4.88144 , 1.9288 , 0
-4.89109 , 1.90432 , 0
-4.90062 , 1.8798 , 0
-4.91003 , 1.85522 , 0
-4.91931 , 1.8306 , 0
-4.92846 , 1.80594 , 0
-4.93749 , 1.78122 , 0
-4.9464 , 1.75647 , 0
-4.95518 , 1.73167 , 0
-4.96384 , 1.70682 , 0
-4.97237 , 1.68194 , 0
-4.98078 , 1.657 , 0
-4.98906 , 1.63203 , 0
-4.99721 , 1.60702 , 0
-5.00524 , 1.58197 , 0
-5.01314 , 1.55687 , 0
-5.02092 , 1.53174 , 0
-5.02856 , 1.50657 , 0
-5.03609 , 1.48136 , 0
-5.04348 , 1.45611 , 0
-5.05075 , 1.43083 , 0
-5.05789 , 1.40551 , 0
-5.0649 , 1.38015 , 0
-5.07179 , 1.35476 , 0
-5.07854 , 1.32934 , 0
-5.08517 , 1.30388 , 0
-5.09167 , 1.27839 , 0
-5.09804 , 1.25287 , 0
-5.10429 , 1.22731 , 0
-5.1104 , 1.20173 , 0
-5.11639 , 1.17611 , 0
-5.12224 , 1.15047 , 0
-5.12797 , 1.12479 , 0
-5.13357 , 1.09909 , 0
-5.13904 , 1.07336 , 0
-5.14438 , 1.0476 , 0
-5.14959 , 1.02182 , 0
-5.15467 , 0.996007 , 0
-5.15961 , 0.970172 , 0
-5.16443 , 0.944313 , 0
-5.16912 , 0.91843 , 0
-5.17368 , 0.892523 , 0
-5.17811 , 0.866594 , 0
-5.18241 , 0.840643 , 0
-5.18657 , 0.814671 , 0
-5.19061 , 0.788679 , 0
-5.19451 , 0.762666 , 0
-5.19829 , 0.736635 , 0
-5.20193 , 0.710585 , 0
-5.20544 , 0.684516 , 0
-5.20882 , 0.658431 , 0
-5.21207 , 0.632329 , 0
-5.21519 , 0.606211 , 0
-5.21817 , 0.580078 , 0
-5.22103 , 0.55393 , 0
-5.22375 , 0.527768 , 0
-5.22634 , 0.501593 , 0
-5.2288 , 0.475405 , 0
-5.23113 , 0.449205 , 0
-5.23332 , 0.422994 , 0
-5.23539 , 0.396772 , 0
-5.23732 , 0.37054 , 0
-5.23912 , 0.344299 , 0
-5.24078 , 0.318049 , 0
-5.24232 , 0.291791 , 0
-5.24372 , 0.265526 , 0
-5.24499 , 0.239254 , 0
-5.24613 , 0.212976 , 0
-5.24714 , 0.186693 , 0
-5.24801 , 0.160405 , 0
-5.24875 , 0.134113 , 0
-5.24936 , 0.107817 , 0
-5.24984 , 0.0815191 , 0
-5.25018 , 0.0552189 , 0
-5.25039 , 0.0289173 , 0
-5.25047 , 0.0026149 , 0
-5.25042 , -0.0236875 , 0
-5.25023 , -0.0499894 , 0
-5.24992 , -0.0762899 , 0
-5.24947 , -0.102589 , 0
-5.24888 , -0.128885 , 0
-5.24817 , -0.155177 , 0
-5.24732 , -0.181466 , 0
-5.24634 , -0.207751 , 0
-5.24523 , -0.23403 , 0
-5.24398 , -0.260303 , 0
-5.24261 , -0.28657 , 0
-5.2411 , -0.312829 , 0
-5.23946 , -0.33908 , 0
-5.23769 , -0.365323 , 0
-5.23578 , -0.391557 , 0
-5.23374 , -0.417781 , 0
-5.23157 , -0.443994 , 0
-5.22927 , -0.470196 , 0
-5.22684 , -0.496387 , 0
-5.22428 , -0.522564 , 0
-5.22158 , -0.548729 , 0
-5.21875 , -0.57488 , 0
-5.21579 , -0.601016 , 0
-5.2127 , -0.627137 , 0
-5.20948 , -0.653242 , 0
-5.20612 , -0.679331 , 0
-5.20264 , -0.705403 , 0
-5.19902 , -0.731457 , 0
-5.19527 , -0.757492 , 0
-5.19139 , -0.783508 , 0
-5.18738 , -0.809505 , 0
-5.18324 , -0.835481 , 0
-5.17897 , -0.861436 , 0
-5.17457 , -0.887369 , 0
-5.17004 , -0.91328 , 0
-5.16538 , -0.939168 , 0
-5.16058 , -0.965033 , 0
-5.15566 , -0.990872 , 0
-5.15061 , -1.01669 , 0
-5.14542 , -1.04248 , 0
-5.14011 , -1.06824 , 0
-5.13467 , -1.09398 , 0
-5.12909 , -1.11968 , 0
-5.12339 , -1.14536 , 0
-5.11756 , -1.17102 , 0
-5.1116 , -1.19664 , 0
-5.10551 , -1.22223 , 0
-5.0993 , -1.24779 , 0
-5.09295 , -1.27332 , 0
-5.08647 , -1.29882 , 0
-5.07987 , -1.32428 , 0
-5.07314 , -1.34971 , 0
-5.06628 , -1.37511 , 0
-5.05929 , -1.40047 , 0
-5.05218 , -1.4258 , 0
-5.04494 , -1.45109 , 0
-5.03757 , -1.47634 , 0
-5.03007 , -1.50156 , 0
-5.02245 , -1.52674 , 0
-5.0147 , -1.55188 , 0
-5.00682 , -1.57698 , 0
-4.99882 , -1.60204 , 0
-4.99069 , -1.62706 , 0
-4.98243 , -1.65204 , 0
-4.97405 , -1.67698 , 0
-4.96554 , -1.70188 , 0
-4.95691 , -1.72673 , 0
-4.94815 , -1.75154 , 0
-4.93927 , -1.77631 , 0
-4.93027 , -1.80103 , 0
-4.92114 , -1.8257 , 0
-4.91188 , -1.85033 , 0
-4.9025 , -1.87491 , 0
-4.893 , -1.89945 , 0
-4.88337 , -1.92393 , 0
-4.87362 , -1.94837 , 0
-4.86375 , -1.97276 , 0
-4.85375 , -1.9971 , 0
-4.84364 , -2.02139 , 0
-4.8334 , -2.04563 , 0
-4.82303 , -2.06982 , 0
-4.81255 , -2.09395 , 0
-4.80194 , -2.11803 , 0
-4.79122 , -2.14206 , 0
-4.78037 , -2.16603 , 0
-4.7694 , -2.18995 , 0
-4.75831 , -2.21382 , 0
-4.7471 , -2.23762 , 0
-4.73577 , -2.26137 , 0
-4.72432 , -2.28507 , 0
-4.71276 , -2.30871 , 0
-4.70107 , -2.33228 , 0
-4.68926 , -2.3558 , 0
-4.67734 , -2.37926 , 0
-4.6653 , -2.40266 , 0
-4.65314 , -2.426 , 0
-4.64086 , -2.44928 , 0
-4.62846 , -2.4725 , 0
-4.61595 , -2.49565 , 0
-4.60332 , -2.51874 , 0
-4.59058 , -2.54177 , 0
-4.57772 , -2.56473 , 0
-4.56474 , -2.58763 , 0
-4.55165 , -2.61046 , 0
-4.53845 , -2.63322 , 0
-4.52512 , -2.65592 , 0
-4.51169 , -2.67856 , 0
-4.49814 , -2.70112 , 0
-4.48448 , -2.72362 , 0
-4.4707 , -2.74605 , 0
-4.45681 , -2.76841 , 0
-4.44281 , -2.79069 , 0
-4.42869 , -2.81291 , 0
-4.41447 , -2.83506 , 0
-4.40013 , -2.85713 , 0
-4.38568 , -2.87914 , 0
-4.37112 , -2.90107 , 0
-4.35645 , -2.92293 , 0
-4.34167 , -2.94471 , 0
-4.32678 , -2.96642 , 0
-4.31178 , -2.98805 , 0
-4.29667 , -3.00961 , 0
-4.28145 , -3.03109 , 0
-4.26612 , -3.0525 , 0
-4.25069 , -3.07382 , 0
-4.23515 , -3.09508 , 0
-4.2195 , -3.11625 , 0
-4.20375 , -3.13734 , 0
-4.18789 , -3.15835 , 0
-4.17192 , -3.17929 , 0
-4.15585 , -3.20014 , 0
-4.13967 , -3.22092 , 0
-4.12339 , -3.24161 , 0
-4.107 , -3.26222 , 0
-4.09051 , -3.28274 , 0
-4.07391 , -3.30319 , 0
-4.05722 , -3.32355 , 0
-4.04042 , -3.34382 , 0
-4.02351 , -3.36401 , 0
-4.00651 , -3.38412 , 0
-3.98941 , -3.40414 , 0
-3.9722 , -3.42408 , 0
-3.95489 , -3.44392 , 0
-3.93748 , -3.46369 , 0
-3.91998 , -3.48336 , 0
-3.90237 , -3.50294 , 0
-3.88467 , -3.52244 , 0
-3.86687 , -3.54185 , 0
-3.84896 , -3.56116 , 0
-3.83097 , -3.58039 , 0
-3.81287 , -3.59953 , 0
-3.79468 , -3.61857 , 0
-3.77639 , -3.63753 , 0
-3.75801 , -3.65639 , 0
-3.73953 , -3.67516 , 0
-3.72096 , -3.69384 , 0
-3.70229 , -3.71242 , 0
-3.68353 , -3.73091 , 0
-3.66467 , -3.7493 , 0
-3.64573 , -3.7676 , 0
-3.62669 , -3.7858 , 0
-3.60755 , -3.80391 , 0
-3.58833 , -3.82192 , 0
-3.56902 , -3.83984 , 0
-3.54961 , -3.85766 , 0
-3.53012 , -3.87538 , 0
-3.51054 , -3.893 , 0
-3.49086 , -3.91052 , 0
-3.4711 , -3.92794 , 0
-3.45125 , -3.94527 , 0
-3.43132 , -3.96249 , 0
-3.41129 , -3.97962 , 0
-3.39118 , -3.99664 , 0
-3.37099 , -4.01356 , 0
-3.35071 , -4.03038 , 0
-3.33034 , -4.0471 , 0
-3.30989 , -4.06371 , 0
-3.28935 , -4.08023 , 0
-3.26874 , -4.09663 , 0
-3.24803 , -4.11294 , 0
-3.22725 , -4.12914 , 0
-3.20639 , -4.14523 , 0
-3.18544 , -4.16123 , 0
-3.16441 , -4.17711 , 0
-3.14331 , -4.19289 , 0
-3.12212 , -4.20856 , 0
-3.10085 , -4.22413 , 0
-3.07951 , -4.23959 , 0
-3.05808 , -4.25494 , 0
-3.03658 , -4.27018 , 0
-3.015 , -4.28532 , 0
-2.99335 , -4.30034 , 0
-2.97162 , -4.31526 , 0
-2.94981 , -4.33007 , 0
-2.92793 , -4.34477 , 0
-2.90598 , -4.35935 , 0
-2.88395 , -4.37383 , 0
-2.86185 , -4.3882 , 0
-2.83967 , -4.40245 , 0
-2.81743 , -4.41659 , 0
-2.79511 , -4.43062 , 0
-2.77272 , -4.44454 , 0
-2.75026 , -4.45835 , 0
-2.72773 , -4.47204 , 0
-2.70513 , -4.48562 , 0
-2.68247 , -4.49908 , 0
-2.65973 , -4.51243 , 0
-2.63693 , -4.52567 , 0
-2.61406 , -4.53879 , 0
-2.59112 , -4.55179 , 0
-2.56812 , -4.56468 , 0
-2.54505 , -4.57746 , 0
-2.52192 , -4.59012 , 0
-2.49872 , -4.60266 , 0
-2.47546 , -4.61508 , 0
-2.45214 , -4.62739 , 0
-2.42876 , -4.63958 , 0
-2.40531 , -4.65165 , 0
-2.3818 , -4.6636 , 0
-2.35823 , -4.67544 , 0
-2.33461 , -4.68715 , 0
-2.31092 , -4.69875 , 0
-2.28717 , -4.71022 , 0
-2.26337 , -4.72158 , 0
-2.23951 , -4.73282 , 0
-2.21559 , -4.74394 , 0
-2.19161 , -4.75493 , 0
-2.16758 , -4.76581 , 0
-2.1435 , -4.77656 , 0
-2.11935 , -4.78719 , 0
-2.09516 , -4.7977 , 0
-2.07091 , -4.80809 , 0
-2.04661 , -4.81836 , 0
-2.02226 , -4.8285 , 0
-1.99785 , -4.83852 , 0
-1.9734 , -4.84842 , 0
-1.9489 , -4.8582 , 0
-1.92434 , -4.86785 , 0
-1.89974 , -4.87737 , 0
-1.87508 , -4.88678 , 0
-1.85038 , -4.89606 , 0
-1.82564 , -4.90521 , 0
-1.80084 , -4.91424 , 0
-1.77601 , -4.92314 , 0
-1.75112 , -4.93192 , 0
-1.72619 , -4.94057 , 0
-1.70122 , -4.9491 , 0
-1.6762 , -4.9575 , 0
-1.65114 , -4.96578 , 0
-1.62604 , -4.97392 , 0
-1.6009 , -4.98195 , 0
-1.57572 , -4.98984 , 0
-1.55049 , -4.99761 , 0
-1.52523 , -5.00525 , 0
-1.49993 , -5.01276 , 0
-1.47459 , -5.02015 , 0
-1.44921 , -5.0274 , 0
-1.4238 , -5.03453 , 0
-1.39835 , -5.04153 , 0
-1.37286 , -5.04841 , 0
-1.34734 , -5.05515 , 0
-1.32178 , -5.06176 , 0
-1.29619 , -5.06825 , 0
-1.27057 , -5.07461 , 0
-1.24492 , -5.08083 , 0
-1.21923 , -5.08693 , 0
-1.19351 , -5.0929 , 0
-1.16776 , -5.09874 , 0
-1.14199 , -5.10444 , 0
-1.11618 , -5.11002 , 0
-1.09034 , -5.11547 , 0
-1.06448 , -5.12079 , 0
-1.03859 , -5.12597 , 0
-1.01267 , -5.13103 , 0
-0.986731 , -5.13595 , 0
-0.960763 , -5.14075 , 0
-0.93477 , -5.14541 , 0
-0.908754 , -5.14994 , 0
-0.882714 , -5.15434 , 0
-0.856652 , -5.15861 , 0
-0.830569 , -5.16274 , 0
-0.804463 , -5.16675 , 0
-0.778338 , -5.17062 , 0
-0.752192 , -5.17436 , 0
-0.726027 , -5.17797 , 0
-0.699844 , -5.18144 , 0
-0.673643 , -5.18479 , 0
-0.647425 , -5.188 , 0
-0.62119 , -5.19108 , 0
-0.594939 , -5.19402 , 0
-0.568673 , -5.19684 , 0
-0.542393 , -5.19952 , 0
-0.516098 , -5.20207 , 0
-0.489791 , -5.20448 , 0
-0.463471 , -5.20677 , 0
-0.437139 , -5.20891 , 0
-0.410796 , -5.21093 , 0
-0.384442 , -5.21281 , 0
-0.358079 , -5.21456 , 0
-0.331706 , -5.21618 , 0
-0.305325 , -5.21766 , 0
-0.278936 , -5.21901 , 0
-0.252541 , -5.22023 , 0
-0.226138 , -5.22131 , 0
-0.19973 , -5.22226 , 0
-0.173317 , -5.22308 , 0
-0.146899 , -5.22376 , 0
-0.120477 , -5.22431 , 0
-0.0940529 , -5.22472 , 0
-0.0676259 , -5.225 , 0
-0.0411972 , -5.22515 , 0
-0.0147675 , -5.22516 , 0
0.0116627 , -5.22504 , 0
0.0380925 , -5.22479 , 0
0.0645214 , -5.2244 , 0
0.0909486 , -5.22388 , 0
0.117373 , -5.22323 , 0
0.143795 , -5.22244 , 0
0.170214 , -5.22152 , 0
0.196627 , -5.22046 , 0
0.223036 , -5.21927 , 0
0.249439 , -5.21795 , 0
0.275836 , -5.21649 , 0
0.302226 , -5.2149 , 0
0.328608 , -5.21318 , 0
0.354981 , -5.21132 , 0
0.381345 , -5.20933 , 0
0.4077 , -5.20721 , 0
0.434044 , -5.20495 , 0
0.460377 , -5.20256 , 0
0.486699 , -5.20004 , 0
0.513007 , -5.19738 , 0
0.539303 , -5.19459 , 0
0.565585 , -5.19167 , 0
0.591852 , -5.18861 , 0
0.618104 , -5.18542 , 0
0.644341 , -5.1821 , 0
0.670561 , -5.17864 , 0
0.696763 , -5.17505 , 0
0.722948 , -5.17133 , 0
0.749114 , -5.16748 , 0
0.775261 , -5.16349 , 0
0.801388 , -5.15938 , 0
0.827495 , -5.15513 , 0
0.85358 , -5.15074 , 0
0.879644 , -5.14623 , 0
0.905685 , -5.14158 , 0
0.931702 , -5.1368 , 0
0.957696 , -5.13189 , 0
0.983666 , -5.12685 , 0
1.00961 , -5.12168 , 0
1.03553 , -5.11637 , 0
1.06142 , -5.11093 , 0
1.08728 , -5.10537 , 0
1.11312 , -5.09967 , 0
1.13893 , -5.09384 , 0
1.16471 , -5.08788 , 0
1.19045 , -5.08179 , 0
1.21617 , -5.07557 , 0
1.24186 , -5.06922 , 0
1.26751 , -5.06273 , 0
1.29314 , -5.05612 , 0
1.31873 , -5.04938 , 0
1.34428 , -5.04251 , 0
1.3698 , -5.03551 , 0
1.39529 , -5.02838 , 0
1.42074 , -5.02112 , 0
1.44615 , -5.01373 , 0
1.47153 , -5.00622 , 0
1.49687 , -4.99857 , 0
1.52217 , -4.9908 , 0
1.54743 , -4.98289 , 0
1.57265 , -4.97486 , 0
1.59783 , -4.96671 , 0
1.62297 , -4.95842 , 0
1.64807 , -4.95001 , 0
1.67312 , -4.94147 , 0
1.69813 , -4.9328 , 0
1.7231 , -4.92401 , 0
1.74803 , -4.91508 , 0
1.77291 , -4.90604 , 0
1.79774 , -4.89686 , 0
1.82253 , -4.88757 , 0
1.84727 , -4.87814 , 0
1.87196 , -4.86859 , 0
1.89661 , -4.85891 , 0
1.92121 , -4.84911 , 0
1.94575 , -4.83919 , 0
1.97025 , -4.82914 , 0
1.9947 , -4.81896 , 0
2.01909 , -4.80867 , 0
2.04343 , -4.79824 , 0
2.06772 , -4.7877 , 0
2.09196 , -4.77703 , 0
2.11614 , -4.76624 , 0
2.14027 , -4.75533 , 0
2.16435 , -4.74429 , 0
2.18837 , -4.73313 , 0
2.21233 , -4.72185 , 0
2.23623 , -4.71045 , 0
2.26008 , -4.69893 , 0
2.28387 , -4.68728 , 0
2.3076 , -4.67552 , 0
2.33127 , -4.66363 , 0
2.35488 , -4.65163 , 0
2.37843 , -4.6395 , 0
2.40192 , -4.62726 , 0
2.42535 , -4.61489 , 0
2.44871 , -4.60241 , 0
2.47201 , -4.58981 , 0
2.49525 , -4.57709 , 0
2.51842 , -4.56425 , 0
2.54153 , -4.5513 , 0
2.56458 , -4.53822 , 0
2.58755 , -4.52503 , 0
2.61046 , -4.51173 , 0
2.63331 , -4.49831 , 0
2.65608 , -4.48477 , 0
2.67879 , -4.47111 , 0
2.70143 , -4.45735 , 0
2.72399 , -4.44346 , 0
2.74649 , -4.42946 , 0
2.76892 , -4.41535 , 0
2.79128 , -4.40112 , 0
2.81356 , -4.38678 , 0
2.83577 , -4.37233 , 0
2.85791 , -4.35777 , 0
2.87997 , -4.34309 , 0
2.90196 , -4.3283 , 0
2.92388 , -4.3134 , 0
2.94572 , -4.29838 , 0
2.96748 , -4.28326 , 0
2.98917 , -4.26802 , 0
3.01078 , -4.25268 , 0
3.03231 , -4.23722 , 0
3.05376 , -4.22166 , 0
3.07514 , -4.20599 , 0
3.09644 , -4.19021 , 0
3.11765 , -4.17432 , 0
3.13879 , -4.15832 , 0
3.15984 , -4.14222 , 0
3.18082 , -4.12601 , 0
3.20171 , -4.10969 , 0
3.22251 , -4.09326 , 0
3.24324 , -4.07673 , 0
3.26388 , -4.0601 , 0
3.28444 , -4.04336 , 0
3.30491 , -4.02652 , 0
3.3253 , -4.00957 , 0
3.3456 , -3.99252 , 0
3.36581 , -3.97536 , 0
3.38594 , -3.9581 , 0
3.40598 , -3.94074 , 0
3.42593 , -3.92328 , 0
3.4458 , -3.90572 , 0
3.46557 , -3.88806 , 0
3.48526 , -3.87029 , 0
3.50485 , -3.85243 , 0
3.52436 , -3.83447 , 0
3.54377 , -3.8164 , 0
3.56309 , -3.79824 , 0
3.58232 , -3.77998 , 0
3.60146 , -3.76163 , 0
3.62051 , -3.74317 , 0
3.63946 , -3.72462 , 0
3.65831 , -3.70597 , 0
3.67707 , -3.68723 , 0
3.69574 , -3.66839 , 0
3.71431 , -3.64946 , 0
3.73279 , -3.63043 , 0
3.75117 , -3.61131 , 0
3.76945 , -3.59209 , 0
3.78763 , -3.57279 , 0
3.80572 , -3.55339 , 0
3.82371 , -3.53389 , 0
3.8416 , -3.51431 , 0
3.85939 , -3.49464 , 0
3.87708 , -3.47487 , 0
3.89467 , -3.45502 , 0
3.91216 , -3.43507 , 0
3.92955 , -3.41504 , 0
3.94683 , -3.39492 , 0
3.96402 , -3.37471 , 0
3.9811 , -3.35442 , 0
3.99808 , -3.33403 , 0
4.01495 , -3.31356 , 0
4.03172 , -3.29301 , 0
4.04839 , -3.27237 , 0
4.06495 , -3.25164 , 0
4.08141 , -3.23084 , 0
4.09776 , -3.20994 , 0
4.11401 , -3.18897 , 0
4.13015 , -3.16791 , 0
4.14618 , -3.14677 , 0
4.1621 , -3.12555 , 0
4.17792 , -3.10424 , 0
4.19363 , -3.08286 , 0
4.20923 , -3.0614 , 0
4.22472 , -3.03986 , 0
4.2401 , -3.01824 , 0
4.25538 , -2.99654 , 0
4.27054 , -2.97476 , 0
4.28559 , -2.95291 , 0
4.30053 , -2.93098 , 0
4.31536 , -2.90897 , 0
4.33008 , -2.88689 , 0
4.34468 , -2.86474 , 0
4.35917 , -2.84251 , 0
4.37355 , -2.8202 , 0
4.38782 , -2.79783 , 0
4.40197 , -2.77538 , 0
4.41601 , -2.75286 , 0
4.42994 , -2.73026 , 0
4.44375 , -2.7076 , 0
4.45744 , -2.68487 , 0
4.47102 , -2.66207 , 0
4.48448 , -2.63919 , 0
4.49783 , -2.61625 , 0
4.51106 , -2.59325 , 0
4.52418 , -2.57017 , 0
4.53717 , -2.54703 , 0
4.55005 , -2.52382 , 0
4.56281 , -2.50055 , 0
4.57546 , -2.47721 , 0
4.58798 , -2.45381 , 0
4.60039 , -2.43034 , 0
4.61267 , -2.40682 , 0
4.62484 , -2.38322 , 0
4.63689 , -2.35957 , 0
4.64881 , -2.33586 , 0
4.66062 , -2.31208 , 0
4.6723 , -2.28825 , 0
4.68387 , -2.26436 , 0
4.69531 , -2.2404 , 0
4.70663 , -2.21639 , 0
4.71783 , -2.19233 , 0
4.72891 , -2.1682 , 0
4.73986 , -2.14402 , 0
4.75069 , -2.11978 , 0
4.7614 , -2.09549 , 0
4.77199 , -2.07115 , 0
4.78245 , -2.04675 , 0
4.79278 , -2.02229 , 0
4.803 , -1.99779 , 0
4.81308 , -1.97323 , 0
4.82305 , -1.94862 , 0
4.83289 , -1.92397 , 0
4.8426 , -1.89926 , 0
4.85219 , -1.8745 , 0
4.86165 , -1.84969 , 0
4.87098 , -1.82484 , 0
4.88019 , -1.79994 , 0
4.88928 , -1.77499 , 0
4.89823 , -1.75 , 0
4.90706 , -1.72496 , 0
4.91576 , -1.69987 , 0
4.92434 , -1.67474 , 0
4.93278 , -1.64957 , 0
4.9411 , -1.62436 , 0
4.94929 , -1.5991 , 0
4.95735 , -1.5738 , 0
4.96528 , -1.54846 , 0
4.97309 , -1.52308 , 0
4.98076 , -1.49766 , 0
4.98831 , -1.47221 , 0
4.99573 , -1.44671 , 0
5.00301 , -1.42118 , 0
5.01017 , -1.39561 , 0
5.0172 , -1.37 , 0
5.0241 , -1.34436 , 0
5.03086 , -1.31868 , 0
5.0375 , -1.29297 , 0
5.044 , -1.26723 , 0
5.05038 , -1.24145 , 0
5.05662 , -1.21564 , 0
5.06273 , -1.1898 , 0
5.06871 , -1.16393 , 0
5.07456 , -1.13802 , 0
5.08028 , -1.11209 , 0
5.08587 , -1.08613 , 0
5.09132 , -1.06014 , 0
5.09664 , -1.03412 , 0
5.10183 , -1.00808 , 0
5.10689 , -0.982012 , 0
5.11181 , -0.955917 , 0
5.11661 , -0.929797 , 0
5.12127 , -0.903654 , 0
5.12579 , -0.877486 , 0
5.13019 , -0.851296 , 0
5.13445 , -0.825084 , 0
5.13857 , -0.79885 , 0
5.14257 , -0.772596 , 0
5.14643 , -0.746322 , 0
5.15015 , -0.720028 , 0
5.15374 , -0.693715 , 0
5.1572 , -0.667385 , 0
5.16053 , -0.641037 , 0
5.16372 , -0.614673 , 0
5.16678 , -0.588292 , 0
5.1697 , -0.561897 , 0
5.17249 , -0.535486 , 0
5.17514 , -0.509062 , 0
5.17766 , -0.482625 , 0
5.18005 , -0.456175 , 0
5.1823 , -0.429713 , 0
5.18442 , -0.40324 , 0
5.1864 , -0.376757 , 0
5.18825 , -0.350264 , 0
5.18996 , -0.323762 , 0
5.19154 , -0.297251 , 0
5.19298 , -0.270733 , 0
5.19429 , -0.244207 , 0
5.19546 , -0.217676 , 0
5.1965 , -0.191138 , 0
5.19741 , -0.164596 , 0
5.19818 , -0.138049 , 0
5.19881 , -0.111499 , 0
5.19931 , -0.0849462 , 0
5.19967 , -0.0583909 , 0
5.1999 , -0.0318341 , 0
5.2 , -0.00527652 , 0
5.19996 , 0.0212812 , 0
5.19978 , 0.0478384 , 0
5.19947 , 0.0743944 , 0
5.19902 , 0.100948 , 0
5.19844 , 0.1275 , 0
