M
-0.09
-0.225
-0.215
-0.1
-0.155
-0.185
-0.185
-0.085
0.035
0.01
0.045
0.135
0.24
0.155
0.245
0.34
0.31
0.335
0.315
0.415
0.42
0.405
0.46
0.41
0.38
0.39
0.4
0.335
0.35
0.245
0.235
0.32
0.325
0.265
0.245
0.3
0.29
0.27
0.2
0.16
0.165
0.18
0.205
0.165
0.185
0.165
0.125
0.14
0.04
-0.05
-0.025
0.035
0
0.005
0.04
0.05
-0.055
-0.09
-0.02
-0.07
-0.03
0.015
0.005
-0.065
-0.045
-0.11
-0.1
-0.11
-0.125
-0.1
-0.095
-0.095
-0.045
-0.035
0.03
0.065
0.005
0.02
0.08
0.07
0.015
0.025
0.09
0.18
0.12
0.105
0.1
0.125
0.09
0.075
0.095
0.12
0.25
0.205
0.17
0.18
0.145
0.075
0.015
0.09
0.055
0.065
0.12
0.145
0.12
0.145
0.16
0.14
0.135
0.17
0.07
0.025
0.025
0.025
0
0.015
0.05
0.165
0.175
0.02
0.115
0.08
0.025
0.12
0.125
0.165
0.22
0.2
0.205
0.26
0.28
0.31
0.335
0.41
0.36
0.38
0.365
0.41
0.4
0.49
0.455
0.45
0.47
0.415
0.43
0.46
0.34
0.375
0.405
0.34
0.47
0.465
0.435
0.455
0.425
0.43
0.445
0.43
0.4
0.46
0.35
0.365
0.35
0.405
0.385
0.375
0.34
0.445
0.475
0.43
0.41
0.455
0.47
0.515
0.525
0.43
0.415
0.325
0.285
0.325
0.285
0.255
0.235
0.235
0.195
0.2
0.235
0.35
0.22
0.22
0.28
0.36
0.385
0.37
0.375
0.415
0.475
0.525
0.51
0.575
0.575
0.47
0.505
0.53
0.605
0.57
0.64
0.71
0.69
0.715
0.715
0.66
0.645
0.59
0.57
0.565
0.565
0.56
0.5
0.58
0.61
0.575
0.555
0.58
0.645
0.54
0.54
0.645
0.695
0.75
0.695
0.75
0.7
0.705
0.7
0.68
0.68
0.655
0.67
0.57
0.5
0.53
0.575
0.51
0.375
0.385
0.49
0.495
0.49
0.5
0.525
0.395
0.495
0.535
0.435
0.49
0.535
0.495
0.475
0.435
0.48
0.51
0.49
0.455
0.425
0.425
0.34
0.335
0.32
0.28
0.14
0.065
0.01
0.06
0.05
0.085
0.155
0.13
0.125
0.17
0.16
0.14
0.11
0.055
0.04
0.035
0.045
0.01
0.18
0.115
0.175
0.2
0.13
0.05
0.02
0.13
0.105
0.05
0.095
0.115
0.04
-0.05
-0.08
-0.13
-0.175
-0.24
-0.32
-0.365
-0.335
-0.36
-0.32
-0.225
-0.19
-0.245
-0.245
-0.24
-0.21
-0.225
-0.175
-0.175
-0.1
-0.04
-0.06
-0.13
-0.14
-0.155
-0.105
-0.16
-0.105
-0.14
-0.145
-0.275
-0.3
-0.315
-0.355
-0.365
-0.33
-0.275
-0.22
-0.205
-0.23
-0.205
-0.165
-0.095
-0.055
-0.06
-0.12
-0.03
-0.04
-0.045
-0.045
-0.09
-0.17
-0.265
-0.335
-0.38
-0.42
-0.41
-0.39
-0.35
-0.365
-0.36
-0.38
-0.265
-0.27
-0.24
-0.2
-0.24
-0.225
-0.24
-0.24
-0.17
-0.235
-0.21
-0.17
-0.18
-0.235
-0.19
-0.125
-0.07
-0.045
-0.01
-0.055
-0.035
-0.03
-0.05
-0.085
-0.065
-0.065
-0.07
-0.19
-0.335
-0.325
-0.29
-0.32
-0.285
-0.195
-0.22
-0.15
-0.085
-0.095
-0.145
-0.11
-0.125
-0.155
-0.115
-0.09
-0.135
-0.17
-0.18
-0.13
-0.14
-0.075
-0.06
-0.175
-0.12
-0.125
-0.265
-0.29
-0.295
-0.34
-0.365
-0.28
-0.25
-0.105
0.01
0.055
0.09
0.035
0
-0.055
-0.03
0.015
0.025
0.12
0.13
0.085
0.145
0.11
0.115
0.1
0.075
0.2
0.07
-0.025
-0.04
0.02
-0.04
-0.03
0
-0.03
-0.005
-0.15
-0.17
-0.215
-0.265
-0.225
-0.325
-0.405
-0.445
-0.47
-0.475
-0.405
-0.46
-0.44
-0.44
-0.435
-0.47
-0.46
-0.59
-0.535
-0.565
-0.65
-0.64
-0.635
-0.6
-0.605
-0.62
-0.58
-0.55
-0.515
-0.55
-0.57
-0.57
-0.565
-0.62
-0.63
-0.635
-0.63
-0.61
-0.595
-0.575
-0.475
-0.485
-0.44
-0.47
-0.495
-0.53
-0.44
-0.405
-0.36
-0.255
-0.29
-0.34
-0.21
-0.205
-0.215
-0.215
-0.175
-0.095
-0.085
-0.075
-0.155
-0.225
-0.305
-0.25
-0.26
-0.285
-0.35
-0.345
-0.29
-0.305
-0.255
-0.335
-0.295
-0.31
-0.36
-0.455
-0.46
-0.5
-0.555
-0.58
-0.635
-0.665
-0.67
-0.72
-0.73
-0.69
-0.715
-0.69
-0.67
-0.605
-0.585
-0.57
-0.575
-0.595
-0.575
-0.46
-0.495
-0.385
-0.4
-0.495
-0.495
-0.575
-0.595
-0.52
-0.575
-0.55
-0.56
-0.465
-0.395
-0.38
-0.36
-0.34
-0.395
-0.335
-0.415
-0.37
-0.43
-0.335
-0.32
-0.285
-0.24
-0.255
-0.32
-0.31
-0.275
-0.27
-0.28
-0.215
-0.27
-0.225
-0.2
-0.215
-0.195
-0.235
-0.23
-0.19
-0.19
-0.19
-0.135
-0.155
-0.085
-0.09
-0.235
-0.255
-0.215
-0.28
-0.26
-0.315
-0.385
-0.36
-0.405
-0.4
-0.4
-0.34
-0.395
-0.42
-0.435
-0.465
-0.415
-0.43
-0.5
-0.495
-0.525
-0.6
-0.55
-0.435
-0.5
-0.59
-0.57
-0.485
-0.52
-0.475
-0.55
-0.6
-0.605
-0.535
-0.52
-0.55
-0.55
-0.605
-0.615
-0.55
-0.6
-0.605
-0.58
-0.565
-0.475
-0.495
-0.51
-0.535
-0.505
-0.52
-0.555
-0.52
-0.495
-0.51
-0.53
-0.555
-0.605
-0.56
-0.555
-0.595
-0.6
-0.63
-0.65
-0.63
-0.62
-0.605
-0.545
-0.48
-0.515
-0.47
-0.39
-0.44
-0.495
-0.505
-0.51
-0.63
-0.63
-0.635
-0.63
-0.555
-0.52
-0.56
-0.54
-0.55
-0.555
-0.485
-0.475
-0.475
-0.485
-0.455
-0.39
-0.36
-0.28
-0.26
-0.25
-0.27
-0.3
-0.31
-0.315
-0.4
-0.345
-0.38
-0.57
-0.5
-0.475
-0.43
-0.465
-0.485
-0.575
-0.56
-0.435
-0.445
-0.385
-0.43
-0.425
-0.41
-0.44
-0.49
-0.43
-0.465
-0.455
-0.415
-0.455
-0.4
-0.395
-0.445
-0.45
-0.49
-0.555
-0.535
-0.465
-0.5
-0.52
-0.54
-0.605
-0.575
-0.54
-0.555
-0.655
-0.635
-0.68
-0.59
-0.63
-0.595
-0.58
-0.575
-0.545
-0.615
-0.605
-0.605
-0.65
-0.63
-0.67
-0.65
-0.615
-0.575
-0.57
-0.605
-0.665
-0.715
-0.735
-0.77
-0.81
-0.845
-0.865
-0.79
-0.785
-0.795
-0.71
-0.675
-0.71
-0.705
-0.755
-0.685
-0.695
-0.69
-0.655
-0.615
-0.575
-0.55
-0.455
-0.36
-0.445
-0.475
-0.4
-0.425
-0.385
-0.415
-0.385
-0.36
-0.42
-0.4
-0.5
-0.54
-0.57
-0.57
-0.58
-0.605
-0.47
-0.505
-0.49
-0.52
-0.575
-0.51
-0.495
-0.465
-0.465
-0.5
-0.585
-0.575
-0.535
-0.555
-0.535
-0.55
-0.5
-0.505
-0.5
-0.56
-0.65
-0.62
-0.655
-0.625
-0.595
-0.675
-0.68
-0.69
-0.67
-0.67
-0.61
-0.61
-0.695
-0.67
-0.72
-0.695
-0.62
-0.66
-0.655
-0.66
-0.67
-0.655
-0.74
-0.72
-0.73
-0.745
-0.655
-0.635
-0.705
-0.71
-0.72
-0.72
-0.71
-0.745
-0.69
-0.75
-0.74
-0.75
-0.745
-0.675
-0.685
-0.7
-0.7
-0.67
-0.72
-0.76
-0.675
-0.755
-0.69
-0.73
-0.75
-0.71
-0.735
-0.78
-0.84
-0.805
-0.82
-0.785
-0.76
-0.72
-0.685
-0.635
-0.58
-0.625
-0.62
-0.72
-0.68
-0.675
-0.72
-0.775
-0.77
-0.73
-0.62
-0.655
-0.625
-0.595
-0.545
-0.555
-0.54
-0.585
-0.56
-0.6
-0.58
-0.565
-0.635
-0.62
-0.57
-0.645
-0.625
-0.57
-0.57
-0.645
-0.55
-0.545
-0.595
-0.62
-0.575
-0.545
-0.535
-0.6
-0.555
-0.59
-0.515
-0.575
-0.57
-0.615
-0.59
-0.57
-0.605
-0.63
-0.625
-0.7
-0.665
-0.705
-0.75
-0.765
-0.685
-0.76
-0.695
-0.64
-0.575
-0.54
-0.6
-0.655
-0.675
-0.685
-0.725
-0.63
-0.64
-0.715
-0.655
-0.675
-0.685
-0.665
-0.725
-0.7
-0.74
-0.72
-0.685
-0.535
-0.59
-0.655
-0.675
-0.59
-0.565
-0.57
-0.635
-0.66
-0.66
-0.745
-0.745
-0.83
-0.78
-0.845
-0.8
-0.85
-0.835
-0.79
-0.77
-0.74
-0.74
-0.765
-0.735
-0.82
-0.845
-0.825
-0.78
-0.81
-0.785
-0.74
-0.73
-0.655
-0.58
-0.595
-0.51
-0.4
-0.34
-0.345
-0.34
-0.43
-0.46
-0.41
-0.445
-0.4
-0.38
-0.285
-0.29
-0.315
-0.385
-0.395
-0.435
-0.455
-0.43
-0.54
-0.615
-0.63
-0.605
-0.465
-0.4
-0.355
-0.365
-0.37
-0.36
-0.315
-0.26
-0.26
-0.18
-0.25
-0.32
-0.32
-0.34
-0.38
-0.435
-0.465
-0.415
-0.345
-0.475
-0.455
-0.455
-0.545
-0.505
-0.515
-0.54
-0.485
-0.39
-0.39
-0.45
-0.475
-0.445
-0.375
-0.305
-0.35
-0.39
-0.375
-0.405
-0.405
-0.385
-0.405
-0.385
-0.41
-0.42
-0.475
-0.515
-0.54
-0.525
-0.54
-0.525
-0.515
-0.48
-0.565
-0.595
-0.535
-0.495
-0.51
-0.54
-0.46
-0.455
-0.425
-0.49
-0.485
-0.505
-0.415
-0.475
-0.485
-0.495
-0.55
-0.635
-0.645
-0.675
-0.64
-0.555
-0.61
-0.53
-0.455
-0.435
-0.5
-0.52
-0.445
-0.525
-0.565
-0.58
-0.615
-0.57
-0.495
-0.54
-0.555
-0.595
-0.6
-0.63
-0.595
-0.665
-0.64
-0.645
-0.59
-0.605
-0.615
-0.685
-0.78
-0.76
-0.755
-0.77
-0.775
-0.855
-0.825
-0.825
-0.86
-0.86
-0.845
-0.82
-0.78
-0.755
-0.79
-0.785
-0.755
-0.72
-0.755
-0.745
-0.74
-0.77
-0.79
-0.835
-0.775
-0.805
-0.775
-0.705
-0.62
-0.64
-0.635
-0.655
-0.685
-0.76
-0.71
-0.68
-0.635
-0.65
-0.58
-0.61
-0.605
-0.585
-0.685
-0.67
-0.65
-0.685
-0.705
-0.745
-0.685
-0.715
-0.71
-0.655
-0.6
-0.515
-0.47
-0.48
-0.43
-0.4
-0.44
-0.46
-0.44
-0.43
-0.5
-0.375
-0.37
-0.325
-0.295
-0.34
-0.36
-0.395
-0.355
-0.4
-0.315
-0.21
-0.25
-0.35
-0.38
-0.39
-0.415
-0.49
-0.495
-0.555
-0.53
-0.465
-0.495
-0.5
-0.445
-0.46
-0.48
-0.38
-0.36
-0.45
-0.43
-0.375
-0.295
-0.29
-0.255
-0.275
-0.27
-0.33
-0.335
-0.425
-0.395
-0.43
-0.5
-0.485
-0.27
-0.27
-0.28
-0.28
-0.38
-0.28
-0.33
-0.43
-0.37
-0.425
-0.375
-0.395
-0.375
-0.36
-0.355
-0.38
-0.465
-0.42
-0.455
-0.385
-0.41
-0.39
-0.45
-0.48
-0.495
-0.495
-0.455
-0.51
-0.535
-0.565
-0.57
-0.615
-0.61
-0.485
-0.48
-0.435
-0.42
-0.41
-0.435
-0.38
-0.32
-0.36
-0.31
-0.2
-0.175
-0.225
-0.25
-0.18
-0.17
-0.185
-0.2
-0.18
-0.185
-0.22
-0.225
-0.11
-0.09
-0.155
-0.1
-0.135
-0.17
-0.155
-0.22
-0.14
-0.19
-0.24
-0.295
-0.225
-0.175
-0.195
-0.14
-0.065
-0.095
-0.12
-0.13
-0.13
-0.16
-0.125
-0.19
-0.1
-0.21
-0.26
-0.305
-0.305
-0.315
-0.32
-0.32
-0.26
-0.23
-0.26
-0.305
-0.28
-0.255
-0.28
-0.19
-0.205
-0.18
-0.105
-0.055
-0.15
-0.13
-0.125
-0.095
-0.11
-0.01
-0.07
-0.095
-0.04
-0.05
-0.04
-0.005
0.045
0.06
0.03
-0.02
0.04
0.06
0.06
-0.035
-0.045
-0.06
0
-0.06
-0.065
-0.14
-0.08
-0.095
-0.095
-0.145
-0.28
-0.26
-0.23
-0.26
-0.195
-0.065
-0.14
-0.11
0.03
-0.015
0.025
0.03
-0.03
-0.005
-0.02
0.005
-0.07
-0.045
0.005
0.03
-0.005
-0.115
-0.035
-0.095
-0.055
-0.025
-0.095
-0.13
-0.095
-0.035
-0.03
0.05
-0.045
-0.035
-0.025
-0.02
-0.125
-0.065
-0.04
-0.075
-0.065
0.01
0.015
-0.035
0.02
0
0.08
0.065
0.08
0.02
-0.09
-0.155
-0.205
-0.205
-0.225
-0.21
-0.215
-0.205
-0.22
-0.155
-0.115
-0.07
-0.015
-0.035
-0.02
0.035
0.065
0.105
0.235
0.265
0.165
0.165
0.155
0.215
0.185
0.23
0.25
0.235
0.305
0.355
0.335
0.27
0.23
0.325
0.335
0.385
0.43
0.52
0.505
0.52
0.65
0.665
0.6
0.575
0.515
0.575
0.66
0.64
0.6
0.58
0.57
0.5
0.44
0.45
0.41
0.37
0.36
0.4
0.375
0.43
0.405
0.52
0.45
0.42
0.475
0.455
0.485
0.445
0.49
0.525
0.595
0.69
0.67
0.755
0.735
0.735
0.735
0.725
0.725
0.655
0.72
0.62
0.54
0.535
0.53
0.535
0.5
0.485
0.59
0.6
0.505
0.58
0.63
0.655
0.69
0.685
0.675
0.64
0.635
0.63
0.62
0.505
0.495
0.47
0.425
0.49
0.47
0.425
0.5
0.43
0.335
0.365
0.325
0.365
0.385
0.38
0.37
0.35
0.335
0.38
0.415
0.425
0.545
0.475
0.345
0.365
0.31
0.365
0.32
0.3
0.305
0.205
0.21
0.24
0.31
0.305
0.315
0.31
0.285
0.355
0.29
0.225
0.175
0.13
0.15
0.185
0.225
0.315
0.275
0.26
0.28
0.25
0.285
0.44
0.44
0.45
0.49
0.49
0.505
0.45
0.44
0.455
0.495
0.485
0.485
0.5
0.565
0.55
0.54
0.58
0.58
0.595
0.595
0.595
0.69
0.605
0.655
0.66
0.64
0.67
0.715
0.69
0.74
0.71
0.71
0.755
0.715
0.65
0.61
0.615
0.625
0.55
0.505
0.53
0.52
0.57
0.635
0.665
0.645
0.635
0.645
0.565
0.56
0.55
0.49
0.525
0.5
0.525
0.57
0.53
0.505
0.52
0.39
0.435
0.385
0.4
0.365
0.42
0.495
0.51
0.555
0.575
0.59
0.54
0.55
0.53
0.625
0.695
0.715
0.73
0.625
0.595
0.635
0.585
0.575
0.58
0.555
0.51
0.6
0.555
0.6
0.675
0.685
0.745
0.71
0.795
0.73
0.685
0.625
0.6
0.595
0.66
0.685
0.67
0.71
0.67
0.765
0.805
0.84
0.835
0.83
0.81
0.76
0.73
0.64
0.645
0.64
0.55
0.6
0.545
0.545
0.56
0.545
0.46
0.55
0.58
0.535
0.505
0.45
0.42
0.445
0.47
0.505
0.515
0.51
0.475
0.505
0.505
0.385
0.305
0.335
0.355
0.345
0.295
0.285
0.31
0.27
0.24
0.205
0.22
0.18
0.13
0.135
0.25
0.25
0.32
0.43
0.495
0.49
0.485
0.535
0.525
0.52
0.48
0.455
0.445
0.48
0.46
0.44
0.485
0.445
0.46
0.365
0.38
0.365
0.345
0.32
0.365
0.42
0.345
0.34
0.34
0.395
0.38
0.31
0.285
0.225
0.155
0.155
0.115
0.025
-0.015
-0.03
0.015
-0.085
-0.08
-0.135
-0.165
-0.135
-0.14
-0.135
-0.22
-0.2
-0.09
-0.06
-0.02
0.06
0.1
0.08
0.095
0.055
0.14
0.16
0.23
0.27
0.275
0.285
0.235
0.245
0.21
0.245
0.18
0.165
0.18
0.08
0.105
0.115
0.185
0.145
0.16
0.21
0.23
0.215
0.2
0.27
0.27
0.265
0.275
0.335
0.41
0.425
0.485
0.44
0.39
0.405
0.375
0.39
0.385
0.28
0.255
0.2
0.24
0.275
0.32
0.29
0.29
0.38
0.345
0.295
0.325
0.16
0.26
0.035
0.135
0.07
0.07
0.015
-0.035
0.08
0.04
0.06
0.095
0.115
0.185
0.185
0.22
0.275
0.26
0.36
0.355
0.41
0.405
0.495
0.525
0.475
0.405
0.405
0.36
0.375
0.45
0.47
0.55
0.56
0.575
0.545
0.645
0.605
0.58
0.56
0.525
0.545
0.545
0.62
0.65
0.635
0.63
0.61
0.605
0.6
0.72
0.74
0.76
0.705
0.735
0.705
0.65
0.66
0.585
0.57
0.66
0.635
0.665
0.685
0.665
0.65
0.585
0.615
0.595
0.63
0.645
0.62
0.675
0.735
0.72
0.705
0.735
0.795
0.785
0.78
0.715
0.725
0.72
0.775
0.845
0.805
0.665
0.62
0.625
0.72
0.725
0.725
0.72
0.685
0.69
0.685
0.63
0.595
0.565
0.61
0.63
0.7
0.635
0.635
0.6
0.67
0.73
0.745
0.76
0.785
0.765
0.815
0.815
0.81
0.855
0.855
0.78
0.77
0.7
0.75
0.82
0.89
0.78
0.755
0.765
0.74
0.77
0.82
0.815
0.77
0.77
0.77
0.785
0.765
0.735
0.64
0.63
0.595
0.685
0.695
0.745
0.735
0.655
0.72
0.73
0.78
0.71
0.7
0.68
0.635
0.66
0.705
0.75
0.78
0.71
0.7
0.735
0.795
0.805
0.8
0.82
0.72
0.68
0.58
0.63
0.635
0.615
0.635
0.64
0.665
0.65
0.575
0.645
0.535
0.59
0.625
0.65
0.75
0.76
0.78
0.8
0.8
0.795
0.83
0.78
0.82
0.81
0.805
0.835
0.765
0.745
0.745
0.7
0.66
0.59
0.59
0.715
0.715
0.74
0.7
0.785
0.71
0.75
0.67
0.675
0.69
0.695
0.555
0.555
0.525
0.49
0.455
0.455
0.565
0.63
0.585
0.645
0.55
0.52
0.55
0.555
0.495
0.495
0.54
0.57
0.64
0.71
0.73
0.745
0.76
0.66
0.67
0.595
0.595
0.615
0.66
0.615
0.655
0.615
0.61
0.615
0.695
0.695
0.68
0.725
0.665
0.605
0.635
0.62
0.56
0.495
0.61
0.62
0.61
0.67
0.7
0.72
0.68
0.695
0.685
0.59
0.615
0.61
0.665
0.62
0.705
0.73
0.785
0.83
0.86
0.85
0.88
0.82
0.77
0.795
0.79
0.8
0.805
0.795
0.84
0.845
0.87
0.845
0.9
0.905
0.89
0.805
0.8
0.76
0.735
0.695
0.705
0.74
0.78
0.73
0.685
0.725
0.72
0.735
0.76
0.69
0.635
0.64
0.725
0.64
0.695
0.66
0.62
0.655
0.645
0.575
0.56
0.545
0.435
0.55
0.525
0.555
0.58
0.54
0.555
0.525
0.52
0.55
0.61
0.64
0.695
0.715
0.745
0.82
0.78
0.795
0.845
0.895
0.84
0.82
0.84
0.845
0.805
0.795
0.695
0.71
0.745
0.735
0.77
0.73
0.725
0.745
0.725
0.77
0.65
0.705
0.675
0.735
0.785
0.8
0.85
0.825
0.8
0.73
0.685
0.705
0.675
0.675
0.73
0.775
0.78
0.785
0.805
0.775
0.77
0.705
0.67
0.645
0.64
0.605
0.68
0.73
0.69
0.655
0.72
0.665
0.695
0.595
0.625
0.625
0.65
0.57
0.535
0.56
0.565
0.62
0.66
0.635
0.705
0.67
0.685
0.695
0.75
0.77
0.625
0.64
0.74
0.695
0.695
0.76
0.705
0.645
0.555
0.535
0.445
0.38
0.385
0.355
0.375
0.395
0.385
0.45
0.51
0.55
0.475
0.45
0.51
0.475
0.465
0.485
0.53
0.57
0.635
0.62
0.64
0.64
0.635
0.625
0.67
0.635
0.745
0.675
0.73
0.65
0.585
0.525
0.56
0.595
0.615
0.615
0.575
0.57
0.51
0.57
0.545
0.55
0.635
0.635
0.63
0.64
0.67
0.665
0.715
0.735
0.765
0.725
0.685
0.675
0.72
0.685
0.65
0.705
0.665
0.69
0.655
0.635
0.555
0.54
0.585
0.635
0.66
0.73
0.745
0.72
0.695
0.74
0.7
0.71
0.62
0.53
0.51
0.5
0.49
0.475
0.45
0.415
0.37
0.315
0.37
0.305
0.265
0.355
0.28
0.395
0.47
0.455
0.395
0.31
0.335
0.275
0.365
0.425
0.395
0.395
0.405
0.42
0.435
0.455
0.51
0.565
0.61
0.61
0.505
0.505
0.545
0.52
0.555
0.525
0.545
0.6
0.54
0.52
0.475
0.525
0.51
0.455
0.475
0.415
0.39
0.46
0.505
0.51
0.62
0.635
0.56
0.64
0.655
0.665
0.59
0.57
0.615
0.59
0.58
0.62
0.615
0.58
0.545
0.53
0.575
0.55
0.58
0.59
0.65
0.625
0.61
0.62
0.65
0.76
0.725
0.67
0.635
0.63
0.655
0.615
0.665
0.63
0.62
0.615
0.57
0.65
0.725
0.71
0.63
0.6
0.495
0.505
0.485
0.555
0.55
0.55
0.52
0.51
0.47
0.495
0.45
0.465
0.415
0.43
0.48
0.465
0.415
0.44
0.53
0.55
0.505
0.54
0.565
0.57
0.54
0.665
0.71
0.685
0.71
0.74
0.795
0.805
0.855
0.805
0.85
0.83
0.8
0.745
0.805
0.785
0.765
0.82
0.785
0.85
0.81
0.795
0.82
0.81
0.83
0.83
0.825
0.805
0.84
0.79
0.73
0.75
0.79
0.83
0.825
0.79
0.78
0.78
0.795
0.8
0.725
0.715
0.735
0.82
0.785
0.74
0.73
0.69
0.7
0.675
0.615
0.53
0.5
0.505
0.55
0.55
0.56
0.555
0.51
0.52
0.49
0.415
0.33
0.31
0.3
0.175
0.18
0.235
0.13
0.025
-0.01
-0.065
-0.035
-0.035
0.01
0.135
0.215
0.19
0.115
0.13
0.11
0.09
0.1
0.08
0.02
0.08
0.025
0.045
0.005
0.005
0.005
0.01
-0.025
-0.035
-0.125
-0.14
-0.185
-0.165
-0.145
-0.165
-0.185
-0.22
-0.235
-0.3
-0.31
-0.325
-0.355
-0.445
-0.415
-0.375
-0.385
-0.38
-0.335
-0.355
-0.4
-0.485
-0.465
-0.54
-0.615
-0.63
-0.65
-0.665
-0.705
-0.77
-0.69
-0.72
-0.775
-0.765
-0.765
-0.765
-0.755
-0.805
-0.765
-0.725
-0.685
-0.72
-0.65
-0.72
-0.73
-0.73
-0.74
-0.745
-0.71
-0.6
-0.58
-0.585
-0.55
-0.555
-0.55
-0.575
-0.655
-0.58
-0.66
-0.635
-0.705
-0.755
-0.75
-0.72
-0.64
-0.705
-0.705
-0.715
-0.735
-0.76
-0.745
-0.705
-0.74
-0.815
-0.89
-0.825
-0.81
-0.815
-0.81
-0.83
-0.795
-0.765
-0.655
-0.69
-0.745
-0.79
-0.79
-0.775
-0.81
-0.835
-0.86
-0.825
-0.85
-0.76
-0.745
-0.78
-0.81
-0.81
-0.795
-0.775
-0.765
-0.665
-0.685
-0.725
-0.745
-0.72
-0.83
-0.75
-0.69
-0.635
-0.51
-0.51
-0.625
-0.61
-0.645
-0.63
-0.6
-0.66
-0.725
-0.77
-0.715
-0.7
-0.65
-0.74
-0.69
-0.66
-0.66
-0.645
-0.59
-0.54
-0.545
-0.57
-0.59
-0.53
-0.54
-0.525
-0.485
-0.595
-0.505
-0.47
-0.48
-0.49
-0.48
-0.51
-0.575
-0.41
-0.42
-0.37
-0.315
-0.275
-0.27
-0.26
-0.195
-0.265
-0.18
-0.17
-0.31
-0.3
-0.31
-0.33
-0.38
-0.435
-0.45
-0.415
-0.52
-0.455
-0.425
-0.41
-0.32
-0.345
-0.44
-0.52
-0.58
-0.595
-0.585
-0.585
-0.55
-0.59
-0.6
-0.605
-0.54
-0.535
-0.5
-0.57
-0.54
-0.52
-0.565
-0.535
-0.465
-0.495
-0.565
-0.56
-0.585
-0.55
-0.54
-0.56
-0.555
-0.61
-0.64
-0.695
-0.605
-0.615
-0.67
-0.7
-0.66
-0.68
-0.68
-0.65
-0.64
-0.64
-0.7
-0.71
-0.705
-0.705
-0.775
-0.715
-0.665
-0.72
-0.695
-0.64
-0.5
-0.5
-0.52
-0.48
-0.53
-0.425
-0.385
-0.4
-0.505
-0.41
-0.39
-0.405
-0.515
-0.54
-0.5
-0.465
-0.44
-0.415
-0.39
-0.375
-0.34
-0.4
-0.385
-0.38
-0.51
-0.47
-0.55
-0.575
-0.575
-0.53
-0.495
-0.505
-0.6
-0.555
-0.615
-0.63
-0.665
-0.615
-0.645
-0.675
-0.665
-0.655
-0.635
-0.655
-0.655
-0.65
-0.635
-0.715
-0.755
-0.8
-0.89
-0.845
-0.775
-0.8
-0.72
-0.715
-0.75
-0.7
-0.67
-0.67
-0.715
-0.695
-0.625
-0.565
-0.52
-0.625
-0.605
-0.615
-0.635
-0.645
-0.685
-0.585
-0.68
-0.685
-0.635
-0.62
-0.52
-0.515
-0.52
-0.41
-0.41
-0.5
-0.52
-0.57
-0.565
-0.52
-0.52
-0.52
-0.53
-0.515
-0.505
-0.5
-0.49
-0.465
-0.5
-0.525
-0.545
-0.58
-0.56
-0.5
-0.47
-0.52
-0.585
-0.57
-0.605
-0.605
-0.57
-0.59
-0.635
-0.605
-0.585
-0.45
-0.515
-0.505
-0.57
-0.615
-0.695
-0.705
-0.7
-0.645
-0.65
-0.63
-0.59
-0.635
-0.56
-0.69
-0.695
-0.745
-0.77
-0.83
-0.89
-0.9
-0.9
-0.87
-0.83
-0.75
-0.765
-0.765
-0.775
-0.845
-0.795
-0.88
-0.835
-0.79
-0.885
-0.915
-0.925
-0.865
-0.825
-0.82
-0.81
-0.805
-0.85
-0.835
-0.85
-0.81
-0.87
-0.89
-0.83
-0.785
-0.8
-0.76
-0.73
-0.755
-0.795
-0.785
-0.69
-0.695
-0.59
-0.66
-0.625
-0.695
-0.63
-0.575
-0.53
-0.6
-0.46
-0.495
-0.47
-0.52
-0.47
-0.5
-0.49
-0.46
-0.495
-0.51
-0.455
-0.395
-0.435
-0.48
-0.495
-0.53
-0.57
-0.525
-0.49
-0.515
-0.55
-0.53
-0.505
-0.555
-0.585
-0.545
-0.52
-0.58
-0.535
-0.455
-0.495
-0.505
-0.445
-0.435
-0.505
-0.48
-0.5
-0.485
-0.51
-0.545
-0.44
-0.45
-0.38
-0.37
-0.325
-0.33
-0.25
-0.215
-0.21
-0.215
-0.185
-0.205
-0.29
-0.245
-0.38
-0.27
-0.255
-0.215
-0.23
-0.315
-0.3
-0.285
-0.21
-0.255
-0.23
-0.205
-0.185
-0.16
-0.13
-0.17
-0.245
-0.28
-0.315
-0.315
-0.27
-0.24
-0.225
-0.225
-0.14
-0.14
-0.275
-0.175
-0.235
-0.245
-0.255
-0.215
-0.24
-0.22
-0.225
-0.235
-0.17
-0.24
-0.24
-0.145
-0.085
-0.155
-0.23
-0.25
-0.265
-0.245
-0.245
-0.25
-0.19
-0.215
-0.23
-0.215
-0.26
-0.255
-0.16
-0.215
-0.2
-0.16
-0.145
-0.1
-0.045
-0.06
-0.035
-0.005
-0.005
-0.03
0.01
-0.025
-0.025
0.02
0.04
-0.015
-0.11
-0.125
-0.135
-0.25
-0.21
-0.15
-0.18
-0.16
-0.125
-0.15
-0.115
-0.13
-0.12
-0.04
-0.03
0.015
-0.035
-0.05
-0.035
0
0.045
-0.085
-0.15
-0.09
-0.045
-0.01
0.055
0.05
0.05
0.04
0.05
0.015
0.075
0.07
-0.015
0.035
0.005
0.11
0.08
0.1
0.12
0.145
0.2
0.28
0.225
0.22
0.275
0.245
0.22
0.17
0.075
0.095
0.125
0.135
0.115
0.16
0.25
0.24
0.105
0.145
0.07
-0.055
-0.075
0.075
0.075
0.065
0.07
0.07
0
0.06
0.185
0.255
0.235
0.245
0.2
0.195
0.325
0.305
0.24
0.29
0.25
0.22
0.235
0.21
0.15
0.23
0.295
0.21
0.085
0.18
0.235
0.325
0.36
0.275
0.285
0.3
0.265
0.2
0.125
0.14
0.125
0.105
0.135
0.07
0.005
0.1
0.025
0.045
0.075
-0.015
0.025
-0.125
-0.22
-0.185
-0.165
-0.03
-0.005
0.045
0.045
0.025
0.11
0.165
0.185
0.155
0.16
0.17
0.21
0.165
0.09
0.16
0.13
0.12
0.06
0.075
0.03
0.01
-0.055
-0.01
-0.005
-0.09
-0.04
0.045
0.07
-0.01
-0.045
-0.085
-0.01
-0.03
0.025
0.04
0
0.04
0.025
0.065
0.055
0.1
0.08
0.08
0.045
0.025
0.08
0.02
0.07
0.015
-0.015
0.025
-0.025
-0.08
-0.125
-0.055
-0.04
-0.03
0.025
0.01
0.005
-0.105
-0.135
-0.095
-0.05
-0.01
0.125
0.07
0.045
0.005
0.035
-0.06
-0.015
0.035
0.07
0.07
0.095
0.1
0.065
0.145
0.095
0.15
0.175
0.235
0.26
0.23
0.245
0.25
0.185
0.18
0.11
0.135
0.21
0.21
0.175
0.18
0.18
0.18
0.095
0.125
0.135
0.05
-0.06
0.01
-0.09
-0.09
-0.095
-0.07
-0.09
-0.165
-0.25
-0.31
-0.36
-0.28
-0.15
-0.205
-0.25
-0.295
-0.255
-0.155
-0.185
-0.01
0.045
0.09
0.11
0.09
0.005
-0.045
-0.04
0.015
0.035
-0.06
-0.095
-0.04
-0.075
-0.07
-0.095
-0.08
-0.06
-0.04
-0.09
-0.125
-0.21
-0.19
-0.265
-0.22
-0.315
-0.275
-0.24
-0.28
-0.35
-0.335
-0.355
-0.365
-0.36
-0.325
-0.31
-0.36
-0.355
-0.345
-0.385
-0.375
-0.35
-0.32
-0.265
-0.29
-0.325
-0.33
-0.32
-0.26
-0.205
-0.26
-0.285
-0.27
-0.265
-0.275
-0.245
-0.25
-0.37
-0.395
-0.455
-0.43
-0.405
-0.35
-0.405
-0.37
-0.44
-0.46
-0.435
-0.41
-0.365
-0.29
-0.295
-0.24
-0.2
-0.2
-0.24
-0.255
-0.245
-0.27
-0.255
-0.26
-0.285
-0.3
-0.405
-0.415
-0.465
-0.42
-0.38
-0.335
-0.295
-0.39
-0.42
-0.465
-0.35
-0.36
-0.3
-0.36
-0.375
-0.38
-0.38
-0.345
-0.37
-0.46
-0.41
-0.4
-0.465
-0.53
-0.55
-0.56
-0.525
-0.53
-0.455
-0.375
-0.37
-0.37
-0.375
-0.41
-0.42
-0.43
-0.415
-0.435
-0.52
-0.51
-0.525
-0.53
-0.465
-0.46
-0.53
-0.555
-0.415
-0.475
-0.535
-0.545
-0.445
-0.44
-0.645
-0.645
-0.68
-0.65
-0.64
-0.575
-0.6
-0.64
-0.645
-0.7
-0.745
-0.68
-0.675
-0.65
-0.635
-0.71
-0.695
-0.6
-0.55
-0.565
-0.59
-0.565
-0.66
-0.68
-0.715
-0.675
-0.67
-0.64
-0.675
-0.695
-0.73
-0.78
-0.71
-0.705
-0.695
-0.615
-0.69
-0.605
-0.665
-0.605
-0.55
-0.545
-0.625
-0.655
-0.65
-0.68
-0.745
-0.735
-0.745
-0.75
-0.77
-0.8
-0.755
-0.75
-0.745
-0.735
-0.73
-0.73
-0.72
-0.685
-0.67
-0.69
-0.665
-0.71
-0.68
-0.715
-0.68
-0.73
-0.715
-0.73
-0.65
-0.7
-0.755
-0.775
-0.725
-0.655
-0.64
-0.63
-0.645
-0.595
-0.67
-0.595
-0.62
-0.65
-0.65
-0.61
-0.57
-0.49
-0.565
-0.5
-0.475
-0.49
-0.545
-0.52
-0.54
-0.585
-0.505
-0.575
-0.56
-0.475
-0.47
-0.36
-0.345
-0.225
-0.115
-0.17
-0.15
-0.315
-0.235
-0.145
-0.185
-0.21
-0.235
-0.255
-0.26
-0.215
-0.255
-0.225
-0.2
-0.175
-0.055
-0.075
-0.02
0
0.045
-0.13
-0.13
-0.11
-0.045
-0.085
-0.13
-0.135
-0.19
-0.165
-0.14
-0.075
-0.19
-0.225
-0.125
-0.1
-0.12
-0.075
0.035
0.085
0.11
0.02
0.045
0.055
0.18
0.17
0.18
0.19
0.11
-0.02
0.07
0.165
0.19
0.2
0.24
0.195
0.09
0.115
0.105
0.06
0.09
0.14
0.09
0.17
0.155
0.195
0.17
0.185
0.27
0.32
0.35
0.365
0.35
0.3
0.315
0.29
0.245
0.215
0.27
0.255
0.315
0.24
0.285
0.24
0.175
0.175
0.185
0.16
0.16
0.04
0.045
0.02
-0.075
0.005
-0.05
-0.095
-0.16
-0.21
-0.29
-0.325
-0.35
-0.295
-0.28
-0.175
-0.195
-0.22
-0.185
-0.19
-0.155
-0.075
-0.095
-0.115
-0.105
-0.075
-0.155
-0.05
-0.09
-0.12
-0.02
-0.075
-0.065
0.04
0.03
0.035
0.015
0.04
-0.005
0.04
-0.04
-0.09
-0.025
-0.01
0.02
0.005
-0.02
-0.06
-0.07
-0.02
0.035
0.035
0.06
0.025
0.055
0.005
0.125
0.12
0.13
0.115
0.25
0.18
0.145
0.14
0.115
0.115
0.12
0.085
0.155
0.195
0.17
0.135
0.11
0.155
0.08
0.05
-0.035
-0.06
-0.14
-0.085
-0.04
-0.07
-0.145
-0.09
-0.04
-0.065
-0.045
-0.045
0.035
0.13
0.16
0.15
0.21
0.165
0.1
-0.005
-0.015
-0.015
-0.015
0.025
-0.025
0.075
0.115
0.08
0.08
0.01
0.015
0.135
0.125
0.14
0.08
0.14
0.175
0.14
-0.015
-0.03
0.025
0.005
0.01
-0.015
-0.07
-0.045
0.015
0.035
-0.04
-0.045
-0.035
-0.03
0
0.065
0.12
0.11
0.08
0.05
0.115
0.135
0.11
0.125
0.11
0.045
0.105
0.095
0.075
0
-0.005
-0.065
-0.09
-0.105
-0.075
-0.12
-0.165
-0.2
-0.145
-0.255
-0.32
-0.4
-0.475
-0.56
-0.555
-0.58
-0.455
-0.415
-0.43
-0.495
-0.475
-0.505
-0.52
-0.555
-0.58
-0.535
-0.55
-0.465
-0.46
-0.52
-0.565
-0.515
-0.495
-0.48
-0.595
-0.685
-0.735
-0.755
-0.73
-0.755
-0.755
-0.76
-0.77
-0.82
-0.76
-0.77
-0.73
-0.725
-0.64
-0.715
-0.735
-0.7
-0.64
-0.66
-0.71
-0.67
-0.79
-0.76
-0.765
-0.72
-0.695
-0.61
-0.565
-0.635
-0.605
-0.565
-0.61
-0.545
-0.55
-0.555
-0.545
-0.495
-0.47
-0.43
-0.515
-0.54
-0.565
-0.535
-0.5
-0.52
-0.57
-0.58
-0.535
-0.51
-0.41
-0.355
-0.315
-0.355
-0.335
-0.375
-0.365
-0.435
-0.43
-0.37
-0.3
-0.3
-0.295
-0.27
-0.22
-0.295
-0.34
-0.38
-0.39
-0.4
-0.44
-0.455
-0.36
-0.43
-0.465
-0.41
-0.435
-0.41
-0.465
-0.505
-0.45
-0.54
-0.58
-0.655
-0.68
-0.72
-0.77
-0.775
-0.765
-0.76
-0.72
-0.695
-0.765
-0.75
-0.8
-0.82
-0.85
-0.83
-0.81
-0.84
-0.89
-0.87
-0.92
-0.93
-0.85
-0.825
-0.825
-0.795
-0.805
-0.765
-0.795
-0.78
-0.74
-0.655
-0.615
-0.615
-0.56
-0.585
-0.56
-0.47
-0.515
-0.49
-0.565
-0.565
-0.575
-0.5
-0.45
-0.335
-0.38
-0.33
-0.33
-0.27
-0.18
-0.225
-0.245
-0.255
-0.225
-0.23
-0.15
-0.085
-0.105
-0.065
-0.045
-0.075
-0.035
-0.04
-0.035
-0.03
0.025
0.02
0.06
0.07
0.095
0.125
0.125
0.065
0.065
0.09
0.085
-0.02
0.06
0.085
0.09
0.035
-0.045
-0.045
-0.03
-0.11
-0.225
-0.215
-0.295
-0.305
-0.25
-0.275
-0.29
-0.3
-0.25
-0.215
-0.205
-0.165
-0.14
-0.195
-0.22
-0.21
-0.285
-0.25
-0.23
-0.265
-0.27
-0.215
-0.245
-0.275
-0.36
-0.325
-0.35
-0.31
-0.215
-0.255
-0.24
-0.245
-0.24
-0.28
-0.325
-0.43
-0.34
-0.33
-0.355
-0.375
-0.355
-0.42
-0.435
-0.38
-0.365
-0.36
-0.405
-0.425
-0.39
-0.385
-0.435
-0.485
-0.475
-0.525
-0.465
-0.395
-0.4
-0.39
-0.415
-0.375
-0.35
-0.46
-0.455
-0.535
-0.525
-0.52
-0.56
-0.635
-0.625
-0.59
-0.535
-0.53
-0.575
-0.55
-0.675
-0.68
-0.67
-0.695
-0.68
-0.71
-0.725
-0.745
-0.74
-0.74
-0.705
-0.72
-0.68
-0.76
-0.71
-0.685
-0.715
-0.74
-0.655
-0.73
-0.755
-0.67
-0.63
-0.655
-0.645
-0.695
-0.695
-0.765
-0.765
-0.74
-0.725
-0.735
-0.73
-0.77
-0.82
-0.855
-0.825
-0.815
-0.77
-0.84
-0.84
-0.79
-0.83
-0.8
-0.87
-0.83
-0.78
-0.68
-0.71
-0.7
-0.68
-0.685
-0.74
-0.775
-0.83
-0.82
-0.795
-0.835
-0.835
-0.895
-0.89
-0.84
-0.85
-0.825
-0.835
-0.82
-0.8
-0.745
-0.77
-0.72
-0.71
-0.69
-0.77
-0.715
-0.605
-0.65
-0.625
-0.545
-0.54
-0.63
-0.575
-0.59
-0.535
-0.455
-0.445
-0.39
-0.36
-0.335
-0.335
-0.315
-0.33
-0.275
-0.275
-0.275
-0.245
-0.16
-0.105
-0.07
-0.045
-0.015
0.115
0.13
0.095
0.075
0.09
0.235
0.22
0.09
0.06
0.065
0.145
0.065
-0.05
-0.09
-0.08
-0.025
-0.015
-0.01
0.15
0.13
0.24
0.255
0.18
0.13
0.05
0.035
0.06
0.1
0.1
0.115
0.09
-0.045
-0.1
-0.075
0.075
0.125
0.155
0.2
0.22
0.105
0.03
-0.055
0.005
0.055
0.05
0.09
0.12
0
-0.115
-0.11
-0.14
-0.155
-0.205
-0.2
-0.24
-0.275
-0.245
-0.305
-0.28
-0.305
-0.335
-0.26
-0.27
-0.22
-0.315
-0.4
-0.445
-0.485
-0.455
-0.355
-0.345
-0.24
-0.275
-0.275
-0.31
-0.3
-0.33
-0.365
-0.34
-0.215
-0.25
-0.31
-0.365
-0.325
-0.3
-0.33
-0.335
-0.39
-0.345
-0.335
-0.375
-0.415
-0.445
-0.53
-0.55
-0.53
-0.49
-0.45
-0.485
-0.505
-0.56
-0.525
-0.52
-0.585
-0.565
-0.595
-0.61
-0.495
-0.535
-0.495
-0.55
-0.555
-0.465
-0.445
-0.47
-0.54
-0.575
-0.625
-0.67
-0.62
-0.57
-0.6
-0.565
-0.65
-0.575
-0.58
-0.475
-0.465
-0.385
-0.3
-0.25
-0.24
-0.165
-0.15
-0.125
-0.14
-0.205
-0.185
-0.165
-0.14
-0.105
0.02
0.065
-0.015
-0.04
-0.105
-0.135
-0.185
-0.055
-0.145
-0.23
-0.34
-0.395
-0.38
-0.295
-0.32
-0.325
-0.4
-0.335
-0.28
-0.225
-0.225
-0.18
-0.23
-0.245
-0.3
-0.22
-0.255
-0.245
-0.275
-0.29
-0.255
-0.215
-0.205
-0.16
-0.195
-0.14
-0.23
-0.24
-0.19
-0.25
-0.255
-0.19
-0.21
-0.21
-0.2
-0.31
-0.355
-0.405
-0.385
-0.375
-0.34
-0.405
-0.33
-0.33
-0.36
-0.305
-0.41
-0.475
-0.525
-0.405
-0.38
-0.43
-0.38
-0.425
-0.435
-0.53
-0.57
-0.495
-0.5
-0.545
-0.6
-0.64
-0.655
-0.665
-0.67
-0.695
-0.72
-0.73
-0.74
-0.685
-0.74
-0.78
-0.735
-0.785
-0.8
-0.825
-0.805
-0.77
-0.75
-0.84
-0.78
-0.785
-0.74
-0.655
-0.635
-0.6
-0.565
-0.495
-0.44
-0.505
-0.49
-0.48
-0.5
-0.485
-0.495
-0.525
-0.55
-0.53
-0.59
-0.59
-0.595
-0.48
-0.435
-0.355
-0.43
-0.39
-0.46
-0.425
-0.385
-0.4
-0.43
-0.47
-0.51
-0.485
-0.48
-0.525
-0.525
-0.505
-0.565
-0.57
-0.56
-0.595
-0.63
-0.665
-0.61
-0.615
-0.555
-0.55
-0.545
-0.52
-0.56
-0.45
-0.545
-0.655
-0.69
-0.695
-0.63
-0.7
-0.725
-0.68
-0.69
-0.66
-0.74
-0.805
-0.84
-0.825
-0.855
-0.85
-0.88
-0.87
-0.86
-0.855
-0.81
-0.755
-0.685
-0.72
-0.715
-0.66
-0.665
-0.65
-0.69
-0.69
-0.705
-0.695
-0.685
-0.7
-0.75
-0.72
-0.705
-0.78
-0.775
-0.77
-0.795
-0.815
-0.84
-0.865
-0.79
-0.825
-0.75
-0.69
-0.7
-0.75
-0.75
-0.77
-0.75
-0.715
-0.72
-0.745
-0.75
-0.71
-0.76
-0.855
-0.84
-0.79
-0.725
-0.715
-0.6
-0.535
-0.63
-0.63
-0.53
-0.565
-0.535
-0.52
-0.505
-0.515
-0.515
-0.58
-0.56
-0.49
-0.435
-0.415
-0.45
-0.465
-0.575
-0.545
-0.52
-0.42
-0.365
-0.46
-0.47
-0.405
-0.33
-0.325
-0.325
-0.215
-0.165
-0.18
-0.12
-0.065
-0.035
-0.07
-0.035
-0.105
-0.11
-0.06
0
0.025
0.035
0.07
0.015
0.09
0.03
0.07
0.145
0.195
0.295
0.215
0.235
0.165
0.245
0.2
0.245
0.27
0.215
0.17
0.2
0.205
0.155
0.125
0.09
0.125
0.19
0.225
0.25
0.27
0.335
0.44
0.455
0.525
0.425
0.465
0.435
0.385
0.36
0.335
0.38
0.41
0.575
0.58
0.635
0.585
0.585
0.625
0.71
0.74
0.73
0.72
0.765
0.715
0.765
0.69
0.745
0.715
0.715
0.73
0.705
0.635
0.665
0.71
0.75
0.72
0.83
0.83
0.83
0.86
0.835
0.865
0.855
0.815
0.78
0.77
0.8
0.77
0.78
0.785
0.78
0.745
0.72
0.705
0.73
0.7
0.79
0.825
0.82
0.8
0.715
0.705
0.66
0.62
0.62
0.595
0.655
0.53
0.45
0.485
0.545
0.485
0.445
0.465
0.43
0.465
0.365
0.305
0.335
0.35
0.33
0.35
0.32
0.37
0.28
0.315
0.385
0.315
0.23
0.285
0.29
0.26
0.155
0.155
0.17
0.16
0.2
0.14
0.21
0.11
0.075
0.115
0.14
0.2
0.255
0.375
0.4
0.355
0.32
0.35
0.33
0.335
0.305
0.255
0.3
0.275
0.335
0.415
0.385
0.275
0.38
0.445
0.44
0.515
0.535
0.485
0.47
0.425
0.39
0.395
0.34
0.37
0.415
0.445
0.455
0.46
0.575
0.585
0.535
0.57
0.61
0.675
0.655
0.61
0.605
0.6
0.635
0.705
0.69
0.65
0.66
0.665
0.705
0.645
0.635
0.65
0.745
0.74
0.78
0.72
0.74
0.8
0.83
0.83
0.79
0.77
0.775
0.76
0.71
0.605
0.605
0.57
0.565
0.64
0.605
0.635
0.615
0.585
0.55
0.565
0.56
0.605
0.485
0.58
0.64
0.69
0.73
0.715
0.725
0.75
0.7
0.725
0.745
0.775
0.755
0.71
0.71
0.755
0.7
0.78
0.72
0.735
0.705
0.635
0.515
0.53
0.625
0.625
0.555
0.535
0.57
0.56
0.58
0.515
0.545
0.465
0.51
0.51
0.61
0.59
0.605
0.62
0.59
0.615
0.68
0.695
0.735
0.705
0.725
0.785
0.7
0.73
0.76
0.77
0.81
0.84
0.85
0.85
0.855
0.86
0.83
0.83
0.84
0.795
0.82
0.78
0.805
0.815
0.77
0.795
0.795
0.84
0.83
0.805
0.83
0.865
0.825
0.77
0.73
0.74
0.725
0.77
0.78
0.735
0.755
0.785
0.79
0.825
0.8
0.805
0.73
0.735
0.73
0.675
0.665
0.66
0.625
0.605
0.61
0.625
0.62
0.63
0.605
0.575
0.51
0.53
0.565
0.62
0.65
0.68
0.705
0.665
0.68
0.675
0.63
0.575
0.575
0.62
0.57
0.595
0.575
0.56
0.545
0.595
0.59
0.54
0.475
0.505
0.49
0.425
0.4
0.4
0.425
0.44
0.38
0.395
0.41
0.46
0.515
0.49
0.535
0.555
0.6
0.565
0.465
0.51
0.54
0.475
0.425
0.495
0.5
0.4
0.3
0.255
0.27
0.265
0.305
0.225
0.23
0.29
0.33
0.27
0.265
0.295
0.27
0.28
0.26
0.265
0.325
0.235
0.27
0.37
0.4
0.365
0.355
0.465
0.51
0.535
0.54
0.535
0.545
0.555
0.55
0.545
0.56
0.55
0.59
0.59
0.62
0.555
0.625
0.7
0.655
0.67
0.65
0.63
0.645
0.535
0.565
0.625
0.62
0.715
0.68
0.71
0.73
0.685
0.615
0.575
0.58
0.6
0.67
0.635
0.67
0.625
0.61
0.6
0.535
0.52
0.48
0.43
0.5
0.57
0.545
0.555
0.595
0.535
0.57
0.53
0.555
0.57
0.585
0.465
0.35
0.285
0.325
0.4
0.305
0.345
0.225
0.18
0.25
0.295
0.23
0.23
0.24
0.215
0.22
0.25
0.26
0.265
0.15
0.17
0.23
0.38
0.41
0.485
0.455
0.475
0.375
0.375
0.24
0.275
0.235
0.185
0.225
0.19
0.135
0.2
0.13
0.075
-0.035
-0.035
-0.1
-0.12
-0.055
-0.085
-0.085
-0.075
0.005
0
-0.065
0.02
-0.01
-0.05
-0.065
-0.095
-0.07
-0.115
-0.11
-0.025
0.08
0.03
0.035
0.075
0.01
-0.06
-0.045
-0.07
-0.115
-0.085
-0.055
-0.07
-0.06
-0.125
-0.01
-0.03
-0.085
-0.05
0.01
0.04
-0.015
0.025
0.035
0
0.06
-0.025
-0.065
-0.07
-0.155
-0.17
-0.1
-0.145
-0.105
-0.13
-0.13
-0.08
-0.125
0
-0.01
-0.04
-0.04
-0.025
0.06
0.02
0.02
0.06
0.18
0.215
0.145
0.165
0.095
0.08
0.07
0.085
0.075
-0.105
-0.125
-0.155
-0.17
-0.12
-0.165
-0.125
-0.13
-0.11
-0.14
-0.09
-0.095
-0.1
-0.15
-0.255
-0.21
-0.14
-0.15
-0.165
-0.175
-0.19
-0.235
-0.26
-0.18
-0.025
0.04
-0.05
-0.115
-0.14
-0.16
-0.125
-0.145
-0.11
-0.045
0.005
0.025
0.01
0.03
0.075
0.125
0.21
0.195
0.155
0.115
0.17
0.145
0.215
0.095
0.11
0.09
0.035
0.07
0.03
0.055
0.1
0.065
0.11
0.005
0.08
-0.02
0
-0.135
-0.07
0.045
0.135
0.145
0.165
0.135
0.13
0.095
0.11
0.16
0.225
0.165
0.125
0.075
0.16
0.21
0.21
0.135
0.15
0.09
0.145
0.08
0.08
0.115
0.165
0.215
0.26
0.255
0.195
0.19
0.28
0.315
0.265
0.285
0.27
0.235
0.28
0.215
0.185
0.17
0.135
0.24
0.26
0.3
0.285
0.31
0.43
0.465
0.43
0.485
0.495
0.54
0.525
0.475
0.495
0.495
0.56
0.58
0.585
0.59
0.58
0.565
0.535
0.61
0.65
0.585
0.59
0.555
0.58
0.575
0.61
0.655
0.675
0.665
0.59
0.665
0.695
0.66
0.65
0.655
0.615
0.65
0.59
0.565
0.52
0.52
0.63
0.63
0.61
0.565
0.545
0.55
0.605
0.63
0.62
0.655
0.69
0.675
0.67
0.65
0.67
0.725
0.76
0.735
0.785
0.77
0.795
0.725
0.76
0.715
0.8
0.785
0.76
0.71
0.755
0.77
0.845
0.85
0.815
0.855
0.765
0.725
0.735
0.69
0.665
0.64
0.49
0.51
0.495
0.5
0.56
0.52
0.565
0.56
0.59
0.59
0.62
0.58
0.575
0.645
0.69
0.675
0.685
0.695
0.67
0.65
0.69
0.69
0.72
0.66
0.635
0.745
0.78
0.7
0.725
0.705
0.76
0.735
0.69
0.68
0.695
0.655
0.675
0.67
0.78
0.805
0.765
0.79
0.845
0.875
0.815
0.86
0.86
0.835
0.86
0.87
0.82
0.795
0.76
0.725
0.755
0.745
0.775
0.74
0.745
0.715
0.675
0.675
0.605
0.645
0.685
0.725
0.71
0.775
0.81
0.815
0.81
0.785
0.775
0.755
0.735
0.765
0.775
0.75
0.785
0.825
0.755
0.79
0.825
0.77
0.675
0.71
0.75
0.75
0.775
0.705
0.72
0.705
0.745
0.69
0.62
0.66
0.555
0.6
0.585
0.55
0.555
0.555
0.59
0.62
0.6
0.575
0.56
0.55
0.595
0.58
0.59
0.565
0.56
0.54
0.485
0.545
0.49
0.445
0.475
0.455
0.515
0.485
0.535
0.465
0.45
0.39
0.32
0.36
0.325
0.31
0.335
0.245
0.275
0.26
0.25
0.335
0.295
0.3
0.285
0.3
0.325
0.29
0.285
0.195
0.175
0.18
0.085
0.09
0.15
0.2
0.19
0.185
0.16
0.2
0.205
0
0.015
0.03
0.075
0.09
0.095
0.19
0.22
0.26
0.325
0.385
0.415
0.345
0.325
0.35
0.43
0.37
0.355
0.28
0.15
0.22
0.185
0.16
0.26
0.255
0.29
0.295
0.265
0.27
0.265
0.205
0.19
0.24
0.18
0.21
0.135
0.08
0.07
0.08
0.155
0.185
0.15
0.2
0.195
0.18
0.2
0.19
0.185
0.14
0.22
0.18
0.155
0.22
0.22
0.24
0.17
0.24
0.245
0.25
0.24
0.15
0.175
0.215
0.175
0.25
0.295
0.315
0.29
0.275
0.35
0.355
0.285
0.24
0.225
0.215
0.23
0.19
0.265
0.23
0.28
0.245
0.325
0.285
0.31
0.305
0.255
0.25
0.25
0.245
0.195
0.125
0.165
0.125
0.14
0.12
0.025
-0.12
-0.135
-0.13
-0.09
-0.06
-0.125
-0.205
-0.195
-0.155
-0.095
-0.01
0.005
0.075
0.125
0.165
0.08
0.135
0.135
0.18
0.155
0.17
0.27
0.295
0.25
0.265
0.315
0.24
0.225
0.235
0.23
0.23
0.25
0.18
0.25
0.28
0.26
0.3
0.29
0.315
0.355
0.31
0.175
0.14
0.225
0.25
0.3
0.27
0.215
0.235
0.15
0.265
0.245
0.33
0.3
0.345
0.395
0.42
0.365
0.425
0.3
0.275
0.26
0.245
0.27
0.305
0.23
0.245
0.25
0.255
0.21
0.095
0.065
0.045
0.05
0.065
0.065
0.025
-0.12
-0.135
-0.205
-0.185
-0.23
-0.24
-0.28
-0.22
-0.14
-0.135
-0.025
-0.015
-0.07
-0.03
-0.015
-0.105
-0.11
-0.145
-0.19
-0.315
-0.36
-0.305
-0.335
-0.29
-0.24
-0.26
-0.125
-0.215
-0.195
-0.205
-0.225
-0.265
-0.27
-0.17
-0.105
-0.025
-0.045
-0.08
-0.055
-0.045
0.03
0.03
0.105
0.155
0.29
0.305
0.305
0.31
0.255
0.29
0.375
0.37
0.43
0.375
0.36
0.365
0.315
0.335
0.31
0.32
0.395
0.385
0.415
0.375
0.38
0.38
0.26
0.195
0.17
0.19
0.15
0.14
0.08
0.045
-0.01
0.01
0.05
-0.05
-0.025
-0.085
-0.125
-0.145
-0.16
-0.335
-0.3
-0.315
-0.34
-0.365
-0.335
-0.275
-0.22
-0.22
-0.15
-0.255
-0.22
-0.195
-0.15
-0.1
-0.07
-0.07
-0.15
-0.175
-0.145
-0.25
-0.205
-0.18
-0.24
-0.255
-0.27
-0.32
-0.315
-0.3
-0.365
-0.4
-0.4
-0.49
-0.525
-0.55
-0.595
-0.655
-0.59
-0.58
-0.44
-0.515
-0.53
-0.48
-0.54
-0.43
-0.42
-0.4
-0.44
-0.39
-0.35
-0.295
-0.31
-0.365
-0.38
-0.395
-0.39
-0.36
-0.4
-0.345
-0.36
-0.345
-0.305
-0.33
-0.355
-0.335
-0.375
-0.31
-0.3
-0.29
-0.26
-0.27
-0.36
-0.41
-0.45
-0.46
-0.5
-0.425
-0.36
-0.395
-0.29
-0.165
-0.295
-0.255
-0.255
-0.24
-0.245
-0.17
-0.135
-0.19
-0.22
-0.21
-0.23
-0.215
-0.2
-0.16
-0.155
-0.22
-0.185
-0.2
-0.21
-0.12
-0.145
-0.225
-0.205
-0.15
-0.12
-0.085
-0.145
-0.135
-0.1
-0.12
-0.12
-0.13
-0.165
-0.145
-0.14
-0.19
-0.165
-0.165
-0.165
-0.165
-0.06
-0.08
-0.135
-0.085
-0.02
-0.04
-0.11
-0.09
-0.11
-0.16
-0.12
-0.16
-0.045
0.06
-0.015
0.01
-0.025
-0.025
-0.025
-0.05
-0.1
-0.155
-0.245
-0.21
-0.24
-0.315
-0.29
-0.275
-0.325
-0.3
-0.39
-0.27
-0.265
-0.255
-0.275
-0.19
-0.19
-0.145
-0.13
-0.06
-0.08
-0.03
0
0.05
0.08
0.125
0.115
0.05
0.025
-0.05
-0.03
0.015
0.04
-0.01
0.005
0.08
0.105
0.175
0.195
0.195
0.22
0.145
0.205
0.19
0.25
0.18
0.165
0.215
0.195
0.18
0.075
0.105
0.11
0.035
0.02
-0.04
0.025
0.095
0.12
0.085
0.165
0.075
0.1
0.11
0.195
0.17
0.125
0.115
0.15
0.185
0.155
0.215
0.22
0.215
0.27
0.325
0.305
0.375
0.39
0.425
0.395
0.39
0.42
0.425
0.43
0.42
0.365
0.37
0.415
0.52
0.48
0.525
0.565
0.625
0.635
0.645
0.71
0.67
0.745
0.81
0.79
0.775
0.79
0.79
0.77
0.68
0.695
0.735
0.765
0.715
0.72
0.62
0.695
0.665
0.56
0.52
0.55
0.53
0.565
0.535
0.575
0.57
0.6
0.565
0.64
0.68
0.67
0.78
0.76
0.675
0.63
0.7
0.825
0.82
0.85
0.815
0.8
0.73
0.685
0.69
0.7
0.605
0.645
0.71
0.685
0.745
0.695
0.695
0.67
0.61
0.62
0.595
0.625
0.615
0.645
0.68
0.7
0.74
0.685
0.605
0.665
0.645
0.625
0.67
0.645
0.68
0.67
0.61
0.585
0.495
0.455
0.515
0.47
0.375
0.44
0.45
0.37
0.465
0.56
0.56
0.56
0.585
0.645
0.625
0.63
0.565
0.59
0.65
0.67
0.73
0.805
0.755
0.72
0.675
0.67
0.545
0.48
0.495
0.39
0.4
0.38
0.335
0.245
0.26
0.385
0.405
0.425
0.355
0.35
0.315
0.275
0.3
0.35
0.4
0.425
0.395
0.41
0.285
0.26
0.19
0.135
0.065
-0.03
-0.025
0
-0.06
-0.115
-0.085
-0.09
-0.13
-0.12
-0.145
-0.175
-0.215
-0.31
-0.275
-0.3
-0.315
-0.17
-0.215
-0.185
-0.155
-0.2
-0.275
-0.28
-0.215
-0.16
-0.165
-0.125
0.01
0.045
0.01
-0.04
-0.055
-0.065
-0.04
-0.02
-0.09
-0.01
-0.035
0.01
0.02
0.015
-0.025
-0.02
0.105
0.015
-0.05
-0.02
0.02
-0.07
-0.06
-0.025
-0.035
0
0.055
0.05
0.045
0
-0.015
0
-0.095
-0.105
-0.1
-0.11
-0.1
-0.13
-0.165
-0.145
-0.145
-0.07
0.015
0.03
0.19
0.24
0.14
0.145
0.165
0.175
0.155
0.05
0.005
-0.02
0
0.025
-0.01
-0.01
-0.06
-0.075
-0.135
-0.215
-0.205
-0.28
-0.285
-0.235
-0.215
-0.31
-0.355
-0.355
-0.375
-0.34
-0.315
-0.345
-0.43
-0.47
-0.47
-0.52
-0.48
-0.535
-0.485
-0.525
-0.56
-0.57
-0.57
-0.485
-0.415
-0.455
-0.5
-0.495
-0.505
-0.55
-0.535
-0.495
-0.475
-0.48
-0.525
-0.515
-0.515
-0.55
-0.575
-0.56
-0.555
-0.44
-0.45
-0.415
-0.46
-0.51
-0.47
-0.48
-0.47
-0.535
-0.585
-0.635
-0.61
-0.685
-0.71
-0.72
-0.74
-0.7
-0.74
-0.84
-0.835
-0.825
-0.76
-0.68
-0.705
-0.68
-0.665
-0.675
-0.62
-0.69
-0.64
-0.67
-0.67
-0.62
-0.585
-0.655
-0.61
-0.685
-0.635
-0.665
-0.66
-0.66
-0.655
-0.585
-0.63
-0.645
-0.725
-0.715
-0.715
-0.645
-0.76
-0.77
-0.78
-0.765
-0.74
-0.74
-0.71
-0.735
-0.67
-0.725
-0.7
-0.65
-0.665
-0.67
-0.61
-0.54
-0.585
-0.595
-0.645
-0.705
-0.71
-0.565
-0.495
-0.58
-0.56
-0.51
-0.5
-0.44
-0.39
-0.355
-0.295
-0.29
-0.265
-0.34
-0.375
-0.445
-0.39
-0.385
-0.405
-0.35
-0.355
-0.345
-0.26
-0.33
-0.315
-0.355
-0.31
-0.235
-0.255
-0.23
-0.255
-0.385
-0.475
-0.49
-0.46
-0.465
-0.44
-0.415
-0.465
-0.52
-0.52
-0.51
-0.585
-0.6
-0.605
-0.505
-0.485
-0.45
-0.445
-0.4
-0.385
-0.34
-0.305
-0.25
-0.24
-0.075
0.05
0.045
-0.01
0.05
0.15
0.15
0.155
0.1
0.055
0.07
0.08
0.08
0.075
0.08
0.065
0.11
0.095
0.155
0.075
0.065
0.1
0.085
0.025
-0.055
-0.19
-0.24
-0.24
-0.22
-0.275
-0.24
-0.195
-0.22
-0.195
-0.17
-0.15
-0.145
-0.14
-0.15
-0.18
-0.18
-0.14
-0.17
-0.15
-0.105
-0.1
-0.21
-0.275
-0.315
-0.38
-0.41
-0.46
-0.475
-0.47
-0.485
-0.445
-0.47
-0.4
-0.39
-0.425
-0.475
-0.48
-0.455
-0.405
-0.305
-0.225
-0.315
-0.29
-0.315
-0.425
-0.43
-0.445
-0.435
-0.475
-0.48
-0.45
-0.43
-0.495
-0.55
-0.625
-0.725
-0.775
-0.735
-0.73
-0.805
-0.74
-0.7
-0.73
-0.65
-0.57
-0.645
-0.67
-0.61
-0.59
-0.57
-0.525
-0.43
-0.43
-0.405
-0.37
-0.345
-0.34
-0.37
-0.39
-0.365
-0.36
-0.335
-0.315
-0.245
-0.25
-0.28
-0.29
-0.2
-0.22
-0.255
-0.255
-0.275
-0.35
-0.325
-0.255
-0.285
-0.35
-0.325
-0.305
-0.31
-0.27
-0.3
-0.355
-0.33
-0.355
-0.335
-0.265
-0.28
-0.15
-0.2
-0.24
-0.27
-0.265
-0.295
-0.265
-0.21
-0.26
-0.315
-0.41
-0.425
-0.435
-0.58
-0.65
-0.57
-0.64
-0.675
-0.635
-0.59
-0.62
-0.685
-0.65
-0.645
-0.705
-0.69
-0.77
-0.815
-0.855
-0.845
-0.815
-0.79
-0.82
-0.81
-0.885
-0.875
-0.805
-0.825
-0.855
-0.845
-0.845
-0.9
-0.87
-0.81
-0.825
-0.755
-0.825
-0.87
-0.885
-0.885
-0.845
-0.835
-0.82
-0.875
-0.835
-0.78
-0.78
-0.795
-0.845
-0.815
-0.74
-0.75
-0.675
-0.675
-0.685
-0.74
-0.685
-0.635
-0.6
-0.63
-0.69
-0.775
-0.805
-0.75
-0.825
-0.82
-0.82
-0.74
-0.73
-0.78
-0.76
-0.75
-0.81
-0.825
-0.88
-0.81
-0.79
-0.705
-0.7
-0.605
-0.635
-0.58
-0.555
-0.57
-0.545
-0.52
-0.47
-0.505
-0.595
-0.58
-0.61
-0.61
-0.6
-0.645
-0.7
-0.705
-0.65
-0.69
-0.615
-0.595
-0.615
-0.7
-0.705
-0.67
-0.665
-0.69
-0.685
-0.72
-0.725
-0.695
-0.665
-0.71
-0.64
-0.625
-0.575
-0.62
-0.59
-0.47
-0.38
-0.43
-0.43
-0.445
-0.425
-0.415
-0.38
-0.44
-0.435
-0.54
-0.555
-0.535
-0.55
-0.51
-0.475
-0.49
-0.445
-0.45
-0.45
-0.495
-0.47
-0.465
-0.465
-0.4
-0.36
-0.305
-0.365
-0.44
-0.375
-0.45
-0.33
-0.2
-0.13
-0.04
0.04
0.03
0
-0.04
-0.03
-0.025
-0.055
-0.165
-0.24
-0.255
-0.235
-0.205
-0.265
-0.285
-0.245
-0.265
-0.315
-0.44
-0.435
-0.46
-0.385
-0.42
-0.455
-0.55
-0.495
-0.495
-0.55
-0.545
-0.515
-0.505
-0.475
-0.495
-0.525
-0.555
-0.51
-0.565
-0.685
-0.705
-0.67
-0.685
-0.625
-0.655
-0.585
-0.465
-0.47
-0.475
-0.49
-0.485
-0.425
-0.375
-0.425
-0.435
-0.535
-0.52
-0.485
-0.52
-0.545
-0.56
-0.555
-0.515
-0.49
-0.44
-0.44
-0.455
-0.485
-0.425
-0.42
-0.395
-0.45
-0.465
-0.515
-0.495
-0.47
-0.495
-0.43
-0.49
-0.485
-0.53
-0.465
-0.49
-0.47
-0.56
-0.495
-0.55
-0.56
-0.605
-0.645
-0.665
-0.635
-0.69
-0.7
-0.665
-0.665
-0.605
-0.595
-0.62
-0.62
-0.635
-0.61
-0.66
-0.755
-0.73
-0.745
-0.73
-0.71
-0.615
-0.655
-0.65
-0.71
-0.73
-0.755
-0.74
-0.73
-0.74
-0.795
-0.8
-0.84
-0.855
-0.845
-0.805
-0.81
-0.81
-0.805
-0.825
-0.855
-0.83
-0.825
-0.86
-0.845
-0.81
-0.81
-0.805
-0.755
-0.745
-0.67
-0.635
-0.725
-0.715
-0.67
-0.705
-0.725
-0.71
-0.705
-0.71
-0.67
-0.68
-0.685
-0.705
-0.74
-0.73
-0.685
-0.785
-0.75
-0.86
-0.825
-0.805
-0.805
-0.745
-0.66
-0.635
-0.66
-0.68
-0.67
-0.62
-0.64
-0.725
-0.79
-0.735
-0.715
-0.685
-0.725
-0.775
-0.795
-0.76
-0.79
-0.835
-0.815
-0.85
-0.77
-0.835
-0.81
-0.745
-0.745
-0.735
-0.715
-0.705
-0.695
-0.71
-0.76
-0.74
-0.735
-0.715
-0.75
-0.765
-0.73
-0.755
-0.725
-0.825
-0.815
-0.785
-0.77
-0.755
-0.73
-0.73
-0.7
-0.76
-0.695
-0.73
-0.755
-0.74
-0.675
-0.75
-0.71
-0.79
-0.775
-0.735
-0.725
-0.76
-0.725
-0.76
-0.65
-0.62
-0.695
-0.71
-0.665
-0.735
-0.64
-0.61
-0.6
-0.585
-0.555
-0.59
-0.56
-0.495
-0.545
-0.45
-0.39
-0.355
-0.365
-0.37
-0.41
-0.36
-0.395
-0.465
-0.51
-0.565
-0.565
-0.57
-0.53
-0.565
-0.575
-0.59
-0.59
-0.465
-0.49
-0.51
-0.47
-0.475
-0.48
-0.45
-0.495
-0.52
-0.47
-0.565
-0.61
-0.55
-0.58
-0.585
-0.54
-0.505
-0.515
-0.46
-0.44
-0.33
-0.43
-0.445
-0.51
-0.545
-0.665
-0.635
-0.665
-0.745
-0.665
-0.57
-0.5
-0.465
-0.43
-0.48
-0.41
-0.47
-0.43
-0.48
-0.51
-0.55
-0.54
-0.57
-0.55
-0.54
-0.525
-0.515
-0.55
-0.565
-0.47
-0.49
-0.46
-0.555
-0.625
-0.685
-0.695
-0.76
-0.715
-0.59
-0.54
-0.59
-0.605
-0.54
-0.595
-0.655
-0.635
-0.635
-0.655
-0.625
-0.56
-0.625
-0.61
-0.59
-0.715
-0.71
-0.74
-0.68
-0.62
-0.615
-0.59
-0.605
-0.63
-0.66
-0.68
-0.595
-0.63
-0.635
-0.585
-0.555
-0.59
-0.59
-0.515
-0.56
-0.63
-0.725
-0.73
-0.675
-0.635
-0.65
-0.595
-0.685
-0.63
-0.61
-0.645
-0.735
-0.735
-0.75
-0.7
-0.65
-0.64
-0.7
-0.73
-0.685
-0.61
-0.565
-0.475
-0.415
-0.355
-0.415
-0.355
-0.395
-0.37
-0.34
-0.275
-0.265
-0.35
-0.39
-0.345
-0.305
-0.305
-0.365
-0.36
-0.36
-0.375
-0.39
-0.345
-0.375
-0.29
-0.3
-0.28
-0.23
-0.225
-0.21
-0.3
-0.19
-0.18
-0.27
-0.2
-0.215
-0.205
-0.18
-0.15
-0.17
-0.045
0.02
0.055
0.005
-0.1
-0.035
-0.115
-0.15
-0.09
-0.03
-0.015
0.06
0.025
0.01
0.04
0.05
0.14
0.125
0.17
0.15
0.225
0.315
0.32
0.355
0.375
0.325
0.29
0.225
0.265
0.345
0.385
0.37
0.48
0.45
0.345
0.385
0.36
0.335
0.425
0.415
0.45
0.49
0.435
0.425
0.37
0.365
0.35
0.235
0.145
0.175
0.195
0.22
0.26
0.235
0.23
0.315
0.3
0.285
0.325
0.325
0.255
0.255
0.255
0.295
0.27
0.35
0.48
0.46
0.525
0.515
0.515
0.515
0.605
0.6
0.59
0.54
0.535
0.54
0.565
0.6
0.59
0.535
0.53
0.525
0.57
0.52
0.515
0.535
0.52
0.525
0.49
0.59
0.565
0.705
0.67
0.575
0.54
0.47
0.52
0.53
0.505
0.51
0.48
0.49
0.61
0.55
0.61
0.565
0.535
0.54
0.58
0.605
0.705
0.7
0.69
0.68
0.645
0.58
0.595
0.565
0.555
0.53
0.555
0.625
0.58
0.645
0.6
0.61
0.595
0.57
0.635
0.75
0.805
0.765
0.74
0.73
0.74
0.715
0.665
0.665
0.6
0.695
0.685
0.695
0.735
0.685
0.62
0.675
0.54
0.475
0.42
0.495
0.47
0.535
0.54
0.535
0.61
0.58
0.58
0.575
0.635
0.625
0.625
0.64
0.635
0.545
0.535
0.595
0.52
0.555
0.6
0.595
0.555
0.53
0.62
0.55
0.52
0.53
0.59
0.675
0.67
0.64
0.7
0.68
0.655
0.65
0.71
0.65
0.62
0.655
0.675
0.76
0.785
0.7
0.635
0.615
0.635
0.63
0.65
0.67
0.645
0.685
0.805
0.825
0.795
0.745
0.685
0.71
0.685
0.7
0.69
0.64
0.575
0.62
0.575
0.595
0.605
0.55
0.49
0.505
0.415
0.37
0.355
0.415
0.44
0.555
0.585
0.6
0.625
0.695
0.835
0.835
0.795
0.87
0.83
0.85
0.895
0.94
0.91
0.915
0.9
0.88
0.895
0.88
0.89
0.815
0.77
0.695
0.645
0.785
0.78
0.795
0.765
0.705
0.725
0.735
0.75
0.695
0.71
0.75
0.75
0.78
0.785
0.815
0.785
0.86
0.9
0.9
0.86
0.845
0.82
0.795
0.79
0.76
0.77
0.725
0.82
0.815
0.775
0.735
0.815
0.815
0.815
0.85
0.895
0.88
0.845
0.84
0.865
0.84
0.87
0.835
0.845
0.82
0.81
0.79
0.765
0.79
0.8
0.75
0.665
0.695
0.675
0.7
0.735
0.715
0.765
0.765
0.825
0.855
0.835
0.805
0.78
0.795
0.78
0.715
0.65
0.57
0.62
0.615
0.625
0.64
0.61
0.62
0.6
0.685
0.64
0.685
0.69
0.68
0.705
0.63
0.64
0.7
0.72
0.77
0.79
0.78
0.77
0.77
0.715
0.78
0.78
0.76
0.75
0.765
0.78
0.775
0.78
0.785
0.78
0.77
0.825
0.845
0.855
0.87
0.885
0.845
0.815
0.775
0.815
0.835
0.765
0.75
0.755
0.675
0.62
0.615
0.655
0.635
0.585
0.67
0.7
0.69
0.69
0.73
0.72
0.66
0.685
0.765
0.765
0.815
0.795
0.79
0.74
0.745
0.755
0.785
0.755
0.7
0.755
0.695
0.715
0.73
0.715
0.71
0.635
0.64
0.64
0.7
0.71
0.7
0.685
0.645
0.62
0.565
0.585
0.605
0.59
0.57
0.54
0.48
0.45
0.515
0.525
0.54
0.64
0.665
0.645
0.575
0.63
0.635
0.645
0.595
0.545
0.51
0.505
0.545
0.46
0.36
0.32
0.305
0.285
0.35
0.34
0.335
0.345
0.395
0.42
0.38
0.45
0.445
0.375
0.35
0.275
0.185
0.13
0.14
0.09
0.06
0.15
0.17
0.235
0.24
0.16
0.115
0.06
0.075
0.03
0.015
-0.03
-0.04
-0.005
-0.075
-0.1
-0.045
0.055
-0.025
-0.065
0.095
0.02
0.025
-0.08
-0.005
-0.005
0.035
0.09
0.17
0.19
0.08
0.04
0.03
-0.025
0.025
-0.005
0
0.01
0.025
0.04
0.015
-0.005
0.08
0.09
0.095
0.01
0.07
0.055
-0.015
-0.09
-0.04
-0.06
-0.07
-0.04
-0.04
-0.035
0
0.035
0.02
0.04
0.05
0.07
0.02
0.05
0.05
0.055
0.16
0.095
0.105
0.01
0.1
0.205
0.23
0.245
0.21
0.27
0.265
0.31
0.245
0.34
0.375
0.335
0.315
0.31
0.3
0.29
0.345
0.35
0.315
0.32
0.31
0.32
0.43
0.42
0.43
0.405
0.355
0.31
0.325
0.36
0.41
0.365
0.42
0.45
0.41
0.365
0.39
0.385
0.405
0.42
0.435
0.485
0.44
0.475
0.49
0.45
0.5
0.33
0.26
0.365
0.32
0.26
0.315
0.435
0.545
0.565
0.57
0.55
0.55
0.635
0.625
0.645
0.62
0.615
0.635
0.68
0.67
0.67
0.75
0.77
0.765
0.64
0.68
0.69
0.69
0.66
0.725
0.75
0.725
0.725
0.735
0.675
0.65
0.68
0.645
0.605
0.55
0.605
0.69
0.73
0.7
0.73
0.74
0.645
0.655
0.72
0.68
0.625
0.71
0.735
0.69
0.69
0.75
0.74
0.7
0.675
0.745
0.76
0.73
0.745
0.705
0.765
0.76
0.81
0.755
0.78
0.705
0.75
0.8
0.75
0.775
0.695
0.64
0.64
0.675
0.74
0.755
0.76
0.755
0.735
0.74
0.73
0.78
0.745
0.795
0.815
0.875
0.83
0.81
0.835
0.795
0.82
0.77
0.785
0.76
0.82
0.79
0.84
0.845
0.79
0.77
0.775
0.84
0.875
0.825
0.765
0.755
0.705
0.725
0.755
0.705
0.73
0.725
0.745
0.735
0.695
0.75
0.84
0.805
0.785
0.72
0.76
0.815
0.805
0.81
0.765
0.85
0.815
0.77
0.69
0.675
0.695
0.68
0.7
0.735
0.72
0.76
0.775
0.79
0.86
0.86
0.845
0.825
0.835
0.8
0.795
0.85
0.835
0.8
0.805
0.845
0.845
0.795
0.785
0.77
0.78
0.835
0.865
0.925
0.91
0.87
0.89
0.835
0.81
0.76
0.755
0.705
0.74
0.73
0.785
0.825
0.79
0.805
0.73
0.695
0.725
0.705
0.725
0.77
0.795
0.825
0.86
0.85
0.775
0.79
0.765
0.71
0.68
0.725
0.72
0.74
0.625
0.62
0.595
0.53
0.585
0.575
0.605
0.595
0.615
0.63
0.675
0.73
0.715
0.705
0.7
0.735
0.82
0.775
0.815
0.8
0.69
0.655
0.7
0.665
0.69
0.63
0.63
0.635
0.575
0.575
0.58
0.51
0.545
0.515
0.595
0.65
0.74
0.665
0.69
0.65
0.61
0.595
0.65
0.57
0.605
0.545
0.58
0.645
0.58
0.53
0.49
0.4
0.5
0.47
0.49
0.495
0.455
0.445
0.37
0.32
0.275
0.34
0.385
0.34
0.325
0.365
0.41
0.395
0.39
0.48
0.47
0.45
0.545
0.585
0.53
0.535
0.525
0.56
0.57
0.52
0.5
0.51
0.545
0.545
0.5
0.465
0.545
0.49
0.505
0.585
0.58
0.51
0.56
0.5
0.46
0.46
0.455
0.445
0.48
0.485
0.55
0.525
0.445
0.445
0.32
0.3
0.285
0.34
0.44
0.585
0.7
0.77
0.79
0.77
0.8
0.785
0.725
0.66
0.71
0.675
0.725
0.72
0.75
0.725
0.73
0.63
0.625
0.675
0.695
0.685
0.71
0.69
0.705
0.665
0.66
0.68
0.745
0.73
0.705
0.695
0.76
0.735
0.72
0.615
0.51
0.59
0.53
0.56
0.635
0.645
0.63
0.675
0.695
0.66
0.735
0.735
0.8
0.72
0.745
0.785
0.775
0.735
0.785
0.83
0.8
0.825
0.765
0.75
0.815
0.83
0.815
0.85
0.84
0.85
0.82
0.805
0.81
0.77
0.76
0.785
0.8
0.815
0.755
0.775
0.77
0.76
0.71
0.735
0.795
0.805
0.845
0.805
0.75
0.775
0.715
0.715
0.755
0.63
0.595
0.595
0.6
0.665
0.615
0.61
0.535
0.525
0.535
0.595
0.57
0.585
0.555
0.465
0.45
0.47
0.41
0.48
0.49
0.515
0.595
0.55
0.54
0.545
0.51
0.455
0.545
0.525
0.53
0.46
0.475
0.465
0.41
0.465
0.51
0.46
0.425
0.335
0.415
0.335
0.235
0.23
0.165
0.24
0.22
0.27
0.205
0.185
0.24
0.3
0.265
0.16
0.15
0.1
0.095
0.035
0.065
0.005
-0.1
-0.04
0.005
0.045
0.055
-0.02
-0.075
-0.205
-0.205
-0.25
-0.265
-0.275
-0.28
-0.31
-0.28
-0.37
-0.39
-0.36
-0.31
-0.33
-0.43
-0.385
-0.285
-0.135
-0.115
-0.115
-0.105
-0.04
-0.1
0.005
-0.04
-0.06
-0.12
-0.175
-0.205
-0.29
-0.34
-0.34
-0.33
-0.19
-0.265
-0.34
-0.17
-0.135
-0.175
-0.165
-0.11
-0.025
-0.035
0.06
0.05
0.055
-0.015
0.03
0.09
0.095
0.05
0.01
-0.025
-0.12
-0.1
-0.055
-0.025
0.005
0.015
0.035
0.005
-0.005
0.035
0.005
0.025
0.095
0.12
0.14
0.18
0.22
0.23
0.165
0.14
0.19
0.215
0.115
0.1
0.13
0.145
0.175
0.175
0.17
0.105
0.125
0.2
0.185
0.12
0.07
0.09
0.03
-0.05
-0.055
0.045
0.045
0.04
0.085
0.115
0.065
0.13
0.185
0.235
0.235
0.07
0.055
0.005
0.11
0.125
0.085
-0.005
0.065
0.125
0.1
0.115
0.125
0.085
0.135
0.19
0.22
0.21
0.23
0.285
0.275
0.285
0.355
0.37
0.47
0.57
0.61
0.56
0.525
0.48
0.435
0.415
0.465
0.395
0.43
0.43
0.46
0.41
0.385
0.35
0.335
0.27
0.25
0.28
0.255
0.315
0.27
0.25
0.245
0.235
0.315
0.33
0.39
0.39
0.395
0.37
0.33
0.315
0.36
0.375
0.45
0.425
0.345
0.39
0.315
0.295
0.24
0.245
0.295
0.295
0.305
0.375
0.375
0.365
0.405
0.41
0.415
0.415
0.45
0.32
0.435
0.43
0.4
0.33
0.41
0.39
0.375
0.38
0.31
0.33
0.315
0.305
0.31
0.235
0.35
0.385
0.315
0.31
0.325
0.305
0.3
0.395
0.285
0.32
0.37
0.42
0.42
0.38
0.34
0.36
0.385
0.44
0.43
0.485
0.525
0.575
0.61
0.735
0.735
0.65
0.635
0.715
0.75
0.76
0.75
0.77
0.75
0.745
0.74
0.765
0.785
0.83
0.825
0.815
0.795
0.775
0.76
0.775
0.745
0.705
0.705
0.63
0.64
0.565
0.53
0.575
0.55
0.525
0.525
0.605
0.635
0.675
0.655
0.585
0.595
0.6
0.525
0.485
0.52
0.47
0.505
0.55
0.575
0.54
0.635
0.65
0.745
0.775
0.825
0.805
0.84
0.865
0.84
0.805
0.79
0.745
0.71
0.705
0.59
0.545
0.555
0.51
0.51
0.505
0.445
0.51
0.535
0.525
0.52
0.48
0.385
0.46
0.415
0.455
0.535
0.57
0.565
0.545
0.54
0.475
0.465
0.495
0.555
0.58
0.54
0.54
0.51
0.47
0.405
0.39
0.385
0.35
0.295
0.37
0.34
0.385
0.325
0.35
0.44
0.475
0.425
0.37
0.4
0.46
0.39
0.44
0.425
0.445
0.43
0.445
0.42
0.435
0.41
0.42
0.54
0.565
0.61
0.575
0.68
0.645
0.62
0.635
0.65
0.635
0.615
0.575
0.47
0.42
0.415
0.38
0.365
0.225
0.29
0.3
0.32
0.255
0.275
0.355
0.435
0.46
0.515
0.495
0.56
0.55
0.515
0.57
0.61
0.605
0.645
0.65
0.635
0.56
0.58
0.555
0.655
0.62
0.595
0.58
0.57
0.59
0.595
0.6
0.615
0.63
0.66
0.62
0.63
0.605
0.565
0.54
0.565
0.58
0.59
0.555
0.6
0.585
0.605
0.6
0.585
0.64
0.665
0.615
0.685
0.805
0.845
0.83
0.815
0.775
0.795
0.83
0.78
0.77
0.685
0.615
0.585
0.61
0.61
0.615
0.605
0.595
0.56
0.615
0.645
0.68
0.63
0.625
0.62
0.55
0.535
0.565
0.465
0.47
0.42
0.495
0.495
0.385
0.415
0.37
0.38
0.4
0.42
0.38
0.38
0.395
0.4
0.39
0.455
0.435
0.37
0.345
0.185
0.225
0.16
0.12
0.13
0.01
0.07
0.115
0.11
0.175
0.195
0.195
0.145
0.12
0.115
0.155
0.22
0.205
0.16
0.055
0.045
0.055
0.115
0.095
0.1
0.04
0.075
0.15
0.1
0.06
0.12
0.09
0.165
0.08
0.165
0.175
0.215
0.185
0.315
0.35
0.315
0.33
0.24
0.22
0.26
0.27
0.265
0.26
0.315
0.305
0.29
0.23
0.135
0.105
0.105
0.16
0.16
0.185
0.185
0.195
0.25
0.16
0.145
0.19
0.21
0.185
0.24
0.23
0.215
0.175
0.065
0.115
0.055
0.07
0.095
0.075
-0.015
-0.005
0.055
0.135
0.205
0.31
0.34
0.395
0.405
0.42
0.55
0.47
0.485
0.495
0.425
0.39
0.305
0.33
0.265
0.345
0.29
0.17
0.19
0.22
0.215
0.185
0.275
0.29
0.315
0.305
0.23
0.23
0.28
0.395
0.39
0.36
0.465
0.515
0.525
0.52
0.52
0.495
0.495
0.475
0.4
0.39
0.45
0.485
0.505
0.555
0.575
0.6
0.56
0.59
0.53
0.41
0.42
0.385
0.395
0.415
0.49
0.515
0.56
0.505
0.54
0.64
0.55
0.54
0.53
0.5
0.445
0.47
0.59
0.605
0.58
0.57
0.6
0.59
0.635
0.5
0.625
0.665
0.68
0.615
0.66
0.62
0.595
0.56
0.53
0.5
0.475
0.505
0.48
0.535
0.565
0.605
0.565
0.625
0.595
0.545
0.525
0.56
0.6
0.64
0.67
0.61
0.525
0.6
0.68
0.66
0.675
0.715
0.71
0.745
0.69
0.725
0.77
0.785
0.725
0.73
0.735
0.75
0.705
0.74
0.685
0.69
0.69
0.605
0.585
0.625
0.63
0.635
0.66
0.735
0.745
0.705
0.64
0.625
0.74
0.815
0.825
0.775
0.7
0.615
0.64
0.645
0.605
0.63
0.635
0.645
0.67
0.76
0.705
0.76
0.8
0.85
0.765
0.76
0.745
0.745
0.745
0.715
0.67
0.645
0.645
0.68
0.67
0.665
0.69
0.735
0.705
0.76
0.765
0.695
0.755
0.705
0.675
0.68
0.66
0.555
0.535
0.54
0.55
0.58
0.54
0.54
0.49
0.445
0.53
0.49
0.51
0.43
0.355
0.33
0.4
0.395
0.38
0.295
0.215
0.31
0.32
0.31
0.365
0.39
0.45
0.415
0.495
0.475
0.53
0.53
0.475
0.475
0.46
0.405
0.425
0.36
0.44
0.37
0.42
0.415
0.385
0.355
0.415
0.455
0.44
0.5
0.53
0.54
0.565
0.56
0.56
0.485
0.445
0.49
0.55
0.52
0.6
0.6
0.595
0.64
0.645
0.645
0.51
0.585
0.64
0.69
0.66
0.665
0.6
0.565
0.605
0.61
0.595
0.55
0.59
0.66
0.67
0.635
0.645
0.725
0.74
0.765
0.775
0.76
0.78
0.695
0.705
0.665
0.65
0.6
0.615
0.61
0.725
0.735
0.755
0.735
0.655
0.64
0.71
0.74
0.765
0.765
0.75
0.75
0.67
0.68
0.6
0.635
0.61
0.57
0.48
0.505
0.5
0.425
0.42
0.52
0.53
0.505
0.5
0.48
0.48
0.54
0.525
0.545
0.64
0.66
0.745
0.7
0.695
0.72
0.76
0.745
0.685
0.59
0.61
0.625
0.595
0.52
0.535
0.505
0.605
0.585
0.55
0.555
0.555
0.495
0.42
0.415
0.455
0.395
0.475
0.465
0.52
0.545
0.54
0.57
0.535
0.535
0.615
0.585
0.585
0.5
0.415
0.54
0.575
0.62
0.595
0.64
0.75
0.71
0.705
0.67
0.75
0.74
0.75
0.73
0.74
0.7
0.745
0.82
0.755
0.81
0.735
0.76
0.7
0.59
0.65
0.625
0.68
0.635
0.65
0.675
0.72
0.785
0.685
0.635
0.6
0.51
0.585
0.61
0.61
0.66
0.695
0.675
0.705
0.66
0.585
0.55
0.57
0.515
0.46
0.405
0.435
0.495
0.46
0.5
0.52
0.555
0.565
0.605
0.63
0.56
0.605
0.585
0.57
0.51
0.45
0.45
0.51
0.535
0.45
0.49
0.44
0.45
0.495
0.56
0.575
0.555
0.535
0.49
0.585
0.55
0.54
0.54
0.545
0.525
0.55
0.6
0.465
0.425
0.51
0.55
0.47
0.495
0.54
0.585
0.57
0.49
0.5
0.5
0.415
0.41
0.435
0.44
0.485
0.495
0.455
0.445
0.425
0.41
0.385
0.535
0.545
0.535
0.48
0.45
0.43
0.415
0.47
0.475
0.525
0.5
0.4
0.475
0.49
0.485
0.51
0.595
0.615
0.595
0.595
0.61
0.64
0.645
0.61
0.685
0.695
0.69
0.685
0.645
0.605
0.565
0.59
0.61
0.64
0.62
0.615
0.67
0.73
0.725
0.67
0.725
0.725
0.615
0.585
0.66
0.72
0.73
0.78
0.83
0.855
0.8
0.87
0.8
0.815
0.835
0.815
0.765
0.76
0.705
0.74
0.745
0.755
0.745
0.7
0.675
0.61
0.51
0.495
0.45
0.46
0.41
0.395
0.46
0.395
0.41
0.45
0.38
0.345
0.335
0.34
0.375
0.41
0.44
0.515
0.575
0.635
0.55
0.5
0.52
0.545
0.525
0.46
0.395
0.425
0.45
0.485
0.56
0.54
0.565
0.55
0.54
0.58
0.54
0.465
0.405
0.4
0.325
0.22
0.25
0.315
0.22
0.31
0.315
0.38
0.355
0.455
0.38
0.37
0.25
0.335
0.195
0.21
0.23
0.18
0.225
0.12
0.1
0.1
0.095
0.125
0.14
0.1
0.035
0.135
0.07
0.13
0.125
0.115
-0.015
-0.035
0.055
-0.02
-0.02
0
-0.025
0.06
0.085
0.05
-0.02
-0.03
-0.015
0.02
-0.015
-0.005
-0.065
-0.05
-0.045
-0.05
-0.065
-0.215
-0.195
-0.325
-0.37
-0.35
-0.235
-0.225
-0.17
-0.14
-0.125
-0.12
-0.11
-0.08
-0.025
-0.04
-0.055
-0.11
-0.075
-0.07
-0.09
-0.085
0.03
0.015
0.155
0.225
0.22
0.22
0.215
0.255
0.29
0.26
0.32
0.34
0.335
0.305
0.36
0.31
0.31
0.305
0.29
0.385
0.38
0.3
0.275
0.24
0.285
0.3
0.335
0.385
0.37
0.485
0.49
0.465
0.505
0.525
0.62
0.62
0.66
0.685
0.74
0.685
0.755
0.8
0.81
0.745
0.74
0.7
0.765
0.805
0.75
0.81
0.74
0.745
0.75
0.805
0.775
0.855
0.81
0.77
0.795
0.76
0.755
0.75
0.76
0.71
0.635
0.575
0.655
0.58
0.57
0.535
0.575
0.555
0.595
0.645
0.62
0.665
0.64
0.54
0.595
0.625
0.655
0.605
0.625
0.63
0.695
0.755
0.755
0.795
0.74
0.72
0.815
0.78
0.74
0.715
0.695
0.72
0.71
0.685
0.67
0.64
0.595
0.55
0.585
0.61
0.63
0.555
0.51
0.455
0.505
0.49
0.49
0.51
0.525
0.615
0.545
0.51
0.485
0.475
0.49
0.405
0.385
0.465
0.435
0.425
0.41
0.325
0.385
0.32
0.375
0.445
0.38
0.325
0.31
0.195
0.185
0.305
0.29
0.26
0.285
0.26
0.235
0.22
0.19
0.14
0.185
0.12
0.095
0.08
0.14
0.125
0.12
0.045
0.075
0.04
0.135
0.11
0.18
0.14
0.205
0.155
0.185
0.345
0.365
0.435
0.425
0.385
0.455
0.435
0.395
0.34
0.33
0.23
0.21
0.21
0.125
0.1
0.015
0.045
0.13
0.17
0.22
0.215
0.155
0.17
0.2
0.17
0.215
0.245
0.3
0.29
0.3
0.23
0.255
0.325
0.25
0.22
0.19
0.22
0.195
0.185
0.15
0.26
0.37
0.35
0.345
0.4
0.36
0.395
0.405
0.41
0.335
0.355
0.46
0.505
0.55
0.48
0.44
0.47
0.42
0.465
0.43
0.425
0.39
0.43
0.445
0.48
0.46
0.46
0.52
0.53
0.64
0.58
0.685
0.69
0.59
0.62
0.55
0.63
0.615
0.62
0.665
0.605
0.605
0.595
0.55
0.615
0.71
0.735
0.775
0.765
0.74
0.715
0.745
0.73
0.72
0.775
0.74
0.65
0.685
0.655
0.565
0.605
0.6
0.59
0.61
0.65
0.665
0.675
0.67
0.635
0.61
0.64
0.59
0.555
0.49
0.535
0.555
0.565
0.64
0.655
0.625
0.62
0.615
0.63
0.55
0.53
0.6
0.68
0.69
0.63
0.62
0.7
0.675
0.74
0.755
0.665
0.7
0.75
0.76
0.77
0.705
0.785
0.82
0.81
0.875
0.86
0.855
0.87
0.845
0.81
0.79
0.77
0.81
0.835
0.825
0.78
0.805
0.81
0.76
0.805
0.795
0.79
0.785
0.82
0.835
0.82
0.815
0.78
0.82
0.785
0.76
0.715
0.685
0.63
0.68
0.715
0.725
0.72
0.73
0.72
0.68
0.675
0.64
0.7
0.695
0.71
0.675
0.7
0.6
0.56
0.545
0.64
0.625
0.7
0.665
0.71
0.66
0.58
0.575
0.58
0.595
0.56
0.64
0.605
0.62
0.6
0.665
0.6
0.52
0.495
0.545
0.535
0.52
0.635
0.7
0.745
0.785
0.685
0.695
0.675
0.75
0.825
0.785
0.755
0.78
0.775
0.845
0.86
0.855
0.875
0.865
0.87
0.865
0.85
0.89
0.91
0.865
0.895
0.86
0.83
0.78
0.735
0.695
0.685
0.68
0.66
0.705
0.73
0.745
0.745
0.77
0.795
0.85
0.855
0.835
0.75
0.705
0.68
0.615
0.64
0.63
0.575
0.64
0.605
0.625
0.68
0.7
0.65
0.575
0.52
0.605
0.54
0.485
0.5
0.42
0.425
0.44
0.47
0.53
0.56
0.59
0.615
0.595
0.535
0.455
0.49
0.49
0.49
0.48
0.555
0.53
0.445
0.39
0.395
0.455
0.59
0.625
0.505
0.5
0.45
0.45
0.45
0.385
0.46
0.45
0.52
0.545
0.505
0.51
0.515
0.59
0.6
0.575
0.63
0.575
0.69
0.66
0.67
0.675
0.69
0.67
0.695
0.795
0.8
0.81
0.685
0.755
0.685
0.715
0.74
0.67
0.72
0.75
0.78
0.795
0.83
0.83
0.835
0.83
0.905
0.855
0.91
0.78
0.785
0.78
0.785
0.755
0.76
0.75
0.72
0.76
0.76
0.76
0.78
0.785
0.7
0.795
0.805
0.795
0.845
0.83
0.825
0.74
0.735
0.71
0.75
0.775
0.805
0.72
0.66
0.7
0.695
0.695
0.735
0.77
0.735
0.735
0.755
0.81
0.74
0.755
0.82
0.785
0.805
0.785
0.795
0.785
0.785
0.86
0.87
0.85
0.86
0.83
0.83
0.73
0.745
0.735
0.72
0.735
0.775
0.775
0.86
0.81
0.745
0.67
0.6
0.57
0.625
0.56
0.595
0.665
0.695
0.735
0.77
0.75
0.805
0.775
0.685
0.64
0.575
0.56
0.625
0.67
0.565
0.53
0.565
0.645
0.655
0.695
0.74
0.675
0.63
0.56
0.56
0.515
0.62
0.605
0.63
0.69
0.71
0.725
0.685
0.725
0.77
0.705
0.645
0.7
0.645
0.66
0.7
0.615
0.625
0.52
0.59
0.595
0.595
0.53
0.59
0.6
0.65
0.695
0.64
0.665
0.66
0.72
0.615
0.56
0.62
0.62
0.555
0.53
0.54
0.51
0.535
0.495
0.525
0.455
0.455
0.47
0.43
0.385
0.33
0.24
0.175
0.12
0.2
0.175
0.195
0.25
0.295
0.275
0.25
0.195
0.06
0.09
-0.015
-0.085
-0.065
-0.065
-0.08
0.045
0.045
0.07
0.065
0.095
0.065
-0.04
-0.06
-0.05
-0.08
-0.035
-0.005
-0.045
-0.065
-0.015
-0.015
0
0.13
0.23
0.305
0.335
0.405
0.4
0.345
0.43
0.42
0.39
0.35
0.38
0.32
0.365
0.395
0.405
0.435
0.37
0.34
0.345
0.32
0.295
0.365
0.4
0.37
0.42
0.44
0.465
0.515
0.525
0.53
0.49
0.4
0.465
0.43
0.5
0.48
0.51
0.51
0.57
0.58
0.66
0.665
0.675
0.745
0.675
0.675
0.66
0.655
0.66
0.625
0.62
0.62
0.635
0.675
0.645
0.625
0.575
0.49
0.52
0.54
0.585
0.62
0.605
0.595
0.615
0.61
0.69
0.625
0.6
0.625
0.55
0.485
0.475
0.5
0.59
0.61
0.555
0.5
0.505
0.495
0.54
0.53
0.52
0.45
0.445
0.405
0.5
0.5
0.5
0.505
0.47
0.515
0.575
0.605
0.58
0.61
0.555
0.505
0.55
0.465
0.435
0.495
0.44
0.39
0.39
0.345
0.3
0.265
0.185
0.01
-0.005
-0.04
-0.12
-0.08
-0.03
-0.09
-0.105
-0.115
-0.17
-0.135
-0.255
-0.31
-0.345
-0.27
-0.33
-0.29
-0.345
-0.355
-0.33
-0.255
-0.285
-0.26
-0.205
-0.205
-0.25
-0.31
-0.275
-0.335
-0.295
-0.4
-0.42
-0.395
-0.46
-0.41
-0.44
-0.395
-0.38
-0.455
-0.385
-0.315
-0.285
-0.15
-0.12
-0.155
-0.165
-0.17
-0.235
-0.255
-0.275
-0.295
-0.24
-0.325
-0.285
-0.265
-0.35
-0.39
-0.38
-0.4
-0.455
-0.465
-0.485
-0.49
-0.44
-0.375
-0.36
-0.295
-0.33
-0.33
-0.305
