x , y , z
1 , 0 , 0
1.00037 , 0.0171555 , 0
1.00045 , 0.034306 , 0
1.00023 , 0.0514464 , 0
0.999724 , 0.0685717 , 0
0.998922 , 0.0856769 , 0
0.997828 , 0.102757 , 0
0.996442 , 0.119807 , 0
0.994766 , 0.136823 , 0
0.9928 , 0.153798 , 0
0.990546 , 0.170729 , 0
0.988004 , 0.18761 , 0
0.985176 , 0.204437 , 0
0.982062 , 0.221204 , 0
0.978665 , 0.237908 , 0
0.974986 , 0.254543 , 0
0.971026 , 0.271105 , 0
0.966787 , 0.287589 , 0
0.96227 , 0.30399 , 0
0.957477 , 0.320304 , 0
0.95241 , 0.336526 , 0
0.947071 , 0.352653 , 0
0.941461 , 0.368678 , 0
0.935582 , 0.384598 , 0
0.929438 , 0.400409 , 0
0.923029 , 0.416106 , 0
0.916358 , 0.431685 , 0
0.909427 , 0.447141 , 0
0.902238 , 0.462471 , 0
0.894795 , 0.47767 , 0
0.887099 , 0.492734 , 0
0.879152 , 0.507659 , 0
0.870958 , 0.522441 , 0
0.862519 , 0.537076 , 0
0.853838 , 0.551561 , 0
0.844917 , 0.56589 , 0
0.835759 , 0.580061 , 0
0.826367 , 0.594069 , 0
0.816744 , 0.607912 , 0
0.806893 , 0.621585 , 0
0.796818 , 0.635084 , 0
0.78652 , 0.648406 , 0
0.776003 , 0.661548 , 0
0.765271 , 0.674507 , 0
0.754326 , 0.687277 , 0
0.743172 , 0.699858 , 0
0.731812 , 0.712244 , 0
0.72025 , 0.724433 , 0
0.708488 , 0.736422 , 0
0.696531 , 0.748208 , 0
0.684381 , 0.759787 , 0
0.672043 , 0.771157 , 0
0.65952 , 0.782314 , 0
0.646816 , 0.793257 , 0
0.633934 , 0.803981 , 0
0.620877 , 0.814484 , 0
0.607651 , 0.824764 , 0
0.594257 , 0.834818 , 0
0.580701 , 0.844643 , 0
0.566986 , 0.854237 , 0
0.553116 , 0.863598 , 0
0.539095 , 0.872722 , 0
0.524927 , 0.881609 , 0
0.510615 , 0.890254 , 0
0.496165 , 0.898657 , 0
0.481579 , 0.906816 , 0
0.466862 , 0.914727 , 0
0.452018 , 0.922389 , 0
0.437051 , 0.929801 , 0
0.421965 , 0.93696 , 0
0.406765 , 0.943864 , 0
0.391454 , 0.950512 , 0
0.376037 , 0.956903 , 0
0.360518 , 0.963034 , 0
0.344901 , 0.968903 , 0
0.329191 , 0.974511 , 0
0.313392 , 0.979854 , 0
0.297508 , 0.984932 , 0
0.281544 , 0.989744 , 0
0.265503 , 0.994288 , 0
0.24939 , 0.998563 , 0
0.23321 , 1.00257 , 0
0.216968 , 1.0063 , 0
0.200666 , 1.00977 , 0
0.18431 , 1.01295 , 0
0.167905 , 1.01587 , 0
0.151454 , 1.01851 , 0
0.134962 , 1.02088 , 0
0.118434 , 1.02297 , 0
0.101874 , 1.02479 , 0
0.0852863 , 1.02633 , 0
0.0686757 , 1.02759 , 0
0.0520465 , 1.02857 , 0
0.0354033 , 1.02928 , 0
0.0187506 , 1.02971 , 0
0.00209282 , 1.02986 , 0
-0.0145655 , 1.02973 , 0
-0.03122 , 1.02933 , 0
-0.047866 , 1.02865 , 0
-0.064499 , 1.02769 , 0
-0.0811147 , 1.02645 , 0
-0.0977085 , 1.02494 , 0
-0.114276 , 1.02315 , 0
-0.130812 , 1.02108 , 0
-0.147314 , 1.01874 , 0
-0.163775 , 1.01612 , 0
-0.180192 , 1.01323 , 0
-0.19656 , 1.01006 , 0
-0.212876 , 1.00662 , 0
-0.229133 , 1.00291 , 0
-0.245329 , 0.998925 , 0
-0.261458 , 0.994671 , 0
-0.277516 , 0.990147 , 0
-0.293499 , 0.985355 , 0
-0.309403 , 0.980295 , 0
-0.325223 , 0.97497 , 0
-0.340954 , 0.96938 , 0
-0.356593 , 0.963527 , 0
-0.372134 , 0.957412 , 0
-0.387575 , 0.951036 , 0
-0.40291 , 0.944402 , 0
-0.418135 , 0.937511 , 0
-0.433247 , 0.930364 , 0
-0.44824 , 0.922963 , 0
-0.463112 , 0.915311 , 0
-0.477856 , 0.907409 , 0
-0.49247 , 0.899259 , 0
-0.50695 , 0.890863 , 0
-0.52129 , 0.882223 , 0
-0.535488 , 0.873342 , 0
-0.549539 , 0.864221 , 0
-0.56344 , 0.854863 , 0
-0.577185 , 0.84527 , 0
-0.590772 , 0.835445 , 0
-0.604197 , 0.825391 , 0
-0.617455 , 0.815109 , 0
-0.630543 , 0.804602 , 0
-0.643457 , 0.793873 , 0
-0.656193 , 0.782925 , 0
-0.668748 , 0.771761 , 0
-0.681118 , 0.760383 , 0
-0.693299 , 0.748794 , 0
-0.705288 , 0.736998 , 0
-0.717081 , 0.724997 , 0
-0.728674 , 0.712794 , 0
-0.740065 , 0.700394 , 0
-0.75125 , 0.687798 , 0
-0.762225 , 0.67501 , 0
-0.772988 , 0.662034 , 0
-0.783534 , 0.648872 , 0
-0.793861 , 0.63553 , 0
-0.803966 , 0.622009 , 0
-0.813845 , 0.608313 , 0
-0.823495 , 0.594447 , 0
-0.832913 , 0.580413 , 0
-0.842097 , 0.566216 , 0
-0.851044 , 0.551859 , 0
-0.85975 , 0.537346 , 0
-0.868213 , 0.522681 , 0
-0.87643 , 0.507869 , 0
-0.884399 , 0.492912 , 0
-0.892117 , 0.477815 , 0
-0.89958 , 0.462583 , 0
-0.906788 , 0.447219 , 0
-0.913737 , 0.431727 , 0
-0.920426 , 0.416112 , 0
-0.926851 , 0.400378 , 0
-0.93301 , 0.384529 , 0
-0.938902 , 0.36857 , 0
-0.944525 , 0.352506 , 0
-0.949876 , 0.336339 , 0
-0.954953 , 0.320076 , 0
-0.959755 , 0.303721 , 0
-0.964279 , 0.287278 , 0
-0.968524 , 0.270752 , 0
-0.972489 , 0.254147 , 0
-0.976172 , 0.237469 , 0
-0.979571 , 0.220721 , 0
-0.982685 , 0.203909 , 0
-0.985512 , 0.187038 , 0
-0.988051 , 0.170112 , 0
-0.990302 , 0.153137 , 0
-0.992262 , 0.136117 , 0
-0.993932 , 0.119056 , 0
-0.995309 , 0.101961 , 0
-0.996394 , 0.0848357 , 0
-0.997185 , 0.0676854 , 0
-0.997681 , 0.0505151 , 0
-0.997883 , 0.0333299 , 0
-0.997789 , 0.0161349 , 0
-0.997399 , -0.00106499 , 0
-0.996713 , -0.0182645 , 0
-0.995731 , -0.0354586 , 0
-0.994451 , -0.0526422 , 0
-0.992875 , -0.06981 , 0
-0.991003 , -0.0869569 , 0
-0.988833 , -0.104078 , 0
-0.986367 , -0.121168 , 0
-0.983605 , -0.138221 , 0
-0.980547 , -0.155233 , 0
-0.977194 , -0.172198 , 0
-0.973546 , -0.189111 , 0
-0.969604 , -0.205967 , 0
-0.965369 , -0.22276 , 0
-0.960841 , -0.239486 , 0
-0.956021 , -0.25614 , 0
-0.950911 , -0.272715 , 0
-0.945511 , -0.289208 , 0
-0.939823 , -0.305612 , 0
-0.933848 , -0.321923 , 0
-0.927587 , -0.338136 , 0
-0.921042 , -0.354245 , 0
-0.914215 , -0.370245 , 0
-0.907107 , -0.386132 , 0
-0.89972 , -0.4019 , 0
-0.892056 , -0.417544 , 0
-0.884117 , -0.43306 , 0
-0.875905 , -0.448441 , 0
-0.867422 , -0.463684 , 0
-0.85867 , -0.478783 , 0
-0.849652 , -0.493734 , 0
-0.84037 , -0.508532 , 0
-0.830827 , -0.523171 , 0
-0.821025 , -0.537647 , 0
-0.810967 , -0.551956 , 0
-0.800655 , -0.566093 , 0
-0.790094 , -0.580052 , 0
-0.779285 , -0.59383 , 0
-0.768232 , -0.607422 , 0
-0.756938 , -0.620823 , 0
-0.745407 , -0.63403 , 0
-0.73364 , -0.647036 , 0
-0.721643 , -0.65984 , 0
-0.709419 , -0.672435 , 0
-0.69697 , -0.684818 , 0
-0.684301 , -0.696985 , 0
-0.671416 , -0.708931 , 0
-0.658319 , -0.720653 , 0
-0.645012 , -0.732146 , 0
-0.631502 , -0.743407 , 0
-0.61779 , -0.754432 , 0
-0.603882 , -0.765217 , 0
-0.589782 , -0.775759 , 0
-0.575495 , -0.786054 , 0
-0.561023 , -0.796098 , 0
-0.546373 , -0.805888 , 0
-0.531549 , -0.815421 , 0
-0.516554 , -0.824694 , 0
-0.501394 , -0.833702 , 0
-0.486074 , -0.842444 , 0
-0.470598 , -0.850916 , 0
-0.454972 , -0.859115 , 0
-0.439199 , -0.867038 , 0
-0.423285 , -0.874684 , 0
-0.407236 , -0.882048 , 0
-0.391055 , -0.889129 , 0
-0.374749 , -0.895924 , 0
-0.358322 , -0.90243 , 0
-0.34178 , -0.908646 , 0
-0.325127 , -0.91457 , 0
-0.30837 , -0.920198 , 0
-0.291514 , -0.92553 , 0
-0.274563 , -0.930563 , 0
-0.257524 , -0.935297 , 0
-0.240402 , -0.939728 , 0
-0.223202 , -0.943855 , 0
-0.20593 , -0.947678 , 0
-0.188592 , -0.951195 , 0
-0.171192 , -0.954404 , 0
-0.153737 , -0.957305 , 0
-0.136233 , -0.959896 , 0
-0.118684 , -0.962177 , 0
-0.101097 , -0.964146 , 0
-0.0834775 , -0.965804 , 0
-0.0658308 , -0.967149 , 0
-0.0481628 , -0.968181 , 0
-0.0304792 , -0.9689 , 0
-0.0127858 , -0.969306 , 0
0.00491178 , -0.969398 , 0
0.0226078 , -0.969176 , 0
0.0402964 , -0.968641 , 0
0.057972 , -0.967793 , 0
0.0756289 , -0.966631 , 0
0.0932614 , -0.965157 , 0
0.110864 , -0.963371 , 0
0.12843 , -0.961274 , 0
0.145955 , -0.958866 , 0
0.163433 , -0.956149 , 0
0.180858 , -0.953122 , 0
0.198225 , -0.949789 , 0
0.215527 , -0.946148 , 0
0.23276 , -0.942203 , 0
0.249919 , -0.937953 , 0
0.266996 , -0.933402 , 0
0.283988 , -0.92855 , 0
0.300888 , -0.923398 , 0
0.317692 , -0.91795 , 0
0.334393 , -0.912207 , 0
0.350987 , -0.906171 , 0
0.367468 , -0.899843 , 0
0.383831 , -0.893227 , 0
0.400071 , -0.886324 , 0
0.416183 , -0.879137 , 0
0.432161 , -0.871669 , 0
0.448001 , -0.863922 , 0
0.463698 , -0.855898 , 0
0.479247 , -0.847601 , 0
0.494643 , -0.839033 , 0
0.509881 , -0.830198 , 0
0.524957 , -0.821098 , 0
0.539865 , -0.811737 , 0
0.554602 , -0.802118 , 0
0.569162 , -0.792243 , 0
0.583542 , -0.782118 , 0
0.597737 , -0.771744 , 0
0.611742 , -0.761125 , 0
0.625554 , -0.750266 , 0
0.639168 , -0.739169 , 0
0.65258 , -0.727839 , 0
0.665786 , -0.71628 , 0
0.678782 , -0.704494 , 0
0.691565 , -0.692487 , 0
0.70413 , -0.680262 , 0
0.716474 , -0.667824 , 0
0.728594 , -0.655176 , 0
0.740485 , -0.642323 , 0
0.752144 , -0.629269 , 0
0.763569 , -0.616018 , 0
0.774755 , -0.602575 , 0
0.785699 , -0.588944 , 0
0.796399 , -0.57513 , 0
0.806852 , -0.561137 , 0
0.817054 , -0.54697 , 0
0.827002 , -0.532633 , 0
0.836695 , -0.518131 , 0
0.846129 , -0.503469 , 0
0.855302 , -0.488652 , 0
0.864211 , -0.473684 , 0
0.872853 , -0.45857 , 0
0.881228 , -0.443315 , 0
0.889332 , -0.427924 , 0
0.897163 , -0.412402 , 0
0.90472 , -0.396754 , 0
0.912 , -0.380984 , 0
0.919001 , -0.365098 , 0
0.925723 , -0.349101 , 0
0.932163 , -0.332997 , 0
0.938319 , -0.316793 , 0
0.944191 , -0.300492 , 0
0.949777 , -0.2841 , 0
0.955076 , -0.267622 , 0
0.960086 , -0.251064 , 0
0.964806 , -0.234429 , 0
0.969237 , -0.217724 , 0
0.973375 , -0.200954 , 0
0.977222 , -0.184123 , 0
0.980775 , -0.167238 , 0
0.984036 , -0.150302 , 0
0.987002 , -0.133321 , 0
0.989674 , -0.1163 , 0
0.992051 , -0.0992451 , 0
0.994132 , -0.0821604 , 0
0.995919 , -0.0650513 , 0
0.997411 , -0.0479229 , 0
0.998607 , -0.0307803 , 0
0.999508 , -0.0136287 , 0
1.00011 , 0.00352704 , 0
1.00043 , 0.0206817 , 0
1.00044 , 0.0378303 , 0
1.00017 , 0.0549677 , 0
0.999598 , 0.0720891 , 0
0.998735 , 0.0891893 , 0
0.997581 , 0.106264 , 0
0.996135 , 0.123307 , 0
0.994399 , 0.140314 , 0
0.992374 , 0.15728 , 0
0.990061 , 0.174201 , 0
0.98746 , 0.191071 , 0
0.984573 , 0.207886 , 0
0.981402 , 0.224641 , 0
0.977947 , 0.24133 , 0
0.97421 , 0.257951 , 0
0.970192 , 0.274497 , 0
0.965896 , 0.290964 , 0
0.961322 , 0.307347 , 0
0.956473 , 0.323642 , 0
0.95135 , 0.339845 , 0
0.945955 , 0.355951 , 0
0.94029 , 0.371955 , 0
0.934357 , 0.387853 , 0
0.928158 , 0.40364 , 0
0.921695 , 0.419313 , 0
0.91497 , 0.434867 , 0
0.907987 , 0.450297 , 0
0.900746 , 0.465601 , 0
0.89325 , 0.480772 , 0
0.885502 , 0.495808 , 0
0.877505 , 0.510704 , 0
0.869261 , 0.525456 , 0
0.860772 , 0.54006 , 0
0.852041 , 0.554513 , 0
0.843071 , 0.56881 , 0
0.833865 , 0.582948 , 0
0.824426 , 0.596922 , 0
0.814756 , 0.61073 , 0
0.804859 , 0.624367 , 0
0.794738 , 0.63783 , 0
0.784395 , 0.651116 , 0
0.773834 , 0.66422 , 0
0.763058 , 0.67714 , 0
0.75207 , 0.689872 , 0
0.740874 , 0.702413 , 0
0.729472 , 0.714759 , 0
0.717868 , 0.726907 , 0
0.706067 , 0.738855 , 0
0.69407 , 0.750598 , 0
0.681882 , 0.762135 , 0
0.669506 , 0.773461 , 0
0.656945 , 0.784574 , 0
0.644204 , 0.795472 , 0
0.631286 , 0.806151 , 0
0.618194 , 0.816609 , 0
0.604933 , 0.826843 , 0
0.591507 , 0.83685 , 0
0.577918 , 0.846628 , 0
0.564171 , 0.856174 , 0
0.55027 , 0.865486 , 0
0.536218 , 0.874562 , 0
0.52202 , 0.883399 , 0
0.50768 , 0.891995 , 0
0.493201 , 0.900348 , 0
0.478588 , 0.908456 , 0
0.463845 , 0.916317 , 0
0.448976 , 0.923928 , 0
0.433984 , 0.931288 , 0
0.418875 , 0.938394 , 0
0.403651 , 0.945247 , 0
0.388319 , 0.951842 , 0
0.37288 , 0.958179 , 0
0.357341 , 0.964257 , 0
0.341705 , 0.970073 , 0
0.325977 , 0.975626 , 0
0.31016 , 0.980915 , 0
0.294259 , 0.985939 , 0
0.278278 , 0.990696 , 0
0.262223 , 0.995185 , 0
0.246096 , 0.999405 , 0
0.229903 , 1.00335 , 0
0.213648 , 1.00703 , 0
0.197335 , 1.01044 , 0
0.180968 , 1.01357 , 0
0.164553 , 1.01643 , 0
0.148094 , 1.01902 , 0
0.131594 , 1.02133 , 0
0.115059 , 1.02337 , 0
0.0984931 , 1.02512 , 0
0.0819004 , 1.02661 , 0
0.0652857 , 1.02781 , 0
0.0486533 , 1.02874 , 0
0.0320078 , 1.02939 , 0
0.0153536 , 1.02976 , 0
-0.00130464 , 1.02986 , 0
-0.0179626 , 1.02967 , 0
-0.0346157 , 1.02921 , 0
-0.0512594 , 1.02847 , 0
-0.0678893 , 1.02746 , 0
-0.0845009 , 1.02617 , 0
-0.10109 , 1.02459 , 0
-0.117651 , 1.02275 , 0
-0.134181 , 1.02062 , 0
-0.150674 , 1.01822 , 0
-0.167127 , 1.01555 , 0
-0.183534 , 1.0126 , 0
-0.199892 , 1.00938 , 0
-0.216196 , 1.00588 , 0
-0.232442 , 1.00211 , 0
-0.248624 , 0.998075 , 0
-0.264739 , 0.993765 , 0
-0.280782 , 0.989186 , 0
-0.29675 , 0.984339 , 0
-0.312636 , 0.979225 , 0
-0.328438 , 0.973846 , 0
-0.344151 , 0.968202 , 0
-0.35977 , 0.962295 , 0
-0.375292 , 0.956126 , 0
-0.390711 , 0.949697 , 0
-0.406024 , 0.94301 , 0
-0.421227 , 0.936066 , 0
-0.436315 , 0.928867 , 0
-0.451283 , 0.921415 , 0
-0.466129 , 0.913712 , 0
-0.480847 , 0.905758 , 0
-0.495434 , 0.897558 , 0
-0.509886 , 0.889111 , 0
-0.524198 , 0.880422 , 0
-0.538366 , 0.871491 , 0
-0.552387 , 0.862322 , 0
-0.566256 , 0.852915 , 0
-0.579969 , 0.843275 , 0
-0.593523 , 0.833402 , 0
-0.606914 , 0.823301 , 0
-0.620138 , 0.812972 , 0
-0.633191 , 0.80242 , 0
-0.646069 , 0.791646 , 0
-0.658768 , 0.780653 , 0
-0.671285 , 0.769444 , 0
-0.683617 , 0.758023 , 0
-0.695759 , 0.746391 , 0
-0.707708 , 0.734553 , 0
-0.719461 , 0.72251 , 0
-0.731013 , 0.710266 , 0
-0.742362 , 0.697825 , 0
-0.753504 , 0.68519 , 0
-0.764436 , 0.672363 , 0
-0.775155 , 0.659348 , 0
-0.785656 , 0.646149 , 0
-0.795938 , 0.632769 , 0
-0.805997 , 0.619212 , 0
-0.815829 , 0.605481 , 0
-0.825432 , 0.59158 , 0
-0.834803 , 0.577512 , 0
-0.843939 , 0.563282 , 0
-0.852836 , 0.548892 , 0
-0.861493 , 0.534348 , 0
-0.869906 , 0.519652 , 0
-0.878072 , 0.50481 , 0
-0.88599 , 0.489824 , 0
-0.893655 , 0.474699 , 0
-0.901067 , 0.459438 , 0
-0.908222 , 0.444048 , 0
-0.915118 , 0.42853 , 0
-0.921752 , 0.41289 , 0
-0.928123 , 0.397132 , 0
-0.934228 , 0.38126 , 0
-0.940065 , 0.365279 , 0
-0.945632 , 0.349193 , 0
-0.950927 , 0.333006 , 0
-0.955948 , 0.316723 , 0
-0.960693 , 0.300349 , 0
-0.96516 , 0.283888 , 0
-0.969348 , 0.267346 , 0
-0.973255 , 0.250725 , 0
-0.976879 , 0.234032 , 0
-0.98022 , 0.217271 , 0
-0.983275 , 0.200446 , 0
-0.986043 , 0.183563 , 0
-0.988523 , 0.166626 , 0
-0.990714 , 0.149641 , 0
-0.992615 , 0.132612 , 0
-0.994225 , 0.115544 , 0
-0.995542 , 0.0984415 , 0
-0.996566 , 0.0813104 , 0
-0.997297 , 0.0641554 , 0
-0.997733 , 0.0469814 , 0
-0.997874 , 0.0297935 , 0
-0.997719 , 0.0125968 , 0
-0.997268 , -0.00460363 , 0
-0.996521 , -0.0218027 , 0
-0.995478 , -0.0389953 , 0
-0.994137 , -0.0561762 , 0
-0.9925 , -0.0733404 , 0
-0.990566 , -0.0904827 , 0
-0.988336 , -0.107598 , 0
-0.985809 , -0.124681 , 0
-0.982986 , -0.141726 , 0
-0.979867 , -0.158729 , 0
-0.976454 , -0.175684 , 0
-0.972745 , -0.192586 , 0
-0.968742 , -0.20943 , 0
-0.964446 , -0.22621 , 0
-0.959858 , -0.242922 , 0
-0.954978 , -0.25956 , 0
-0.949808 , -0.276119 , 0
-0.944349 , -0.292594 , 0
-0.938602 , -0.30898 , 0
-0.932568 , -0.325271 , 0
-0.926248 , -0.341463 , 0
-0.919645 , -0.35755 , 0
-0.91276 , -0.373528 , 0
-0.905594 , -0.389391 , 0
-0.89815 , -0.405134 , 0
-0.890429 , -0.420752 , 0
-0.882434 , -0.43624 , 0
-0.874165 , -0.451594 , 0
-0.865626 , -0.466808 , 0
-0.856819 , -0.481877 , 0
-0.847747 , -0.496797 , 0
-0.838411 , -0.511562 , 0
-0.828814 , -0.526169 , 0
-0.818958 , -0.540611 , 0
-0.808848 , -0.554885 , 0
-0.798485 , -0.568986 , 0
-0.787872 , -0.582908 , 0
-0.777012 , -0.596648 , 0
-0.765909 , -0.610201 , 0
-0.754566 , -0.623563 , 0
-0.742986 , -0.636729 , 0
-0.731171 , -0.649694 , 0
-0.719127 , -0.662455 , 0
-0.706856 , -0.675007 , 0
-0.694362 , -0.687346 , 0
-0.681648 , -0.699467 , 0
-0.668718 , -0.711368 , 0
-0.655577 , -0.723043 , 0
-0.642228 , -0.734489 , 0
-0.628676 , -0.745701 , 0
-0.614923 , -0.756677 , 0
-0.600975 , -0.767413 , 0
-0.586836 , -0.777904 , 0
-0.57251 , -0.788148 , 0
-0.558002 , -0.79814 , 0
-0.543315 , -0.807877 , 0
-0.528455 , -0.817357 , 0
-0.513426 , -0.826575 , 0
-0.498232 , -0.835529 , 0
-0.482879 , -0.844215 , 0
-0.467372 , -0.852631 , 0
-0.451715 , -0.860773 , 0
-0.435912 , -0.86864 , 0
-0.41997 , -0.876227 , 0
-0.403893 , -0.883533 , 0
-0.387686 , -0.890555 , 0
-0.371354 , -0.897291 , 0
-0.354903 , -0.903738 , 0
-0.338338 , -0.909893 , 0
-0.321663 , -0.915756 , 0
-0.304885 , -0.921324 , 0
-0.288009 , -0.926594 , 0
-0.271039 , -0.931566 , 0
-0.253983 , -0.936237 , 0
-0.236844 , -0.940605 , 0
-0.219629 , -0.94467 , 0
-0.202342 , -0.94843 , 0
-0.184991 , -0.951883 , 0
-0.167579 , -0.955029 , 0
-0.150114 , -0.957866 , 0
-0.1326 , -0.960393 , 0
-0.115043 , -0.962609 , 0
-0.0974485 , -0.964514 , 0
-0.0798227 , -0.966108 , 0
-0.0621712 , -0.967388 , 0
-0.0444995 , -0.968356 , 0
-0.0268134 , -0.96901 , 0
-0.00911868 , -0.969351 , 0
0.00857902 , -0.969378 , 0
0.0262739 , -0.969092 , 0
0.0439604 , -0.968492 , 0
0.0616326 , -0.967579 , 0
0.0792848 , -0.966353 , 0
0.0969115 , -0.964815 , 0
0.114507 , -0.962964 , 0
0.132065 , -0.960803 , 0
0.149581 , -0.958331 , 0
0.167048 , -0.95555 , 0
0.184461 , -0.95246 , 0
0.201815 , -0.949063 , 0
0.219104 , -0.945359 , 0
0.236322 , -0.941351 , 0
0.253464 , -0.937039 , 0
0.270524 , -0.932425 , 0
0.287497 , -0.927511 , 0
0.304378 , -0.922299 , 0
0.321161 , -0.91679 , 0
0.33784 , -0.910986 , 0
0.354411 , -0.904889 , 0
0.370868 , -0.898502 , 0
0.387206 , -0.891826 , 0
0.40342 , -0.884865 , 0
0.419505 , -0.87762 , 0
0.435455 , -0.870094 , 0
0.451266 , -0.862289 , 0
0.466933 , -0.854209 , 0
0.48245 , -0.845856 , 0
0.497814 , -0.837233 , 0
0.513019 , -0.828343 , 0
0.52806 , -0.819189 , 0
0.542933 , -0.809774 , 0
0.557634 , -0.800102 , 0
0.572157 , -0.790176 , 0
0.586499 , -0.779998 , 0
0.600655 , -0.769574 , 0
0.61462 , -0.758906 , 0
0.628392 , -0.747997 , 0
0.641964 , -0.736852 , 0
0.655334 , -0.725475 , 0
0.668497 , -0.713868 , 0
0.681449 , -0.702037 , 0
0.694187 , -0.689985 , 0
0.706707 , -0.677716 , 0
0.719005 , -0.665234 , 0
0.731078 , -0.652543 , 0
0.742921 , -0.639649 , 0
0.754532 , -0.626554 , 0
0.765908 , -0.613263 , 0
0.777044 , -0.599781 , 0
0.787939 , -0.586112 , 0
0.798588 , -0.572261 , 0
0.808989 , -0.558232 , 0
0.819139 , -0.54403 , 0
0.829035 , -0.529659 , 0
0.838674 , -0.515124 , 0
0.848054 , -0.50043 , 0
0.857173 , -0.485581 , 0
0.866027 , -0.470583 , 0
0.874614 , -0.45544 , 0
0.882933 , -0.440156 , 0
0.890981 , -0.424738 , 0
0.898756 , -0.40919 , 0
0.906255 , -0.393516 , 0
0.913478 , -0.377722 , 0
0.920422 , -0.361813 , 0
0.927086 , -0.345794 , 0
0.933467 , -0.32967 , 0
0.939565 , -0.313445 , 0
0.945379 , -0.297125 , 0
0.950905 , -0.280715 , 0
0.956145 , -0.264221 , 0
0.961095 , -0.247647 , 0
0.965756 , -0.230998 , 0
0.970126 , -0.214279 , 0
0.974205 , -0.197496 , 0
0.977991 , -0.180654 , 0
0.981484 , -0.163757 , 0
0.984684 , -0.146812 , 0
0.98759 , -0.129823 , 0
0.990201 , -0.112795 , 0
0.992517 , -0.0957337 , 0
0.994538 , -0.0786438 , 0
0.996264 , -0.0615305 , 0
0.997695 , -0.044399 , 0
0.998831 , -0.0272544 , 0
0.999671 , -0.0101017 , 0
1.00022 , 0.00705393 , 0
1.00047 , 0.0242075 , 0
1.00042 , 0.041354 , 0
1.00009 , 0.0584883 , 0
0.999458 , 0.0756055 , 0
0.998536 , 0.0927005 , 0
0.997322 , 0.109768 , 0
0.995816 , 0.126804 , 0
0.994021 , 0.143803 , 0
0.991937 , 0.160761 , 0
0.989564 , 0.177671 , 0
0.986904 , 0.19453 , 0
0.983959 , 0.211333 , 0
0.980729 , 0.228074 , 0
0.977216 , 0.24475 , 0
0.973422 , 0.261355 , 0
0.969347 , 0.277885 , 0
0.964993 , 0.294335 , 0
0.960363 , 0.3107 , 0
0.955457 , 0.326977 , 0
0.950278 , 0.34316 , 0
0.944828 , 0.359245 , 0
0.939108 , 0.375227 , 0
0.93312 , 0.391102 , 0
0.926867 , 0.406867 , 0
0.92035 , 0.422515 , 0
0.913572 , 0.438044 , 0
0.906535 , 0.453448 , 0
0.899242 , 0.468725 , 0
0.891695 , 0.483868 , 0
0.883896 , 0.498875 , 0
0.875848 , 0.513742 , 0
0.867553 , 0.528464 , 0
0.859014 , 0.543037 , 0
0.850234 , 0.557458 , 0
0.841216 , 0.571723 , 0
0.831962 , 0.585827 , 0
0.822475 , 0.599768 , 0
0.812759 , 0.613541 , 0
0.802816 , 0.627142 , 0
0.792649 , 0.640569 , 0
0.782261 , 0.653818 , 0
0.771656 , 0.666885 , 0
0.760836 , 0.679766 , 0
0.749805 , 0.692459 , 0
0.738567 , 0.70496 , 0
0.727123 , 0.717265 , 0
0.715479 , 0.729373 , 0
0.703637 , 0.741279 , 0
0.691601 , 0.75298 , 0
0.679374 , 0.764473 , 0
0.66696 , 0.775756 , 0
0.654362 , 0.786825 , 0
0.641585 , 0.797678 , 0
0.628631 , 0.808312 , 0
0.615504 , 0.818724 , 0
0.602209 , 0.828912 , 0
0.588749 , 0.838872 , 0
0.575128 , 0.848603 , 0
0.561349 , 0.858101 , 0
0.547417 , 0.867365 , 0
0.533335 , 0.876392 , 0
0.519108 , 0.88518 , 0
0.504739 , 0.893726 , 0
0.490232 , 0.902029 , 0
0.475592 , 0.910086 , 0
0.460823 , 0.917896 , 0
0.445928 , 0.925456 , 0
0.430912 , 0.932764 , 0
0.415779 , 0.939818 , 0
0.400533 , 0.946618 , 0
0.385179 , 0.953161 , 0
0.36972 , 0.959445 , 0
0.35416 , 0.965469 , 0
0.338505 , 0.971231 , 0
0.322758 , 0.976731 , 0
0.306924 , 0.981966 , 0
0.291006 , 0.986935 , 0
0.27501 , 0.991637 , 0
0.25894 , 0.996071 , 0
0.242799 , 1.00024 , 0
0.226593 , 1.00413 , 0
0.210325 , 1.00775 , 0
0.194001 , 1.0111 , 0
0.177625 , 1.01418 , 0
0.1612 , 1.01699 , 0
0.144732 , 1.01951 , 0
0.128225 , 1.02177 , 0
0.111683 , 1.02375 , 0
0.0951112 , 1.02545 , 0
0.0785136 , 1.02688 , 0
0.0618949 , 1.02802 , 0
0.0452595 , 1.02889 , 0
0.0286118 , 1.02949 , 0
0.0119565 , 1.0298 , 0
-0.0047021 , 1.02984 , 0
-0.0213594 , 1.0296 , 0
-0.038011 , 1.02908 , 0
-0.0546523 , 1.02829 , 0
-0.0712788 , 1.02722 , 0
-0.0878861 , 1.02587 , 0
-0.10447 , 1.02424 , 0
-0.121025 , 1.02233 , 0
-0.137548 , 1.02015 , 0
-0.154033 , 1.0177 , 0
-0.170477 , 1.01497 , 0
-0.186875 , 1.01196 , 0
-0.203222 , 1.00868 , 0
-0.219514 , 1.00513 , 0
-0.235747 , 1.00131 , 0
-0.251916 , 0.997213 , 0
-0.268017 , 0.992849 , 0
-0.284045 , 0.988215 , 0
-0.299996 , 0.983313 , 0
-0.315866 , 0.978144 , 0
-0.33165 , 0.97271 , 0
-0.347344 , 0.967012 , 0
-0.362944 , 0.961051 , 0
-0.378445 , 0.954829 , 0
-0.393843 , 0.948348 , 0
-0.409134 , 0.941608 , 0
-0.424314 , 0.934611 , 0
-0.439377 , 0.92736 , 0
-0.454321 , 0.919856 , 0
-0.469141 , 0.912101 , 0
-0.483833 , 0.904097 , 0
-0.498393 , 0.895846 , 0
-0.512816 , 0.88735 , 0
-0.527099 , 0.87861 , 0
-0.541237 , 0.869631 , 0
-0.555227 , 0.860412 , 0
-0.569065 , 0.850958 , 0
-0.582746 , 0.841269 , 0
-0.596267 , 0.831349 , 0
-0.609624 , 0.821201 , 0
-0.622814 , 0.810826 , 0
-0.635831 , 0.800228 , 0
-0.648673 , 0.789409 , 0
-0.661335 , 0.778372 , 0
-0.673815 , 0.767119 , 0
-0.686108 , 0.755654 , 0
-0.698211 , 0.74398 , 0
-0.71012 , 0.732099 , 0
-0.721832 , 0.720015 , 0
-0.733343 , 0.70773 , 0
-0.74465 , 0.695249 , 0
-0.75575 , 0.682573 , 0
-0.766638 , 0.669708 , 0
-0.777313 , 0.656655 , 0
-0.78777 , 0.643418 , 0
-0.798006 , 0.630002 , 0
-0.808018 , 0.616408 , 0
-0.817804 , 0.602642 , 0
-0.82736 , 0.588706 , 0
-0.836683 , 0.574604 , 0
-0.84577 , 0.560341 , 0
-0.854618 , 0.545919 , 0
-0.863225 , 0.531343 , 0
-0.871588 , 0.516617 , 0
-0.879704 , 0.501744 , 0
-0.88757 , 0.486729 , 0
-0.895184 , 0.471576 , 0
-0.902543 , 0.456288 , 0
-0.909645 , 0.440871 , 0
-0.916487 , 0.425328 , 0
-0.923068 , 0.409663 , 0
-0.929384 , 0.393881 , 0
-0.935435 , 0.377986 , 0
-0.941216 , 0.361983 , 0
-0.946728 , 0.345875 , 0
-0.951966 , 0.329668 , 0
-0.956931 , 0.313366 , 0
-0.961619 , 0.296974 , 0
-0.966029 , 0.280496 , 0
-0.97016 , 0.263936 , 0
-0.974009 , 0.2473 , 0
-0.977575 , 0.230592 , 0
-0.980857 , 0.213817 , 0
-0.983853 , 0.19698 , 0
-0.986562 , 0.180085 , 0
-0.988983 , 0.163138 , 0
-0.991115 , 0.146143 , 0
-0.992956 , 0.129105 , 0
-0.994505 , 0.112029 , 0
-0.995763 , 0.0949207 , 0
-0.996726 , 0.0777841 , 0
-0.997396 , 0.0606245 , 0
-0.997772 , 0.043447 , 0
-0.997852 , 0.0262566 , 0
-0.997636 , 0.00905851 , 0
-0.997125 , -0.00814231 , 0
-0.996317 , -0.0253407 , 0
-0.995212 , -0.0425316 , 0
-0.993811 , -0.0597097 , 0
-0.992113 , -0.0768701 , 0
-0.990118 , -0.0940074 , 0
-0.987826 , -0.111117 , 0
-0.985238 , -0.128192 , 0
-0.982355 , -0.14523 , 0
-0.979175 , -0.162223 , 0
-0.9757 , -0.179168 , 0
-0.971931 , -0.196059 , 0
-0.967868 , -0.21289 , 0
-0.963512 , -0.229657 , 0
-0.958863 , -0.246354 , 0
-0.953924 , -0.262977 , 0
-0.948694 , -0.279519 , 0
-0.943175 , -0.295976 , 0
-0.937368 , -0.312343 , 0
-0.931276 , -0.328615 , 0
-0.924898 , -0.344786 , 0
-0.918236 , -0.360851 , 0
-0.911293 , -0.376806 , 0
-0.90407 , -0.392645 , 0
-0.896568 , -0.408363 , 0
-0.88879 , -0.423955 , 0
-0.880738 , -0.439416 , 0
-0.872414 , -0.454741 , 0
-0.86382 , -0.469926 , 0
-0.854958 , -0.484965 , 0
-0.84583 , -0.499853 , 0
-0.83644 , -0.514587 , 0
-0.826789 , -0.52916 , 0
-0.816881 , -0.543568 , 0
-0.806718 , -0.557807 , 0
-0.796303 , -0.571871 , 0
-0.785639 , -0.585757 , 0
-0.774729 , -0.599459 , 0
-0.763576 , -0.612973 , 0
-0.752184 , -0.626294 , 0
-0.740555 , -0.639419 , 0
-0.728693 , -0.652343 , 0
-0.716601 , -0.665061 , 0
-0.704283 , -0.67757 , 0
-0.691743 , -0.689864 , 0
-0.678985 , -0.701941 , 0
-0.666011 , -0.713795 , 0
-0.652827 , -0.725423 , 0
-0.639436 , -0.736821 , 0
-0.625841 , -0.747986 , 0
-0.612048 , -0.758913 , 0
-0.59806 , -0.769598 , 0
-0.583882 , -0.780038 , 0
-0.569518 , -0.79023 , 0
-0.554972 , -0.80017 , 0
-0.540249 , -0.809855 , 0
-0.525354 , -0.819281 , 0
-0.51029 , -0.828445 , 0
-0.495063 , -0.837344 , 0
-0.479678 , -0.845975 , 0
-0.464139 , -0.854334 , 0
-0.448451 , -0.86242 , 0
-0.43262 , -0.870229 , 0
-0.416649 , -0.877759 , 0
-0.400545 , -0.885006 , 0
-0.384312 , -0.89197 , 0
-0.367955 , -0.898646 , 0
-0.351479 , -0.905033 , 0
-0.334891 , -0.911128 , 0
-0.318195 , -0.91693 , 0
-0.301396 , -0.922437 , 0
-0.2845 , -0.927646 , 0
-0.267512 , -0.932555 , 0
-0.250438 , -0.937164 , 0
-0.233283 , -0.94147 , 0
-0.216052 , -0.945472 , 0
-0.198752 , -0.949169 , 0
-0.181387 , -0.952558 , 0
-0.163964 , -0.95564 , 0
-0.146488 , -0.958413 , 0
-0.128965 , -0.960876 , 0
-0.1114 , -0.963029 , 0
-0.0937984 , -0.96487 , 0
-0.0761669 , -0.966398 , 0
-0.0585107 , -0.967614 , 0
-0.0408356 , -0.968517 , 0
-0.0231473 , -0.969107 , 0
-0.00545144 , -0.969383 , 0
0.0122461 , -0.969345 , 0
0.0299398 , -0.968994 , 0
0.0476237 , -0.96833 , 0
0.0652922 , -0.967352 , 0
0.0829396 , -0.966062 , 0
0.10056 , -0.964459 , 0
0.118148 , -0.962544 , 0
0.135698 , -0.960319 , 0
0.153204 , -0.957783 , 0
0.170661 , -0.954938 , 0
0.188062 , -0.951784 , 0
0.205403 , -0.948324 , 0
0.222678 , -0.944557 , 0
0.239881 , -0.940486 , 0
0.257006 , -0.936112 , 0
0.274049 , -0.931436 , 0
0.291003 , -0.92646 , 0
0.307864 , -0.921187 , 0
0.324626 , -0.915616 , 0
0.341283 , -0.909752 , 0
0.357831 , -0.903595 , 0
0.374263 , -0.897148 , 0
0.390576 , -0.890414 , 0
0.406764 , -0.883393 , 0
0.422821 , -0.87609 , 0
0.438743 , -0.868506 , 0
0.454524 , -0.860645 , 0
0.470161 , -0.852508 , 0
0.485647 , -0.844099 , 0
0.500978 , -0.835421 , 0
0.516149 , -0.826476 , 0
0.531156 , -0.817269 , 0
0.545994 , -0.807801 , 0
0.560658 , -0.798076 , 0
0.575144 , -0.788097 , 0
0.589448 , -0.777869 , 0
0.603565 , -0.767394 , 0
0.617491 , -0.756676 , 0
0.631221 , -0.745718 , 0
0.644752 , -0.734525 , 0
0.658079 , -0.7231 , 0
0.671199 , -0.711447 , 0
0.684107 , -0.69957 , 0
0.696801 , -0.687473 , 0
0.709275 , -0.67516 , 0
0.721526 , -0.662635 , 0
0.733552 , -0.649902 , 0
0.745348 , -0.636966 , 0
0.75691 , -0.62383 , 0
0.768237 , -0.6105 , 0
0.779323 , -0.596979 , 0
0.790167 , -0.583273 , 0
0.800766 , -0.569385 , 0
0.811115 , -0.55532 , 0
0.821213 , -0.541082 , 0
0.831056 , -0.526677 , 0
0.840642 , -0.51211 , 0
0.849968 , -0.497383 , 0
0.859032 , -0.482504 , 0
0.867832 , -0.467475 , 0
0.876364 , -0.452303 , 0
0.884627 , -0.436992 , 0
0.892619 , -0.421547 , 0
0.900337 , -0.405973 , 0
0.907779 , -0.390274 , 0
0.914945 , -0.374456 , 0
0.921831 , -0.358524 , 0
0.928437 , -0.342483 , 0
0.93476 , -0.326338 , 0
0.9408 , -0.310093 , 0
0.946554 , -0.293755 , 0
0.952021 , -0.277327 , 0
0.957201 , -0.260816 , 0
0.962092 , -0.244226 , 0
0.966693 , -0.227563 , 0
0.971003 , -0.210831 , 0
0.975022 , -0.194036 , 0
0.978748 , -0.177182 , 0
0.982181 , -0.160275 , 0
0.98532 , -0.143321 , 0
0.988165 , -0.126324 , 0
0.990715 , -0.109289 , 0
0.992971 , -0.0922211 , 0
0.994931 , -0.0751263 , 0
0.996597 , -0.0580091 , 0
0.997967 , -0.0408747 , 0
0.999042 , -0.0237283 , 0
0.999821 , -0.00657479 , 0
1.00031 , 0.0105806 , 0
1.0005 , 0.0277329 , 0
1.00039 , 0.044877 , 0
0.999997 , 0.062008 , 0
0.999307 , 0.0791208 , 0
0.998324 , 0.0962104 , 0
0.99705 , 0.113272 , 0
0.995485 , 0.1303 , 0
0.99363 , 0.147291 , 0
0.991487 , 0.164239 , 0
0.989055 , 0.181139 , 0
0.986337 , 0.197986 , 0
0.983333 , 0.214777 , 0
0.980045 , 0.231505 , 0
0.976474 , 0.248166 , 0
0.972622 , 0.264756 , 0
0.96849 , 0.28127 , 0
0.964079 , 0.297702 , 0
0.959392 , 0.31405 , 0
0.95443 , 0.330307 , 0
0.949195 , 0.34647 , 0
0.943689 , 0.362534 , 0
0.937914 , 0.378495 , 0
0.931872 , 0.394347 , 0
0.925564 , 0.410088 , 0
0.918994 , 0.425712 , 0
0.912163 , 0.441215 , 0
0.905074 , 0.456594 , 0
0.897728 , 0.471843 , 0
0.890129 , 0.486959 , 0
0.882279 , 0.501937 , 0
0.87418 , 0.516774 , 0
0.865835 , 0.531466 , 0
0.857247 , 0.546008 , 0
0.848418 , 0.560397 , 0
0.839351 , 0.574629 , 0
0.830049 , 0.5887 , 0
0.820515 , 0.602606 , 0
0.810752 , 0.616344 , 0
0.800763 , 0.62991 , 0
0.79055 , 0.643301 , 0
0.780118 , 0.656512 , 0
0.769468 , 0.669541 , 0
0.758605 , 0.682384 , 0
0.747532 , 0.695037 , 0
0.736251 , 0.707498 , 0
0.724767 , 0.719764 , 0
0.713082 , 0.73183 , 0
0.7012 , 0.743694 , 0
0.689124 , 0.755352 , 0
0.676859 , 0.766803 , 0
0.664407 , 0.778042 , 0
0.651772 , 0.789067 , 0
0.638958 , 0.799875 , 0
0.625969 , 0.810464 , 0
0.612807 , 0.82083 , 0
0.599478 , 0.830971 , 0
0.585985 , 0.840884 , 0
0.572331 , 0.850568 , 0
0.55852 , 0.860018 , 0
0.544557 , 0.869234 , 0
0.530446 , 0.878212 , 0
0.516189 , 0.88695 , 0
0.501792 , 0.895447 , 0
0.487258 , 0.9037 , 0
0.472591 , 0.911706 , 0
0.457796 , 0.919464 , 0
0.442876 , 0.926973 , 0
0.427836 , 0.934229 , 0
0.412679 , 0.941232 , 0
0.397411 , 0.947979 , 0
0.382035 , 0.954469 , 0
0.366555 , 0.9607 , 0
0.350976 , 0.96667 , 0
0.335301 , 0.972379 , 0
0.319536 , 0.977824 , 0
0.303684 , 0.983004 , 0
0.28775 , 0.987919 , 0
0.271739 , 0.992566 , 0
0.255653 , 0.996945 , 0
0.239499 , 1.00105 , 0
0.22328 , 1.00489 , 0
0.207001 , 1.00846 , 0
0.190666 , 1.01176 , 0
0.174279 , 1.01478 , 0
0.157845 , 1.01753 , 0
0.141369 , 1.02 , 0
0.124854 , 1.0222 , 0
0.108306 , 1.02412 , 0
0.0917282 , 1.02576 , 0
0.075126 , 1.02713 , 0
0.0585035 , 1.02822 , 0
0.0418652 , 1.02904 , 0
0.0252156 , 1.02957 , 0
0.00855919 , 1.02983 , 0
-0.00809951 , 1.02981 , 0
-0.024756 , 1.02952 , 0
-0.0414059 , 1.02894 , 0
-0.0580445 , 1.02809 , 0
-0.0746675 , 1.02696 , 0
-0.0912703 , 1.02555 , 0
-0.107849 , 1.02387 , 0
-0.124398 , 1.02191 , 0
-0.140913 , 1.01967 , 0
-0.15739 , 1.01716 , 0
-0.173825 , 1.01437 , 0
-0.190213 , 1.01131 , 0
-0.20655 , 1.00798 , 0
-0.22283 , 1.00437 , 0
-0.23905 , 1.00049 , 0
-0.255206 , 0.996341 , 0
-0.271292 , 0.991921 , 0
-0.287305 , 0.987232 , 0
-0.30324 , 0.982275 , 0
-0.319093 , 0.977052 , 0
-0.334859 , 0.971564 , 0
-0.350534 , 0.965812 , 0
-0.366114 , 0.959797 , 0
-0.381594 , 0.953522 , 0
-0.396971 , 0.946987 , 0
-0.412239 , 0.940194 , 0
-0.427395 , 0.933146 , 0
-0.442435 , 0.925843 , 0
-0.457354 , 0.918287 , 0
-0.472148 , 0.910481 , 0
-0.486813 , 0.902426 , 0
-0.501346 , 0.894124 , 0
-0.51574 , 0.885578 , 0
-0.529994 , 0.876789 , 0
-0.544103 , 0.86776 , 0
-0.558062 , 0.858493 , 0
-0.571868 , 0.84899 , 0
-0.585517 , 0.839254 , 0
-0.599005 , 0.829287 , 0
-0.612328 , 0.819092 , 0
-0.625482 , 0.808671 , 0
-0.638464 , 0.798027 , 0
-0.651269 , 0.787163 , 0
-0.663895 , 0.776081 , 0
-0.676337 , 0.764785 , 0
-0.688591 , 0.753276 , 0
-0.700655 , 0.741559 , 0
-0.712524 , 0.729636 , 0
-0.724195 , 0.717511 , 0
-0.735665 , 0.705185 , 0
-0.74693 , 0.692664 , 0
-0.757986 , 0.679949 , 0
-0.768831 , 0.667045 , 0
-0.779461 , 0.653954 , 0
-0.789873 , 0.64068 , 0
-0.800064 , 0.627226 , 0
-0.810031 , 0.613597 , 0
-0.81977 , 0.599795 , 0
-0.829278 , 0.585825 , 0
-0.838553 , 0.57169 , 0
-0.847591 , 0.557393 , 0
-0.85639 , 0.542939 , 0
-0.864948 , 0.528332 , 0
-0.87326 , 0.513575 , 0
-0.881325 , 0.498673 , 0
-0.889139 , 0.483629 , 0
-0.896701 , 0.468448 , 0
-0.904008 , 0.453133 , 0
-0.911057 , 0.437689 , 0
-0.917846 , 0.42212 , 0
-0.924373 , 0.406431 , 0
-0.930635 , 0.390625 , 0
-0.93663 , 0.374707 , 0
-0.942356 , 0.358682 , 0
-0.947812 , 0.342553 , 0
-0.952995 , 0.326326 , 0
-0.957902 , 0.310005 , 0
-0.962534 , 0.293595 , 0
-0.966887 , 0.277099 , 0
-0.970959 , 0.260523 , 0
-0.974751 , 0.243872 , 0
-0.978259 , 0.22715 , 0
-0.981482 , 0.210361 , 0
-0.984419 , 0.193512 , 0
-0.98707 , 0.176605 , 0
-0.989431 , 0.159648 , 0
-0.991503 , 0.142643 , 0
-0.993284 , 0.125597 , 0
-0.994774 , 0.108514 , 0
-0.995971 , 0.0913987 , 0
-0.996874 , 0.0742566 , 0
-0.997484 , 0.0570927 , 0
-0.997798 , 0.0399119 , 0
-0.997818 , 0.0227193 , 0
-0.997541 , 0.00551997 , 0
-0.996969 , -0.011681 , 0
-0.9961 , -0.0288785 , 0
-0.994934 , -0.0460674 , 0
-0.993472 , -0.0632426 , 0
-0.991712 , -0.0803989 , 0
-0.989657 , -0.0975311 , 0
-0.987304 , -0.114634 , 0
-0.984655 , -0.131703 , 0
-0.98171 , -0.148732 , 0
-0.97847 , -0.165716 , 0
-0.974935 , -0.18265 , 0
-0.971105 , -0.199529 , 0
-0.966981 , -0.216348 , 0
-0.962565 , -0.233101 , 0
-0.957856 , -0.249784 , 0
-0.952857 , -0.26639 , 0
-0.947567 , -0.282916 , 0
-0.941989 , -0.299355 , 0
-0.936123 , -0.315703 , 0
-0.929971 , -0.331954 , 0
-0.923535 , -0.348104 , 0
-0.916815 , -0.364147 , 0
-0.909814 , -0.380079 , 0
-0.902533 , -0.395893 , 0
-0.894975 , -0.411586 , 0
-0.88714 , -0.427152 , 0
-0.879031 , -0.442585 , 0
-0.870651 , -0.457882 , 0
-0.862001 , -0.473038 , 0
-0.853084 , -0.488046 , 0
-0.843903 , -0.502903 , 0
-0.834458 , -0.517604 , 0
-0.824754 , -0.532144 , 0
-0.814793 , -0.546518 , 0
-0.804578 , -0.560721 , 0
-0.794112 , -0.574749 , 0
-0.783396 , -0.588597 , 0
-0.772436 , -0.602261 , 0
-0.761233 , -0.615736 , 0
-0.749791 , -0.629018 , 0
-0.738114 , -0.642101 , 0
-0.726204 , -0.654983 , 0
-0.714065 , -0.667659 , 0
-0.701702 , -0.680123 , 0
-0.689116 , -0.692373 , 0
-0.676313 , -0.704405 , 0
-0.663295 , -0.716213 , 0
-0.650068 , -0.727794 , 0
-0.636634 , -0.739144 , 0
-0.622998 , -0.75026 , 0
-0.609164 , -0.761137 , 0
-0.595137 , -0.771773 , 0
-0.58092 , -0.782162 , 0
-0.566518 , -0.792303 , 0
-0.551935 , -0.80219 , 0
-0.537176 , -0.811822 , 0
-0.522245 , -0.821194 , 0
-0.507148 , -0.830304 , 0
-0.491888 , -0.839147 , 0
-0.47647 , -0.847723 , 0
-0.4609 , -0.856026 , 0
-0.445182 , -0.864055 , 0
-0.429321 , -0.871807 , 0
-0.413323 , -0.879278 , 0
-0.397191 , -0.886468 , 0
-0.380932 , -0.893372 , 0
-0.36455 , -0.899988 , 0
-0.348051 , -0.906315 , 0
-0.33144 , -0.912351 , 0
-0.314722 , -0.918092 , 0
-0.297902 , -0.923537 , 0
-0.280987 , -0.928684 , 0
-0.26398 , -0.933532 , 0
-0.246889 , -0.938078 , 0
-0.229718 , -0.942322 , 0
-0.212473 , -0.946261 , 0
-0.195159 , -0.949894 , 0
-0.177782 , -0.953221 , 0
-0.160347 , -0.956239 , 0
-0.142861 , -0.958948 , 0
-0.125328 , -0.961347 , 0
-0.107755 , -0.963435 , 0
-0.0901471 , -0.965211 , 0
-0.07251 , -0.966675 , 0
-0.0548494 , -0.967827 , 0
-0.0371711 , -0.968665 , 0
-0.0194808 , -0.96919 , 0
-0.00178414 , -0.969401 , 0
0.0159131 , -0.969299 , 0
0.0336052 , -0.968883 , 0
0.0512864 , -0.968154 , 0
0.068951 , -0.967112 , 0
0.0865933 , -0.965757 , 0
0.104208 , -0.96409 , 0
0.121788 , -0.962111 , 0
0.13933 , -0.959821 , 0
0.156826 , -0.957222 , 0
0.174271 , -0.954313 , 0
0.191661 , -0.951096 , 0
0.208988 , -0.947572 , 0
0.226249 , -0.943742 , 0
0.243436 , -0.939609 , 0
0.260544 , -0.935172 , 0
0.277569 , -0.930434 , 0
0.294505 , -0.925397 , 0
0.311345 , -0.920062 , 0
0.328086 , -0.914431 , 0
0.344721 , -0.908506 , 0
0.361245 , -0.902289 , 0
0.377654 , -0.895782 , 0
0.393941 , -0.888989 , 0
0.410102 , -0.88191 , 0
0.426131 , -0.874549 , 0
0.442025 , -0.866907 , 0
0.457776 , -0.858989 , 0
0.473382 , -0.850796 , 0
0.488836 , -0.842331 , 0
0.504135 , -0.833598 , 0
0.519272 , -0.824599 , 0
0.534245 , -0.815337 , 0
0.549047 , -0.805816 , 0
0.563675 , -0.796039 , 0
0.578124 , -0.786008 , 0
0.592389 , -0.775729 , 0
0.606467 , -0.765204 , 0
0.620352 , -0.754436 , 0
0.634042 , -0.74343 , 0
0.647531 , -0.732189 , 0
0.660816 , -0.720716 , 0
0.673892 , -0.709017 , 0
0.686756 , -0.697094 , 0
0.699404 , -0.684952 , 0
0.711833 , -0.672595 , 0
0.724038 , -0.660027 , 0
0.736016 , -0.647252 , 0
0.747764 , -0.634275 , 0
0.759278 , -0.621099 , 0
0.770555 , -0.607729 , 0
0.781592 , -0.59417 , 0
0.792386 , -0.580426 , 0
0.802933 , -0.566501 , 0
0.81323 , -0.5524 , 0
0.823276 , -0.538128 , 0
0.833066 , -0.523689 , 0
0.842599 , -0.509089 , 0
0.851871 , -0.494331 , 0
0.860881 , -0.47942 , 0
0.869625 , -0.464362 , 0
0.878102 , -0.449161 , 0
0.886309 , -0.433822 , 0
0.894245 , -0.41835 , 0
0.901906 , -0.40275 , 0
0.909292 , -0.387027 , 0
0.9164 , -0.371185 , 0
0.923228 , -0.355231 , 0
0.929776 , -0.339168 , 0
0.936041 , -0.323002 , 0
0.942021 , -0.306738 , 0
0.947717 , -0.290381 , 0
0.953125 , -0.273936 , 0
0.958245 , -0.257408 , 0
0.963077 , -0.240803 , 0
0.967618 , -0.224125 , 0
0.971868 , -0.20738 , 0
0.975826 , -0.190573 , 0
0.979492 , -0.173708 , 0
0.982864 , -0.156791 , 0
0.985943 , -0.139828 , 0
0.988728 , -0.122823 , 0
0.991217 , -0.105781 , 0
0.993412 , -0.0887076 , 0
0.995312 , -0.0716079 , 0
0.996917 , -0.054487 , 0
0.998226 , -0.03735 , 0
0.99924 , -0.0202019 , 0
0.999959 , -0.00304788 , 0
1.00038 , 0.0141071 , 0
1.00051 , 0.0312578 , 0
1.00035 , 0.0483994 , 0
0.999893 , 0.0655268 , 0
0.999143 , 0.082635 , 0
0.9981 , 0.0997191 , 0
0.996766 , 0.116774 , 0
0.995142 , 0.133795 , 0
0.993227 , 0.150777 , 0
0.991025 , 0.167715 , 0
0.988534 , 0.184604 , 0
0.985757 , 0.20144 , 0
0.982695 , 0.218218 , 0
0.979348 , 0.234932 , 0
0.97572 , 0.251579 , 0
0.97181 , 0.268154 , 0
0.967621 , 0.284651 , 0
0.963153 , 0.301066 , 0
0.95841 , 0.317395 , 0
0.953392 , 0.333633 , 0
0.948101 , 0.349776 , 0
0.94254 , 0.365819 , 0
0.93671 , 0.381758 , 0
0.930613 , 0.397588 , 0
0.924251 , 0.413304 , 0
0.917627 , 0.428904 , 0
0.910743 , 0.444382 , 0
0.903601 , 0.459734 , 0
0.896203 , 0.474956 , 0
0.888553 , 0.490043 , 0
0.880651 , 0.504993 , 0
0.872502 , 0.5198 , 0
0.864107 , 0.534461 , 0
0.855469 , 0.548972 , 0
0.846591 , 0.563329 , 0
0.837476 , 0.577528 , 0
0.828127 , 0.591566 , 0
0.818545 , 0.605437 , 0
0.808736 , 0.61914 , 0
0.798701 , 0.63267 , 0
0.788443 , 0.646024 , 0
0.777966 , 0.659198 , 0
0.767272 , 0.672189 , 0
0.756366 , 0.684994 , 0
0.74525 , 0.697608 , 0
0.733927 , 0.710029 , 0
0.722401 , 0.722253 , 0
0.710676 , 0.734278 , 0
0.698754 , 0.7461 , 0
0.686639 , 0.757716 , 0
0.674335 , 0.769124 , 0
0.661846 , 0.780319 , 0
0.649174 , 0.7913 , 0
0.636324 , 0.802063 , 0
0.623299 , 0.812606 , 0
0.610103 , 0.822926 , 0
0.59674 , 0.833021 , 0
0.583214 , 0.842887 , 0
0.569528 , 0.852523 , 0
0.555686 , 0.861925 , 0
0.541692 , 0.871092 , 0
0.52755 , 0.880021 , 0
0.513265 , 0.88871 , 0
0.498839 , 0.897157 , 0
0.484278 , 0.905359 , 0
0.469585 , 0.913315 , 0
0.454763 , 0.921023 , 0
0.439819 , 0.928479 , 0
0.424754 , 0.935684 , 0
0.409575 , 0.942634 , 0
0.394284 , 0.949329 , 0
0.378886 , 0.955766 , 0
0.363386 , 0.961943 , 0
0.347787 , 0.96786 , 0
0.332093 , 0.973515 , 0
0.31631 , 0.978906 , 0
0.300441 , 0.984032 , 0
0.284491 , 0.988892 , 0
0.268464 , 0.993484 , 0
0.252365 , 0.997808 , 0
0.236197 , 1.00186 , 0
0.219965 , 1.00565 , 0
0.203674 , 1.00916 , 0
0.187328 , 1.0124 , 0
0.170931 , 1.01536 , 0
0.154488 , 1.01805 , 0
0.138004 , 1.02047 , 0
0.121482 , 1.02261 , 0
0.104927 , 1.02448 , 0
0.0883442 , 1.02607 , 0
0.0717375 , 1.02738 , 0
0.0551114 , 1.02841 , 0
0.0384704 , 1.02917 , 0
0.021819 , 1.02965 , 0
0.0051618 , 1.02985 , 0
-0.0114968 , 1.02978 , 0
-0.0281524 , 1.02942 , 0
-0.0448003 , 1.02879 , 0
-0.0614361 , 1.02788 , 0
-0.0780554 , 1.02669 , 0
-0.0946536 , 1.02523 , 0
-0.111226 , 1.02349 , 0
-0.127769 , 1.02147 , 0
-0.144277 , 1.01918 , 0
-0.160746 , 1.01661 , 0
-0.177172 , 1.01377 , 0
-0.193549 , 1.01065 , 0
-0.209875 , 1.00726 , 0
-0.226143 , 1.0036 , 0
-0.242351 , 0.999662 , 0
-0.258492 , 0.995456 , 0
-0.274564 , 0.990981 , 0
-0.290561 , 0.986237 , 0
-0.30648 , 0.981226 , 0
-0.322315 , 0.975949 , 0
-0.338063 , 0.970406 , 0
-0.353719 , 0.9646 , 0
-0.369279 , 0.958532 , 0
-0.384739 , 0.952203 , 0
-0.400094 , 0.945615 , 0
-0.41534 , 0.93877 , 0
-0.430472 , 0.931669 , 0
-0.445488 , 0.924314 , 0
-0.460382 , 0.916707 , 0
-0.47515 , 0.90885 , 0
-0.489788 , 0.900744 , 0
-0.504293 , 0.892392 , 0
-0.518659 , 0.883795 , 0
-0.532883 , 0.874957 , 0
-0.546962 , 0.865879 , 0
-0.56089 , 0.856563 , 0
-0.574664 , 0.847012 , 0
-0.588281 , 0.837229 , 0
-0.601735 , 0.827215 , 0
-0.615024 , 0.816973 , 0
-0.628143 , 0.806506 , 0
-0.641089 , 0.795817 , 0
-0.653858 , 0.784908 , 0
-0.666447 , 0.773782 , 0
-0.67885 , 0.762441 , 0
-0.691066 , 0.75089 , 0
-0.70309 , 0.73913 , 0
-0.714919 , 0.727165 , 0
-0.72655 , 0.714998 , 0
-0.737978 , 0.702632 , 0
-0.7492 , 0.690071 , 0
-0.760214 , 0.677317 , 0
-0.771015 , 0.664374 , 0
-0.781601 , 0.651245 , 0
-0.791968 , 0.637933 , 0
-0.802113 , 0.624443 , 0
-0.812033 , 0.610778 , 0
-0.821725 , 0.596942 , 0
-0.831186 , 0.582937 , 0
-0.840413 , 0.568768 , 0
-0.849402 , 0.554439 , 0
-0.858152 , 0.539953 , 0
-0.86666 , 0.525315 , 0
-0.874921 , 0.510527 , 0
-0.882935 , 0.495595 , 0
-0.890698 , 0.480523 , 0
-0.898208 , 0.465313 , 0
-0.905462 , 0.449972 , 0
-0.912458 , 0.434502 , 0
-0.919193 , 0.418907 , 0
-0.925666 , 0.403194 , 0
-0.931874 , 0.387364 , 0
-0.937814 , 0.371424 , 0
-0.943485 , 0.355377 , 0
-0.948885 , 0.339227 , 0
-0.954011 , 0.32298 , 0
-0.958862 , 0.30664 , 0
-0.963437 , 0.290212 , 0
-0.967732 , 0.273699 , 0
-0.971747 , 0.257107 , 0
-0.975481 , 0.24044 , 0
-0.97893 , 0.223704 , 0
-0.982095 , 0.206902 , 0
-0.984974 , 0.190041 , 0
-0.987564 , 0.173123 , 0
-0.989867 , 0.156155 , 0
-0.991879 , 0.139142 , 0
-0.9936 , 0.122087 , 0
-0.99503 , 0.104997 , 0
-0.996166 , 0.0878753 , 0
-0.997009 , 0.0707282 , 0
-0.997558 , 0.0535601 , 0
-0.997812 , 0.0363762 , 0
-0.997771 , 0.0191816 , 0
-0.997434 , 0.00198125 , 0
-0.9968 , -0.0152197 , 0
-0.99587 , -0.0324161 , 0
-0.994643 , -0.0496028 , 0
-0.99312 , -0.0667748 , 0
-0.9913 , -0.0839267 , 0
-0.989183 , -0.101054 , 0
-0.986769 , -0.11815 , 0
-0.984059 , -0.135211 , 0
-0.981054 , -0.152232 , 0
-0.977752 , -0.169206 , 0
-0.974156 , -0.18613 , 0
-0.970266 , -0.202997 , 0
-0.966082 , -0.219803 , 0
-0.961605 , -0.236542 , 0
-0.956837 , -0.25321 , 0
-0.951777 , -0.2698 , 0
-0.946428 , -0.286309 , 0
-0.94079 , -0.30273 , 0
-0.934866 , -0.319059 , 0
-0.928655 , -0.33529 , 0
-0.92216 , -0.351418 , 0
-0.915382 , -0.367439 , 0
-0.908323 , -0.383347 , 0
-0.900985 , -0.399137 , 0
-0.893369 , -0.414804 , 0
-0.885478 , -0.430343 , 0
-0.877313 , -0.445749 , 0
-0.868877 , -0.461018 , 0
-0.860172 , -0.476143 , 0
-0.8512 , -0.491121 , 0
-0.841964 , -0.505947 , 0
-0.832466 , -0.520615 , 0
-0.822708 , -0.535121 , 0
-0.812695 , -0.54946 , 0
-0.802427 , -0.563628 , 0
-0.791909 , -0.577619 , 0
-0.781143 , -0.59143 , 0
-0.770132 , -0.605055 , 0
-0.75888 , -0.618491 , 0
-0.747389 , -0.631732 , 0
-0.735663 , -0.644775 , 0
-0.723706 , -0.657615 , 0
-0.71152 , -0.670247 , 0
-0.69911 , -0.682668 , 0
-0.686479 , -0.694873 , 0
-0.673631 , -0.706859 , 0
-0.66057 , -0.718621 , 0
-0.6473 , -0.730155 , 0
-0.633824 , -0.741457 , 0
-0.620147 , -0.752524 , 0
-0.606273 , -0.763352 , 0
-0.592205 , -0.773937 , 0
-0.57795 , -0.784276 , 0
-0.56351 , -0.794364 , 0
-0.54889 , -0.804199 , 0
-0.534095 , -0.813778 , 0
-0.51913 , -0.823096 , 0
-0.503998 , -0.832151 , 0
-0.488705 , -0.84094 , 0
-0.473256 , -0.849459 , 0
-0.457655 , -0.857706 , 0
-0.441907 , -0.865678 , 0
-0.426017 , -0.873372 , 0
-0.40999 , -0.880786 , 0
-0.393832 , -0.887917 , 0
-0.377547 , -0.894762 , 0
-0.36114 , -0.901319 , 0
-0.344618 , -0.907586 , 0
-0.327984 , -0.91356 , 0
-0.311244 , -0.919241 , 0
-0.294405 , -0.924624 , 0
-0.27747 , -0.92971 , 0
-0.260445 , -0.934496 , 0
-0.243337 , -0.93898 , 0
-0.22615 , -0.94316 , 0
-0.20889 , -0.947037 , 0
-0.191563 , -0.950607 , 0
-0.174173 , -0.953869 , 0
-0.156728 , -0.956824 , 0
-0.139231 , -0.959469 , 0
-0.12169 , -0.961804 , 0
-0.104109 , -0.963828 , 0
-0.0864945 , -0.96554 , 0
-0.0688521 , -0.966939 , 0
-0.0511874 , -0.968026 , 0
-0.0335061 , -0.9688 , 0
-0.015814 , -0.96926 , 0
0.00188319 , -0.969407 , 0
0.0195798 , -0.96924 , 0
0.0372701 , -0.968759 , 0
0.0549483 , -0.967965 , 0
0.0726088 , -0.966858 , 0
0.0902457 , -0.965439 , 0
0.107854 , -0.963707 , 0
0.125426 , -0.961664 , 0
0.142959 , -0.959311 , 0
0.160445 , -0.956647 , 0
0.17788 , -0.953674 , 0
0.195257 , -0.950394 , 0
0.212571 , -0.946807 , 0
0.229816 , -0.942915 , 0
0.246987 , -0.938718 , 0
0.264079 , -0.934219 , 0
0.281086 , -0.92942 , 0
0.298002 , -0.924321 , 0
0.314823 , -0.918924 , 0
0.331542 , -0.913232 , 0
0.348154 , -0.907247 , 0
0.364655 , -0.90097 , 0
0.381039 , -0.894404 , 0
0.3973 , -0.887552 , 0
0.413434 , -0.880414 , 0
0.429436 , -0.872995 , 0
0.4453 , -0.865297 , 0
0.461022 , -0.857321 , 0
0.476597 , -0.849072 , 0
0.492019 , -0.840552 , 0
0.507285 , -0.831764 , 0
0.522389 , -0.82271 , 0
0.537326 , -0.813395 , 0
0.552093 , -0.80382 , 0
0.566684 , -0.793991 , 0
0.581095 , -0.783909 , 0
0.595322 , -0.773578 , 0
0.60936 , -0.763003 , 0
0.623206 , -0.752186 , 0
0.636854 , -0.741131 , 0
0.650301 , -0.729842 , 0
0.663543 , -0.718323 , 0
0.676576 , -0.706577 , 0
0.689396 , -0.694609 , 0
0.701999 , -0.682423 , 0
0.714382 , -0.670022 , 0
0.72654 , -0.657411 , 0
0.738471 , -0.644594 , 0
0.750171 , -0.631575 , 0
0.761636 , -0.618359 , 0
0.772864 , -0.60495 , 0
0.783851 , -0.591353 , 0
0.794593 , -0.577571 , 0
0.805089 , -0.56361 , 0
0.815335 , -0.549474 , 0
0.825328 , -0.535167 , 0
0.835065 , -0.520695 , 0
0.844544 , -0.506061 , 0
0.853763 , -0.491272 , 0
0.862718 , -0.476331 , 0
0.871407 , -0.461243 , 0
0.879829 , -0.446013 , 0
0.88798 , -0.430647 , 0
0.895859 , -0.415148 , 0
0.903464 , -0.399522 , 0
0.910792 , -0.383774 , 0
0.917843 , -0.367909 , 0
0.924613 , -0.351932 , 0
0.931103 , -0.335848 , 0
0.937309 , -0.319662 , 0
0.943231 , -0.303378 , 0
0.948867 , -0.287003 , 0
0.954217 , -0.270541 , 0
0.959277 , -0.253997 , 0
0.964049 , -0.237377 , 0
0.96853 , -0.220685 , 0
0.97272 , -0.203927 , 0
0.976619 , -0.187108 , 0
0.980224 , -0.170232 , 0
0.983536 , -0.153306 , 0
0.986554 , -0.136333 , 0
0.989278 , -0.11932 , 0
0.991707 , -0.102272 , 0
0.993841 , -0.085193 , 0
0.99568 , -0.0680888 , 0
0.997224 , -0.0509644 , 0
0.998473 , -0.0338249 , 0
0.999426 , -0.0166754 , 0
1.00008 , 0.000478954 , 0
1.00045 , 0.0176332 , 0
1.00052 , 0.0347823 , 0
1.00029 , 0.0519211 , 0
0.999777 , 0.0690447 , 0
0.998966 , 0.0861481 , 0
0.997864 , 0.103226 , 0
0.99647 , 0.120274 , 0
0.994786 , 0.137287 , 0
0.992812 , 0.154261 , 0
0.99055 , 0.171189 , 0
0.988001 , 0.188067 , 0
0.985165 , 0.204891 , 0
0.982044 , 0.221656 , 0
0.97864 , 0.238357 , 0
0.974954 , 0.254989 , 0
0.970986 , 0.271548 , 0
0.96674 , 0.288028 , 0
0.962216 , 0.304426 , 0
0.957416 , 0.320737 , 0
0.952342 , 0.336956 , 0
0.946995 , 0.353078 , 0
0.941379 , 0.3691 , 0
0.935494 , 0.385016 , 0
0.929343 , 0.400823 , 0
0.922927 , 0.416516 , 0
0.91625 , 0.43209 , 0
0.909312 , 0.447543 , 0
0.902118 , 0.462868 , 0
0.894668 , 0.478063 , 0
0.886966 , 0.493122 , 0
0.879013 , 0.508043 , 0
0.870813 , 0.52282 , 0
0.862368 , 0.537451 , 0
0.853681 , 0.55193 , 0
0.844755 , 0.566255 , 0
0.835591 , 0.580421 , 0
0.826194 , 0.594424 , 0
0.816566 , 0.608262 , 0
0.80671 , 0.621929 , 0
0.796629 , 0.635423 , 0
0.786326 , 0.64874 , 0
0.775805 , 0.661877 , 0
0.765067 , 0.67483 , 0
0.754118 , 0.687595 , 0
0.742959 , 0.70017 , 0
0.731595 , 0.712551 , 0
0.720028 , 0.724735 , 0
0.708262 , 0.736718 , 0
0.6963 , 0.748498 , 0
0.684147 , 0.760071 , 0
0.671804 , 0.771435 , 0
0.659277 , 0.782587 , 0
0.646569 , 0.793523 , 0
0.633683 , 0.804242 , 0
0.620623 , 0.814739 , 0
0.607392 , 0.825013 , 0
0.593996 , 0.835061 , 0
0.580436 , 0.84488 , 0
0.566718 , 0.854468 , 0
0.552845 , 0.863822 , 0
0.53882 , 0.872941 , 0
0.524649 , 0.881821 , 0
0.510335 , 0.89046 , 0
0.495881 , 0.898857 , 0
0.481292 , 0.907009 , 0
0.466573 , 0.914914 , 0
0.451726 , 0.92257 , 0
0.436756 , 0.929975 , 0
0.421668 , 0.937128 , 0
0.406466 , 0.944026 , 0
0.391153 , 0.950668 , 0
0.375733 , 0.957052 , 0
0.360213 , 0.963176 , 0
0.344594 , 0.969039 , 0
0.328882 , 0.97464 , 0
0.313081 , 0.979977 , 0
0.297195 , 0.985049 , 0
0.281229 , 0.989854 , 0
0.265187 , 0.994391 , 0
0.249073 , 0.99866 , 0
0.232892 , 1.00266 , 0
0.216647 , 1.00639 , 0
0.200345 , 1.00984 , 0
0.183988 , 1.01303 , 0
0.167581 , 1.01593 , 0
0.15113 , 1.01857 , 0
0.134637 , 1.02093 , 0
0.118108 , 1.02302 , 0
0.101547 , 1.02482 , 0
0.0849592 , 1.02636 , 0
0.0683481 , 1.02761 , 0
0.0517186 , 1.02859 , 0
0.0350752 , 1.02929 , 0
0.0184222 , 1.02971 , 0
0.00176435 , 1.02986 , 0
-0.014894 , 1.02973 , 0
-0.0315484 , 1.02931 , 0
-0.0481942 , 1.02863 , 0
-0.0648271 , 1.02766 , 0
-0.0814424 , 1.02642 , 0
-0.0980357 , 1.0249 , 0
-0.114603 , 1.0231 , 0
-0.131139 , 1.02103 , 0
-0.147639 , 1.01868 , 0
-0.1641 , 1.01605 , 0
-0.180516 , 1.01315 , 0
-0.196883 , 1.00998 , 0
-0.213197 , 1.00653 , 0
-0.229454 , 1.00281 , 0
-0.245648 , 0.998822 , 0
-0.261776 , 0.994561 , 0
-0.277833 , 0.990031 , 0
-0.293815 , 0.985232 , 0
-0.309717 , 0.980166 , 0
-0.325534 , 0.974834 , 0
-0.341264 , 0.969237 , 0
-0.356901 , 0.963378 , 0
-0.372441 , 0.957256 , 0
-0.387879 , 0.950874 , 0
-0.403212 , 0.944233 , 0
-0.418435 , 0.937335 , 0
-0.433544 , 0.930182 , 0
-0.448535 , 0.922775 , 0
-0.463404 , 0.915117 , 0
-0.478146 , 0.907208 , 0
-0.492757 , 0.899052 , 0
-0.507234 , 0.890649 , 0
-0.521572 , 0.882003 , 0
-0.535767 , 0.873115 , 0
-0.549815 , 0.863988 , 0
-0.563712 , 0.854624 , 0
-0.577454 , 0.845025 , 0
-0.591038 , 0.835194 , 0
-0.604459 , 0.825133 , 0
-0.617713 , 0.814845 , 0
-0.630797 , 0.804332 , 0
-0.643708 , 0.793597 , 0
-0.65644 , 0.782643 , 0
-0.668991 , 0.771473 , 0
-0.681356 , 0.760089 , 0
-0.693533 , 0.748495 , 0
-0.705518 , 0.736692 , 0
-0.717307 , 0.724686 , 0
-0.728896 , 0.712478 , 0
-0.740282 , 0.700071 , 0
-0.751462 , 0.68747 , 0
-0.762433 , 0.674676 , 0
-0.77319 , 0.661695 , 0
-0.783731 , 0.648528 , 0
-0.794053 , 0.63518 , 0
-0.804153 , 0.621653 , 0
-0.814026 , 0.607952 , 0
-0.823671 , 0.594081 , 0
-0.833084 , 0.580042 , 0
-0.842263 , 0.56584 , 0
-0.851204 , 0.551478 , 0
-0.859904 , 0.53696 , 0
-0.868361 , 0.522291 , 0
-0.876572 , 0.507473 , 0
-0.884535 , 0.492512 , 0
-0.892246 , 0.477411 , 0
-0.899704 , 0.462174 , 0
-0.906905 , 0.446805 , 0
-0.913848 , 0.431309 , 0
-0.92053 , 0.41569 , 0
-0.926948 , 0.399951 , 0
-0.933101 , 0.384099 , 0
-0.938987 , 0.368136 , 0
-0.944602 , 0.352067 , 0
-0.949946 , 0.335897 , 0
-0.955016 , 0.319631 , 0
-0.959811 , 0.303272 , 0
-0.964328 , 0.286825 , 0
-0.968566 , 0.270296 , 0
-0.972523 , 0.253688 , 0
-0.976199 , 0.237006 , 0
-0.97959 , 0.220256 , 0
-0.982696 , 0.203441 , 0
-0.985515 , 0.186567 , 0
-0.988047 , 0.169639 , 0
-0.99029 , 0.152661 , 0
-0.992242 , 0.135638 , 0
-0.993904 , 0.118575 , 0
-0.995273 , 0.101478 , 0
-0.99635 , 0.0843508 , 0
-0.997132 , 0.0671987 , 0
-0.997621 , 0.0500267 , 0
-0.997814 , 0.03284 , 0
-0.997712 , 0.0156435 , 0
-0.997314 , -0.0015576 , 0
-0.996619 , -0.0187583 , 0
-0.995628 , -0.0359533 , 0
-0.99434 , -0.0531377 , 0
-0.992756 , -0.0703062 , 0
-0.990874 , -0.0874537 , 0
-0.988696 , -0.104575 , 0
-0.986222 , -0.121665 , 0
-0.983451 , -0.138718 , 0
-0.980384 , -0.15573 , 0
-0.977022 , -0.172695 , 0
-0.973366 , -0.189607 , 0
-0.969415 , -0.206463 , 0
-0.96517 , -0.223255 , 0
-0.960633 , -0.239981 , 0
-0.955805 , -0.256633 , 0
-0.950686 , -0.273207 , 0
-0.945277 , -0.289698 , 0
-0.93958 , -0.306101 , 0
-0.933596 , -0.32241 , 0
-0.927327 , -0.338621 , 0
-0.920773 , -0.354728 , 0
-0.913937 , -0.370726 , 0
-0.90682 , -0.38661 , 0
-0.899425 , -0.402375 , 0
-0.891752 , -0.418017 , 0
-0.883804 , -0.433529 , 0
-0.875583 , -0.448908 , 0
-0.867091 , -0.464147 , 0
-0.858331 , -0.479243 , 0
-0.849304 , -0.49419 , 0
-0.840014 , -0.508984 , 0
-0.830462 , -0.523619 , 0
-0.820651 , -0.538091 , 0
-0.810585 , -0.552395 , 0
-0.800266 , -0.566527 , 0
-0.789696 , -0.580482 , 0
-0.778879 , -0.594255 , 0
-0.767818 , -0.607842 , 0
-0.756516 , -0.621238 , 0
-0.744976 , -0.634439 , 0
-0.733203 , -0.64744 , 0
-0.721198 , -0.660238 , 0
-0.708965 , -0.672827 , 0
-0.696509 , -0.685204 , 0
-0.683833 , -0.697364 , 0
-0.670941 , -0.709304 , 0
-0.657836 , -0.721019 , 0
-0.644523 , -0.732506 , 0
-0.631005 , -0.74376 , 0
-0.617287 , -0.754778 , 0
-0.603372 , -0.765556 , 0
-0.589266 , -0.776091 , 0
-0.574972 , -0.786378 , 0
-0.560494 , -0.796415 , 0
-0.545838 , -0.806197 , 0
-0.531007 , -0.815722 , 0
-0.516007 , -0.824987 , 0
-0.500842 , -0.833987 , 0
-0.485516 , -0.842721 , 0
-0.470035 , -0.851184 , 0
-0.454403 , -0.859375 , 0
-0.438625 , -0.86729 , 0
-0.422707 , -0.874926 , 0
-0.406652 , -0.882282 , 0
-0.390467 , -0.889353 , 0
-0.374157 , -0.896139 , 0
-0.357726 , -0.902637 , 0
-0.341179 , -0.908844 , 0
-0.324523 , -0.914758 , 0
-0.307763 , -0.920377 , 0
-0.290903 , -0.925699 , 0
-0.273949 , -0.930723 , 0
-0.256907 , -0.935447 , 0
-0.239782 , -0.939868 , 0
-0.222579 , -0.943986 , 0
-0.205305 , -0.947799 , 0
-0.187964 , -0.951306 , 0
-0.170563 , -0.954505 , 0
-0.153106 , -0.957396 , 0
-0.1356 , -0.959977 , 0
-0.11805 , -0.962248 , 0
-0.100461 , -0.964207 , 0
-0.0828408 , -0.965855 , 0
-0.0651933 , -0.96719 , 0
-0.0475247 , -0.968212 , 0
-0.0298407 , -0.968921 , 0
-0.0121471 , -0.969317 , 0
0.00555048 , -0.969398 , 0
0.0232462 , -0.969167 , 0
0.0409345 , -0.968622 , 0
0.0586095 , -0.967763 , 0
0.0762655 , -0.966592 , 0
0.0938969 , -0.965108 , 0
0.111498 , -0.963312 , 0
0.129063 , -0.961204 , 0
0.146586 , -0.958787 , 0
0.164062 , -0.956059 , 0
0.181485 , -0.953023 , 0
0.19885 , -0.949679 , 0
0.21615 , -0.946029 , 0
0.23338 , -0.942074 , 0
0.250536 , -0.937815 , 0
0.26761 , -0.933254 , 0
0.284599 , -0.928392 , 0
0.301496 , -0.923232 , 0
0.318295 , -0.917774 , 0
0.334993 , -0.912022 , 0
0.351583 , -0.905976 , 0
0.36806 , -0.89964 , 0
0.384418 , -0.893014 , 0
0.400654 , -0.886103 , 0
0.416761 , -0.878907 , 0
0.432735 , -0.87143 , 0
0.44857 , -0.863674 , 0
0.464262 , -0.855642 , 0
0.479805 , -0.847337 , 0
0.495196 , -0.838761 , 0
0.510428 , -0.829918 , 0
0.525498 , -0.82081 , 0
0.5404 , -0.811441 , 0
0.555131 , -0.801814 , 0
0.569685 , -0.791932 , 0
0.584059 , -0.781799 , 0
0.598247 , -0.771418 , 0
0.612246 , -0.760792 , 0
0.626051 , -0.749926 , 0
0.639658 , -0.738822 , 0
0.653063 , -0.727486 , 0
0.666262 , -0.71592 , 0
0.679251 , -0.704128 , 0
0.692026 , -0.692115 , 0
0.704584 , -0.679884 , 0
0.716921 , -0.667439 , 0
0.729032 , -0.654786 , 0
0.740916 , -0.641927 , 0
0.752567 , -0.628868 , 0
0.763984 , -0.615612 , 0
0.775162 , -0.602164 , 0
0.786099 , -0.588528 , 0
0.796791 , -0.574709 , 0
0.807235 , -0.560711 , 0
0.817429 , -0.54654 , 0
0.827369 , -0.532199 , 0
0.837053 , -0.517693 , 0
0.846479 , -0.503027 , 0
0.855643 , -0.488206 , 0
0.864543 , -0.473235 , 0
0.873178 , -0.458118 , 0
0.881544 , -0.44286 , 0
0.889639 , -0.427466 , 0
0.897462 , -0.411941 , 0
0.905009 , -0.39629 , 0
0.912281 , -0.380517 , 0
0.919274 , -0.364629 , 0
0.925987 , -0.34863 , 0
0.932418 , -0.332524 , 0
0.938566 , -0.316318 , 0
0.944429 , -0.300015 , 0
0.950006 , -0.283622 , 0
0.955296 , -0.267143 , 0
0.960297 , -0.250583 , 0
0.965009 , -0.233948 , 0
0.96943 , -0.217242 , 0
0.97356 , -0.200471 , 0
0.977398 , -0.18364 , 0
0.980943 , -0.166754 , 0
0.984195 , -0.149818 , 0
0.987152 , -0.132837 , 0
0.989816 , -0.115817 , 0
0.992184 , -0.0987617 , 0
0.994257 , -0.0816774 , 0
0.996036 , -0.0645689 , 0
0.997519 , -0.0474412 , 0
0.998707 , -0.0302995 , 0
0.9996 , -0.0131489 , 0
1.0002 , 0.00400567 , 0
1.0005 , 0.021159 , 0
1.00051 , 0.0383062 , 0
1.00023 , 0.055442 , 0
0.999648 , 0.0725617 , 0
0.998778 , 0.0896601 , 0
0.997615 , 0.106732 , 0
0.996162 , 0.123773 , 0
0.994418 , 0.140778 , 0
0.992385 , 0.157742 , 0
0.990064 , 0.17466 , 0
0.987456 , 0.191528 , 0
0.984561 , 0.20834 , 0
0.981382 , 0.225092 , 0
0.97792 , 0.241779 , 0
0.974176 , 0.258396 , 0
0.970151 , 0.274939 , 0
0.965847 , 0.291402 , 0
0.961267 , 0.307783 , 0
0.95641 , 0.324074 , 0
0.95128 , 0.340274 , 0
0.945878 , 0.356375 , 0
0.940207 , 0.372376 , 0
0.934267 , 0.38827 , 0
0.928061 , 0.404053 , 0
0.921592 , 0.419722 , 0
0.914861 , 0.435272 , 0
0.907871 , 0.450698 , 0
0.900624 , 0.465997 , 0
0.893122 , 0.481164 , 0
0.885368 , 0.496195 , 0
0.877365 , 0.511086 , 0
0.869115 , 0.525834 , 0
0.86062 , 0.540433 , 0
0.851884 , 0.554881 , 0
0.842908 , 0.569173 , 0
0.833697 , 0.583306 , 0
0.824252 , 0.597276 , 0
0.814577 , 0.611078 , 0
0.804675 , 0.624711 , 0
0.794548 , 0.638169 , 0
0.7842 , 0.651449 , 0
0.773634 , 0.664548 , 0
0.762853 , 0.677462 , 0
0.751861 , 0.690189 , 0
0.74066 , 0.702724 , 0
0.729254 , 0.715065 , 0
0.717646 , 0.727207 , 0
0.705839 , 0.739149 , 0
0.693838 , 0.750887 , 0
0.681646 , 0.762418 , 0
0.669266 , 0.773738 , 0
0.656701 , 0.784846 , 0
0.643956 , 0.795738 , 0
0.631034 , 0.806411 , 0
0.617939 , 0.816862 , 0
0.604675 , 0.82709 , 0
0.591244 , 0.837091 , 0
0.577652 , 0.846863 , 0
0.563902 , 0.856404 , 0
0.549997 , 0.86571 , 0
0.535943 , 0.874779 , 0
0.521742 , 0.88361 , 0
0.507399 , 0.8922 , 0
0.492917 , 0.900547 , 0
0.478301 , 0.908648 , 0
0.463555 , 0.916502 , 0
0.448683 , 0.924107 , 0
0.433689 , 0.931461 , 0
0.418577 , 0.938561 , 0
0.403352 , 0.945407 , 0
0.388017 , 0.951996 , 0
0.372577 , 0.958327 , 0
0.357035 , 0.964398 , 0
0.341397 , 0.970207 , 0
0.325667 , 0.975754 , 0
0.309848 , 0.981037 , 0
0.293946 , 0.986054 , 0
0.277963 , 0.990805 , 0
0.261906 , 0.995287 , 0
0.245778 , 0.9995 , 0
0.229584 , 1.00344 , 0
0.213327 , 1.00712 , 0
0.197013 , 1.01052 , 0
0.180646 , 1.01364 , 0
0.16423 , 1.0165 , 0
0.147769 , 1.01908 , 0
0.131269 , 1.02138 , 0
0.114733 , 1.02341 , 0
0.0981665 , 1.02516 , 0
0.0815733 , 1.02664 , 0
0.0649581 , 1.02783 , 0
0.0483253 , 1.02876 , 0
0.0316796 , 1.0294 , 0
0.0150252 , 1.02976 , 0
-0.00163313 , 1.02985 , 0
-0.0182911 , 1.02966 , 0
-0.0349441 , 1.0292 , 0
-0.0515876 , 1.02845 , 0
-0.0682173 , 1.02743 , 0
-0.0848285 , 1.02613 , 0
-0.101417 , 1.02455 , 0
-0.117978 , 1.0227 , 0
-0.134507 , 1.02057 , 0
-0.151 , 1.01816 , 0
-0.167451 , 1.01548 , 0
-0.183858 , 1.01252 , 0
-0.200215 , 1.00929 , 0
-0.216518 , 1.00579 , 0
-0.232762 , 1.00202 , 0
-0.248943 , 0.99797 , 0
-0.265057 , 0.993654 , 0
-0.281099 , 0.989069 , 0
-0.297064 , 0.984215 , 0
-0.31295 , 0.979094 , 0
-0.32875 , 0.973708 , 0
-0.344461 , 0.968058 , 0
-0.360078 , 0.962144 , 0
-0.375598 , 0.955969 , 0
-0.391015 , 0.949534 , 0
-0.406326 , 0.94284 , 0
-0.421526 , 0.93589 , 0
-0.436612 , 0.928684 , 0
-0.451578 , 0.921226 , 0
-0.466421 , 0.913516 , 0
-0.481137 , 0.905556 , 0
-0.495721 , 0.897349 , 0
-0.510169 , 0.888896 , 0
-0.524478 , 0.8802 , 0
-0.538644 , 0.871263 , 0
-0.552661 , 0.862087 , 0
-0.566527 , 0.852675 , 0
-0.580237 , 0.843028 , 0
-0.593788 , 0.83315 , 0
-0.607175 , 0.823042 , 0
-0.620395 , 0.812707 , 0
-0.633444 , 0.802149 , 0
-0.646318 , 0.791369 , 0
-0.659014 , 0.78037 , 0
-0.671527 , 0.769155 , 0
-0.683855 , 0.757728 , 0
-0.695993 , 0.74609 , 0
-0.707937 , 0.734246 , 0
-0.719685 , 0.722198 , 0
-0.731233 , 0.709948 , 0
-0.742578 , 0.697502 , 0
-0.753715 , 0.68486 , 0
-0.764643 , 0.672028 , 0
-0.775356 , 0.659008 , 0
-0.785853 , 0.645803 , 0
-0.796129 , 0.632418 , 0
-0.806183 , 0.618856 , 0
-0.81601 , 0.605119 , 0
-0.825608 , 0.591213 , 0
-0.834973 , 0.57714 , 0
-0.844103 , 0.562905 , 0
-0.852995 , 0.54851 , 0
-0.861646 , 0.533961 , 0
-0.870053 , 0.519261 , 0
-0.878213 , 0.504413 , 0
-0.886124 , 0.489422 , 0
-0.893784 , 0.474293 , 0
-0.901189 , 0.459028 , 0
-0.908338 , 0.443633 , 0
-0.915227 , 0.428111 , 0
-0.921855 , 0.412467 , 0
-0.928219 , 0.396704 , 0
-0.934318 , 0.380829 , 0
-0.940148 , 0.364843 , 0
-0.945708 , 0.348753 , 0
-0.950996 , 0.332563 , 0
-0.956009 , 0.316277 , 0
-0.960747 , 0.299899 , 0
-0.965207 , 0.283435 , 0
-0.969388 , 0.266889 , 0
-0.973288 , 0.250265 , 0
-0.976905 , 0.233569 , 0
-0.980237 , 0.216804 , 0
-0.983285 , 0.199977 , 0
-0.986045 , 0.183091 , 0
-0.988518 , 0.166152 , 0
-0.990701 , 0.149164 , 0
-0.992594 , 0.132133 , 0
-0.994195 , 0.115062 , 0
-0.995504 , 0.0979581 , 0
-0.996521 , 0.0808251 , 0
-0.997243 , 0.0636683 , 0
-0.99767 , 0.0464926 , 0
-0.997803 , 0.0293032 , 0
-0.99764 , 0.0121051 , 0
-0.997181 , -0.00509655 , 0
-0.996425 , -0.0222967 , 0
-0.995373 , -0.0394902 , 0
-0.994025 , -0.056672 , 0
-0.992379 , -0.0738368 , 0
-0.990436 , -0.0909796 , 0
-0.988197 , -0.108095 , 0
-0.985662 , -0.125178 , 0
-0.98283 , -0.142224 , 0
-0.979703 , -0.159226 , 0
-0.97628 , -0.176181 , 0
-0.972562 , -0.193082 , 0
-0.968551 , -0.209926 , 0
-0.964246 , -0.226705 , 0
-0.959649 , -0.243416 , 0
-0.95476 , -0.260053 , 0
-0.949581 , -0.276611 , 0
-0.944113 , -0.293084 , 0
-0.938357 , -0.309468 , 0
-0.932314 , -0.325758 , 0
-0.925986 , -0.341948 , 0
-0.919374 , -0.358033 , 0
-0.91248 , -0.374008 , 0
-0.905306 , -0.389868 , 0
-0.897853 , -0.405609 , 0
-0.890123 , -0.421224 , 0
-0.882119 , -0.43671 , 0
-0.873841 , -0.45206 , 0
-0.865294 , -0.46727 , 0
-0.856478 , -0.482336 , 0
-0.847397 , -0.497252 , 0
-0.838052 , -0.512014 , 0
-0.828447 , -0.526616 , 0
-0.818583 , -0.541054 , 0
-0.808465 , -0.555323 , 0
-0.798093 , -0.569419 , 0
-0.787472 , -0.583337 , 0
-0.776605 , -0.597072 , 0
-0.765494 , -0.61062 , 0
-0.754142 , -0.623977 , 0
-0.742554 , -0.637137 , 0
-0.730732 , -0.650097 , 0
-0.71868 , -0.662852 , 0
-0.706401 , -0.675398 , 0
-0.693899 , -0.68773 , 0
-0.681178 , -0.699846 , 0
-0.668242 , -0.71174 , 0
-0.655093 , -0.723408 , 0
-0.641737 , -0.734847 , 0
-0.628178 , -0.746053 , 0
-0.614419 , -0.757022 , 0
-0.600464 , -0.76775 , 0
-0.586318 , -0.778234 , 0
-0.571986 , -0.78847 , 0
-0.557471 , -0.798455 , 0
-0.542778 , -0.808184 , 0
-0.527912 , -0.817656 , 0
-0.512877 , -0.826866 , 0
-0.497678 , -0.835812 , 0
-0.48232 , -0.84449 , 0
-0.466807 , -0.852897 , 0
-0.451145 , -0.861031 , 0
-0.435337 , -0.868889 , 0
-0.41939 , -0.876468 , 0
-0.403309 , -0.883765 , 0
-0.387097 , -0.890778 , 0
-0.370761 , -0.897505 , 0
-0.354306 , -0.903942 , 0
-0.337737 , -0.910089 , 0
-0.321058 , -0.915942 , 0
-0.304277 , -0.921501 , 0
-0.287397 , -0.926762 , 0
-0.270424 , -0.931724 , 0
-0.253365 , -0.936385 , 0
-0.236223 , -0.940744 , 0
-0.219005 , -0.944799 , 0
-0.201717 , -0.948549 , 0
-0.184363 , -0.951992 , 0
-0.166949 , -0.955128 , 0
-0.149482 , -0.957955 , 0
-0.131966 , -0.960472 , 0
-0.114408 , -0.962679 , 0
-0.0968126 , -0.964574 , 0
-0.0791858 , -0.966157 , 0
-0.0615335 , -0.967427 , 0
-0.0438613 , -0.968385 , 0
-0.0261748 , -0.969029 , 0
-0.00847995 , -0.96936 , 0
0.00921769 , -0.969377 , 0
0.0269124 , -0.96908 , 0
0.0445983 , -0.968471 , 0
0.0622698 , -0.967547 , 0
0.0799212 , -0.966311 , 0
0.0975468 , -0.964763 , 0
0.115141 , -0.962903 , 0
0.132698 , -0.960731 , 0
0.150212 , -0.95825 , 0
0.167677 , -0.955458 , 0
0.185088 , -0.952359 , 0
0.20244 , -0.948952 , 0
0.219726 , -0.945238 , 0
0.236942 , -0.94122 , 0
0.254081 , -0.936899 , 0
0.271138 , -0.932276 , 0
0.288108 , -0.927352 , 0
0.304985 , -0.92213 , 0
0.321764 , -0.916612 , 0
0.338439 , -0.910798 , 0
0.355006 , -0.904693 , 0
0.371459 , -0.898296 , 0
0.387793 , -0.891612 , 0
0.404002 , -0.884642 , 0
0.420082 , -0.877388 , 0
0.436028 , -0.869853 , 0
0.451834 , -0.86204 , 0
0.467495 , -0.853951 , 0
0.483007 , -0.84559 , 0
0.498365 , -0.836959 , 0
0.513564 , -0.828061 , 0
0.5286 , -0.818899 , 0
0.543467 , -0.809477 , 0
0.558162 , -0.799797 , 0
0.572679 , -0.789863 , 0
0.587014 , -0.779678 , 0
0.601164 , -0.769247 , 0
0.615123 , -0.758571 , 0
0.628887 , -0.747656 , 0
0.642453 , -0.736504 , 0
0.655815 , -0.72512 , 0
0.668971 , -0.713507 , 0
0.681916 , -0.701669 , 0
0.694647 , -0.689611 , 0
0.70716 , -0.677336 , 0
0.71945 , -0.664848 , 0
0.731515 , -0.652152 , 0
0.743351 , -0.639252 , 0
0.754954 , -0.626152 , 0
0.766322 , -0.612856 , 0
0.77745 , -0.599369 , 0
0.788336 , -0.585695 , 0
0.798977 , -0.571839 , 0
0.80937 , -0.557806 , 0
0.819512 , -0.543599 , 0
0.829399 , -0.529224 , 0
0.839031 , -0.514685 , 0
0.848402 , -0.499987 , 0
0.857512 , -0.485135 , 0
0.866358 , -0.470133 , 0
0.874937 , -0.454987 , 0
0.883247 , -0.4397 , 0
0.891286 , -0.424279 , 0
0.899052 , -0.408728 , 0
0.906543 , -0.393052 , 0
0.913758 , -0.377255 , 0
0.920693 , -0.361344 , 0
0.927348 , -0.345323 , 0
0.933721 , -0.329196 , 0
0.93981 , -0.31297 , 0
0.945614 , -0.296648 , 0
0.951132 , -0.280237 , 0
0.956363 , -0.263741 , 0
0.961305 , -0.247166 , 0
0.965957 , -0.230516 , 0
0.970318 , -0.213797 , 0
0.974388 , -0.197013 , 0
0.978166 , -0.18017 , 0
0.98165 , -0.163274 , 0
0.984841 , -0.146328 , 0
0.987738 , -0.129339 , 0
0.990341 , -0.112312 , 0
0.992649 , -0.0952504 , 0
0.994661 , -0.0781609 , 0
0.996379 , -0.0610483 , 0
0.997801 , -0.0439176 , 0
0.998929 , -0.0267739 , 0
0.999761 , -0.00962223 , 0
1.0003 , 0.00753223 , 0
1.00054 , 0.0246845 , 0
1.00049 , 0.0418295 , 0
1.00014 , 0.0589622 , 0
0.999507 , 0.0760776 , 0
0.998577 , 0.0931708 , 0
0.997354 , 0.110237 , 0
0.995841 , 0.127271 , 0
0.994038 , 0.144267 , 0
0.991946 , 0.161222 , 0
0.989566 , 0.17813 , 0
0.986898 , 0.194986 , 0
0.983946 , 0.211786 , 0
0.980708 , 0.228525 , 0
0.977188 , 0.245197 , 0
0.973386 , 0.261799 , 0
0.969304 , 0.278326 , 0
0.964943 , 0.294773 , 0
0.960306 , 0.311135 , 0
0.955393 , 0.327408 , 0
0.950207 , 0.343587 , 0
0.94475 , 0.359668 , 0
0.939023 , 0.375647 , 0
0.933029 , 0.391519 , 0
0.926769 , 0.407279 , 0
0.920246 , 0.422923 , 0
0.913461 , 0.438448 , 0
0.906418 , 0.453848 , 0
0.899119 , 0.46912 , 0
0.891566 , 0.484259 , 0
0.88376 , 0.499262 , 0
0.875706 , 0.514124 , 0
0.867406 , 0.528841 , 0
0.858861 , 0.54341 , 0
0.850076 , 0.557826 , 0
0.841052 , 0.572085 , 0
0.831792 , 0.586185 , 0
0.8223 , 0.60012 , 0
0.812579 , 0.613888 , 0
0.80263 , 0.627485 , 0
0.792458 , 0.640906 , 0
0.782065 , 0.65415 , 0
0.771455 , 0.667211 , 0
0.760631 , 0.680087 , 0
0.749595 , 0.692774 , 0
0.738352 , 0.70527 , 0
0.726904 , 0.71757 , 0
0.715255 , 0.729672 , 0
0.703409 , 0.741572 , 0
0.691369 , 0.753267 , 0
0.679138 , 0.764755 , 0
0.666719 , 0.776032 , 0
0.654118 , 0.787095 , 0
0.641336 , 0.797943 , 0
0.628379 , 0.80857 , 0
0.615249 , 0.818976 , 0
0.60195 , 0.829158 , 0
0.588486 , 0.839112 , 0
0.574861 , 0.848837 , 0
0.561079 , 0.858329 , 0
0.547144 , 0.867587 , 0
0.533059 , 0.876608 , 0
0.518829 , 0.885389 , 0
0.504457 , 0.89393 , 0
0.489948 , 0.902226 , 0
0.475305 , 0.910277 , 0
0.460533 , 0.91808 , 0
0.445635 , 0.925634 , 0
0.430617 , 0.932936 , 0
0.415482 , 0.939984 , 0
0.400233 , 0.946777 , 0
0.384877 , 0.953313 , 0
0.369415 , 0.959591 , 0
0.353854 , 0.965609 , 0
0.338197 , 0.971364 , 0
0.322448 , 0.976857 , 0
0.306612 , 0.982086 , 0
0.290693 , 0.987048 , 0
0.274695 , 0.991744 , 0
0.258623 , 0.996171 , 0
0.242481 , 1.00033 , 0
0.226273 , 1.00422 , 0
0.210005 , 1.00783 , 0
0.193679 , 1.01118 , 0
0.177302 , 1.01425 , 0
0.160876 , 1.01705 , 0
0.144407 , 1.01957 , 0
0.127899 , 1.02182 , 0
0.111357 , 1.02379 , 0
0.0947844 , 1.02548 , 0
0.0781864 , 1.0269 , 0
0.0615672 , 1.02804 , 0
0.0449315 , 1.02891 , 0
0.0282836 , 1.0295 , 0
0.0116281 , 1.0298 , 0
-0.0050306 , 1.02984 , 0
-0.0216879 , 1.02959 , 0
-0.0383393 , 1.02906 , 0
-0.0549804 , 1.02826 , 0
-0.0716067 , 1.02718 , 0
-0.0882136 , 1.02583 , 0
-0.104797 , 1.02419 , 0
-0.121352 , 1.02228 , 0
-0.137874 , 1.02009 , 0
-0.154358 , 1.01763 , 0
-0.170801 , 1.01489 , 0
-0.187198 , 1.01188 , 0
-0.203545 , 1.0086 , 0
-0.219836 , 1.00504 , 0
-0.236067 , 1.00121 , 0
-0.252235 , 0.997108 , 0
-0.268335 , 0.992736 , 0
-0.284361 , 0.988096 , 0
-0.300311 , 0.983187 , 0
-0.316179 , 0.978012 , 0
-0.331962 , 0.972571 , 0
-0.347654 , 0.966867 , 0
-0.363251 , 0.960899 , 0
-0.37875 , 0.954671 , 0
-0.394146 , 0.948182 , 0
-0.409435 , 0.941436 , 0
-0.424612 , 0.934433 , 0
-0.439674 , 0.927176 , 0
-0.454615 , 0.919665 , 0
-0.469433 , 0.911904 , 0
-0.484122 , 0.903893 , 0
-0.498679 , 0.895636 , 0
-0.513099 , 0.887133 , 0
-0.527379 , 0.878388 , 0
-0.541514 , 0.869401 , 0
-0.555501 , 0.860177 , 0
-0.569336 , 0.850716 , 0
-0.583014 , 0.841021 , 0
-0.596531 , 0.831095 , 0
-0.609885 , 0.820941 , 0
-0.62307 , 0.81056 , 0
-0.636084 , 0.799956 , 0
-0.648922 , 0.789131 , 0
-0.66158 , 0.778087 , 0
-0.674056 , 0.766829 , 0
-0.686345 , 0.755358 , 0
-0.698444 , 0.743678 , 0
-0.710348 , 0.731791 , 0
-0.722056 , 0.719701 , 0
-0.733563 , 0.707411 , 0
-0.744865 , 0.694924 , 0
-0.75596 , 0.682243 , 0
-0.766843 , 0.669372 , 0
-0.777513 , 0.656313 , 0
-0.787965 , 0.643071 , 0
-0.798196 , 0.629649 , 0
-0.808203 , 0.616051 , 0
-0.817984 , 0.602279 , 0
-0.827534 , 0.588338 , 0
-0.836852 , 0.574231 , 0
-0.845933 , 0.559963 , 0
-0.854776 , 0.545536 , 0
-0.863377 , 0.530955 , 0
-0.871734 , 0.516224 , 0
-0.879843 , 0.501347 , 0
-0.887703 , 0.486327 , 0
-0.895311 , 0.471169 , 0
-0.902664 , 0.455877 , 0
-0.909759 , 0.440455 , 0
-0.916595 , 0.424908 , 0
-0.92317 , 0.409239 , 0
-0.929479 , 0.393453 , 0
-0.935523 , 0.377554 , 0
-0.941298 , 0.361546 , 0
-0.946802 , 0.345435 , 0
-0.952034 , 0.329224 , 0
-0.956991 , 0.312919 , 0
-0.961672 , 0.296523 , 0
-0.966075 , 0.280041 , 0
-0.970198 , 0.263478 , 0
-0.97404 , 0.246839 , 0
-0.977599 , 0.230128 , 0
-0.980873 , 0.21335 , 0
-0.983861 , 0.19651 , 0
-0.986563 , 0.179613 , 0
-0.988976 , 0.162663 , 0
-0.9911 , 0.145666 , 0
-0.992933 , 0.128626 , 0
-0.994474 , 0.111548 , 0
-0.995723 , 0.0944369 , 0
-0.996679 , 0.0772983 , 0
-0.997341 , 0.060137 , 0
-0.997708 , 0.0429578 , 0
-0.99778 , 0.025766 , 0
-0.997556 , 0.00856648 , 0
-0.997036 , -0.00863555 , 0
-0.996219 , -0.025835 , 0
-0.995106 , -0.0430268 , 0
-0.993696 , -0.0602057 , 0
-0.991989 , -0.0773667 , 0
-0.989986 , -0.0945045 , 0
-0.987686 , -0.111614 , 0
-0.985089 , -0.12869 , 0
-0.982197 , -0.145727 , 0
-0.979008 , -0.162721 , 0
-0.975525 , -0.179665 , 0
-0.971747 , -0.196555 , 0
-0.967675 , -0.213386 , 0
-0.96331 , -0.230152 , 0
-0.958652 , -0.246848 , 0
-0.953704 , -0.263469 , 0
-0.948465 , -0.280011 , 0
-0.942938 , -0.296466 , 0
-0.937122 , -0.312832 , 0
-0.93102 , -0.329101 , 0
-0.924633 , -0.34527 , 0
-0.917963 , -0.361333 , 0
-0.911011 , -0.377286 , 0
-0.903779 , -0.393122 , 0
-0.896269 , -0.408837 , 0
-0.888482 , -0.424426 , 0
-0.880421 , -0.439884 , 0
-0.872088 , -0.455206 , 0
-0.863485 , -0.470388 , 0
-0.854615 , -0.485423 , 0
-0.845479 , -0.500308 , 0
-0.83608 , -0.515037 , 0
-0.826421 , -0.529606 , 0
-0.816505 , -0.54401 , 0
-0.806333 , -0.558244 , 0
-0.79591 , -0.572304 , 0
-0.785238 , -0.586185 , 0
-0.77432 , -0.599882 , 0
-0.763159 , -0.613391 , 0
-0.751758 , -0.626707 , 0
-0.740121 , -0.639826 , 0
-0.728252 , -0.652744 , 0
-0.716152 , -0.665457 , 0
-0.703827 , -0.677959 , 0
-0.69128 , -0.690248 , 0
-0.678514 , -0.702318 , 0
-0.665533 , -0.714166 , 0
-0.652341 , -0.725787 , 0
-0.638943 , -0.737179 , 0
-0.625342 , -0.748336 , 0
-0.611542 , -0.759256 , 0
-0.597547 , -0.769934 , 0
-0.583363 , -0.780367 , 0
-0.568992 , -0.790552 , 0
-0.55444 , -0.800484 , 0
-0.539711 , -0.810161 , 0
-0.52481 , -0.819579 , 0
-0.509741 , -0.828735 , 0
-0.494508 , -0.837625 , 0
-0.479118 , -0.846248 , 0
-0.463573 , -0.854599 , 0
-0.44788 , -0.862676 , 0
-0.432044 , -0.870477 , 0
-0.416069 , -0.877998 , 0
-0.399959 , -0.885237 , 0
-0.383722 , -0.892191 , 0
-0.367361 , -0.898858 , 0
-0.350881 , -0.905236 , 0
-0.334289 , -0.911322 , 0
-0.317589 , -0.917115 , 0
-0.300787 , -0.922612 , 0
-0.283887 , -0.927811 , 0
-0.266896 , -0.932711 , 0
-0.249819 , -0.93731 , 0
-0.232661 , -0.941607 , 0
-0.215428 , -0.945599 , 0
-0.198126 , -0.949286 , 0
-0.180759 , -0.952666 , 0
-0.163334 , -0.955738 , 0
-0.145856 , -0.958501 , 0
-0.128331 , -0.960954 , 0
-0.110765 , -0.963096 , 0
-0.0931623 , -0.964927 , 0
-0.0755298 , -0.966445 , 0
-0.0578729 , -0.967651 , 0
-0.0401973 , -0.968544 , 0
-0.0225086 , -0.969124 , 0
-0.00481271 , -0.96939 , 0
0.0128848 , -0.969342 , 0
0.0305781 , -0.968981 , 0
0.0482615 , -0.968306 , 0
0.0659293 , -0.967319 , 0
0.0835758 , -0.966018 , 0
0.101195 , -0.964405 , 0
0.118782 , -0.962481 , 0
0.13633 , -0.960245 , 0
0.153835 , -0.957699 , 0
0.171289 , -0.954844 , 0
0.188689 , -0.951681 , 0
0.206027 , -0.948211 , 0
0.223299 , -0.944434 , 0
0.240499 , -0.940354 , 0
0.257622 , -0.93597 , 0
0.274661 , -0.931285 , 0
0.291613 , -0.926299 , 0
0.30847 , -0.921016 , 0
0.325228 , -0.915437 , 0
0.341881 , -0.909563 , 0
0.358425 , -0.903397 , 0
0.374854 , -0.896941 , 0
0.391162 , -0.890197 , 0
0.407345 , -0.883168 , 0
0.423397 , -0.875856 , 0
0.439314 , -0.868264 , 0
0.455091 , -0.860394 , 0
0.470722 , -0.852249 , 0
0.486203 , -0.843832 , 0
0.501528 , -0.835146 , 0
0.516694 , -0.826193 , 0
0.531695 , -0.816977 , 0
0.546527 , -0.807501 , 0
0.561185 , -0.797769 , 0
0.575665 , -0.787783 , 0
0.589962 , -0.777547 , 0
0.604072 , -0.767065 , 0
0.617991 , -0.75634 , 0
0.631715 , -0.745376 , 0
0.645239 , -0.734176 , 0
0.658559 , -0.722744 , 0
0.671672 , -0.711085 , 0
0.684573 , -0.699202 , 0
0.697259 , -0.687098 , 0
0.709726 , -0.674779 , 0
0.72197 , -0.662248 , 0
0.733988 , -0.64951 , 0
0.745776 , -0.636568 , 0
0.75733 , -0.623427 , 0
0.768649 , -0.610092 , 0
0.779728 , -0.596566 , 0
0.790563 , -0.582855 , 0
0.801153 , -0.568962 , 0
0.811495 , -0.554893 , 0
0.821584 , -0.540651 , 0
0.831419 , -0.526242 , 0
0.840997 , -0.51167 , 0
0.850315 , -0.49694 , 0
0.85937 , -0.482057 , 0
0.868161 , -0.467025 , 0
0.876685 , -0.45185 , 0
0.884939 , -0.436535 , 0
0.892922 , -0.421087 , 0
0.900632 , -0.40551 , 0
0.908066 , -0.389809 , 0
0.915222 , -0.373989 , 0
0.9221 , -0.358055 , 0
0.928697 , -0.342011 , 0
0.935012 , -0.325864 , 0
0.941042 , -0.309618 , 0
0.946788 , -0.293278 , 0
0.952246 , -0.276849 , 0
0.957418 , -0.260337 , 0
0.9623 , -0.243746 , 0
0.966892 , -0.227081 , 0
0.971194 , -0.210349 , 0
0.975203 , -0.193553 , 0
0.978921 , -0.176699 , 0
0.982345 , -0.159792 , 0
0.985475 , -0.142837 , 0
0.988312 , -0.12584 , 0
0.990854 , -0.108805 , 0
0.993101 , -0.091738 , 0
0.995053 , -0.0746436 , 0
0.99671 , -0.0575271 , 0
0.998071 , -0.0403935 , 0
0.999138 , -0.023248 , 0
0.999909 , -0.0060956 , 0
1.00039 , 0.0110586 , 0
1.00057 , 0.0282095 , 0
1.00046 , 0.0453521 , 0
1.00005 , 0.0624815 , 0
0.999354 , 0.0795925 , 0
0.998363 , 0.0966802 , 0
0.997081 , 0.11374 , 0
0.995508 , 0.130766 , 0
0.993646 , 0.147754 , 0
0.991494 , 0.1647 , 0
0.989055 , 0.181597 , 0
0.986329 , 0.198442 , 0
0.983318 , 0.215229 , 0
0.980022 , 0.231955 , 0
0.976444 , 0.248613 , 0
0.972585 , 0.2652 , 0
0.968445 , 0.28171 , 0
0.964028 , 0.29814 , 0
0.959334 , 0.314484 , 0
0.954365 , 0.330738 , 0
0.949123 , 0.346897 , 0
0.94361 , 0.362957 , 0
0.937828 , 0.378914 , 0
0.931779 , 0.394763 , 0
0.925465 , 0.410499 , 0
0.918889 , 0.426119 , 0
0.912051 , 0.441618 , 0
0.904955 , 0.456992 , 0
0.897604 , 0.472237 , 0
0.889998 , 0.487349 , 0
0.882142 , 0.502322 , 0
0.874037 , 0.517155 , 0
0.865687 , 0.531842 , 0
0.857093 , 0.546379 , 0
0.848258 , 0.560763 , 0
0.839186 , 0.57499 , 0
0.829878 , 0.589056 , 0
0.820339 , 0.602958 , 0
0.810571 , 0.61669 , 0
0.800576 , 0.630251 , 0
0.790359 , 0.643636 , 0
0.779921 , 0.656843 , 0
0.769267 , 0.669866 , 0
0.758399 , 0.682704 , 0
0.747321 , 0.695352 , 0
0.736035 , 0.707807 , 0
0.724546 , 0.720067 , 0
0.712857 , 0.732127 , 0
0.700971 , 0.743986 , 0
0.688891 , 0.755639 , 0
0.676621 , 0.767083 , 0
0.664165 , 0.778317 , 0
0.651527 , 0.789336 , 0
0.638709 , 0.800138 , 0
0.625716 , 0.810721 , 0
0.612551 , 0.821081 , 0
0.599218 , 0.831216 , 0
0.585721 , 0.841123 , 0
0.572064 , 0.8508 , 0
0.55825 , 0.860245 , 0
0.544284 , 0.869454 , 0
0.530169 , 0.878426 , 0
0.515909 , 0.887159 , 0
0.501509 , 0.895649 , 0
0.486972 , 0.903895 , 0
0.472303 , 0.911895 , 0
0.457505 , 0.919648 , 0
0.442583 , 0.92715 , 0
0.42754 , 0.9344 , 0
0.412381 , 0.941396 , 0
0.39711 , 0.948136 , 0
0.381732 , 0.95462 , 0
0.36625 , 0.960844 , 0
0.350669 , 0.966808 , 0
0.334992 , 0.97251 , 0
0.319225 , 0.977949 , 0
0.303372 , 0.983123 , 0
0.287436 , 0.988031 , 0
0.271423 , 0.992672 , 0
0.255336 , 0.997044 , 0
0.239181 , 1.00115 , 0
0.22296 , 1.00498 , 0
0.20668 , 1.00854 , 0
0.190344 , 1.01183 , 0
0.173956 , 1.01484 , 0
0.157521 , 1.01758 , 0
0.141044 , 1.02005 , 0
0.124528 , 1.02224 , 0
0.107979 , 1.02416 , 0
0.0914014 , 1.0258 , 0
0.0747986 , 1.02716 , 0
0.0581757 , 1.02824 , 0
0.0415371 , 1.02905 , 0
0.0248873 , 1.02958 , 0
0.00823074 , 1.02983 , 0
-0.00842801 , 1.02981 , 0
-0.0250845 , 1.0295 , 0
-0.0417342 , 1.02892 , 0
-0.0583727 , 1.02806 , 0
-0.0749953 , 1.02693 , 0
-0.0915978 , 1.02551 , 0
-0.108176 , 1.02382 , 0
-0.124724 , 1.02186 , 0
-0.141239 , 1.01961 , 0
-0.157715 , 1.01709 , 0
-0.174149 , 1.0143 , 0
-0.190536 , 1.01123 , 0
-0.206872 , 1.00789 , 0
-0.223151 , 1.00428 , 0
-0.23937 , 1.00039 , 0
-0.255524 , 0.996233 , 0
-0.271609 , 0.991807 , 0
-0.287621 , 0.987111 , 0
-0.303554 , 0.982148 , 0
-0.319405 , 0.976918 , 0
-0.335169 , 0.971423 , 0
-0.350843 , 0.965665 , 0
-0.366421 , 0.959644 , 0
-0.381899 , 0.953362 , 0
-0.397273 , 0.946821 , 0
-0.41254 , 0.940021 , 0
-0.427694 , 0.932966 , 0
-0.442731 , 0.925657 , 0
-0.457647 , 0.918095 , 0
-0.472439 , 0.910282 , 0
-0.487102 , 0.902221 , 0
-0.501631 , 0.893913 , 0
-0.516023 , 0.88536 , 0
-0.530274 , 0.876565 , 0
-0.544379 , 0.867529 , 0
-0.558335 , 0.858256 , 0
-0.572138 , 0.848747 , 0
-0.585784 , 0.839005 , 0
-0.599268 , 0.829032 , 0
-0.612587 , 0.81883 , 0
-0.625738 , 0.808403 , 0
-0.638716 , 0.797754 , 0
-0.651518 , 0.786883 , 0
-0.664139 , 0.775796 , 0
-0.676577 , 0.764493 , 0
-0.688827 , 0.752979 , 0
-0.700887 , 0.741256 , 0
-0.712751 , 0.729327 , 0
-0.724418 , 0.717196 , 0
-0.735883 , 0.704865 , 0
-0.747143 , 0.692338 , 0
-0.758195 , 0.679617 , 0
-0.769035 , 0.666707 , 0
-0.779661 , 0.653611 , 0
-0.790068 , 0.640332 , 0
-0.800253 , 0.626873 , 0
-0.810215 , 0.613238 , 0
-0.819948 , 0.599431 , 0
-0.829451 , 0.585456 , 0
-0.83872 , 0.571315 , 0
-0.847753 , 0.557014 , 0
-0.856547 , 0.542555 , 0
-0.865098 , 0.527943 , 0
-0.873404 , 0.513181 , 0
-0.881463 , 0.498274 , 0
-0.889271 , 0.483226 , 0
-0.896827 , 0.46804 , 0
-0.904128 , 0.452721 , 0
-0.91117 , 0.437272 , 0
-0.917953 , 0.421699 , 0
-0.924473 , 0.406006 , 0
-0.930728 , 0.390196 , 0
-0.936717 , 0.374274 , 0
-0.942436 , 0.358245 , 0
-0.947885 , 0.342113 , 0
-0.95306 , 0.325882 , 0
-0.957961 , 0.309557 , 0
-0.962585 , 0.293143 , 0
-0.966931 , 0.276644 , 0
-0.970996 , 0.260065 , 0
-0.97478 , 0.24341 , 0
-0.978281 , 0.226685 , 0
-0.981496 , 0.209894 , 0
-0.984426 , 0.193041 , 0
-0.987068 , 0.176133 , 0
-0.989422 , 0.159172 , 0
-0.991486 , 0.142165 , 0
-0.993259 , 0.125117 , 0
-0.994741 , 0.108031 , 0
-0.99593 , 0.0909143 , 0
-0.996825 , 0.0737704 , 0
-0.997426 , 0.0566048 , 0
-0.997733 , 0.0394224 , 0
-0.997744 , 0.0222283 , 0
-0.997459 , 0.00502761 , 0
-0.996878 , -0.0121745 , 0
-0.996 , -0.0293731 , 0
-0.994826 , -0.0465629 , 0
-0.993355 , -0.0637388 , 0
-0.991587 , -0.0808956 , 0
-0.989523 , -0.0980283 , 0
-0.987162 , -0.115132 , 0
-0.984504 , -0.1322 , 0
-0.981551 , -0.149229 , 0
-0.978301 , -0.166213 , 0
-0.974757 , -0.183147 , 0
-0.970918 , -0.200026 , 0
-0.966786 , -0.216844 , 0
-0.962361 , -0.233596 , 0
-0.957643 , -0.250277 , 0
-0.952635 , -0.266883 , 0
-0.947337 , -0.283407 , 0
-0.941749 , -0.299845 , 0
-0.935875 , -0.316191 , 0
-0.929714 , -0.332441 , 0
-0.923269 , -0.348588 , 0
-0.91654 , -0.364629 , 0
-0.90953 , -0.380558 , 0
-0.902241 , -0.39637 , 0
-0.894673 , -0.41206 , 0
-0.88683 , -0.427623 , 0
-0.878713 , -0.443053 , 0
-0.870324 , -0.458347 , 0
-0.861665 , -0.473499 , 0
-0.85274 , -0.488504 , 0
-0.843549 , -0.503357 , 0
-0.834097 , -0.518054 , 0
-0.824384 , -0.532589 , 0
-0.814415 , -0.546959 , 0
-0.804191 , -0.561158 , 0
-0.793717 , -0.575181 , 0
-0.782993 , -0.589024 , 0
-0.772025 , -0.602683 , 0
-0.760814 , -0.616153 , 0
-0.749364 , -0.629429 , 0
-0.737679 , -0.642508 , 0
-0.725761 , -0.655384 , 0
-0.713615 , -0.668053 , 0
-0.701244 , -0.680512 , 0
-0.688651 , -0.692756 , 0
-0.67584 , -0.70478 , 0
-0.662815 , -0.716582 , 0
-0.649581 , -0.728157 , 0
-0.63614 , -0.7395 , 0
-0.622497 , -0.750609 , 0
-0.608657 , -0.761479 , 0
-0.594623 , -0.772107 , 0
-0.580399 , -0.78249 , 0
-0.565991 , -0.792622 , 0
-0.551402 , -0.802502 , 0
-0.536637 , -0.812126 , 0
-0.5217 , -0.82149 , 0
-0.506597 , -0.830592 , 0
-0.491331 , -0.839427 , 0
-0.475909 , -0.847994 , 0
-0.460333 , -0.856289 , 0
-0.44461 , -0.86431 , 0
-0.428744 , -0.872053 , 0
-0.412741 , -0.879516 , 0
-0.396605 , -0.886696 , 0
-0.380341 , -0.893591 , 0
-0.363955 , -0.900199 , 0
-0.347452 , -0.906516 , 0
-0.330837 , -0.912542 , 0
-0.314115 , -0.918274 , 0
-0.297292 , -0.92371 , 0
-0.280374 , -0.928848 , 0
-0.263364 , -0.933686 , 0
-0.24627 , -0.938222 , 0
-0.229096 , -0.942456 , 0
-0.211848 , -0.946386 , 0
-0.194532 , -0.950009 , 0
-0.177153 , -0.953326 , 0
-0.159716 , -0.956334 , 0
-0.142228 , -0.959033 , 0
-0.124694 , -0.961422 , 0
-0.10712 , -0.9635 , 0
-0.0895108 , -0.965266 , 0
-0.0718728 , -0.966721 , 0
-0.0542115 , -0.967862 , 0
-0.0365327 , -0.96869 , 0
-0.0188421 , -0.969205 , 0
-0.00114541 , -0.969406 , 0
0.0165517 , -0.969294 , 0
0.0342434 , -0.968868 , 0
0.051924 , -0.968129 , 0
0.0695879 , -0.967076 , 0
0.0872293 , -0.965711 , 0
0.104842 , -0.964034 , 0
0.122422 , -0.962045 , 0
0.139961 , -0.959746 , 0
0.157456 , -0.957136 , 0
0.1749 , -0.954217 , 0
0.192287 , -0.95099 , 0
0.209612 , -0.947457 , 0
0.22687 , -0.943618 , 0
0.244054 , -0.939474 , 0
0.26116 , -0.935028 , 0
0.278181 , -0.930281 , 0
0.295113 , -0.925234 , 0
0.311951 , -0.919889 , 0
0.328687 , -0.914249 , 0
0.345319 , -0.908315 , 0
0.361839 , -0.902089 , 0
0.378243 , -0.895573 , 0
0.394526 , -0.888771 , 0
0.410682 , -0.881683 , 0
0.426707 , -0.874313 , 0
0.442595 , -0.866663 , 0
0.458342 , -0.858737 , 0
0.473942 , -0.850535 , 0
0.489391 , -0.842062 , 0
0.504684 , -0.833321 , 0
0.519816 , -0.824314 , 0
0.534782 , -0.815044 , 0
0.549579 , -0.805515 , 0
0.5642 , -0.79573 , 0
0.578643 , -0.785693 , 0
0.592902 , -0.775406 , 0
0.606973 , -0.764873 , 0
0.620852 , -0.754099 , 0
0.634534 , -0.743086 , 0
0.648016 , -0.731838 , 0
0.661294 , -0.720359 , 0
0.674363 , -0.708653 , 0
0.68722 , -0.696724 , 0
0.699861 , -0.684576 , 0
0.712282 , -0.672213 , 0
0.72448 , -0.659639 , 0
0.73645 , -0.646859 , 0
0.748191 , -0.633876 , 0
0.759697 , -0.620695 , 0
0.770966 , -0.60732 , 0
0.781995 , -0.593756 , 0
0.79278 , -0.580007 , 0
0.803319 , -0.566077 , 0
0.813608 , -0.551972 , 0
0.823645 , -0.537696 , 0
0.833427 , -0.523253 , 0
0.842952 , -0.508648 , 0
0.852216 , -0.493887 , 0
0.861217 , -0.478973 , 0
0.869953 , -0.463911 , 0
0.878421 , -0.448707 , 0
0.88662 , -0.433365 , 0
0.894546 , -0.41789 , 0
0.902199 , -0.402287 , 0
0.909576 , -0.386561 , 0
0.916676 , -0.370717 , 0
0.923495 , -0.35476 , 0
0.930034 , -0.338696 , 0
0.93629 , -0.322528 , 0
0.942262 , -0.306262 , 0
0.947949 , -0.289904 , 0
0.953348 , -0.273457 , 0
0.95846 , -0.256929 , 0
0.963283 , -0.240322 , 0
0.967815 , -0.223644 , 0
0.972057 , -0.206898 , 0
0.976006 , -0.19009 , 0
0.979663 , -0.173225 , 0
0.983027 , -0.156308 , 0
0.986097 , -0.139344 , 0
0.988873 , -0.122339 , 0
0.991354 , -0.105297 , 0
0.99354 , -0.0882246 , 0
0.995432 , -0.0711254 , 0
0.997028 , -0.0540052 , 0
0.998329 , -0.036869 , 0
0.999335 , -0.0197219 , 0
1.00005 , -0.002569 , 0
1.00046 , 0.0145847 , 0
1.00058 , 0.0317341 , 0
1.00041 , 0.0488741 , 0
0.999946 , 0.0659999 , 0
0.999188 , 0.0831063 , 0
0.998138 , 0.100188 , 0
0.996796 , 0.117241 , 0
0.995163 , 0.13426 , 0
0.993241 , 0.151239 , 0
0.991031 , 0.168175 , 0
0.988533 , 0.185062 , 0
0.985748 , 0.201895 , 0
0.982678 , 0.21867 , 0
0.979324 , 0.235382 , 0
0.975688 , 0.252026 , 0
0.971771 , 0.268597 , 0
0.967575 , 0.285091 , 0
0.9631 , 0.301503 , 0
0.95835 , 0.317828 , 0
0.953325 , 0.334063 , 0
0.948027 , 0.350202 , 0
0.942459 , 0.366241 , 0
0.936622 , 0.382176 , 0
0.930519 , 0.398002 , 0
0.924151 , 0.413715 , 0
0.91752 , 0.42931 , 0
0.91063 , 0.444784 , 0
0.903482 , 0.460131 , 0
0.896078 , 0.475349 , 0
0.888421 , 0.490432 , 0
0.880513 , 0.505377 , 0
0.872358 , 0.52018 , 0
0.863957 , 0.534836 , 0
0.855314 , 0.549342 , 0
0.84643 , 0.563694 , 0
0.83731 , 0.577889 , 0
0.827955 , 0.591921 , 0
0.818368 , 0.605788 , 0
0.808553 , 0.619485 , 0
0.798513 , 0.63301 , 0
0.78825 , 0.646359 , 0
0.777768 , 0.659528 , 0
0.76707 , 0.672513 , 0
0.756159 , 0.685312 , 0
0.745038 , 0.697921 , 0
0.73371 , 0.710336 , 0
0.72218 , 0.722555 , 0
0.71045 , 0.734575 , 0
0.698524 , 0.746391 , 0
0.686405 , 0.758001 , 0
0.674097 , 0.769403 , 0
0.661604 , 0.780592 , 0
0.648928 , 0.791567 , 0
0.636074 , 0.802325 , 0
0.623046 , 0.812862 , 0
0.609846 , 0.823176 , 0
0.596479 , 0.833264 , 0
0.582949 , 0.843125 , 0
0.56926 , 0.852754 , 0
0.555415 , 0.862151 , 0
0.541418 , 0.871312 , 0
0.527273 , 0.880235 , 0
0.512985 , 0.888917 , 0
0.498556 , 0.897358 , 0
0.483992 , 0.905554 , 0
0.469296 , 0.913503 , 0
0.454472 , 0.921204 , 0
0.439525 , 0.928655 , 0
0.424458 , 0.935853 , 0
0.409276 , 0.942797 , 0
0.393983 , 0.949485 , 0
0.378583 , 0.955915 , 0
0.36308 , 0.962087 , 0
0.347479 , 0.967997 , 0
0.331784 , 0.973645 , 0
0.315999 , 0.97903 , 0
0.300129 , 0.98415 , 0
0.284177 , 0.989003 , 0
0.268148 , 0.993589 , 0
0.252047 , 0.997906 , 0
0.235878 , 1.00195 , 0
0.219645 , 1.00573 , 0
0.203353 , 1.00924 , 0
0.187005 , 1.01247 , 0
0.170608 , 1.01543 , 0
0.154164 , 1.01811 , 0
0.137679 , 1.02052 , 0
0.121156 , 1.02266 , 0
0.104601 , 1.02451 , 0
0.0880173 , 1.0261 , 0
0.07141 , 1.0274 , 0
0.0547835 , 1.02843 , 0
0.0381423 , 1.02918 , 0
0.0214907 , 1.02965 , 0
0.00483333 , 1.02985 , 0
-0.0118253 , 1.02977 , 0
-0.0284808 , 1.02941 , 0
-0.0451286 , 1.02877 , 0
-0.0617642 , 1.02785 , 0
-0.0783832 , 1.02666 , 0
-0.0949809 , 1.02519 , 0
-0.111553 , 1.02344 , 0
-0.128095 , 1.02142 , 0
-0.144602 , 1.01912 , 0
-0.161071 , 1.01654 , 0
-0.177496 , 1.01369 , 0
-0.193872 , 1.01057 , 0
-0.210197 , 1.00717 , 0
-0.226464 , 1.0035 , 0
-0.24267 , 0.99956 , 0
-0.258811 , 0.995348 , 0
-0.274881 , 0.990866 , 0
-0.290877 , 0.986115 , 0
-0.306794 , 0.981098 , 0
-0.322628 , 0.975813 , 0
-0.338374 , 0.970264 , 0
-0.354028 , 0.964452 , 0
-0.369586 , 0.958377 , 0
-0.385043 , 0.952042 , 0
-0.400396 , 0.945448 , 0
-0.41564 , 0.938596 , 0
-0.43077 , 0.931488 , 0
-0.445783 , 0.924127 , 0
-0.460675 , 0.916513 , 0
-0.47544 , 0.908649 , 0
-0.490076 , 0.900537 , 0
-0.504577 , 0.892179 , 0
-0.518941 , 0.883576 , 0
-0.533162 , 0.874732 , 0
-0.547238 , 0.865647 , 0
-0.561163 , 0.856325 , 0
-0.574934 , 0.846768 , 0
-0.588547 , 0.836978 , 0
-0.601998 , 0.826958 , 0
-0.615283 , 0.81671 , 0
-0.628399 , 0.806237 , 0
-0.641341 , 0.795542 , 0
-0.654106 , 0.784627 , 0
-0.66669 , 0.773495 , 0
-0.67909 , 0.762149 , 0
-0.691302 , 0.750591 , 0
-0.703321 , 0.738826 , 0
-0.715146 , 0.726855 , 0
-0.726772 , 0.714682 , 0
-0.738195 , 0.702311 , 0
-0.749413 , 0.689743 , 0
-0.760422 , 0.676984 , 0
-0.771218 , 0.664035 , 0
-0.781799 , 0.650901 , 0
-0.792161 , 0.637584 , 0
-0.802301 , 0.624089 , 0
-0.812216 , 0.610418 , 0
-0.821903 , 0.596576 , 0
-0.831358 , 0.582567 , 0
-0.840579 , 0.568393 , 0
-0.849563 , 0.554059 , 0
-0.858307 , 0.539568 , 0
-0.866809 , 0.524924 , 0
-0.875064 , 0.510132 , 0
-0.883072 , 0.495196 , 0
-0.890829 , 0.480118 , 0
-0.898333 , 0.464905 , 0
-0.90558 , 0.449558 , 0
-0.91257 , 0.434084 , 0
-0.919299 , 0.418486 , 0
-0.925765 , 0.402768 , 0
-0.931966 , 0.386934 , 0
-0.937899 , 0.37099 , 0
-0.943563 , 0.354939 , 0
-0.948956 , 0.338786 , 0
-0.954076 , 0.322535 , 0
-0.95892 , 0.306191 , 0
-0.963487 , 0.289759 , 0
-0.967775 , 0.273243 , 0
-0.971783 , 0.256648 , 0
-0.975509 , 0.239978 , 0
-0.978951 , 0.223239 , 0
-0.982108 , 0.206434 , 0
-0.984979 , 0.18957 , 0
-0.987562 , 0.17265 , 0
-0.989856 , 0.155679 , 0
-0.99186 , 0.138663 , 0
-0.993574 , 0.121606 , 0
-0.994995 , 0.104514 , 0
-0.996124 , 0.0873906 , 0
-0.996959 , 0.0702415 , 0
-0.997499 , 0.0530718 , 0
-0.997745 , 0.0358863 , 0
-0.997695 , 0.0186902 , 0
-0.99735 , 0.00148857 , 0
-0.996708 , -0.0157135 , 0
-0.995769 , -0.0329109 , 0
-0.994534 , -0.0500985 , 0
-0.993002 , -0.0672711 , 0
-0.991173 , -0.0844237 , 0
-0.989047 , -0.101551 , 0
-0.986625 , -0.118648 , 0
-0.983906 , -0.135709 , 0
-0.980892 , -0.152729 , 0
-0.977582 , -0.169704 , 0
-0.973977 , -0.186627 , 0
-0.970078 , -0.203493 , 0
-0.965885 , -0.220299 , 0
-0.961399 , -0.237037 , 0
-0.956622 , -0.253703 , 0
-0.951554 , -0.270293 , 0
-0.946196 , -0.2868 , 0
-0.940549 , -0.303219 , 0
-0.934616 , -0.319546 , 0
-0.928396 , -0.335776 , 0
-0.921892 , -0.351902 , 0
-0.915105 , -0.36792 , 0
-0.908038 , -0.383826 , 0
-0.900691 , -0.399613 , 0
-0.893066 , -0.415277 , 0
-0.885166 , -0.430814 , 0
-0.876993 , -0.446217 , 0
-0.868548 , -0.461482 , 0
-0.859834 , -0.476604 , 0
-0.850854 , -0.491578 , 0
-0.841609 , -0.5064 , 0
-0.832102 , -0.521064 , 0
-0.822337 , -0.535566 , 0
-0.812314 , -0.5499 , 0
-0.802039 , -0.564064 , 0
-0.791512 , -0.57805 , 0
-0.780738 , -0.591856 , 0
-0.769719 , -0.605477 , 0
-0.758459 , -0.618907 , 0
-0.74696 , -0.632143 , 0
-0.735227 , -0.64518 , 0
-0.723261 , -0.658014 , 0
-0.711068 , -0.670641 , 0
-0.698651 , -0.683055 , 0
-0.686013 , -0.695254 , 0
-0.673157 , -0.707234 , 0
-0.660089 , -0.718989 , 0
-0.646811 , -0.730516 , 0
-0.633329 , -0.741812 , 0
-0.619645 , -0.752872 , 0
-0.605764 , -0.763693 , 0
-0.59169 , -0.77427 , 0
-0.577428 , -0.784601 , 0
-0.562982 , -0.794682 , 0
-0.548356 , -0.80451 , 0
-0.533555 , -0.81408 , 0
-0.518583 , -0.82339 , 0
-0.503446 , -0.832437 , 0
-0.488148 , -0.841218 , 0
-0.472693 , -0.849729 , 0
-0.457087 , -0.857968 , 0
-0.441334 , -0.865931 , 0
-0.425439 , -0.873617 , 0
-0.409408 , -0.881021 , 0
-0.393245 , -0.888143 , 0
-0.376955 , -0.894979 , 0
-0.360545 , -0.901527 , 0
-0.344018 , -0.907785 , 0
-0.32738 , -0.91375 , 0
-0.310637 , -0.919421 , 0
-0.293794 , -0.924796 , 0
-0.276856 , -0.929872 , 0
-0.259829 , -0.934648 , 0
-0.242717 , -0.939122 , 0
-0.225528 , -0.943293 , 0
-0.208265 , -0.947159 , 0
-0.190936 , -0.95072 , 0
-0.173544 , -0.953973 , 0
-0.156096 , -0.956917 , 0
-0.138598 , -0.959552 , 0
-0.121056 , -0.961877 , 0
-0.103474 , -0.963891 , 0
-0.085858 , -0.965593 , 0
-0.0682147 , -0.966982 , 0
-0.0505494 , -0.968059 , 0
-0.0328677 , -0.968823 , 0
-0.0151753 , -0.969273 , 0
0.0025219 , -0.969409 , 0
0.0202183 , -0.969232 , 0
0.0379082 , -0.968742 , 0
0.0555858 , -0.967938 , 0
0.0732455 , -0.966821 , 0
0.0908815 , -0.965391 , 0
0.108488 , -0.96365 , 0
0.12606 , -0.961597 , 0
0.14359 , -0.959233 , 0
0.161075 , -0.956559 , 0
0.178507 , -0.953577 , 0
0.195882 , -0.950287 , 0
0.213194 , -0.94669 , 0
0.230436 , -0.942788 , 0
0.247605 , -0.938582 , 0
0.264694 , -0.934073 , 0
0.281697 , -0.929264 , 0
0.29861 , -0.924156 , 0
0.315427 , -0.91875 , 0
0.332142 , -0.913049 , 0
0.348751 , -0.907054 , 0
0.365248 , -0.900769 , 0
0.381627 , -0.894194 , 0
0.397884 , -0.887332 , 0
0.414014 , -0.880186 , 0
0.430011 , -0.872758 , 0
0.44587 , -0.865051 , 0
0.461587 , -0.857067 , 0
0.477156 , -0.84881 , 0
0.492573 , -0.840281 , 0
0.507833 , -0.831485 , 0
0.522931 , -0.822423 , 0
0.537863 , -0.8131 , 0
0.552623 , -0.803518 , 0
0.567208 , -0.793681 , 0
0.581613 , -0.783592 , 0
0.595833 , -0.773254 , 0
0.609865 , -0.762671 , 0
0.623704 , -0.751847 , 0
0.637345 , -0.740786 , 0
0.650785 , -0.72949 , 0
0.66402 , -0.717964 , 0
0.677046 , -0.706212 , 0
0.689858 , -0.694238 , 0
0.702454 , -0.682045 , 0
0.714829 , -0.669639 , 0
0.72698 , -0.657022 , 0
0.738903 , -0.6442 , 0
0.750595 , -0.631175 , 0
0.762053 , -0.617954 , 0
0.773273 , -0.60454 , 0
0.784252 , -0.590938 , 0
0.794986 , -0.577151 , 0
0.805474 , -0.563185 , 0
0.815711 , -0.549045 , 0
0.825696 , -0.534734 , 0
0.835425 , -0.520258 , 0
0.844896 , -0.50562 , 0
0.854105 , -0.490827 , 0
0.863052 , -0.475882 , 0
0.871733 , -0.460791 , 0
0.880146 , -0.445558 , 0
0.888288 , -0.430189 , 0
0.896159 , -0.414687 , 0
0.903755 , -0.399059 , 0
0.911075 , -0.383309 , 0
0.918117 , -0.367441 , 0
0.924879 , -0.351462 , 0
0.931359 , -0.335376 , 0
0.937557 , -0.319187 , 0
0.94347 , -0.302903 , 0
0.949098 , -0.286526 , 0
0.954438 , -0.270062 , 0
0.95949 , -0.253517 , 0
0.964253 , -0.236896 , 0
0.968726 , -0.220203 , 0
0.972907 , -0.203444 , 0
0.976797 , -0.186625 , 0
0.980393 , -0.169749 , 0
0.983697 , -0.152822 , 0
0.986706 , -0.13585 , 0
0.989421 , -0.118837 , 0
0.991842 , -0.101789 , 0
0.993968 , -0.0847101 , 0
0.995798 , -0.0676065 , 0
0.997334 , -0.0504828 , 0
0.998574 , -0.0333442 , 0
0.999519 , -0.0161957 , 0
1.00017 , 0.000957514 , 0
1.00052 , 0.0181105 , 0
