x , y , z
1 , 0 , 0
0.999411 , 0.0472097 , 0
0.997645 , 0.0943639 , 0
0.99471 , 0.141408 , 0
0.99062 , 0.188287 , 0
0.98539 , 0.23495 , 0
0.979043 , 0.281346 , 0
0.971604 , 0.327428 , 0
0.963103 , 0.373153 , 0
0.953571 , 0.418478 , 0
0.943043 , 0.463366 , 0
0.931558 , 0.507784 , 0
0.919152 , 0.5517 , 0
0.905868 , 0.595089 , 0
0.891744 , 0.637926 , 0
0.876823 , 0.680193 , 0
0.861146 , 0.721873 , 0
0.844753 , 0.762953 , 0
0.827685 , 0.803424 , 0
0.809981 , 0.843277 , 0
0.79168 , 0.882509 , 0
0.772819 , 0.921116 , 0
0.753433 , 0.959099 , 0
0.733558 , 0.996458 , 0
0.713227 , 1.0332 , 0
0.692471 , 1.06932 , 0
0.67132 , 1.10484 , 0
0.649803 , 1.13975 , 0
0.627946 , 1.17406 , 0
0.605776 , 1.20779 , 0
0.583317 , 1.24095 , 0
0.56059 , 1.27353 , 0
0.537619 , 1.30556 , 0
0.514422 , 1.33704 , 0
0.491019 , 1.36799 , 0
0.467428 , 1.39841 , 0
0.443664 , 1.42831 , 0
0.419744 , 1.45771 , 0
0.395683 , 1.48662 , 0
0.371493 , 1.51505 , 0
0.347188 , 1.54301 , 0
0.32278 , 1.57051 , 0
0.298279 , 1.59756 , 0
0.273696 , 1.62417 , 0
0.249041 , 1.65035 , 0
0.224323 , 1.67612 , 0
0.199551 , 1.70147 , 0
0.174731 , 1.72643 , 0
0.149872 , 1.75099 , 0
0.124981 , 1.77518 , 0
0.100063 , 1.799 , 0
0.0751253 , 1.82245 , 0
0.0501729 , 1.84555 , 0
0.0252111 , 1.8683 , 0
0.000244727 , 1.89071 , 0
-0.0247217 , 1.9128 , 0
-0.0496839 , 1.93456 , 0
-0.074638 , 1.95601 , 0
-0.0995804 , 1.97715 , 0
-0.124508 , 1.99799 , 0
-0.149417 , 2.01854 , 0
-0.174304 , 2.0388 , 0
-0.199168 , 2.05878 , 0
-0.224005 , 2.07849 , 0
-0.248814 , 2.09792 , 0
-0.273591 , 2.1171 , 0
-0.298335 , 2.13602 , 0
-0.323044 , 2.15468 , 0
-0.347716 , 2.17311 , 0
-0.37235 , 2.19129 , 0
-0.396944 , 2.20923 , 0
-0.421496 , 2.22695 , 0
-0.446006 , 2.24444 , 0
-0.470472 , 2.26171 , 0
-0.494892 , 2.27876 , 0
-0.519267 , 2.2956 , 0
-0.543595 , 2.31224 , 0
-0.567875 , 2.32867 , 0
-0.592107 , 2.3449 , 0
-0.616289 , 2.36093 , 0
-0.640421 , 2.37678 , 0
-0.664502 , 2.39243 , 0
-0.688533 , 2.40791 , 0
-0.712511 , 2.4232 , 0
-0.736438 , 2.43831 , 0
-0.760312 , 2.45325 , 0
-0.784133 , 2.46802 , 0
-0.807901 , 2.48262 , 0
-0.831615 , 2.49706 , 0
-0.855276 , 2.51134 , 0
-0.878882 , 2.52545 , 0
-0.902434 , 2.53942 , 0
-0.925932 , 2.55322 , 0
-0.949376 , 2.56688 , 0
-0.972765 , 2.58039 , 0
-0.996099 , 2.59376 , 0
-1.01938 , 2.60698 , 0
-1.0426 , 2.62007 , 0
-1.06577 , 2.63301 , 0
-1.08889 , 2.64582 , 0
-1.11195 , 2.6585 , 0
-1.13495 , 2.67104 , 0
-1.1579 , 2.68346 , 0
-1.1808 , 2.69575 , 0
-1.20364 , 2.70792 , 0
-1.22643 , 2.71996 , 0
-1.24916 , 2.73188 , 0
-1.27184 , 2.74369 , 0
-1.29446 , 2.75537 , 0
-1.31703 , 2.76694 , 0
-1.33955 , 2.7784 , 0
-1.36201 , 2.78975 , 0
-1.38442 , 2.80099 , 0
-1.40678 , 2.81211 , 0
-1.42908 , 2.82314 , 0
-1.45133 , 2.83405 , 0
-1.47352 , 2.84487 , 0
-1.49566 , 2.85558 , 0
-1.51775 , 2.86619 , 0
-1.53979 , 2.8767 , 0
-1.56178 , 2.88711 , 0
-1.58371 , 2.89743 , 0
-1.60559 , 2.90765 , 0
-1.62742 , 2.91778 , 0
-1.6492 , 2.92782 , 0
-1.67093 , 2.93777 , 0
-1.6926 , 2.94762 , 0
-1.71423 , 2.95739 , 0
-1.7358 , 2.96707 , 0
-1.75733 , 2.97667 , 0
-1.7788 , 2.98617 , 0
-1.80022 , 2.9956 , 0
-1.8216 , 3.00494 , 0
-1.84292 , 3.01421 , 0
-1.8642 , 3.02339 , 0
-1.88543 , 3.03249 , 0
-1.9066 , 3.04151 , 0
-1.92773 , 3.05046 , 0
-1.94881 , 3.05932 , 0
-1.96985 , 3.06812 , 0
-1.99083 , 3.07684 , 0
-2.01177 , 3.08548 , 0
-2.03266 , 3.09405 , 0
-2.0535 , 3.10255 , 0
-2.0743 , 3.11098 , 0
-2.09504 , 3.11934 , 0
-2.11575 , 3.12763 , 0
-2.1364 , 3.13585 , 0
-2.15701 , 3.14401 , 0
-2.17758 , 3.15209 , 0
-2.19809 , 3.16011 , 0
-2.21857 , 3.16807 , 0
-2.23899 , 3.17596 , 0
-2.25938 , 3.18379 , 0
-2.27972 , 3.19155 , 0
-2.30001 , 3.19925 , 0
-2.32026 , 3.20689 , 0
-2.34046 , 3.21447 , 0
-2.36062 , 3.22199 , 0
-2.38074 , 3.22945 , 0
-2.40081 , 3.23685 , 0
-2.42084 , 3.24419 , 0
-2.44083 , 3.25147 , 0
-2.46078 , 3.2587 , 0
-2.48068 , 3.26587 , 0
-2.50054 , 3.27299 , 0
-2.52036 , 3.28004 , 0
-2.54013 , 3.28705 , 0
-2.55987 , 3.294 , 0
-2.57956 , 3.3009 , 0
-2.59921 , 3.30774 , 0
-2.61882 , 3.31453 , 0
-2.63839 , 3.32127 , 0
-2.65792 , 3.32796 , 0
-2.6774 , 3.3346 , 0
-2.69685 , 3.34119 , 0
-2.71626 , 3.34773 , 0
-2.73562 , 3.35422 , 0
-2.75495 , 3.36066 , 0
-2.77424 , 3.36705 , 0
-2.79349 , 3.37339 , 0
-2.8127 , 3.37969 , 0
-2.83187 , 3.38594 , 0
-2.851 , 3.39214 , 0
-2.87009 , 3.3983 , 0
-2.88914 , 3.40441 , 0
-2.90816 , 3.41048 , 0
-2.92714 , 3.4165 , 0
-2.94608 , 3.42248 , 0
-2.96498 , 3.42841 , 0
-2.98384 , 3.43431 , 0
-3.00267 , 3.44015 , 0
-3.02146 , 3.44596 , 0
-3.04022 , 3.45172 , 0
-3.05893 , 3.45744 , 0
-3.07761 , 3.46312 , 0
-3.09625 , 3.46876 , 0
-3.11486 , 3.47436 , 0
-3.13343 , 3.47992 , 0
-3.15197 , 3.48543 , 0
-3.17047 , 3.49091 , 0
-3.18893 , 3.49635 , 0
-3.20736 , 3.50175 , 0
-3.22575 , 3.50711 , 0
-3.24411 , 3.51244 , 0
-3.26243 , 3.51772 , 0
-3.28072 , 3.52297 , 0
-3.29897 , 3.52818 , 0
-3.31719 , 3.53335 , 0
-3.33537 , 3.53849 , 0
-3.35352 , 3.54359 , 0
-3.37164 , 3.54866 , 0
-3.38972 , 3.55369 , 0
-3.40777 , 3.55868 , 0
-3.42578 , 3.56364 , 0
-3.44376 , 3.56856 , 0
-3.46171 , 3.57345 , 0
-3.47963 , 3.57831 , 0
-3.49751 , 3.58313 , 0
-3.51536 , 3.58792 , 0
-3.53317 , 3.59267 , 0
-3.55096 , 3.59739 , 0
-3.56871 , 3.60208 , 0
-3.58643 , 3.60674 , 0
-3.60411 , 3.61136 , 0
-3.62177 , 3.61595 , 0
-3.63939 , 3.62051 , 0
-3.65698 , 3.62504 , 0
-3.67454 , 3.62954 , 0
-3.69207 , 3.634 , 0
-3.70957 , 3.63844 , 0
-3.72703 , 3.64284 , 0
-3.74447 , 3.64722 , 0
-3.76187 , 3.65156 , 0
-3.77924 , 3.65587 , 0
-3.79659 , 3.66016 , 0
-3.8139 , 3.66441 , 0
-3.83118 , 3.66864 , 0
-3.84843 , 3.67284 , 0
-3.86565 , 3.67701 , 0
-3.88284 , 3.68114 , 0
-3.90001 , 3.68526 , 0
-3.91714 , 3.68934 , 0
-3.93424 , 3.69339 , 0
-3.95131 , 3.69742 , 0
-3.96835 , 3.70142 , 0
-3.98537 , 3.70539 , 0
-4.00235 , 3.70934 , 0
-4.01931 , 3.71326 , 0
-4.03623 , 3.71715 , 0
-4.05313 , 3.72102 , 0
-4.07 , 3.72486 , 0
-4.08684 , 3.72867 , 0
-4.10365 , 3.73246 , 0
-4.12044 , 3.73622 , 0
-4.13719 , 3.73995 , 0
-4.15392 , 3.74366 , 0
-4.17062 , 3.74735 , 0
-4.18729 , 3.75101 , 0
-4.20393 , 3.75464 , 0
-4.22055 , 3.75825 , 0
-4.23714 , 3.76184 , 0
-4.2537 , 3.7654 , 0
-4.27023 , 3.76894 , 0
-4.28674 , 3.77245 , 0
-4.30322 , 3.77594 , 0
-4.31967 , 3.7794 , 0
-4.3361 , 3.78285 , 0
-4.3525 , 3.78626 , 0
-4.36887 , 3.78966 , 0
-4.38521 , 3.79303 , 0
-4.40153 , 3.79638 , 0
-4.41782 , 3.79971 , 0
-4.43409 , 3.80301 , 0
-4.45033 , 3.80629 , 0
-4.46654 , 3.80955 , 0
-4.48273 , 3.81279 , 0
-4.49889 , 3.816 , 0
-4.51503 , 3.8192 , 0
-4.53114 , 3.82237 , 0
-4.54722 , 3.82552 , 0
-4.56328 , 3.82864 , 0
-4.57931 , 3.83175 , 0
-4.59532 , 3.83484 , 0
-4.6113 , 3.8379 , 0
-4.62726 , 3.84094 , 0
-4.64319 , 3.84397 , 0
-4.6591 , 3.84697 , 0
-4.67498 , 3.84995 , 0
-4.69084 , 3.85291 , 0
-4.70667 , 3.85585 , 0
-4.72248 , 3.85877 , 0
-4.73827 , 3.86167 , 0
-4.75403 , 3.86455 , 0
-4.76976 , 3.86741 , 0
-4.78547 , 3.87025 , 0
-4.80116 , 3.87307 , 0
-4.81682 , 3.87588 , 0
-4.83246 , 3.87866 , 0
-4.84807 , 3.88142 , 0
-4.86366 , 3.88417 , 0
-4.87923 , 3.88689 , 0
-4.89477 , 3.8896 , 0
-4.91029 , 3.89229 , 0
-4.92579 , 3.89495 , 0
-4.94126 , 3.8976 , 0
-4.95671 , 3.90024 , 0
-4.97214 , 3.90285 , 0
-4.98754 , 3.90545 , 0
-5.00292 , 3.90802 , 0
-5.01828 , 3.91058 , 0
-5.03361 , 3.91312 , 0
-5.04892 , 3.91565 , 0
-5.06421 , 3.91815 , 0
-5.07947 , 3.92064 , 0
-5.09472 , 3.92311 , 0
-5.10993 , 3.92557 , 0
-5.12513 , 3.928 , 0
-5.14031 , 3.93042 , 0
-5.15546 , 3.93282 , 0
-5.17059 , 3.93521 , 0
-5.1857 , 3.93757 , 0
-5.20078 , 3.93993 , 0
-5.21585 , 3.94226 , 0
-5.23089 , 3.94458 , 0
-5.24591 , 3.94688 , 0
-5.26091 , 3.94916 , 0
-5.27588 , 3.95143 , 0
-5.29084 , 3.95368 , 0
-5.30577 , 3.95592 , 0
-5.32068 , 3.95814 , 0
-5.33557 , 3.96034 , 0
-5.35044 , 3.96253 , 0
-5.36529 , 3.9647 , 0
-5.38011 , 3.96686 , 0
-5.39492 , 3.969 , 0
-5.4097 , 3.97113 , 0
-5.42446 , 3.97324 , 0
-5.4392 , 3.97533 , 0
-5.45392 , 3.97741 , 0
-5.46862 , 3.97947 , 0
-5.4833 , 3.98152 , 0
-5.49796 , 3.98355 , 0
-5.5126 , 3.98557 , 0
-5.52721 , 3.98758 , 0
-5.54181 , 3.98956 , 0
-5.55638 , 3.99154 , 0
-5.57094 , 3.9935 , 0
-5.58547 , 3.99544 , 0
-5.59999 , 3.99737 , 0
-5.61448 , 3.99929 , 0
-5.62895 , 4.00119 , 0
-5.64341 , 4.00308 , 0
-5.65784 , 4.00495 , 0
-5.67225 , 4.00681 , 0
-5.68665 , 4.00865 , 0
-5.70102 , 4.01048 , 0
-5.71537 , 4.0123 , 0
-5.72971 , 4.0141 , 0
-5.74402 , 4.01589 , 0
-5.75831 , 4.01766 , 0
-5.77259 , 4.01942 , 0
-5.78684 , 4.02117 , 0
-5.80108 , 4.02291 , 0
-5.8153 , 4.02463 , 0
-5.82949 , 4.02633 , 0
-5.84367 , 4.02803 , 0
-5.85783 , 4.02971 , 0
-5.87197 , 4.03138 , 0
-5.88609 , 4.03303 , 0
-5.90019 , 4.03467 , 0
-5.91427 , 4.0363 , 0
-5.92833 , 4.03791 , 0
-5.94238 , 4.03952 , 0
-5.9564 , 4.04111 , 0
-5.97041 , 4.04268 , 0
-5.9844 , 4.04425 , 0
-5.99836 , 4.0458 , 0
-6.01231 , 4.04734 , 0
-6.02625 , 4.04886 , 0
-6.04016 , 4.05038 , 0
-6.05405 , 4.05188 , 0
-6.06793 , 4.05336 , 0
-6.08179 , 4.05484 , 0
-6.09562 , 4.05631 , 0
-6.10945 , 4.05776 , 0
-6.12325 , 4.0592 , 0
-6.13703 , 4.06063 , 0
-6.1508 , 4.06204 , 0
-6.16455 , 4.06345 , 0
-6.17828 , 4.06484 , 0
-6.19199 , 4.06622 , 0
-6.20568 , 4.06759 , 0
-6.21936 , 4.06894 , 0
-6.23302 , 4.07029 , 0
-6.24666 , 4.07162 , 0
-6.26028 , 4.07294 , 0
-6.27388 , 4.07425 , 0
-6.28747 , 4.07555 , 0
-6.30104 , 4.07684 , 0
-6.31459 , 4.07811 , 0
-6.32813 , 4.07938 , 0
-6.34164 , 4.08063 , 0
-6.35514 , 4.08188 , 0
-6.36863 , 4.08311 , 0
-6.38209 , 4.08433 , 0
-6.39554 , 4.08553 , 0
-6.40897 , 4.08673 , 0
-6.42238 , 4.08792 , 0
-6.43578 , 4.0891 , 0
-6.44916 , 4.09026 , 0
-6.46252 , 4.09141 , 0
-6.47586 , 4.09256 , 0
-6.48919 , 4.09369 , 0
-6.5025 , 4.09481 , 0
-6.5158 , 4.09592 , 0
-6.52907 , 4.09702 , 0
-6.54233 , 4.09811 , 0
-6.55558 , 4.09919 , 0
-6.5688 , 4.10026 , 0
-6.58201 , 4.10132 , 0
-6.59521 , 4.10237 , 0
-6.60839 , 4.10341 , 0
-6.62155 , 4.10444 , 0
-6.63469 , 4.10546 , 0
-6.64782 , 4.10646 , 0
-6.66093 , 4.10746 , 0
-6.67402 , 4.10845 , 0
-6.6871 , 4.10942 , 0
-6.70016 , 4.11039 , 0
-6.71321 , 4.11135 , 0
-6.72624 , 4.1123 , 0
-6.73925 , 4.11323 , 0
-6.75225 , 4.11416 , 0
-6.76523 , 4.11508 , 0
-6.77819 , 4.11599 , 0
-6.79114 , 4.11688 , 0
-6.80408 , 4.11777 , 0
-6.81699 , 4.11865 , 0
-6.82989 , 4.11952 , 0
-6.84278 , 4.12038 , 0
-6.85565 , 4.12123 , 0
-6.8685 , 4.12207 , 0
-6.88134 , 4.1229 , 0
-6.89416 , 4.12372 , 0
-6.90697 , 4.12454 , 0
-6.91976 , 4.12534 , 0
-6.93254 , 4.12613 , 0
-6.94529 , 4.12692 , 0
-6.95804 , 4.12769 , 0
-6.97077 , 4.12846 , 0
-6.98348 , 4.12922 , 0
-6.99618 , 4.12996 , 0
-7.00886 , 4.1307 , 0
-7.02153 , 4.13143 , 0
-7.03418 , 4.13215 , 0
-7.04682 , 4.13286 , 0
-7.05944 , 4.13357 , 0
-7.07204 , 4.13426 , 0
-7.08463 , 4.13495 , 0
-7.09721 , 4.13562 , 0
-7.10977 , 4.13629 , 0
-7.12232 , 4.13695 , 0
-7.13485 , 4.1376 , 0
-7.14736 , 4.13824 , 0
-7.15986 , 4.13887 , 0
-7.17235 , 4.1395 , 0
-7.18482 , 4.14011 , 0
-7.19728 , 4.14072 , 0
-7.20972 , 4.14132 , 0
-7.22214 , 4.14191 , 0
-7.23456 , 4.14249 , 0
-7.24695 , 4.14306 , 0
-7.25933 , 4.14362 , 0
-7.2717 , 4.14418 , 0
-7.28405 , 4.14473 , 0
-7.29639 , 4.14527 , 0
-7.30872 , 4.1458 , 0
-7.32103 , 4.14632 , 0
-7.33332 , 4.14684 , 0
-7.3456 , 4.14734 , 0
-7.35787 , 4.14784 , 0
-7.37012 , 4.14833 , 0
-7.38236 , 4.14881 , 0
-7.39458 , 4.14929 , 0
-7.40679 , 4.14975 , 0
-7.41898 , 4.15021 , 0
-7.43116 , 4.15066 , 0
-7.44333 , 4.1511 , 0
-7.45548 , 4.15154 , 0
-7.46762 , 4.15197 , 0
-7.47974 , 4.15238 , 0
-7.49185 , 4.15279 , 0
-7.50394 , 4.1532 , 0
-7.51602 , 4.15359 , 0
-7.52809 , 4.15398 , 0
-7.54015 , 4.15436 , 0
-7.55218 , 4.15473 , 0
-7.56421 , 4.1551 , 0
-7.57622 , 4.15545 , 0
-7.58822 , 4.1558 , 0
-7.6002 , 4.15614 , 0
-7.61217 , 4.15648 , 0
-7.62413 , 4.15681 , 0
-7.63607 , 4.15712 , 0
-7.648 , 4.15744 , 0
-7.65992 , 4.15774 , 0
-7.67182 , 4.15804 , 0
-7.68371 , 4.15833 , 0
-7.69558 , 4.15861 , 0
-7.70744 , 4.15888 , 0
-7.71929 , 4.15915 , 0
-7.73112 , 4.15941 , 0
-7.74294 , 4.15967 , 0
-7.75475 , 4.15991 , 0
-7.76654 , 4.16015 , 0
-7.77832 , 4.16038 , 0
-7.79009 , 4.16061 , 0
-7.80184 , 4.16082 , 0
-7.81358 , 4.16103 , 0
-7.82531 , 4.16124 , 0
-7.83702 , 4.16143 , 0
-7.84872 , 4.16162 , 0
-7.86041 , 4.1618 , 0
-7.87209 , 4.16198 , 0
-7.88375 , 4.16215 , 0
-7.89539 , 4.16231 , 0
-7.90703 , 4.16246 , 0
-7.91865 , 4.16261 , 0
-7.93026 , 4.16275 , 0
-7.94185 , 4.16288 , 0
-7.95344 , 4.16301 , 0
-7.96501 , 4.16313 , 0
-7.97656 , 4.16324 , 0
-7.98811 , 4.16335 , 0
-7.99964 , 4.16345 , 0
-8.01116 , 4.16354 , 0
-8.02266 , 4.16363 , 0
-8.03415 , 4.16371 , 0
-8.04563 , 4.16378 , 0
-8.0571 , 4.16385 , 0
-8.06855 , 4.16391 , 0
-8.08 , 4.16396 , 0
-8.09142 , 4.16401 , 0
-8.10284 , 4.16405 , 0
-8.11424 , 4.16408 , 0
-8.12564 , 4.16411 , 0
-8.13701 , 4.16413 , 0
-8.14838 , 4.16415 , 0
-8.15973 , 4.16415 , 0
-8.17107 , 4.16415 , 0
-8.1824 , 4.16415 , 0
-8.19372 , 4.16414 , 0
-8.20502 , 4.16412 , 0
-8.21631 , 4.1641 , 0
-8.22759 , 4.16407 , 0
-8.23886 , 4.16403 , 0
-8.25011 , 4.16399 , 0
-8.26135 , 4.16394 , 0
-8.27258 , 4.16389 , 0
-8.2838 , 4.16383 , 0
-8.295 , 4.16376 , 0
-8.30619 , 4.16369 , 0
-8.31737 , 4.16361 , 0
-8.32854 , 4.16352 , 0
-8.3397 , 4.16343 , 0
-8.35084 , 4.16333 , 0
-8.36197 , 4.16323 , 0
-8.37309 , 4.16312 , 0
-8.3842 , 4.163 , 0
-8.39529 , 4.16288 , 0
-8.40638 , 4.16275 , 0
-8.41745 , 4.16262 , 0
-8.42851 , 4.16248 , 0
-8.43956 , 4.16234 , 0
-8.45059 , 4.16218 , 0
-8.46161 , 4.16203 , 0
-8.47263 , 4.16186 , 0
-8.48363 , 4.16169 , 0
-8.49461 , 4.16152 , 0
-8.50559 , 4.16134 , 0
-8.51655 , 4.16115 , 0
-8.52751 , 4.16096 , 0
-8.53845 , 4.16076 , 0
-8.54938 , 4.16056 , 0
-8.56029 , 4.16035 , 0
-8.5712 , 4.16014 , 0
-8.58209 , 4.15992 , 0
-8.59297 , 4.15969 , 0
-8.60384 , 4.15946 , 0
-8.6147 , 4.15922 , 0
-8.62555 , 4.15898 , 0
-8.63639 , 4.15873 , 0
-8.64721 , 4.15847 , 0
-8.65802 , 4.15821 , 0
-8.66882 , 4.15795 , 0
-8.67961 , 4.15768 , 0
-8.69039 , 4.1574 , 0
-8.70116 , 4.15712 , 0
-8.71191 , 4.15683 , 0
-8.72266 , 4.15654 , 0
-8.73339 , 4.15624 , 0
-8.74411 , 4.15594 , 0
-8.75482 , 4.15563 , 0
-8.76552 , 4.15532 , 0
-8.77621 , 4.155 , 0
-8.78688 , 4.15467 , 0
-8.79755 , 4.15434 , 0
-8.8082 , 4.15401 , 0
-8.81884 , 4.15366 , 0
-8.82947 , 4.15332 , 0
-8.84009 , 4.15297 , 0
-8.8507 , 4.15261 , 0
-8.8613 , 4.15225 , 0
-8.87188 , 4.15188 , 0
-8.88246 , 4.15151 , 0
-8.89302 , 4.15113 , 0
-8.90357 , 4.15075 , 0
-8.91412 , 4.15036 , 0
-8.92465 , 4.14997 , 0
-8.93517 , 4.14957 , 0
-8.94567 , 4.14917 , 0
-8.95617 , 4.14876 , 0
-8.96666 , 4.14834 , 0
-8.97713 , 4.14792 , 0
-8.9876 , 4.1475 , 0
-8.99805 , 4.14707 , 0
-9.00849 , 4.14664 , 0
-9.01893 , 4.1462 , 0
-9.02935 , 4.14576 , 0
-9.03976 , 4.14531 , 0
-9.05016 , 4.14485 , 0
-9.06054 , 4.14439 , 0
-9.07092 , 4.14393 , 0
-9.08129 , 4.14346 , 0
-9.09165 , 4.14299 , 0
-9.10199 , 4.14251 , 0
-9.11233 , 4.14203 , 0
-9.12265 , 4.14154 , 0
-9.13296 , 4.14105 , 0
-9.14327 , 4.14055 , 0
-9.15356 , 4.14005 , 0
-9.16384 , 4.13954 , 0
-9.17411 , 4.13903 , 0
-9.18437 , 4.13851 , 0
-9.19462 , 4.13799 , 0
-9.20486 , 4.13746 , 0
-9.21509 , 4.13693 , 0
-9.2253 , 4.13639 , 0
-9.23551 , 4.13585 , 0
-9.24571 , 4.13531 , 0
-9.25589 , 4.13476 , 0
-9.26607 , 4.1342 , 0
-9.27624 , 4.13364 , 0
-9.28639 , 4.13308 , 0
-9.29653 , 4.13251 , 0
-9.30667 , 4.13194 , 0
-9.31679 , 4.13136 , 0
-9.32691 , 4.13078 , 0
-9.33701 , 4.13019 , 0
-9.3471 , 4.1296 , 0
-9.35718 , 4.129 , 0
-9.36726 , 4.1284 , 0
-9.37732 , 4.12779 , 0
-9.38737 , 4.12718 , 0
-9.39741 , 4.12657 , 0
-9.40744 , 4.12595 , 0
-9.41746 , 4.12533 , 0
-9.42747 , 4.1247 , 0
-9.43747 , 4.12407 , 0
-9.44746 , 4.12343 , 0
-9.45744 , 4.12279 , 0
-9.46741 , 4.12214 , 0
-9.47737 , 4.12149 , 0
-9.48732 , 4.12084 , 0
-9.49726 , 4.12018 , 0
-9.50719 , 4.11952 , 0
-9.51711 , 4.11885 , 0
-9.52702 , 4.11818 , 0
-9.53692 , 4.1175 , 0
-9.54681 , 4.11682 , 0
-9.55668 , 4.11614 , 0
-9.56655 , 4.11545 , 0
-9.57641 , 4.11475 , 0
-9.58626 , 4.11405 , 0
-9.5961 , 4.11335 , 0
-9.60593 , 4.11265 , 0
-9.61575 , 4.11194 , 0
-9.62556 , 4.11122 , 0
-9.63536 , 4.1105 , 0
-9.64515 , 4.10978 , 0
-9.65493 , 4.10905 , 0
-9.6647 , 4.10832 , 0
-9.67446 , 4.10758 , 0
-9.68421 , 4.10684 , 0
-9.69395 , 4.1061 , 0
-9.70368 , 4.10535 , 0
-9.7134 , 4.1046 , 0
-9.72311 , 4.10384 , 0
-9.73281 , 4.10308 , 0
-9.7425 , 4.10232 , 0
-9.75219 , 4.10155 , 0
-9.76186 , 4.10077 , 0
-9.77152 , 4.1 , 0
-9.78117 , 4.09922 , 0
-9.79082 , 4.09843 , 0
-9.80045 , 4.09764 , 0
-9.81007 , 4.09685 , 0
-9.81969 , 4.09605 , 0
-9.82929 , 4.09525 , 0
-9.83889 , 4.09444 , 0
-9.84847 , 4.09363 , 0
-9.85805 , 4.09282 , 0
-9.86761 , 4.092 , 0
-9.87717 , 4.09118 , 0
-9.88672 , 4.09036 , 0
-9.89626 , 4.08953 , 0
-9.90578 , 4.08869 , 0
-9.9153 , 4.08786 , 0
-9.92481 , 4.08702 , 0
-9.93431 , 4.08617 , 0
-9.9438 , 4.08532 , 0
-9.95328 , 4.08447 , 0
-9.96275 , 4.08361 , 0
-9.97222 , 4.08275 , 0
-9.98167 , 4.08189 , 0
-9.99111 , 4.08102 , 0
-10.0005 , 4.08015 , 0
-10.01 , 4.07928 , 0
-10.0194 , 4.0784 , 0
-10.0288 , 4.07751 , 0
-10.0382 , 4.07663 , 0
-10.0476 , 4.07573 , 0
-10.057 , 4.07484 , 0
-10.0663 , 4.07394 , 0
-10.0757 , 4.07304 , 0
-10.085 , 4.07213 , 0
-10.0944 , 4.07122 , 0
-10.1037 , 4.07031 , 0
-10.113 , 4.06939 , 0
-10.1223 , 4.06847 , 0
-10.1316 , 4.06755 , 0
-10.1409 , 4.06662 , 0
-10.1502 , 4.06569 , 0
-10.1595 , 4.06475 , 0
-10.1688 , 4.06382 , 0
-10.178 , 4.06287 , 0
-10.1873 , 4.06193 , 0
-10.1965 , 4.06098 , 0
-10.2057 , 4.06002 , 0
-10.215 , 4.05907 , 0
-10.2242 , 4.05811 , 0
-10.2334 , 4.05714 , 0
-10.2426 , 4.05617 , 0
-10.2518 , 4.0552 , 0
-10.2609 , 4.05423 , 0
-10.2701 , 4.05325 , 0
-10.2793 , 4.05227 , 0
-10.2884 , 4.05128 , 0
-10.2976 , 4.05029 , 0
-10.3067 , 4.0493 , 0
-10.3158 , 4.0483 , 0
-10.3249 , 4.0473 , 0
-10.334 , 4.0463 , 0
-10.3431 , 4.04529 , 0
-10.3522 , 4.04428 , 0
-10.3613 , 4.04327 , 0
-10.3704 , 4.04225 , 0
-10.3794 , 4.04123 , 0
-10.3885 , 4.04021 , 0
-10.3975 , 4.03918 , 0
-10.4066 , 4.03815 , 0
-10.4156 , 4.03711 , 0
-10.4246 , 4.03607 , 0
-10.4336 , 4.03503 , 0
-10.4426 , 4.03399 , 0
-10.4516 , 4.03294 , 0
-10.4606 , 4.03189 , 0
-10.4695 , 4.03083 , 0
-10.4785 , 4.02978 , 0
-10.4875 , 4.02872 , 0
-10.4964 , 4.02765 , 0
-10.5053 , 4.02658 , 0
-10.5143 , 4.02551 , 0
-10.5232 , 4.02444 , 0
-10.5321 , 4.02336 , 0
-10.541 , 4.02228 , 0
-10.5499 , 4.02119 , 0
-10.5588 , 4.0201 , 0
-10.5677 , 4.01901 , 0
-10.5765 , 4.01792 , 0
-10.5854 , 4.01682 , 0
-10.5942 , 4.01572 , 0
-10.6031 , 4.01461 , 0
-10.6119 , 4.01351 , 0
-10.6208 , 4.0124 , 0
-10.6296 , 4.01128 , 0
-10.6384 , 4.01016 , 0
-10.6472 , 4.00904 , 0
-10.656 , 4.00792 , 0
-10.6647 , 4.00679 , 0
-10.6735 , 4.00566 , 0
-10.6823 , 4.00453 , 0
-10.691 , 4.00339 , 0
-10.6998 , 4.00225 , 0
-10.7085 , 4.00111 , 0
-10.7173 , 3.99996 , 0
-10.726 , 3.99881 , 0
-10.7347 , 3.99766 , 0
-10.7434 , 3.99651 , 0
-10.7521 , 3.99535 , 0
-10.7608 , 3.99419 , 0
-10.7695 , 3.99302 , 0
-10.7782 , 3.99185 , 0
-10.7868 , 3.99068 , 0
-10.7955 , 3.98951 , 0
-10.8041 , 3.98833 , 0
-10.8128 , 3.98715 , 0
-10.8214 , 3.98597 , 0
-10.83 , 3.98478 , 0
-10.8386 , 3.98359 , 0
-10.8472 , 3.9824 , 0
-10.8558 , 3.9812 , 0
-10.8644 , 3.98 , 0
-10.873 , 3.9788 , 0
-10.8816 , 3.9776 , 0
-10.8901 , 3.97639 , 0
-10.8987 , 3.97518 , 0
-10.9073 , 3.97397 , 0
-10.9158 , 3.97275 , 0
-10.9243 , 3.97153 , 0
-10.9328 , 3.97031 , 0
-10.9414 , 3.96908 , 0
-10.9499 , 3.96785 , 0
-10.9584 , 3.96662 , 0
-10.9669 , 3.96539 , 0
-10.9753 , 3.96415 , 0
-10.9838 , 3.96291 , 0
-10.9923 , 3.96167 , 0
-11.0007 , 3.96042 , 0
-11.0092 , 3.95917 , 0
-11.0176 , 3.95792 , 0
-11.0261 , 3.95666 , 0
-11.0345 , 3.95541 , 0
-11.0429 , 3.95414 , 0
-11.0513 , 3.95288 , 0
-11.0597 , 3.95161 , 0
-11.0681 , 3.95034 , 0
-11.0765 , 3.94907 , 0
-11.0849 , 3.9478 , 0
-11.0933 , 3.94652 , 0
-11.1016 , 3.94524 , 0
-11.11 , 3.94395 , 0
-11.1183 , 3.94267 , 0
-11.1267 , 3.94138 , 0
-11.135 , 3.94009 , 0
-11.1433 , 3.93879 , 0
-11.1516 , 3.93749 , 0
-11.1599 , 3.93619 , 0
-11.1682 , 3.93489 , 0
-11.1765 , 3.93358 , 0
-11.1848 , 3.93227 , 0
-11.1931 , 3.93096 , 0
-11.2013 , 3.92965 , 0
-11.2096 , 3.92833 , 0
-11.2178 , 3.92701 , 0
-11.2261 , 3.92569 , 0
-11.2343 , 3.92436 , 0
-11.2426 , 3.92303 , 0
-11.2508 , 3.9217 , 0
-11.259 , 3.92037 , 0
-11.2672 , 3.91903 , 0
-11.2754 , 3.91769 , 0
-11.2836 , 3.91635 , 0
-11.2918 , 3.91501 , 0
-11.2999 , 3.91366 , 0
-11.3081 , 3.91231 , 0
-11.3162 , 3.91095 , 0
-11.3244 , 3.9096 , 0
-11.3325 , 3.90824 , 0
-11.3407 , 3.90688 , 0
-11.3488 , 3.90552 , 0
-11.3569 , 3.90415 , 0
-11.365 , 3.90278 , 0
-11.3731 , 3.90141 , 0
-11.3812 , 3.90004 , 0
-11.3893 , 3.89866 , 0
-11.3974 , 3.89728 , 0
-11.4055 , 3.8959 , 0
-11.4135 , 3.89451 , 0
-11.4216 , 3.89313 , 0
-11.4296 , 3.89174 , 0
-11.4377 , 3.89034 , 0
-11.4457 , 3.88895 , 0
-11.4537 , 3.88755 , 0
-11.4617 , 3.88615 , 0
-11.4698 , 3.88475 , 0
-11.4778 , 3.88334 , 0
-11.4858 , 3.88193 , 0
-11.4937 , 3.88052 , 0
-11.5017 , 3.87911 , 0
-11.5097 , 3.87769 , 0
-11.5177 , 3.87628 , 0
-11.5256 , 3.87485 , 0
-11.5336 , 3.87343 , 0
-11.5415 , 3.87201 , 0
-11.5494 , 3.87058 , 0
-11.5574 , 3.86915 , 0
-11.5653 , 3.86771 , 0
-11.5732 , 3.86628 , 0
-11.5811 , 3.86484 , 0
-11.589 , 3.8634 , 0
-11.5969 , 3.86195 , 0
-11.6048 , 3.86051 , 0
-11.6127 , 3.85906 , 0
-11.6205 , 3.85761 , 0
-11.6284 , 3.85615 , 0
-11.6362 , 3.8547 , 0
-11.6441 , 3.85324 , 0
-11.6519 , 3.85178 , 0
-11.6597 , 3.85032 , 0
-11.6676 , 3.84885 , 0
-11.6754 , 3.84738 , 0
-11.6832 , 3.84591 , 0
-11.691 , 3.84444 , 0
-11.6988 , 3.84296 , 0
-11.7066 , 3.84149 , 0
-11.7143 , 3.84001 , 0
-11.7221 , 3.83852 , 0
-11.7299 , 3.83704 , 0
-11.7376 , 3.83555 , 0
-11.7454 , 3.83406 , 0
-11.7531 , 3.83257 , 0
-11.7609 , 3.83107 , 0
-11.7686 , 3.82958 , 0
-11.7763 , 3.82808 , 0
-11.784 , 3.82657 , 0
-11.7917 , 3.82507 , 0
-11.7994 , 3.82356 , 0
-11.8071 , 3.82205 , 0
-11.8148 , 3.82054 , 0
-11.8225 , 3.81903 , 0
-11.8301 , 3.81751 , 0
-11.8378 , 3.81599 , 0
-11.8455 , 3.81447 , 0
-11.8531 , 3.81295 , 0
-11.8607 , 3.81142 , 0
-11.8684 , 3.8099 , 0
-11.876 , 3.80837 , 0
-11.8836 , 3.80683 , 0
-11.8912 , 3.8053 , 0
-11.8988 , 3.80376 , 0
-11.9064 , 3.80222 , 0
-11.914 , 3.80068 , 0
-11.9216 , 3.79914 , 0
-11.9292 , 3.79759 , 0
-11.9367 , 3.79604 , 0
-11.9443 , 3.79449 , 0
-11.9519 , 3.79294 , 0
-11.9594 , 3.79138 , 0
-11.9669 , 3.78983 , 0
-11.9745 , 3.78827 , 0
-11.982 , 3.78671 , 0
-11.9895 , 3.78514 , 0
-11.997 , 3.78357 , 0
-12.0045 , 3.78201 , 0
-12.012 , 3.78043 , 0
-12.0195 , 3.77886 , 0
-12.027 , 3.77729 , 0
-12.0345 , 3.77571 , 0
-12.0419 , 3.77413 , 0
-12.0494 , 3.77255 , 0
-12.0568 , 3.77096 , 0
-12.0643 , 3.76938 , 0
-12.0717 , 3.76779 , 0
-12.0792 , 3.7662 , 0
-12.0866 , 3.7646 , 0
-12.094 , 3.76301 , 0
-12.1014 , 3.76141 , 0
-12.1088 , 3.75981 , 0
-12.1162 , 3.75821 , 0
-12.1236 , 3.7566 , 0
-12.131 , 3.755 , 0
-12.1384 , 3.75339 , 0
-12.1457 , 3.75178 , 0
-12.1531 , 3.75017 , 0
-12.1605 , 3.74855 , 0
-12.1678 , 3.74693 , 0
-12.1752 , 3.74532 , 0
-12.1825 , 3.74369 , 0
-12.1898 , 3.74207 , 0
-12.1971 , 3.74045 , 0
-12.2044 , 3.73882 , 0
-12.2118 , 3.73719 , 0
-12.2191 , 3.73556 , 0
-12.2264 , 3.73392 , 0
-12.2336 , 3.73229 , 0
-12.2409 , 3.73065 , 0
-12.2482 , 3.72901 , 0
-12.2555 , 3.72737 , 0
-12.2627 , 3.72572 , 0
-12.27 , 3.72407 , 0
-12.2772 , 3.72243 , 0
-12.2844 , 3.72077 , 0
-12.2917 , 3.71912 , 0
-12.2989 , 3.71747 , 0
-12.3061 , 3.71581 , 0
-12.3133 , 3.71415 , 0
-12.3205 , 3.71249 , 0
-12.3277 , 3.71083 , 0
-12.3349 , 3.70916 , 0
-12.3421 , 3.70749 , 0
-12.3493 , 3.70583 , 0
-12.3565 , 3.70415 , 0
-12.3636 , 3.70248 , 0
-12.3708 , 3.70081 , 0
-12.3779 , 3.69913 , 0
-12.3851 , 3.69745 , 0
-12.3922 , 3.69577 , 0
-12.3993 , 3.69408 , 0
-12.4065 , 3.6924 , 0
-12.4136 , 3.69071 , 0
-12.4207 , 3.68902 , 0
-12.4278 , 3.68733 , 0
-12.4349 , 3.68564 , 0
-12.442 , 3.68394 , 0
-12.449 , 3.68224 , 0
-12.4561 , 3.68054 , 0
-12.4632 , 3.67884 , 0
-12.4703 , 3.67714 , 0
-12.4773 , 3.67543 , 0
-12.4844 , 3.67373 , 0
-12.4914 , 3.67202 , 0
-12.4984 , 3.67031 , 0
-12.5055 , 3.66859 , 0
-12.5125 , 3.66688 , 0
-12.5195 , 3.66516 , 0
-12.5265 , 3.66344 , 0
-12.5335 , 3.66172 , 0
-12.5405 , 3.66 , 0
-12.5475 , 3.65827 , 0
-12.5545 , 3.65655 , 0
-12.5615 , 3.65482 , 0
-12.5684 , 3.65309 , 0
-12.5754 , 3.65136 , 0
-12.5823 , 3.64962 , 0
-12.5893 , 3.64788 , 0
-12.5962 , 3.64615 , 0
-12.6032 , 3.64441 , 0
-12.6101 , 3.64266 , 0
-12.617 , 3.64092 , 0
-12.6239 , 3.63917 , 0
-12.6309 , 3.63743 , 0
-12.6378 , 3.63568 , 0
-12.6447 , 3.63392 , 0
-12.6515 , 3.63217 , 0
-12.6584 , 3.63042 , 0
-12.6653 , 3.62866 , 0
-12.6722 , 3.6269 , 0
-12.679 , 3.62514 , 0
-12.6859 , 3.62338 , 0
-12.6927 , 3.62161 , 0
-12.6996 , 3.61984 , 0
-12.7064 , 3.61808 , 0
-12.7133 , 3.61631 , 0
-12.7201 , 3.61453 , 0
-12.7269 , 3.61276 , 0
-12.7337 , 3.61098 , 0
-12.7405 , 3.60921 , 0
-12.7473 , 3.60743 , 0
-12.7541 , 3.60565 , 0
-12.7609 , 3.60386 , 0
-12.7677 , 3.60208 , 0
-12.7745 , 3.60029 , 0
-12.7812 , 3.5985 , 0
-12.788 , 3.59671 , 0
-12.7947 , 3.59492 , 0
-12.8015 , 3.59313 , 0
-12.8082 , 3.59133 , 0
-12.815 , 3.58953 , 0
-12.8217 , 3.58773 , 0
-12.8284 , 3.58593 , 0
-12.8351 , 3.58413 , 0
-12.8418 , 3.58233 , 0
-12.8485 , 3.58052 , 0
-12.8552 , 3.57871 , 0
-12.8619 , 3.5769 , 0
-12.8686 , 3.57509 , 0
-12.8753 , 3.57328 , 0
-12.8819 , 3.57146 , 0
-12.8886 , 3.56964 , 0
-12.8953 , 3.56782 , 0
-12.9019 , 3.566 , 0
-12.9086 , 3.56418 , 0
-12.9152 , 3.56236 , 0
-12.9218 , 3.56053 , 0
-12.9285 , 3.5587 , 0
-12.9351 , 3.55687 , 0
-12.9417 , 3.55504 , 0
-12.9483 , 3.55321 , 0
-12.9549 , 3.55138 , 0
-12.9615 , 3.54954 , 0
-12.9681 , 3.5477 , 0
-12.9747 , 3.54586 , 0
-12.9813 , 3.54402 , 0
-12.9878 , 3.54218 , 0
-12.9944 , 3.54033 , 0
-13.0009 , 3.53849 , 0
-13.0075 , 3.53664 , 0
-13.014 , 3.53479 , 0
-13.0206 , 3.53294 , 0
-13.0271 , 3.53108 , 0
-13.0336 , 3.52923 , 0
-13.0402 , 3.52737 , 0
-13.0467 , 3.52551 , 0
-13.0532 , 3.52365 , 0
-13.0597 , 3.52179 , 0
-13.0662 , 3.51993 , 0
-13.0727 , 3.51806 , 0
-13.0791 , 3.51619 , 0
-13.0856 , 3.51433 , 0
-13.0921 , 3.51246 , 0
-13.0986 , 3.51058 , 0
-13.105 , 3.50871 , 0
-13.1115 , 3.50684 , 0
-13.1179 , 3.50496 , 0
-13.1243 , 3.50308 , 0
-13.1308 , 3.5012 , 0
-13.1372 , 3.49932 , 0
-13.1436 , 3.49743 , 0
-13.15 , 3.49555 , 0
-13.1564 , 3.49366 , 0
-13.1628 , 3.49177 , 0
-13.1692 , 3.48988 , 0
-13.1756 , 3.48799 , 0
-13.182 , 3.4861 , 0
-13.1884 , 3.48421 , 0
-13.1948 , 3.48231 , 0
-13.2011 , 3.48041 , 0
-13.2075 , 3.47851 , 0
-13.2138 , 3.47661 , 0
-13.2202 , 3.47471 , 0
-13.2265 , 3.4728 , 0
-13.2329 , 3.4709 , 0
-13.2392 , 3.46899 , 0
-13.2455 , 3.46708 , 0
-13.2518 , 3.46517 , 0
-13.2581 , 3.46326 , 0
-13.2644 , 3.46134 , 0
-13.2707 , 3.45943 , 0
-13.277 , 3.45751 , 0
-13.2833 , 3.45559 , 0
-13.2896 , 3.45367 , 0
-13.2959 , 3.45175 , 0
-13.3021 , 3.44983 , 0
-13.3084 , 3.4479 , 0
-13.3147 , 3.44597 , 0
-13.3209 , 3.44405 , 0
-13.3272 , 3.44212 , 0
-13.3334 , 3.44018 , 0
-13.3396 , 3.43825 , 0
-13.3459 , 3.43632 , 0
-13.3521 , 3.43438 , 0
-13.3583 , 3.43244 , 0
-13.3645 , 3.4305 , 0
-13.3707 , 3.42856 , 0
-13.3769 , 3.42662 , 0
-13.3831 , 3.42468 , 0
-13.3893 , 3.42273 , 0
-13.3954 , 3.42079 , 0
-13.4016 , 3.41884 , 0
-13.4078 , 3.41689 , 0
-13.4139 , 3.41494 , 0
-13.4201 , 3.41298 , 0
-13.4262 , 3.41103 , 0
-13.4324 , 3.40907 , 0
-13.4385 , 3.40712 , 0
-13.4446 , 3.40516 , 0
-13.4508 , 3.4032 , 0
-13.4569 , 3.40124 , 0
-13.463 , 3.39927 , 0
-13.4691 , 3.39731 , 0
-13.4752 , 3.39534 , 0
-13.4813 , 3.39337 , 0
-13.4874 , 3.3914 , 0
-13.4935 , 3.38943 , 0
-13.4996 , 3.38746 , 0
-13.5056 , 3.38549 , 0
-13.5117 , 3.38351 , 0
-13.5177 , 3.38154 , 0
-13.5238 , 3.37956 , 0
-13.5298 , 3.37758 , 0
-13.5359 , 3.3756 , 0
-13.5419 , 3.37361 , 0
-13.548 , 3.37163 , 0
-13.554 , 3.36964 , 0
-13.56 , 3.36766 , 0
-13.566 , 3.36567 , 0
-13.572 , 3.36368 , 0
-13.578 , 3.36169 , 0
-13.584 , 3.35969 , 0
-13.59 , 3.3577 , 0
-13.596 , 3.3557 , 0
-13.602 , 3.35371 , 0
-13.6079 , 3.35171 , 0
-13.6139 , 3.34971 , 0
-13.6199 , 3.34771 , 0
-13.6258 , 3.3457 , 0
-13.6318 , 3.3437 , 0
-13.6377 , 3.34169 , 0
-13.6436 , 3.33969 , 0
-13.6496 , 3.33768 , 0
-13.6555 , 3.33567 , 0
-13.6614 , 3.33366 , 0
-13.6673 , 3.33164 , 0
-13.6732 , 3.32963 , 0
-13.6791 , 3.32762 , 0
-13.685 , 3.3256 , 0
-13.6909 , 3.32358 , 0
-13.6968 , 3.32156 , 0
-13.7027 , 3.31954 , 0
-13.7086 , 3.31752 , 0
-13.7144 , 3.31549 , 0
-13.7203 , 3.31347 , 0
-13.7261 , 3.31144 , 0
-13.732 , 3.30941 , 0
-13.7378 , 3.30738 , 0
-13.7437 , 3.30535 , 0
-13.7495 , 3.30332 , 0
-13.7553 , 3.30129 , 0
-13.7611 , 3.29925 , 0
-13.767 , 3.29721 , 0
-13.7728 , 3.29518 , 0
-13.7786 , 3.29314 , 0
-13.7844 , 3.2911 , 0
-13.7902 , 3.28905 , 0
-13.796 , 3.28701 , 0
-13.8017 , 3.28497 , 0
-13.8075 , 3.28292 , 0
-13.8133 , 3.28087 , 0
-13.819 , 3.27882 , 0
-13.8248 , 3.27677 , 0
-13.8306 , 3.27472 , 0
-13.8363 , 3.27267 , 0
-13.842 , 3.27062 , 0
-13.8478 , 3.26856 , 0
-13.8535 , 3.2665 , 0
-13.8592 , 3.26445 , 0
-13.8649 , 3.26239 , 0
-13.8707 , 3.26033 , 0
-13.8764 , 3.25826 , 0
-13.8821 , 3.2562 , 0
-13.8878 , 3.25414 , 0
-13.8935 , 3.25207 , 0
-13.8991 , 3.25 , 0
-13.9048 , 3.24793 , 0
-13.9105 , 3.24586 , 0
-13.9162 , 3.24379 , 0
-13.9218 , 3.24172 , 0
-13.9275 , 3.23964 , 0
-13.9331 , 3.23757 , 0
-13.9388 , 3.23549 , 0
-13.9444 , 3.23342 , 0
-13.95 , 3.23134 , 0
-13.9557 , 3.22926 , 0
-13.9613 , 3.22717 , 0
-13.9669 , 3.22509 , 0
-13.9725 , 3.22301 , 0
-13.9781 , 3.22092 , 0
-13.9837 , 3.21883 , 0
-13.9893 , 3.21675 , 0
-13.9949 , 3.21466 , 0
-14.0005 , 3.21257 , 0
-14.0061 , 3.21047 , 0
-14.0117 , 3.20838 , 0
-14.0172 , 3.20629 , 0
-14.0228 , 3.20419 , 0
-14.0283 , 3.20209 , 0
-14.0339 , 3.19999 , 0
-14.0394 , 3.19789 , 0
-14.045 , 3.19579 , 0
-14.0505 , 3.19369 , 0
-14.056 , 3.19159 , 0
-14.0616 , 3.18948 , 0
-14.0671 , 3.18738 , 0
-14.0726 , 3.18527 , 0
-14.0781 , 3.18316 , 0
-14.0836 , 3.18105 , 0
-14.0891 , 3.17894 , 0
-14.0946 , 3.17683 , 0
-14.1001 , 3.17472 , 0
-14.1055 , 3.1726 , 0
-14.111 , 3.17049 , 0
-14.1165 , 3.16837 , 0
-14.1219 , 3.16625 , 0
-14.1274 , 3.16413 , 0
-14.1328 , 3.16201 , 0
-14.1383 , 3.15989 , 0
-14.1437 , 3.15776 , 0
-14.1492 , 3.15564 , 0
-14.1546 , 3.15351 , 0
-14.16 , 3.15139 , 0
-14.1654 , 3.14926 , 0
-14.1709 , 3.14713 , 0
-14.1763 , 3.145 , 0
-14.1817 , 3.14287 , 0
-14.1871 , 3.14073 , 0
-14.1924 , 3.1386 , 0
-14.1978 , 3.13646 , 0
-14.2032 , 3.13433 , 0
-14.2086 , 3.13219 , 0
-14.214 , 3.13005 , 0
-14.2193 , 3.12791 , 0
-14.2247 , 3.12577 , 0
-14.23 , 3.12363 , 0
-14.2354 , 3.12148 , 0
-14.2407 , 3.11934 , 0
-14.2461 , 3.11719 , 0
-14.2514 , 3.11504 , 0
-14.2567 , 3.1129 , 0
-14.262 , 3.11075 , 0
-14.2674 , 3.10859 , 0
-14.2727 , 3.10644 , 0
-14.278 , 3.10429 , 0
-14.2833 , 3.10213 , 0
-14.2886 , 3.09998 , 0
-14.2938 , 3.09782 , 0
-14.2991 , 3.09566 , 0
-14.3044 , 3.09351 , 0
-14.3097 , 3.09135 , 0
-14.3149 , 3.08918 , 0
-14.3202 , 3.08702 , 0
-14.3255 , 3.08486 , 0
-14.3307 , 3.08269 , 0
-14.336 , 3.08053 , 0
-14.3412 , 3.07836 , 0
-14.3464 , 3.07619 , 0
-14.3517 , 3.07402 , 0
-14.3569 , 3.07185 , 0
-14.3621 , 3.06968 , 0
-14.3673 , 3.06751 , 0
-14.3725 , 3.06533 , 0
-14.3777 , 3.06316 , 0
-14.3829 , 3.06098 , 0
-14.3881 , 3.0588 , 0
-14.3933 , 3.05662 , 0
-14.3985 , 3.05444 , 0
-14.4037 , 3.05226 , 0
-14.4088 , 3.05008 , 0
-14.414 , 3.0479 , 0
-14.4191 , 3.04571 , 0
-14.4243 , 3.04353 , 0
-14.4295 , 3.04134 , 0
-14.4346 , 3.03915 , 0
-14.4397 , 3.03697 , 0
-14.4449 , 3.03478 , 0
-14.45 , 3.03259 , 0
-14.4551 , 3.03039 , 0
-14.4602 , 3.0282 , 0
-14.4653 , 3.02601 , 0
-14.4705 , 3.02381 , 0
-14.4756 , 3.02161 , 0
-14.4806 , 3.01942 , 0
-14.4857 , 3.01722 , 0
-14.4908 , 3.01502 , 0
-14.4959 , 3.01282 , 0
-14.501 , 3.01061 , 0
-14.506 , 3.00841 , 0
-14.5111 , 3.00621 , 0
-14.5162 , 3.004 , 0
-14.5212 , 3.0018 , 0
-14.5263 , 2.99959 , 0
-14.5313 , 2.99738 , 0
-14.5364 , 2.99517 , 0
-14.5414 , 2.99296 , 0
-14.5464 , 2.99075 , 0
-14.5514 , 2.98854 , 0
-14.5565 , 2.98632 , 0
-14.5615 , 2.98411 , 0
-14.5665 , 2.98189 , 0
-14.5715 , 2.97967 , 0
-14.5765 , 2.97745 , 0
-14.5815 , 2.97524 , 0
-14.5865 , 2.97302 , 0
-14.5914 , 2.97079 , 0
-14.5964 , 2.96857 , 0
-14.6014 , 2.96635 , 0
-14.6063 , 2.96412 , 0
-14.6113 , 2.9619 , 0
-14.6163 , 2.95967 , 0
-14.6212 , 2.95744 , 0
-14.6262 , 2.95521 , 0
-14.6311 , 2.95298 , 0
-14.636 , 2.95075 , 0
-14.641 , 2.94852 , 0
-14.6459 , 2.94629 , 0
-14.6508 , 2.94406 , 0
-14.6557 , 2.94182 , 0
-14.6606 , 2.93958 , 0
-14.6655 , 2.93735 , 0
-14.6704 , 2.93511 , 0
-14.6753 , 2.93287 , 0
-14.6802 , 2.93063 , 0
-14.6851 , 2.92839 , 0
-14.69 , 2.92615 , 0
-14.6948 , 2.9239 , 0
-14.6997 , 2.92166 , 0
-14.7046 , 2.91941 , 0
-14.7094 , 2.91717 , 0
-14.7143 , 2.91492 , 0
-14.7191 , 2.91267 , 0
-14.724 , 2.91042 , 0
-14.7288 , 2.90817 , 0
-14.7336 , 2.90592 , 0
-14.7384 , 2.90367 , 0
-14.7433 , 2.90141 , 0
-14.7481 , 2.89916 , 0
-14.7529 , 2.8969 , 0
-14.7577 , 2.89465 , 0
-14.7625 , 2.89239 , 0
-14.7673 , 2.89013 , 0
-14.7721 , 2.88787 , 0
-14.7769 , 2.88561 , 0
-14.7816 , 2.88335 , 0
-14.7864 , 2.88109 , 0
-14.7912 , 2.87882 , 0
-14.796 , 2.87656 , 0
-14.8007 , 2.87429 , 0
-14.8055 , 2.87203 , 0
-14.8102 , 2.86976 , 0
-14.815 , 2.86749 , 0
-14.8197 , 2.86522 , 0
-14.8244 , 2.86295 , 0
-14.8292 , 2.86068 , 0
-14.8339 , 2.85841 , 0
-14.8386 , 2.85613 , 0
-14.8433 , 2.85386 , 0
-14.848 , 2.85159 , 0
-14.8527 , 2.84931 , 0
-14.8574 , 2.84703 , 0
-14.8621 , 2.84475 , 0
-14.8668 , 2.84247 , 0
-14.8715 , 2.84019 , 0
-14.8762 , 2.83791 , 0
-14.8808 , 2.83563 , 0
-14.8855 , 2.83335 , 0
-14.8902 , 2.83106 , 0
-14.8948 , 2.82878 , 0
-14.8995 , 2.82649 , 0
-14.9041 , 2.82421 , 0
-14.9088 , 2.82192 , 0
-14.9134 , 2.81963 , 0
-14.918 , 2.81734 , 0
-14.9227 , 2.81505 , 0
-14.9273 , 2.81276 , 0
-14.9319 , 2.81047 , 0
-14.9365 , 2.80817 , 0
-14.9411 , 2.80588 , 0
-14.9457 , 2.80358 , 0
-14.9503 , 2.80129 , 0
-14.9549 , 2.79899 , 0
-14.9595 , 2.79669 , 0
-14.9641 , 2.79439 , 0
-14.9687 , 2.79209 , 0
-14.9732 , 2.78979 , 0
-14.9778 , 2.78749 , 0
-14.9824 , 2.78519 , 0
-14.9869 , 2.78288 , 0
-14.9915 , 2.78058 , 0
-14.996 , 2.77827 , 0
-15.0006 , 2.77596 , 0
-15.0051 , 2.77366 , 0
-15.0096 , 2.77135 , 0
-15.0142 , 2.76904 , 0
-15.0187 , 2.76673 , 0
-15.0232 , 2.76442 , 0
-15.0277 , 2.76211 , 0
-15.0322 , 2.75979 , 0
-15.0367 , 2.75748 , 0
-15.0412 , 2.75516 , 0
-15.0457 , 2.75285 , 0
-15.0502 , 2.75053 , 0
-15.0547 , 2.74821 , 0
-15.0592 , 2.7459 , 0
-15.0637 , 2.74358 , 0
-15.0681 , 2.74126 , 0
-15.0726 , 2.73894 , 0
-15.077 , 2.73661 , 0
-15.0815 , 2.73429 , 0
-15.0859 , 2.73197 , 0
-15.0904 , 2.72964 , 0
-15.0948 , 2.72732 , 0
-15.0993 , 2.72499 , 0
-15.1037 , 2.72266 , 0
-15.1081 , 2.72033 , 0
-15.1125 , 2.71801 , 0
-15.1169 , 2.71568 , 0
-15.1214 , 2.71334 , 0
-15.1258 , 2.71101 , 0
-15.1302 , 2.70868 , 0
-15.1345 , 2.70635 , 0
-15.1389 , 2.70401 , 0
-15.1433 , 2.70168 , 0
-15.1477 , 2.69934 , 0
-15.1521 , 2.697 , 0
-15.1564 , 2.69467 , 0
-15.1608 , 2.69233 , 0
-15.1652 , 2.68999 , 0
-15.1695 , 2.68765 , 0
-15.1739 , 2.68531 , 0
-15.1782 , 2.68296 , 0
-15.1826 , 2.68062 , 0
-15.1869 , 2.67828 , 0
-15.1912 , 2.67593 , 0
-15.1956 , 2.67359 , 0
-15.1999 , 2.67124 , 0
-15.2042 , 2.66889 , 0
-15.2085 , 2.66654 , 0
-15.2128 , 2.66419 , 0
-15.2171 , 2.66184 , 0
-15.2214 , 2.65949 , 0
-15.2257 , 2.65714 , 0
-15.23 , 2.65479 , 0
-15.2343 , 2.65244 , 0
-15.2385 , 2.65008 , 0
-15.2428 , 2.64773 , 0
-15.2471 , 2.64537 , 0
-15.2513 , 2.64301 , 0
-15.2556 , 2.64066 , 0
-15.2599 , 2.6383 , 0
-15.2641 , 2.63594 , 0
-15.2683 , 2.63358 , 0
-15.2726 , 2.63122 , 0
-15.2768 , 2.62886 , 0
-15.281 , 2.62649 , 0
-15.2853 , 2.62413 , 0
-15.2895 , 2.62176 , 0
-15.2937 , 2.6194 , 0
-15.2979 , 2.61703 , 0
-15.3021 , 2.61467 , 0
-15.3063 , 2.6123 , 0
-15.3105 , 2.60993 , 0
-15.3147 , 2.60756 , 0
-15.3189 , 2.60519 , 0
-15.3231 , 2.60282 , 0
-15.3272 , 2.60045 , 0
-15.3314 , 2.59808 , 0
-15.3356 , 2.5957 , 0
-15.3397 , 2.59333 , 0
-15.3439 , 2.59095 , 0
-15.3481 , 2.58858 , 0
-15.3522 , 2.5862 , 0
-15.3563 , 2.58382 , 0
-15.3605 , 2.58145 , 0
-15.3646 , 2.57907 , 0
-15.3687 , 2.57669 , 0
-15.3729 , 2.57431 , 0
-15.377 , 2.57193 , 0
-15.3811 , 2.56954 , 0
-15.3852 , 2.56716 , 0
-15.3893 , 2.56478 , 0
-15.3934 , 2.56239 , 0
-15.3975 , 2.56001 , 0
-15.4016 , 2.55762 , 0
-15.4057 , 2.55523 , 0
-15.4098 , 2.55285 , 0
-15.4138 , 2.55046 , 0
-15.4179 , 2.54807 , 0
-15.422 , 2.54568 , 0
-15.426 , 2.54329 , 0
-15.4301 , 2.5409 , 0
-15.4341 , 2.5385 , 0
-15.4382 , 2.53611 , 0
-15.4422 , 2.53372 , 0
-15.4463 , 2.53132 , 0
-15.4503 , 2.52893 , 0
-15.4543 , 2.52653 , 0
-15.4583 , 2.52413 , 0
-15.4624 , 2.52173 , 0
-15.4664 , 2.51934 , 0
-15.4704 , 2.51694 , 0
-15.4744 , 2.51454 , 0
-15.4784 , 2.51213 , 0
-15.4824 , 2.50973 , 0
-15.4864 , 2.50733 , 0
-15.4903 , 2.50493 , 0
-15.4943 , 2.50252 , 0
-15.4983 , 2.50012 , 0
-15.5023 , 2.49771 , 0
-15.5062 , 2.49531 , 0
-15.5102 , 2.4929 , 0
-15.5142 , 2.49049 , 0
-15.5181 , 2.48808 , 0
-15.5221 , 2.48567 , 0
-15.526 , 2.48326 , 0
-15.5299 , 2.48085 , 0
-15.5339 , 2.47844 , 0
-15.5378 , 2.47603 , 0
-15.5417 , 2.47362 , 0
-15.5456 , 2.4712 , 0
-15.5496 , 2.46879 , 0
-15.5535 , 2.46637 , 0
-15.5574 , 2.46396 , 0
-15.5613 , 2.46154 , 0
-15.5652 , 2.45912 , 0
-15.5691 , 2.4567 , 0
-15.5729 , 2.45428 , 0
-15.5768 , 2.45186 , 0
-15.5807 , 2.44944 , 0
-15.5846 , 2.44702 , 0
-15.5884 , 2.4446 , 0
-15.5923 , 2.44218 , 0
-15.5962 , 2.43975 , 0
-15.6 , 2.43733 , 0
-15.6039 , 2.4349 , 0
-15.6077 , 2.43248 , 0
-15.6115 , 2.43005 , 0
-15.6154 , 2.42762 , 0
-15.6192 , 2.4252 , 0
-15.623 , 2.42277 , 0
-15.6269 , 2.42034 , 0
-15.6307 , 2.41791 , 0
-15.6345 , 2.41548 , 0
-15.6383 , 2.41305 , 0
-15.6421 , 2.41061 , 0
-15.6459 , 2.40818 , 0
-15.6497 , 2.40575 , 0
-15.6535 , 2.40331 , 0
-15.6573 , 2.40088 , 0
-15.661 , 2.39844 , 0
-15.6648 , 2.39601 , 0
-15.6686 , 2.39357 , 0
-15.6723 , 2.39113 , 0
-15.6761 , 2.38869 , 0
-15.6799 , 2.38625 , 0
-15.6836 , 2.38381 , 0
-15.6874 , 2.38137 , 0
-15.6911 , 2.37893 , 0
-15.6948 , 2.37649 , 0
-15.6986 , 2.37405 , 0
-15.7023 , 2.3716 , 0
-15.706 , 2.36916 , 0
-15.7097 , 2.36671 , 0
-15.7134 , 2.36427 , 0
-15.7172 , 2.36182 , 0
-15.7209 , 2.35937 , 0
-15.7246 , 2.35693 , 0
-15.7283 , 2.35448 , 0
-15.7319 , 2.35203 , 0
-15.7356 , 2.34958 , 0
-15.7393 , 2.34713 , 0
-15.743 , 2.34468 , 0
-15.7467 , 2.34223 , 0
-15.7503 , 2.33977 , 0
-15.754 , 2.33732 , 0
-15.7577 , 2.33487 , 0
-15.7613 , 2.33241 , 0
-15.765 , 2.32996 , 0
-15.7686 , 2.3275 , 0
-15.7722 , 2.32504 , 0
-15.7759 , 2.32259 , 0
-15.7795 , 2.32013 , 0
-15.7831 , 2.31767 , 0
-15.7868 , 2.31521 , 0
-15.7904 , 2.31275 , 0
-15.794 , 2.31029 , 0
-15.7976 , 2.30783 , 0
-15.8012 , 2.30537 , 0
-15.8048 , 2.3029 , 0
-15.8084 , 2.30044 , 0
-15.812 , 2.29798 , 0
-15.8156 , 2.29551 , 0
-15.8192 , 2.29305 , 0
-15.8227 , 2.29058 , 0
-15.8263 , 2.28812 , 0
-15.8299 , 2.28565 , 0
-15.8334 , 2.28318 , 0
-15.837 , 2.28071 , 0
-15.8405 , 2.27824 , 0
-15.8441 , 2.27577 , 0
-15.8476 , 2.2733 , 0
-15.8512 , 2.27083 , 0
-15.8547 , 2.26836 , 0
-15.8582 , 2.26589 , 0
-15.8618 , 2.26341 , 0
-15.8653 , 2.26094 , 0
-15.8688 , 2.25846 , 0
-15.8723 , 2.25599 , 0
-15.8758 , 2.25351 , 0
-15.8793 , 2.25104 , 0
-15.8828 , 2.24856 , 0
-15.8863 , 2.24608 , 0
-15.8898 , 2.2436 , 0
-15.8933 , 2.24113 , 0
-15.8968 , 2.23865 , 0
-15.9003 , 2.23617 , 0
-15.9037 , 2.23368 , 0
-15.9072 , 2.2312 , 0
-15.9107 , 2.22872 , 0
-15.9141 , 2.22624 , 0
-15.9176 , 2.22375 , 0
-15.921 , 2.22127 , 0
-15.9245 , 2.21879 , 0
-15.9279 , 2.2163 , 0
-15.9313 , 2.21381 , 0
-15.9348 , 2.21133 , 0
-15.9382 , 2.20884 , 0
-15.9416 , 2.20635 , 0
-15.945 , 2.20386 , 0
-15.9484 , 2.20138 , 0
-15.9519 , 2.19889 , 0
-15.9553 , 2.1964 , 0
-15.9587 , 2.1939 , 0
-15.962 , 2.19141 , 0
-15.9654 , 2.18892 , 0
-15.9688 , 2.18643 , 0
-15.9722 , 2.18393 , 0
-15.9756 , 2.18144 , 0
-15.979 , 2.17895 , 0
-15.9823 , 2.17645 , 0
-15.9857 , 2.17396 , 0
-15.989 , 2.17146 , 0
-15.9924 , 2.16896 , 0
-15.9958 , 2.16646 , 0
-15.9991 , 2.16397 , 0
-16.0024 , 2.16147 , 0
-16.0058 , 2.15897 , 0
-16.0091 , 2.15647 , 0
-16.0124 , 2.15397 , 0
-16.0158 , 2.15147 , 0
-16.0191 , 2.14896 , 0
-16.0224 , 2.14646 , 0
-16.0257 , 2.14396 , 0
-16.029 , 2.14145 , 0
-16.0323 , 2.13895 , 0
-16.0356 , 2.13644 , 0
-16.0389 , 2.13394 , 0
-16.0422 , 2.13143 , 0
-16.0455 , 2.12893 , 0
-16.0487 , 2.12642 , 0
-16.052 , 2.12391 , 0
-16.0553 , 2.1214 , 0
-16.0586 , 2.11889 , 0
-16.0618 , 2.11638 , 0
-16.0651 , 2.11387 , 0
-16.0683 , 2.11136 , 0
-16.0716 , 2.10885 , 0
-16.0748 , 2.10634 , 0
-16.078 , 2.10383 , 0
-16.0813 , 2.10131 , 0
-16.0845 , 2.0988 , 0
-16.0877 , 2.09629 , 0
-16.091 , 2.09377 , 0
-16.0942 , 2.09126 , 0
-16.0974 , 2.08874 , 0
-16.1006 , 2.08622 , 0
-16.1038 , 2.08371 , 0
-16.107 , 2.08119 , 0
-16.1102 , 2.07867 , 0
-16.1134 , 2.07615 , 0
-16.1166 , 2.07363 , 0
-16.1197 , 2.07111 , 0
-16.1229 , 2.06859 , 0
-16.1261 , 2.06607 , 0
-16.1293 , 2.06355 , 0
-16.1324 , 2.06103 , 0
-16.1356 , 2.0585 , 0
-16.1387 , 2.05598 , 0
-16.1419 , 2.05346 , 0
-16.145 , 2.05093 , 0
-16.1482 , 2.04841 , 0
-16.1513 , 2.04588 , 0
-16.1544 , 2.04335 , 0
-16.1576 , 2.04083 , 0
-16.1607 , 2.0383 , 0
-16.1638 , 2.03577 , 0
-16.1669 , 2.03324 , 0
-16.17 , 2.03071 , 0
-16.1731 , 2.02819 , 0
-16.1762 , 2.02566 , 0
-16.1793 , 2.02312 , 0
-16.1824 , 2.02059 , 0
-16.1855 , 2.01806 , 0
-16.1886 , 2.01553 , 0
-16.1917 , 2.013 , 0
-16.1948 , 2.01046 , 0
-16.1978 , 2.00793 , 0
-16.2009 , 2.00539 , 0
-16.204 , 2.00286 , 0
-16.207 , 2.00032 , 0
-16.2101 , 1.99779 , 0
-16.2131 , 1.99525 , 0
-16.2162 , 1.99271 , 0
-16.2192 , 1.99018 , 0
-16.2222 , 1.98764 , 0
-16.2253 , 1.9851 , 0
-16.2283 , 1.98256 , 0
-16.2313 , 1.98002 , 0
-16.2343 , 1.97748 , 0
-16.2373 , 1.97494 , 0
-16.2403 , 1.9724 , 0
-16.2434 , 1.96986 , 0
-16.2464 , 1.96731 , 0
-16.2494 , 1.96477 , 0
-16.2523 , 1.96223 , 0
-16.2553 , 1.95968 , 0
-16.2583 , 1.95714 , 0
-16.2613 , 1.95459 , 0
-16.2643 , 1.95205 , 0
-16.2672 , 1.9495 , 0
-16.2702 , 1.94695 , 0
-16.2732 , 1.94441 , 0
-16.2761 , 1.94186 , 0
-16.2791 , 1.93931 , 0
-16.282 , 1.93676 , 0
-16.285 , 1.93421 , 0
-16.2879 , 1.93166 , 0
-16.2908 , 1.92911 , 0
-16.2938 , 1.92656 , 0
-16.2967 , 1.92401 , 0
-16.2996 , 1.92146 , 0
-16.3025 , 1.9189 , 0
-16.3054 , 1.91635 , 0
-16.3084 , 1.9138 , 0
-16.3113 , 1.91124 , 0
-16.3142 , 1.90869 , 0
-16.3171 , 1.90613 , 0
-16.3199 , 1.90358 , 0
-16.3228 , 1.90102 , 0
-16.3257 , 1.89847 , 0
