x , y , z
1 , 0 , 0
0.999705 , 0.0236049 , 0
0.999116 , 0.0472028 , 0
0.998232 , 0.0707868 , 0
0.997055 , 0.09435 , 0
0.995586 , 0.117885 , 0
0.993825 , 0.141386 , 0
0.991774 , 0.164846 , 0
0.989436 , 0.188258 , 0
0.986813 , 0.211616 , 0
0.983907 , 0.234913 , 0
0.98072 , 0.258143 , 0
0.977257 , 0.281301 , 0
0.973519 , 0.304379 , 0
0.969511 , 0.327373 , 0
0.965237 , 0.350277 , 0
0.9607 , 0.373085 , 0
0.955904 , 0.395793 , 0
0.950854 , 0.418396 , 0
0.945553 , 0.440889 , 0
0.940008 , 0.463267 , 0
0.934221 , 0.485527 , 0
0.928199 , 0.507664 , 0
0.921946 , 0.529674 , 0
0.915467 , 0.551555 , 0
0.908767 , 0.573303 , 0
0.90185 , 0.594914 , 0
0.894723 , 0.616387 , 0
0.887391 , 0.637718 , 0
0.879858 , 0.658905 , 0
0.87213 , 0.679945 , 0
0.864212 , 0.700838 , 0
0.856109 , 0.72158 , 0
0.847826 , 0.742171 , 0
0.839368 , 0.762609 , 0
0.830741 , 0.782893 , 0
0.82195 , 0.803022 , 0
0.812998 , 0.822995 , 0
0.803892 , 0.842811 , 0
0.794636 , 0.86247 , 0
0.785235 , 0.881972 , 0
0.775693 , 0.901316 , 0
0.766015 , 0.920501 , 0
0.756206 , 0.939529 , 0
0.74627 , 0.958399 , 0
0.736211 , 0.977111 , 0
0.726034 , 0.995666 , 0
0.715742 , 1.01406 , 0
0.70534 , 1.03231 , 0
0.694831 , 1.05039 , 0
0.68422 , 1.06832 , 0
0.673511 , 1.0861 , 0
0.662706 , 1.10372 , 0
0.651809 , 1.1212 , 0
0.640825 , 1.13852 , 0
0.629756 , 1.15568 , 0
0.618605 , 1.1727 , 0
0.607377 , 1.18958 , 0
0.596073 , 1.2063 , 0
0.584697 , 1.22288 , 0
0.573252 , 1.23931 , 0
0.56174 , 1.2556 , 0
0.550165 , 1.27175 , 0
0.538529 , 1.28776 , 0
0.526834 , 1.30363 , 0
0.515084 , 1.31936 , 0
0.50328 , 1.33495 , 0
0.491426 , 1.35041 , 0
0.479522 , 1.36573 , 0
0.467572 , 1.38092 , 0
0.455577 , 1.39598 , 0
0.44354 , 1.41091 , 0
0.431463 , 1.42571 , 0
0.419347 , 1.44038 , 0
0.407194 , 1.45493 , 0
0.395007 , 1.46935 , 0
0.382786 , 1.48365 , 0
0.370535 , 1.49783 , 0
0.358253 , 1.51189 , 0
0.345943 , 1.52583 , 0
0.333607 , 1.53965 , 0
0.321246 , 1.55336 , 0
0.308861 , 1.56695 , 0
0.296453 , 1.58043 , 0
0.284025 , 1.5938 , 0
0.271577 , 1.60705 , 0
0.25911 , 1.6202 , 0
0.246626 , 1.63324 , 0
0.234126 , 1.64617 , 0
0.221611 , 1.65899 , 0
0.209082 , 1.67172 , 0
0.19654 , 1.68433 , 0
0.183986 , 1.69685 , 0
0.171421 , 1.70927 , 0
0.158846 , 1.72158 , 0
0.146263 , 1.7338 , 0
0.133671 , 1.74592 , 0
0.121071 , 1.75795 , 0
0.108466 , 1.76988 , 0
0.0958541 , 1.78172 , 0
0.0832376 , 1.79346 , 0
0.0706169 , 1.80512 , 0
0.0579926 , 1.81668 , 0
0.0453655 , 1.82816 , 0
0.0327362 , 1.83954 , 0
0.0201054 , 1.85084 , 0
0.00747362 , 1.86205 , 0
-0.0051585 , 1.87318 , 0
-0.0177904 , 1.88423 , 0
-0.0304215 , 1.89519 , 0
-0.0430513 , 1.90607 , 0
-0.0556792 , 1.91687 , 0
-0.0683049 , 1.92758 , 0
-0.0809277 , 1.93822 , 0
-0.0935473 , 1.94878 , 0
-0.106163 , 1.95927 , 0
-0.118775 , 1.96967 , 0
-0.131382 , 1.98 , 0
-0.143984 , 1.99026 , 0
-0.156581 , 2.00044 , 0
-0.169172 , 2.01055 , 0
-0.181757 , 2.02059 , 0
-0.194336 , 2.03056 , 0
-0.206908 , 2.04045 , 0
-0.219473 , 2.05028 , 0
-0.23203 , 2.06004 , 0
-0.24458 , 2.06973 , 0
-0.257122 , 2.07935 , 0
-0.269655 , 2.0889 , 0
-0.28218 , 2.09839 , 0
-0.294697 , 2.10782 , 0
-0.307204 , 2.11718 , 0
-0.319702 , 2.12647 , 0
-0.332191 , 2.1357 , 0
-0.34467 , 2.14488 , 0
-0.357138 , 2.15398 , 0
-0.369597 , 2.16303 , 0
-0.382046 , 2.17202 , 0
-0.394484 , 2.18095 , 0
-0.406911 , 2.18982 , 0
-0.419328 , 2.19863 , 0
-0.431733 , 2.20738 , 0
-0.444128 , 2.21608 , 0
-0.456511 , 2.22471 , 0
-0.468882 , 2.2333 , 0
-0.481242 , 2.24182 , 0
-0.49359 , 2.2503 , 0
-0.505926 , 2.25872 , 0
-0.518251 , 2.26708 , 0
-0.530563 , 2.27539 , 0
-0.542863 , 2.28365 , 0
-0.55515 , 2.29186 , 0
-0.567425 , 2.30001 , 0
-0.579687 , 2.30812 , 0
-0.591937 , 2.31617 , 0
-0.604174 , 2.32418 , 0
-0.616398 , 2.33213 , 0
-0.628609 , 2.34004 , 0
-0.640807 , 2.34789 , 0
-0.652992 , 2.3557 , 0
-0.665164 , 2.36347 , 0
-0.677323 , 2.37118 , 0
-0.689468 , 2.37885 , 0
-0.7016 , 2.38647 , 0
-0.713718 , 2.39405 , 0
-0.725823 , 2.40158 , 0
-0.737915 , 2.40906 , 0
-0.749992 , 2.41651 , 0
-0.762057 , 2.4239 , 0
-0.774107 , 2.43126 , 0
-0.786144 , 2.43857 , 0
-0.798167 , 2.44584 , 0
-0.810176 , 2.45306 , 0
-0.822171 , 2.46025 , 0
-0.834153 , 2.46739 , 0
-0.84612 , 2.47449 , 0
-0.858074 , 2.48155 , 0
-0.870013 , 2.48857 , 0
-0.881939 , 2.49555 , 0
-0.893851 , 2.50249 , 0
-0.905748 , 2.50939 , 0
-0.917632 , 2.51626 , 0
-0.929501 , 2.52308 , 0
-0.941356 , 2.52987 , 0
-0.953198 , 2.53661 , 0
-0.965025 , 2.54332 , 0
-0.976838 , 2.55 , 0
-0.988637 , 2.55663 , 0
-1.00042 , 2.56323 , 0
-1.01219 , 2.56979 , 0
-1.02395 , 2.57632 , 0
-1.03569 , 2.58281 , 0
-1.04742 , 2.58927 , 0
-1.05913 , 2.59569 , 0
-1.07083 , 2.60208 , 0
-1.08252 , 2.60843 , 0
-1.09419 , 2.61475 , 0
-1.10585 , 2.62103 , 0
-1.11749 , 2.62728 , 0
-1.12912 , 2.6335 , 0
-1.14073 , 2.63968 , 0
-1.15233 , 2.64583 , 0
-1.16392 , 2.65195 , 0
-1.17549 , 2.65804 , 0
-1.18705 , 2.66409 , 0
-1.1986 , 2.67012 , 0
-1.21013 , 2.67611 , 0
-1.22164 , 2.68207 , 0
-1.23314 , 2.688 , 0
-1.24463 , 2.6939 , 0
-1.25611 , 2.69977 , 0
-1.26756 , 2.70561 , 0
-1.27901 , 2.71142 , 0
-1.29044 , 2.71719 , 0
-1.30186 , 2.72294 , 0
-1.31326 , 2.72866 , 0
-1.32465 , 2.73436 , 0
-1.33603 , 2.74002 , 0
-1.34739 , 2.74565 , 0
-1.35874 , 2.75126 , 0
-1.37008 , 2.75684 , 0
-1.3814 , 2.76239 , 0
-1.3927 , 2.76791 , 0
-1.404 , 2.77341 , 0
-1.41527 , 2.77887 , 0
-1.42654 , 2.78431 , 0
-1.43779 , 2.78973 , 0
-1.44903 , 2.79512 , 0
-1.46025 , 2.80048 , 0
-1.47147 , 2.80581 , 0
-1.48266 , 2.81112 , 0
-1.49385 , 2.8164 , 0
-1.50502 , 2.82166 , 0
-1.51617 , 2.82689 , 0
-1.52731 , 2.8321 , 0
-1.53844 , 2.83728 , 0
-1.54956 , 2.84244 , 0
-1.56066 , 2.84757 , 0
-1.57175 , 2.85268 , 0
-1.58283 , 2.85776 , 0
-1.59389 , 2.86282 , 0
-1.60494 , 2.86786 , 0
-1.61597 , 2.87287 , 0
-1.62699 , 2.87786 , 0
-1.638 , 2.88282 , 0
-1.649 , 2.88776 , 0
-1.65998 , 2.89268 , 0
-1.67095 , 2.89757 , 0
-1.68191 , 2.90245 , 0
-1.69285 , 2.9073 , 0
-1.70378 , 2.91212 , 0
-1.7147 , 2.91693 , 0
-1.7256 , 2.92171 , 0
-1.73649 , 2.92647 , 0
-1.74737 , 2.93121 , 0
-1.75823 , 2.93592 , 0
-1.76908 , 2.94062 , 0
-1.77992 , 2.94529 , 0
-1.79075 , 2.94995 , 0
-1.80156 , 2.95458 , 0
-1.81236 , 2.95919 , 0
-1.82315 , 2.96378 , 0
-1.83392 , 2.96835 , 0
-1.84469 , 2.97289 , 0
-1.85544 , 2.97742 , 0
-1.86617 , 2.98193 , 0
-1.8769 , 2.98641 , 0
-1.88761 , 2.99088 , 0
-1.89831 , 2.99533 , 0
-1.90899 , 2.99976 , 0
-1.91967 , 3.00416 , 0
-1.93033 , 3.00855 , 0
-1.94098 , 3.01292 , 0
-1.95161 , 3.01727 , 0
-1.96224 , 3.0216 , 0
-1.97285 , 3.02591 , 0
-1.98345 , 3.0302 , 0
-1.99404 , 3.03448 , 0
-2.00461 , 3.03873 , 0
-2.01517 , 3.04297 , 0
-2.02572 , 3.04719 , 0
-2.03626 , 3.05138 , 0
-2.04679 , 3.05557 , 0
-2.0573 , 3.05973 , 0
-2.0678 , 3.06387 , 0
-2.07829 , 3.068 , 0
-2.08877 , 3.07211 , 0
-2.09924 , 3.0762 , 0
-2.10969 , 3.08028 , 0
-2.12013 , 3.08433 , 0
-2.13056 , 3.08837 , 0
-2.14098 , 3.0924 , 0
-2.15139 , 3.0964 , 0
-2.16178 , 3.10039 , 0
-2.17216 , 3.10436 , 0
-2.18253 , 3.10831 , 0
-2.19289 , 3.11225 , 0
-2.20324 , 3.11617 , 0
-2.21357 , 3.12008 , 0
-2.2239 , 3.12396 , 0
-2.23421 , 3.12784 , 0
-2.24451 , 3.13169 , 0
-2.2548 , 3.13553 , 0
-2.26508 , 3.13935 , 0
-2.27534 , 3.14316 , 0
-2.2856 , 3.14695 , 0
-2.29584 , 3.15073 , 0
-2.30607 , 3.15449 , 0
-2.31629 , 3.15823 , 0
-2.3265 , 3.16196 , 0
-2.3367 , 3.16568 , 0
-2.34689 , 3.16937 , 0
-2.35706 , 3.17306 , 0
-2.36723 , 3.17673 , 0
-2.37738 , 3.18038 , 0
-2.38752 , 3.18402 , 0
-2.39765 , 3.18764 , 0
-2.40777 , 3.19125 , 0
-2.41788 , 3.19484 , 0
-2.42797 , 3.19842 , 0
-2.43806 , 3.20198 , 0
-2.44813 , 3.20553 , 0
-2.4582 , 3.20907 , 0
-2.46825 , 3.21259 , 0
-2.47829 , 3.2161 , 0
-2.48832 , 3.21959 , 0
-2.49834 , 3.22307 , 0
-2.50835 , 3.22653 , 0
-2.51835 , 3.22998 , 0
-2.52834 , 3.23342 , 0
-2.53832 , 3.23684 , 0
-2.54828 , 3.24025 , 0
-2.55824 , 3.24365 , 0
-2.56818 , 3.24703 , 0
-2.57812 , 3.2504 , 0
-2.58804 , 3.25375 , 0
-2.59795 , 3.2571 , 0
-2.60786 , 3.26042 , 0
-2.61775 , 3.26374 , 0
-2.62763 , 3.26704 , 0
-2.6375 , 3.27033 , 0
-2.64736 , 3.27361 , 0
-2.65721 , 3.27687 , 0
-2.66705 , 3.28012 , 0
-2.67688 , 3.28336 , 0
-2.68669 , 3.28658 , 0
-2.6965 , 3.2898 , 0
-2.7063 , 3.293 , 0
-2.71609 , 3.29618 , 0
-2.72587 , 3.29936 , 0
-2.73563 , 3.30252 , 0
-2.74539 , 3.30567 , 0
-2.75514 , 3.30881 , 0
-2.76487 , 3.31193 , 0
-2.7746 , 3.31505 , 0
-2.78431 , 3.31815 , 0
-2.79402 , 3.32124 , 0
-2.80372 , 3.32431 , 0
-2.8134 , 3.32738 , 0
-2.82308 , 3.33043 , 0
-2.83274 , 3.33347 , 0
-2.8424 , 3.3365 , 0
-2.85205 , 3.33952 , 0
-2.86168 , 3.34253 , 0
-2.87131 , 3.34552 , 0
-2.88092 , 3.34851 , 0
-2.89053 , 3.35148 , 0
-2.90013 , 3.35444 , 0
-2.90971 , 3.35739 , 0
-2.91929 , 3.36033 , 0
-2.92886 , 3.36325 , 0
-2.93842 , 3.36617 , 0
-2.94796 , 3.36907 , 0
-2.9575 , 3.37197 , 0
-2.96703 , 3.37485 , 0
-2.97655 , 3.37772 , 0
-2.98606 , 3.38058 , 0
-2.99556 , 3.38343 , 0
-3.00505 , 3.38627 , 0
-3.01453 , 3.3891 , 0
-3.024 , 3.39192 , 0
-3.03346 , 3.39472 , 0
-3.04291 , 3.39752 , 0
-3.05235 , 3.4003 , 0
-3.06179 , 3.40308 , 0
-3.07121 , 3.40584 , 0
-3.08063 , 3.4086 , 0
-3.09003 , 3.41134 , 0
-3.09943 , 3.41408 , 0
-3.10881 , 3.4168 , 0
-3.11819 , 3.41951 , 0
-3.12756 , 3.42221 , 0
-3.13692 , 3.42491 , 0
-3.14626 , 3.42759 , 0
-3.15561 , 3.43026 , 0
-3.16494 , 3.43293 , 0
-3.17426 , 3.43558 , 0
-3.18357 , 3.43822 , 0
-3.19287 , 3.44085 , 0
-3.20217 , 3.44348 , 0
-3.21145 , 3.44609 , 0
-3.22073 , 3.44869 , 0
-3.23 , 3.45129 , 0
-3.23925 , 3.45387 , 0
-3.2485 , 3.45645 , 0
-3.25774 , 3.45901 , 0
-3.26698 , 3.46157 , 0
-3.2762 , 3.46412 , 0
-3.28541 , 3.46665 , 0
-3.29462 , 3.46918 , 0
-3.30381 , 3.4717 , 0
-3.313 , 3.47421 , 0
-3.32218 , 3.47671 , 0
-3.33135 , 3.4792 , 0
-3.34051 , 3.48168 , 0
-3.34966 , 3.48415 , 0
-3.3588 , 3.48661 , 0
-3.36793 , 3.48907 , 0
-3.37706 , 3.49151 , 0
-3.38618 , 3.49395 , 0
-3.39529 , 3.49638 , 0
-3.40438 , 3.49879 , 0
-3.41348 , 3.5012 , 0
-3.42256 , 3.5036 , 0
-3.43163 , 3.506 , 0
-3.4407 , 3.50838 , 0
-3.44975 , 3.51075 , 0
-3.4588 , 3.51312 , 0
-3.46784 , 3.51547 , 0
-3.47687 , 3.51782 , 0
-3.48589 , 3.52016 , 0
-3.49491 , 3.52249 , 0
-3.50391 , 3.52482 , 0
-3.51291 , 3.52713 , 0
-3.5219 , 3.52944 , 0
-3.53088 , 3.53173 , 0
-3.53985 , 3.53402 , 0
-3.54882 , 3.5363 , 0
-3.55777 , 3.53858 , 0
-3.56672 , 3.54084 , 0
-3.57566 , 3.5431 , 0
-3.58459 , 3.54534 , 0
-3.59351 , 3.54758 , 0
-3.60243 , 3.54982 , 0
-3.61133 , 3.55204 , 0
-3.62023 , 3.55425 , 0
-3.62912 , 3.55646 , 0
-3.638 , 3.55866 , 0
-3.64687 , 3.56085 , 0
-3.65574 , 3.56304 , 0
-3.6646 , 3.56521 , 0
-3.67345 , 3.56738 , 0
-3.68229 , 3.56954 , 0
-3.69112 , 3.57169 , 0
-3.69994 , 3.57384 , 0
-3.70876 , 3.57597 , 0
-3.71757 , 3.5781 , 0
-3.72637 , 3.58022 , 0
-3.73516 , 3.58234 , 0
-3.74395 , 3.58444 , 0
-3.75273 , 3.58654 , 0
-3.7615 , 3.58863 , 0
-3.77026 , 3.59071 , 0
-3.77901 , 3.59279 , 0
-3.78776 , 3.59486 , 0
-3.79649 , 3.59692 , 0
-3.80522 , 3.59897 , 0
-3.81395 , 3.60102 , 0
-3.82266 , 3.60306 , 0
-3.83137 , 3.60509 , 0
-3.84006 , 3.60711 , 0
-3.84876 , 3.60913 , 0
-3.85744 , 3.61114 , 0
-3.86611 , 3.61314 , 0
-3.87478 , 3.61514 , 0
-3.88344 , 3.61713 , 0
-3.8921 , 3.61911 , 0
-3.90074 , 3.62108 , 0
-3.90938 , 3.62305 , 0
-3.91801 , 3.62501 , 0
-3.92663 , 3.62696 , 0
-3.93524 , 3.6289 , 0
-3.94385 , 3.63084 , 0
-3.95245 , 3.63278 , 0
-3.96104 , 3.6347 , 0
-3.96963 , 3.63662 , 0
-3.9782 , 3.63853 , 0
-3.98677 , 3.64043 , 0
-3.99534 , 3.64233 , 0
-4.00389 , 3.64422 , 0
-4.01244 , 3.6461 , 0
-4.02098 , 3.64798 , 0
-4.02951 , 3.64985 , 0
-4.03803 , 3.65172 , 0
-4.04655 , 3.65357 , 0
-4.05506 , 3.65542 , 0
-4.06356 , 3.65727 , 0
-4.07206 , 3.6591 , 0
-4.08055 , 3.66093 , 0
-4.08903 , 3.66276 , 0
-4.0975 , 3.66458 , 0
-4.10597 , 3.66639 , 0
-4.11443 , 3.66819 , 0
-4.12288 , 3.66999 , 0
-4.13132 , 3.67178 , 0
-4.13976 , 3.67357 , 0
-4.14819 , 3.67535 , 0
-4.15661 , 3.67712 , 0
-4.16503 , 3.67888 , 0
-4.17344 , 3.68064 , 0
-4.18184 , 3.6824 , 0
-4.19024 , 3.68414 , 0
-4.19862 , 3.68589 , 0
-4.207 , 3.68762 , 0
-4.21538 , 3.68935 , 0
-4.22374 , 3.69107 , 0
-4.2321 , 3.69279 , 0
-4.24045 , 3.6945 , 0
-4.2488 , 3.6962 , 0
-4.25714 , 3.6979 , 0
-4.26547 , 3.69959 , 0
-4.27379 , 3.70128 , 0
-4.28211 , 3.70296 , 0
-4.29042 , 3.70463 , 0
-4.29872 , 3.7063 , 0
-4.30702 , 3.70796 , 0
-4.31531 , 3.70962 , 0
-4.32359 , 3.71127 , 0
-4.33186 , 3.71291 , 0
-4.34013 , 3.71455 , 0
-4.34839 , 3.71618 , 0
-4.35665 , 3.71781 , 0
-4.3649 , 3.71943 , 0
-4.37314 , 3.72104 , 0
-4.38137 , 3.72265 , 0
-4.3896 , 3.72425 , 0
-4.39782 , 3.72585 , 0
-4.40604 , 3.72744 , 0
-4.41424 , 3.72903 , 0
-4.42244 , 3.73061 , 0
-4.43064 , 3.73218 , 0
-4.43882 , 3.73375 , 0
-4.447 , 3.73531 , 0
-4.45518 , 3.73687 , 0
-4.46335 , 3.73842 , 0
-4.47151 , 3.73997 , 0
-4.47966 , 3.74151 , 0
-4.48781 , 3.74305 , 0
-4.49595 , 3.74458 , 0
-4.50408 , 3.7461 , 0
-4.51221 , 3.74762 , 0
-4.52033 , 3.74913 , 0
-4.52844 , 3.75064 , 0
-4.53655 , 3.75214 , 0
-4.54465 , 3.75364 , 0
-4.55275 , 3.75513 , 0
-4.56083 , 3.75662 , 0
-4.56891 , 3.7581 , 0
-4.57699 , 3.75957 , 0
-4.58506 , 3.76104 , 0
-4.59312 , 3.76251 , 0
-4.60118 , 3.76397 , 0
-4.60922 , 3.76542 , 0
-4.61727 , 3.76687 , 0
-4.6253 , 3.76831 , 0
-4.63333 , 3.76975 , 0
-4.64136 , 3.77119 , 0
-4.64937 , 3.77261 , 0
-4.65738 , 3.77404 , 0
-4.66539 , 3.77546 , 0
-4.67339 , 3.77687 , 0
-4.68138 , 3.77828 , 0
-4.68936 , 3.77968 , 0
-4.69734 , 3.78107 , 0
-4.70531 , 3.78247 , 0
-4.71328 , 3.78385 , 0
-4.72124 , 3.78524 , 0
-4.72919 , 3.78661 , 0
-4.73714 , 3.78799 , 0
-4.74508 , 3.78935 , 0
-4.75302 , 3.79071 , 0
-4.76094 , 3.79207 , 0
-4.76887 , 3.79342 , 0
-4.77678 , 3.79477 , 0
-4.78469 , 3.79611 , 0
-4.7926 , 3.79745 , 0
-4.80049 , 3.79878 , 0
-4.80839 , 3.80011 , 0
-4.81627 , 3.80143 , 0
-4.82415 , 3.80275 , 0
-4.83202 , 3.80406 , 0
-4.83989 , 3.80537 , 0
-4.84775 , 3.80668 , 0
-4.85561 , 3.80797 , 0
-4.86345 , 3.80927 , 0
-4.8713 , 3.81056 , 0
-4.87913 , 3.81184 , 0
-4.88696 , 3.81312 , 0
-4.89479 , 3.8144 , 0
-4.90261 , 3.81567 , 0
-4.91042 , 3.81693 , 0
-4.91822 , 3.81819 , 0
-4.92602 , 3.81945 , 0
-4.93382 , 3.8207 , 0
-4.94161 , 3.82195 , 0
-4.94939 , 3.82319 , 0
-4.95716 , 3.82443 , 0
-4.96494 , 3.82566 , 0
-4.9727 , 3.82689 , 0
-4.98046 , 3.82811 , 0
-4.98821 , 3.82933 , 0
-4.99596 , 3.83055 , 0
-5.0037 , 3.83176 , 0
-5.01143 , 3.83296 , 0
-5.01916 , 3.83416 , 0
-5.02688 , 3.83536 , 0
-5.0346 , 3.83655 , 0
-5.04231 , 3.83774 , 0
-5.05002 , 3.83892 , 0
-5.05772 , 3.8401 , 0
-5.06541 , 3.84128 , 0
-5.0731 , 3.84245 , 0
-5.08078 , 3.84361 , 0
-5.08846 , 3.84477 , 0
-5.09613 , 3.84593 , 0
-5.1038 , 3.84708 , 0
-5.11145 , 3.84823 , 0
-5.11911 , 3.84938 , 0
-5.12676 , 3.85051 , 0
-5.1344 , 3.85165 , 0
-5.14203 , 3.85278 , 0
-5.14966 , 3.85391 , 0
-5.15729 , 3.85503 , 0
-5.16491 , 3.85615 , 0
-5.17252 , 3.85726 , 0
-5.18013 , 3.85837 , 0
-5.18773 , 3.85948 , 0
-5.19533 , 3.86058 , 0
-5.20292 , 3.86168 , 0
-5.2105 , 3.86277 , 0
-5.21808 , 3.86386 , 0
-5.22566 , 3.86494 , 0
-5.23323 , 3.86602 , 0
-5.24079 , 3.8671 , 0
-5.24834 , 3.86817 , 0
-5.2559 , 3.86924 , 0
-5.26344 , 3.8703 , 0
-5.27098 , 3.87136 , 0
-5.27852 , 3.87242 , 0
-5.28605 , 3.87347 , 0
-5.29357 , 3.87452 , 0
-5.30109 , 3.87556 , 0
-5.3086 , 3.8766 , 0
-5.31611 , 3.87764 , 0
-5.32361 , 3.87867 , 0
-5.33111 , 3.8797 , 0
-5.3386 , 3.88072 , 0
-5.34608 , 3.88174 , 0
-5.35356 , 3.88276 , 0
-5.36104 , 3.88377 , 0
-5.36851 , 3.88478 , 0
-5.37597 , 3.88578 , 0
-5.38343 , 3.88678 , 0
-5.39088 , 3.88777 , 0
-5.39833 , 3.88877 , 0
-5.40577 , 3.88976 , 0
-5.41321 , 3.89074 , 0
-5.42064 , 3.89172 , 0
-5.42806 , 3.8927 , 0
-5.43548 , 3.89367 , 0
-5.4429 , 3.89464 , 0
-5.45031 , 3.8956 , 0
-5.45771 , 3.89656 , 0
-5.46511 , 3.89752 , 0
-5.4725 , 3.89848 , 0
-5.47989 , 3.89943 , 0
-5.48727 , 3.90037 , 0
-5.49465 , 3.90131 , 0
-5.50202 , 3.90225 , 0
-5.50939 , 3.90319 , 0
-5.51675 , 3.90412 , 0
-5.52411 , 3.90505 , 0
-5.53146 , 3.90597 , 0
-5.53881 , 3.90689 , 0
-5.54615 , 3.90781 , 0
-5.55348 , 3.90872 , 0
-5.56081 , 3.90963 , 0
-5.56814 , 3.91053 , 0
-5.57546 , 3.91143 , 0
-5.58277 , 3.91233 , 0
-5.59008 , 3.91323 , 0
-5.59739 , 3.91412 , 0
-5.60469 , 3.915 , 0
-5.61198 , 3.91589 , 0
-5.61927 , 3.91677 , 0
-5.62655 , 3.91764 , 0
-5.63383 , 3.91851 , 0
-5.6411 , 3.91938 , 0
-5.64837 , 3.92025 , 0
-5.65564 , 3.92111 , 0
-5.66289 , 3.92197 , 0
-5.67015 , 3.92282 , 0
-5.67739 , 3.92368 , 0
-5.68464 , 3.92452 , 0
-5.69187 , 3.92537 , 0
-5.69911 , 3.92621 , 0
-5.70633 , 3.92705 , 0
-5.71356 , 3.92788 , 0
-5.72077 , 3.92871 , 0
-5.72799 , 3.92954 , 0
-5.73519 , 3.93036 , 0
-5.7424 , 3.93118 , 0
-5.74959 , 3.932 , 0
-5.75679 , 3.93281 , 0
-5.76397 , 3.93362 , 0
-5.77116 , 3.93443 , 0
-5.77833 , 3.93523 , 0
-5.7855 , 3.93603 , 0
-5.79267 , 3.93682 , 0
-5.79983 , 3.93762 , 0
-5.80699 , 3.93841 , 0
-5.81414 , 3.93919 , 0
-5.82129 , 3.93997 , 0
-5.82843 , 3.94075 , 0
-5.83557 , 3.94153 , 0
-5.8427 , 3.9423 , 0
-5.84983 , 3.94307 , 0
-5.85695 , 3.94384 , 0
-5.86407 , 3.9446 , 0
-5.87119 , 3.94536 , 0
-5.87829 , 3.94612 , 0
-5.8854 , 3.94687 , 0
-5.8925 , 3.94762 , 0
-5.89959 , 3.94836 , 0
-5.90668 , 3.94911 , 0
-5.91376 , 3.94985 , 0
-5.92084 , 3.95058 , 0
-5.92791 , 3.95132 , 0
-5.93498 , 3.95205 , 0
-5.94205 , 3.95277 , 0
-5.94911 , 3.9535 , 0
-5.95616 , 3.95422 , 0
-5.96321 , 3.95494 , 0
-5.97026 , 3.95565 , 0
-5.9773 , 3.95636 , 0
-5.98433 , 3.95707 , 0
-5.99136 , 3.95777 , 0
-5.99839 , 3.95847 , 0
-6.00541 , 3.95917 , 0
-6.01243 , 3.95987 , 0
-6.01944 , 3.96056 , 0
-6.02645 , 3.96125 , 0
-6.03345 , 3.96194 , 0
-6.04045 , 3.96262 , 0
-6.04744 , 3.9633 , 0
-6.05443 , 3.96397 , 0
-6.06141 , 3.96465 , 0
-6.06839 , 3.96532 , 0
-6.07536 , 3.96599 , 0
-6.08233 , 3.96665 , 0
-6.0893 , 3.96731 , 0
-6.09626 , 3.96797 , 0
-6.10321 , 3.96862 , 0
-6.11017 , 3.96928 , 0
-6.11711 , 3.96993 , 0
-6.12405 , 3.97057 , 0
-6.13099 , 3.97121 , 0
-6.13792 , 3.97185 , 0
-6.14485 , 3.97249 , 0
-6.15177 , 3.97313 , 0
-6.15869 , 3.97376 , 0
-6.1656 , 3.97438 , 0
-6.17251 , 3.97501 , 0
-6.17942 , 3.97563 , 0
-6.18632 , 3.97625 , 0
-6.19321 , 3.97687 , 0
-6.2001 , 3.97748 , 0
-6.20699 , 3.97809 , 0
-6.21387 , 3.9787 , 0
-6.22075 , 3.9793 , 0
-6.22762 , 3.9799 , 0
-6.23449 , 3.9805 , 0
-6.24135 , 3.9811 , 0
-6.24821 , 3.98169 , 0
-6.25506 , 3.98228 , 0
-6.26191 , 3.98287 , 0
-6.26876 , 3.98345 , 0
-6.2756 , 3.98404 , 0
-6.28244 , 3.98461 , 0
-6.28927 , 3.98519 , 0
-6.2961 , 3.98576 , 0
-6.30292 , 3.98633 , 0
-6.30974 , 3.9869 , 0
-6.31655 , 3.98746 , 0
-6.32336 , 3.98803 , 0
-6.33016 , 3.98858 , 0
-6.33697 , 3.98914 , 0
-6.34376 , 3.98969 , 0
-6.35055 , 3.99024 , 0
-6.35734 , 3.99079 , 0
-6.36412 , 3.99134 , 0
-6.3709 , 3.99188 , 0
-6.37767 , 3.99242 , 0
-6.38444 , 3.99295 , 0
-6.39121 , 3.99349 , 0
-6.39797 , 3.99402 , 0
-6.40473 , 3.99455 , 0
-6.41148 , 3.99507 , 0
-6.41823 , 3.9956 , 0
-6.42497 , 3.99612 , 0
-6.43171 , 3.99663 , 0
-6.43844 , 3.99715 , 0
-6.44517 , 3.99766 , 0
-6.4519 , 3.99817 , 0
-6.45862 , 3.99868 , 0
-6.46534 , 3.99918 , 0
-6.47205 , 3.99968 , 0
-6.47876 , 4.00018 , 0
-6.48546 , 4.00067 , 0
-6.49216 , 4.00117 , 0
-6.49886 , 4.00166 , 0
-6.50555 , 4.00215 , 0
-6.51223 , 4.00263 , 0
-6.51892 , 4.00311 , 0
-6.52559 , 4.00359 , 0
-6.53227 , 4.00407 , 0
-6.53894 , 4.00455 , 0
-6.5456 , 4.00502 , 0
-6.55226 , 4.00549 , 0
-6.55892 , 4.00595 , 0
-6.56557 , 4.00642 , 0
-6.57222 , 4.00688 , 0
-6.57886 , 4.00734 , 0
-6.5855 , 4.00779 , 0
-6.59214 , 4.00825 , 0
-6.59877 , 4.0087 , 0
-6.6054 , 4.00915 , 0
-6.61202 , 4.00959 , 0
-6.61864 , 4.01004 , 0
-6.62525 , 4.01048 , 0
-6.63186 , 4.01092 , 0
-6.63847 , 4.01135 , 0
-6.64507 , 4.01179 , 0
-6.65167 , 4.01222 , 0
-6.65826 , 4.01265 , 0
-6.66485 , 4.01307 , 0
-6.67144 , 4.0135 , 0
-6.67802 , 4.01392 , 0
-6.6846 , 4.01434 , 0
-6.69117 , 4.01475 , 0
-6.69774 , 4.01516 , 0
-6.7043 , 4.01558 , 0
-6.71086 , 4.01598 , 0
-6.71742 , 4.01639 , 0
-6.72397 , 4.01679 , 0
-6.73052 , 4.01719 , 0
-6.73706 , 4.01759 , 0
-6.7436 , 4.01799 , 0
-6.75014 , 4.01838 , 0
-6.75667 , 4.01877 , 0
-6.76319 , 4.01916 , 0
-6.76972 , 4.01955 , 0
-6.77624 , 4.01993 , 0
-6.78275 , 4.02031 , 0
-6.78926 , 4.02069 , 0
-6.79577 , 4.02107 , 0
-6.80227 , 4.02144 , 0
-6.80877 , 4.02182 , 0
-6.81526 , 4.02218 , 0
-6.82176 , 4.02255 , 0
-6.82824 , 4.02292 , 0
-6.83472 , 4.02328 , 0
-6.8412 , 4.02364 , 0
-6.84768 , 4.024 , 0
-6.85415 , 4.02435 , 0
-6.86061 , 4.0247 , 0
-6.86708 , 4.02505 , 0
-6.87353 , 4.0254 , 0
-6.87999 , 4.02575 , 0
-6.88644 , 4.02609 , 0
-6.89289 , 4.02643 , 0
-6.89933 , 4.02677 , 0
-6.90577 , 4.02711 , 0
-6.9122 , 4.02744 , 0
-6.91863 , 4.02777 , 0
-6.92506 , 4.0281 , 0
-6.93148 , 4.02843 , 0
-6.9379 , 4.02876 , 0
-6.94431 , 4.02908 , 0
-6.95072 , 4.0294 , 0
-6.95713 , 4.02972 , 0
-6.96353 , 4.03003 , 0
-6.96993 , 4.03035 , 0
-6.97633 , 4.03066 , 0
-6.98272 , 4.03097 , 0
-6.9891 , 4.03127 , 0
-6.99549 , 4.03158 , 0
-7.00187 , 4.03188 , 0
-7.00824 , 4.03218 , 0
-7.01461 , 4.03248 , 0
-7.02098 , 4.03277 , 0
-7.02734 , 4.03306 , 0
-7.0337 , 4.03335 , 0
-7.04006 , 4.03364 , 0
-7.04641 , 4.03393 , 0
-7.05276 , 4.03421 , 0
-7.0591 , 4.0345 , 0
-7.06544 , 4.03478 , 0
-7.07178 , 4.03505 , 0
-7.07811 , 4.03533 , 0
-7.08444 , 4.0356 , 0
-7.09077 , 4.03587 , 0
-7.09709 , 4.03614 , 0
-7.1034 , 4.03641 , 0
-7.10972 , 4.03667 , 0
-7.11603 , 4.03693 , 0
-7.12233 , 4.03719 , 0
-7.12863 , 4.03745 , 0
-7.13493 , 4.03771 , 0
-7.14123 , 4.03796 , 0
-7.14752 , 4.03821 , 0
-7.1538 , 4.03846 , 0
-7.16008 , 4.03871 , 0
-7.16636 , 4.03895 , 0
-7.17264 , 4.0392 , 0
-7.17891 , 4.03944 , 0
-7.18518 , 4.03968 , 0
-7.19144 , 4.03991 , 0
-7.1977 , 4.04015 , 0
-7.20396 , 4.04038 , 0
-7.21021 , 4.04061 , 0
-7.21646 , 4.04084 , 0
-7.2227 , 4.04106 , 0
-7.22894 , 4.04129 , 0
-7.23518 , 4.04151 , 0
-7.24142 , 4.04173 , 0
-7.24765 , 4.04194 , 0
-7.25387 , 4.04216 , 0
-7.26009 , 4.04237 , 0
-7.26631 , 4.04258 , 0
-7.27253 , 4.04279 , 0
-7.27874 , 4.043 , 0
-7.28495 , 4.04321 , 0
-7.29115 , 4.04341 , 0
-7.29735 , 4.04361 , 0
-7.30355 , 4.04381 , 0
-7.30974 , 4.04401 , 0
-7.31593 , 4.0442 , 0
-7.32211 , 4.04439 , 0
-7.3283 , 4.04458 , 0
-7.33447 , 4.04477 , 0
-7.34065 , 4.04496 , 0
-7.34682 , 4.04514 , 0
-7.35299 , 4.04533 , 0
-7.35915 , 4.04551 , 0
-7.36531 , 4.04568 , 0
-7.37146 , 4.04586 , 0
-7.37762 , 4.04604 , 0
-7.38376 , 4.04621 , 0
-7.38991 , 4.04638 , 0
-7.39605 , 4.04655 , 0
-7.40219 , 4.04671 , 0
-7.40832 , 4.04688 , 0
-7.41445 , 4.04704 , 0
-7.42058 , 4.0472 , 0
-7.4267 , 4.04736 , 0
-7.43282 , 4.04752 , 0
-7.43894 , 4.04767 , 0
-7.44505 , 4.04782 , 0
-7.45116 , 4.04798 , 0
-7.45727 , 4.04812 , 0
-7.46337 , 4.04827 , 0
-7.46946 , 4.04842 , 0
-7.47556 , 4.04856 , 0
-7.48165 , 4.0487 , 0
-7.48774 , 4.04884 , 0
-7.49382 , 4.04898 , 0
-7.4999 , 4.04911 , 0
-7.50598 , 4.04924 , 0
-7.51205 , 4.04938 , 0
-7.51812 , 4.04951 , 0
-7.52419 , 4.04963 , 0
-7.53025 , 4.04976 , 0
-7.53631 , 4.04988 , 0
-7.54236 , 4.05 , 0
-7.54841 , 4.05012 , 0
-7.55446 , 4.05024 , 0
-7.56051 , 4.05036 , 0
-7.56655 , 4.05047 , 0
-7.57258 , 4.05058 , 0
-7.57862 , 4.05069 , 0
-7.58465 , 4.0508 , 0
-7.59068 , 4.05091 , 0
-7.5967 , 4.05101 , 0
-7.60272 , 4.05112 , 0
-7.60874 , 4.05122 , 0
-7.61475 , 4.05132 , 0
-7.62076 , 4.05142 , 0
-7.62676 , 4.05151 , 0
-7.63277 , 4.0516 , 0
-7.63877 , 4.0517 , 0
-7.64476 , 4.05179 , 0
-7.65075 , 4.05187 , 0
-7.65674 , 4.05196 , 0
-7.66273 , 4.05204 , 0
-7.66871 , 4.05213 , 0
-7.67469 , 4.05221 , 0
-7.68066 , 4.05229 , 0
-7.68663 , 4.05236 , 0
-7.6926 , 4.05244 , 0
-7.69856 , 4.05251 , 0
-7.70452 , 4.05258 , 0
-7.71048 , 4.05265 , 0
-7.71644 , 4.05272 , 0
-7.72239 , 4.05279 , 0
-7.72833 , 4.05285 , 0
-7.73428 , 4.05292 , 0
-7.74022 , 4.05298 , 0
-7.74615 , 4.05304 , 0
-7.75209 , 4.05309 , 0
-7.75802 , 4.05315 , 0
-7.76394 , 4.0532 , 0
-7.76987 , 4.05325 , 0
-7.77579 , 4.0533 , 0
-7.7817 , 4.05335 , 0
-7.78762 , 4.0534 , 0
-7.79353 , 4.05344 , 0
-7.79943 , 4.05349 , 0
-7.80533 , 4.05353 , 0
-7.81123 , 4.05357 , 0
-7.81713 , 4.0536 , 0
-7.82302 , 4.05364 , 0
-7.82891 , 4.05368 , 0
-7.8348 , 4.05371 , 0
-7.84068 , 4.05374 , 0
-7.84656 , 4.05377 , 0
-7.85244 , 4.05379 , 0
-7.85831 , 4.05382 , 0
-7.86418 , 4.05384 , 0
-7.87004 , 4.05387 , 0
-7.87591 , 4.05389 , 0
-7.88176 , 4.05391 , 0
-7.88762 , 4.05392 , 0
-7.89347 , 4.05394 , 0
-7.89932 , 4.05395 , 0
-7.90517 , 4.05396 , 0
-7.91101 , 4.05397 , 0
-7.91685 , 4.05398 , 0
-7.92269 , 4.05399 , 0
-7.92852 , 4.05399 , 0
-7.93435 , 4.054 , 0
-7.94017 , 4.054 , 0
-7.946 , 4.054 , 0
-7.95181 , 4.054 , 0
-7.95763 , 4.05399 , 0
-7.96344 , 4.05399 , 0
-7.96925 , 4.05398 , 0
-7.97506 , 4.05397 , 0
-7.98086 , 4.05396 , 0
-7.98666 , 4.05395 , 0
-7.99246 , 4.05394 , 0
-7.99825 , 4.05392 , 0
-8.00404 , 4.05391 , 0
-8.00983 , 4.05389 , 0
-8.01561 , 4.05387 , 0
-8.02139 , 4.05385 , 0
-8.02717 , 4.05382 , 0
-8.03294 , 4.0538 , 0
-8.03871 , 4.05377 , 0
-8.04448 , 4.05374 , 0
-8.05024 , 4.05371 , 0
-8.056 , 4.05368 , 0
-8.06176 , 4.05365 , 0
-8.06751 , 4.05361 , 0
-8.07326 , 4.05358 , 0
-8.07901 , 4.05354 , 0
-8.08476 , 4.0535 , 0
-8.0905 , 4.05346 , 0
-8.09624 , 4.05342 , 0
-8.10197 , 4.05337 , 0
-8.1077 , 4.05333 , 0
-8.11343 , 4.05328 , 0
-8.11915 , 4.05323 , 0
-8.12488 , 4.05318 , 0
-8.1306 , 4.05313 , 0
-8.13631 , 4.05307 , 0
-8.14202 , 4.05302 , 0
-8.14773 , 4.05296 , 0
-8.15344 , 4.0529 , 0
-8.15914 , 4.05284 , 0
-8.16484 , 4.05278 , 0
-8.17054 , 4.05271 , 0
-8.17623 , 4.05265 , 0
-8.18192 , 4.05258 , 0
-8.18761 , 4.05251 , 0
-8.19329 , 4.05244 , 0
-8.19897 , 4.05237 , 0
-8.20465 , 4.0523 , 0
-8.21032 , 4.05223 , 0
-8.21599 , 4.05215 , 0
-8.22166 , 4.05207 , 0
-8.22733 , 4.05199 , 0
-8.23299 , 4.05191 , 0
-8.23865 , 4.05183 , 0
-8.2443 , 4.05175 , 0
-8.24995 , 4.05166 , 0
-8.2556 , 4.05157 , 0
-8.26125 , 4.05149 , 0
-8.26689 , 4.0514 , 0
-8.27253 , 4.0513 , 0
-8.27817 , 4.05121 , 0
-8.2838 , 4.05112 , 0
-8.28943 , 4.05102 , 0
-8.29506 , 4.05092 , 0
-8.30068 , 4.05082 , 0
-8.3063 , 4.05072 , 0
-8.31192 , 4.05062 , 0
-8.31754 , 4.05052 , 0
-8.32315 , 4.05041 , 0
-8.32876 , 4.05031 , 0
-8.33436 , 4.0502 , 0
-8.33996 , 4.05009 , 0
-8.34556 , 4.04998 , 0
-8.35116 , 4.04986 , 0
-8.35675 , 4.04975 , 0
-8.36234 , 4.04963 , 0
-8.36793 , 4.04952 , 0
-8.37351 , 4.0494 , 0
-8.3791 , 4.04928 , 0
-8.38467 , 4.04916 , 0
-8.39025 , 4.04903 , 0
-8.39582 , 4.04891 , 0
-8.40139 , 4.04878 , 0
-8.40695 , 4.04866 , 0
-8.41252 , 4.04853 , 0
-8.41808 , 4.0484 , 0
-8.42363 , 4.04826 , 0
-8.42919 , 4.04813 , 0
-8.43474 , 4.048 , 0
-8.44028 , 4.04786 , 0
-8.44583 , 4.04772 , 0
-8.45137 , 4.04758 , 0
-8.45691 , 4.04744 , 0
-8.46244 , 4.0473 , 0
-8.46798 , 4.04716 , 0
-8.4735 , 4.04701 , 0
-8.47903 , 4.04687 , 0
-8.48455 , 4.04672 , 0
-8.49007 , 4.04657 , 0
-8.49559 , 4.04642 , 0
-8.50111 , 4.04627 , 0
-8.50662 , 4.04611 , 0
-8.51213 , 4.04596 , 0
-8.51763 , 4.0458 , 0
-8.52313 , 4.04564 , 0
-8.52863 , 4.04548 , 0
-8.53413 , 4.04532 , 0
-8.53962 , 4.04516 , 0
-8.54511 , 4.045 , 0
-8.5506 , 4.04483 , 0
-8.55608 , 4.04467 , 0
-8.56156 , 4.0445 , 0
-8.56704 , 4.04433 , 0
-8.57252 , 4.04416 , 0
-8.57799 , 4.04399 , 0
-8.58346 , 4.04381 , 0
-8.58893 , 4.04364 , 0
-8.59439 , 4.04346 , 0
-8.59985 , 4.04329 , 0
-8.60531 , 4.04311 , 0
-8.61076 , 4.04293 , 0
-8.61621 , 4.04275 , 0
-8.62166 , 4.04256 , 0
-8.62711 , 4.04238 , 0
-8.63255 , 4.04219 , 0
-8.63799 , 4.04201 , 0
-8.64343 , 4.04182 , 0
-8.64886 , 4.04163 , 0
-8.65429 , 4.04144 , 0
-8.65972 , 4.04124 , 0
-8.66515 , 4.04105 , 0
-8.67057 , 4.04085 , 0
-8.67599 , 4.04066 , 0
-8.68141 , 4.04046 , 0
-8.68682 , 4.04026 , 0
-8.69223 , 4.04006 , 0
-8.69764 , 4.03986 , 0
-8.70304 , 4.03965 , 0
-8.70844 , 4.03945 , 0
-8.71384 , 4.03924 , 0
-8.71924 , 4.03903 , 0
-8.72463 , 4.03883 , 0
-8.73002 , 4.03862 , 0
-8.73541 , 4.0384 , 0
-8.7408 , 4.03819 , 0
-8.74618 , 4.03798 , 0
-8.75156 , 4.03776 , 0
-8.75693 , 4.03754 , 0
-8.76231 , 4.03733 , 0
-8.76768 , 4.03711 , 0
-8.77304 , 4.03689 , 0
-8.77841 , 4.03666 , 0
-8.78377 , 4.03644 , 0
-8.78913 , 4.03621 , 0
-8.79448 , 4.03599 , 0
-8.79984 , 4.03576 , 0
-8.80519 , 4.03553 , 0
-8.81053 , 4.0353 , 0
-8.81588 , 4.03507 , 0
-8.82122 , 4.03484 , 0
-8.82656 , 4.0346 , 0
-8.83189 , 4.03437 , 0
-8.83723 , 4.03413 , 0
-8.84256 , 4.03389 , 0
-8.84789 , 4.03366 , 0
-8.85321 , 4.03342 , 0
-8.85853 , 4.03317 , 0
-8.86385 , 4.03293 , 0
-8.86917 , 4.03269 , 0
-8.87448 , 4.03244 , 0
-8.87979 , 4.03219 , 0
-8.8851 , 4.03195 , 0
-8.8904 , 4.0317 , 0
-8.8957 , 4.03145 , 0
-8.901 , 4.03119 , 0
-8.9063 , 4.03094 , 0
-8.91159 , 4.03069 , 0
-8.91688 , 4.03043 , 0
-8.92217 , 4.03017 , 0
-8.92746 , 4.02991 , 0
-8.93274 , 4.02965 , 0
-8.93802 , 4.02939 , 0
-8.9433 , 4.02913 , 0
-8.94857 , 4.02887 , 0
-8.95384 , 4.0286 , 0
-8.95911 , 4.02834 , 0
-8.96437 , 4.02807 , 0
-8.96964 , 4.0278 , 0
-8.9749 , 4.02753 , 0
-8.98015 , 4.02726 , 0
-8.98541 , 4.02699 , 0
-8.99066 , 4.02672 , 0
-8.99591 , 4.02644 , 0
-9.00116 , 4.02617 , 0
-9.0064 , 4.02589 , 0
-9.01164 , 4.02561 , 0
-9.01688 , 4.02533 , 0
-9.02211 , 4.02505 , 0
-9.02734 , 4.02477 , 0
-9.03257 , 4.02448 , 0
-9.0378 , 4.0242 , 0
-9.04302 , 4.02391 , 0
-9.04825 , 4.02363 , 0
-9.05346 , 4.02334 , 0
-9.05868 , 4.02305 , 0
-9.06389 , 4.02276 , 0
-9.0691 , 4.02247 , 0
-9.07431 , 4.02217 , 0
-9.07952 , 4.02188 , 0
-9.08472 , 4.02158 , 0
-9.08992 , 4.02129 , 0
-9.09511 , 4.02099 , 0
-9.10031 , 4.02069 , 0
-9.1055 , 4.02039 , 0
-9.11069 , 4.02009 , 0
-9.11587 , 4.01979 , 0
-9.12106 , 4.01948 , 0
-9.12624 , 4.01918 , 0
-9.13141 , 4.01887 , 0
-9.13659 , 4.01856 , 0
-9.14176 , 4.01826 , 0
-9.14693 , 4.01795 , 0
-9.1521 , 4.01763 , 0
-9.15726 , 4.01732 , 0
-9.16242 , 4.01701 , 0
-9.16758 , 4.01669 , 0
-9.17274 , 4.01638 , 0
-9.17789 , 4.01606 , 0
-9.18304 , 4.01574 , 0
-9.18819 , 4.01542 , 0
-9.19334 , 4.0151 , 0
-9.19848 , 4.01478 , 0
-9.20362 , 4.01446 , 0
-9.20876 , 4.01414 , 0
-9.21389 , 4.01381 , 0
-9.21902 , 4.01348 , 0
-9.22415 , 4.01316 , 0
-9.22928 , 4.01283 , 0
-9.2344 , 4.0125 , 0
-9.23952 , 4.01217 , 0
-9.24464 , 4.01183 , 0
-9.24976 , 4.0115 , 0
-9.25487 , 4.01117 , 0
-9.25998 , 4.01083 , 0
-9.26509 , 4.01049 , 0
-9.27019 , 4.01016 , 0
-9.2753 , 4.00982 , 0
-9.2804 , 4.00948 , 0
-9.28549 , 4.00914 , 0
-9.29059 , 4.00879 , 0
-9.29568 , 4.00845 , 0
-9.30077 , 4.00811 , 0
-9.30586 , 4.00776 , 0
-9.31094 , 4.00741 , 0
-9.31602 , 4.00706 , 0
-9.3211 , 4.00672 , 0
-9.32618 , 4.00636 , 0
-9.33125 , 4.00601 , 0
-9.33632 , 4.00566 , 0
-9.34139 , 4.00531 , 0
-9.34645 , 4.00495 , 0
-9.35152 , 4.0046 , 0
-9.35658 , 4.00424 , 0
-9.36164 , 4.00388 , 0
-9.36669 , 4.00352 , 0
-9.37174 , 4.00316 , 0
-9.37679 , 4.0028 , 0
-9.38184 , 4.00244 , 0
-9.38689 , 4.00207 , 0
-9.39193 , 4.00171 , 0
-9.39697 , 4.00134 , 0
-9.402 , 4.00097 , 0
-9.40704 , 4.00061 , 0
-9.41207 , 4.00024 , 0
-9.4171 , 3.99987 , 0
-9.42213 , 3.99949 , 0
-9.42715 , 3.99912 , 0
-9.43217 , 3.99875 , 0
-9.43719 , 3.99837 , 0
-9.44221 , 3.998 , 0
-9.44722 , 3.99762 , 0
-9.45223 , 3.99724 , 0
-9.45724 , 3.99686 , 0
-9.46225 , 3.99648 , 0
-9.46725 , 3.9961 , 0
-9.47225 , 3.99572 , 0
-9.47725 , 3.99534 , 0
-9.48224 , 3.99495 , 0
-9.48724 , 3.99456 , 0
-9.49223 , 3.99418 , 0
-9.49722 , 3.99379 , 0
-9.5022 , 3.9934 , 0
-9.50718 , 3.99301 , 0
-9.51216 , 3.99262 , 0
-9.51714 , 3.99223 , 0
-9.52212 , 3.99183 , 0
-9.52709 , 3.99144 , 0
-9.53206 , 3.99104 , 0
-9.53703 , 3.99065 , 0
-9.54199 , 3.99025 , 0
-9.54695 , 3.98985 , 0
-9.55191 , 3.98945 , 0
-9.55687 , 3.98905 , 0
-9.56183 , 3.98865 , 0
-9.56678 , 3.98825 , 0
-9.57173 , 3.98784 , 0
-9.57668 , 3.98744 , 0
-9.58162 , 3.98703 , 0
-9.58656 , 3.98662 , 0
-9.5915 , 3.98622 , 0
-9.59644 , 3.98581 , 0
-9.60137 , 3.9854 , 0
-9.60631 , 3.98499 , 0
-9.61124 , 3.98457 , 0
-9.61616 , 3.98416 , 0
-9.62109 , 3.98375 , 0
-9.62601 , 3.98333 , 0
-9.63093 , 3.98291 , 0
-9.63585 , 3.9825 , 0
-9.64076 , 3.98208 , 0
-9.64567 , 3.98166 , 0
-9.65058 , 3.98124 , 0
-9.65549 , 3.98082 , 0
-9.66039 , 3.98039 , 0
-9.6653 , 3.97997 , 0
-9.6702 , 3.97955 , 0
-9.67509 , 3.97912 , 0
-9.67999 , 3.97869 , 0
-9.68488 , 3.97827 , 0
-9.68977 , 3.97784 , 0
-9.69466 , 3.97741 , 0
-9.69954 , 3.97698 , 0
-9.70442 , 3.97654 , 0
-9.7093 , 3.97611 , 0
-9.71418 , 3.97568 , 0
-9.71905 , 3.97524 , 0
-9.72393 , 3.97481 , 0
-9.7288 , 3.97437 , 0
-9.73366 , 3.97393 , 0
-9.73853 , 3.97349 , 0
-9.74339 , 3.97305 , 0
-9.74825 , 3.97261 , 0
-9.75311 , 3.97217 , 0
-9.75796 , 3.97173 , 0
-9.76282 , 3.97128 , 0
-9.76767 , 3.97084 , 0
-9.77251 , 3.97039 , 0
-9.77736 , 3.96995 , 0
-9.7822 , 3.9695 , 0
-9.78704 , 3.96905 , 0
-9.79188 , 3.9686 , 0
-9.79671 , 3.96815 , 0
-9.80155 , 3.9677 , 0
-9.80638 , 3.96724 , 0
-9.81121 , 3.96679 , 0
-9.81603 , 3.96633 , 0
-9.82085 , 3.96588 , 0
-9.82567 , 3.96542 , 0
-9.83049 , 3.96496 , 0
-9.83531 , 3.9645 , 0
-9.84012 , 3.96404 , 0
-9.84493 , 3.96358 , 0
-9.84974 , 3.96312 , 0
-9.85455 , 3.96266 , 0
-9.85935 , 3.9622 , 0
-9.86415 , 3.96173 , 0
-9.86895 , 3.96127 , 0
-9.87375 , 3.9608 , 0
-9.87854 , 3.96033 , 0
-9.88333 , 3.95986 , 0
-9.88812 , 3.95939 , 0
-9.89291 , 3.95892 , 0
-9.89769 , 3.95845 , 0
-9.90248 , 3.95798 , 0
-9.90726 , 3.95751 , 0
-9.91203 , 3.95703 , 0
-9.91681 , 3.95656 , 0
-9.92158 , 3.95608 , 0
-9.92635 , 3.9556 , 0
-9.93112 , 3.95512 , 0
-9.93588 , 3.95465 , 0
-9.94064 , 3.95417 , 0
-9.94541 , 3.95368 , 0
-9.95016 , 3.9532 , 0
-9.95492 , 3.95272 , 0
-9.95967 , 3.95224 , 0
-9.96442 , 3.95175 , 0
-9.96917 , 3.95126 , 0
-9.97392 , 3.95078 , 0
-9.97866 , 3.95029 , 0
-9.9834 , 3.9498 , 0
-9.98814 , 3.94931 , 0
-9.99288 , 3.94882 , 0
-9.99761 , 3.94833 , 0
-10.0023 , 3.94784 , 0
-10.0071 , 3.94734 , 0
-10.0118 , 3.94685 , 0
-10.0165 , 3.94636 , 0
-10.0212 , 3.94586 , 0
-10.026 , 3.94536 , 0
-10.0307 , 3.94486 , 0
-10.0354 , 3.94437 , 0
-10.0401 , 3.94387 , 0
-10.0448 , 3.94336 , 0
-10.0495 , 3.94286 , 0
-10.0542 , 3.94236 , 0
-10.0589 , 3.94186 , 0
-10.0636 , 3.94135 , 0
-10.0683 , 3.94085 , 0
-10.073 , 3.94034 , 0
-10.0777 , 3.93983 , 0
-10.0824 , 3.93933 , 0
-10.0871 , 3.93882 , 0
-10.0918 , 3.93831 , 0
-10.0965 , 3.9378 , 0
-10.1012 , 3.93728 , 0
-10.1058 , 3.93677 , 0
-10.1105 , 3.93626 , 0
-10.1152 , 3.93574 , 0
-10.1199 , 3.93523 , 0
-10.1245 , 3.93471 , 0
-10.1292 , 3.93419 , 0
-10.1339 , 3.93368 , 0
-10.1385 , 3.93316 , 0
-10.1432 , 3.93264 , 0
-10.1479 , 3.93212 , 0
-10.1525 , 3.9316 , 0
-10.1572 , 3.93107 , 0
-10.1618 , 3.93055 , 0
-10.1665 , 3.93003 , 0
-10.1711 , 3.9295 , 0
-10.1758 , 3.92897 , 0
-10.1804 , 3.92845 , 0
-10.185 , 3.92792 , 0
-10.1897 , 3.92739 , 0
-10.1943 , 3.92686 , 0
-10.199 , 3.92633 , 0
-10.2036 , 3.9258 , 0
-10.2082 , 3.92527 , 0
-10.2128 , 3.92473 , 0
-10.2175 , 3.9242 , 0
-10.2221 , 3.92366 , 0
-10.2267 , 3.92313 , 0
-10.2313 , 3.92259 , 0
-10.2359 , 3.92205 , 0
-10.2406 , 3.92151 , 0
-10.2452 , 3.92097 , 0
-10.2498 , 3.92043 , 0
-10.2544 , 3.91989 , 0
-10.259 , 3.91935 , 0
-10.2636 , 3.91881 , 0
-10.2682 , 3.91826 , 0
-10.2728 , 3.91772 , 0
-10.2774 , 3.91717 , 0
-10.282 , 3.91663 , 0
-10.2866 , 3.91608 , 0
-10.2911 , 3.91553 , 0
-10.2957 , 3.91498 , 0
-10.3003 , 3.91443 , 0
-10.3049 , 3.91388 , 0
-10.3095 , 3.91333 , 0
-10.3141 , 3.91278 , 0
-10.3186 , 3.91223 , 0
-10.3232 , 3.91167 , 0
-10.3278 , 3.91112 , 0
-10.3323 , 3.91056 , 0
-10.3369 , 3.91 , 0
-10.3415 , 3.90945 , 0
-10.346 , 3.90889 , 0
-10.3506 , 3.90833 , 0
-10.3551 , 3.90777 , 0
-10.3597 , 3.90721 , 0
-10.3642 , 3.90665 , 0
-10.3688 , 3.90608 , 0
-10.3733 , 3.90552 , 0
-10.3779 , 3.90495 , 0
-10.3824 , 3.90439 , 0
-10.387 , 3.90382 , 0
-10.3915 , 3.90326 , 0
-10.396 , 3.90269 , 0
-10.4006 , 3.90212 , 0
-10.4051 , 3.90155 , 0
-10.4096 , 3.90098 , 0
-10.4142 , 3.90041 , 0
-10.4187 , 3.89984 , 0
-10.4232 , 3.89926 , 0
-10.4277 , 3.89869 , 0
-10.4323 , 3.89812 , 0
-10.4368 , 3.89754 , 0
-10.4413 , 3.89697 , 0
-10.4458 , 3.89639 , 0
-10.4503 , 3.89581 , 0
-10.4548 , 3.89523 , 0
-10.4593 , 3.89465 , 0
-10.4638 , 3.89407 , 0
-10.4683 , 3.89349 , 0
-10.4728 , 3.89291 , 0
-10.4773 , 3.89233 , 0
-10.4818 , 3.89174 , 0
-10.4863 , 3.89116 , 0
-10.4908 , 3.89057 , 0
-10.4953 , 3.88999 , 0
-10.4998 , 3.8894 , 0
-10.5042 , 3.88881 , 0
-10.5087 , 3.88822 , 0
-10.5132 , 3.88764 , 0
-10.5177 , 3.88705 , 0
-10.5221 , 3.88645 , 0
-10.5266 , 3.88586 , 0
-10.5311 , 3.88527 , 0
-10.5356 , 3.88468 , 0
-10.54 , 3.88408 , 0
-10.5445 , 3.88349 , 0
-10.5489 , 3.88289 , 0
-10.5534 , 3.8823 , 0
-10.5579 , 3.8817 , 0
-10.5623 , 3.8811 , 0
-10.5668 , 3.8805 , 0
-10.5712 , 3.8799 , 0
-10.5757 , 3.8793 , 0
-10.5801 , 3.8787 , 0
-10.5846 , 3.8781 , 0
-10.589 , 3.87749 , 0
-10.5934 , 3.87689 , 0
-10.5979 , 3.87629 , 0
-10.6023 , 3.87568 , 0
-10.6067 , 3.87507 , 0
-10.6112 , 3.87447 , 0
-10.6156 , 3.87386 , 0
-10.62 , 3.87325 , 0
-10.6244 , 3.87264 , 0
-10.6289 , 3.87203 , 0
-10.6333 , 3.87142 , 0
-10.6377 , 3.87081 , 0
-10.6421 , 3.8702 , 0
-10.6465 , 3.86958 , 0
-10.6509 , 3.86897 , 0
-10.6553 , 3.86835 , 0
-10.6598 , 3.86774 , 0
-10.6642 , 3.86712 , 0
-10.6686 , 3.86651 , 0
-10.673 , 3.86589 , 0
-10.6774 , 3.86527 , 0
-10.6818 , 3.86465 , 0
-10.6861 , 3.86403 , 0
-10.6905 , 3.86341 , 0
-10.6949 , 3.86279 , 0
-10.6993 , 3.86216 , 0
-10.7037 , 3.86154 , 0
-10.7081 , 3.86092 , 0
-10.7125 , 3.86029 , 0
-10.7168 , 3.85967 , 0
-10.7212 , 3.85904 , 0
-10.7256 , 3.85841 , 0
-10.73 , 3.85778 , 0
-10.7343 , 3.85716 , 0
-10.7387 , 3.85653 , 0
-10.7431 , 3.8559 , 0
-10.7474 , 3.85526 , 0
-10.7518 , 3.85463 , 0
-10.7562 , 3.854 , 0
-10.7605 , 3.85337 , 0
-10.7649 , 3.85273 , 0
-10.7692 , 3.8521 , 0
-10.7736 , 3.85146 , 0
-10.7779 , 3.85083 , 0
-10.7823 , 3.85019 , 0
-10.7866 , 3.84955 , 0
-10.791 , 3.84891 , 0
-10.7953 , 3.84827 , 0
-10.7996 , 3.84763 , 0
-10.804 , 3.84699 , 0
-10.8083 , 3.84635 , 0
-10.8126 , 3.84571 , 0
-10.817 , 3.84506 , 0
-10.8213 , 3.84442 , 0
-10.8256 , 3.84378 , 0
-10.8299 , 3.84313 , 0
-10.8343 , 3.84248 , 0
-10.8386 , 3.84184 , 0
-10.8429 , 3.84119 , 0
-10.8472 , 3.84054 , 0
-10.8515 , 3.83989 , 0
-10.8558 , 3.83924 , 0
-10.8601 , 3.83859 , 0
-10.8644 , 3.83794 , 0
-10.8688 , 3.83729 , 0
-10.8731 , 3.83664 , 0
-10.8774 , 3.83598 , 0
-10.8817 , 3.83533 , 0
-10.886 , 3.83467 , 0
-10.8902 , 3.83402 , 0
-10.8945 , 3.83336 , 0
-10.8988 , 3.8327 , 0
-10.9031 , 3.83205 , 0
-10.9074 , 3.83139 , 0
-10.9117 , 3.83073 , 0
-10.916 , 3.83007 , 0
-10.9202 , 3.82941 , 0
-10.9245 , 3.82874 , 0
-10.9288 , 3.82808 , 0
-10.9331 , 3.82742 , 0
-10.9373 , 3.82676 , 0
-10.9416 , 3.82609 , 0
-10.9459 , 3.82543 , 0
-10.9501 , 3.82476 , 0
-10.9544 , 3.82409 , 0
-10.9587 , 3.82343 , 0
-10.9629 , 3.82276 , 0
-10.9672 , 3.82209 , 0
-10.9714 , 3.82142 , 0
-10.9757 , 3.82075 , 0
-10.9799 , 3.82008 , 0
-10.9842 , 3.81941 , 0
-10.9884 , 3.81873 , 0
-10.9927 , 3.81806 , 0
-10.9969 , 3.81739 , 0
-11.0012 , 3.81671 , 0
-11.0054 , 3.81604 , 0
-11.0096 , 3.81536 , 0
-11.0139 , 3.81468 , 0
-11.0181 , 3.81401 , 0
-11.0223 , 3.81333 , 0
-11.0266 , 3.81265 , 0
-11.0308 , 3.81197 , 0
-11.035 , 3.81129 , 0
-11.0392 , 3.81061 , 0
-11.0435 , 3.80993 , 0
-11.0477 , 3.80924 , 0
-11.0519 , 3.80856 , 0
-11.0561 , 3.80788 , 0
-11.0603 , 3.80719 , 0
-11.0645 , 3.80651 , 0
-11.0687 , 3.80582 , 0
-11.0729 , 3.80514 , 0
-11.0771 , 3.80445 , 0
-11.0813 , 3.80376 , 0
-11.0855 , 3.80307 , 0
-11.0897 , 3.80238 , 0
-11.0939 , 3.80169 , 0
-11.0981 , 3.801 , 0
-11.1023 , 3.80031 , 0
-11.1065 , 3.79962 , 0
-11.1107 , 3.79892 , 0
-11.1149 , 3.79823 , 0
-11.1191 , 3.79754 , 0
-11.1232 , 3.79684 , 0
-11.1274 , 3.79615 , 0
-11.1316 , 3.79545 , 0
-11.1358 , 3.79475 , 0
-11.1399 , 3.79406 , 0
-11.1441 , 3.79336 , 0
-11.1483 , 3.79266 , 0
-11.1525 , 3.79196 , 0
-11.1566 , 3.79126 , 0
-11.1608 , 3.79056 , 0
-11.1649 , 3.78986 , 0
-11.1691 , 3.78915 , 0
-11.1733 , 3.78845 , 0
-11.1774 , 3.78775 , 0
-11.1816 , 3.78704 , 0
-11.1857 , 3.78634 , 0
-11.1899 , 3.78563 , 0
-11.194 , 3.78492 , 0
-11.1982 , 3.78422 , 0
-11.2023 , 3.78351 , 0
-11.2064 , 3.7828 , 0
-11.2106 , 3.78209 , 0
-11.2147 , 3.78138 , 0
-11.2189 , 3.78067 , 0
-11.223 , 3.77996 , 0
-11.2271 , 3.77925 , 0
-11.2312 , 3.77853 , 0
-11.2354 , 3.77782 , 0
-11.2395 , 3.77711 , 0
-11.2436 , 3.77639 , 0
-11.2477 , 3.77568 , 0
-11.2519 , 3.77496 , 0
-11.256 , 3.77425 , 0
-11.2601 , 3.77353 , 0
-11.2642 , 3.77281 , 0
-11.2683 , 3.77209 , 0
-11.2724 , 3.77137 , 0
-11.2765 , 3.77065 , 0
-11.2806 , 3.76993 , 0
-11.2847 , 3.76921 , 0
-11.2888 , 3.76849 , 0
-11.2929 , 3.76777 , 0
-11.297 , 3.76704 , 0
-11.3011 , 3.76632 , 0
-11.3052 , 3.76559 , 0
-11.3093 , 3.76487 , 0
-11.3134 , 3.76414 , 0
-11.3175 , 3.76342 , 0
-11.3216 , 3.76269 , 0
-11.3257 , 3.76196 , 0
-11.3297 , 3.76123 , 0
-11.3338 , 3.7605 , 0
-11.3379 , 3.75977 , 0
-11.342 , 3.75904 , 0
-11.3461 , 3.75831 , 0
-11.3501 , 3.75758 , 0
-11.3542 , 3.75685 , 0
-11.3583 , 3.75612 , 0
-11.3623 , 3.75538 , 0
-11.3664 , 3.75465 , 0
-11.3705 , 3.75391 , 0
-11.3745 , 3.75318 , 0
-11.3786 , 3.75244 , 0
-11.3826 , 3.7517 , 0
-11.3867 , 3.75097 , 0
-11.3907 , 3.75023 , 0
-11.3948 , 3.74949 , 0
-11.3988 , 3.74875 , 0
-11.4029 , 3.74801 , 0
-11.4069 , 3.74727 , 0
-11.411 , 3.74653 , 0
-11.415 , 3.74579 , 0
-11.419 , 3.74504 , 0
-11.4231 , 3.7443 , 0
-11.4271 , 3.74356 , 0
-11.4312 , 3.74281 , 0
-11.4352 , 3.74207 , 0
-11.4392 , 3.74132 , 0
-11.4432 , 3.74058 , 0
-11.4473 , 3.73983 , 0
-11.4513 , 3.73908 , 0
-11.4553 , 3.73833 , 0
-11.4593 , 3.73758 , 0
-11.4633 , 3.73683 , 0
-11.4674 , 3.73608 , 0
-11.4714 , 3.73533 , 0
-11.4754 , 3.73458 , 0
-11.4794 , 3.73383 , 0
-11.4834 , 3.73308 , 0
-11.4874 , 3.73232 , 0
-11.4914 , 3.73157 , 0
-11.4954 , 3.73081 , 0
-11.4994 , 3.73006 , 0
-11.5034 , 3.7293 , 0
-11.5074 , 3.72855 , 0
-11.5114 , 3.72779 , 0
-11.5154 , 3.72703 , 0
-11.5194 , 3.72627 , 0
-11.5234 , 3.72552 , 0
-11.5274 , 3.72476 , 0
-11.5313 , 3.724 , 0
-11.5353 , 3.72323 , 0
-11.5393 , 3.72247 , 0
-11.5433 , 3.72171 , 0
-11.5473 , 3.72095 , 0
-11.5512 , 3.72019 , 0
-11.5552 , 3.71942 , 0
-11.5592 , 3.71866 , 0
-11.5632 , 3.71789 , 0
-11.5671 , 3.71713 , 0
-11.5711 , 3.71636 , 0
-11.5751 , 3.71559 , 0
-11.579 , 3.71483 , 0
-11.583 , 3.71406 , 0
-11.5869 , 3.71329 , 0
-11.5909 , 3.71252 , 0
-11.5948 , 3.71175 , 0
-11.5988 , 3.71098 , 0
-11.6027 , 3.71021 , 0
-11.6067 , 3.70944 , 0
-11.6106 , 3.70866 , 0
-11.6146 , 3.70789 , 0
-11.6185 , 3.70712 , 0
-11.6225 , 3.70634 , 0
-11.6264 , 3.70557 , 0
-11.6303 , 3.70479 , 0
-11.6343 , 3.70402 , 0
-11.6382 , 3.70324 , 0
-11.6421 , 3.70246 , 0
-11.6461 , 3.70169 , 0
-11.65 , 3.70091 , 0
-11.6539 , 3.70013 , 0
-11.6579 , 3.69935 , 0
-11.6618 , 3.69857 , 0
-11.6657 , 3.69779 , 0
-11.6696 , 3.69701 , 0
-11.6735 , 3.69622 , 0
-11.6774 , 3.69544 , 0
-11.6814 , 3.69466 , 0
-11.6853 , 3.69388 , 0
-11.6892 , 3.69309 , 0
-11.6931 , 3.69231 , 0
-11.697 , 3.69152 , 0
-11.7009 , 3.69073 , 0
-11.7048 , 3.68995 , 0
-11.7087 , 3.68916 , 0
-11.7126 , 3.68837 , 0
-11.7165 , 3.68758 , 0
-11.7204 , 3.68679 , 0
-11.7243 , 3.68601 , 0
-11.7282 , 3.68522 , 0
-11.7321 , 3.68442 , 0
-11.7359 , 3.68363 , 0
-11.7398 , 3.68284 , 0
-11.7437 , 3.68205 , 0
-11.7476 , 3.68126 , 0
-11.7515 , 3.68046 , 0
-11.7554 , 3.67967 , 0
-11.7592 , 3.67887 , 0
-11.7631 , 3.67808 , 0
-11.767 , 3.67728 , 0
-11.7708 , 3.67648 , 0
-11.7747 , 3.67569 , 0
-11.7786 , 3.67489 , 0
-11.7824 , 3.67409 , 0
-11.7863 , 3.67329 , 0
-11.7902 , 3.67249 , 0
-11.794 , 3.67169 , 0
-11.7979 , 3.67089 , 0
-11.8017 , 3.67009 , 0
-11.8056 , 3.66929 , 0
-11.8094 , 3.66849 , 0
-11.8133 , 3.66768 , 0
-11.8171 , 3.66688 , 0
-11.821 , 3.66608 , 0
-11.8248 , 3.66527 , 0
-11.8287 , 3.66447 , 0
-11.8325 , 3.66366 , 0
-11.8364 , 3.66285 , 0
-11.8402 , 3.66205 , 0
-11.844 , 3.66124 , 0
-11.8479 , 3.66043 , 0
-11.8517 , 3.65962 , 0
-11.8555 , 3.65881 , 0
-11.8593 , 3.658 , 0
-11.8632 , 3.65719 , 0
-11.867 , 3.65638 , 0
-11.8708 , 3.65557 , 0
-11.8746 , 3.65476 , 0
-11.8785 , 3.65395 , 0
-11.8823 , 3.65313 , 0
-11.8861 , 3.65232 , 0
-11.8899 , 3.65151 , 0
-11.8937 , 3.65069 , 0
-11.8975 , 3.64988 , 0
-11.9013 , 3.64906 , 0
-11.9051 , 3.64824 , 0
-11.9089 , 3.64743 , 0
-11.9127 , 3.64661 , 0
-11.9165 , 3.64579 , 0
-11.9203 , 3.64497 , 0
-11.9241 , 3.64415 , 0
-11.9279 , 3.64333 , 0
-11.9317 , 3.64251 , 0
-11.9355 , 3.64169 , 0
-11.9393 , 3.64087 , 0
-11.9431 , 3.64005 , 0
-11.9469 , 3.63923 , 0
-11.9507 , 3.6384 , 0
-11.9544 , 3.63758 , 0
-11.9582 , 3.63676 , 0
-11.962 , 3.63593 , 0
-11.9658 , 3.63511 , 0
-11.9696 , 3.63428 , 0
-11.9733 , 3.63345 , 0
-11.9771 , 3.63263 , 0
-11.9809 , 3.6318 , 0
-11.9846 , 3.63097 , 0
-11.9884 , 3.63014 , 0
-11.9922 , 3.62931 , 0
-11.9959 , 3.62848 , 0
-11.9997 , 3.62765 , 0
-12.0035 , 3.62682 , 0
-12.0072 , 3.62599 , 0
-12.011 , 3.62516 , 0
-12.0147 , 3.62433 , 0
-12.0185 , 3.62349 , 0
-12.0222 , 3.62266 , 0
-12.026 , 3.62183 , 0
-12.0297 , 3.62099 , 0
-12.0335 , 3.62016 , 0
-12.0372 , 3.61932 , 0
-12.0409 , 3.61849 , 0
-12.0447 , 3.61765 , 0
-12.0484 , 3.61681 , 0
-12.0522 , 3.61597 , 0
-12.0559 , 3.61514 , 0
-12.0596 , 3.6143 , 0
-12.0634 , 3.61346 , 0
-12.0671 , 3.61262 , 0
-12.0708 , 3.61178 , 0
-12.0745 , 3.61094 , 0
-12.0783 , 3.61009 , 0
-12.082 , 3.60925 , 0
-12.0857 , 3.60841 , 0
-12.0894 , 3.60757 , 0
-12.0931 , 3.60672 , 0
-12.0968 , 3.60588 , 0
-12.1006 , 3.60503 , 0
-12.1043 , 3.60419 , 0
-12.108 , 3.60334 , 0
-12.1117 , 3.6025 , 0
-12.1154 , 3.60165 , 0
-12.1191 , 3.6008 , 0
-12.1228 , 3.59996 , 0
-12.1265 , 3.59911 , 0
-12.1302 , 3.59826 , 0
-12.1339 , 3.59741 , 0
-12.1376 , 3.59656 , 0
-12.1413 , 3.59571 , 0
-12.145 , 3.59486 , 0
-12.1487 , 3.59401 , 0
-12.1523 , 3.59315 , 0
-12.156 , 3.5923 , 0
-12.1597 , 3.59145 , 0
-12.1634 , 3.59059 , 0
-12.1671 , 3.58974 , 0
-12.1708 , 3.58889 , 0
-12.1744 , 3.58803 , 0
-12.1781 , 3.58718 , 0
-12.1818 , 3.58632 , 0
-12.1855 , 3.58546 , 0
-12.1891 , 3.58461 , 0
-12.1928 , 3.58375 , 0
-12.1965 , 3.58289 , 0
-12.2001 , 3.58203 , 0
-12.2038 , 3.58117 , 0
-12.2075 , 3.58031 , 0
-12.2111 , 3.57945 , 0
-12.2148 , 3.57859 , 0
-12.2184 , 3.57773 , 0
-12.2221 , 3.57687 , 0
-12.2257 , 3.57601 , 0
-12.2294 , 3.57514 , 0
-12.233 , 3.57428 , 0
-12.2367 , 3.57342 , 0
-12.2403 , 3.57255 , 0
-12.244 , 3.57169 , 0
-12.2476 , 3.57082 , 0
-12.2513 , 3.56995 , 0
-12.2549 , 3.56909 , 0
-12.2585 , 3.56822 , 0
-12.2622 , 3.56735 , 0
-12.2658 , 3.56649 , 0
-12.2694 , 3.56562 , 0
-12.2731 , 3.56475 , 0
-12.2767 , 3.56388 , 0
-12.2803 , 3.56301 , 0
-12.2839 , 3.56214 , 0
-12.2876 , 3.56127 , 0
-12.2912 , 3.5604 , 0
-12.2948 , 3.55952 , 0
-12.2984 , 3.55865 , 0
-12.302 , 3.55778 , 0
-12.3057 , 3.55691 , 0
-12.3093 , 3.55603 , 0
-12.3129 , 3.55516 , 0
-12.3165 , 3.55428 , 0
-12.3201 , 3.55341 , 0
-12.3237 , 3.55253 , 0
-12.3273 , 3.55166 , 0
-12.3309 , 3.55078 , 0
-12.3345 , 3.5499 , 0
-12.3381 , 3.54902 , 0
-12.3417 , 3.54814 , 0
-12.3453 , 3.54727 , 0
-12.3489 , 3.54639 , 0
-12.3525 , 3.54551 , 0
-12.3561 , 3.54463 , 0
-12.3597 , 3.54375 , 0
-12.3633 , 3.54286 , 0
-12.3668 , 3.54198 , 0
-12.3704 , 3.5411 , 0
-12.374 , 3.54022 , 0
-12.3776 , 3.53933 , 0
-12.3812 , 3.53845 , 0
-12.3847 , 3.53757 , 0
-12.3883 , 3.53668 , 0
-12.3919 , 3.5358 , 0
-12.3955 , 3.53491 , 0
-12.399 , 3.53402 , 0
-12.4026 , 3.53314 , 0
-12.4062 , 3.53225 , 0
-12.4097 , 3.53136 , 0
-12.4133 , 3.53047 , 0
-12.4169 , 3.52959 , 0
-12.4204 , 3.5287 , 0
-12.424 , 3.52781 , 0
-12.4275 , 3.52692 , 0
-12.4311 , 3.52603 , 0
-12.4346 , 3.52513 , 0
-12.4382 , 3.52424 , 0
-12.4417 , 3.52335 , 0
-12.4453 , 3.52246 , 0
-12.4488 , 3.52157 , 0
-12.4524 , 3.52067 , 0
-12.4559 , 3.51978 , 0
-12.4595 , 3.51888 , 0
-12.463 , 3.51799 , 0
-12.4665 , 3.51709 , 0
-12.4701 , 3.5162 , 0
-12.4736 , 3.5153 , 0
-12.4771 , 3.5144 , 0
-12.4807 , 3.51351 , 0
-12.4842 , 3.51261 , 0
-12.4877 , 3.51171 , 0
-12.4913 , 3.51081 , 0
-12.4948 , 3.50991 , 0
-12.4983 , 3.50901 , 0
-12.5018 , 3.50811 , 0
-12.5053 , 3.50721 , 0
-12.5089 , 3.50631 , 0
-12.5124 , 3.50541 , 0
-12.5159 , 3.50451 , 0
-12.5194 , 3.50361 , 0
-12.5229 , 3.5027 , 0
-12.5264 , 3.5018 , 0
-12.5299 , 3.5009 , 0
-12.5334 , 3.49999 , 0
-12.5369 , 3.49909 , 0
-12.5404 , 3.49818 , 0
-12.5439 , 3.49728 , 0
-12.5474 , 3.49637 , 0
-12.5509 , 3.49546 , 0
-12.5544 , 3.49456 , 0
-12.5579 , 3.49365 , 0
-12.5614 , 3.49274 , 0
-12.5649 , 3.49183 , 0
-12.5684 , 3.49092 , 0
-12.5719 , 3.49001 , 0
-12.5754 , 3.4891 , 0
-12.5789 , 3.48819 , 0
-12.5823 , 3.48728 , 0
-12.5858 , 3.48637 , 0
-12.5893 , 3.48546 , 0
-12.5928 , 3.48455 , 0
-12.5963 , 3.48363 , 0
-12.5997 , 3.48272 , 0
-12.6032 , 3.48181 , 0
-12.6067 , 3.48089 , 0
-12.6101 , 3.47998 , 0
-12.6136 , 3.47906 , 0
-12.6171 , 3.47815 , 0
-12.6205 , 3.47723 , 0
-12.624 , 3.47632 , 0
-12.6275 , 3.4754 , 0
-12.6309 , 3.47448 , 0
-12.6344 , 3.47356 , 0
-12.6378 , 3.47265 , 0
-12.6413 , 3.47173 , 0
-12.6447 , 3.47081 , 0
-12.6482 , 3.46989 , 0
-12.6516 , 3.46897 , 0
-12.6551 , 3.46805 , 0
-12.6585 , 3.46713 , 0
-12.662 , 3.46621 , 0
-12.6654 , 3.46528 , 0
-12.6689 , 3.46436 , 0
-12.6723 , 3.46344 , 0
-12.6757 , 3.46252 , 0
-12.6792 , 3.46159 , 0
-12.6826 , 3.46067 , 0
-12.686 , 3.45974 , 0
-12.6895 , 3.45882 , 0
-12.6929 , 3.45789 , 0
-12.6963 , 3.45697 , 0
-12.6998 , 3.45604 , 0
-12.7032 , 3.45511 , 0
-12.7066 , 3.45419 , 0
-12.71 , 3.45326 , 0
-12.7134 , 3.45233 , 0
-12.7169 , 3.4514 , 0
-12.7203 , 3.45047 , 0
-12.7237 , 3.44954 , 0
-12.7271 , 3.44861 , 0
-12.7305 , 3.44768 , 0
-12.7339 , 3.44675 , 0
-12.7373 , 3.44582 , 0
-12.7407 , 3.44489 , 0
-12.7442 , 3.44396 , 0
-12.7476 , 3.44303 , 0
-12.751 , 3.44209 , 0
-12.7544 , 3.44116 , 0
-12.7578 , 3.44022 , 0
-12.7612 , 3.43929 , 0
-12.7645 , 3.43836 , 0
-12.7679 , 3.43742 , 0
-12.7713 , 3.43649 , 0
-12.7747 , 3.43555 , 0
-12.7781 , 3.43461 , 0
-12.7815 , 3.43368 , 0
-12.7849 , 3.43274 , 0
-12.7883 , 3.4318 , 0
-12.7916 , 3.43086 , 0
-12.795 , 3.42992 , 0
-12.7984 , 3.42898 , 0
-12.8018 , 3.42805 , 0
-12.8052 , 3.42711 , 0
-12.8085 , 3.42616 , 0
-12.8119 , 3.42522 , 0
-12.8153 , 3.42428 , 0
-12.8186 , 3.42334 , 0
-12.822 , 3.4224 , 0
-12.8254 , 3.42146 , 0
-12.8287 , 3.42051 , 0
-12.8321 , 3.41957 , 0
-12.8355 , 3.41863 , 0
-12.8388 , 3.41768 , 0
-12.8422 , 3.41674 , 0
-12.8455 , 3.41579 , 0
-12.8489 , 3.41485 , 0
-12.8522 , 3.4139 , 0
-12.8556 , 3.41295 , 0
-12.859 , 3.41201 , 0
-12.8623 , 3.41106 , 0
-12.8656 , 3.41011 , 0
-12.869 , 3.40916 , 0
-12.8723 , 3.40822 , 0
-12.8757 , 3.40727 , 0
-12.879 , 3.40632 , 0
-12.8824 , 3.40537 , 0
-12.8857 , 3.40442 , 0
-12.889 , 3.40347 , 0
-12.8924 , 3.40251 , 0
-12.8957 , 3.40156 , 0
-12.899 , 3.40061 , 0
-12.9024 , 3.39966 , 0
-12.9057 , 3.39871 , 0
-12.909 , 3.39775 , 0
-12.9123 , 3.3968 , 0
-12.9156 , 3.39585 , 0
-12.919 , 3.39489 , 0
-12.9223 , 3.39394 , 0
-12.9256 , 3.39298 , 0
-12.9289 , 3.39202 , 0
-12.9322 , 3.39107 , 0
-12.9356 , 3.39011 , 0
-12.9389 , 3.38916 , 0
-12.9422 , 3.3882 , 0
-12.9455 , 3.38724 , 0
-12.9488 , 3.38628 , 0
-12.9521 , 3.38532 , 0
-12.9554 , 3.38436 , 0
-12.9587 , 3.3834 , 0
-12.962 , 3.38244 , 0
-12.9653 , 3.38148 , 0
-12.9686 , 3.38052 , 0
-12.9719 , 3.37956 , 0
-12.9752 , 3.3786 , 0
-12.9785 , 3.37764 , 0
-12.9818 , 3.37668 , 0
-12.9851 , 3.37571 , 0
-12.9883 , 3.37475 , 0
-12.9916 , 3.37379 , 0
-12.9949 , 3.37282 , 0
-12.9982 , 3.37186 , 0
-13.0015 , 3.37089 , 0
-13.0048 , 3.36993 , 0
-13.008 , 3.36896 , 0
-13.0113 , 3.368 , 0
-13.0146 , 3.36703 , 0
-13.0179 , 3.36606 , 0
-13.0211 , 3.3651 , 0
-13.0244 , 3.36413 , 0
-13.0277 , 3.36316 , 0
-13.0309 , 3.36219 , 0
-13.0342 , 3.36122 , 0
-13.0375 , 3.36025 , 0
-13.0407 , 3.35928 , 0
-13.044 , 3.35831 , 0
-13.0472 , 3.35734 , 0
-13.0505 , 3.35637 , 0
-13.0538 , 3.3554 , 0
-13.057 , 3.35443 , 0
-13.0603 , 3.35346 , 0
-13.0635 , 3.35248 , 0
-13.0668 , 3.35151 , 0
-13.07 , 3.35054 , 0
-13.0733 , 3.34956 , 0
-13.0765 , 3.34859 , 0
-13.0797 , 3.34761 , 0
-13.083 , 3.34664 , 0
-13.0862 , 3.34566 , 0
-13.0895 , 3.34469 , 0
-13.0927 , 3.34371 , 0
-13.0959 , 3.34274 , 0
-13.0992 , 3.34176 , 0
-13.1024 , 3.34078 , 0
-13.1056 , 3.3398 , 0
-13.1089 , 3.33883 , 0
-13.1121 , 3.33785 , 0
-13.1153 , 3.33687 , 0
-13.1185 , 3.33589 , 0
-13.1218 , 3.33491 , 0
-13.125 , 3.33393 , 0
-13.1282 , 3.33295 , 0
-13.1314 , 3.33197 , 0
-13.1346 , 3.33099 , 0
-13.1379 , 3.33 , 0
-13.1411 , 3.32902 , 0
-13.1443 , 3.32804 , 0
-13.1475 , 3.32706 , 0
-13.1507 , 3.32607 , 0
-13.1539 , 3.32509 , 0
-13.1571 , 3.32411 , 0
-13.1603 , 3.32312 , 0
-13.1635 , 3.32214 , 0
-13.1667 , 3.32115 , 0
-13.1699 , 3.32016 , 0
-13.1731 , 3.31918 , 0
-13.1763 , 3.31819 , 0
-13.1795 , 3.31721 , 0
-13.1827 , 3.31622 , 0
-13.1859 , 3.31523 , 0
-13.1891 , 3.31424 , 0
-13.1923 , 3.31325 , 0
-13.1955 , 3.31227 , 0
-13.1987 , 3.31128 , 0
-13.2018 , 3.31029 , 0
-13.205 , 3.3093 , 0
-13.2082 , 3.30831 , 0
-13.2114 , 3.30732 , 0
-13.2146 , 3.30632 , 0
-13.2177 , 3.30533 , 0
-13.2209 , 3.30434 , 0
-13.2241 , 3.30335 , 0
-13.2273 , 3.30236 , 0
-13.2304 , 3.30136 , 0
-13.2336 , 3.30037 , 0
-13.2368 , 3.29938 , 0
-13.2399 , 3.29838 , 0
-13.2431 , 3.29739 , 0
-13.2463 , 3.29639 , 0
-13.2494 , 3.2954 , 0
-13.2526 , 3.2944 , 0
-13.2557 , 3.29341 , 0
-13.2589 , 3.29241 , 0
-13.262 , 3.29141 , 0
-13.2652 , 3.29041 , 0
-13.2684 , 3.28942 , 0
-13.2715 , 3.28842 , 0
-13.2747 , 3.28742 , 0
-13.2778 , 3.28642 , 0
-13.2809 , 3.28542 , 0
-13.2841 , 3.28442 , 0
-13.2872 , 3.28342 , 0
-13.2904 , 3.28242 , 0
-13.2935 , 3.28142 , 0
-13.2967 , 3.28042 , 0
-13.2998 , 3.27942 , 0
-13.3029 , 3.27842 , 0
-13.3061 , 3.27742 , 0
-13.3092 , 3.27641 , 0
-13.3123 , 3.27541 , 0
-13.3155 , 3.27441 , 0
-13.3186 , 3.2734 , 0
-13.3217 , 3.2724 , 0
-13.3248 , 3.2714 , 0
-13.328 , 3.27039 , 0
-13.3311 , 3.26939 , 0
-13.3342 , 3.26838 , 0
-13.3373 , 3.26737 , 0
-13.3404 , 3.26637 , 0
-13.3435 , 3.26536 , 0
-13.3467 , 3.26435 , 0
-13.3498 , 3.26335 , 0
-13.3529 , 3.26234 , 0
-13.356 , 3.26133 , 0
-13.3591 , 3.26032 , 0
-13.3622 , 3.25931 , 0
-13.3653 , 3.2583 , 0
-13.3684 , 3.25729 , 0
-13.3715 , 3.25628 , 0
-13.3746 , 3.25527 , 0
-13.3777 , 3.25426 , 0
-13.3808 , 3.25325 , 0
-13.3839 , 3.25224 , 0
-13.387 , 3.25123 , 0
-13.3901 , 3.25022 , 0
-13.3932 , 3.2492 , 0
-13.3963 , 3.24819 , 0
-13.3994 , 3.24718 , 0
-13.4024 , 3.24617 , 0
-13.4055 , 3.24515 , 0
-13.4086 , 3.24414 , 0
-13.4117 , 3.24312 , 0
-13.4148 , 3.24211 , 0
-13.4179 , 3.24109 , 0
-13.4209 , 3.24008 , 0
-13.424 , 3.23906 , 0
-13.4271 , 3.23804 , 0
-13.4302 , 3.23703 , 0
-13.4332 , 3.23601 , 0
-13.4363 , 3.23499 , 0
-13.4394 , 3.23397 , 0
-13.4424 , 3.23295 , 0
-13.4455 , 3.23194 , 0
-13.4486 , 3.23092 , 0
-13.4516 , 3.2299 , 0
-13.4547 , 3.22888 , 0
-13.4578 , 3.22786 , 0
-13.4608 , 3.22684 , 0
-13.4639 , 3.22582 , 0
-13.4669 , 3.2248 , 0
-13.47 , 3.22377 , 0
-13.473 , 3.22275 , 0
-13.4761 , 3.22173 , 0
-13.4791 , 3.22071 , 0
-13.4822 , 3.21968 , 0
-13.4852 , 3.21866 , 0
-13.4883 , 3.21764 , 0
-13.4913 , 3.21661 , 0
-13.4944 , 3.21559 , 0
-13.4974 , 3.21456 , 0
-13.5004 , 3.21354 , 0
-13.5035 , 3.21251 , 0
-13.5065 , 3.21149 , 0
-13.5095 , 3.21046 , 0
-13.5126 , 3.20943 , 0
-13.5156 , 3.20841 , 0
-13.5186 , 3.20738 , 0
-13.5217 , 3.20635 , 0
-13.5247 , 3.20532 , 0
-13.5277 , 3.2043 , 0
-13.5307 , 3.20327 , 0
-13.5338 , 3.20224 , 0
-13.5368 , 3.20121 , 0
-13.5398 , 3.20018 , 0
-13.5428 , 3.19915 , 0
-13.5458 , 3.19812 , 0
-13.5488 , 3.19709 , 0
-13.5519 , 3.19606 , 0
-13.5549 , 3.19503 , 0
-13.5579 , 3.19399 , 0
-13.5609 , 3.19296 , 0
-13.5639 , 3.19193 , 0
-13.5669 , 3.1909 , 0
-13.5699 , 3.18986 , 0
-13.5729 , 3.18883 , 0
-13.5759 , 3.1878 , 0
-13.5789 , 3.18676 , 0
-13.5819 , 3.18573 , 0
-13.5849 , 3.18469 , 0
-13.5879 , 3.18366 , 0
-13.5909 , 3.18262 , 0
-13.5939 , 3.18159 , 0
-13.5969 , 3.18055 , 0
-13.5999 , 3.17951 , 0
-13.6029 , 3.17848 , 0
-13.6059 , 3.17744 , 0
-13.6088 , 3.1764 , 0
-13.6118 , 3.17536 , 0
-13.6148 , 3.17432 , 0
-13.6178 , 3.17328 , 0
-13.6208 , 3.17225 , 0
-13.6237 , 3.17121 , 0
-13.6267 , 3.17017 , 0
-13.6297 , 3.16913 , 0
-13.6327 , 3.16809 , 0
-13.6356 , 3.16705 , 0
-13.6386 , 3.166 , 0
-13.6416 , 3.16496 , 0
-13.6445 , 3.16392 , 0
-13.6475 , 3.16288 , 0
-13.6505 , 3.16184 , 0
-13.6534 , 3.16079 , 0
-13.6564 , 3.15975 , 0
-13.6594 , 3.15871 , 0
-13.6623 , 3.15766 , 0
-13.6653 , 3.15662 , 0
-13.6682 , 3.15557 , 0
-13.6712 , 3.15453 , 0
-13.6741 , 3.15348 , 0
-13.6771 , 3.15244 , 0
-13.68 , 3.15139 , 0
-13.683 , 3.15035 , 0
-13.6859 , 3.1493 , 0
-13.6889 , 3.14825 , 0
-13.6918 , 3.14721 , 0
-13.6948 , 3.14616 , 0
-13.6977 , 3.14511 , 0
-13.7007 , 3.14406 , 0
-13.7036 , 3.14301 , 0
-13.7065 , 3.14197 , 0
-13.7095 , 3.14092 , 0
-13.7124 , 3.13987 , 0
-13.7153 , 3.13882 , 0
-13.7183 , 3.13777 , 0
-13.7212 , 3.13672 , 0
-13.7241 , 3.13567 , 0
-13.7271 , 3.13461 , 0
-13.73 , 3.13356 , 0
-13.7329 , 3.13251 , 0
-13.7358 , 3.13146 , 0
-13.7388 , 3.13041 , 0
-13.7417 , 3.12935 , 0
-13.7446 , 3.1283 , 0
-13.7475 , 3.12725 , 0
-13.7504 , 3.12619 , 0
-13.7533 , 3.12514 , 0
-13.7562 , 3.12408 , 0
-13.7592 , 3.12303 , 0
-13.7621 , 3.12197 , 0
-13.765 , 3.12092 , 0
-13.7679 , 3.11986 , 0
-13.7708 , 3.11881 , 0
-13.7737 , 3.11775 , 0
-13.7766 , 3.11669 , 0
-13.7795 , 3.11564 , 0
-13.7824 , 3.11458 , 0
-13.7853 , 3.11352 , 0
-13.7882 , 3.11246 , 0
-13.7911 , 3.11141 , 0
-13.794 , 3.11035 , 0
-13.7969 , 3.10929 , 0
-13.7998 , 3.10823 , 0
-13.8027 , 3.10717 , 0
-13.8055 , 3.10611 , 0
-13.8084 , 3.10505 , 0
-13.8113 , 3.10399 , 0
-13.8142 , 3.10293 , 0
-13.8171 , 3.10187 , 0
-13.82 , 3.1008 , 0
-13.8228 , 3.09974 , 0
-13.8257 , 3.09868 , 0
-13.8286 , 3.09762 , 0
-13.8315 , 3.09655 , 0
-13.8343 , 3.09549 , 0
-13.8372 , 3.09443 , 0
-13.8401 , 3.09336 , 0
-13.843 , 3.0923 , 0
-13.8458 , 3.09123 , 0
-13.8487 , 3.09017 , 0
-13.8516 , 3.0891 , 0
-13.8544 , 3.08804 , 0
-13.8573 , 3.08697 , 0
-13.8601 , 3.08591 , 0
-13.863 , 3.08484 , 0
-13.8659 , 3.08377 , 0
-13.8687 , 3.08271 , 0
-13.8716 , 3.08164 , 0
-13.8744 , 3.08057 , 0
-13.8773 , 3.0795 , 0
-13.8801 , 3.07844 , 0
-13.883 , 3.07737 , 0
-13.8858 , 3.0763 , 0
-13.8887 , 3.07523 , 0
-13.8915 , 3.07416 , 0
-13.8944 , 3.07309 , 0
-13.8972 , 3.07202 , 0
-13.9 , 3.07095 , 0
-13.9029 , 3.06988 , 0
-13.9057 , 3.06881 , 0
-13.9086 , 3.06774 , 0
-13.9114 , 3.06666 , 0
-13.9142 , 3.06559 , 0
-13.9171 , 3.06452 , 0
-13.9199 , 3.06345 , 0
-13.9227 , 3.06237 , 0
-13.9256 , 3.0613 , 0
-13.9284 , 3.06023 , 0
-13.9312 , 3.05915 , 0
-13.934 , 3.05808 , 0
-13.9369 , 3.057 , 0
-13.9397 , 3.05593 , 0
-13.9425 , 3.05485 , 0
-13.9453 , 3.05378 , 0
-13.9481 , 3.0527 , 0
-13.9509 , 3.05163 , 0
-13.9538 , 3.05055 , 0
-13.9566 , 3.04947 , 0
-13.9594 , 3.0484 , 0
-13.9622 , 3.04732 , 0
-13.965 , 3.04624 , 0
-13.9678 , 3.04516 , 0
-13.9706 , 3.04408 , 0
-13.9734 , 3.04301 , 0
-13.9762 , 3.04193 , 0
-13.979 , 3.04085 , 0
-13.9818 , 3.03977 , 0
-13.9846 , 3.03869 , 0
-13.9874 , 3.03761 , 0
-13.9902 , 3.03653 , 0
-13.993 , 3.03545 , 0
-13.9958 , 3.03437 , 0
-13.9986 , 3.03328 , 0
-14.0014 , 3.0322 , 0
-14.0042 , 3.03112 , 0
-14.007 , 3.03004 , 0
-14.0097 , 3.02896 , 0
-14.0125 , 3.02787 , 0
-14.0153 , 3.02679 , 0
-14.0181 , 3.02571 , 0
-14.0209 , 3.02462 , 0
-14.0237 , 3.02354 , 0
-14.0264 , 3.02245 , 0
-14.0292 , 3.02137 , 0
-14.032 , 3.02029 , 0
-14.0348 , 3.0192 , 0
-14.0375 , 3.01811 , 0
-14.0403 , 3.01703 , 0
-14.0431 , 3.01594 , 0
-14.0458 , 3.01486 , 0
-14.0486 , 3.01377 , 0
-14.0514 , 3.01268 , 0
-14.0541 , 3.01159 , 0
-14.0569 , 3.01051 , 0
-14.0597 , 3.00942 , 0
-14.0624 , 3.00833 , 0
-14.0652 , 3.00724 , 0
-14.0679 , 3.00615 , 0
-14.0707 , 3.00506 , 0
-14.0734 , 3.00397 , 0
-14.0762 , 3.00289 , 0
-14.0789 , 3.0018 , 0
-14.0817 , 3.0007 , 0
-14.0844 , 2.99961 , 0
-14.0872 , 2.99852 , 0
-14.0899 , 2.99743 , 0
-14.0927 , 2.99634 , 0
-14.0954 , 2.99525 , 0
-14.0982 , 2.99416 , 0
-14.1009 , 2.99306 , 0
-14.1036 , 2.99197 , 0
-14.1064 , 2.99088 , 0
-14.1091 , 2.98978 , 0
-14.1118 , 2.98869 , 0
-14.1146 , 2.9876 , 0
-14.1173 , 2.9865 , 0
-14.12 , 2.98541 , 0
-14.1228 , 2.98431 , 0
-14.1255 , 2.98322 , 0
-14.1282 , 2.98212 , 0
-14.1309 , 2.98103 , 0
-14.1337 , 2.97993 , 0
-14.1364 , 2.97884 , 0
-14.1391 , 2.97774 , 0
-14.1418 , 2.97664 , 0
-14.1445 , 2.97555 , 0
-14.1473 , 2.97445 , 0
-14.15 , 2.97335 , 0
-14.1527 , 2.97225 , 0
-14.1554 , 2.97115 , 0
-14.1581 , 2.97006 , 0
-14.1608 , 2.96896 , 0
-14.1635 , 2.96786 , 0
-14.1662 , 2.96676 , 0
-14.1689 , 2.96566 , 0
-14.1717 , 2.96456 , 0
-14.1744 , 2.96346 , 0
-14.1771 , 2.96236 , 0
-14.1798 , 2.96126 , 0
-14.1825 , 2.96016 , 0
-14.1852 , 2.95905 , 0
-14.1878 , 2.95795 , 0
-14.1905 , 2.95685 , 0
-14.1932 , 2.95575 , 0
-14.1959 , 2.95465 , 0
-14.1986 , 2.95354 , 0
-14.2013 , 2.95244 , 0
-14.204 , 2.95134 , 0
-14.2067 , 2.95023 , 0
-14.2094 , 2.94913 , 0
-14.212 , 2.94802 , 0
-14.2147 , 2.94692 , 0
-14.2174 , 2.94581 , 0
-14.2201 , 2.94471 , 0
-14.2228 , 2.9436 , 0
-14.2254 , 2.9425 , 0
-14.2281 , 2.94139 , 0
-14.2308 , 2.94029 , 0
-14.2335 , 2.93918 , 0
-14.2361 , 2.93807 , 0
-14.2388 , 2.93697 , 0
-14.2415 , 2.93586 , 0
-14.2441 , 2.93475 , 0
-14.2468 , 2.93364 , 0
-14.2495 , 2.93253 , 0
-14.2521 , 2.93143 , 0
-14.2548 , 2.93032 , 0
-14.2575 , 2.92921 , 0
-14.2601 , 2.9281 , 0
-14.2628 , 2.92699 , 0
-14.2654 , 2.92588 , 0
-14.2681 , 2.92477 , 0
-14.2707 , 2.92366 , 0
-14.2734 , 2.92255 , 0
-14.276 , 2.92144 , 0
-14.2787 , 2.92033 , 0
-14.2813 , 2.91921 , 0
-14.284 , 2.9181 , 0
-14.2866 , 2.91699 , 0
-14.2893 , 2.91588 , 0
-14.2919 , 2.91476 , 0
-14.2946 , 2.91365 , 0
-14.2972 , 2.91254 , 0
-14.2998 , 2.91143 , 0
-14.3025 , 2.91031 , 0
-14.3051 , 2.9092 , 0
-14.3077 , 2.90808 , 0
-14.3104 , 2.90697 , 0
-14.313 , 2.90585 , 0
-14.3156 , 2.90474 , 0
-14.3183 , 2.90362 , 0
-14.3209 , 2.90251 , 0
-14.3235 , 2.90139 , 0
-14.3261 , 2.90027 , 0
-14.3288 , 2.89916 , 0
-14.3314 , 2.89804 , 0
-14.334 , 2.89692 , 0
-14.3366 , 2.89581 , 0
-14.3392 , 2.89469 , 0
-14.3419 , 2.89357 , 0
-14.3445 , 2.89245 , 0
-14.3471 , 2.89133 , 0
-14.3497 , 2.89022 , 0
-14.3523 , 2.8891 , 0
-14.3549 , 2.88798 , 0
-14.3575 , 2.88686 , 0
-14.3601 , 2.88574 , 0
-14.3628 , 2.88462 , 0
-14.3654 , 2.8835 , 0
-14.368 , 2.88238 , 0
-14.3706 , 2.88126 , 0
-14.3732 , 2.88014 , 0
-14.3758 , 2.87901 , 0
-14.3784 , 2.87789 , 0
-14.381 , 2.87677 , 0
-14.3836 , 2.87565 , 0
-14.3861 , 2.87453 , 0
-14.3887 , 2.8734 , 0
-14.3913 , 2.87228 , 0
-14.3939 , 2.87116 , 0
-14.3965 , 2.87003 , 0
-14.3991 , 2.86891 , 0
-14.4017 , 2.86778 , 0
-14.4043 , 2.86666 , 0
-14.4068 , 2.86554 , 0
-14.4094 , 2.86441 , 0
-14.412 , 2.86329 , 0
-14.4146 , 2.86216 , 0
-14.4172 , 2.86103 , 0
-14.4197 , 2.85991 , 0
-14.4223 , 2.85878 , 0
-14.4249 , 2.85766 , 0
-14.4275 , 2.85653 , 0
-14.43 , 2.8554 , 0
-14.4326 , 2.85427 , 0
-14.4352 , 2.85315 , 0
-14.4377 , 2.85202 , 0
-14.4403 , 2.85089 , 0
-14.4429 , 2.84976 , 0
-14.4454 , 2.84863 , 0
-14.448 , 2.84751 , 0
-14.4506 , 2.84638 , 0
-14.4531 , 2.84525 , 0
-14.4557 , 2.84412 , 0
-14.4582 , 2.84299 , 0
-14.4608 , 2.84186 , 0
-14.4633 , 2.84073 , 0
-14.4659 , 2.8396 , 0
-14.4684 , 2.83846 , 0
-14.471 , 2.83733 , 0
-14.4735 , 2.8362 , 0
-14.4761 , 2.83507 , 0
-14.4786 , 2.83394 , 0
-14.4812 , 2.83281 , 0
-14.4837 , 2.83167 , 0
-14.4863 , 2.83054 , 0
-14.4888 , 2.82941 , 0
-14.4913 , 2.82827 , 0
-14.4939 , 2.82714 , 0
-14.4964 , 2.82601 , 0
-14.499 , 2.82487 , 0
-14.5015 , 2.82374 , 0
-14.504 , 2.8226 , 0
-14.5065 , 2.82147 , 0
-14.5091 , 2.82033 , 0
-14.5116 , 2.8192 , 0
-14.5141 , 2.81806 , 0
-14.5167 , 2.81693 , 0
-14.5192 , 2.81579 , 0
-14.5217 , 2.81465 , 0
-14.5242 , 2.81352 , 0
-14.5268 , 2.81238 , 0
-14.5293 , 2.81124 , 0
-14.5318 , 2.81011 , 0
-14.5343 , 2.80897 , 0
-14.5368 , 2.80783 , 0
-14.5393 , 2.80669 , 0
-14.5418 , 2.80555 , 0
-14.5444 , 2.80441 , 0
-14.5469 , 2.80328 , 0
-14.5494 , 2.80214 , 0
-14.5519 , 2.801 , 0
-14.5544 , 2.79986 , 0
-14.5569 , 2.79872 , 0
-14.5594 , 2.79758 , 0
-14.5619 , 2.79644 , 0
-14.5644 , 2.7953 , 0
-14.5669 , 2.79415 , 0
-14.5694 , 2.79301 , 0
-14.5719 , 2.79187 , 0
-14.5744 , 2.79073 , 0
-14.5769 , 2.78959 , 0
-14.5794 , 2.78845 , 0
-14.5819 , 2.7873 , 0
-14.5844 , 2.78616 , 0
-14.5869 , 2.78502 , 0
-14.5893 , 2.78387 , 0
-14.5918 , 2.78273 , 0
-14.5943 , 2.78159 , 0
-14.5968 , 2.78044 , 0
-14.5993 , 2.7793 , 0
-14.6018 , 2.77815 , 0
-14.6042 , 2.77701 , 0
-14.6067 , 2.77586 , 0
-14.6092 , 2.77472 , 0
-14.6117 , 2.77357 , 0
-14.6141 , 2.77243 , 0
-14.6166 , 2.77128 , 0
-14.6191 , 2.77014 , 0
-14.6216 , 2.76899 , 0
-14.624 , 2.76784 , 0
-14.6265 , 2.7667 , 0
-14.629 , 2.76555 , 0
-14.6314 , 2.7644 , 0
-14.6339 , 2.76325 , 0
-14.6364 , 2.76211 , 0
-14.6388 , 2.76096 , 0
-14.6413 , 2.75981 , 0
-14.6437 , 2.75866 , 0
-14.6462 , 2.75751 , 0
-14.6487 , 2.75636 , 0
-14.6511 , 2.75521 , 0
-14.6536 , 2.75406 , 0
-14.656 , 2.75291 , 0
-14.6585 , 2.75176 , 0
-14.6609 , 2.75061 , 0
-14.6634 , 2.74946 , 0
-14.6658 , 2.74831 , 0
-14.6683 , 2.74716 , 0
-14.6707 , 2.74601 , 0
-14.6731 , 2.74486 , 0
-14.6756 , 2.7437 , 0
-14.678 , 2.74255 , 0
-14.6805 , 2.7414 , 0
-14.6829 , 2.74025 , 0
-14.6853 , 2.73909 , 0
-14.6878 , 2.73794 , 0
-14.6902 , 2.73679 , 0
-14.6926 , 2.73563 , 0
-14.6951 , 2.73448 , 0
-14.6975 , 2.73333 , 0
-14.6999 , 2.73217 , 0
-14.7024 , 2.73102 , 0
-14.7048 , 2.72986 , 0
-14.7072 , 2.72871 , 0
-14.7096 , 2.72755 , 0
-14.7121 , 2.7264 , 0
-14.7145 , 2.72524 , 0
-14.7169 , 2.72408 , 0
-14.7193 , 2.72293 , 0
-14.7217 , 2.72177 , 0
-14.7242 , 2.72062 , 0
-14.7266 , 2.71946 , 0
-14.729 , 2.7183 , 0
-14.7314 , 2.71714 , 0
-14.7338 , 2.71599 , 0
-14.7362 , 2.71483 , 0
-14.7386 , 2.71367 , 0
-14.741 , 2.71251 , 0
-14.7434 , 2.71135 , 0
-14.7458 , 2.71019 , 0
-14.7482 , 2.70904 , 0
-14.7506 , 2.70788 , 0
-14.753 , 2.70672 , 0
-14.7554 , 2.70556 , 0
-14.7578 , 2.7044 , 0
-14.7602 , 2.70324 , 0
-14.7626 , 2.70208 , 0
-14.765 , 2.70091 , 0
-14.7674 , 2.69975 , 0
-14.7698 , 2.69859 , 0
-14.7722 , 2.69743 , 0
-14.7746 , 2.69627 , 0
-14.777 , 2.69511 , 0
-14.7794 , 2.69395 , 0
-14.7817 , 2.69278 , 0
-14.7841 , 2.69162 , 0
-14.7865 , 2.69046 , 0
-14.7889 , 2.68929 , 0
-14.7913 , 2.68813 , 0
-14.7937 , 2.68697 , 0
-14.796 , 2.6858 , 0
-14.7984 , 2.68464 , 0
-14.8008 , 2.68348 , 0
-14.8032 , 2.68231 , 0
-14.8055 , 2.68115 , 0
-14.8079 , 2.67998 , 0
-14.8103 , 2.67882 , 0
-14.8126 , 2.67765 , 0
-14.815 , 2.67648 , 0
-14.8174 , 2.67532 , 0
-14.8197 , 2.67415 , 0
-14.8221 , 2.67299 , 0
-14.8245 , 2.67182 , 0
-14.8268 , 2.67065 , 0
-14.8292 , 2.66949 , 0
-14.8315 , 2.66832 , 0
-14.8339 , 2.66715 , 0
-14.8363 , 2.66598 , 0
-14.8386 , 2.66482 , 0
-14.841 , 2.66365 , 0
-14.8433 , 2.66248 , 0
-14.8457 , 2.66131 , 0
-14.848 , 2.66014 , 0
-14.8504 , 2.65897 , 0
-14.8527 , 2.6578 , 0
-14.8551 , 2.65663 , 0
-14.8574 , 2.65546 , 0
-14.8597 , 2.65429 , 0
-14.8621 , 2.65312 , 0
-14.8644 , 2.65195 , 0
-14.8668 , 2.65078 , 0
-14.8691 , 2.64961 , 0
-14.8714 , 2.64844 , 0
-14.8738 , 2.64727 , 0
-14.8761 , 2.6461 , 0
-14.8784 , 2.64493 , 0
-14.8808 , 2.64375 , 0
-14.8831 , 2.64258 , 0
-14.8854 , 2.64141 , 0
-14.8878 , 2.64024 , 0
-14.8901 , 2.63906 , 0
-14.8924 , 2.63789 , 0
-14.8947 , 2.63672 , 0
-14.8971 , 2.63554 , 0
-14.8994 , 2.63437 , 0
-14.9017 , 2.63319 , 0
-14.904 , 2.63202 , 0
-14.9063 , 2.63085 , 0
-14.9086 , 2.62967 , 0
-14.911 , 2.6285 , 0
-14.9133 , 2.62732 , 0
-14.9156 , 2.62615 , 0
-14.9179 , 2.62497 , 0
-14.9202 , 2.62379 , 0
-14.9225 , 2.62262 , 0
-14.9248 , 2.62144 , 0
-14.9271 , 2.62027 , 0
-14.9294 , 2.61909 , 0
-14.9317 , 2.61791 , 0
-14.934 , 2.61673 , 0
-14.9363 , 2.61556 , 0
-14.9386 , 2.61438 , 0
-14.9409 , 2.6132 , 0
-14.9432 , 2.61202 , 0
-14.9455 , 2.61085 , 0
-14.9478 , 2.60967 , 0
-14.9501 , 2.60849 , 0
-14.9524 , 2.60731 , 0
-14.9547 , 2.60613 , 0
-14.957 , 2.60495 , 0
-14.9593 , 2.60377 , 0
-14.9616 , 2.60259 , 0
-14.9639 , 2.60141 , 0
-14.9661 , 2.60023 , 0
-14.9684 , 2.59905 , 0
-14.9707 , 2.59787 , 0
-14.973 , 2.59669 , 0
-14.9753 , 2.59551 , 0
-14.9775 , 2.59433 , 0
-14.9798 , 2.59314 , 0
-14.9821 , 2.59196 , 0
-14.9844 , 2.59078 , 0
-14.9866 , 2.5896 , 0
-14.9889 , 2.58842 , 0
-14.9912 , 2.58723 , 0
-14.9935 , 2.58605 , 0
-14.9957 , 2.58487 , 0
-14.998 , 2.58368 , 0
-15.0003 , 2.5825 , 0
-15.0025 , 2.58132 , 0
-15.0048 , 2.58013 , 0
-15.0071 , 2.57895 , 0
-15.0093 , 2.57776 , 0
-15.0116 , 2.57658 , 0
-15.0138 , 2.57539 , 0
-15.0161 , 2.57421 , 0
-15.0183 , 2.57302 , 0
-15.0206 , 2.57184 , 0
-15.0229 , 2.57065 , 0
-15.0251 , 2.56947 , 0
-15.0274 , 2.56828 , 0
-15.0296 , 2.56709 , 0
-15.0319 , 2.56591 , 0
-15.0341 , 2.56472 , 0
-15.0363 , 2.56353 , 0
-15.0386 , 2.56235 , 0
-15.0408 , 2.56116 , 0
-15.0431 , 2.55997 , 0
-15.0453 , 2.55878 , 0
-15.0476 , 2.5576 , 0
-15.0498 , 2.55641 , 0
-15.052 , 2.55522 , 0
-15.0543 , 2.55403 , 0
-15.0565 , 2.55284 , 0
-15.0587 , 2.55165 , 0
-15.061 , 2.55046 , 0
-15.0632 , 2.54927 , 0
-15.0654 , 2.54808 , 0
-15.0677 , 2.54689 , 0
-15.0699 , 2.5457 , 0
-15.0721 , 2.54451 , 0
-15.0743 , 2.54332 , 0
-15.0766 , 2.54213 , 0
-15.0788 , 2.54094 , 0
-15.081 , 2.53975 , 0
-15.0832 , 2.53856 , 0
-15.0854 , 2.53737 , 0
-15.0877 , 2.53618 , 0
-15.0899 , 2.53498 , 0
-15.0921 , 2.53379 , 0
-15.0943 , 2.5326 , 0
-15.0965 , 2.53141 , 0
-15.0987 , 2.53021 , 0
-15.1009 , 2.52902 , 0
-15.1031 , 2.52783 , 0
-15.1053 , 2.52663 , 0
-15.1076 , 2.52544 , 0
-15.1098 , 2.52425 , 0
-15.112 , 2.52305 , 0
-15.1142 , 2.52186 , 0
-15.1164 , 2.52066 , 0
-15.1186 , 2.51947 , 0
-15.1208 , 2.51827 , 0
-15.123 , 2.51708 , 0
-15.1252 , 2.51588 , 0
-15.1274 , 2.51469 , 0
-15.1295 , 2.51349 , 0
-15.1317 , 2.5123 , 0
-15.1339 , 2.5111 , 0
-15.1361 , 2.5099 , 0
-15.1383 , 2.50871 , 0
-15.1405 , 2.50751 , 0
-15.1427 , 2.50631 , 0
-15.1449 , 2.50512 , 0
-15.1471 , 2.50392 , 0
-15.1492 , 2.50272 , 0
-15.1514 , 2.50152 , 0
-15.1536 , 2.50033 , 0
-15.1558 , 2.49913 , 0
-15.158 , 2.49793 , 0
-15.1601 , 2.49673 , 0
-15.1623 , 2.49553 , 0
-15.1645 , 2.49433 , 0
-15.1667 , 2.49313 , 0
-15.1688 , 2.49193 , 0
-15.171 , 2.49073 , 0
-15.1732 , 2.48953 , 0
-15.1753 , 2.48833 , 0
-15.1775 , 2.48713 , 0
-15.1797 , 2.48593 , 0
-15.1818 , 2.48473 , 0
-15.184 , 2.48353 , 0
-15.1861 , 2.48233 , 0
-15.1883 , 2.48113 , 0
-15.1905 , 2.47993 , 0
-15.1926 , 2.47873 , 0
-15.1948 , 2.47752 , 0
-15.1969 , 2.47632 , 0
-15.1991 , 2.47512 , 0
-15.2012 , 2.47392 , 0
-15.2034 , 2.47272 , 0
-15.2055 , 2.47151 , 0
-15.2077 , 2.47031 , 0
-15.2098 , 2.46911 , 0
-15.212 , 2.4679 , 0
-15.2141 , 2.4667 , 0
-15.2163 , 2.4655 , 0
-15.2184 , 2.46429 , 0
-15.2206 , 2.46309 , 0
-15.2227 , 2.46188 , 0
-15.2248 , 2.46068 , 0
-15.227 , 2.45947 , 0
-15.2291 , 2.45827 , 0
-15.2313 , 2.45706 , 0
-15.2334 , 2.45586 , 0
-15.2355 , 2.45465 , 0
-15.2377 , 2.45345 , 0
-15.2398 , 2.45224 , 0
-15.2419 , 2.45103 , 0
-15.244 , 2.44983 , 0
-15.2462 , 2.44862 , 0
-15.2483 , 2.44741 , 0
-15.2504 , 2.44621 , 0
-15.2526 , 2.445 , 0
-15.2547 , 2.44379 , 0
-15.2568 , 2.44259 , 0
-15.2589 , 2.44138 , 0
-15.261 , 2.44017 , 0
-15.2632 , 2.43896 , 0
-15.2653 , 2.43775 , 0
-15.2674 , 2.43654 , 0
-15.2695 , 2.43534 , 0
-15.2716 , 2.43413 , 0
-15.2737 , 2.43292 , 0
-15.2758 , 2.43171 , 0
-15.2779 , 2.4305 , 0
-15.28 , 2.42929 , 0
-15.2822 , 2.42808 , 0
-15.2843 , 2.42687 , 0
-15.2864 , 2.42566 , 0
-15.2885 , 2.42445 , 0
-15.2906 , 2.42324 , 0
-15.2927 , 2.42203 , 0
-15.2948 , 2.42082 , 0
-15.2969 , 2.4196 , 0
-15.299 , 2.41839 , 0
-15.3011 , 2.41718 , 0
-15.3032 , 2.41597 , 0
-15.3052 , 2.41476 , 0
-15.3073 , 2.41355 , 0
-15.3094 , 2.41233 , 0
-15.3115 , 2.41112 , 0
-15.3136 , 2.40991 , 0
-15.3157 , 2.40869 , 0
-15.3178 , 2.40748 , 0
-15.3199 , 2.40627 , 0
-15.322 , 2.40505 , 0
-15.324 , 2.40384 , 0
-15.3261 , 2.40263 , 0
-15.3282 , 2.40141 , 0
-15.3303 , 2.4002 , 0
-15.3323 , 2.39898 , 0
-15.3344 , 2.39777 , 0
-15.3365 , 2.39655 , 0
-15.3386 , 2.39534 , 0
-15.3406 , 2.39412 , 0
-15.3427 , 2.39291 , 0
-15.3448 , 2.39169 , 0
-15.3469 , 2.39048 , 0
-15.3489 , 2.38926 , 0
-15.351 , 2.38805 , 0
-15.3531 , 2.38683 , 0
-15.3551 , 2.38561 , 0
-15.3572 , 2.3844 , 0
-15.3592 , 2.38318 , 0
-15.3613 , 2.38196 , 0
-15.3634 , 2.38074 , 0
-15.3654 , 2.37953 , 0
-15.3675 , 2.37831 , 0
-15.3695 , 2.37709 , 0
-15.3716 , 2.37587 , 0
-15.3736 , 2.37466 , 0
-15.3757 , 2.37344 , 0
-15.3777 , 2.37222 , 0
-15.3798 , 2.371 , 0
-15.3818 , 2.36978 , 0
-15.3839 , 2.36856 , 0
-15.3859 , 2.36734 , 0
-15.388 , 2.36612 , 0
-15.39 , 2.3649 , 0
-15.3921 , 2.36368 , 0
-15.3941 , 2.36246 , 0
-15.3962 , 2.36124 , 0
-15.3982 , 2.36002 , 0
-15.4002 , 2.3588 , 0
-15.4023 , 2.35758 , 0
-15.4043 , 2.35636 , 0
-15.4063 , 2.35514 , 0
-15.4084 , 2.35392 , 0
-15.4104 , 2.3527 , 0
-15.4124 , 2.35147 , 0
-15.4145 , 2.35025 , 0
-15.4165 , 2.34903 , 0
-15.4185 , 2.34781 , 0
-15.4205 , 2.34658 , 0
-15.4226 , 2.34536 , 0
-15.4246 , 2.34414 , 0
-15.4266 , 2.34292 , 0
-15.4286 , 2.34169 , 0
-15.4307 , 2.34047 , 0
-15.4327 , 2.33925 , 0
-15.4347 , 2.33802 , 0
-15.4367 , 2.3368 , 0
-15.4387 , 2.33557 , 0
-15.4407 , 2.33435 , 0
-15.4427 , 2.33313 , 0
-15.4448 , 2.3319 , 0
-15.4468 , 2.33068 , 0
-15.4488 , 2.32945 , 0
-15.4508 , 2.32823 , 0
-15.4528 , 2.327 , 0
-15.4548 , 2.32577 , 0
-15.4568 , 2.32455 , 0
-15.4588 , 2.32332 , 0
-15.4608 , 2.3221 , 0
-15.4628 , 2.32087 , 0
-15.4648 , 2.31964 , 0
-15.4668 , 2.31842 , 0
-15.4688 , 2.31719 , 0
-15.4708 , 2.31596 , 0
-15.4728 , 2.31474 , 0
-15.4748 , 2.31351 , 0
-15.4768 , 2.31228 , 0
-15.4788 , 2.31105 , 0
-15.4808 , 2.30983 , 0
-15.4827 , 2.3086 , 0
-15.4847 , 2.30737 , 0
-15.4867 , 2.30614 , 0
-15.4887 , 2.30491 , 0
-15.4907 , 2.30368 , 0
-15.4927 , 2.30246 , 0
-15.4947 , 2.30123 , 0
-15.4966 , 2.3 , 0
-15.4986 , 2.29877 , 0
-15.5006 , 2.29754 , 0
-15.5026 , 2.29631 , 0
-15.5045 , 2.29508 , 0
-15.5065 , 2.29385 , 0
-15.5085 , 2.29262 , 0
-15.5105 , 2.29139 , 0
-15.5124 , 2.29016 , 0
-15.5144 , 2.28893 , 0
-15.5164 , 2.28769 , 0
-15.5183 , 2.28646 , 0
-15.5203 , 2.28523 , 0
-15.5223 , 2.284 , 0
-15.5242 , 2.28277 , 0
-15.5262 , 2.28154 , 0
-15.5282 , 2.2803 , 0
-15.5301 , 2.27907 , 0
-15.5321 , 2.27784 , 0
-15.534 , 2.27661 , 0
-15.536 , 2.27537 , 0
-15.538 , 2.27414 , 0
-15.5399 , 2.27291 , 0
-15.5419 , 2.27168 , 0
-15.5438 , 2.27044 , 0
-15.5458 , 2.26921 , 0
-15.5477 , 2.26797 , 0
-15.5497 , 2.26674 , 0
-15.5516 , 2.26551 , 0
-15.5536 , 2.26427 , 0
-15.5555 , 2.26304 , 0
-15.5574 , 2.2618 , 0
-15.5594 , 2.26057 , 0
-15.5613 , 2.25933 , 0
-15.5633 , 2.2581 , 0
-15.5652 , 2.25686 , 0
-15.5671 , 2.25563 , 0
-15.5691 , 2.25439 , 0
-15.571 , 2.25315 , 0
-15.573 , 2.25192 , 0
-15.5749 , 2.25068 , 0
-15.5768 , 2.24945 , 0
-15.5787 , 2.24821 , 0
-15.5807 , 2.24697 , 0
-15.5826 , 2.24574 , 0
-15.5845 , 2.2445 , 0
-15.5865 , 2.24326 , 0
-15.5884 , 2.24202 , 0
-15.5903 , 2.24079 , 0
-15.5922 , 2.23955 , 0
-15.5942 , 2.23831 , 0
-15.5961 , 2.23707 , 0
-15.598 , 2.23583 , 0
-15.5999 , 2.2346 , 0
-15.6018 , 2.23336 , 0
-15.6037 , 2.23212 , 0
-15.6057 , 2.23088 , 0
-15.6076 , 2.22964 , 0
-15.6095 , 2.2284 , 0
-15.6114 , 2.22716 , 0
-15.6133 , 2.22592 , 0
-15.6152 , 2.22468 , 0
-15.6171 , 2.22344 , 0
-15.619 , 2.2222 , 0
-15.6209 , 2.22096 , 0
-15.6228 , 2.21972 , 0
-15.6247 , 2.21848 , 0
-15.6266 , 2.21724 , 0
-15.6285 , 2.216 , 0
-15.6304 , 2.21476 , 0
-15.6323 , 2.21352 , 0
-15.6342 , 2.21228 , 0
-15.6361 , 2.21103 , 0
-15.638 , 2.20979 , 0
-15.6399 , 2.20855 , 0
-15.6418 , 2.20731 , 0
-15.6437 , 2.20607 , 0
-15.6456 , 2.20482 , 0
-15.6475 , 2.20358 , 0
-15.6494 , 2.20234 , 0
-15.6512 , 2.2011 , 0
-15.6531 , 2.19985 , 0
-15.655 , 2.19861 , 0
-15.6569 , 2.19737 , 0
-15.6588 , 2.19612 , 0
-15.6607 , 2.19488 , 0
-15.6625 , 2.19363 , 0
-15.6644 , 2.19239 , 0
-15.6663 , 2.19115 , 0
-15.6682 , 2.1899 , 0
-15.67 , 2.18866 , 0
-15.6719 , 2.18741 , 0
-15.6738 , 2.18617 , 0
-15.6757 , 2.18492 , 0
-15.6775 , 2.18368 , 0
-15.6794 , 2.18243 , 0
-15.6813 , 2.18119 , 0
-15.6831 , 2.17994 , 0
-15.685 , 2.1787 , 0
-15.6869 , 2.17745 , 0
-15.6887 , 2.1762 , 0
-15.6906 , 2.17496 , 0
-15.6924 , 2.17371 , 0
-15.6943 , 2.17246 , 0
-15.6962 , 2.17122 , 0
-15.698 , 2.16997 , 0
-15.6999 , 2.16872 , 0
-15.7017 , 2.16748 , 0
-15.7036 , 2.16623 , 0
-15.7054 , 2.16498 , 0
-15.7073 , 2.16373 , 0
-15.7091 , 2.16248 , 0
-15.711 , 2.16124 , 0
-15.7128 , 2.15999 , 0
-15.7147 , 2.15874 , 0
-15.7165 , 2.15749 , 0
-15.7184 , 2.15624 , 0
-15.7202 , 2.15499 , 0
-15.7221 , 2.15374 , 0
-15.7239 , 2.1525 , 0
-15.7257 , 2.15125 , 0
-15.7276 , 2.15 , 0
-15.7294 , 2.14875 , 0
-15.7313 , 2.1475 , 0
-15.7331 , 2.14625 , 0
-15.7349 , 2.145 , 0
-15.7368 , 2.14375 , 0
-15.7386 , 2.1425 , 0
-15.7404 , 2.14125 , 0
-15.7422 , 2.13999 , 0
-15.7441 , 2.13874 , 0
-15.7459 , 2.13749 , 0
-15.7477 , 2.13624 , 0
-15.7495 , 2.13499 , 0
-15.7514 , 2.13374 , 0
-15.7532 , 2.13249 , 0
-15.755 , 2.13123 , 0
-15.7568 , 2.12998 , 0
-15.7587 , 2.12873 , 0
-15.7605 , 2.12748 , 0
-15.7623 , 2.12623 , 0
-15.7641 , 2.12497 , 0
-15.7659 , 2.12372 , 0
-15.7677 , 2.12247 , 0
-15.7695 , 2.12121 , 0
-15.7714 , 2.11996 , 0
-15.7732 , 2.11871 , 0
-15.775 , 2.11745 , 0
-15.7768 , 2.1162 , 0
-15.7786 , 2.11495 , 0
-15.7804 , 2.11369 , 0
-15.7822 , 2.11244 , 0
-15.784 , 2.11118 , 0
-15.7858 , 2.10993 , 0
-15.7876 , 2.10867 , 0
-15.7894 , 2.10742 , 0
-15.7912 , 2.10616 , 0
-15.793 , 2.10491 , 0
-15.7948 , 2.10365 , 0
-15.7966 , 2.1024 , 0
-15.7984 , 2.10114 , 0
-15.8002 , 2.09989 , 0
-15.802 , 2.09863 , 0
-15.8038 , 2.09737 , 0
-15.8055 , 2.09612 , 0
-15.8073 , 2.09486 , 0
-15.8091 , 2.09361 , 0
-15.8109 , 2.09235 , 0
-15.8127 , 2.09109 , 0
-15.8145 , 2.08984 , 0
-15.8162 , 2.08858 , 0
-15.818 , 2.08732 , 0
-15.8198 , 2.08606 , 0
-15.8216 , 2.08481 , 0
-15.8234 , 2.08355 , 0
-15.8251 , 2.08229 , 0
-15.8269 , 2.08103 , 0
-15.8287 , 2.07977 , 0
-15.8305 , 2.07852 , 0
-15.8322 , 2.07726 , 0
-15.834 , 2.076 , 0
-15.8358 , 2.07474 , 0
-15.8375 , 2.07348 , 0
-15.8393 , 2.07222 , 0
-15.8411 , 2.07096 , 0
-15.8428 , 2.0697 , 0
-15.8446 , 2.06844 , 0
-15.8464 , 2.06718 , 0
-15.8481 , 2.06592 , 0
-15.8499 , 2.06466 , 0
-15.8516 , 2.0634 , 0
-15.8534 , 2.06214 , 0
-15.8552 , 2.06088 , 0
-15.8569 , 2.05962 , 0
-15.8587 , 2.05836 , 0
-15.8604 , 2.0571 , 0
-15.8622 , 2.05584 , 0
-15.8639 , 2.05458 , 0
-15.8657 , 2.05332 , 0
-15.8674 , 2.05206 , 0
-15.8692 , 2.05079 , 0
-15.8709 , 2.04953 , 0
-15.8727 , 2.04827 , 0
-15.8744 , 2.04701 , 0
-15.8762 , 2.04575 , 0
-15.8779 , 2.04448 , 0
-15.8796 , 2.04322 , 0
-15.8814 , 2.04196 , 0
-15.8831 , 2.0407 , 0
-15.8849 , 2.03943 , 0
-15.8866 , 2.03817 , 0
-15.8883 , 2.03691 , 0
-15.8901 , 2.03564 , 0
-15.8918 , 2.03438 , 0
-15.8935 , 2.03312 , 0
-15.8953 , 2.03185 , 0
-15.897 , 2.03059 , 0
-15.8987 , 2.02932 , 0
-15.9004 , 2.02806 , 0
-15.9022 , 2.0268 , 0
-15.9039 , 2.02553 , 0
-15.9056 , 2.02427 , 0
-15.9073 , 2.023 , 0
-15.9091 , 2.02174 , 0
-15.9108 , 2.02047 , 0
-15.9125 , 2.01921 , 0
-15.9142 , 2.01794 , 0
-15.9159 , 2.01668 , 0
-15.9176 , 2.01541 , 0
-15.9194 , 2.01414 , 0
-15.9211 , 2.01288 , 0
-15.9228 , 2.01161 , 0
-15.9245 , 2.01035 , 0
-15.9262 , 2.00908 , 0
-15.9279 , 2.00781 , 0
-15.9296 , 2.00655 , 0
-15.9313 , 2.00528 , 0
-15.933 , 2.00401 , 0
-15.9347 , 2.00274 , 0
-15.9364 , 2.00148 , 0
-15.9381 , 2.00021 , 0
-15.9398 , 1.99894 , 0
-15.9415 , 1.99768 , 0
-15.9432 , 1.99641 , 0
-15.9449 , 1.99514 , 0
-15.9466 , 1.99387 , 0
-15.9483 , 1.9926 , 0
-15.95 , 1.99133 , 0
-15.9517 , 1.99007 , 0
-15.9534 , 1.9888 , 0
-15.9551 , 1.98753 , 0
-15.9568 , 1.98626 , 0
-15.9585 , 1.98499 , 0
-15.9602 , 1.98372 , 0
-15.9619 , 1.98245 , 0
-15.9635 , 1.98118 , 0
-15.9652 , 1.97991 , 0
-15.9669 , 1.97864 , 0
-15.9686 , 1.97737 , 0
-15.9703 , 1.9761 , 0
-15.972 , 1.97483 , 0
-15.9736 , 1.97356 , 0
-15.9753 , 1.97229 , 0
-15.977 , 1.97102 , 0
-15.9787 , 1.96975 , 0
-15.9803 , 1.96848 , 0
-15.982 , 1.96721 , 0
-15.9837 , 1.96594 , 0
-15.9853 , 1.96467 , 0
-15.987 , 1.96339 , 0
-15.9887 , 1.96212 , 0
-15.9904 , 1.96085 , 0
-15.992 , 1.95958 , 0
-15.9937 , 1.95831 , 0
-15.9953 , 1.95703 , 0
-15.997 , 1.95576 , 0
-15.9987 , 1.95449 , 0
-16.0003 , 1.95322 , 0
-16.002 , 1.95194 , 0
-16.0036 , 1.95067 , 0
-16.0053 , 1.9494 , 0
-16.007 , 1.94813 , 0
-16.0086 , 1.94685 , 0
-16.0103 , 1.94558 , 0
-16.0119 , 1.94431 , 0
-16.0136 , 1.94303 , 0
-16.0152 , 1.94176 , 0
-16.0169 , 1.94048 , 0
-16.0185 , 1.93921 , 0
-16.0202 , 1.93794 , 0
-16.0218 , 1.93666 , 0
-16.0235 , 1.93539 , 0
-16.0251 , 1.93411 , 0
-16.0267 , 1.93284 , 0
-16.0284 , 1.93156 , 0
-16.03 , 1.93029 , 0
-16.0317 , 1.92901 , 0
-16.0333 , 1.92774 , 0
-16.0349 , 1.92646 , 0
-16.0366 , 1.92519 , 0
-16.0382 , 1.92391 , 0
-16.0398 , 1.92263 , 0
-16.0415 , 1.92136 , 0
-16.0431 , 1.92008 , 0
-16.0447 , 1.91881 , 0
-16.0464 , 1.91753 , 0
-16.048 , 1.91625 , 0
-16.0496 , 1.91498 , 0
-16.0512 , 1.9137 , 0
-16.0529 , 1.91242 , 0
-16.0545 , 1.91115 , 0
-16.0561 , 1.90987 , 0
-16.0577 , 1.90859 , 0
-16.0594 , 1.90731 , 0
-16.061 , 1.90604 , 0
-16.0626 , 1.90476 , 0
-16.0642 , 1.90348 , 0
-16.0658 , 1.9022 , 0
-16.0674 , 1.90092 , 0
-16.0691 , 1.89965 , 0
-16.0707 , 1.89837 , 0
-16.0723 , 1.89709 , 0
-16.0739 , 1.89581 , 0
-16.0755 , 1.89453 , 0
-16.0771 , 1.89325 , 0
-16.0787 , 1.89197 , 0
-16.0803 , 1.89069 , 0
-16.0819 , 1.88941 , 0
-16.0835 , 1.88814 , 0
-16.0851 , 1.88686 , 0
-16.0867 , 1.88558 , 0
-16.0883 , 1.8843 , 0
-16.0899 , 1.88302 , 0
-16.0915 , 1.88174 , 0
-16.0931 , 1.88046 , 0
-16.0947 , 1.87918 , 0
-16.0963 , 1.8779 , 0
-16.0979 , 1.87661 , 0
-16.0995 , 1.87533 , 0
-16.1011 , 1.87405 , 0
-16.1027 , 1.87277 , 0
-16.1043 , 1.87149 , 0
-16.1058 , 1.87021 , 0
-16.1074 , 1.86893 , 0
-16.109 , 1.86765 , 0
-16.1106 , 1.86637 , 0
-16.1122 , 1.86508 , 0
-16.1138 , 1.8638 , 0
-16.1153 , 1.86252 , 0
-16.1169 , 1.86124 , 0
-16.1185 , 1.85995 , 0
-16.1201 , 1.85867 , 0
-16.1217 , 1.85739 , 0
-16.1232 , 1.85611 , 0
-16.1248 , 1.85482 , 0
-16.1264 , 1.85354 , 0
-16.128 , 1.85226 , 0
-16.1295 , 1.85098 , 0
-16.1311 , 1.84969 , 0
-16.1327 , 1.84841 , 0
-16.1342 , 1.84712 , 0
-16.1358 , 1.84584 , 0
-16.1374 , 1.84456 , 0
-16.1389 , 1.84327 , 0
-16.1405 , 1.84199 , 0
-16.1421 , 1.84071 , 0
-16.1436 , 1.83942 , 0
-16.1452 , 1.83814 , 0
-16.1467 , 1.83685 , 0
-16.1483 , 1.83557 , 0
-16.1498 , 1.83428 , 0
-16.1514 , 1.833 , 0
-16.153 , 1.83171 , 0
-16.1545 , 1.83043 , 0
-16.1561 , 1.82914 , 0
-16.1576 , 1.82786 , 0
-16.1592 , 1.82657 , 0
-16.1607 , 1.82528 , 0
-16.1623 , 1.824 , 0
-16.1638 , 1.82271 , 0
-16.1653 , 1.82143 , 0
-16.1669 , 1.82014 , 0
-16.1684 , 1.81885 , 0
-16.17 , 1.81757 , 0
-16.1715 , 1.81628 , 0
-16.1731 , 1.81499 , 0
-16.1746 , 1.81371 , 0
-16.1761 , 1.81242 , 0
-16.1777 , 1.81113 , 0
-16.1792 , 1.80985 , 0
-16.1807 , 1.80856 , 0
-16.1823 , 1.80727 , 0
-16.1838 , 1.80598 , 0
-16.1853 , 1.8047 , 0
-16.1869 , 1.80341 , 0
-16.1884 , 1.80212 , 0
-16.1899 , 1.80083 , 0
-16.1915 , 1.79954 , 0
-16.193 , 1.79826 , 0
-16.1945 , 1.79697 , 0
-16.196 , 1.79568 , 0
-16.1975 , 1.79439 , 0
-16.1991 , 1.7931 , 0
-16.2006 , 1.79181 , 0
-16.2021 , 1.79052 , 0
-16.2036 , 1.78923 , 0
-16.2051 , 1.78795 , 0
-16.2067 , 1.78666 , 0
-16.2082 , 1.78537 , 0
-16.2097 , 1.78408 , 0
-16.2112 , 1.78279 , 0
-16.2127 , 1.7815 , 0
-16.2142 , 1.78021 , 0
-16.2157 , 1.77892 , 0
-16.2172 , 1.77763 , 0
-16.2187 , 1.77634 , 0
-16.2202 , 1.77505 , 0
-16.2218 , 1.77375 , 0
-16.2233 , 1.77246 , 0
-16.2248 , 1.77117 , 0
-16.2263 , 1.76988 , 0
-16.2278 , 1.76859 , 0
-16.2293 , 1.7673 , 0
-16.2308 , 1.76601 , 0
-16.2323 , 1.76472 , 0
-16.2337 , 1.76343 , 0
-16.2352 , 1.76213 , 0
-16.2367 , 1.76084 , 0
-16.2382 , 1.75955 , 0
-16.2397 , 1.75826 , 0
-16.2412 , 1.75697 , 0
-16.2427 , 1.75567 , 0
-16.2442 , 1.75438 , 0
-16.2457 , 1.75309 , 0
-16.2472 , 1.7518 , 0
-16.2486 , 1.7505 , 0
-16.2501 , 1.74921 , 0
-16.2516 , 1.74792 , 0
-16.2531 , 1.74662 , 0
-16.2546 , 1.74533 , 0
-16.2561 , 1.74404 , 0
-16.2575 , 1.74274 , 0
-16.259 , 1.74145 , 0
-16.2605 , 1.74016 , 0
-16.262 , 1.73886 , 0
-16.2634 , 1.73757 , 0
-16.2649 , 1.73628 , 0
-16.2664 , 1.73498 , 0
-16.2678 , 1.73369 , 0
-16.2693 , 1.73239 , 0
-16.2708 , 1.7311 , 0
-16.2723 , 1.7298 , 0
-16.2737 , 1.72851 , 0
-16.2752 , 1.72721 , 0
-16.2766 , 1.72592 , 0
-16.2781 , 1.72462 , 0
-16.2796 , 1.72333 , 0
-16.281 , 1.72203 , 0
-16.2825 , 1.72074 , 0
-16.284 , 1.71944 , 0
-16.2854 , 1.71815 , 0
-16.2869 , 1.71685 , 0
-16.2883 , 1.71555 , 0
-16.2898 , 1.71426 , 0
-16.2912 , 1.71296 , 0
-16.2927 , 1.71167 , 0
-16.2941 , 1.71037 , 0
-16.2956 , 1.70907 , 0
-16.297 , 1.70778 , 0
-16.2985 , 1.70648 , 0
-16.2999 , 1.70518 , 0
-16.3014 , 1.70389 , 0
-16.3028 , 1.70259 , 0
-16.3043 , 1.70129 , 0
-16.3057 , 1.69999 , 0
-16.3071 , 1.6987 , 0
-16.3086 , 1.6974 , 0
-16.31 , 1.6961 , 0
-16.3115 , 1.6948 , 0
-16.3129 , 1.69351 , 0
-16.3143 , 1.69221 , 0
-16.3158 , 1.69091 , 0
-16.3172 , 1.68961 , 0
-16.3186 , 1.68831 , 0
-16.3201 , 1.68701 , 0
-16.3215 , 1.68572 , 0
-16.3229 , 1.68442 , 0
-16.3243 , 1.68312 , 0
-16.3258 , 1.68182 , 0
-16.3272 , 1.68052 , 0
-16.3286 , 1.67922 , 0
-16.33 , 1.67792 , 0
-16.3315 , 1.67662 , 0
-16.3329 , 1.67532 , 0
-16.3343 , 1.67402 , 0
-16.3357 , 1.67272 , 0
-16.3371 , 1.67143 , 0
-16.3386 , 1.67013 , 0
