x , y , z
0 , 0 , 0
2.24766e-008 , 0 , 0
-1.11188e+009 , 1.43454e-010 , 0
-2.22377e+009 , 2.86908e-010 , 0
-3.33565e+009 , 4.30361e-010 , 0
-4.44754e+009 , 5.73815e-010 , 0
-5.55942e+009 , 7.17269e-010 , 0
-6.67131e+009 , 8.60723e-010 , 0
-7.78319e+009 , 1.00418e-009 , 0
-8.89508e+009 , 1.14763e-009 , 0
-1.0007e+010 , 1.29108e-009 , 0
-1.11188e+010 , 1.43454e-009 , 0
-1.22307e+010 , 1.57799e-009 , 0
-1.33426e+010 , 1.72145e-009 , 0
-1.44545e+010 , 1.8649e-009 , 0
-1.55664e+010 , 2.00835e-009 , 0
-1.66783e+010 , 2.15181e-009 , 0
-1.77902e+010 , 2.29526e-009 , 0
-1.8902e+010 , 2.43871e-009 , 0
-2.00139e+010 , 2.58217e-009 , 0
-2.11258e+010 , 2.72562e-009 , 0
-2.22377e+010 , 2.86908e-009 , 0
-2.33496e+010 , 3.01253e-009 , 0
-2.44615e+010 , 3.15598e-009 , 0
-2.55733e+010 , 3.29944e-009 , 0
-2.66852e+010 , 3.44289e-009 , 0
-2.77971e+010 , 3.58634e-009 , 0
-2.8909e+010 , 3.7298e-009 , 0
-3.00209e+010 , 3.87325e-009 , 0
-3.11328e+010 , 4.01671e-009 , 0
-3.22447e+010 , 4.16016e-009 , 0
-3.33565e+010 , 4.30361e-009 , 0
-3.44684e+010 , 4.44707e-009 , 0
-3.55803e+010 , 4.59052e-009 , 0
-3.66922e+010 , 4.73397e-009 , 0
-3.78041e+010 , 4.87743e-009 , 0
-3.8916e+010 , 5.02088e-009 , 0
-4.00278e+010 , 5.16434e-009 , 0
-4.11397e+010 , 5.30779e-009 , 0
-4.22516e+010 , 5.45124e-009 , 0
-4.33635e+010 , 5.5947e-009 , 0
-4.44754e+010 , 5.73815e-009 , 0
-4.55873e+010 , 5.8816e-009 , 0
-4.66992e+010 , 6.02506e-009 , 0
-4.7811e+010 , 6.16851e-009 , 0
-4.89229e+010 , 6.31197e-009 , 0
-5.00348e+010 , 6.45542e-009 , 0
-5.11467e+010 , 6.59887e-009 , 0
-5.22586e+010 , 6.74233e-009 , 0
-5.33705e+010 , 6.88578e-009 , 0
-5.44823e+010 , 7.02923e-009 , 0
-5.55942e+010 , 7.17269e-009 , 0
-5.67061e+010 , 7.31614e-009 , 0
-5.7818e+010 , 7.4596e-009 , 0
-5.89299e+010 , 7.60305e-009 , 0
-6.00418e+010 , 7.7465e-009 , 0
-6.11537e+010 , 7.88996e-009 , 0
-6.22655e+010 , 8.03341e-009 , 0
-6.33774e+010 , 8.17686e-009 , 0
-6.44893e+010 , 8.32032e-009 , 0
-6.56012e+010 , 8.46377e-009 , 0
-6.67131e+010 , 8.60723e-009 , 0
-6.7825e+010 , 8.75068e-009 , 0
-6.89368e+010 , 8.89413e-009 , 0
-7.00487e+010 , 9.03759e-009 , 0
-7.11606e+010 , 9.18104e-009 , 0
-7.22725e+010 , 9.32449e-009 , 0
-7.33844e+010 , 9.46795e-009 , 0
-7.44963e+010 , 9.6114e-009 , 0
-7.56082e+010 , 9.75486e-009 , 0
-7.672e+010 , 9.89831e-009 , 0
-7.78319e+010 , 1.00418e-008 , 0
-7.89438e+010 , 1.01852e-008 , 0
-8.00557e+010 , 1.03287e-008 , 0
-8.11676e+010 , 1.04721e-008 , 0
-8.22795e+010 , 1.06156e-008 , 0
-8.33913e+010 , 1.0759e-008 , 0
-8.45032e+010 , 1.09025e-008 , 0
-8.56151e+010 , 1.10459e-008 , 0
-8.6727e+010 , 1.11894e-008 , 0
-8.78389e+010 , 1.13328e-008 , 0
-8.89508e+010 , 1.14763e-008 , 0
-9.00627e+010 , 1.16198e-008 , 0
-9.11745e+010 , 1.17632e-008 , 0
-9.22864e+010 , 1.19067e-008 , 0
-9.33983e+010 , 1.20501e-008 , 0
-9.45102e+010 , 1.21936e-008 , 0
-9.56221e+010 , 1.2337e-008 , 0
-9.6734e+010 , 1.24805e-008 , 0
-9.78459e+010 , 1.26239e-008 , 0
-9.89577e+010 , 1.27674e-008 , 0
-1.0007e+011 , 1.29108e-008 , 0
-1.01182e+011 , 1.30543e-008 , 0
-1.02293e+011 , 1.31977e-008 , 0
-1.03405e+011 , 1.33412e-008 , 0
-1.04517e+011 , 1.34847e-008 , 0
-1.05629e+011 , 1.36281e-008 , 0
-1.06741e+011 , 1.37716e-008 , 0
-1.07853e+011 , 1.3915e-008 , 0
-1.08965e+011 , 1.40585e-008 , 0
-1.10077e+011 , 1.42019e-008 , 0
-1.11188e+011 , 1.43454e-008 , 0
-1.123e+011 , 1.44888e-008 , 0
-1.13412e+011 , 1.46323e-008 , 0
-1.14524e+011 , 1.47757e-008 , 0
-1.15636e+011 , 1.49192e-008 , 0
-1.16748e+011 , 1.50626e-008 , 0
-1.1786e+011 , 1.52061e-008 , 0
-1.18972e+011 , 1.53496e-008 , 0
-1.20084e+011 , 1.5493e-008 , 0
-1.21195e+011 , 1.56365e-008 , 0
-1.22307e+011 , 1.57799e-008 , 0
-1.23419e+011 , 1.59234e-008 , 0
-1.24531e+011 , 1.60668e-008 , 0
-1.25643e+011 , 1.62103e-008 , 0
-1.26755e+011 , 1.63537e-008 , 0
-1.27867e+011 , 1.64972e-008 , 0
-1.28979e+011 , 1.66406e-008 , 0
-1.30091e+011 , 1.67841e-008 , 0
-1.31202e+011 , 1.69275e-008 , 0
-1.32314e+011 , 1.7071e-008 , 0
-1.33426e+011 , 1.72145e-008 , 0
-1.34538e+011 , 1.73579e-008 , 0
-1.3565e+011 , 1.75014e-008 , 0
-1.36762e+011 , 1.76448e-008 , 0
-1.37874e+011 , 1.77883e-008 , 0
-1.38986e+011 , 1.79317e-008 , 0
-1.40097e+011 , 1.80752e-008 , 0
-1.41209e+011 , 1.82186e-008 , 0
-1.42321e+011 , 1.83621e-008 , 0
-1.43433e+011 , 1.85055e-008 , 0
-1.44545e+011 , 1.8649e-008 , 0
-1.45657e+011 , 1.87924e-008 , 0
-1.46769e+011 , 1.89359e-008 , 0
-1.47881e+011 , 1.90794e-008 , 0
-1.48993e+011 , 1.92228e-008 , 0
-1.50104e+011 , 1.93663e-008 , 0
-1.51216e+011 , 1.95097e-008 , 0
-1.52328e+011 , 1.96532e-008 , 0
-1.5344e+011 , 1.97966e-008 , 0
-1.54552e+011 , 1.99401e-008 , 0
-1.55664e+011 , 2.00835e-008 , 0
-1.56776e+011 , 2.0227e-008 , 0
-1.57888e+011 , 2.03704e-008 , 0
-1.59e+011 , 2.05139e-008 , 0
-1.60111e+011 , 2.06573e-008 , 0
-1.61223e+011 , 2.08008e-008 , 0
-1.62335e+011 , 2.09442e-008 , 0
-1.63447e+011 , 2.10877e-008 , 0
-1.64559e+011 , 2.12312e-008 , 0
-1.65671e+011 , 2.13746e-008 , 0
-1.66783e+011 , 2.15181e-008 , 0
-1.67895e+011 , 2.16615e-008 , 0
-1.69006e+011 , 2.1805e-008 , 0
-1.70118e+011 , 2.19484e-008 , 0
-1.7123e+011 , 2.20919e-008 , 0
-1.72342e+011 , 2.22353e-008 , 0
-1.73454e+011 , 2.23788e-008 , 0
-1.74566e+011 , 2.25222e-008 , 0
-1.75678e+011 , 2.26657e-008 , 0
-1.7679e+011 , 2.28091e-008 , 0
-1.77902e+011 , 2.29526e-008 , 0
-1.79013e+011 , 2.30961e-008 , 0
-1.80125e+011 , 2.32395e-008 , 0
-1.81237e+011 , 2.3383e-008 , 0
-1.82349e+011 , 2.35264e-008 , 0
-1.83461e+011 , 2.36699e-008 , 0
-1.84573e+011 , 2.38133e-008 , 0
-1.85685e+011 , 2.39568e-008 , 0
-1.86797e+011 , 2.41002e-008 , 0
-1.87909e+011 , 2.42437e-008 , 0
-1.8902e+011 , 2.43871e-008 , 0
-1.90132e+011 , 2.45306e-008 , 0
-1.91244e+011 , 2.4674e-008 , 0
-1.92356e+011 , 2.48175e-008 , 0
-1.93468e+011 , 2.4961e-008 , 0
-1.9458e+011 , 2.51044e-008 , 0
-1.95692e+011 , 2.52479e-008 , 0
-1.96804e+011 , 2.53913e-008 , 0
-1.97915e+011 , 2.55348e-008 , 0
-1.99027e+011 , 2.56782e-008 , 0
-2.00139e+011 , 2.58217e-008 , 0
-2.01251e+011 , 2.59651e-008 , 0
-2.02363e+011 , 2.61086e-008 , 0
-2.03475e+011 , 2.6252e-008 , 0
-2.04587e+011 , 2.63955e-008 , 0
-2.05699e+011 , 2.65389e-008 , 0
-2.06811e+011 , 2.66824e-008 , 0
-2.07922e+011 , 2.68259e-008 , 0
-2.09034e+011 , 2.69693e-008 , 0
-2.10146e+011 , 2.71128e-008 , 0
-2.11258e+011 , 2.72562e-008 , 0
-2.1237e+011 , 2.73997e-008 , 0
-2.13482e+011 , 2.75431e-008 , 0
-2.14594e+011 , 2.76866e-008 , 0
-2.15706e+011 , 2.783e-008 , 0
-2.16818e+011 , 2.79735e-008 , 0
-2.17929e+011 , 2.81169e-008 , 0
-2.19041e+011 , 2.82604e-008 , 0
-2.20153e+011 , 2.84038e-008 , 0
-2.21265e+011 , 2.85473e-008 , 0
-2.22377e+011 , 2.86908e-008 , 0
-2.23489e+011 , 2.88342e-008 , 0
-2.24601e+011 , 2.89777e-008 , 0
-2.25713e+011 , 2.91211e-008 , 0
-2.26824e+011 , 2.92646e-008 , 0
-2.27936e+011 , 2.9408e-008 , 0
-2.29048e+011 , 2.95515e-008 , 0
-2.3016e+011 , 2.96949e-008 , 0
-2.31272e+011 , 2.98384e-008 , 0
-2.32384e+011 , 2.99818e-008 , 0
-2.33496e+011 , 3.01253e-008 , 0
-2.34608e+011 , 3.02687e-008 , 0
-2.3572e+011 , 3.04122e-008 , 0
-2.36831e+011 , 3.05557e-008 , 0
-2.37943e+011 , 3.06991e-008 , 0
-2.39055e+011 , 3.08426e-008 , 0
-2.40167e+011 , 3.0986e-008 , 0
-2.41279e+011 , 3.11295e-008 , 0
-2.42391e+011 , 3.12729e-008 , 0
-2.43503e+011 , 3.14164e-008 , 0
-2.44615e+011 , 3.15598e-008 , 0
-2.45727e+011 , 3.17033e-008 , 0
-2.46838e+011 , 3.18467e-008 , 0
-2.4795e+011 , 3.19902e-008 , 0
-2.49062e+011 , 3.21336e-008 , 0
-2.50174e+011 , 3.22771e-008 , 0
-2.51286e+011 , 3.24206e-008 , 0
-2.52398e+011 , 3.2564e-008 , 0
-2.5351e+011 , 3.27075e-008 , 0
-2.54622e+011 , 3.28509e-008 , 0
-2.55733e+011 , 3.29944e-008 , 0
-2.56845e+011 , 3.31378e-008 , 0
-2.57957e+011 , 3.32813e-008 , 0
-2.59069e+011 , 3.34247e-008 , 0
-2.60181e+011 , 3.35682e-008 , 0
-2.61293e+011 , 3.37116e-008 , 0
-2.62405e+011 , 3.38551e-008 , 0
-2.63517e+011 , 3.39985e-008 , 0
-2.64629e+011 , 3.4142e-008 , 0
-2.6574e+011 , 3.42854e-008 , 0
-2.66852e+011 , 3.44289e-008 , 0
-2.67964e+011 , 3.45724e-008 , 0
-2.69076e+011 , 3.47158e-008 , 0
-2.70188e+011 , 3.48593e-008 , 0
-2.713e+011 , 3.50027e-008 , 0
-2.72412e+011 , 3.51462e-008 , 0
-2.73524e+011 , 3.52896e-008 , 0
-2.74636e+011 , 3.54331e-008 , 0
-2.75747e+011 , 3.55765e-008 , 0
-2.76859e+011 , 3.572e-008 , 0
-2.77971e+011 , 3.58634e-008 , 0
-2.79083e+011 , 3.60069e-008 , 0
-2.80195e+011 , 3.61503e-008 , 0
-2.81307e+011 , 3.62938e-008 , 0
-2.82419e+011 , 3.64373e-008 , 0
-2.83531e+011 , 3.65807e-008 , 0
-2.84642e+011 , 3.67242e-008 , 0
-2.85754e+011 , 3.68676e-008 , 0
-2.86866e+011 , 3.70111e-008 , 0
-2.87978e+011 , 3.71545e-008 , 0
-2.8909e+011 , 3.7298e-008 , 0
-2.90202e+011 , 3.74414e-008 , 0
-2.91314e+011 , 3.75849e-008 , 0
-2.92426e+011 , 3.77283e-008 , 0
-2.93538e+011 , 3.78718e-008 , 0
-2.94649e+011 , 3.80152e-008 , 0
-2.95761e+011 , 3.81587e-008 , 0
-2.96873e+011 , 3.83022e-008 , 0
-2.97985e+011 , 3.84456e-008 , 0
-2.99097e+011 , 3.85891e-008 , 0
-3.00209e+011 , 3.87325e-008 , 0
-3.01321e+011 , 3.8876e-008 , 0
-3.02433e+011 , 3.90194e-008 , 0
-3.03545e+011 , 3.91629e-008 , 0
-3.04656e+011 , 3.93063e-008 , 0
-3.05768e+011 , 3.94498e-008 , 0
-3.0688e+011 , 3.95932e-008 , 0
-3.07992e+011 , 3.97367e-008 , 0
-3.09104e+011 , 3.98801e-008 , 0
-3.10216e+011 , 4.00236e-008 , 0
-3.11328e+011 , 4.01671e-008 , 0
-3.1244e+011 , 4.03105e-008 , 0
-3.13551e+011 , 4.0454e-008 , 0
-3.14663e+011 , 4.05974e-008 , 0
-3.15775e+011 , 4.07409e-008 , 0
-3.16887e+011 , 4.08843e-008 , 0
-3.17999e+011 , 4.10278e-008 , 0
-3.19111e+011 , 4.11712e-008 , 0
-3.20223e+011 , 4.13147e-008 , 0
-3.21335e+011 , 4.14581e-008 , 0
-3.22447e+011 , 4.16016e-008 , 0
-3.23558e+011 , 4.1745e-008 , 0
-3.2467e+011 , 4.18885e-008 , 0
-3.25782e+011 , 4.2032e-008 , 0
-3.26894e+011 , 4.21754e-008 , 0
-3.28006e+011 , 4.23189e-008 , 0
-3.29118e+011 , 4.24623e-008 , 0
-3.3023e+011 , 4.26058e-008 , 0
-3.31342e+011 , 4.27492e-008 , 0
-3.32454e+011 , 4.28927e-008 , 0
-3.33565e+011 , 4.30361e-008 , 0
-3.34677e+011 , 4.31796e-008 , 0
-3.35789e+011 , 4.3323e-008 , 0
-3.36901e+011 , 4.34665e-008 , 0
-3.38013e+011 , 4.36099e-008 , 0
-3.39125e+011 , 4.37534e-008 , 0
-3.40237e+011 , 4.38969e-008 , 0
-3.41349e+011 , 4.40403e-008 , 0
-3.4246e+011 , 4.41838e-008 , 0
-3.43572e+011 , 4.43272e-008 , 0
-3.44684e+011 , 4.44707e-008 , 0
-3.45796e+011 , 4.46141e-008 , 0
-3.46908e+011 , 4.47576e-008 , 0
-3.4802e+011 , 4.4901e-008 , 0
-3.49132e+011 , 4.50445e-008 , 0
-3.50244e+011 , 4.51879e-008 , 0
-3.51356e+011 , 4.53314e-008 , 0
-3.52467e+011 , 4.54748e-008 , 0
-3.53579e+011 , 4.56183e-008 , 0
-3.54691e+011 , 4.57618e-008 , 0
-3.55803e+011 , 4.59052e-008 , 0
-3.56915e+011 , 4.60487e-008 , 0
-3.58027e+011 , 4.61921e-008 , 0
-3.59139e+011 , 4.63356e-008 , 0
-3.60251e+011 , 4.6479e-008 , 0
-3.61363e+011 , 4.66225e-008 , 0
-3.62474e+011 , 4.67659e-008 , 0
-3.63586e+011 , 4.69094e-008 , 0
-3.64698e+011 , 4.70528e-008 , 0
-3.6581e+011 , 4.71963e-008 , 0
-3.66922e+011 , 4.73397e-008 , 0
-3.68034e+011 , 4.74832e-008 , 0
-3.69146e+011 , 4.76266e-008 , 0
-3.70258e+011 , 4.77701e-008 , 0
-3.71369e+011 , 4.79136e-008 , 0
-3.72481e+011 , 4.8057e-008 , 0
-3.73593e+011 , 4.82005e-008 , 0
-3.74705e+011 , 4.83439e-008 , 0
-3.75817e+011 , 4.84874e-008 , 0
-3.76929e+011 , 4.86308e-008 , 0
-3.78041e+011 , 4.87743e-008 , 0
-3.79153e+011 , 4.89177e-008 , 0
-3.80265e+011 , 4.90612e-008 , 0
-3.81376e+011 , 4.92046e-008 , 0
-3.82488e+011 , 4.93481e-008 , 0
-3.836e+011 , 4.94915e-008 , 0
-3.84712e+011 , 4.9635e-008 , 0
-3.85824e+011 , 4.97785e-008 , 0
-3.86936e+011 , 4.99219e-008 , 0
-3.88048e+011 , 5.00654e-008 , 0
-3.8916e+011 , 5.02088e-008 , 0
-3.90272e+011 , 5.03523e-008 , 0
-3.91383e+011 , 5.04957e-008 , 0
-3.92495e+011 , 5.06392e-008 , 0
-3.93607e+011 , 5.07826e-008 , 0
-3.94719e+011 , 5.09261e-008 , 0
-3.95831e+011 , 5.10695e-008 , 0
-3.96943e+011 , 5.1213e-008 , 0
-3.98055e+011 , 5.13564e-008 , 0
-3.99167e+011 , 5.14999e-008 , 0
-4.00278e+011 , 5.16434e-008 , 0
-4.0139e+011 , 5.17868e-008 , 0
-4.02502e+011 , 5.19303e-008 , 0
-4.03614e+011 , 5.20737e-008 , 0
-4.04726e+011 , 5.22172e-008 , 0
-4.05838e+011 , 5.23606e-008 , 0
-4.0695e+011 , 5.25041e-008 , 0
-4.08062e+011 , 5.26475e-008 , 0
-4.09174e+011 , 5.2791e-008 , 0
-4.10285e+011 , 5.29344e-008 , 0
-4.11397e+011 , 5.30779e-008 , 0
-4.12509e+011 , 5.32213e-008 , 0
-4.13621e+011 , 5.33648e-008 , 0
-4.14733e+011 , 5.35083e-008 , 0
-4.15845e+011 , 5.36517e-008 , 0
-4.16957e+011 , 5.37952e-008 , 0
-4.18069e+011 , 5.39386e-008 , 0
-4.19181e+011 , 5.40821e-008 , 0
-4.20292e+011 , 5.42255e-008 , 0
-4.21404e+011 , 5.4369e-008 , 0
-4.22516e+011 , 5.45124e-008 , 0
-4.23628e+011 , 5.46559e-008 , 0
-4.2474e+011 , 5.47993e-008 , 0
-4.25852e+011 , 5.49428e-008 , 0
-4.26964e+011 , 5.50862e-008 , 0
-4.28076e+011 , 5.52297e-008 , 0
-4.29187e+011 , 5.53732e-008 , 0
-4.30299e+011 , 5.55166e-008 , 0
-4.31411e+011 , 5.56601e-008 , 0
-4.32523e+011 , 5.58035e-008 , 0
-4.33635e+011 , 5.5947e-008 , 0
-4.34747e+011 , 5.60904e-008 , 0
-4.35859e+011 , 5.62339e-008 , 0
-4.36971e+011 , 5.63773e-008 , 0
-4.38083e+011 , 5.65208e-008 , 0
-4.39194e+011 , 5.66642e-008 , 0
-4.40306e+011 , 5.68077e-008 , 0
-4.41418e+011 , 5.69511e-008 , 0
-4.4253e+011 , 5.70946e-008 , 0
-4.43642e+011 , 5.72381e-008 , 0
-4.44754e+011 , 5.73815e-008 , 0
-4.45866e+011 , 5.7525e-008 , 0
-4.46978e+011 , 5.76684e-008 , 0
-4.4809e+011 , 5.78119e-008 , 0
-4.49201e+011 , 5.79553e-008 , 0
-4.50313e+011 , 5.80988e-008 , 0
-4.51425e+011 , 5.82422e-008 , 0
-4.52537e+011 , 5.83857e-008 , 0
-4.53649e+011 , 5.85291e-008 , 0
-4.54761e+011 , 5.86726e-008 , 0
-4.55873e+011 , 5.8816e-008 , 0
-4.56985e+011 , 5.89595e-008 , 0
-4.58096e+011 , 5.9103e-008 , 0
-4.59208e+011 , 5.92464e-008 , 0
-4.6032e+011 , 5.93899e-008 , 0
-4.61432e+011 , 5.95333e-008 , 0
-4.62544e+011 , 5.96768e-008 , 0
-4.63656e+011 , 5.98202e-008 , 0
-4.64768e+011 , 5.99637e-008 , 0
-4.6588e+011 , 6.01071e-008 , 0
-4.66992e+011 , 6.02506e-008 , 0
-4.68103e+011 , 6.0394e-008 , 0
-4.69215e+011 , 6.05375e-008 , 0
-4.70327e+011 , 6.06809e-008 , 0
-4.71439e+011 , 6.08244e-008 , 0
-4.72551e+011 , 6.09678e-008 , 0
-4.73663e+011 , 6.11113e-008 , 0
-4.74775e+011 , 6.12548e-008 , 0
-4.75887e+011 , 6.13982e-008 , 0
-4.76999e+011 , 6.15417e-008 , 0
-4.7811e+011 , 6.16851e-008 , 0
-4.79222e+011 , 6.18286e-008 , 0
-4.80334e+011 , 6.1972e-008 , 0
-4.81446e+011 , 6.21155e-008 , 0
-4.82558e+011 , 6.22589e-008 , 0
-4.8367e+011 , 6.24024e-008 , 0
-4.84782e+011 , 6.25458e-008 , 0
-4.85894e+011 , 6.26893e-008 , 0
-4.87005e+011 , 6.28327e-008 , 0
-4.88117e+011 , 6.29762e-008 , 0
-4.89229e+011 , 6.31197e-008 , 0
-4.90341e+011 , 6.32631e-008 , 0
-4.91453e+011 , 6.34066e-008 , 0
-4.92565e+011 , 6.355e-008 , 0
-4.93677e+011 , 6.36935e-008 , 0
-4.94789e+011 , 6.38369e-008 , 0
-4.95901e+011 , 6.39804e-008 , 0
-4.97012e+011 , 6.41238e-008 , 0
-4.98124e+011 , 6.42673e-008 , 0
-4.99236e+011 , 6.44107e-008 , 0
-5.00348e+011 , 6.45542e-008 , 0
-5.0146e+011 , 6.46976e-008 , 0
-5.02572e+011 , 6.48411e-008 , 0
-5.03684e+011 , 6.49846e-008 , 0
-5.04796e+011 , 6.5128e-008 , 0
-5.05908e+011 , 6.52715e-008 , 0
-5.07019e+011 , 6.54149e-008 , 0
-5.08131e+011 , 6.55584e-008 , 0
-5.09243e+011 , 6.57018e-008 , 0
-5.10355e+011 , 6.58453e-008 , 0
-5.11467e+011 , 6.59887e-008 , 0
-5.12579e+011 , 6.61322e-008 , 0
-5.13691e+011 , 6.62756e-008 , 0
-5.14803e+011 , 6.64191e-008 , 0
-5.15914e+011 , 6.65625e-008 , 0
-5.17026e+011 , 6.6706e-008 , 0
-5.18138e+011 , 6.68495e-008 , 0
-5.1925e+011 , 6.69929e-008 , 0
-5.20362e+011 , 6.71364e-008 , 0
-5.21474e+011 , 6.72798e-008 , 0
-5.22586e+011 , 6.74233e-008 , 0
-5.23698e+011 , 6.75667e-008 , 0
-5.2481e+011 , 6.77102e-008 , 0
-5.25921e+011 , 6.78536e-008 , 0
-5.27033e+011 , 6.79971e-008 , 0
-5.28145e+011 , 6.81405e-008 , 0
-5.29257e+011 , 6.8284e-008 , 0
-5.30369e+011 , 6.84274e-008 , 0
-5.31481e+011 , 6.85709e-008 , 0
-5.32593e+011 , 6.87144e-008 , 0
-5.33705e+011 , 6.88578e-008 , 0
-5.34817e+011 , 6.90013e-008 , 0
-5.35928e+011 , 6.91447e-008 , 0
-5.3704e+011 , 6.92882e-008 , 0
-5.38152e+011 , 6.94316e-008 , 0
-5.39264e+011 , 6.95751e-008 , 0
-5.40376e+011 , 6.97185e-008 , 0
-5.41488e+011 , 6.9862e-008 , 0
-5.426e+011 , 7.00054e-008 , 0
-5.43712e+011 , 7.01489e-008 , 0
-5.44823e+011 , 7.02923e-008 , 0
-5.45935e+011 , 7.04358e-008 , 0
-5.47047e+011 , 7.05793e-008 , 0
-5.48159e+011 , 7.07227e-008 , 0
-5.49271e+011 , 7.08662e-008 , 0
-5.50383e+011 , 7.10096e-008 , 0
-5.51495e+011 , 7.11531e-008 , 0
-5.52607e+011 , 7.12965e-008 , 0
-5.53719e+011 , 7.144e-008 , 0
-5.5483e+011 , 7.15834e-008 , 0
-5.55942e+011 , 7.17269e-008 , 0
-5.57054e+011 , 7.18703e-008 , 0
-5.58166e+011 , 7.20138e-008 , 0
-5.59278e+011 , 7.21572e-008 , 0
-5.6039e+011 , 7.23007e-008 , 0
-5.61502e+011 , 7.24442e-008 , 0
-5.62614e+011 , 7.25876e-008 , 0
-5.63726e+011 , 7.27311e-008 , 0
-5.64837e+011 , 7.28745e-008 , 0
-5.65949e+011 , 7.3018e-008 , 0
-5.67061e+011 , 7.31614e-008 , 0
-5.68173e+011 , 7.33049e-008 , 0
-5.69285e+011 , 7.34483e-008 , 0
-5.70397e+011 , 7.35918e-008 , 0
-5.71509e+011 , 7.37352e-008 , 0
-5.72621e+011 , 7.38787e-008 , 0
-5.73732e+011 , 7.40221e-008 , 0
-5.74844e+011 , 7.41656e-008 , 0
-5.75956e+011 , 7.43091e-008 , 0
-5.77068e+011 , 7.44525e-008 , 0
-5.7818e+011 , 7.4596e-008 , 0
-5.79292e+011 , 7.47394e-008 , 0
-5.80404e+011 , 7.48829e-008 , 0
-5.81516e+011 , 7.50263e-008 , 0
-5.82628e+011 , 7.51698e-008 , 0
-5.83739e+011 , 7.53132e-008 , 0
-5.84851e+011 , 7.54567e-008 , 0
-5.85963e+011 , 7.56001e-008 , 0
-5.87075e+011 , 7.57436e-008 , 0
-5.88187e+011 , 7.5887e-008 , 0
-5.89299e+011 , 7.60305e-008 , 0
-5.90411e+011 , 7.61739e-008 , 0
-5.91523e+011 , 7.63174e-008 , 0
-5.92635e+011 , 7.64609e-008 , 0
-5.93746e+011 , 7.66043e-008 , 0
-5.94858e+011 , 7.67478e-008 , 0
-5.9597e+011 , 7.68912e-008 , 0
-5.97082e+011 , 7.70347e-008 , 0
-5.98194e+011 , 7.71781e-008 , 0
-5.99306e+011 , 7.73216e-008 , 0
-6.00418e+011 , 7.7465e-008 , 0
-6.0153e+011 , 7.76085e-008 , 0
-6.02641e+011 , 7.77519e-008 , 0
-6.03753e+011 , 7.78954e-008 , 0
-6.04865e+011 , 7.80388e-008 , 0
-6.05977e+011 , 7.81823e-008 , 0
-6.07089e+011 , 7.83258e-008 , 0
-6.08201e+011 , 7.84692e-008 , 0
-6.09313e+011 , 7.86127e-008 , 0
-6.10425e+011 , 7.87561e-008 , 0
-6.11537e+011 , 7.88996e-008 , 0
-6.12648e+011 , 7.9043e-008 , 0
-6.1376e+011 , 7.91865e-008 , 0
-6.14872e+011 , 7.93299e-008 , 0
-6.15984e+011 , 7.94734e-008 , 0
-6.17096e+011 , 7.96168e-008 , 0
-6.18208e+011 , 7.97603e-008 , 0
-6.1932e+011 , 7.99037e-008 , 0
-6.20432e+011 , 8.00472e-008 , 0
-6.21544e+011 , 8.01907e-008 , 0
-6.22655e+011 , 8.03341e-008 , 0
-6.23767e+011 , 8.04776e-008 , 0
-6.24879e+011 , 8.0621e-008 , 0
-6.25991e+011 , 8.07645e-008 , 0
-6.27103e+011 , 8.09079e-008 , 0
-6.28215e+011 , 8.10514e-008 , 0
-6.29327e+011 , 8.11948e-008 , 0
-6.30439e+011 , 8.13383e-008 , 0
-6.3155e+011 , 8.14817e-008 , 0
-6.32662e+011 , 8.16252e-008 , 0
-6.33774e+011 , 8.17686e-008 , 0
-6.34886e+011 , 8.19121e-008 , 0
-6.35998e+011 , 8.20556e-008 , 0
-6.3711e+011 , 8.2199e-008 , 0
-6.38222e+011 , 8.23425e-008 , 0
-6.39334e+011 , 8.24859e-008 , 0
-6.40446e+011 , 8.26294e-008 , 0
-6.41557e+011 , 8.27728e-008 , 0
-6.42669e+011 , 8.29163e-008 , 0
-6.43781e+011 , 8.30597e-008 , 0
-6.44893e+011 , 8.32032e-008 , 0
-6.46005e+011 , 8.33466e-008 , 0
-6.47117e+011 , 8.34901e-008 , 0
-6.48229e+011 , 8.36335e-008 , 0
-6.49341e+011 , 8.3777e-008 , 0
-6.50453e+011 , 8.39205e-008 , 0
-6.51564e+011 , 8.40639e-008 , 0
-6.52676e+011 , 8.42074e-008 , 0
-6.53788e+011 , 8.43508e-008 , 0
-6.549e+011 , 8.44943e-008 , 0
-6.56012e+011 , 8.46377e-008 , 0
-6.57124e+011 , 8.47812e-008 , 0
-6.58236e+011 , 8.49246e-008 , 0
-6.59348e+011 , 8.50681e-008 , 0
-6.60459e+011 , 8.52115e-008 , 0
-6.61571e+011 , 8.5355e-008 , 0
-6.62683e+011 , 8.54984e-008 , 0
-6.63795e+011 , 8.56419e-008 , 0
-6.64907e+011 , 8.57854e-008 , 0
-6.66019e+011 , 8.59288e-008 , 0
-6.67131e+011 , 8.60723e-008 , 0
-6.68243e+011 , 8.62157e-008 , 0
-6.69355e+011 , 8.63592e-008 , 0
-6.70466e+011 , 8.65026e-008 , 0
-6.71578e+011 , 8.66461e-008 , 0
-6.7269e+011 , 8.67895e-008 , 0
-6.73802e+011 , 8.6933e-008 , 0
-6.74914e+011 , 8.70764e-008 , 0
-6.76026e+011 , 8.72199e-008 , 0
-6.77138e+011 , 8.73633e-008 , 0
-6.7825e+011 , 8.75068e-008 , 0
-6.79362e+011 , 8.76503e-008 , 0
-6.80473e+011 , 8.77937e-008 , 0
-6.81585e+011 , 8.79372e-008 , 0
-6.82697e+011 , 8.80806e-008 , 0
-6.83809e+011 , 8.82241e-008 , 0
-6.84921e+011 , 8.83675e-008 , 0
-6.86033e+011 , 8.8511e-008 , 0
-6.87145e+011 , 8.86544e-008 , 0
-6.88257e+011 , 8.87979e-008 , 0
-6.89368e+011 , 8.89413e-008 , 0
-6.9048e+011 , 8.90848e-008 , 0
-6.91592e+011 , 8.92282e-008 , 0
-6.92704e+011 , 8.93717e-008 , 0
-6.93816e+011 , 8.95151e-008 , 0
-6.94928e+011 , 8.96586e-008 , 0
-6.9604e+011 , 8.98021e-008 , 0
-6.97152e+011 , 8.99455e-008 , 0
-6.98264e+011 , 9.0089e-008 , 0
-6.99375e+011 , 9.02324e-008 , 0
-7.00487e+011 , 9.03759e-008 , 0
-7.01599e+011 , 9.05193e-008 , 0
-7.02711e+011 , 9.06628e-008 , 0
-7.03823e+011 , 9.08062e-008 , 0
-7.04935e+011 , 9.09497e-008 , 0
-7.06047e+011 , 9.10931e-008 , 0
-7.07159e+011 , 9.12366e-008 , 0
-7.08271e+011 , 9.138e-008 , 0
-7.09382e+011 , 9.15235e-008 , 0
-7.10494e+011 , 9.1667e-008 , 0
-7.11606e+011 , 9.18104e-008 , 0
-7.12718e+011 , 9.19539e-008 , 0
-7.1383e+011 , 9.20973e-008 , 0
-7.14942e+011 , 9.22408e-008 , 0
-7.16054e+011 , 9.23842e-008 , 0
-7.17166e+011 , 9.25277e-008 , 0
-7.18277e+011 , 9.26711e-008 , 0
-7.19389e+011 , 9.28146e-008 , 0
-7.20501e+011 , 9.2958e-008 , 0
-7.21613e+011 , 9.31015e-008 , 0
-7.22725e+011 , 9.32449e-008 , 0
-7.23837e+011 , 9.33884e-008 , 0
-7.24949e+011 , 9.35319e-008 , 0
-7.26061e+011 , 9.36753e-008 , 0
-7.27173e+011 , 9.38188e-008 , 0
-7.28284e+011 , 9.39622e-008 , 0
-7.29396e+011 , 9.41057e-008 , 0
-7.30508e+011 , 9.42491e-008 , 0
-7.3162e+011 , 9.43926e-008 , 0
-7.32732e+011 , 9.4536e-008 , 0
-7.33844e+011 , 9.46795e-008 , 0
-7.34956e+011 , 9.48229e-008 , 0
-7.36068e+011 , 9.49664e-008 , 0
-7.3718e+011 , 9.51098e-008 , 0
-7.38291e+011 , 9.52533e-008 , 0
-7.39403e+011 , 9.53968e-008 , 0
-7.40515e+011 , 9.55402e-008 , 0
-7.41627e+011 , 9.56837e-008 , 0
-7.42739e+011 , 9.58271e-008 , 0
-7.43851e+011 , 9.59706e-008 , 0
-7.44963e+011 , 9.6114e-008 , 0
-7.46075e+011 , 9.62575e-008 , 0
-7.47186e+011 , 9.64009e-008 , 0
-7.48298e+011 , 9.65444e-008 , 0
-7.4941e+011 , 9.66878e-008 , 0
-7.50522e+011 , 9.68313e-008 , 0
-7.51634e+011 , 9.69747e-008 , 0
-7.52746e+011 , 9.71182e-008 , 0
-7.53858e+011 , 9.72617e-008 , 0
-7.5497e+011 , 9.74051e-008 , 0
-7.56082e+011 , 9.75486e-008 , 0
-7.57193e+011 , 9.7692e-008 , 0
-7.58305e+011 , 9.78355e-008 , 0
-7.59417e+011 , 9.79789e-008 , 0
-7.60529e+011 , 9.81224e-008 , 0
-7.61641e+011 , 9.82658e-008 , 0
-7.62753e+011 , 9.84093e-008 , 0
-7.63865e+011 , 9.85527e-008 , 0
-7.64977e+011 , 9.86962e-008 , 0
-7.66089e+011 , 9.88396e-008 , 0
-7.672e+011 , 9.89831e-008 , 0
-7.68312e+011 , 9.91266e-008 , 0
-7.69424e+011 , 9.927e-008 , 0
-7.70536e+011 , 9.94135e-008 , 0
-7.71648e+011 , 9.95569e-008 , 0
-7.7276e+011 , 9.97004e-008 , 0
-7.73872e+011 , 9.98438e-008 , 0
-7.74984e+011 , 9.99873e-008 , 0
-7.76095e+011 , 1.00131e-007 , 0
-7.77207e+011 , 1.00274e-007 , 0
-7.78319e+011 , 1.00418e-007 , 0
-7.79431e+011 , 1.00561e-007 , 0
-7.80543e+011 , 1.00705e-007 , 0
-7.81655e+011 , 1.00848e-007 , 0
-7.82767e+011 , 1.00991e-007 , 0
-7.83879e+011 , 1.01135e-007 , 0
-7.84991e+011 , 1.01278e-007 , 0
-7.86102e+011 , 1.01422e-007 , 0
-7.87214e+011 , 1.01565e-007 , 0
-7.88326e+011 , 1.01709e-007 , 0
-7.89438e+011 , 1.01852e-007 , 0
-7.9055e+011 , 1.01996e-007 , 0
-7.91662e+011 , 1.02139e-007 , 0
-7.92774e+011 , 1.02283e-007 , 0
-7.93886e+011 , 1.02426e-007 , 0
-7.94998e+011 , 1.02569e-007 , 0
-7.96109e+011 , 1.02713e-007 , 0
-7.97221e+011 , 1.02856e-007 , 0
-7.98333e+011 , 1.03e-007 , 0
-7.99445e+011 , 1.03143e-007 , 0
-8.00557e+011 , 1.03287e-007 , 0
-8.01669e+011 , 1.0343e-007 , 0
-8.02781e+011 , 1.03574e-007 , 0
-8.03893e+011 , 1.03717e-007 , 0
-8.05004e+011 , 1.03861e-007 , 0
-8.06116e+011 , 1.04004e-007 , 0
-8.07228e+011 , 1.04147e-007 , 0
-8.0834e+011 , 1.04291e-007 , 0
-8.09452e+011 , 1.04434e-007 , 0
-8.10564e+011 , 1.04578e-007 , 0
-8.11676e+011 , 1.04721e-007 , 0
-8.12788e+011 , 1.04865e-007 , 0
-8.139e+011 , 1.05008e-007 , 0
-8.15011e+011 , 1.05152e-007 , 0
-8.16123e+011 , 1.05295e-007 , 0
-8.17235e+011 , 1.05439e-007 , 0
-8.18347e+011 , 1.05582e-007 , 0
-8.19459e+011 , 1.05725e-007 , 0
-8.20571e+011 , 1.05869e-007 , 0
-8.21683e+011 , 1.06012e-007 , 0
-8.22795e+011 , 1.06156e-007 , 0
-8.23907e+011 , 1.06299e-007 , 0
-8.25018e+011 , 1.06443e-007 , 0
-8.2613e+011 , 1.06586e-007 , 0
-8.27242e+011 , 1.0673e-007 , 0
-8.28354e+011 , 1.06873e-007 , 0
-8.29466e+011 , 1.07017e-007 , 0
-8.30578e+011 , 1.0716e-007 , 0
-8.3169e+011 , 1.07303e-007 , 0
-8.32802e+011 , 1.07447e-007 , 0
-8.33913e+011 , 1.0759e-007 , 0
-8.35025e+011 , 1.07734e-007 , 0
-8.36137e+011 , 1.07877e-007 , 0
-8.37249e+011 , 1.08021e-007 , 0
-8.38361e+011 , 1.08164e-007 , 0
-8.39473e+011 , 1.08308e-007 , 0
-8.40585e+011 , 1.08451e-007 , 0
-8.41697e+011 , 1.08594e-007 , 0
-8.42809e+011 , 1.08738e-007 , 0
-8.4392e+011 , 1.08881e-007 , 0
-8.45032e+011 , 1.09025e-007 , 0
-8.46144e+011 , 1.09168e-007 , 0
-8.47256e+011 , 1.09312e-007 , 0
-8.48368e+011 , 1.09455e-007 , 0
-8.4948e+011 , 1.09599e-007 , 0
-8.50592e+011 , 1.09742e-007 , 0
-8.51704e+011 , 1.09886e-007 , 0
-8.52816e+011 , 1.10029e-007 , 0
-8.53927e+011 , 1.10172e-007 , 0
-8.55039e+011 , 1.10316e-007 , 0
-8.56151e+011 , 1.10459e-007 , 0
-8.57263e+011 , 1.10603e-007 , 0
-8.58375e+011 , 1.10746e-007 , 0
-8.59487e+011 , 1.1089e-007 , 0
-8.60599e+011 , 1.11033e-007 , 0
-8.61711e+011 , 1.11177e-007 , 0
-8.62823e+011 , 1.1132e-007 , 0
-8.63934e+011 , 1.11464e-007 , 0
-8.65046e+011 , 1.11607e-007 , 0
-8.66158e+011 , 1.1175e-007 , 0
-8.6727e+011 , 1.11894e-007 , 0
-8.68382e+011 , 1.12037e-007 , 0
-8.69494e+011 , 1.12181e-007 , 0
-8.70606e+011 , 1.12324e-007 , 0
-8.71718e+011 , 1.12468e-007 , 0
-8.72829e+011 , 1.12611e-007 , 0
-8.73941e+011 , 1.12755e-007 , 0
-8.75053e+011 , 1.12898e-007 , 0
-8.76165e+011 , 1.13042e-007 , 0
-8.77277e+011 , 1.13185e-007 , 0
-8.78389e+011 , 1.13328e-007 , 0
-8.79501e+011 , 1.13472e-007 , 0
-8.80613e+011 , 1.13615e-007 , 0
-8.81725e+011 , 1.13759e-007 , 0
-8.82836e+011 , 1.13902e-007 , 0
-8.83948e+011 , 1.14046e-007 , 0
-8.8506e+011 , 1.14189e-007 , 0
-8.86172e+011 , 1.14333e-007 , 0
-8.87284e+011 , 1.14476e-007 , 0
-8.88396e+011 , 1.1462e-007 , 0
-8.89508e+011 , 1.14763e-007 , 0
-8.9062e+011 , 1.14906e-007 , 0
-8.91732e+011 , 1.1505e-007 , 0
-8.92843e+011 , 1.15193e-007 , 0
-8.93955e+011 , 1.15337e-007 , 0
-8.95067e+011 , 1.1548e-007 , 0
-8.96179e+011 , 1.15624e-007 , 0
-8.97291e+011 , 1.15767e-007 , 0
-8.98403e+011 , 1.15911e-007 , 0
-8.99515e+011 , 1.16054e-007 , 0
-9.00627e+011 , 1.16198e-007 , 0
-9.01738e+011 , 1.16341e-007 , 0
-9.0285e+011 , 1.16484e-007 , 0
-9.03962e+011 , 1.16628e-007 , 0
-9.05074e+011 , 1.16771e-007 , 0
-9.06186e+011 , 1.16915e-007 , 0
-9.07298e+011 , 1.17058e-007 , 0
-9.0841e+011 , 1.17202e-007 , 0
-9.09522e+011 , 1.17345e-007 , 0
-9.10634e+011 , 1.17489e-007 , 0
-9.11745e+011 , 1.17632e-007 , 0
-9.12857e+011 , 1.17776e-007 , 0
-9.13969e+011 , 1.17919e-007 , 0
-9.15081e+011 , 1.18062e-007 , 0
-9.16193e+011 , 1.18206e-007 , 0
-9.17305e+011 , 1.18349e-007 , 0
-9.18417e+011 , 1.18493e-007 , 0
-9.19529e+011 , 1.18636e-007 , 0
-9.20641e+011 , 1.1878e-007 , 0
-9.21752e+011 , 1.18923e-007 , 0
-9.22864e+011 , 1.19067e-007 , 0
-9.23976e+011 , 1.1921e-007 , 0
-9.25088e+011 , 1.19354e-007 , 0
-9.262e+011 , 1.19497e-007 , 0
-9.27312e+011 , 1.1964e-007 , 0
-9.28424e+011 , 1.19784e-007 , 0
-9.29536e+011 , 1.19927e-007 , 0
-9.30647e+011 , 1.20071e-007 , 0
-9.31759e+011 , 1.20214e-007 , 0
-9.32871e+011 , 1.20358e-007 , 0
-9.33983e+011 , 1.20501e-007 , 0
-9.35095e+011 , 1.20645e-007 , 0
-9.36207e+011 , 1.20788e-007 , 0
-9.37319e+011 , 1.20932e-007 , 0
-9.38431e+011 , 1.21075e-007 , 0
-9.39543e+011 , 1.21218e-007 , 0
-9.40654e+011 , 1.21362e-007 , 0
-9.41766e+011 , 1.21505e-007 , 0
-9.42878e+011 , 1.21649e-007 , 0
-9.4399e+011 , 1.21792e-007 , 0
-9.45102e+011 , 1.21936e-007 , 0
-9.46214e+011 , 1.22079e-007 , 0
-9.47326e+011 , 1.22223e-007 , 0
-9.48438e+011 , 1.22366e-007 , 0
-9.4955e+011 , 1.2251e-007 , 0
-9.50661e+011 , 1.22653e-007 , 0
-9.51773e+011 , 1.22796e-007 , 0
-9.52885e+011 , 1.2294e-007 , 0
-9.53997e+011 , 1.23083e-007 , 0
-9.55109e+011 , 1.23227e-007 , 0
-9.56221e+011 , 1.2337e-007 , 0
-9.57333e+011 , 1.23514e-007 , 0
-9.58445e+011 , 1.23657e-007 , 0
-9.59556e+011 , 1.23801e-007 , 0
-9.60668e+011 , 1.23944e-007 , 0
-9.6178e+011 , 1.24088e-007 , 0
-9.62892e+011 , 1.24231e-007 , 0
-9.64004e+011 , 1.24374e-007 , 0
-9.65116e+011 , 1.24518e-007 , 0
-9.66228e+011 , 1.24661e-007 , 0
-9.6734e+011 , 1.24805e-007 , 0
-9.68452e+011 , 1.24948e-007 , 0
-9.69563e+011 , 1.25092e-007 , 0
-9.70675e+011 , 1.25235e-007 , 0
-9.71787e+011 , 1.25379e-007 , 0
-9.72899e+011 , 1.25522e-007 , 0
-9.74011e+011 , 1.25665e-007 , 0
-9.75123e+011 , 1.25809e-007 , 0
-9.76235e+011 , 1.25952e-007 , 0
-9.77347e+011 , 1.26096e-007 , 0
-9.78459e+011 , 1.26239e-007 , 0
-9.7957e+011 , 1.26383e-007 , 0
-9.80682e+011 , 1.26526e-007 , 0
-9.81794e+011 , 1.2667e-007 , 0
-9.82906e+011 , 1.26813e-007 , 0
-9.84018e+011 , 1.26957e-007 , 0
-9.8513e+011 , 1.271e-007 , 0
-9.86242e+011 , 1.27243e-007 , 0
-9.87354e+011 , 1.27387e-007 , 0
-9.88465e+011 , 1.2753e-007 , 0
-9.89577e+011 , 1.27674e-007 , 0
-9.90689e+011 , 1.27817e-007 , 0
-9.91801e+011 , 1.27961e-007 , 0
-9.92913e+011 , 1.28104e-007 , 0
-9.94025e+011 , 1.28248e-007 , 0
-9.95137e+011 , 1.28391e-007 , 0
-9.96249e+011 , 1.28535e-007 , 0
-9.97361e+011 , 1.28678e-007 , 0
-9.98472e+011 , 1.28821e-007 , 0
-9.99584e+011 , 1.28965e-007 , 0
-1.0007e+012 , 1.29108e-007 , 0
-1.00181e+012 , 1.29252e-007 , 0
-1.00292e+012 , 1.29395e-007 , 0
-1.00403e+012 , 1.29539e-007 , 0
-1.00514e+012 , 1.29682e-007 , 0
-1.00626e+012 , 1.29826e-007 , 0
-1.00737e+012 , 1.29969e-007 , 0
-1.00848e+012 , 1.30113e-007 , 0
-1.00959e+012 , 1.30256e-007 , 0
-1.0107e+012 , 1.30399e-007 , 0
-1.01182e+012 , 1.30543e-007 , 0
-1.01293e+012 , 1.30686e-007 , 0
-1.01404e+012 , 1.3083e-007 , 0
-1.01515e+012 , 1.30973e-007 , 0
-1.01626e+012 , 1.31117e-007 , 0
-1.01737e+012 , 1.3126e-007 , 0
-1.01849e+012 , 1.31404e-007 , 0
-1.0196e+012 , 1.31547e-007 , 0
-1.02071e+012 , 1.31691e-007 , 0
-1.02182e+012 , 1.31834e-007 , 0
-1.02293e+012 , 1.31977e-007 , 0
-1.02405e+012 , 1.32121e-007 , 0
-1.02516e+012 , 1.32264e-007 , 0
-1.02627e+012 , 1.32408e-007 , 0
-1.02738e+012 , 1.32551e-007 , 0
-1.02849e+012 , 1.32695e-007 , 0
-1.02961e+012 , 1.32838e-007 , 0
-1.03072e+012 , 1.32982e-007 , 0
-1.03183e+012 , 1.33125e-007 , 0
-1.03294e+012 , 1.33269e-007 , 0
-1.03405e+012 , 1.33412e-007 , 0
-1.03516e+012 , 1.33555e-007 , 0
-1.03628e+012 , 1.33699e-007 , 0
-1.03739e+012 , 1.33842e-007 , 0
-1.0385e+012 , 1.33986e-007 , 0
-1.03961e+012 , 1.34129e-007 , 0
-1.04072e+012 , 1.34273e-007 , 0
-1.04184e+012 , 1.34416e-007 , 0
-1.04295e+012 , 1.3456e-007 , 0
-1.04406e+012 , 1.34703e-007 , 0
-1.04517e+012 , 1.34847e-007 , 0
-1.04628e+012 , 1.3499e-007 , 0
-1.0474e+012 , 1.35133e-007 , 0
-1.04851e+012 , 1.35277e-007 , 0
-1.04962e+012 , 1.3542e-007 , 0
-1.05073e+012 , 1.35564e-007 , 0
-1.05184e+012 , 1.35707e-007 , 0
-1.05295e+012 , 1.35851e-007 , 0
-1.05407e+012 , 1.35994e-007 , 0
-1.05518e+012 , 1.36138e-007 , 0
-1.05629e+012 , 1.36281e-007 , 0
-1.0574e+012 , 1.36425e-007 , 0
-1.05851e+012 , 1.36568e-007 , 0
-1.05963e+012 , 1.36711e-007 , 0
-1.06074e+012 , 1.36855e-007 , 0
-1.06185e+012 , 1.36998e-007 , 0
-1.06296e+012 , 1.37142e-007 , 0
-1.06407e+012 , 1.37285e-007 , 0
-1.06519e+012 , 1.37429e-007 , 0
-1.0663e+012 , 1.37572e-007 , 0
-1.06741e+012 , 1.37716e-007 , 0
-1.06852e+012 , 1.37859e-007 , 0
-1.06963e+012 , 1.38003e-007 , 0
-1.07074e+012 , 1.38146e-007 , 0
-1.07186e+012 , 1.38289e-007 , 0
-1.07297e+012 , 1.38433e-007 , 0
-1.07408e+012 , 1.38576e-007 , 0
-1.07519e+012 , 1.3872e-007 , 0
-1.0763e+012 , 1.38863e-007 , 0
-1.07742e+012 , 1.39007e-007 , 0
-1.07853e+012 , 1.3915e-007 , 0
-1.07964e+012 , 1.39294e-007 , 0
-1.08075e+012 , 1.39437e-007 , 0
-1.08186e+012 , 1.39581e-007 , 0
-1.08298e+012 , 1.39724e-007 , 0
-1.08409e+012 , 1.39867e-007 , 0
-1.0852e+012 , 1.40011e-007 , 0
-1.08631e+012 , 1.40154e-007 , 0
-1.08742e+012 , 1.40298e-007 , 0
-1.08854e+012 , 1.40441e-007 , 0
-1.08965e+012 , 1.40585e-007 , 0
-1.09076e+012 , 1.40728e-007 , 0
-1.09187e+012 , 1.40872e-007 , 0
-1.09298e+012 , 1.41015e-007 , 0
-1.09409e+012 , 1.41159e-007 , 0
-1.09521e+012 , 1.41302e-007 , 0
-1.09632e+012 , 1.41445e-007 , 0
-1.09743e+012 , 1.41589e-007 , 0
-1.09854e+012 , 1.41732e-007 , 0
-1.09965e+012 , 1.41876e-007 , 0
-1.10077e+012 , 1.42019e-007 , 0
-1.10188e+012 , 1.42163e-007 , 0
-1.10299e+012 , 1.42306e-007 , 0
-1.1041e+012 , 1.4245e-007 , 0
-1.10521e+012 , 1.42593e-007 , 0
-1.10633e+012 , 1.42736e-007 , 0
-1.10744e+012 , 1.4288e-007 , 0
-1.10855e+012 , 1.43023e-007 , 0
-1.10966e+012 , 1.43167e-007 , 0
-1.11077e+012 , 1.4331e-007 , 0
-1.11188e+012 , 1.43454e-007 , 0
-1.113e+012 , 1.43597e-007 , 0
-1.11411e+012 , 1.43741e-007 , 0
-1.11522e+012 , 1.43884e-007 , 0
-1.11633e+012 , 1.44028e-007 , 0
-1.11744e+012 , 1.44171e-007 , 0
-1.11856e+012 , 1.44314e-007 , 0
-1.11967e+012 , 1.44458e-007 , 0
-1.12078e+012 , 1.44601e-007 , 0
-1.12189e+012 , 1.44745e-007 , 0
-1.123e+012 , 1.44888e-007 , 0
-1.12412e+012 , 1.45032e-007 , 0
-1.12523e+012 , 1.45175e-007 , 0
-1.12634e+012 , 1.45319e-007 , 0
-1.12745e+012 , 1.45462e-007 , 0
-1.12856e+012 , 1.45606e-007 , 0
-1.12967e+012 , 1.45749e-007 , 0
-1.13079e+012 , 1.45892e-007 , 0
-1.1319e+012 , 1.46036e-007 , 0
-1.13301e+012 , 1.46179e-007 , 0
-1.13412e+012 , 1.46323e-007 , 0
-1.13523e+012 , 1.46466e-007 , 0
-1.13635e+012 , 1.4661e-007 , 0
-1.13746e+012 , 1.46753e-007 , 0
-1.13857e+012 , 1.46897e-007 , 0
-1.13968e+012 , 1.4704e-007 , 0
-1.14079e+012 , 1.47184e-007 , 0
-1.14191e+012 , 1.47327e-007 , 0
-1.14302e+012 , 1.4747e-007 , 0
-1.14413e+012 , 1.47614e-007 , 0
-1.14524e+012 , 1.47757e-007 , 0
-1.14635e+012 , 1.47901e-007 , 0
-1.14746e+012 , 1.48044e-007 , 0
-1.14858e+012 , 1.48188e-007 , 0
-1.14969e+012 , 1.48331e-007 , 0
-1.1508e+012 , 1.48475e-007 , 0
-1.15191e+012 , 1.48618e-007 , 0
-1.15302e+012 , 1.48762e-007 , 0
-1.15414e+012 , 1.48905e-007 , 0
-1.15525e+012 , 1.49048e-007 , 0
-1.15636e+012 , 1.49192e-007 , 0
-1.15747e+012 , 1.49335e-007 , 0
-1.15858e+012 , 1.49479e-007 , 0
-1.1597e+012 , 1.49622e-007 , 0
-1.16081e+012 , 1.49766e-007 , 0
-1.16192e+012 , 1.49909e-007 , 0
-1.16303e+012 , 1.50053e-007 , 0
-1.16414e+012 , 1.50196e-007 , 0
-1.16526e+012 , 1.5034e-007 , 0
-1.16637e+012 , 1.50483e-007 , 0
-1.16748e+012 , 1.50626e-007 , 0
-1.16859e+012 , 1.5077e-007 , 0
-1.1697e+012 , 1.50913e-007 , 0
-1.17081e+012 , 1.51057e-007 , 0
-1.17193e+012 , 1.512e-007 , 0
-1.17304e+012 , 1.51344e-007 , 0
-1.17415e+012 , 1.51487e-007 , 0
-1.17526e+012 , 1.51631e-007 , 0
-1.17637e+012 , 1.51774e-007 , 0
-1.17749e+012 , 1.51918e-007 , 0
-1.1786e+012 , 1.52061e-007 , 0
-1.17971e+012 , 1.52204e-007 , 0
-1.18082e+012 , 1.52348e-007 , 0
-1.18193e+012 , 1.52491e-007 , 0
-1.18305e+012 , 1.52635e-007 , 0
-1.18416e+012 , 1.52778e-007 , 0
-1.18527e+012 , 1.52922e-007 , 0
-1.18638e+012 , 1.53065e-007 , 0
-1.18749e+012 , 1.53209e-007 , 0
-1.1886e+012 , 1.53352e-007 , 0
-1.18972e+012 , 1.53496e-007 , 0
-1.19083e+012 , 1.53639e-007 , 0
-1.19194e+012 , 1.53782e-007 , 0
-1.19305e+012 , 1.53926e-007 , 0
-1.19416e+012 , 1.54069e-007 , 0
-1.19528e+012 , 1.54213e-007 , 0
-1.19639e+012 , 1.54356e-007 , 0
-1.1975e+012 , 1.545e-007 , 0
-1.19861e+012 , 1.54643e-007 , 0
-1.19972e+012 , 1.54787e-007 , 0
-1.20084e+012 , 1.5493e-007 , 0
-1.20195e+012 , 1.55074e-007 , 0
-1.20306e+012 , 1.55217e-007 , 0
-1.20417e+012 , 1.5536e-007 , 0
-1.20528e+012 , 1.55504e-007 , 0
-1.20639e+012 , 1.55647e-007 , 0
-1.20751e+012 , 1.55791e-007 , 0
-1.20862e+012 , 1.55934e-007 , 0
-1.20973e+012 , 1.56078e-007 , 0
-1.21084e+012 , 1.56221e-007 , 0
-1.21195e+012 , 1.56365e-007 , 0
-1.21307e+012 , 1.56508e-007 , 0
-1.21418e+012 , 1.56652e-007 , 0
-1.21529e+012 , 1.56795e-007 , 0
-1.2164e+012 , 1.56938e-007 , 0
-1.21751e+012 , 1.57082e-007 , 0
-1.21863e+012 , 1.57225e-007 , 0
-1.21974e+012 , 1.57369e-007 , 0
-1.22085e+012 , 1.57512e-007 , 0
-1.22196e+012 , 1.57656e-007 , 0
-1.22307e+012 , 1.57799e-007 , 0
-1.22419e+012 , 1.57943e-007 , 0
-1.2253e+012 , 1.58086e-007 , 0
-1.22641e+012 , 1.5823e-007 , 0
-1.22752e+012 , 1.58373e-007 , 0
-1.22863e+012 , 1.58516e-007 , 0
-1.22974e+012 , 1.5866e-007 , 0
-1.23086e+012 , 1.58803e-007 , 0
-1.23197e+012 , 1.58947e-007 , 0
-1.23308e+012 , 1.5909e-007 , 0
-1.23419e+012 , 1.59234e-007 , 0
-1.2353e+012 , 1.59377e-007 , 0
-1.23642e+012 , 1.59521e-007 , 0
-1.23753e+012 , 1.59664e-007 , 0
-1.23864e+012 , 1.59807e-007 , 0
-1.23975e+012 , 1.59951e-007 , 0
-1.24086e+012 , 1.60094e-007 , 0
-1.24198e+012 , 1.60238e-007 , 0
-1.24309e+012 , 1.60381e-007 , 0
-1.2442e+012 , 1.60525e-007 , 0
-1.24531e+012 , 1.60668e-007 , 0
-1.24642e+012 , 1.60812e-007 , 0
-1.24753e+012 , 1.60955e-007 , 0
-1.24865e+012 , 1.61099e-007 , 0
-1.24976e+012 , 1.61242e-007 , 0
-1.25087e+012 , 1.61385e-007 , 0
-1.25198e+012 , 1.61529e-007 , 0
-1.25309e+012 , 1.61672e-007 , 0
-1.25421e+012 , 1.61816e-007 , 0
-1.25532e+012 , 1.61959e-007 , 0
-1.25643e+012 , 1.62103e-007 , 0
-1.25754e+012 , 1.62246e-007 , 0
-1.25865e+012 , 1.6239e-007 , 0
-1.25977e+012 , 1.62533e-007 , 0
-1.26088e+012 , 1.62677e-007 , 0
-1.26199e+012 , 1.6282e-007 , 0
-1.2631e+012 , 1.62963e-007 , 0
-1.26421e+012 , 1.63107e-007 , 0
-1.26532e+012 , 1.6325e-007 , 0
-1.26644e+012 , 1.63394e-007 , 0
-1.26755e+012 , 1.63537e-007 , 0
-1.26866e+012 , 1.63681e-007 , 0
-1.26977e+012 , 1.63824e-007 , 0
-1.27088e+012 , 1.63968e-007 , 0
-1.272e+012 , 1.64111e-007 , 0
-1.27311e+012 , 1.64255e-007 , 0
-1.27422e+012 , 1.64398e-007 , 0
-1.27533e+012 , 1.64541e-007 , 0
-1.27644e+012 , 1.64685e-007 , 0
-1.27756e+012 , 1.64828e-007 , 0
-1.27867e+012 , 1.64972e-007 , 0
-1.27978e+012 , 1.65115e-007 , 0
-1.28089e+012 , 1.65259e-007 , 0
-1.282e+012 , 1.65402e-007 , 0
-1.28311e+012 , 1.65546e-007 , 0
-1.28423e+012 , 1.65689e-007 , 0
-1.28534e+012 , 1.65833e-007 , 0
-1.28645e+012 , 1.65976e-007 , 0
-1.28756e+012 , 1.66119e-007 , 0
-1.28867e+012 , 1.66263e-007 , 0
-1.28979e+012 , 1.66406e-007 , 0
-1.2909e+012 , 1.6655e-007 , 0
-1.29201e+012 , 1.66693e-007 , 0
-1.29312e+012 , 1.66837e-007 , 0
-1.29423e+012 , 1.6698e-007 , 0
-1.29535e+012 , 1.67124e-007 , 0
-1.29646e+012 , 1.67267e-007 , 0
-1.29757e+012 , 1.67411e-007 , 0
-1.29868e+012 , 1.67554e-007 , 0
-1.29979e+012 , 1.67697e-007 , 0
-1.30091e+012 , 1.67841e-007 , 0
-1.30202e+012 , 1.67984e-007 , 0
-1.30313e+012 , 1.68128e-007 , 0
-1.30424e+012 , 1.68271e-007 , 0
-1.30535e+012 , 1.68415e-007 , 0
-1.30646e+012 , 1.68558e-007 , 0
-1.30758e+012 , 1.68702e-007 , 0
-1.30869e+012 , 1.68845e-007 , 0
-1.3098e+012 , 1.68989e-007 , 0
-1.31091e+012 , 1.69132e-007 , 0
-1.31202e+012 , 1.69275e-007 , 0
-1.31314e+012 , 1.69419e-007 , 0
-1.31425e+012 , 1.69562e-007 , 0
-1.31536e+012 , 1.69706e-007 , 0
-1.31647e+012 , 1.69849e-007 , 0
-1.31758e+012 , 1.69993e-007 , 0
-1.3187e+012 , 1.70136e-007 , 0
-1.31981e+012 , 1.7028e-007 , 0
-1.32092e+012 , 1.70423e-007 , 0
-1.32203e+012 , 1.70567e-007 , 0
-1.32314e+012 , 1.7071e-007 , 0
-1.32425e+012 , 1.70853e-007 , 0
-1.32537e+012 , 1.70997e-007 , 0
-1.32648e+012 , 1.7114e-007 , 0
-1.32759e+012 , 1.71284e-007 , 0
-1.3287e+012 , 1.71427e-007 , 0
-1.32981e+012 , 1.71571e-007 , 0
-1.33093e+012 , 1.71714e-007 , 0
-1.33204e+012 , 1.71858e-007 , 0
-1.33315e+012 , 1.72001e-007 , 0
-1.33426e+012 , 1.72145e-007 , 0
-1.33537e+012 , 1.72288e-007 , 0
-1.33649e+012 , 1.72431e-007 , 0
-1.3376e+012 , 1.72575e-007 , 0
-1.33871e+012 , 1.72718e-007 , 0
-1.33982e+012 , 1.72862e-007 , 0
-1.34093e+012 , 1.73005e-007 , 0
-1.34204e+012 , 1.73149e-007 , 0
-1.34316e+012 , 1.73292e-007 , 0
-1.34427e+012 , 1.73436e-007 , 0
-1.34538e+012 , 1.73579e-007 , 0
-1.34649e+012 , 1.73723e-007 , 0
-1.3476e+012 , 1.73866e-007 , 0
-1.34872e+012 , 1.74009e-007 , 0
-1.34983e+012 , 1.74153e-007 , 0
-1.35094e+012 , 1.74296e-007 , 0
-1.35205e+012 , 1.7444e-007 , 0
-1.35316e+012 , 1.74583e-007 , 0
-1.35428e+012 , 1.74727e-007 , 0
-1.35539e+012 , 1.7487e-007 , 0
-1.3565e+012 , 1.75014e-007 , 0
-1.35761e+012 , 1.75157e-007 , 0
-1.35872e+012 , 1.75301e-007 , 0
-1.35983e+012 , 1.75444e-007 , 0
-1.36095e+012 , 1.75587e-007 , 0
-1.36206e+012 , 1.75731e-007 , 0
-1.36317e+012 , 1.75874e-007 , 0
-1.36428e+012 , 1.76018e-007 , 0
-1.36539e+012 , 1.76161e-007 , 0
-1.36651e+012 , 1.76305e-007 , 0
-1.36762e+012 , 1.76448e-007 , 0
-1.36873e+012 , 1.76592e-007 , 0
-1.36984e+012 , 1.76735e-007 , 0
-1.37095e+012 , 1.76878e-007 , 0
-1.37207e+012 , 1.77022e-007 , 0
-1.37318e+012 , 1.77165e-007 , 0
-1.37429e+012 , 1.77309e-007 , 0
-1.3754e+012 , 1.77452e-007 , 0
-1.37651e+012 , 1.77596e-007 , 0
-1.37763e+012 , 1.77739e-007 , 0
-1.37874e+012 , 1.77883e-007 , 0
-1.37985e+012 , 1.78026e-007 , 0
-1.38096e+012 , 1.7817e-007 , 0
-1.38207e+012 , 1.78313e-007 , 0
-1.38318e+012 , 1.78456e-007 , 0
-1.3843e+012 , 1.786e-007 , 0
-1.38541e+012 , 1.78743e-007 , 0
-1.38652e+012 , 1.78887e-007 , 0
-1.38763e+012 , 1.7903e-007 , 0
-1.38874e+012 , 1.79174e-007 , 0
-1.38986e+012 , 1.79317e-007 , 0
-1.39097e+012 , 1.79461e-007 , 0
-1.39208e+012 , 1.79604e-007 , 0
-1.39319e+012 , 1.79748e-007 , 0
-1.3943e+012 , 1.79891e-007 , 0
-1.39542e+012 , 1.80034e-007 , 0
-1.39653e+012 , 1.80178e-007 , 0
-1.39764e+012 , 1.80321e-007 , 0
-1.39875e+012 , 1.80465e-007 , 0
-1.39986e+012 , 1.80608e-007 , 0
-1.40097e+012 , 1.80752e-007 , 0
-1.40209e+012 , 1.80895e-007 , 0
-1.4032e+012 , 1.81039e-007 , 0
-1.40431e+012 , 1.81182e-007 , 0
-1.40542e+012 , 1.81326e-007 , 0
-1.40653e+012 , 1.81469e-007 , 0
-1.40765e+012 , 1.81612e-007 , 0
-1.40876e+012 , 1.81756e-007 , 0
-1.40987e+012 , 1.81899e-007 , 0
-1.41098e+012 , 1.82043e-007 , 0
-1.41209e+012 , 1.82186e-007 , 0
-1.41321e+012 , 1.8233e-007 , 0
-1.41432e+012 , 1.82473e-007 , 0
-1.41543e+012 , 1.82617e-007 , 0
-1.41654e+012 , 1.8276e-007 , 0
-1.41765e+012 , 1.82904e-007 , 0
-1.41876e+012 , 1.83047e-007 , 0
-1.41988e+012 , 1.8319e-007 , 0
-1.42099e+012 , 1.83334e-007 , 0
-1.4221e+012 , 1.83477e-007 , 0
-1.42321e+012 , 1.83621e-007 , 0
-1.42432e+012 , 1.83764e-007 , 0
-1.42544e+012 , 1.83908e-007 , 0
-1.42655e+012 , 1.84051e-007 , 0
-1.42766e+012 , 1.84195e-007 , 0
-1.42877e+012 , 1.84338e-007 , 0
-1.42988e+012 , 1.84482e-007 , 0
-1.431e+012 , 1.84625e-007 , 0
-1.43211e+012 , 1.84768e-007 , 0
-1.43322e+012 , 1.84912e-007 , 0
-1.43433e+012 , 1.85055e-007 , 0
-1.43544e+012 , 1.85199e-007 , 0
-1.43655e+012 , 1.85342e-007 , 0
-1.43767e+012 , 1.85486e-007 , 0
-1.43878e+012 , 1.85629e-007 , 0
-1.43989e+012 , 1.85773e-007 , 0
-1.441e+012 , 1.85916e-007 , 0
-1.44211e+012 , 1.8606e-007 , 0
-1.44323e+012 , 1.86203e-007 , 0
-1.44434e+012 , 1.86346e-007 , 0
-1.44545e+012 , 1.8649e-007 , 0
-1.44656e+012 , 1.86633e-007 , 0
-1.44767e+012 , 1.86777e-007 , 0
-1.44879e+012 , 1.8692e-007 , 0
-1.4499e+012 , 1.87064e-007 , 0
-1.45101e+012 , 1.87207e-007 , 0
-1.45212e+012 , 1.87351e-007 , 0
-1.45323e+012 , 1.87494e-007 , 0
-1.45435e+012 , 1.87638e-007 , 0
-1.45546e+012 , 1.87781e-007 , 0
-1.45657e+012 , 1.87924e-007 , 0
-1.45768e+012 , 1.88068e-007 , 0
-1.45879e+012 , 1.88211e-007 , 0
-1.4599e+012 , 1.88355e-007 , 0
-1.46102e+012 , 1.88498e-007 , 0
-1.46213e+012 , 1.88642e-007 , 0
-1.46324e+012 , 1.88785e-007 , 0
-1.46435e+012 , 1.88929e-007 , 0
-1.46546e+012 , 1.89072e-007 , 0
-1.46658e+012 , 1.89216e-007 , 0
-1.46769e+012 , 1.89359e-007 , 0
-1.4688e+012 , 1.89502e-007 , 0
-1.46991e+012 , 1.89646e-007 , 0
-1.47102e+012 , 1.89789e-007 , 0
-1.47214e+012 , 1.89933e-007 , 0
-1.47325e+012 , 1.90076e-007 , 0
-1.47436e+012 , 1.9022e-007 , 0
-1.47547e+012 , 1.90363e-007 , 0
-1.47658e+012 , 1.90507e-007 , 0
-1.47769e+012 , 1.9065e-007 , 0
-1.47881e+012 , 1.90794e-007 , 0
-1.47992e+012 , 1.90937e-007 , 0
-1.48103e+012 , 1.9108e-007 , 0
-1.48214e+012 , 1.91224e-007 , 0
-1.48325e+012 , 1.91367e-007 , 0
-1.48437e+012 , 1.91511e-007 , 0
-1.48548e+012 , 1.91654e-007 , 0
-1.48659e+012 , 1.91798e-007 , 0
-1.4877e+012 , 1.91941e-007 , 0
-1.48881e+012 , 1.92085e-007 , 0
-1.48993e+012 , 1.92228e-007 , 0
-1.49104e+012 , 1.92371e-007 , 0
-1.49215e+012 , 1.92515e-007 , 0
-1.49326e+012 , 1.92658e-007 , 0
-1.49437e+012 , 1.92802e-007 , 0
-1.49548e+012 , 1.92945e-007 , 0
-1.4966e+012 , 1.93089e-007 , 0
-1.49771e+012 , 1.93232e-007 , 0
-1.49882e+012 , 1.93376e-007 , 0
-1.49993e+012 , 1.93519e-007 , 0
-1.50104e+012 , 1.93663e-007 , 0
-1.50216e+012 , 1.93806e-007 , 0
-1.50327e+012 , 1.93949e-007 , 0
-1.50438e+012 , 1.94093e-007 , 0
-1.50549e+012 , 1.94236e-007 , 0
-1.5066e+012 , 1.9438e-007 , 0
-1.50772e+012 , 1.94523e-007 , 0
-1.50883e+012 , 1.94667e-007 , 0
-1.50994e+012 , 1.9481e-007 , 0
-1.51105e+012 , 1.94954e-007 , 0
-1.51216e+012 , 1.95097e-007 , 0
-1.51328e+012 , 1.95241e-007 , 0
-1.51439e+012 , 1.95384e-007 , 0
-1.5155e+012 , 1.95527e-007 , 0
-1.51661e+012 , 1.95671e-007 , 0
-1.51772e+012 , 1.95814e-007 , 0
-1.51883e+012 , 1.95958e-007 , 0
-1.51995e+012 , 1.96101e-007 , 0
-1.52106e+012 , 1.96245e-007 , 0
-1.52217e+012 , 1.96388e-007 , 0
-1.52328e+012 , 1.96532e-007 , 0
-1.52439e+012 , 1.96675e-007 , 0
-1.52551e+012 , 1.96819e-007 , 0
-1.52662e+012 , 1.96962e-007 , 0
-1.52773e+012 , 1.97105e-007 , 0
-1.52884e+012 , 1.97249e-007 , 0
-1.52995e+012 , 1.97392e-007 , 0
-1.53107e+012 , 1.97536e-007 , 0
-1.53218e+012 , 1.97679e-007 , 0
-1.53329e+012 , 1.97823e-007 , 0
-1.5344e+012 , 1.97966e-007 , 0
-1.53551e+012 , 1.9811e-007 , 0
-1.53662e+012 , 1.98253e-007 , 0
-1.53774e+012 , 1.98397e-007 , 0
-1.53885e+012 , 1.9854e-007 , 0
-1.53996e+012 , 1.98683e-007 , 0
-1.54107e+012 , 1.98827e-007 , 0
-1.54218e+012 , 1.9897e-007 , 0
-1.5433e+012 , 1.99114e-007 , 0
-1.54441e+012 , 1.99257e-007 , 0
-1.54552e+012 , 1.99401e-007 , 0
-1.54663e+012 , 1.99544e-007 , 0
-1.54774e+012 , 1.99688e-007 , 0
-1.54886e+012 , 1.99831e-007 , 0
-1.54997e+012 , 1.99975e-007 , 0
-1.55108e+012 , 2.00118e-007 , 0
-1.55219e+012 , 2.00261e-007 , 0
-1.5533e+012 , 2.00405e-007 , 0
-1.55441e+012 , 2.00548e-007 , 0
-1.55553e+012 , 2.00692e-007 , 0
-1.55664e+012 , 2.00835e-007 , 0
-1.55775e+012 , 2.00979e-007 , 0
-1.55886e+012 , 2.01122e-007 , 0
-1.55997e+012 , 2.01266e-007 , 0
-1.56109e+012 , 2.01409e-007 , 0
-1.5622e+012 , 2.01553e-007 , 0
-1.56331e+012 , 2.01696e-007 , 0
-1.56442e+012 , 2.01839e-007 , 0
-1.56553e+012 , 2.01983e-007 , 0
-1.56665e+012 , 2.02126e-007 , 0
-1.56776e+012 , 2.0227e-007 , 0
-1.56887e+012 , 2.02413e-007 , 0
-1.56998e+012 , 2.02557e-007 , 0
-1.57109e+012 , 2.027e-007 , 0
-1.5722e+012 , 2.02844e-007 , 0
-1.57332e+012 , 2.02987e-007 , 0
-1.57443e+012 , 2.03131e-007 , 0
-1.57554e+012 , 2.03274e-007 , 0
-1.57665e+012 , 2.03417e-007 , 0
-1.57776e+012 , 2.03561e-007 , 0
-1.57888e+012 , 2.03704e-007 , 0
-1.57999e+012 , 2.03848e-007 , 0
-1.5811e+012 , 2.03991e-007 , 0
-1.58221e+012 , 2.04135e-007 , 0
-1.58332e+012 , 2.04278e-007 , 0
-1.58444e+012 , 2.04422e-007 , 0
-1.58555e+012 , 2.04565e-007 , 0
-1.58666e+012 , 2.04709e-007 , 0
-1.58777e+012 , 2.04852e-007 , 0
-1.58888e+012 , 2.04995e-007 , 0
-1.59e+012 , 2.05139e-007 , 0
-1.59111e+012 , 2.05282e-007 , 0
-1.59222e+012 , 2.05426e-007 , 0
-1.59333e+012 , 2.05569e-007 , 0
-1.59444e+012 , 2.05713e-007 , 0
-1.59555e+012 , 2.05856e-007 , 0
-1.59667e+012 , 2.06e-007 , 0
-1.59778e+012 , 2.06143e-007 , 0
-1.59889e+012 , 2.06287e-007 , 0
-1.6e+012 , 2.0643e-007 , 0
-1.60111e+012 , 2.06573e-007 , 0
-1.60223e+012 , 2.06717e-007 , 0
-1.60334e+012 , 2.0686e-007 , 0
-1.60445e+012 , 2.07004e-007 , 0
-1.60556e+012 , 2.07147e-007 , 0
-1.60667e+012 , 2.07291e-007 , 0
-1.60779e+012 , 2.07434e-007 , 0
-1.6089e+012 , 2.07578e-007 , 0
-1.61001e+012 , 2.07721e-007 , 0
-1.61112e+012 , 2.07865e-007 , 0
-1.61223e+012 , 2.08008e-007 , 0
-1.61334e+012 , 2.08151e-007 , 0
-1.61446e+012 , 2.08295e-007 , 0
-1.61557e+012 , 2.08438e-007 , 0
-1.61668e+012 , 2.08582e-007 , 0
-1.61779e+012 , 2.08725e-007 , 0
-1.6189e+012 , 2.08869e-007 , 0
-1.62002e+012 , 2.09012e-007 , 0
-1.62113e+012 , 2.09156e-007 , 0
-1.62224e+012 , 2.09299e-007 , 0
-1.62335e+012 , 2.09442e-007 , 0
-1.62446e+012 , 2.09586e-007 , 0
-1.62558e+012 , 2.09729e-007 , 0
-1.62669e+012 , 2.09873e-007 , 0
-1.6278e+012 , 2.10016e-007 , 0
-1.62891e+012 , 2.1016e-007 , 0
-1.63002e+012 , 2.10303e-007 , 0
-1.63113e+012 , 2.10447e-007 , 0
-1.63225e+012 , 2.1059e-007 , 0
-1.63336e+012 , 2.10734e-007 , 0
-1.63447e+012 , 2.10877e-007 , 0
-1.63558e+012 , 2.1102e-007 , 0
-1.63669e+012 , 2.11164e-007 , 0
-1.63781e+012 , 2.11307e-007 , 0
-1.63892e+012 , 2.11451e-007 , 0
-1.64003e+012 , 2.11594e-007 , 0
-1.64114e+012 , 2.11738e-007 , 0
-1.64225e+012 , 2.11881e-007 , 0
-1.64337e+012 , 2.12025e-007 , 0
-1.64448e+012 , 2.12168e-007 , 0
-1.64559e+012 , 2.12312e-007 , 0
-1.6467e+012 , 2.12455e-007 , 0
-1.64781e+012 , 2.12598e-007 , 0
-1.64892e+012 , 2.12742e-007 , 0
-1.65004e+012 , 2.12885e-007 , 0
-1.65115e+012 , 2.13029e-007 , 0
-1.65226e+012 , 2.13172e-007 , 0
-1.65337e+012 , 2.13316e-007 , 0
-1.65448e+012 , 2.13459e-007 , 0
-1.6556e+012 , 2.13603e-007 , 0
-1.65671e+012 , 2.13746e-007 , 0
-1.65782e+012 , 2.1389e-007 , 0
-1.65893e+012 , 2.14033e-007 , 0
-1.66004e+012 , 2.14176e-007 , 0
-1.66116e+012 , 2.1432e-007 , 0
-1.66227e+012 , 2.14463e-007 , 0
-1.66338e+012 , 2.14607e-007 , 0
-1.66449e+012 , 2.1475e-007 , 0
-1.6656e+012 , 2.14894e-007 , 0
-1.66672e+012 , 2.15037e-007 , 0
-1.66783e+012 , 2.15181e-007 , 0
-1.66894e+012 , 2.15324e-007 , 0
-1.67005e+012 , 2.15468e-007 , 0
-1.67116e+012 , 2.15611e-007 , 0
-1.67227e+012 , 2.15754e-007 , 0
-1.67339e+012 , 2.15898e-007 , 0
-1.6745e+012 , 2.16041e-007 , 0
-1.67561e+012 , 2.16185e-007 , 0
-1.67672e+012 , 2.16328e-007 , 0
-1.67783e+012 , 2.16472e-007 , 0
-1.67895e+012 , 2.16615e-007 , 0
-1.68006e+012 , 2.16759e-007 , 0
-1.68117e+012 , 2.16902e-007 , 0
-1.68228e+012 , 2.17046e-007 , 0
-1.68339e+012 , 2.17189e-007 , 0
-1.68451e+012 , 2.17332e-007 , 0
-1.68562e+012 , 2.17476e-007 , 0
-1.68673e+012 , 2.17619e-007 , 0
-1.68784e+012 , 2.17763e-007 , 0
-1.68895e+012 , 2.17906e-007 , 0
-1.69006e+012 , 2.1805e-007 , 0
-1.69118e+012 , 2.18193e-007 , 0
-1.69229e+012 , 2.18337e-007 , 0
-1.6934e+012 , 2.1848e-007 , 0
-1.69451e+012 , 2.18624e-007 , 0
-1.69562e+012 , 2.18767e-007 , 0
-1.69674e+012 , 2.1891e-007 , 0
-1.69785e+012 , 2.19054e-007 , 0
-1.69896e+012 , 2.19197e-007 , 0
-1.70007e+012 , 2.19341e-007 , 0
-1.70118e+012 , 2.19484e-007 , 0
-1.7023e+012 , 2.19628e-007 , 0
-1.70341e+012 , 2.19771e-007 , 0
-1.70452e+012 , 2.19915e-007 , 0
-1.70563e+012 , 2.20058e-007 , 0
-1.70674e+012 , 2.20202e-007 , 0
-1.70785e+012 , 2.20345e-007 , 0
-1.70897e+012 , 2.20488e-007 , 0
-1.71008e+012 , 2.20632e-007 , 0
-1.71119e+012 , 2.20775e-007 , 0
-1.7123e+012 , 2.20919e-007 , 0
-1.71341e+012 , 2.21062e-007 , 0
-1.71453e+012 , 2.21206e-007 , 0
-1.71564e+012 , 2.21349e-007 , 0
-1.71675e+012 , 2.21493e-007 , 0
-1.71786e+012 , 2.21636e-007 , 0
-1.71897e+012 , 2.2178e-007 , 0
-1.72009e+012 , 2.21923e-007 , 0
-1.7212e+012 , 2.22066e-007 , 0
-1.72231e+012 , 2.2221e-007 , 0
-1.72342e+012 , 2.22353e-007 , 0
-1.72453e+012 , 2.22497e-007 , 0
-1.72565e+012 , 2.2264e-007 , 0
-1.72676e+012 , 2.22784e-007 , 0
-1.72787e+012 , 2.22927e-007 , 0
-1.72898e+012 , 2.23071e-007 , 0
-1.73009e+012 , 2.23214e-007 , 0
-1.7312e+012 , 2.23358e-007 , 0
-1.73232e+012 , 2.23501e-007 , 0
-1.73343e+012 , 2.23644e-007 , 0
-1.73454e+012 , 2.23788e-007 , 0
-1.73565e+012 , 2.23931e-007 , 0
-1.73676e+012 , 2.24075e-007 , 0
-1.73788e+012 , 2.24218e-007 , 0
-1.73899e+012 , 2.24362e-007 , 0
-1.7401e+012 , 2.24505e-007 , 0
-1.74121e+012 , 2.24649e-007 , 0
-1.74232e+012 , 2.24792e-007 , 0
-1.74344e+012 , 2.24936e-007 , 0
-1.74455e+012 , 2.25079e-007 , 0
-1.74566e+012 , 2.25222e-007 , 0
-1.74677e+012 , 2.25366e-007 , 0
-1.74788e+012 , 2.25509e-007 , 0
-1.74899e+012 , 2.25653e-007 , 0
-1.75011e+012 , 2.25796e-007 , 0
-1.75122e+012 , 2.2594e-007 , 0
-1.75233e+012 , 2.26083e-007 , 0
-1.75344e+012 , 2.26227e-007 , 0
-1.75455e+012 , 2.2637e-007 , 0
-1.75567e+012 , 2.26513e-007 , 0
-1.75678e+012 , 2.26657e-007 , 0
-1.75789e+012 , 2.268e-007 , 0
-1.759e+012 , 2.26944e-007 , 0
-1.76011e+012 , 2.27087e-007 , 0
-1.76123e+012 , 2.27231e-007 , 0
-1.76234e+012 , 2.27374e-007 , 0
-1.76345e+012 , 2.27518e-007 , 0
-1.76456e+012 , 2.27661e-007 , 0
-1.76567e+012 , 2.27805e-007 , 0
-1.76678e+012 , 2.27948e-007 , 0
-1.7679e+012 , 2.28091e-007 , 0
-1.76901e+012 , 2.28235e-007 , 0
-1.77012e+012 , 2.28378e-007 , 0
-1.77123e+012 , 2.28522e-007 , 0
-1.77234e+012 , 2.28665e-007 , 0
-1.77346e+012 , 2.28809e-007 , 0
-1.77457e+012 , 2.28952e-007 , 0
-1.77568e+012 , 2.29096e-007 , 0
-1.77679e+012 , 2.29239e-007 , 0
-1.7779e+012 , 2.29383e-007 , 0
-1.77902e+012 , 2.29526e-007 , 0
-1.78013e+012 , 2.29669e-007 , 0
-1.78124e+012 , 2.29813e-007 , 0
-1.78235e+012 , 2.29956e-007 , 0
-1.78346e+012 , 2.301e-007 , 0
-1.78457e+012 , 2.30243e-007 , 0
-1.78569e+012 , 2.30387e-007 , 0
-1.7868e+012 , 2.3053e-007 , 0
-1.78791e+012 , 2.30674e-007 , 0
-1.78902e+012 , 2.30817e-007 , 0
-1.79013e+012 , 2.30961e-007 , 0
-1.79125e+012 , 2.31104e-007 , 0
-1.79236e+012 , 2.31247e-007 , 0
-1.79347e+012 , 2.31391e-007 , 0
-1.79458e+012 , 2.31534e-007 , 0
-1.79569e+012 , 2.31678e-007 , 0
-1.79681e+012 , 2.31821e-007 , 0
-1.79792e+012 , 2.31965e-007 , 0
-1.79903e+012 , 2.32108e-007 , 0
-1.80014e+012 , 2.32252e-007 , 0
-1.80125e+012 , 2.32395e-007 , 0
-1.80237e+012 , 2.32539e-007 , 0
-1.80348e+012 , 2.32682e-007 , 0
-1.80459e+012 , 2.32825e-007 , 0
-1.8057e+012 , 2.32969e-007 , 0
-1.80681e+012 , 2.33112e-007 , 0
-1.80792e+012 , 2.33256e-007 , 0
-1.80904e+012 , 2.33399e-007 , 0
-1.81015e+012 , 2.33543e-007 , 0
-1.81126e+012 , 2.33686e-007 , 0
-1.81237e+012 , 2.3383e-007 , 0
-1.81348e+012 , 2.33973e-007 , 0
-1.8146e+012 , 2.34117e-007 , 0
-1.81571e+012 , 2.3426e-007 , 0
-1.81682e+012 , 2.34403e-007 , 0
-1.81793e+012 , 2.34547e-007 , 0
-1.81904e+012 , 2.3469e-007 , 0
-1.82016e+012 , 2.34834e-007 , 0
-1.82127e+012 , 2.34977e-007 , 0
-1.82238e+012 , 2.35121e-007 , 0
-1.82349e+012 , 2.35264e-007 , 0
-1.8246e+012 , 2.35408e-007 , 0
-1.82571e+012 , 2.35551e-007 , 0
-1.82683e+012 , 2.35695e-007 , 0
-1.82794e+012 , 2.35838e-007 , 0
-1.82905e+012 , 2.35981e-007 , 0
-1.83016e+012 , 2.36125e-007 , 0
-1.83127e+012 , 2.36268e-007 , 0
-1.83239e+012 , 2.36412e-007 , 0
-1.8335e+012 , 2.36555e-007 , 0
-1.83461e+012 , 2.36699e-007 , 0
-1.83572e+012 , 2.36842e-007 , 0
-1.83683e+012 , 2.36986e-007 , 0
-1.83795e+012 , 2.37129e-007 , 0
-1.83906e+012 , 2.37273e-007 , 0
-1.84017e+012 , 2.37416e-007 , 0
-1.84128e+012 , 2.37559e-007 , 0
-1.84239e+012 , 2.37703e-007 , 0
-1.8435e+012 , 2.37846e-007 , 0
-1.84462e+012 , 2.3799e-007 , 0
-1.84573e+012 , 2.38133e-007 , 0
-1.84684e+012 , 2.38277e-007 , 0
-1.84795e+012 , 2.3842e-007 , 0
-1.84906e+012 , 2.38564e-007 , 0
-1.85018e+012 , 2.38707e-007 , 0
-1.85129e+012 , 2.38851e-007 , 0
-1.8524e+012 , 2.38994e-007 , 0
-1.85351e+012 , 2.39137e-007 , 0
-1.85462e+012 , 2.39281e-007 , 0
-1.85574e+012 , 2.39424e-007 , 0
-1.85685e+012 , 2.39568e-007 , 0
-1.85796e+012 , 2.39711e-007 , 0
-1.85907e+012 , 2.39855e-007 , 0
-1.86018e+012 , 2.39998e-007 , 0
-1.86129e+012 , 2.40142e-007 , 0
-1.86241e+012 , 2.40285e-007 , 0
-1.86352e+012 , 2.40429e-007 , 0
-1.86463e+012 , 2.40572e-007 , 0
-1.86574e+012 , 2.40715e-007 , 0
-1.86685e+012 , 2.40859e-007 , 0
-1.86797e+012 , 2.41002e-007 , 0
-1.86908e+012 , 2.41146e-007 , 0
-1.87019e+012 , 2.41289e-007 , 0
-1.8713e+012 , 2.41433e-007 , 0
-1.87241e+012 , 2.41576e-007 , 0
-1.87353e+012 , 2.4172e-007 , 0
-1.87464e+012 , 2.41863e-007 , 0
-1.87575e+012 , 2.42007e-007 , 0
-1.87686e+012 , 2.4215e-007 , 0
-1.87797e+012 , 2.42293e-007 , 0
-1.87909e+012 , 2.42437e-007 , 0
-1.8802e+012 , 2.4258e-007 , 0
-1.88131e+012 , 2.42724e-007 , 0
-1.88242e+012 , 2.42867e-007 , 0
-1.88353e+012 , 2.43011e-007 , 0
-1.88464e+012 , 2.43154e-007 , 0
-1.88576e+012 , 2.43298e-007 , 0
-1.88687e+012 , 2.43441e-007 , 0
-1.88798e+012 , 2.43584e-007 , 0
-1.88909e+012 , 2.43728e-007 , 0
-1.8902e+012 , 2.43871e-007 , 0
-1.89132e+012 , 2.44015e-007 , 0
-1.89243e+012 , 2.44158e-007 , 0
-1.89354e+012 , 2.44302e-007 , 0
-1.89465e+012 , 2.44445e-007 , 0
-1.89576e+012 , 2.44589e-007 , 0
-1.89688e+012 , 2.44732e-007 , 0
-1.89799e+012 , 2.44876e-007 , 0
-1.8991e+012 , 2.45019e-007 , 0
-1.90021e+012 , 2.45162e-007 , 0
-1.90132e+012 , 2.45306e-007 , 0
-1.90243e+012 , 2.45449e-007 , 0
-1.90355e+012 , 2.45593e-007 , 0
-1.90466e+012 , 2.45736e-007 , 0
-1.90577e+012 , 2.4588e-007 , 0
-1.90688e+012 , 2.46023e-007 , 0
-1.90799e+012 , 2.46167e-007 , 0
-1.90911e+012 , 2.4631e-007 , 0
-1.91022e+012 , 2.46454e-007 , 0
-1.91133e+012 , 2.46597e-007 , 0
-1.91244e+012 , 2.4674e-007 , 0
-1.91355e+012 , 2.46884e-007 , 0
-1.91467e+012 , 2.47027e-007 , 0
-1.91578e+012 , 2.47171e-007 , 0
-1.91689e+012 , 2.47314e-007 , 0
-1.918e+012 , 2.47458e-007 , 0
-1.91911e+012 , 2.47601e-007 , 0
-1.92022e+012 , 2.47745e-007 , 0
-1.92134e+012 , 2.47888e-007 , 0
-1.92245e+012 , 2.48032e-007 , 0
-1.92356e+012 , 2.48175e-007 , 0
-1.92467e+012 , 2.48318e-007 , 0
-1.92578e+012 , 2.48462e-007 , 0
-1.9269e+012 , 2.48605e-007 , 0
-1.92801e+012 , 2.48749e-007 , 0
-1.92912e+012 , 2.48892e-007 , 0
-1.93023e+012 , 2.49036e-007 , 0
-1.93134e+012 , 2.49179e-007 , 0
-1.93246e+012 , 2.49323e-007 , 0
-1.93357e+012 , 2.49466e-007 , 0
-1.93468e+012 , 2.4961e-007 , 0
-1.93579e+012 , 2.49753e-007 , 0
-1.9369e+012 , 2.49896e-007 , 0
-1.93801e+012 , 2.5004e-007 , 0
-1.93913e+012 , 2.50183e-007 , 0
-1.94024e+012 , 2.50327e-007 , 0
-1.94135e+012 , 2.5047e-007 , 0
-1.94246e+012 , 2.50614e-007 , 0
-1.94357e+012 , 2.50757e-007 , 0
-1.94469e+012 , 2.50901e-007 , 0
-1.9458e+012 , 2.51044e-007 , 0
-1.94691e+012 , 2.51188e-007 , 0
-1.94802e+012 , 2.51331e-007 , 0
-1.94913e+012 , 2.51474e-007 , 0
-1.95025e+012 , 2.51618e-007 , 0
-1.95136e+012 , 2.51761e-007 , 0
-1.95247e+012 , 2.51905e-007 , 0
-1.95358e+012 , 2.52048e-007 , 0
-1.95469e+012 , 2.52192e-007 , 0
-1.95581e+012 , 2.52335e-007 , 0
-1.95692e+012 , 2.52479e-007 , 0
-1.95803e+012 , 2.52622e-007 , 0
-1.95914e+012 , 2.52766e-007 , 0
-1.96025e+012 , 2.52909e-007 , 0
-1.96136e+012 , 2.53052e-007 , 0
-1.96248e+012 , 2.53196e-007 , 0
-1.96359e+012 , 2.53339e-007 , 0
-1.9647e+012 , 2.53483e-007 , 0
-1.96581e+012 , 2.53626e-007 , 0
-1.96692e+012 , 2.5377e-007 , 0
-1.96804e+012 , 2.53913e-007 , 0
-1.96915e+012 , 2.54057e-007 , 0
-1.97026e+012 , 2.542e-007 , 0
-1.97137e+012 , 2.54344e-007 , 0
-1.97248e+012 , 2.54487e-007 , 0
-1.9736e+012 , 2.5463e-007 , 0
-1.97471e+012 , 2.54774e-007 , 0
-1.97582e+012 , 2.54917e-007 , 0
-1.97693e+012 , 2.55061e-007 , 0
-1.97804e+012 , 2.55204e-007 , 0
-1.97915e+012 , 2.55348e-007 , 0
-1.98027e+012 , 2.55491e-007 , 0
-1.98138e+012 , 2.55635e-007 , 0
-1.98249e+012 , 2.55778e-007 , 0
-1.9836e+012 , 2.55922e-007 , 0
-1.98471e+012 , 2.56065e-007 , 0
-1.98583e+012 , 2.56208e-007 , 0
-1.98694e+012 , 2.56352e-007 , 0
-1.98805e+012 , 2.56495e-007 , 0
-1.98916e+012 , 2.56639e-007 , 0
-1.99027e+012 , 2.56782e-007 , 0
-1.99139e+012 , 2.56926e-007 , 0
-1.9925e+012 , 2.57069e-007 , 0
-1.99361e+012 , 2.57213e-007 , 0
-1.99472e+012 , 2.57356e-007 , 0
-1.99583e+012 , 2.575e-007 , 0
-1.99694e+012 , 2.57643e-007 , 0
-1.99806e+012 , 2.57786e-007 , 0
-1.99917e+012 , 2.5793e-007 , 0
-2.00028e+012 , 2.58073e-007 , 0
-2.00139e+012 , 2.58217e-007 , 0
-2.0025e+012 , 2.5836e-007 , 0
-2.00362e+012 , 2.58504e-007 , 0
-2.00473e+012 , 2.58647e-007 , 0
-2.00584e+012 , 2.58791e-007 , 0
-2.00695e+012 , 2.58934e-007 , 0
-2.00806e+012 , 2.59077e-007 , 0
-2.00918e+012 , 2.59221e-007 , 0
-2.01029e+012 , 2.59364e-007 , 0
-2.0114e+012 , 2.59508e-007 , 0
-2.01251e+012 , 2.59651e-007 , 0
-2.01362e+012 , 2.59795e-007 , 0
-2.01474e+012 , 2.59938e-007 , 0
-2.01585e+012 , 2.60082e-007 , 0
-2.01696e+012 , 2.60225e-007 , 0
-2.01807e+012 , 2.60369e-007 , 0
-2.01918e+012 , 2.60512e-007 , 0
-2.02029e+012 , 2.60655e-007 , 0
-2.02141e+012 , 2.60799e-007 , 0
-2.02252e+012 , 2.60942e-007 , 0
-2.02363e+012 , 2.61086e-007 , 0
-2.02474e+012 , 2.61229e-007 , 0
-2.02585e+012 , 2.61373e-007 , 0
-2.02697e+012 , 2.61516e-007 , 0
-2.02808e+012 , 2.6166e-007 , 0
-2.02919e+012 , 2.61803e-007 , 0
-2.0303e+012 , 2.61947e-007 , 0
-2.03141e+012 , 2.6209e-007 , 0
-2.03253e+012 , 2.62233e-007 , 0
